0.000000
0.000031
-0.000031
0.000061
-0.000031
0.000000
0.000000
0.000000
0.000000
-0.000031
0.000000
0.000000
0.000000
0.000000
0.000000
-0.000031
0.000092
-0.000092
0.000000
0.000031
-0.000092
0.000092
-0.000092
0.000397
-0.000153
0.000092
0.000366
0.000854
-0.000122
0.010071
0.032196
0.007477
-0.009857
0.017242
0.018860
0.004791
0.002228
0.040863
0.085236
0.060211
0.038361
0.052032
0.056000
0.055420
0.045227
0.033508
0.026550
0.015350
0.009125
-0.003754
-0.019592
-0.024902
-0.033997
-0.034760
-0.029938
-0.032898
-0.028076
-0.022186
-0.021606
-0.017609
-0.016602
-0.016968
-0.017975
-0.015930
-0.018250
-0.020020
-0.016815
-0.014374
-0.013458
-0.016754
-0.016602
-0.016632
-0.015594
-0.015320
-0.016632
-0.014343
-0.014618
-0.014801
-0.015289
-0.015076
-0.013367
-0.015228
-0.014343
-0.013000
-0.012360
-0.011871
-0.011719
-0.010040
-0.009033
-0.007629
-0.008789
-0.010040
-0.009338
-0.008270
-0.006805
-0.007111
-0.006927
-0.007751
-0.007812
-0.006653
-0.007111
-0.005737
-0.006256
-0.005096
-0.003998
-0.004272
-0.002747
-0.003113
-0.002930
-0.003448
-0.003723
-0.003815
-0.004486
-0.003632
-0.003021
-0.002106
-0.002197
-0.002441
-0.002472
-0.003845
-0.003937
-0.004120
-0.003784
-0.003235
-0.003174
-0.002167
-0.002136
-0.001801
-0.009888
0.012085
-0.015442
0.019073
-0.027069
0.260712
0.417969
-0.567688
-0.317627
0.389893
0.123810
0.088348
0.530792
0.031097
-0.272064
0.382782
0.253571
-0.046875
-0.124268
-0.057953
-0.100708
-0.089264
-0.089569
-0.126343
-0.053253
-0.056183
0.014862
-0.055298
-0.107697
-0.006317
-0.046234
-0.031677
0.000458
-0.017670
0.006775
0.027313
-0.005981
-0.026093
-0.099609
-0.111786
-0.009064
-0.028687
-0.048096
-0.031464
-0.029755
-0.029541
-0.033661
-0.036438
-0.012268
0.004272
-0.006226
-0.018372
-0.015900
-0.002228
0.004822
0.002045
-0.001831
-0.012817
-0.018860
-0.014374
-0.014587
-0.006409
-0.010468
-0.010132
-0.015808
-0.014313
-0.010376
-0.000671
0.000793
-0.002899
-0.006409
-0.007568
-0.004089
-0.004425
0.000946
0.001923
-0.002777
-0.005310
-0.002747
-0.000977
0.002319
0.003113
0.001404
-0.005280
-0.006989
-0.006866
-0.003204
0.000458
0.003235
0.000763
-0.004333
-0.005859
-0.003082
0.001312
0.002808
0.002869
-0.002472
-0.003754
0.000244
0.004730
0.006622
0.006409
0.001587
-0.000885
-0.000946
0.000000
0.003235
0.004120
0.000519
-0.001465
-0.002289
-0.001892
0.003906
0.006104
0.001831
-0.000671
-0.000366
0.000458
0.003998
0.005402
0.002686
-0.000549
-0.001526
-0.001373
0.002228
0.003265
0.002777
0.002625