0.000031
0.000092
0.000092
0.000031
0.000061
0.000092
0.000000
0.000061
0.000092
0.000061
0.000092
0.000183
0.000031
0.000092
0.000031
0.000000
0.000092
0.000031
0.000000
0.000092
0.000092
0.000000
0.000153
0.000092
0.000519
0.000641
-0.001068
0.000671
0.001556
-0.000183
0.000122
0.002197
0.017517
0.025726
0.038513
0.039490
0.028687
-0.041565
-0.083740
0.025818
0.132843
0.176208
0.117920
0.057312
0.065277
0.063507
0.031494
-0.010193
-0.034973
-0.043304
-0.031586
-0.039734
-0.043060
-0.022919
-0.022186
-0.021240
-0.022003
-0.020203
-0.018097
-0.019073
-0.021057
-0.024902
-0.019043
-0.018372
-0.015625
-0.012543
-0.011505
-0.016022
-0.020050
-0.017944
-0.018677
-0.019562
-0.018524
-0.016907
-0.014435
-0.015198
-0.015106
-0.013763
-0.013123
-0.012421
-0.014282
-0.014221
-0.014740
-0.013977
-0.013153
-0.013062
-0.011749
-0.011169
-0.010071
-0.008484
-0.007904
-0.007599
-0.008026
-0.007599
-0.008209
-0.009338
-0.008667
-0.008026
-0.006287
-0.005646
-0.005676
-0.006012
-0.005829
-0.004852
-0.005127
-0.004425
-0.004425
-0.004761
-0.004517
-0.004517
-0.003174
-0.002869
-0.002289
-0.002075
-0.002167
-0.001984
-0.002167
-0.002350
-0.002686
-0.002411
-0.002533
-0.002686
-0.003143
-0.003021
-0.002350
-0.001923
-0.001740
-0.002167
-0.004944
0.008392
-0.013580
0.017426
0.018890
0.525421
0.011627
-0.722321
0.050049
0.370117
-0.001587
0.323303
0.614197
-0.289520
-0.020782
0.352631
0.044373
-0.049896
-0.117523
-0.103058
-0.125671
-0.032104
-0.137939
-0.079865
-0.071075
-0.061951
0.053284
-0.079498
-0.106842
0.001190
-0.032806
-0.058380
0.019043
-0.020355
0.031982
0.040131
-0.002838
0.009674
-0.133636
-0.114929
-0.015472
-0.051971
-0.073792
-0.024384
-0.036102
-0.023010
-0.012817
-0.038666
0.006012
0.008881
-0.016113
-0.021790
-0.016876
-0.006531
0.003937
-0.002991
-0.005463
-0.010773
-0.017242
-0.016083
-0.008362
-0.005768
-0.009308
-0.012421
-0.017029
-0.013794
-0.006317
0.003815
-0.002899
-0.001740
-0.007050
-0.007751
-0.007233
-0.003754
0.003479
0.000885
-0.005249
-0.005432
-0.001984
0.000702
0.004730
0.005676
-0.000793
-0.005219
-0.005981
-0.005280
-0.001282
0.001160
0.003967
-0.001984
-0.005829
-0.006622
-0.001678
0.002747
0.005585
0.002808
-0.003326
-0.002258
0.001129
0.005066
0.006989
0.004456
-0.001099
-0.001465
-0.001465
0.000488
0.005371
0.003754
-0.000122
-0.000702
-0.003571
-0.001343
0.004608
0.005554
0.002045
0.000610
-0.000488
0.000519
0.005005
0.004578
0.003693
0.001434
-0.001556
-0.000244
0.003387
0.003754
0.003296
0.003296