0.000031
0.000000
0.000092
0.000031
0.000092
0.000061
0.000031
0.000000
0.000061
0.000000
0.000061
0.000061
0.000000
0.000092
0.000000
0.000031
0.000122
0.000000
0.000214
-0.000092
0.000275
-0.000397
0.000946
-0.000397
0.001221
0.000885
0.033722
0.054260
-0.017242
-0.018707
0.020599
-0.001770
-0.010986
0.056244
0.123749
0.072845
0.028931
0.052429
0.038605
0.014832
0.011108
-0.005951
-0.005432
-0.000092
-0.014526
-0.014984
-0.004974
-0.000793
0.003723
0.007996
0.010681
0.007050
0.001007
-0.003448
-0.011597
-0.019867
-0.023499
-0.024597
-0.024200
-0.021881
-0.022369
-0.021698
-0.019714
-0.020447
-0.018494
-0.017792
-0.017578
-0.015564
-0.014313
-0.014648
-0.013824
-0.012054
-0.014130
-0.014191
-0.015320
-0.019257
-0.017578
-0.014709
-0.013245
-0.010895
-0.011139
-0.012299
-0.011414
-0.010651
-0.011292
-0.013062
-0.012054
-0.009125
-0.009155
-0.007935
-0.006348
-0.005432
-0.005219
-0.007080
-0.007355
-0.007172
-0.006927
-0.006439
-0.006317
-0.005981
-0.005188
-0.004395
-0.004883
-0.004181
-0.003204
-0.003082
-0.004364
-0.005646
-0.005371
-0.003876
-0.002930
-0.003174
-0.003967
-0.003876
-0.003418
-0.003601
-0.004425
-0.004333
-0.002930
-0.002716
-0.002930
-0.003082
-0.003265
-0.002960
-0.002350
-0.001526
-0.001190
-0.000122
-0.001740
0.003113
-0.005463
0.007996
-0.012207
0.015747
-0.000031
0.354431
0.069214
-0.510529
0.056763
0.318878
-0.018890
0.088745
0.402130
-0.079102
0.050751
0.399078
0.112244
-0.099640
-0.125397
-0.004517
-0.086914
-0.123840
-0.096863
-0.059906
-0.057617
-0.062653
-0.014984
-0.039276
-0.025543
-0.046326
-0.032410
-0.014404
-0.028381
-0.001709
-0.011719
-0.005890
-0.038910
-0.039368
-0.066895
-0.065338
-0.037537
-0.031952
-0.025909
-0.028107
-0.025543
-0.031433
-0.017242
-0.022034
-0.014069
-0.003021
-0.010590
-0.013336
-0.007324
-0.001801
0.001831
-0.002441
-0.007812
-0.013947
-0.011810
-0.012054
-0.009338
-0.010681
-0.011719
-0.010681
-0.013123
-0.008911
-0.007812
-0.001495
-0.001892
-0.001465
-0.003540
-0.001556
-0.000336
-0.001160
-0.000641
-0.003510
-0.007782
-0.007294
-0.005005
-0.003571
-0.003571
-0.001465
-0.003845
-0.006866
-0.005768
-0.004486
-0.001068
-0.000946
0.000519
-0.001953
-0.003113
-0.003357
-0.001129
0.001495
0.002167
0.000610
-0.002686
-0.000977
0.002350
0.003693
0.004181
0.003296
0.000793
0.001099
0.001129
0.001465
0.001953
0.001404
0.000366
0.000275
-0.000061
-0.000214
0.001892
0.002258
-0.000122
-0.000305
-0.000092
0.001282
0.002991
0.002777
0.000488
-0.001953
-0.002594
-0.001587
0.000977
0.000946