0.000000
-0.000092
0.000000
-0.000061
0.000000
0.000000
-0.000061
0.000000
0.000031
-0.000183
0.000275
-0.000458
0.000519
-0.000641
0.000610
-0.000488
0.000061
0.000305
0.000153
-0.000214
0.037445
0.109192
-0.041321
-0.020935
0.029572
-0.097260
0.083405
0.092743
0.055695
0.190735
0.124084
-0.021210
0.009460
0.070282
-0.039551
-0.086029
-0.024933
-0.007446
-0.041016
-0.029572
-0.001129
-0.013336
-0.007538
-0.012756
-0.005768
-0.002197
-0.007782
0.000336
0.000031
-0.000275
0.004150
0.007568
0.007751
-0.001007
-0.002625
-0.003479
-0.018188
-0.021790
-0.014557
-0.021576
-0.033722
-0.038391
-0.034424
-0.026306
-0.025085
-0.023651
-0.021210
-0.018494
-0.020386
-0.022522
-0.025696
-0.021973
-0.016785
-0.015747
-0.014984
-0.014252
-0.010681
-0.009613
-0.009613
-0.010651
-0.010956
-0.008057
-0.006744
-0.006561
-0.004395
-0.003723
-0.004822
-0.004822
-0.006073
-0.007080
-0.006653
-0.007446
-0.006470
-0.006439
-0.007019
-0.006073
-0.004974
-0.004425
-0.003693
-0.003784
-0.004944
-0.005493
-0.004700
-0.003418
-0.003479
-0.002777
-0.002838
-0.002777
-0.002686
-0.002289
-0.001770
-0.001587
-0.001068
-0.001129
-0.001495
-0.001007
-0.001556
-0.001099
-0.000763
-0.001068
-0.001251
-0.000427
0.001007
0.000519
0.000549
-0.000824
-0.000916
0.000061
0.003296
-0.004944
0.005920
-0.008057
0.009521
-0.011505
0.013824
-0.015686
0.212952
0.341248
-0.263123
-0.166718
-0.118805
0.090485
0.254150
0.062042
0.590271
0.376862
-0.195923
-0.019562
0.070892
-0.181244
-0.174255
-0.183228
-0.139832
0.041626
-0.129974
-0.036713
0.046783
-0.060577
-0.005585
-0.004242
-0.044464
-0.033691
-0.009949
-0.017914
0.010773
-0.063019
-0.002686
0.037903
-0.021027
0.019958
0.011658
-0.031036
-0.045441
-0.016754
-0.023132
-0.067749
-0.090393
-0.059509
-0.019928
-0.043579
-0.037567
-0.009064
0.000824
-0.013000
-0.027100
-0.009979
0.000366
-0.000885
-0.007690
-0.003387
-0.003876
-0.004578
0.001434
0.004974
0.008209
-0.004974
-0.010559
-0.013275
-0.009583
-0.003601
-0.005798
-0.006439
-0.007568
-0.011078
-0.013733
-0.007263
-0.004303
-0.004303
-0.003754
-0.006744
-0.004059
-0.003693
-0.003387
-0.002441
-0.004608
-0.006104
-0.007904
-0.007660
-0.004242
0.001038
0.001678
-0.000793
-0.004272
-0.004333
-0.000793
0.001678
0.003967
0.004120
0.002563
0.000580
0.000824
0.002716
0.004059
0.002960
0.000488
-0.001404
-0.001465
0.000336
0.001648
0.001862
0.000183
-0.002258
-0.003082
-0.001770
0.002563
0.007202
0.005463
0.002197
0.000854
-0.000366
0.000427
0.002380
0.001404
0.000702
0.001556
0.002716