-0.000031
0.000000
0.000000
-0.000031
0.000031
0.000000
-0.000061
0.000000
0.000000
0.000000
0.000061
0.000000
-0.000092
0.000000
-0.000031
0.000031
0.000000
0.000153
-0.000061
0.000183
-0.000610
0.000916
-0.000336
0.000336
-0.000061
0.010956
0.035614
0.046112
0.009491
-0.086578
-0.039001
0.049652
0.087341
0.117126
0.048859
0.040710
0.074554
0.062012
0.032898
0.035431
0.022247
-0.004395
0.005463
-0.005981
-0.010742
-0.009979
-0.012909
-0.017273
-0.026245
-0.018982
-0.009308
-0.013580
-0.017090
-0.012543
-0.020813
-0.021759
-0.007996
-0.007019
-0.013123
-0.014435
-0.015778
-0.019806
-0.015076
-0.014954
-0.018341
-0.017487
-0.019989
-0.018433
-0.016876
-0.020142
-0.022400
-0.019836
-0.018738
-0.017731
-0.016357
-0.017151
-0.014862
-0.015015
-0.014984
-0.013855
-0.013733
-0.012390
-0.013855
-0.013031
-0.012726
-0.011780
-0.011627
-0.012451
-0.011505
-0.011597
-0.011108
-0.010803
-0.009216
-0.008453
-0.008240
-0.007538
-0.007660
-0.005676
-0.005280
-0.005585
-0.006073
-0.005585
-0.004059
-0.004089
-0.003296
-0.003418
-0.003235
-0.003326
-0.004028
-0.003296
-0.002869
-0.002289
-0.002869
-0.003754
-0.003662
-0.003418
-0.001862
-0.001312
-0.001099
-0.000885
-0.001251
-0.000824
-0.000336
0.000397
0.000702
0.000610
0.000275
-0.000122
0.006287
-0.009033
0.012177
-0.018158
0.164307
0.410767
0.027985
-0.583527
-0.142670
0.462738
0.031616
0.350525
0.288788
0.005829
0.225769
0.021637
-0.014526
-0.108582
-0.114807
-0.150757
-0.091309
-0.115570
-0.120087
-0.021057
-0.083130
-0.032257
-0.053284
-0.003021
-0.031403
-0.029022
-0.011871
-0.009186
-0.004639
-0.010742
0.042694
0.007660
0.000549
-0.047913
-0.052826
-0.029541
-0.033112
-0.006439
0.006165
-0.002747
-0.037567
-0.018860
-0.038391
-0.077545
-0.054901
-0.024200
-0.013672
-0.030304
-0.028351
-0.012024
0.015106
-0.002075
-0.018921
-0.009125
-0.012848
-0.012421
-0.008972
-0.007385
-0.006958
-0.010864
-0.018250
-0.014221
-0.001404
0.000977
-0.001801
-0.007080
-0.011475
-0.009949
-0.008484
0.000183
0.001831
0.000793
-0.002258
-0.003510
-0.001862
0.001434
0.006165
0.002716
-0.003510
-0.009003
-0.010071
-0.006348
-0.001709
0.002472
0.002075
-0.004700
-0.009216
-0.006683
0.001373
0.002716
0.002533
-0.000641
-0.004181
-0.001648
0.002441
0.004395
0.004883
-0.000671
-0.006195
-0.004700
-0.001465
0.003448
0.006592
0.004547
-0.001434
-0.001678
-0.000153
0.003601
0.006897
0.006592
0.003510
0.000793
0.002350
0.006073
0.007996
0.006378
0.003448
0.000854
0.000214
0.002716
0.003937
0.004028
0.003510
0.002533