-0.000122
0.000153
0.000000
-0.000336
0.000793
-0.001892
0.002747
-0.004486
0.006470
-0.008820
0.011322
-0.001923
0.181641
0.114929
-0.057220
-0.073120
-0.232635
0.180817
0.122253
0.172485
0.398315
0.025726
-0.063416
0.129944
0.019836
-0.153442
-0.079834
-0.138092
-0.049347
-0.023193
-0.095154
0.002167
-0.017456
-0.019440
0.002991
-0.030212
-0.004456
-0.003265
-0.026093
-0.011200
-0.013885
-0.045959
0.017487
-0.001526
-0.011322
0.020111
0.001556
-0.010193
-0.014404
-0.021545
-0.023315
-0.005127
-0.022400
-0.020203
0.000916
0.003052
0.003784
0.005951
0.000183
-0.017334
-0.035400
-0.041260
-0.034515
-0.021667
-0.029816
-0.035156
-0.026733
-0.014130
-0.009430
-0.013000
-0.012482
-0.015015
-0.013550
-0.016357
-0.010529
-0.004639
-0.005707
-0.008270
-0.009979
-0.011475
-0.009369
-0.008240
-0.006866
-0.004456
-0.006104
-0.006836
-0.005432
-0.004730
-0.002716
-0.001312
-0.004944
-0.006653
-0.007019
-0.005951
-0.003723
-0.000397
0.000275
-0.001404
-0.005127
-0.005432
-0.002258
-0.000366
0.000824
-0.000122
-0.001190
-0.002045
-0.000427
0.001099
0.001923
0.000946
-0.001770
-0.002808
-0.001434
-0.000244
0.000946
0.001404
0.000092
-0.000580
0.000305
0.001282
0.003967
0.005768
0.004486
0.002960
0.002167
0.002563
0.003387
0.003845
-0.000122
0.000153
0.000000
-0.000336
0.000793
-0.001892
0.002747
-0.004486
0.006470
-0.008820
0.011322
-0.001923
0.181641
0.114929
-0.057220
-0.073120
-0.232635
0.180817
0.122253
0.172485
0.398315
0.025726
-0.063416
0.129944
0.019836
-0.153442
-0.079834
-0.138092
-0.049347
-0.023193
-0.095154
0.002167
-0.017456
-0.019440
0.002991
-0.030212
-0.004456
-0.003265
-0.026093
-0.011200
-0.013885
-0.045959
0.017487
-0.001526
-0.011322
0.020111
0.001556
-0.010193
-0.014404
-0.021545
-0.023315
-0.005127
-0.022400
-0.020203
0.000916
0.003052
0.003784
0.005951
0.000183
-0.017334
-0.035400
-0.041260
-0.034515
-0.021667
-0.029816
-0.035156
-0.026733
-0.014130
-0.009430
-0.013000
-0.012482
-0.015015
-0.013550
-0.016357
-0.010529
-0.004639
-0.005707
-0.008270
-0.009979
-0.011475
-0.009369
-0.008240
-0.006866
-0.004456
-0.006104
-0.006836
-0.005432
-0.004730
-0.002716
-0.001312
-0.004944
-0.006653
-0.007019
-0.005951
-0.003723
-0.000397
0.000275
-0.001404
-0.005127
-0.005432
-0.002258
-0.000366
0.000824
-0.000122
-0.001190
-0.002045
-0.000427
0.001099
0.001923
0.000946
-0.001770
-0.002808
-0.001434
-0.000244
0.000946
0.001404
0.000092
-0.000580
0.000305
0.001282
0.003967
0.005768
0.004486
0.002960
0.002167
0.002563
0.003387
0.003845