0.000000
-0.000031
0.000000
-0.000153
0.000366
-0.000336
0.000488
-0.000580
0.000336
-0.000275
-0.000061
0.000702
-0.000916
0.001038
0.025696
0.134857
0.040924
-0.017273
-0.090607
-0.096558
0.110138
0.083282
0.201599
0.217072
0.030609
0.020233
0.094452
0.000244
-0.081177
-0.084900
-0.080353
-0.016907
-0.055817
-0.052277
0.003082
-0.022400
-0.010864
-0.004761
-0.016144
-0.003784
-0.005829
-0.013885
-0.018860
-0.023712
-0.006714
0.005005
-0.007507
0.005463
0.004272
0.000610
-0.003204
-0.009918
-0.007568
-0.006317
-0.020416
-0.016815
0.005432
-0.006226
-0.020477
-0.011383
-0.008850
-0.012115
-0.025543
-0.032104
-0.022827
-0.021606
-0.021118
-0.020874
-0.019379
-0.025940
-0.024017
-0.019684
-0.016388
-0.015747
-0.018494
-0.016571
-0.015106
-0.012848
-0.012665
-0.009674
-0.008209
-0.011108
-0.013641
-0.010590
-0.008270
-0.006073
-0.003601
-0.003662
-0.003967
-0.003723
-0.003937
-0.002350
-0.002625
-0.004364
-0.004761
-0.005249
-0.005188
-0.003174
-0.000732
-0.000671
-0.002686
-0.004242
-0.004272
-0.003510
-0.001740
-0.000427
-0.000092
-0.000732
-0.000793
-0.000702
0.000427
0.000793
-0.000427
-0.001953
-0.002319
-0.000946
-0.000153
0.000977
0.001312
0.000458
-0.000305
-0.000488
0.000092
0.001984
0.003052
0.002502
0.002045
0.002167
-0.001648
0.002411
-0.003510
0.003967
-0.005066
0.005920
-0.006348
0.006897
-0.007690
0.109406
0.290009
-0.012115
-0.105591
-0.322205
0.026520
0.264587
0.135773
0.509125
0.205719
-0.139099
0.043365
0.090912
-0.184784
-0.125244
-0.160614
-0.119141
0.053741
-0.114258
-0.056824
0.029022
-0.040375
-0.010376
-0.041046
-0.018921
-0.000061
-0.028809
-0.031433
0.013092
-0.026245
-0.014038
0.010040
-0.017761
0.020813
-0.003784
-0.013733
-0.004822
-0.003754
-0.023865
-0.015778
-0.033569
-0.040009
-0.024994
-0.013428
0.026459
0.014069
-0.006439
-0.005646
-0.012909
-0.037170
-0.071899
-0.052521
-0.011078
-0.014038
-0.031372
-0.024017
-0.003357
0.001404
-0.002380
-0.017303
-0.008575
-0.011230
-0.014160
-0.004730
-0.002991
-0.002228
-0.005402
-0.012909
-0.013153
-0.005920
-0.005554
-0.001373
-0.004242
-0.009277
-0.008484
-0.005310
-0.002045
0.002625
-0.001404
-0.004181
-0.007599
-0.008240
-0.004730
-0.000397
0.001373
-0.001617
-0.005676
-0.009247
-0.006744
-0.003448
0.000519
0.000732
-0.000305
-0.001648
-0.000763
0.002319
0.004517
0.002655
-0.002228
-0.005463
-0.003906
0.000397
0.004639
0.005890
0.002441
-0.000519
-0.000824
0.000549
0.004425
0.007843
0.006317
0.003693
0.001923
0.001923
0.003021
0.004974
0.003662
0.002899
0.001526