0.000031
0.000000
0.000092
0.000031
0.000061
0.000031
0.000061
0.000000
0.000061
0.000031
0.000031
0.000061
0.000000
0.000061
0.000092
0.000000
0.000000
0.000061
0.000031
0.000153
-0.000031
0.000458
0.000275
0.000000
0.000000
-0.000092
0.011322
0.040283
0.014923
-0.029449
0.003998
-0.003021
-0.008667
0.051178
0.061920
0.051514
0.083984
0.101776
0.039185
0.021820
0.040070
-0.008179
-0.015137
0.022614
0.011261
-0.013855
-0.014984
-0.003906
0.007416
0.001801
-0.002014
-0.000458
-0.011108
-0.016815
-0.015045
-0.018372
-0.022095
-0.022858
-0.024536
-0.028259
-0.024261
-0.020752
-0.020264
-0.018921
-0.018036
-0.017151
-0.018036
-0.017670
-0.018829
-0.017914
-0.017395
-0.017426
-0.014343
-0.014862
-0.015137
-0.014069
-0.013092
-0.010468
-0.010223
-0.009705
-0.010345
-0.010071
-0.009033
-0.008636
-0.008545
-0.008972
-0.008179
-0.008881
-0.008026
-0.007050
-0.007294
-0.006989
-0.007233
-0.008209
-0.008453
-0.008270
-0.007599
-0.006653
-0.006226
-0.005676
-0.005524
-0.004974
-0.005707
-0.006165
-0.005981
-0.005829
-0.004486
-0.005005
-0.004272
-0.004181
-0.003510
-0.003021
-0.003967
-0.002808
-0.002686
-0.002686
-0.003113
-0.002563
-0.001984
-0.002380
-0.001831
-0.001495
-0.000183
-0.000336
0.000214
0.000732
0.000946
0.001587
-0.008362
0.011047
-0.014160
0.017456
-0.010193
0.400085
0.205170
-0.838593
-0.100739
0.315216
0.111511
0.201385
0.207397
0.787415
0.265228
-0.443939
-0.094910
0.120850
0.014954
0.034088
-0.170502
-0.137787
-0.087402
-0.188049
0.046997
-0.052917
-0.067841
0.028320
-0.008331
-0.002441
0.028137
-0.044922
-0.044189
-0.064697
-0.141541
-0.046753
-0.078613
-0.047821
-0.025574
-0.044617
-0.019653
-0.027344
-0.044983
-0.020477
-0.010223
-0.018494
0.004089
-0.011749
-0.007782
-0.008698
-0.017334
-0.002075
-0.005096
-0.014435
-0.015015
-0.017151
-0.014404
-0.016327
-0.016785
-0.008972
-0.010437
-0.014343
-0.003326
-0.004517
-0.003021
-0.002533
0.000336
0.000336
-0.004364
-0.004089
-0.003662
-0.002197
-0.002380
-0.001678
-0.006012
-0.005371
-0.004364
-0.001251
-0.001617
-0.001709
-0.003296
-0.004822
-0.003845
-0.002655
0.001862
0.002136
-0.000702
-0.000580
-0.004242
-0.004028
-0.000641
-0.000305
-0.002350
-0.006592
-0.005371
-0.002808
-0.000977
0.000793
0.000275
-0.003296
-0.005127
-0.005707
-0.000763
0.001099
0.001282
0.002533
0.002228
0.003357
0.002197
0.001770
0.002258
0.001801
0.001831
0.001984
0.002960
0.006378
0.006775
0.006500
0.006012
0.006195
0.006561
0.006317
0.007416
0.008484
0.007355
0.006042
0.005371
0.005341