0.000092
0.000092
0.000122
0.000092
0.000122
0.000183
0.000122
0.000122
0.000183
0.000092
0.000122
0.000092
0.000061
0.000122
0.000092
0.000092
0.000153
0.000122
0.000244
0.000092
0.000092
-0.000031
0.000061
-0.000061
0.000183
0.000031
0.008484
0.028809
0.006012
-0.023621
-0.018616
-0.007050
0.015869
0.025299
0.026550
0.037170
0.066498
0.079010
0.049744
0.034424
0.032532
0.022339
0.018890
0.007812
-0.007080
-0.001160
-0.000763
-0.006653
-0.000183
0.004333
-0.002472
-0.005249
-0.001526
-0.012726
-0.022522
-0.013245
-0.000519
0.006104
-0.000641
-0.007812
-0.010773
-0.014801
-0.015106
-0.015289
-0.014465
-0.014435
-0.014771
-0.015625
-0.015045
-0.013763
-0.015656
-0.017609
-0.017700
-0.014954
-0.012756
-0.012268
-0.012360
-0.010468
-0.008270
-0.007355
-0.007538
-0.009613
-0.010315
-0.011749
-0.011169
-0.011047
-0.010529
-0.009583
-0.010254
-0.010223
-0.010345
-0.009277
-0.010010
-0.011078
-0.010925
-0.009155
-0.007324
-0.007538
-0.008148
-0.008545
-0.007538
-0.007324
-0.008057
-0.009308
-0.009583
-0.007965
-0.006195
-0.005432
-0.004791
-0.003998
-0.002686
-0.002319
-0.003784
-0.005219
-0.006287
-0.006317
-0.005554
-0.004425
-0.003235
-0.001862
-0.000946
-0.001190
-0.001465
-0.001648
-0.001526
-0.002258
-0.003662
-0.004852
0.003754
-0.005585
0.007812
-0.010651
0.013245
-0.016602
0.020996
-0.024048
0.294189
0.176697
-0.740356
0.037262
0.206451
-0.084106
0.273438
0.030945
0.242889
0.565277
0.309998
-0.379303
-0.204651
0.147034
0.193054
0.174744
-0.210144
-0.196533
-0.016541
-0.043976
-0.123138
-0.015106
-0.080505
-0.074402
-0.025604
-0.088745
0.009674
-0.008759
-0.049133
-0.035339
-0.019867
-0.057312
-0.025543
-0.029419
-0.031036
0.002502
-0.017883
-0.019684
-0.016632
-0.022369
-0.023956
-0.012909
-0.003571
0.000366
-0.008270
-0.020508
-0.011200
-0.009064
-0.024109
-0.028534
-0.022217
-0.027191
-0.025818
-0.020111
-0.020264
0.015167
0.020813
0.005035
-0.008667
-0.021790
-0.014679
-0.010193
-0.014435
-0.018066
-0.013824
-0.005646
0.004150
0.008087
0.002319
-0.001099
-0.001709
-0.005524
-0.003601
-0.003235
-0.003510
-0.007904
-0.008026
-0.007599
-0.011963
-0.011658
-0.004883
0.000031
-0.001343
0.003052
0.009155
0.006958
0.004089
0.007477
0.008759
0.005920
-0.000153
-0.006592
-0.004822
0.000732
0.000000
0.002289
0.002075
0.001648
0.003143
0.005249
0.004608
0.004059
0.002838
-0.001160
-0.002106
-0.003723
-0.000885
0.000580
0.002319
0.005463
0.001801
-0.002228
0.000885
0.003876
0.005829
0.006165
0.002747
0.001678
0.002045
-0.000153