0.000000
0.000000
0.000061
-0.000031
0.000031
0.000000
-0.000031
0.000061
0.000061
0.000031
0.000214
-0.000031
0.000366
-0.000397
0.000732
-0.000610
0.000946
-0.000854
0.001465
0.000275
0.054474
0.073792
-0.088531
-0.061768
0.013733
-0.042877
0.051788
0.103455
0.096039
0.092529
0.096130
0.110657
0.065460
0.022888
-0.022400
-0.065704
-0.031250
0.021149
-0.033417
-0.047333
-0.016663
-0.012512
-0.017426
-0.022736
-0.011780
-0.002106
-0.008423
-0.024506
-0.008362
-0.007324
-0.017059
-0.023285
-0.025513
-0.014587
-0.009552
-0.013275
-0.011963
-0.009308
-0.007385
-0.005127
-0.006226
-0.004578
0.002228
0.001373
-0.004974
-0.009247
-0.014191
-0.012024
-0.006958
-0.007019
-0.003540
-0.003418
-0.006134
-0.005981
-0.009491
-0.010681
-0.016296
-0.019897
-0.018372
-0.013062
-0.007019
-0.001373
0.000000
-0.001892
-0.005341
-0.010559
-0.010986
-0.011932
-0.014618
-0.016388
-0.015808
-0.010834
-0.003693
-0.002930
-0.005829
-0.006531
-0.005585
-0.006165
-0.005920
-0.005829
-0.007874
-0.009003
-0.007721
-0.007629
-0.006866
-0.005951
-0.005981
-0.006836
-0.005798
-0.002991
-0.002441
-0.000916
-0.001526
-0.001709
-0.001831
-0.003143
-0.001923
-0.000946
-0.002258
-0.002960
-0.003296
-0.003937
-0.002594
0.000763
0.003021
0.002716
0.003723
0.002350
0.000610
-0.001099
0.001526
-0.002655
0.003571
-0.004883
0.005676
-0.007477
0.008636
-0.003326
0.229767
0.173767
-0.462799
-0.125732
0.049896
-0.053131
0.388580
0.237823
0.091400
0.171387
0.438080
0.184692
-0.159485
-0.068268
-0.307312
0.031647
0.211639
-0.132355
-0.165222
-0.104309
-0.140533
-0.066101
-0.070587
-0.041687
0.037048
-0.045471
-0.031067
0.027313
-0.036163
-0.023773
-0.029236
-0.061035
-0.023804
-0.033447
-0.039948
-0.005768
-0.000061
-0.017334
0.006683
-0.014221
-0.004150
-0.009644
-0.017456
-0.005951
-0.004150
-0.009003
-0.005859
-0.011688
-0.031799
-0.028625
-0.032806
-0.021637
0.009552
0.010101
0.004486
0.011597
0.000824
-0.007019
-0.011993
-0.020416
-0.034821
-0.027679
-0.017792
-0.003540
0.003021
0.001251
0.001251
-0.000854
-0.000519
0.006653
0.004944
-0.005249
-0.013184
-0.025238
-0.016876
-0.008606
-0.003876
-0.003021
0.001099
0.000641
0.001984
0.006226
-0.000549
-0.001404
0.003784
0.001740
0.003662
0.003967
0.000549
0.003723
0.005981
0.000183
-0.005219
-0.005371
-0.008331
-0.002411
0.001862
0.004944
0.006653
0.001190
-0.002716
-0.003632
-0.001099
0.002228
0.001923
0.001984
0.002502
0.000946
0.001801
-0.000214
-0.002380
-0.004822
-0.001617
0.002258
0.004028
0.006683
0.004669
0.003601