0.000000
0.000031
0.000000
-0.000031
-0.000061
-0.000061
0.000031
0.000000
-0.000031
-0.000061
-0.000031
0.000000
0.000061
-0.000061
0.000000
-0.000275
0.000092
-0.000458
0.000519
-0.000519
0.000641
0.002045
0.052063
0.099091
-0.026123
-0.170685
-0.120789
0.038239
0.162170
0.194946
0.106140
0.031006
0.053375
0.058014
0.036530
0.022186
0.020325
0.001984
-0.022675
-0.031494
-0.025513
-0.016541
-0.022491
-0.026123
-0.025818
-0.040527
-0.021515
0.008789
0.010376
0.004669
-0.014893
0.000885
-0.003174
-0.021240
-0.018005
-0.023987
-0.018951
-0.002838
0.003510
-0.010803
-0.017944
-0.013977
-0.006348
-0.007080
-0.012390
-0.015198
-0.017548
-0.018463
-0.021088
-0.014984
-0.006714
-0.007355
-0.011932
-0.015930
-0.016205
-0.010071
-0.008820
-0.014496
-0.019318
-0.024841
-0.017761
-0.009277
-0.011292
-0.012329
-0.012390
-0.009552
-0.009003
-0.010345
-0.010284
-0.011139
-0.011230
-0.009766
-0.010681
-0.011871
-0.009888
-0.007477
-0.006409
-0.007111
-0.008850
-0.009369
-0.007965
-0.005981
-0.004059
-0.003510
-0.004028
-0.005219
-0.005951
-0.004822
-0.003204
-0.002380
-0.002563
-0.003876
-0.003784
-0.002625
-0.000153
0.001678
0.001465
-0.000763
-0.002075
-0.001770
-0.000519
0.000854
0.000549
-0.000122
-0.000885
-0.000854
-0.000427
-0.000732
0.000031
-0.000061
0.000275
-0.000153
0.000000
-0.000427
0.000061
-0.000244
0.000061
-0.000397
0.000610
-0.001343
0.066437
0.218994
0.005463
-0.347717
-0.207703
0.023376
0.290161
0.460205
0.169281
-0.023132
0.055878
0.131775
0.074921
-0.051819
-0.040405
-0.021973
-0.066101
-0.088654
-0.044373
-0.041931
-0.043762
-0.033600
-0.047577
-0.028137
-0.027313
0.007751
-0.022919
-0.031281
-0.019043
-0.026886
-0.011169
-0.014862
-0.025787
-0.011505
0.002747
0.003662
0.000702
-0.025238
-0.031067
-0.026733
-0.021729
-0.020508
-0.020844
-0.025330
-0.016174
-0.013123
-0.019623
-0.011658
-0.010864
-0.027313
-0.031250
-0.022339
-0.015442
-0.011353
-0.008667
-0.007935
-0.006409
-0.008392
-0.011047
-0.005341
-0.003632
-0.003082
-0.007660
-0.009247
-0.008820
-0.008362
-0.009796
-0.008301
-0.005615
-0.005768
-0.006195
-0.005493
-0.004364
-0.004517
-0.004486
-0.005402
-0.008331
-0.009491
-0.006653
-0.003784
-0.000580
-0.001129
-0.003876
-0.005798
-0.004761
-0.002594
-0.000854
-0.001587
-0.003326
-0.004852
-0.003448
-0.002045
-0.001038
-0.000244
-0.001556
-0.002777
-0.004059
-0.003357
-0.000732
0.001923
0.001617
0.000183
-0.001801
-0.002502
-0.000824
0.001404
0.001404
-0.000092
-0.000183
-0.000092
0.000977
0.003662
0.004761
0.005280
0.004730
0.003937