0.000000
0.000000
-0.000031
0.000000
-0.000031
0.000000
0.000031
-0.000092
0.000000
0.000061
-0.000092
0.000153
-0.000183
0.000366
-0.000702
0.001007
-0.001282
0.001434
-0.001007
0.001495
0.001678
0.059387
0.063873
-0.068146
0.029388
0.012695
-0.052307
0.090363
0.054840
0.044098
0.151123
0.143005
-0.012482
0.006836
0.075317
-0.036407
-0.069183
-0.008087
-0.010132
-0.051178
-0.031738
-0.005890
-0.006378
-0.009979
0.000336
0.015411
0.006042
0.002899
-0.000824
-0.007080
-0.004791
-0.004059
-0.002838
-0.000671
-0.010559
-0.019073
-0.014893
-0.024719
-0.037079
-0.034302
-0.034668
-0.032471
-0.028076
-0.026733
-0.022003
-0.017548
-0.018158
-0.018005
-0.018616
-0.016205
-0.013123
-0.014313
-0.015198
-0.014557
-0.012482
-0.012024
-0.011169
-0.009369
-0.007874
-0.006012
-0.005310
-0.005951
-0.005707
-0.005829
-0.006714
-0.007050
-0.007202
-0.007690
-0.008026
-0.008423
-0.007202
-0.006409
-0.006683
-0.005920
-0.005981
-0.005890
-0.004883
-0.004578
-0.004303
-0.003662
-0.003174
-0.004150
-0.004761
-0.004456
-0.004456
-0.003387
-0.003784
-0.002991
-0.002808
-0.002960
-0.002747
-0.003235
-0.002716
-0.002747
-0.002136
-0.002869
-0.002167
-0.001526
-0.001282
-0.000610
-0.000580
0.000458
0.000519
0.000244
0.000122
0.000305
-0.000061
-0.000458
-0.003998
0.005310
-0.008209
0.011078
-0.014648
0.018646
-0.013458
0.322021
0.225372
-0.421570
-0.078735
-0.049133
0.172028
0.246307
0.027649
0.628418
0.403534
-0.250610
-0.080872
0.126556
-0.213745
-0.172485
-0.119415
-0.179474
0.007294
-0.110443
-0.018616
0.043701
-0.027679
0.022369
0.004547
-0.106537
-0.018494
-0.000214
-0.076782
-0.000366
-0.014160
0.001984
0.038208
0.013031
-0.033051
-0.060028
-0.103973
-0.078156
-0.033691
-0.067352
-0.057159
-0.026276
-0.020599
-0.009460
-0.019684
-0.006958
0.006989
-0.002716
-0.014557
-0.007965
-0.002106
0.003967
0.001923
-0.003876
-0.002838
-0.009583
-0.008453
-0.007904
-0.004791
-0.007294
-0.007629
-0.012329
-0.008331
-0.006683
-0.002563
-0.003418
-0.007568
-0.007538
-0.008850
-0.009277
-0.005585
-0.001434
-0.002289
-0.002899
-0.005707
-0.003754
-0.002411
-0.005096
-0.004669
-0.002502
-0.004181
-0.002441
-0.003296
0.001526
0.004730
0.004822
0.001678
-0.002655
-0.003296
-0.003052
-0.001251
-0.000336
0.002167
0.000153
-0.005737
-0.005280
-0.001099
0.001740
0.002808
0.000244
-0.000946
-0.001953
-0.001617
-0.000854
0.000671
-0.000336
-0.000885
0.000275
0.001190
0.003387
0.004211
0.004120
0.002747
0.002625
0.004211
0.003998
0.004913
0.005219
0.004364
0.004913
0.003204
0.004120