0.000000
-0.000061
-0.000122
0.000092
-0.000275
0.000244
-0.000488
0.000732
-0.001251
0.001190
-0.001709
0.001892
-0.002502
0.003143
-0.001770
0.078491
0.158051
-0.065125
-0.111053
0.024841
0.018982
-0.016846
0.161407
0.355865
0.096130
-0.018036
0.124512
0.045898
-0.041412
-0.040924
-0.053619
-0.065674
-0.074585
-0.056702
-0.030823
-0.045135
-0.027832
-0.004852
-0.024445
-0.015259
-0.013733
-0.017120
-0.024231
-0.040253
-0.035431
-0.026123
-0.026672
-0.019897
-0.010803
-0.016571
-0.015717
-0.020905
-0.019073
-0.012939
-0.015167
-0.016785
-0.021118
-0.014679
-0.006592
-0.008392
-0.003021
-0.000397
-0.001465
-0.004547
-0.009033
-0.007477
-0.005005
-0.007782
-0.012146
-0.013367
-0.013885
-0.010315
-0.008606
-0.007446
-0.007141
-0.007538
-0.007446
-0.005737
-0.003723
-0.003479
-0.005859
-0.009369
-0.010254
-0.011047
-0.008545
-0.005341
-0.003845
-0.005463
-0.007874
-0.006592
-0.006958
-0.006866
-0.005249
-0.003540
-0.003540
-0.005402
-0.005524
-0.003906
-0.000458
0.000854
0.001282
-0.000305
-0.002655
-0.003693
-0.003967
-0.002960
-0.002869
-0.003235
-0.005341
-0.006134
-0.005096
-0.003204
-0.002106
-0.002380
-0.002472
-0.002411
-0.001526
-0.000854
0.000092
-0.000092
-0.000610
-0.000641
-0.000427
0.000885
0.002563
0.003387
0.002686
0.002167
0.000000
-0.000061
-0.000122
0.000092
-0.000275
0.000244
-0.000488
0.000732
-0.001251
0.001190
-0.001709
0.001892
-0.002502
0.003143
-0.001770
0.078491
0.158051
-0.065125
-0.111053
0.024841
0.018982
-0.016846
0.161407
0.355865
0.096130
-0.018036
0.124512
0.045898
-0.041412
-0.040924
-0.053619
-0.065674
-0.074585
-0.056702
-0.030823
-0.045135
-0.027832
-0.004852
-0.024445
-0.015259
-0.013733
-0.017120
-0.024231
-0.040253
-0.035431
-0.026123
-0.026672
-0.019897
-0.010803
-0.016571
-0.015717
-0.020905
-0.019073
-0.012939
-0.015167
-0.016785
-0.021118
-0.014679
-0.006592
-0.008392
-0.003021
-0.000397
-0.001465
-0.004547
-0.009033
-0.007477
-0.005005
-0.007782
-0.012146
-0.013367
-0.013885
-0.010315
-0.008606
-0.007446
-0.007141
-0.007538
-0.007446
-0.005737
-0.003723
-0.003479
-0.005859
-0.009369
-0.010254
-0.011047
-0.008545
-0.005341
-0.003845
-0.005463
-0.007874
-0.006592
-0.006958
-0.006866
-0.005249
-0.003540
-0.003540
-0.005402
-0.005524
-0.003906
-0.000458
0.000854
0.001282
-0.000305
-0.002655
-0.003693
-0.003967
-0.002960
-0.002869
-0.003235
-0.005341
-0.006134
-0.005096
-0.003204
-0.002106
-0.002380
-0.002472
-0.002411
-0.001526
-0.000854
0.000092
-0.000092
-0.000610
-0.000641
-0.000427
0.000885
0.002563
0.003387
0.002686
0.002167