0.000000
0.000031
0.000000
0.000000
0.000000
0.000000
0.000000
0.000000
0.000031
0.000031
0.000031
0.000031
0.000000
0.000000
-0.000031
0.000000
0.000000
-0.000061
-0.000061
0.000092
0.000000
-0.000031
0.000092
-0.000122
0.000977
-0.000671
-0.000305
0.000488
0.000732
0.001251
-0.001129
0.000732
0.022675
0.054657
0.021454
0.012482
-0.000580
-0.035980
0.004120
0.035095
0.106720
0.149628
0.112335
0.078094
0.059418
0.044159
0.019989
-0.014893
-0.041748
-0.031952
-0.035339
-0.040558
-0.028961
-0.025787
-0.018463
-0.016724
-0.019958
-0.021545
-0.022064
-0.024017
-0.023041
-0.020477
-0.020630
-0.018188
-0.014862
-0.011444
-0.013153
-0.017670
-0.021271
-0.019806
-0.019226
-0.019470
-0.019104
-0.015961
-0.014404
-0.015381
-0.014130
-0.014343
-0.012482
-0.013153
-0.013916
-0.014526
-0.014984
-0.013550
-0.013580
-0.012268
-0.011871
-0.011749
-0.010620
-0.009186
-0.007416
-0.007782
-0.007355
-0.007385
-0.007690
-0.008148
-0.008575
-0.007904
-0.007202
-0.005676
-0.005890
-0.006042
-0.005646
-0.005341
-0.004578
-0.004761
-0.005219
-0.005371
-0.004944
-0.003906
-0.003265
-0.002502
-0.002350
-0.002625
-0.002655
-0.002411
-0.001709
-0.001312
-0.002319
-0.002899
-0.002625
-0.002808
-0.002594
-0.002380
-0.001923
-0.002014
-0.002014
-0.001678
-0.004028
0.007416
-0.012146
0.015533
0.026642
0.528870
0.006104
-0.709534
0.033447
0.360168
-0.000885
0.325195
0.641083
-0.253021
-0.025970
0.306732
0.028809
-0.031891
-0.124817
-0.125336
-0.115173
-0.025909
-0.150696
-0.072327
-0.069244
-0.075439
0.046478
-0.037659
-0.100342
-0.036346
-0.007843
-0.075653
0.012848
0.001709
0.022736
0.047852
0.000854
0.019836
-0.111694
-0.140167
-0.046967
-0.031616
-0.077148
-0.037384
-0.028320
-0.017578
-0.003235
-0.039398
0.002136
0.010864
-0.017944
-0.023865
-0.017456
-0.011810
0.002197
-0.000244
-0.006836
-0.005829
-0.017700
-0.015808
-0.007782
-0.008057
-0.008148
-0.011688
-0.016052
-0.014008
-0.004791
0.002777
-0.001892
-0.000671
-0.006775
-0.008575
-0.007935
-0.003876
0.003082
0.002197
-0.004669
-0.007263
-0.002472
-0.000183
0.004303
0.006104
0.000000
-0.004364
-0.006134
-0.005798
-0.001831
0.002014
0.004425
-0.001526
-0.006012
-0.005554
-0.001801
0.002533
0.005524
0.002502
-0.002411
-0.002228
0.000885
0.004822
0.007507
0.004730
-0.001373
-0.002045
-0.002686
0.000824
0.005646
0.004181
0.000061
-0.000641
-0.003082
-0.002075
0.004883
0.005676
0.003021
0.001617
-0.000763
0.000153
0.004761
0.005493
0.003418
0.001312
-0.001282
-0.000061
0.003693
0.003754
0.003540
0.003387