-0.000061
-0.000031
0.000000
-0.000031
0.000000
0.000000
0.000000
0.000000
0.000000
-0.000031
0.000000
-0.000061
0.000000
-0.000031
0.000000
-0.000092
0.000031
-0.000092
0.000092
-0.000122
0.000183
-0.000275
0.000153
0.000061
0.000214
-0.000275
0.000610
0.000092
0.018463
0.059052
0.021698
-0.021301
-0.004913
-0.016296
-0.013275
0.074249
0.120880
0.060944
0.041534
0.066681
0.056061
0.024902
0.010956
-0.003906
-0.019836
-0.010071
-0.003265
-0.011139
-0.004883
0.004181
-0.002869
-0.002258
0.005646
-0.003845
-0.015442
-0.015350
-0.015991
-0.023834
-0.023132
-0.018311
-0.017548
-0.015228
-0.017334
-0.018494
-0.017578
-0.018677
-0.020355
-0.019318
-0.018341
-0.020721
-0.020813
-0.017975
-0.013245
-0.009247
-0.010559
-0.012543
-0.013519
-0.014557
-0.015289
-0.014984
-0.014252
-0.015137
-0.017822
-0.015472
-0.012604
-0.010864
-0.007599
-0.009735
-0.010071
-0.009247
-0.009735
-0.010376
-0.011505
-0.010040
-0.008423
-0.008453
-0.008362
-0.008026
-0.006500
-0.005310
-0.006134
-0.007172
-0.006866
-0.005554
-0.004761
-0.004181
-0.004395
-0.004486
-0.004181
-0.004456
-0.003387
-0.003143
-0.002533
-0.001953
-0.001892
-0.001587
-0.001709
-0.001373
-0.001556
-0.001801
-0.001831
-0.001343
-0.000702
-0.000854
-0.000977
-0.001282
-0.001190
-0.001556
0.001801
-0.002869
0.004120
-0.005615
0.007507
-0.009979
0.013031
-0.013977
0.232941
0.303619
-0.337189
-0.242737
0.270203
0.123657
-0.027344
0.328979
0.130005
0.034027
0.274780
0.118195
-0.059662
-0.113739
-0.015442
-0.096313
-0.146515
-0.092102
-0.063477
-0.070770
-0.058563
-0.024384
-0.008850
-0.023529
-0.042206
-0.011200
-0.031708
-0.034576
-0.020782
-0.028748
-0.002106
0.006470
0.010101
-0.011322
-0.030243
-0.030792
-0.028259
-0.038269
-0.054779
-0.063965
-0.056305
-0.027008
-0.030975
-0.027466
-0.018250
-0.015717
-0.019073
-0.014221
-0.001831
0.009003
0.010773
0.000000
-0.007416
-0.009094
-0.006439
-0.005920
-0.006287
-0.010437
-0.011658
-0.014130
-0.011871
-0.011017
-0.007416
-0.006012
-0.006378
-0.006317
-0.005890
-0.002899
-0.000732
0.002258
0.002014
-0.001709
-0.003906
-0.004486
-0.003052
-0.000427
-0.000244
-0.002380
-0.006134
-0.007294
-0.007538
-0.003113
-0.001984
-0.001068
-0.000946
-0.003754
-0.004059
-0.001221
0.000427
-0.000183
-0.000580
-0.003632
-0.002533
0.002106
0.004181
0.003601
0.002960
-0.002228
-0.003723
0.000427
0.002716
0.002838
0.002289
0.000641
-0.001404
0.002197
0.006561
0.006042
0.005890
0.004578
0.001007
0.000000
0.001495
0.002960
0.002625
0.004211
0.002350
0.000916
0.003082
0.003174