0.000061
0.000031
0.000031
-0.000031
0.000031
-0.000061
0.000031
0.000061
-0.000031
0.000000
0.000153
-0.000092
0.000214
-0.000183
0.000488
-0.000336
0.000519
-0.000519
0.000763
-0.000488
0.000916
-0.000061
0.034912
0.095001
-0.001007
-0.020355
-0.026733
-0.043182
0.060516
0.067780
0.122101
0.145691
0.058136
0.027374
0.046082
0.015472
-0.033508
-0.060699
-0.039764
-0.005646
-0.036438
-0.026703
0.003906
-0.007935
0.003021
-0.009979
-0.016602
0.001129
-0.006439
-0.013000
0.002136
0.006439
0.008423
0.014099
0.007263
0.001587
-0.005219
-0.020966
-0.027313
-0.013062
-0.013733
-0.024017
-0.020447
-0.014862
-0.016907
-0.025116
-0.033081
-0.024902
-0.019379
-0.024170
-0.024292
-0.019775
-0.015686
-0.013245
-0.016418
-0.022186
-0.022156
-0.021637
-0.019348
-0.017548
-0.015747
-0.014191
-0.011383
-0.010193
-0.009918
-0.007965
-0.006805
-0.004852
-0.005188
-0.007050
-0.007141
-0.006226
-0.004852
-0.003662
-0.002777
-0.003601
-0.005676
-0.006317
-0.005920
-0.004883
-0.005432
-0.004974
-0.005127
-0.005402
-0.005066
-0.004089
-0.002960
-0.002625
-0.002045
-0.002655
-0.002563
-0.002258
-0.001495
-0.000580
-0.001099
-0.001190
-0.001465
-0.000763
0.000122
-0.000183
-0.000824
-0.001892
-0.001923
-0.001343
-0.001007
-0.000092
0.000092
0.000031
-0.001312
0.002136
-0.003662
0.004730
-0.006836
0.009064
-0.011810
0.015228
-0.016754
0.208496
0.337341
-0.066986
-0.279816
-0.220703
0.192535
0.077759
0.284332
0.594818
0.085388
-0.032440
0.100159
-0.096130
-0.167084
-0.113495
-0.263031
-0.086487
0.006775
-0.147766
0.024170
0.000061
-0.036896
0.010956
-0.058105
-0.031586
-0.002808
-0.020569
-0.063293
-0.017792
-0.021027
0.046692
0.041901
0.003235
-0.020111
-0.036774
-0.021576
-0.036285
0.006012
-0.017365
-0.021698
-0.018250
-0.019958
-0.044830
-0.077545
-0.050568
-0.007660
-0.008636
-0.040741
-0.031525
-0.008606
0.001587
-0.004700
-0.023651
-0.020844
-0.018494
-0.013428
0.001373
0.008667
0.011230
0.002838
-0.005157
-0.012604
-0.004761
-0.004181
-0.005157
-0.008881
-0.009583
-0.011475
-0.010406
-0.003632
0.002319
0.003052
-0.003113
-0.007233
-0.007050
-0.004181
-0.000977
0.000458
-0.004089
-0.005951
-0.008087
-0.006897
-0.003967
0.000183
-0.000824
-0.003326
-0.008575
-0.009033
-0.004211
0.000671
0.004120
0.002838
0.000671
0.000305
0.003815
0.005127
0.005005
0.000916
-0.004608
-0.004669
-0.000336
0.002594
0.006744
0.006165
0.001251
-0.001160
0.000183
0.003662
0.007019
0.005707
0.001709
-0.000824
-0.002228
0.000336
0.003693
0.004883
0.003601
0.001801
0.000488