0.000000
0.000061
0.000031
0.000000
0.000000
-0.000031
-0.000061
-0.000061
0.000061
0.000000
0.000000
0.000000
0.000000
-0.000122
0.000153
-0.000153
0.000458
-0.000366
0.000275
-0.000214
0.000305
0.000061
0.000000
0.000153
0.021545
0.077209
0.010834
-0.012848
-0.019806
-0.043549
0.045776
0.054077
0.099396
0.132690
0.060303
0.029053
0.050171
0.024475
-0.019867
-0.037140
-0.026276
-0.000641
-0.023621
-0.024414
-0.001190
-0.005890
-0.004883
-0.003448
0.007874
0.011780
0.007416
-0.004822
-0.007172
-0.003357
-0.002167
0.000122
-0.008057
-0.008606
-0.018982
-0.022339
-0.016113
-0.020111
-0.023651
-0.019592
-0.017334
-0.017700
-0.020599
-0.026520
-0.028992
-0.024170
-0.023071
-0.021942
-0.018341
-0.016846
-0.013367
-0.013611
-0.015411
-0.018860
-0.021484
-0.020447
-0.017883
-0.015656
-0.014160
-0.011993
-0.010040
-0.010406
-0.009216
-0.007690
-0.007172
-0.006348
-0.005920
-0.007080
-0.007019
-0.006165
-0.006439
-0.004883
-0.005127
-0.005737
-0.005646
-0.006195
-0.005493
-0.004730
-0.004120
-0.004333
-0.004883
-0.004913
-0.005341
-0.004120
-0.002991
-0.002106
-0.001923
-0.002808
-0.002625
-0.002747
-0.002502
-0.001465
-0.001068
-0.001038
-0.001251
-0.000610
0.000275
0.000122
-0.000763
-0.001862
-0.001709
-0.001007
-0.000488
-0.000031
0.001343
-0.002869
0.003693
-0.005676
0.007507
-0.010376
0.013489
-0.014435
0.221680
0.364197
-0.079407
-0.377075
-0.151794
0.235199
0.049347
0.400482
0.501709
-0.025482
0.100372
0.081512
-0.136566
-0.097382
-0.142212
-0.271179
-0.036591
-0.041962
-0.173401
0.034698
-0.044342
-0.023193
0.000122
-0.043335
0.001373
-0.014526
-0.025879
-0.051514
-0.005707
-0.004852
0.033661
-0.038788
-0.015808
0.016357
-0.040405
-0.002808
-0.009857
-0.009491
-0.011566
-0.012085
-0.028015
-0.066498
-0.102325
-0.055328
0.004333
-0.014008
-0.027008
-0.028900
-0.008514
0.000000
-0.013245
-0.004242
-0.008850
-0.024353
-0.029449
-0.017456
-0.000763
0.009949
0.004211
-0.000671
-0.002014
-0.009308
-0.002991
-0.001221
-0.001984
-0.006958
-0.013763
-0.014404
-0.006714
-0.001343
0.003418
0.003204
-0.003662
-0.007111
-0.005890
-0.002808
0.001495
0.000732
-0.004272
-0.007843
-0.010529
-0.006409
-0.001434
0.001434
-0.000977
-0.004608
-0.008514
-0.007080
-0.001556
0.001434
0.003876
0.001984
0.000214
0.001373
0.003876
0.006165
0.004761
-0.000977
-0.006836
-0.005219
0.000000
0.003143
0.007507
0.005096
0.000824
-0.001068
0.000031
0.004700
0.006683
0.004791
0.001343
-0.001190
-0.000427
0.002258
0.004242
0.004517
0.003723
0.001404
-0.000183
0.003113