0.000031
0.000000
0.000031
0.000000
0.000000
0.000061
0.000061
0.000061
0.000000
0.000061
0.000000
0.000000
0.000031
-0.000031
0.000031
0.000031
-0.000031
0.000061
0.000000
0.000092
0.000000
0.000153
-0.000214
0.000397
-0.000214
0.000458
-0.000183
0.000610
0.000641
0.019836
0.055328
0.018524
-0.015808
-0.003418
-0.022858
-0.012665
0.078400
0.117584
0.060516
0.049744
0.069550
0.052490
0.029480
0.008667
-0.002350
-0.004761
-0.007751
-0.003296
-0.003540
-0.007294
-0.001465
0.002899
-0.003052
-0.011108
-0.014038
-0.016022
-0.024963
-0.026215
-0.023071
-0.023163
-0.016327
-0.011200
-0.014191
-0.016541
-0.016357
-0.019135
-0.021484
-0.020996
-0.019165
-0.019257
-0.020142
-0.017242
-0.013153
-0.010895
-0.011139
-0.012756
-0.014130
-0.015106
-0.015991
-0.015594
-0.014526
-0.015289
-0.013794
-0.014191
-0.014740
-0.011780
-0.010925
-0.008911
-0.009857
-0.009918
-0.009674
-0.009735
-0.009247
-0.010620
-0.010437
-0.009583
-0.008423
-0.008514
-0.007385
-0.006012
-0.005890
-0.006042
-0.006531
-0.005859
-0.005676
-0.004608
-0.003876
-0.004425
-0.004150
-0.004639
-0.004120
-0.002991
-0.002655
-0.002197
-0.001953
-0.001831
-0.001282
-0.001129
-0.001404
-0.001587
-0.001770
-0.001526
-0.001282
-0.001221
-0.000885
-0.000519
-0.000732
-0.001068
-0.001160
0.000610
-0.000214
-0.000946
0.002167
-0.004272
0.004517
0.039490
0.393311
0.046051
-0.477692
0.001923
0.312103
0.019440
0.141144
0.305115
-0.019867
0.184937
0.233154
0.027069
-0.104523
-0.076782
-0.029541
-0.138733
-0.123199
-0.085571
-0.059326
-0.074249
-0.048981
-0.027435
-0.001465
-0.030304
-0.035645
-0.007782
-0.040344
-0.029358
-0.030273
-0.015076
0.003998
0.009491
0.008362
-0.020233
-0.023651
-0.030365
-0.031250
-0.048279
-0.069580
-0.071716
-0.041779
-0.026489
-0.032257
-0.020386
-0.016235
-0.014191
-0.020569
-0.009644
0.004761
0.013184
0.005463
-0.005219
-0.010315
-0.008118
-0.007599
-0.004425
-0.006409
-0.011963
-0.014221
-0.015747
-0.011383
-0.010040
-0.006195
-0.007294
-0.006256
-0.007233
-0.004578
-0.001251
0.001373
0.003723
0.000244
-0.003082
-0.003571
-0.004700
-0.001312
0.000763
-0.000366
-0.004272
-0.007324
-0.007721
-0.005432
-0.001099
-0.001282
0.000061
-0.002258
-0.004700
-0.003632
-0.000031
0.000885
0.001068
-0.001648
-0.004608
-0.001129
0.003571
0.003876
0.004028
0.001007
-0.004120
-0.002533
0.001007
0.003021
0.002319
0.002625
-0.001221
-0.001160
0.004272
0.006866
0.006775
0.005188
0.002472
-0.000061
0.001526
0.002869
0.002136
0.002838
0.003204
0.001556
0.002136
0.004425
0.003784