0.000000
-0.000061
0.000000
-0.000031
-0.000061
-0.000153
0.000031
-0.000153
0.000183
-0.000336
0.000336
-0.000854
0.000824
-0.001343
0.001587
-0.002258
0.003052
-0.000305
0.083679
0.152039
-0.048401
-0.109863
0.009033
-0.017059
0.067383
0.263672
0.129822
0.006134
0.109558
0.098480
-0.001007
-0.040558
-0.031586
-0.031677
-0.045685
-0.061005
-0.041077
-0.034210
-0.037109
-0.028137
-0.010529
0.000427
-0.018494
-0.023926
-0.015564
-0.020844
-0.025421
-0.018311
-0.017426
-0.010925
0.000977
-0.009521
-0.021606
-0.021515
-0.022400
-0.018799
-0.012238
-0.014832
-0.014526
-0.011871
-0.012726
-0.013947
-0.007385
-0.003021
-0.009735
-0.013092
-0.013367
-0.015625
-0.015289
-0.010254
-0.013000
-0.020233
-0.020630
-0.012299
-0.005920
-0.007599
-0.006226
-0.007355
-0.009308
-0.011566
-0.010498
-0.005524
-0.005493
-0.006134
-0.006805
-0.008362
-0.009552
-0.007477
-0.004456
-0.005646
-0.007385
-0.007874
-0.007355
-0.005280
-0.003448
-0.002594
-0.004120
-0.005829
-0.006317
-0.006042
-0.004883
-0.003723
-0.002686
-0.002563
-0.003571
-0.005066
-0.005035
-0.003265
-0.000427
0.000000
-0.001740
-0.002350
-0.001434
0.000214
0.001495
0.000580
-0.001190
-0.001312
-0.000183
0.001068
0.002197
0.002289
0.001221
0.000000
0.000244
0.001984
0.002625
0.002136
0.000092
0.000031
0.000000
-0.000092
0.000092
-0.000092
0.000305
-0.000305
0.000519
-0.000916
0.000946
-0.001373
0.001678
-0.002136
0.002747
-0.001709
0.073761
0.176331
-0.012451
-0.137390
-0.010651
-0.005402
0.035187
0.287811
0.182220
-0.001007
0.113464
0.113129
0.004669
-0.053375
-0.037598
-0.039307
-0.054901
-0.062927
-0.044189
-0.036804
-0.039764
-0.036896
-0.025269
0.003601
-0.010834
-0.021271
-0.028290
-0.028046
-0.014252
-0.019592
-0.018005
-0.014893
-0.004913
-0.003571
-0.021149
-0.030670
-0.023651
-0.026978
-0.022064
-0.011749
-0.015442
-0.019043
-0.021606
-0.015259
-0.007538
-0.006653
-0.010803
-0.011414
-0.011963
-0.009583
-0.005402
-0.008698
-0.011322
-0.013550
-0.013397
-0.012054
-0.009796
-0.006683
-0.004608
-0.005127
-0.008545
-0.011078
-0.010040
-0.006409
-0.004822
-0.007080
-0.007568
-0.008392
-0.009491
-0.007355
-0.004608
-0.004395
-0.006500
-0.007874
-0.008423
-0.006744
-0.002899
-0.001801
-0.003540
-0.005188
-0.007019
-0.007111
-0.005371
-0.003448
-0.001862
-0.002747
-0.004120
-0.005676
-0.005341
-0.003510
-0.001251
0.000427
-0.000854
-0.000244
0.000275
0.001282
0.002808
0.000702
-0.001526
-0.001984
-0.000061
0.001556
0.003357
0.003632
0.001099
0.000977
0.000397
0.001434
0.002167
0.002625
0.001892
-0.000671