-0.000031
0.000000
-0.000061
-0.000061
-0.000031
0.000000
-0.000061
0.000061
-0.000061
0.000000
-0.000061
0.000031
0.000061
0.000214
-0.000397
0.000519
-0.000702
0.000946
-0.001038
0.001251
-0.000488
0.029419
0.060455
0.029633
-0.022430
-0.077606
-0.001404
0.042145
0.081909
0.138611
0.075470
0.043427
0.061798
0.050873
0.004852
-0.000885
-0.030396
-0.025574
-0.007355
-0.033783
-0.018097
-0.002533
-0.007141
0.004486
0.013794
0.013763
0.002930
-0.005035
-0.007965
-0.010803
-0.015717
-0.012939
-0.012482
-0.010895
-0.003479
-0.007507
-0.009552
-0.016663
-0.022705
-0.020264
-0.011627
-0.015076
-0.021271
-0.017914
-0.017059
-0.015594
-0.014618
-0.019562
-0.022003
-0.019806
-0.020294
-0.021606
-0.020721
-0.021149
-0.018280
-0.016174
-0.018250
-0.016815
-0.016846
-0.015503
-0.014465
-0.015259
-0.016205
-0.014557
-0.011902
-0.011353
-0.009521
-0.008453
-0.008728
-0.007385
-0.006378
-0.005646
-0.005249
-0.006256
-0.006866
-0.007141
-0.006256
-0.005432
-0.004181
-0.003754
-0.003265
-0.002869
-0.003906
-0.004272
-0.003815
-0.003387
-0.002808
-0.003235
-0.003632
-0.003784
-0.002686
-0.001984
-0.001709
-0.001221
-0.001587
-0.000824
-0.001556
-0.001007
-0.000519
-0.000885
-0.001099
-0.001343
-0.000580
-0.000427
0.000122
0.000153
0.000671
0.000977
-0.005646
0.007141
-0.009277
0.011627
-0.016449
0.114288
0.350037
0.168274
-0.344025
-0.429626
0.283173
0.131714
0.292358
0.491760
0.016357
0.154205
0.082977
-0.071625
-0.106873
-0.131805
-0.251831
-0.100494
-0.016724
-0.180695
0.003418
-0.024353
-0.042023
-0.004059
-0.023010
-0.008240
-0.028839
-0.019928
-0.050049
0.001617
-0.023438
-0.002380
-0.009003
0.013916
0.025787
-0.015564
-0.037537
-0.062073
-0.005798
-0.004517
0.012787
-0.006531
-0.047760
-0.031830
-0.018890
-0.011047
-0.034088
-0.054504
-0.048767
-0.016724
-0.020691
-0.019562
0.001740
-0.011902
-0.012512
-0.027863
-0.023987
-0.002014
-0.003723
-0.011810
-0.012329
-0.008362
-0.006561
0.003082
0.003815
0.002380
-0.001343
-0.010895
-0.016144
-0.013153
-0.008392
-0.003906
-0.001465
-0.000916
-0.004028
-0.002747
0.000671
0.003815
0.004700
-0.001129
-0.005096
-0.009247
-0.008667
-0.003357
0.000610
0.002808
-0.001282
-0.007172
-0.008728
-0.004272
0.000763
0.001495
-0.000366
-0.005829
-0.006104
-0.000916
0.003174
0.005920
0.002716
-0.002869
-0.004150
-0.002106
0.002869
0.007202
0.006653
0.000885
-0.001678
-0.001343
0.001312
0.006989
0.008698
0.005951
0.003021
0.001160
0.002625
0.005432
0.005402
0.003845
0.002258
0.000641
0.001953
0.003540
0.002380
0.002411