0.000000
0.000000
0.000031
0.000000
0.000000
0.000000
0.000000
0.000000
0.000000
0.000000
0.000000
0.000031
0.000000
0.000000
0.000000
-0.000031
0.000092
-0.000061
0.000214
-0.000214
-0.000031
0.000000
0.000458
0.000427
-0.000519
-0.000122
0.001678
0.028015
0.055328
0.040466
-0.095093
-0.151947
-0.003876
0.089050
0.121460
0.126160
0.077026
0.050934
0.052795
0.034668
0.027161
0.039642
0.013702
0.000122
-0.004547
-0.016815
-0.012604
-0.007324
-0.017578
-0.039703
-0.007904
0.004547
-0.011414
0.000702
0.003784
-0.004303
-0.005585
0.001892
-0.014191
-0.033600
-0.032501
-0.016205
-0.007965
-0.014404
-0.014252
-0.017548
-0.016815
-0.013641
-0.009766
-0.007111
-0.007996
-0.012299
-0.017090
-0.017548
-0.019196
-0.018402
-0.016724
-0.014618
-0.016998
-0.018799
-0.015686
-0.009460
-0.008575
-0.012512
-0.013855
-0.014862
-0.012482
-0.011810
-0.011871
-0.013275
-0.014343
-0.013092
-0.013550
-0.011139
-0.010590
-0.010681
-0.010498
-0.010925
-0.010864
-0.012268
-0.010651
-0.006531
-0.003998
-0.005798
-0.007416
-0.007294
-0.005768
-0.004150
-0.003571
-0.002869
-0.002899
-0.003479
-0.004150
-0.003357
-0.002930
-0.001740
-0.002075
-0.002747
-0.002014
-0.000885
0.000732
0.000153
-0.000702
-0.001404
-0.001495
-0.000854
-0.000214
0.000824
0.000763
-0.001404
0.001160
-0.001770
0.001709
-0.001740
0.001007
-0.000946
0.012878
0.223541
0.239105
-0.343109
-0.574097
0.242981
0.311249
0.179962
0.451416
0.065247
0.041870
0.119751
0.122467
0.017120
-0.112823
-0.058136
-0.087067
-0.065887
-0.115112
-0.036407
-0.082977
-0.082886
-0.053680
-0.025604
-0.014557
-0.026337
0.020386
-0.036102
-0.007751
-0.029449
-0.032257
-0.028687
0.000092
-0.018036
-0.002594
0.010925
-0.012146
0.001556
-0.031677
-0.014771
-0.020935
-0.033569
-0.015289
-0.014740
-0.030457
-0.031189
-0.018677
-0.026123
-0.026367
-0.037964
-0.036469
-0.018158
-0.024048
-0.011505
-0.006592
-0.004120
-0.005859
-0.005829
-0.009216
-0.004639
-0.002930
-0.009491
-0.010773
-0.015320
-0.011993
-0.006989
-0.003601
-0.008453
-0.004883
-0.003296
-0.003418
-0.006500
-0.003357
-0.001373
-0.003357
-0.004517
-0.005798
-0.004791
-0.002808
-0.000336
-0.000031
-0.001068
-0.002350
-0.004791
-0.003235
-0.001526
-0.002441
-0.003021
-0.004303
-0.003418
-0.003998
0.000183
0.001099
0.002655
0.001862
-0.000946
-0.002350
-0.002991
-0.001862
0.000885
0.001129
-0.000977
-0.001984
-0.002014
-0.000153
0.001038
0.000977
-0.001129
-0.000946
0.000580
0.002319
0.003326
0.004486
0.004181
0.004059
0.003876
0.003265
0.003723
0.005737
0.006683