-0.000061
-0.000031
0.000031
0.000000
0.000061
-0.000092
-0.000031
0.000183
-0.000092
0.000061
0.000122
-0.000702
0.000824
-0.001617
0.002502
-0.003418
0.004456
0.001068
0.088867
0.076538
-0.002228
-0.167419
-0.235291
0.079865
0.136169
0.293488
0.283936
0.008942
-0.001740
0.040771
0.016022
0.012665
0.001831
-0.088684
-0.027252
-0.019806
-0.068970
-0.011261
-0.025696
-0.028992
-0.010834
-0.026794
-0.004547
0.009491
-0.005402
0.000031
0.002197
-0.013580
-0.022095
-0.038513
-0.008270
-0.006989
-0.008881
0.010864
0.008667
-0.002502
-0.013885
-0.011292
-0.012665
-0.007141
-0.015472
-0.009216
0.010468
-0.001953
-0.016754
-0.011963
-0.007629
-0.005127
-0.020477
-0.029083
-0.020935
-0.019135
-0.019104
-0.017731
-0.019928
-0.024414
-0.022278
-0.017853
-0.010223
-0.012817
-0.018646
-0.020935
-0.019836
-0.015961
-0.015656
-0.013550
-0.008759
-0.011047
-0.011902
-0.009552
-0.009735
-0.008453
-0.007416
-0.007477
-0.009003
-0.008087
-0.006348
-0.003052
-0.000458
-0.000671
-0.001892
-0.003357
-0.004211
-0.002930
-0.001190
-0.000397
-0.001038
-0.001923
-0.003021
-0.002686
-0.000610
-0.000336
-0.000519
-0.002350
-0.003143
-0.003265
-0.000824
0.001587
0.001465
0.000092
-0.002289
-0.003021
-0.001282
0.001709
0.003265
0.002502
0.000549
-0.000092
-0.000061
-0.000366
0.000885
-0.001068
0.001465
-0.002045
0.001434
-0.001648
0.000793
0.000641
-0.002716
0.004395
0.027924
0.237579
0.085175
-0.118286
-0.560516
-0.178619
0.502716
0.328644
0.592590
0.151398
-0.223572
-0.035248
0.071594
-0.014862
-0.030304
-0.083923
-0.185394
0.036926
-0.073792
-0.096222
0.015961
-0.071533
-0.016235
-0.021912
-0.032654
0.016815
0.008942
-0.024078
-0.014465
-0.025757
-0.020081
-0.003876
-0.052582
-0.017029
-0.008667
0.004211
0.011536
-0.004822
-0.023041
-0.010803
-0.002533
-0.001862
-0.003723
-0.033691
-0.033325
-0.012054
0.026794
0.018280
-0.000580
-0.004395
-0.007904
-0.014496
-0.026337
-0.042938
-0.054260
-0.038788
-0.017578
-0.027191
-0.031433
-0.012604
0.005585
0.005524
-0.008911
-0.015472
-0.015930
-0.012115
-0.013184
-0.010803
-0.009277
-0.006592
-0.009399
-0.008789
-0.004883
-0.002014
-0.002563
-0.005585
-0.009735
-0.010376
-0.007568
-0.002228
0.003113
0.001160
-0.000854
-0.005432
-0.006195
-0.003998
-0.000183
-0.000763
-0.003174
-0.004852
-0.005951
-0.002930
0.000916
0.002838
0.001740
-0.002869
-0.006287
-0.004730
-0.001221
0.002960
0.004547
0.001282
-0.003113
-0.004150
-0.002594
0.000153
0.001770
0.003021
0.001770
0.001465
0.001953
0.003967
0.005920
0.005310
0.002930
0.001190