0.000031
0.000000
-0.000092
0.000244
-0.000092
0.000336
-0.000427
0.000275
-0.000305
0.000214
0.000244
-0.000031
0.000519
0.004364
0.048309
0.059540
0.046661
-0.152344
-0.182739
0.106628
0.169373
0.131958
0.075989
0.047119
0.064850
0.069336
0.035950
0.001465
0.009949
-0.013702
-0.006561
-0.018066
-0.017242
-0.007172
-0.016754
-0.013977
-0.018372
-0.011078
-0.008087
0.000488
-0.011047
-0.014923
-0.013702
-0.014008
-0.010498
-0.021820
-0.018982
-0.005676
-0.007538
-0.008179
-0.004395
-0.016174
-0.016785
-0.010956
-0.009033
-0.009399
-0.015198
-0.019287
-0.014648
-0.011108
-0.013062
-0.012329
-0.009552
-0.011627
-0.016907
-0.015656
-0.012146
-0.013367
-0.009399
-0.003510
-0.007172
-0.012421
-0.012939
-0.013092
-0.015503
-0.019287
-0.023376
-0.024811
-0.020691
-0.013245
-0.012695
-0.016632
-0.018616
-0.015961
-0.011719
-0.010193
-0.009979
-0.007812
-0.006989
-0.008301
-0.009064
-0.009430
-0.009003
-0.007904
-0.006134
-0.005768
-0.006470
-0.006744
-0.005463
-0.003662
-0.003448
-0.004425
-0.004486
-0.003662
-0.002502
-0.001221
0.000183
0.000824
0.000793
0.000214
-0.000336
-0.000427
-0.000031
0.001526
0.001587
0.000610
-0.000702
-0.000763
0.000336
0.001190
0.001404
0.000793
0.000671
0.000519
0.000397
0.001282
0.001862
0.001160
-0.009216
0.012207
-0.016357
0.106445
0.221008
0.186951
-0.258759
-0.552277
0.346710
0.405334
0.119598
0.206421
0.057373
0.131226
0.121124
0.032227
-0.165588
-0.090851
-0.078979
-0.121796
-0.075256
-0.092773
-0.018066
-0.048065
-0.025482
-0.037537
-0.007355
-0.009491
-0.005707
-0.023560
-0.027924
-0.012817
-0.032196
0.007690
-0.005402
-0.001312
-0.010162
-0.018646
-0.048340
-0.034180
0.002045
-0.007874
-0.002472
-0.010651
-0.018738
-0.015686
-0.008514
-0.001038
-0.008728
-0.025238
-0.030762
-0.009308
-0.017517
-0.015625
0.000336
-0.003632
-0.008789
-0.015228
-0.013702
-0.012573
-0.025391
-0.037781
-0.026581
-0.021271
-0.013885
-0.006226
-0.011932
-0.014587
-0.008789
-0.007355
-0.008789
-0.010620
-0.003235
0.002289
-0.000214
-0.006744
-0.009918
-0.007019
-0.005585
-0.001984
-0.001373
-0.002533
-0.007416
-0.005646
-0.004639
-0.004486
-0.001953
-0.003632
-0.002472
-0.002991
-0.006714
-0.003082
-0.000732
0.002106
0.001953
-0.001038
-0.001312
0.000061
0.000397
0.001190
0.000458
-0.002991
-0.002228
-0.002930
-0.000916
0.000336
0.002472
0.000458
-0.002228
-0.002289
-0.000946
0.002411
0.004333
0.003784
0.000153
-0.001068
0.000031
0.002686
0.003845
0.002441
0.002136
0.002625
0.003357
0.004028
0.002594
0.002319
0.002655
0.003326