-0.000092
0.000183
-0.000580
0.000702
-0.001221
0.001740
-0.002502
0.003510
-0.004211
0.046997
0.121246
0.089233
-0.173615
-0.284698
0.129395
0.283386
0.132935
0.081238
0.061646
0.088287
0.106873
0.044830
-0.041016
-0.005341
-0.010101
-0.049866
-0.046051
-0.047638
-0.022156
-0.034576
-0.036652
-0.027161
-0.015411
-0.017090
-0.008209
-0.012421
-0.021088
-0.009094
-0.002991
-0.020844
-0.030151
-0.000580
-0.001831
-0.011902
-0.009460
-0.007172
-0.015320
-0.014008
-0.013336
-0.020203
-0.025391
-0.022736
-0.011383
-0.004761
-0.011322
-0.008911
-0.001984
-0.003052
-0.015839
-0.024780
-0.013214
-0.005554
-0.010162
-0.010315
-0.008850
-0.011169
-0.008881
-0.010498
-0.016937
-0.024933
-0.024841
-0.017975
-0.011169
-0.011597
-0.011780
-0.011047
-0.010864
-0.010529
-0.010864
-0.009430
-0.006073
-0.006805
-0.010712
-0.009491
-0.007874
-0.007568
-0.007996
-0.006409
-0.005188
-0.005493
-0.007080
-0.008270
-0.008087
-0.005035
-0.003845
-0.003876
-0.004913
-0.006592
-0.005890
-0.002625
-0.000763
-0.000366
-0.000153
-0.001343
-0.002106
-0.001862
-0.000641
0.000732
0.001007
0.000275
0.000305
-0.000153
0.000580
0.001434
0.001343
0.000824
0.000488
0.000458
0.001068
0.001678
0.001709
0.001953
0.001709
0.001862
0.002350
0.002289
0.001923
0.001587
-0.000977
0.001129
-0.001770
0.002197
-0.002838
0.003540
-0.004913
0.036621
0.140991
0.128876
-0.140961
-0.355072
0.078613
0.347900
0.159058
0.085052
0.066101
0.101013
0.123749
0.055634
-0.064148
-0.035828
-0.004181
-0.061157
-0.056976
-0.059174
-0.027252
-0.034729
-0.046539
-0.030975
-0.008667
-0.019714
-0.010315
-0.018127
-0.035950
-0.008606
-0.009094
-0.001984
-0.017212
-0.022095
-0.008667
0.007172
-0.019440
-0.013855
-0.011017
-0.022064
-0.002563
-0.012909
-0.026520
-0.028961
-0.025360
-0.013977
-0.002014
-0.006165
-0.007721
-0.007690
-0.015808
-0.014557
-0.010651
-0.007935
-0.007446
-0.010162
-0.009552
-0.008850
-0.008759
-0.013977
-0.021790
-0.029541
-0.024536
-0.017334
-0.013153
-0.011658
-0.009369
-0.007507
-0.008209
-0.007477
-0.008148
-0.006317
-0.006836
-0.006317
-0.007812
-0.008972
-0.009735
-0.008057
-0.005249
-0.003601
-0.004761
-0.006134
-0.008331
-0.008301
-0.005920
-0.004211
-0.002380
-0.003754
-0.007477
-0.007843
-0.003998
-0.001923
-0.000885
-0.000519
-0.001434
-0.001312
-0.001343
-0.001740
0.000122
0.000824
0.001343
-0.000183
-0.000977
-0.000183
0.000671
0.001495
-0.000031
-0.000854
-0.000336
0.000488
0.000977
0.001892
0.002075
0.002106
0.002075
0.002045
0.002350
0.002441
0.001862
0.001678
0.001953
0.002594