-0.000031
0.000061
-0.000183
-0.000061
0.000031
0.000214
-0.000305
0.000397
-0.000916
0.001221
-0.002014
0.002686
-0.003754
0.005005
-0.006500
0.050140
0.121735
0.107422
-0.140198
-0.329559
0.135040
0.314087
0.110107
0.086334
0.090271
0.105042
0.093018
0.039612
-0.064240
-0.036194
-0.022247
-0.063721
-0.053864
-0.060791
-0.020416
-0.023041
-0.033203
-0.023193
0.004181
-0.008667
-0.007935
-0.008545
-0.028717
-0.004517
-0.018280
-0.015625
-0.010742
-0.021667
-0.028107
-0.009827
-0.004150
-0.023956
-0.012146
0.000824
-0.012665
-0.008484
-0.014099
-0.023285
-0.020081
-0.016205
-0.007080
-0.001099
-0.009735
-0.010468
-0.001648
-0.010468
-0.019958
-0.016937
-0.014221
-0.013672
-0.005676
-0.005981
-0.005707
-0.008881
-0.011963
-0.018341
-0.026306
-0.023712
-0.016174
-0.013672
-0.014343
-0.012268
-0.008240
-0.004242
-0.006805
-0.008301
-0.006561
-0.006989
-0.010742
-0.011353
-0.010529
-0.007843
-0.005615
-0.005035
-0.004852
-0.005310
-0.005646
-0.007080
-0.006500
-0.004059
-0.003876
-0.004303
-0.006622
-0.006866
-0.004059
-0.002289
-0.000275
-0.000366
-0.000916
-0.001770
-0.001038
-0.001068
-0.000610
0.000092
-0.000427
-0.000885
-0.000183
0.001648
0.002655
0.002380
0.001129
0.000122
0.000397
0.001190
0.001465
0.002136
0.002289
0.002350
-0.000031
0.000061
-0.000183
-0.000061
0.000031
0.000214
-0.000305
0.000397
-0.000916
0.001221
-0.002014
0.002686
-0.003754
0.005005
-0.006500
0.050140
0.121735
0.107422
-0.140198
-0.329559
0.135040
0.314087
0.110107
0.086334
0.090271
0.105042
0.093018
0.039612
-0.064240
-0.036194
-0.022247
-0.063721
-0.053864
-0.060791
-0.020416
-0.023041
-0.033203
-0.023193
0.004181
-0.008667
-0.007935
-0.008545
-0.028717
-0.004517
-0.018280
-0.015625
-0.010742
-0.021667
-0.028107
-0.009827
-0.004150
-0.023956
-0.012146
0.000824
-0.012665
-0.008484
-0.014099
-0.023285
-0.020081
-0.016205
-0.007080
-0.001099
-0.009735
-0.010468
-0.001648
-0.010468
-0.019958
-0.016937
-0.014221
-0.013672
-0.005676
-0.005981
-0.005707
-0.008881
-0.011963
-0.018341
-0.026306
-0.023712
-0.016174
-0.013672
-0.014343
-0.012268
-0.008240
-0.004242
-0.006805
-0.008301
-0.006561
-0.006989
-0.010742
-0.011353
-0.010529
-0.007843
-0.005615
-0.005035
-0.004852
-0.005310
-0.005646
-0.007080
-0.006500
-0.004059
-0.003876
-0.004303
-0.006622
-0.006866
-0.004059
-0.002289
-0.000275
-0.000366
-0.000916
-0.001770
-0.001038
-0.001068
-0.000610
0.000092
-0.000427
-0.000885
-0.000183
0.001648
0.002655
0.002380
0.001129
0.000122
0.000397
0.001190
0.001465
0.002136
0.002289
0.002350