0.000000
0.000000
0.000000
-0.000031
0.000031
0.000000
0.000000
0.000000
0.000000
0.000000
0.000031
0.000000
0.000031
0.000061
0.000000
0.000092
0.000000
0.000031
0.000153
-0.000122
0.000214
-0.000305
0.000519
-0.000244
0.000824
-0.000366
0.000000
-0.000122
0.021973
0.031219
-0.026337
-0.020966
0.015076
0.017212
0.021942
0.016632
0.039124
0.071289
0.059509
0.031494
0.026855
0.029999
0.029846
0.014587
-0.003510
0.020050
0.054016
0.054504
0.034393
0.011078
-0.006927
-0.015442
-0.017578
-0.022797
-0.024078
-0.026215
-0.028900
-0.026001
-0.024902
-0.022644
-0.017212
-0.015930
-0.016876
-0.016663
-0.017487
-0.016083
-0.017639
-0.016693
-0.014343
-0.016083
-0.014740
-0.014771
-0.016663
-0.017792
-0.016907
-0.016205
-0.016418
-0.016632
-0.016693
-0.014862
-0.012817
-0.011566
-0.011536
-0.011475
-0.009766
-0.008728
-0.008148
-0.007629
-0.006927
-0.006500
-0.006531
-0.006317
-0.006592
-0.007660
-0.008118
-0.006531
-0.005981
-0.007019
-0.006927
-0.006561
-0.005981
-0.005554
-0.006592
-0.008392
-0.009369
-0.008392
-0.007843
-0.007843
-0.007751
-0.007416
-0.005951
-0.004883
-0.004150
-0.003571
-0.003265
-0.001678
-0.000458
-0.000183
-0.000275
-0.000854
-0.000824
-0.000793
-0.000641
-0.001678
-0.001892
-0.001587
-0.001404
-0.000366
-0.013367
0.018677
-0.025177
0.032288
-0.030060
0.479401
0.048340
-0.999786
0.238281
0.395569
-0.054840
0.207306
0.490631
0.483246
-0.411652
-0.266022
0.441895
0.330536
-0.004395
-0.156921
-0.239685
-0.066681
-0.043182
-0.109131
0.025543
-0.101379
-0.054932
0.019104
-0.080322
-0.034149
-0.038239
-0.082092
-0.052856
-0.081757
-0.082275
-0.004761
-0.052185
-0.024567
-0.014984
-0.023712
0.007416
-0.027771
-0.036804
-0.013916
-0.018188
-0.028839
-0.015015
-0.028900
-0.019531
-0.023651
-0.018768
0.000977
-0.012299
-0.017151
-0.008331
-0.009705
-0.009186
-0.012512
-0.009827
-0.005890
-0.015137
-0.015228
-0.006989
-0.008087
-0.004761
0.002533
0.000671
-0.001373
-0.006348
-0.001282
-0.001923
-0.003052
-0.003510
-0.004822
-0.008606
-0.007050
-0.002625
-0.000092
-0.000061
-0.000885
-0.002106
-0.005005
-0.002258
-0.000458
0.003784
0.000732
-0.003662
-0.003845
-0.004089
0.000549
0.004730
0.001587
-0.003937
-0.007446
-0.004944
-0.003662
-0.003448
-0.001587
-0.002594
-0.004791
-0.005157
-0.002594
0.001617
0.001862
0.000153
0.001160
-0.001007
0.000641
0.002686
0.003662
0.002563
-0.000366
0.000610
0.000854
0.003143
0.006775
0.005798
0.002808
0.002930
0.005524
0.006958
0.006653
0.007141
0.007355
0.006317
0.006989
0.008179
0.007690