0.000000
0.000061
0.000031
0.000000
0.000000
0.000000
0.000031
0.000000
0.000031
0.000000
0.000000
0.000092
0.000000
0.000153
-0.000122
0.000275
0.000000
-0.000092
0.000397
-0.000580
0.001251
-0.000916
0.002014
0.010651
0.089142
0.004669
-0.119781
0.012634
0.046204
0.010406
0.024872
0.063049
0.160797
0.118103
-0.000885
0.013367
0.023468
0.013031
0.006470
-0.034760
-0.026886
-0.014282
-0.024261
-0.013611
-0.012848
-0.004517
-0.000397
-0.009521
-0.004089
-0.003113
-0.008423
0.002899
0.006378
0.006165
0.007538
-0.001648
-0.007233
-0.016388
-0.015472
-0.016693
-0.021210
-0.023865
-0.020569
-0.019104
-0.019226
-0.013550
-0.013916
-0.015533
-0.017303
-0.016754
-0.014679
-0.015930
-0.015167
-0.011688
-0.010895
-0.010712
-0.012482
-0.011963
-0.010773
-0.011017
-0.009796
-0.006866
-0.006348
-0.007324
-0.007843
-0.008057
-0.007538
-0.005859
-0.005188
-0.006134
-0.007111
-0.007812
-0.009338
-0.010620
-0.010132
-0.009979
-0.009583
-0.009521
-0.008636
-0.008240
-0.007263
-0.007202
-0.007019
-0.006042
-0.004395
-0.003540
-0.003662
-0.002869
-0.002411
-0.002045
-0.002686
-0.003632
-0.004883
-0.004944
-0.004547
-0.003601
-0.002594
-0.002472
-0.002533
-0.002563
-0.002502
-0.002197
-0.001831
-0.001251
-0.000275
0.000488
0.000549
0.000732
0.000153
-0.001953
0.003143
-0.005432
0.008026
-0.012115
0.015167
0.002869
0.343567
-0.045044
-0.588470
0.188019
0.277283
-0.125092
0.097107
0.493378
0.168091
-0.223572
0.190857
0.426636
0.081024
-0.141479
-0.144531
-0.114868
0.015991
-0.091400
-0.121246
0.006531
-0.084869
-0.065460
0.012848
-0.033600
-0.047089
-0.076935
-0.083069
-0.027496
-0.054016
-0.068848
-0.031738
-0.030914
-0.020233
-0.014313
-0.013184
-0.007812
-0.020264
-0.019318
-0.005554
-0.012756
-0.010101
-0.011871
-0.021271
-0.014099
-0.018707
-0.016052
-0.013000
-0.019104
-0.022186
-0.013275
-0.009857
-0.009888
-0.009674
-0.005768
-0.006104
-0.011902
-0.005371
-0.000458
-0.006989
-0.008179
-0.002716
-0.001587
-0.002502
-0.003906
-0.000916
-0.001251
-0.002960
-0.003540
-0.005280
-0.009094
-0.006927
-0.005127
-0.003601
-0.003113
-0.003418
-0.003632
-0.004791
-0.002655
-0.002655
-0.001007
-0.002686
-0.004272
-0.001709
-0.001068
0.000061
-0.000366
-0.003448
-0.006866
-0.008209
-0.004913
-0.004211
-0.003693
-0.002869
-0.003845
-0.004059
-0.003571
-0.001495
-0.000671
-0.001312
-0.001648
-0.000305
-0.000488
0.000580
0.002960
0.003418
0.002747
0.001495
0.001404
0.002228
0.003906
0.005188
0.004059
0.003601
0.006012
0.007507
0.007446
0.006226
0.006226
0.006622
0.005920