0.000031
0.000092
0.000092
0.000031
0.000092
0.000031
0.000061
0.000031
0.000061
0.000031
0.000092
0.000000
0.000000
0.000122
0.000061
0.000092
0.000031
0.000153
0.000031
-0.000061
0.000305
0.000000
0.000336
-0.000488
0.001129
0.006073
0.043060
0.017120
-0.056610
-0.002747
-0.000275
-0.008942
0.052795
0.046234
0.049927
0.046906
0.071960
0.086182
0.050140
0.031952
0.003845
-0.006165
0.025330
0.027435
-0.016510
-0.024078
-0.014587
-0.005707
-0.004761
-0.016907
-0.013794
-0.004669
0.001282
0.008392
0.002563
-0.011841
-0.017303
-0.017059
-0.015717
-0.018005
-0.022980
-0.019653
-0.018860
-0.022614
-0.019958
-0.020599
-0.020142
-0.018738
-0.016968
-0.013550
-0.011963
-0.011047
-0.010223
-0.010284
-0.010132
-0.010895
-0.012146
-0.012207
-0.011017
-0.013062
-0.012421
-0.010620
-0.010712
-0.009613
-0.010315
-0.009338
-0.009064
-0.008453
-0.008423
-0.008331
-0.008057
-0.007996
-0.007111
-0.007111
-0.007050
-0.007996
-0.008484
-0.008118
-0.008057
-0.006561
-0.005920
-0.004547
-0.003754
-0.003784
-0.003448
-0.003082
-0.002625
-0.003052
-0.002716
-0.002808
-0.002380
-0.001892
-0.002991
-0.004333
-0.004547
-0.002594
-0.001862
-0.002136
-0.001923
-0.002258
-0.002380
-0.001923
-0.001801
-0.002258
-0.002960
-0.003815
-0.004700
-0.004974
-0.000671
-0.001709
0.003204
-0.005493
0.004150
0.075562
0.489441
-0.279388
-0.720062
0.159729
0.046265
0.283081
0.227905
0.087708
0.806244
0.442841
-0.410919
-0.210083
0.004425
-0.084808
0.208557
-0.036407
-0.202881
-0.082367
-0.096100
0.005402
0.029907
-0.068634
-0.059784
-0.016144
-0.131561
-0.003693
-0.023834
-0.074890
-0.025635
-0.067566
-0.083435
-0.075653
-0.043732
-0.052338
-0.009186
-0.025024
-0.003937
0.004883
-0.029846
-0.021454
-0.013733
-0.000977
-0.009430
-0.002686
-0.015320
-0.016693
-0.015808
-0.018921
-0.005646
-0.016479
-0.016357
-0.016418
-0.016541
-0.013336
-0.003632
-0.001190
-0.003296
-0.005493
-0.010468
-0.000702
0.005005
0.008820
0.000488
-0.005249
-0.010620
-0.014221
-0.009766
-0.007538
-0.002808
-0.003296
-0.009460
-0.008789
-0.002319
-0.001282
-0.001831
-0.003845
-0.007141
-0.005371
-0.005219
-0.009064
-0.006805
-0.004730
-0.004364
-0.003876
-0.003693
-0.001831
0.003265
0.004456
0.000092
-0.001282
-0.000916
-0.001190
0.002686
0.004730
0.005554
0.004486
0.002472
0.003754
0.005371
0.008514
0.006348
0.003784
0.000732
-0.002228
-0.003113
-0.000244
0.005341
0.006073
0.003296
0.001404
0.001740
0.003815
0.003723
0.001526
0.000824
0.001007
-0.009399
-0.016693
-0.008301
-0.000153
0.009155
0.008789