0.000000
0.000000
-0.000031
0.000000
0.000000
-0.000031
0.000000
-0.000031
0.000000
-0.000061
0.000031
-0.000031
0.000031
0.000000
-0.000031
0.000122
-0.000275
0.000336
-0.000427
0.000793
-0.001282
0.000854
0.007294
0.057617
0.022186
-0.073517
-0.004059
-0.020325
-0.021973
0.075043
0.066895
0.067139
0.074554
0.109985
0.084045
0.031219
0.039001
-0.004150
-0.037903
-0.002808
0.002899
-0.022064
-0.017181
-0.017670
-0.010223
-0.005676
-0.002441
0.002502
-0.006378
-0.014343
-0.008789
-0.009430
-0.018066
-0.017120
-0.017883
-0.010132
-0.007660
-0.017578
-0.017944
-0.016418
-0.019501
-0.020477
-0.020996
-0.020477
-0.017456
-0.016418
-0.015839
-0.014130
-0.012329
-0.010254
-0.010895
-0.008453
-0.007111
-0.008636
-0.009216
-0.009064
-0.010437
-0.011322
-0.010864
-0.011292
-0.010315
-0.009644
-0.008118
-0.007385
-0.007080
-0.008423
-0.009216
-0.009491
-0.010101
-0.009033
-0.009064
-0.008331
-0.007477
-0.007019
-0.006775
-0.007599
-0.006561
-0.005737
-0.005371
-0.005737
-0.005432
-0.004425
-0.004303
-0.003418
-0.003235
-0.002808
-0.001984
-0.000366
0.000244
-0.000793
-0.002106
-0.004272
-0.005859
-0.004913
-0.003296
-0.002167
-0.002289
-0.002472
-0.001709
-0.000916
-0.000793
-0.001251
-0.001190
-0.001953
-0.003326
-0.004089
-0.004089
-0.003845
0.000610
-0.000214
-0.001923
0.003510
-0.005951
0.005890
0.051453
0.422607
-0.132660
-0.604431
-0.021912
-0.034790
0.321777
0.316650
0.037201
0.537689
0.662994
-0.136719
-0.334778
0.039612
-0.308502
0.082397
0.142853
-0.196350
-0.072723
-0.109528
-0.043152
0.060425
-0.003021
-0.068634
0.047089
-0.093994
-0.050873
-0.030243
-0.122070
-0.029633
-0.087769
-0.099518
-0.063324
-0.036957
-0.044678
-0.009735
0.002380
-0.009186
0.018646
-0.030090
-0.010193
-0.010223
-0.010315
-0.002106
-0.006897
-0.009033
-0.027771
-0.022583
-0.024353
-0.007538
-0.020142
-0.010864
-0.002869
-0.010223
-0.011322
-0.008453
-0.005920
-0.007263
-0.002808
-0.006989
-0.000519
0.005371
0.004303
0.002289
-0.002502
-0.008362
-0.011322
-0.010315
-0.008362
-0.005615
-0.002502
-0.007690
-0.007874
-0.005402
-0.004547
-0.004547
-0.004211
-0.006897
-0.004089
-0.004181
-0.007965
-0.006226
-0.005219
-0.005402
-0.003448
-0.001617
-0.003601
0.001068
0.001617
-0.000031
0.000092
-0.000244
-0.001526
0.001740
0.004608
0.004883
0.005554
0.005646
0.005035
0.004639
0.005096
0.002808
0.001923
0.001038
0.000183
-0.000732
0.001282
0.004761
0.005768
0.004517
0.003510
0.002075
-0.000061
-0.000854
-0.000244
0.003448
0.004272
-0.011566
-0.019257
-0.009125
-0.001617
0.011414