-0.000031
0.000000
0.000031
-0.000153
0.000092
-0.000092
0.000122
-0.000092
-0.000092
0.000092
-0.000580
0.000702
-0.001526
0.001862
-0.002533
0.003784
0.010559
0.151031
0.074005
-0.232880
-0.144073
0.020996
0.053894
0.100494
0.157593
0.288147
0.254547
0.020966
-0.014130
-0.006683
-0.016083
0.020660
-0.052704
-0.055511
-0.026550
-0.073944
-0.065430
-0.037170
-0.039215
-0.028168
-0.020813
-0.035583
-0.007080
-0.007080
-0.019043
-0.012787
-0.020325
-0.025757
-0.038635
-0.029388
-0.019196
-0.014404
-0.019165
-0.009033
-0.005341
-0.007477
-0.011261
-0.011230
-0.000549
-0.001404
-0.001221
-0.002014
-0.002289
-0.002167
-0.000427
-0.000610
-0.006256
-0.010284
-0.011414
-0.010712
-0.010925
-0.011658
-0.009644
-0.011993
-0.012299
-0.008575
-0.005402
-0.004608
-0.003479
-0.003571
-0.005981
-0.008209
-0.010254
-0.009918
-0.009827
-0.010681
-0.009491
-0.010895
-0.012817
-0.010834
-0.009735
-0.007202
-0.007019
-0.007263
-0.007324
-0.005829
-0.004456
-0.004974
-0.003906
-0.002808
-0.002228
-0.002808
-0.001984
-0.000824
-0.000732
-0.000092
-0.000427
-0.000427
0.000336
0.002411
0.003052
-0.000153
-0.003143
-0.005371
-0.005341
-0.004761
-0.002899
-0.000763
-0.000153
0.000671
0.000031
-0.000977
-0.002930
-0.003967
-0.003754
-0.005066
-0.005646
-0.004395
0.000061
-0.000031
0.000122
0.000000
0.000153
0.000000
-0.000122
0.000427
-0.000946
0.001343
-0.002258
0.003021
-0.004242
0.006073
0.001984
0.148956
0.091980
-0.211395
-0.130829
-0.023041
0.014954
0.109650
0.173859
0.285522
0.274353
0.071747
0.016968
-0.006165
-0.015289
0.027893
-0.059937
-0.064758
-0.027435
-0.078552
-0.082458
-0.055542
-0.048401
-0.032043
-0.024475
-0.035919
-0.013275
-0.015442
-0.013489
-0.010712
-0.030060
-0.027283
-0.034241
-0.034637
-0.030151
-0.018555
-0.016266
-0.009552
-0.009033
-0.008636
-0.008423
-0.010406
-0.005035
-0.001404
-0.000244
-0.002411
-0.007385
-0.009583
-0.005890
-0.002411
-0.001160
-0.005554
-0.004883
-0.009521
-0.013275
-0.013489
-0.012146
-0.010834
-0.010803
-0.008270
-0.003204
-0.000458
0.000549
-0.000763
-0.004120
-0.008026
-0.011414
-0.011261
-0.011017
-0.009705
-0.009277
-0.009918
-0.011719
-0.010437
-0.009277
-0.008362
-0.007812
-0.008148
-0.007751
-0.006287
-0.005585
-0.004578
-0.004547
-0.004028
-0.002991
-0.002899
-0.001709
0.000000
0.001343
0.000244
0.000244
0.000092
0.000641
0.001984
0.002960
0.003296
0.001526
-0.000793
-0.002380
-0.003204
-0.003510
-0.002197
-0.001068
-0.001434
-0.000397
0.000458
-0.000885
-0.003235
-0.003448
-0.003143
-0.004364
-0.005646
-0.005524
0.001160