0.000000
0.000000
-0.000031
-0.000031
-0.000031
-0.000092
0.000000
-0.000092
-0.000061
0.000031
-0.000122
0.000061
-0.000061
-0.000061
0.000031
-0.000244
0.000305
-0.000519
0.000793
-0.001129
0.000427
0.009003
0.063751
0.018677
-0.078491
-0.002930
-0.026703
-0.022949
0.079407
0.073822
0.078186
0.087280
0.121429
0.077789
0.014465
0.037750
0.010498
-0.036896
-0.009705
-0.003326
-0.032623
-0.019318
-0.016174
-0.016846
-0.016907
-0.004669
0.011383
-0.001831
-0.014038
-0.010529
-0.008606
-0.012421
-0.020538
-0.028534
-0.019989
-0.012146
-0.014221
-0.012329
-0.016144
-0.019836
-0.017761
-0.021698
-0.021179
-0.015503
-0.015320
-0.014069
-0.014160
-0.012177
-0.010223
-0.012085
-0.008972
-0.007721
-0.007172
-0.008148
-0.008301
-0.010468
-0.011597
-0.009827
-0.010529
-0.009644
-0.009369
-0.008575
-0.007812
-0.007385
-0.006348
-0.007477
-0.009399
-0.010529
-0.011017
-0.009827
-0.009186
-0.007355
-0.006653
-0.006256
-0.006042
-0.006836
-0.006348
-0.006226
-0.005707
-0.005585
-0.004913
-0.004272
-0.004120
-0.002991
-0.002808
-0.002258
-0.001221
-0.000824
-0.000458
-0.001038
-0.001923
-0.005035
-0.006470
-0.004974
-0.002838
-0.001465
-0.001770
-0.001892
-0.001923
-0.000183
-0.000122
-0.001038
-0.001221
-0.002991
-0.003296
-0.003601
-0.003784
-0.004395
-0.003662
0.004852
-0.007141
0.008514
-0.010773
0.013184
-0.012573
0.263458
0.263000
-0.546173
-0.251312
-0.014343
0.062622
0.479156
0.102875
0.205048
0.669464
0.368408
-0.415894
-0.079529
-0.062286
-0.301727
0.249329
-0.041779
-0.185059
-0.055756
-0.100067
0.007507
0.068451
-0.058228
0.015167
0.020966
-0.134277
-0.021332
-0.081329
-0.089996
-0.042328
-0.110107
-0.081299
-0.041748
-0.040436
-0.032043
0.014679
-0.015533
0.007172
0.000519
-0.025513
0.000885
-0.017273
-0.002502
-0.007721
-0.008118
-0.022552
-0.023987
-0.019653
-0.016174
-0.011475
-0.014862
-0.001770
-0.008057
-0.014313
-0.010223
-0.005493
-0.008301
-0.006042
-0.002777
-0.003235
0.001404
0.004608
0.001434
0.001678
-0.003540
-0.009857
-0.010529
-0.009613
-0.007233
-0.004272
-0.005829
-0.008240
-0.007690
-0.006195
-0.005524
-0.003082
-0.004242
-0.006226
-0.003021
-0.005951
-0.006897
-0.005798
-0.005524
-0.005615
-0.001068
-0.002625
-0.001770
0.002808
0.000275
-0.001068
-0.001251
-0.000763
0.000336
0.003662
0.005157
0.004974
0.006378
0.005859
0.003723
0.004272
0.002991
0.001282
0.000610
0.001221
0.000977
0.001282
0.003998
0.005219
0.004608
0.003754
0.002472
-0.000397
-0.001617
-0.000824
0.001312
0.005768
-0.004303
-0.019867
-0.013214
-0.005280
0.005798