0.000000
-0.000092
0.000031
-0.000031
-0.000031
-0.000122
0.000214
-0.000214
0.000488
-0.000671
0.000793
-0.001282
0.001404
-0.001984
0.002045
-0.002594
0.003479
-0.001770
0.094330
0.169769
-0.175507
-0.239227
-0.018311
0.023163
0.132416
0.138702
0.138794
0.266815
0.203522
0.028351
-0.013214
-0.037689
-0.033081
-0.014313
-0.035065
-0.020935
-0.056519
-0.073456
-0.060394
-0.047699
-0.014648
-0.029388
-0.028748
-0.023590
-0.015625
-0.006836
-0.001556
-0.013641
-0.010406
-0.020721
-0.036774
-0.023285
-0.022858
-0.018799
-0.014191
-0.008026
0.001343
-0.000366
-0.007507
-0.001221
0.000488
0.000610
0.000549
-0.004517
-0.001373
0.002594
-0.001648
-0.005127
-0.010498
-0.011932
-0.010437
-0.012421
-0.014130
-0.011658
-0.010895
-0.010864
-0.009399
-0.009338
-0.008209
-0.007111
-0.006714
-0.009735
-0.009338
-0.010559
-0.010254
-0.007874
-0.006317
-0.003967
-0.003998
-0.005280
-0.004791
-0.004089
-0.004791
-0.006439
-0.006561
-0.002655
-0.000092
-0.013123
-0.020966
-0.013977
-0.007629
0.001740
-0.000946
-0.007507
-0.002136
0.001495
-0.002930
-0.008484
-0.009399
-0.009064
-0.010742
-0.006622
-0.007233
-0.008911
-0.002563
-0.001190
0.001129
0.002045
0.001068
0.003754
0.004913
0.005829
0.006104
0.004883
0.002411
-0.002197
-0.006012
-0.006439
0.000000
-0.000031
-0.000153
-0.000092
0.000061
-0.000214
0.000366
-0.000732
0.000885
-0.001740
0.002014
-0.003021
0.003448
-0.004761
0.006104
-0.004059
0.122192
0.147827
-0.207336
-0.175140
-0.048676
-0.016510
0.152069
0.151794
0.182861
0.278076
0.170593
0.081665
0.036560
-0.057281
-0.022736
-0.046631
-0.060883
-0.007568
-0.072693
-0.087921
-0.064697
-0.058014
-0.028229
-0.032654
-0.040436
-0.018707
-0.008881
-0.009918
0.002075
-0.016174
-0.009369
-0.026886
-0.041046
-0.030762
-0.025238
-0.016052
-0.014130
-0.013641
-0.005737
-0.000031
-0.002533
0.002472
-0.003967
-0.003754
-0.003174
-0.009003
-0.010498
-0.011353
-0.010681
-0.004242
-0.003296
-0.001984
-0.004883
-0.010986
-0.012848
-0.012512
-0.012848
-0.010712
-0.006348
-0.005768
-0.004974
-0.006104
-0.007111
-0.009796
-0.010498
-0.011017
-0.011017
-0.009888
-0.006775
-0.004364
-0.002075
-0.003174
-0.003540
-0.001709
-0.001465
-0.004028
-0.007782
-0.008423
-0.001831
-0.001495
-0.016815
-0.017242
-0.010925
-0.004883
0.004303
-0.000763
-0.004425
0.005096
0.002228
-0.005951
-0.007812
-0.007751
-0.011261
-0.012817
-0.007874
-0.011749
-0.006897
0.000183
-0.000366
0.004486
0.003387
0.000580
0.002380
0.004364
0.006897
0.007050
0.006104
0.004089
0.000092
-0.005371
-0.007172
-0.007050