-0.000031
0.000000
-0.000031
0.000031
0.000000
0.000000
0.000000
0.000092
-0.000031
0.000275
-0.000244
0.000458
-0.000458
0.000610
-0.000549
0.000793
-0.000519
0.000977
-0.000580
0.045807
0.098083
-0.076141
-0.098297
0.015198
-0.041626
0.044434
0.113312
0.105072
0.101501
0.099426
0.130585
0.076263
0.023193
-0.012939
-0.072723
-0.054230
0.030396
-0.019409
-0.069427
-0.033173
-0.016235
-0.015228
-0.027374
-0.021362
-0.005402
-0.001434
-0.020294
-0.013824
-0.011536
-0.019714
-0.023499
-0.027740
-0.021515
-0.011353
-0.010315
-0.012695
-0.010223
-0.004303
-0.005310
-0.008118
-0.009827
-0.003082
0.001709
-0.003540
-0.004211
-0.009491
-0.012573
-0.005585
-0.003693
-0.001251
0.002472
-0.003479
-0.003754
-0.007874
-0.011169
-0.015594
-0.021667
-0.021515
-0.015411
-0.008820
-0.002808
0.001312
-0.000610
-0.002289
-0.007843
-0.010895
-0.011566
-0.014252
-0.016754
-0.018158
-0.015442
-0.007111
-0.001251
-0.001556
-0.005219
-0.005035
-0.004364
-0.005005
-0.005798
-0.007385
-0.008087
-0.008057
-0.007935
-0.008545
-0.007111
-0.005768
-0.007111
-0.007538
-0.004150
-0.002716
-0.001160
-0.000366
-0.000549
-0.000702
-0.002625
-0.002533
-0.001007
-0.001007
-0.002258
-0.002289
-0.003143
-0.003845
-0.001465
0.002411
0.003021
0.003479
0.003387
0.000763
0.000793
-0.000916
0.000671
-0.000854
0.000061
0.000519
-0.001831
0.002441
-0.003998
0.002991
0.048492
0.307129
-0.113586
-0.423553
0.084839
-0.088989
0.113647
0.391510
0.165100
0.138275
0.177734
0.415649
0.014069
-0.135529
-0.093262
-0.258759
0.129639
0.118683
-0.178925
-0.125427
-0.086670
-0.143433
-0.092438
-0.056519
0.015625
0.016174
-0.061829
-0.027863
0.018646
-0.031311
-0.019775
-0.041779
-0.042511
-0.019928
-0.041107
-0.019501
0.002899
-0.013367
-0.008820
-0.000702
-0.020477
0.001617
-0.013031
-0.011597
-0.002197
-0.006683
-0.006592
-0.004730
-0.023407
-0.031464
-0.025940
-0.032806
-0.005341
0.014252
0.005432
0.009094
0.002930
-0.003418
-0.006989
-0.013489
-0.026672
-0.037689
-0.023071
-0.011963
0.003082
0.004791
0.003906
0.000580
-0.002014
0.001465
0.004913
-0.000732
-0.009949
-0.020264
-0.022308
-0.011261
-0.005219
-0.003693
-0.002380
0.001312
0.000671
0.005676
0.003510
-0.002014
-0.000031
0.002136
0.001617
0.003479
0.001038
0.000153
0.003418
0.003235
-0.002716
-0.004364
-0.006104
-0.007507
-0.000977
0.001038
0.005676
0.003601
-0.000916
-0.002594
-0.002808
0.001373
0.002441
0.001984
0.003387
0.000763
0.000977
0.000793
-0.002289
-0.003662
-0.002777
0.000427
0.001984
0.005371
0.005768
0.004730