-0.000153
0.000153
0.000000
-0.000122
0.000366
-0.000824
0.001404
-0.002380
0.003174
-0.004425
0.005554
-0.006775
0.008057
0.000763
0.177063
0.092285
-0.239197
0.145355
-0.078857
-0.110840
0.324768
0.019867
0.106567
0.391907
0.135895
-0.210144
0.064972
0.104645
-0.253174
-0.136627
0.022217
-0.058380
-0.095367
-0.010345
0.007416
-0.004333
-0.020477
0.000183
0.017456
-0.022888
-0.013977
-0.017212
-0.025085
-0.004669
0.006989
-0.006866
-0.001495
-0.015167
-0.020355
-0.017517
-0.039703
-0.041534
-0.032471
-0.038147
-0.029083
-0.020233
-0.026093
-0.028625
-0.015991
-0.008820
-0.013031
-0.012970
-0.010529
-0.005554
-0.006714
-0.009583
-0.009003
-0.007690
-0.010132
-0.011505
-0.013092
-0.012360
-0.010345
-0.011444
-0.010742
-0.007996
-0.007599
-0.005341
-0.004761
-0.006714
-0.006317
-0.006836
-0.009155
-0.006744
-0.005768
-0.005646
-0.003204
-0.004211
-0.003387
-0.002289
-0.002930
-0.004761
-0.003143
-0.003571
-0.005920
-0.005646
-0.003876
-0.002228
-0.002045
-0.002899
-0.003143
-0.003235
-0.003265
-0.002136
-0.000916
-0.000092
0.000000
-0.001526
-0.001923
0.000336
0.000854
0.001587
0.001282
0.001038
0.000702
-0.000946
-0.001801
-0.000610
-0.000488
-0.001282
-0.000244
0.001068
0.000977
0.001068
0.002228
0.002075
0.002106
0.002136
0.000275
-0.000702
0.001312
-0.001862
0.002533
-0.003571
0.004242
-0.005310
0.005859
-0.006226
0.006744
-0.005615
0.160522
0.217529
-0.326599
0.097931
0.016724
-0.242920
0.419769
0.063019
0.035278
0.492401
0.221863
-0.311249
0.012817
0.219452
-0.308319
-0.215515
0.047150
-0.056610
-0.130829
-0.021881
0.020203
-0.011261
-0.023529
0.006470
0.037933
-0.022095
-0.010132
-0.026917
-0.038757
-0.005341
-0.004120
-0.017700
0.015076
-0.009552
-0.024872
0.002930
-0.038971
-0.069336
-0.051239
-0.049103
-0.045319
-0.038269
-0.032654
-0.012115
-0.005188
-0.006744
-0.010986
-0.004181
-0.004517
-0.003204
-0.003723
-0.004303
-0.002899
-0.004364
-0.004517
-0.007874
-0.010254
-0.010590
-0.011719
-0.013031
-0.014557
-0.011627
-0.011810
-0.009186
-0.006775
-0.007446
-0.004700
-0.005951
-0.007874
-0.007019
-0.003845
-0.005920
-0.003113
-0.004364
-0.006897
-0.003662
-0.002777
-0.004059
-0.002136
-0.001801
-0.004608
-0.006439
-0.003876
-0.000946
-0.000793
-0.001160
-0.002502
-0.001282
-0.002808
-0.001373
-0.001740
-0.001404
0.000580
-0.001953
-0.002899
-0.001007
0.001129
0.001312
0.000671
0.000397
0.000214
-0.000061
-0.002411
-0.000641
0.000000
-0.001587
0.000275
0.001434
0.002472
0.002899
0.004395
0.003571
0.002869
0.003510
0.001587
0.001251