0.000000
0.000031
0.000000
0.000061
-0.000031
0.000000
0.000000
-0.000031
0.000000
0.000000
0.000000
0.000000
0.000000
-0.000061
0.000092
-0.000092
0.000092
-0.000061
0.000183
0.000000
-0.000183
0.000824
-0.000427
0.000641
0.013855
0.060822
-0.004059
-0.018707
0.050385
-0.036041
0.004791
0.065918
0.022797
0.073639
0.137634
0.069153
0.001617
0.057617
0.035919
-0.039642
-0.021576
-0.002777
-0.031464
-0.022919
0.001068
0.002808
0.001678
0.008484
0.020844
0.018066
0.005798
-0.007965
-0.015594
-0.021057
-0.017944
-0.021088
-0.027130
-0.022491
-0.024750
-0.023987
-0.028473
-0.034363
-0.029724
-0.022003
-0.022705
-0.023895
-0.017700
-0.014587
-0.013550
-0.014252
-0.016083
-0.015747
-0.017334
-0.016205
-0.014709
-0.014374
-0.013428
-0.012878
-0.011475
-0.011902
-0.010345
-0.009216
-0.008423
-0.008270
-0.009705
-0.007477
-0.006897
-0.006744
-0.006989
-0.007050
-0.006500
-0.007172
-0.006317
-0.006592
-0.006073
-0.006317
-0.005798
-0.005005
-0.006104
-0.005890
-0.005859
-0.005920
-0.005615
-0.004791
-0.004913
-0.004700
-0.003815
-0.003204
-0.003143
-0.003326
-0.002808
-0.003571
-0.003296
-0.003510
-0.003540
-0.002991
-0.002686
-0.001770
-0.001923
-0.001404
-0.001404
-0.001343
-0.001282
-0.001404
-0.000732
-0.000366
-0.000122
0.000183
-0.004822
0.004913
-0.004822
0.004761
-0.008728
0.145630
0.466003
-0.269989
-0.410522
0.098877
0.118286
0.167694
0.073914
0.658844
0.432495
-0.280579
0.002472
0.089447
-0.136993
-0.087555
-0.137970
-0.221375
0.002014
-0.131744
-0.066010
0.075287
-0.071259
-0.045654
-0.007416
-0.047119
-0.001617
0.030670
-0.064117
-0.003571
-0.022247
-0.024170
0.018555
-0.055786
-0.097260
-0.056549
-0.039856
-0.071320
-0.034302
-0.029999
-0.025879
-0.011780
-0.035278
-0.030060
-0.015350
-0.017090
-0.011719
-0.002563
-0.006561
-0.003662
-0.000305
-0.003632
0.002533
-0.004791
-0.014252
-0.018097
-0.015839
-0.010468
-0.007050
-0.004242
-0.005157
-0.008392
-0.002686
-0.001617
-0.002319
-0.002411
-0.007599
-0.008118
-0.007416
-0.008179
-0.007172
0.000061
-0.000122
-0.001678
-0.005371
-0.004333
-0.001343
-0.003540
-0.001923
0.000214
-0.000763
-0.001709
-0.003601
-0.001373
0.004730
0.004852
0.002625
-0.003052
-0.005615
-0.004639
-0.003448
0.000031
0.002686
0.001312
-0.004089
-0.006012
-0.001953
0.001495
0.002838
0.000916
-0.000580
-0.001465
-0.001434
0.000885
0.001465
0.000275
-0.001587
-0.002472
-0.001923
0.001373
0.004730
0.006073
0.005157
0.003479
0.003876
0.005005
0.005249
0.004791
0.003174
0.001801
0.001831
0.002930
0.006775
0.007019