0.000031
0.000000
0.000031
-0.000061
0.000031
0.000000
0.000000
0.000061
0.000000
0.000000
0.000061
-0.000061
0.000153
-0.000183
0.000244
-0.000031
0.000122
0.000061
-0.000397
0.001038
-0.000702
0.000793
0.016296
0.085052
0.000610
-0.033844
0.035126
-0.068909
0.031342
0.090332
0.036499
0.141083
0.129852
0.010406
0.008667
0.065704
-0.002045
-0.060944
-0.026093
-0.001007
-0.021118
-0.030396
-0.007233
-0.005524
-0.010895
-0.010590
-0.002228
0.000000
0.010254
0.019836
0.010834
0.001068
-0.001221
-0.003632
-0.008362
-0.008026
-0.014404
-0.021912
-0.022980
-0.023743
-0.021820
-0.022278
-0.034698
-0.037476
-0.028748
-0.025726
-0.025421
-0.021606
-0.018707
-0.014679
-0.016052
-0.018860
-0.018097
-0.017914
-0.016357
-0.015228
-0.015167
-0.013794
-0.012024
-0.010498
-0.010345
-0.011322
-0.010529
-0.007874
-0.005646
-0.006195
-0.006195
-0.005341
-0.005981
-0.006714
-0.007141
-0.006866
-0.006805
-0.006470
-0.005920
-0.005554
-0.005127
-0.006042
-0.005463
-0.005310
-0.005127
-0.004791
-0.005371
-0.004883
-0.004395
-0.003296
-0.003235
-0.002197
-0.001434
-0.002136
-0.002228
-0.002930
-0.002716
-0.002411
-0.001923
-0.001617
-0.002228
-0.001923
-0.001373
-0.000519
-0.000549
-0.000702
-0.000824
-0.000977
-0.000610
-0.000183
0.000549
0.000000
-0.003571
0.004730
-0.007080
0.009705
-0.013184
0.017090
-0.011688
0.305115
0.274994
-0.314301
-0.226532
-0.057404
0.234802
0.088959
0.278473
0.680817
0.012543
-0.111908
0.128326
-0.082916
-0.148071
-0.107727
-0.265686
-0.085968
0.012787
-0.179413
0.025238
-0.015442
-0.043365
0.033752
-0.018768
-0.037933
0.023468
-0.010742
-0.125153
-0.025757
-0.023315
0.018829
0.035400
-0.001221
0.017609
-0.003418
-0.028992
-0.032349
-0.046234
-0.108795
-0.062042
-0.021759
-0.054993
-0.044098
-0.024170
-0.009369
-0.002563
-0.017883
-0.023804
-0.003662
-0.009552
-0.013214
0.000732
-0.005890
-0.008209
-0.006897
-0.005554
0.002350
0.003418
0.000580
-0.002991
-0.006989
-0.013031
-0.005798
-0.003326
-0.004456
-0.005127
-0.006134
-0.009796
-0.010651
-0.006378
-0.003510
-0.000671
-0.003418
-0.007202
-0.007324
-0.006897
-0.003815
-0.000977
-0.002106
-0.003998
-0.006805
-0.006226
-0.002411
0.003357
0.002808
-0.000946
-0.005127
-0.004608
-0.001282
0.002197
0.005127
0.004089
0.001923
-0.000732
0.001282
0.003693
0.004852
0.002930
-0.001007
-0.002441
-0.001801
0.000458
0.002777
0.001923
0.000580
-0.001831
-0.003021
-0.000977
0.005432
0.007721
0.004517
0.002808
0.000275
-0.000122
0.001648
0.002045
0.001556
0.001678
0.000671
0.001373
0.004150