0.000000
0.000000
0.000000
0.000000
0.000000
0.000000
0.000031
0.000000
0.000000
-0.000031
0.000000
0.000000
-0.000031
0.000000
0.000000
-0.000061
0.000000
0.000000
0.000122
0.000092
-0.000153
0.000427
-0.000824
0.001099
0.000153
-0.000061
0.000000
0.023041
0.049072
-0.005280
0.000885
0.005798
-0.028992
0.030731
0.037476
0.061615
0.119049
0.078064
0.029083
0.047119
0.050140
0.001373
-0.023163
-0.006622
0.016388
0.009155
0.004395
0.004822
-0.000580
-0.001434
-0.005188
-0.004944
-0.008453
-0.011688
-0.019775
-0.024292
-0.025940
-0.023346
-0.018646
-0.023590
-0.023376
-0.021118
-0.020721
-0.020599
-0.021790
-0.023254
-0.026062
-0.021332
-0.019684
-0.020782
-0.019257
-0.017334
-0.013306
-0.012848
-0.013367
-0.015442
-0.015656
-0.015106
-0.015198
-0.013794
-0.014404
-0.013214
-0.011749
-0.012207
-0.011688
-0.011902
-0.010223
-0.009705
-0.009003
-0.008545
-0.008026
-0.006104
-0.006226
-0.005066
-0.005859
-0.006561
-0.006348
-0.006256
-0.005890
-0.006775
-0.006409
-0.005981
-0.005951
-0.005981
-0.006042
-0.004639
-0.003998
-0.003784
-0.003998
-0.003387
-0.003021
-0.002594
-0.002258
-0.002594
-0.002502
-0.002899
-0.002533
-0.002716
-0.002197
-0.001862
-0.001862
-0.001068
-0.000732
-0.000580
-0.000458
-0.000397
-0.001221
-0.001526
-0.005249
0.005554
-0.005829
0.006073
-0.008972
0.176483
0.487091
-0.277435
-0.466309
0.092407
0.193024
0.074524
0.378052
0.624115
-0.135101
-0.011536
0.183594
-0.092651
-0.026703
-0.111511
-0.232971
-0.078705
-0.033295
-0.186707
0.000275
-0.062073
-0.080688
0.020355
-0.007263
0.029541
-0.061462
-0.058624
-0.023743
-0.027435
-0.014954
0.047455
-0.003815
-0.002380
0.026520
-0.046112
-0.081207
-0.124146
-0.060791
-0.014404
-0.037994
-0.048889
-0.024200
-0.007080
-0.017303
-0.016174
-0.010315
-0.005829
-0.027527
-0.026520
-0.010010
-0.001343
0.006592
-0.006042
-0.011536
-0.011963
-0.012451
-0.004608
-0.005737
-0.005157
-0.009064
-0.011108
-0.012878
-0.003906
0.002289
0.000519
0.001617
-0.004456
-0.008606
-0.011292
-0.005035
0.000916
0.000275
-0.005157
-0.008423
-0.006531
-0.004822
0.001160
0.003967
-0.001343
-0.005554
-0.007141
-0.004059
0.000336
0.004395
0.004089
-0.000305
-0.005615
-0.004822
-0.001373
0.001526
0.005310
0.002258
-0.000916
-0.001801
0.000183
0.004425
0.006714
0.003571
-0.000519
-0.002533
-0.003448
0.000641
0.004486
0.002502
-0.000031
-0.001953
-0.003204
0.000092
0.005737
0.006744
0.005188
0.003143
0.000214
0.000885
0.003845
0.003723
0.002777
0.001129
-0.002106
-0.000366
0.002869
0.003418
0.003510