0.000000
0.000000
0.000031
-0.000031
0.000000
-0.000061
-0.000031
-0.000031
0.000000
-0.000031
-0.000031
-0.000061
0.000000
-0.000092
0.000092
-0.000153
0.000183
-0.000275
0.000275
-0.000519
0.000641
-0.000275
0.000946
0.000153
0.028442
0.074890
-0.003937
-0.042816
0.014648
0.004456
-0.018158
0.065948
0.154755
0.077026
0.026062
0.064117
0.046539
0.005157
-0.004822
-0.016418
-0.024689
-0.013550
-0.014740
-0.014160
-0.007080
-0.005585
-0.005859
-0.015839
-0.012573
-0.003998
-0.001678
0.002563
0.004120
-0.000977
-0.001801
-0.001434
-0.009674
-0.013000
-0.019409
-0.025299
-0.023773
-0.022369
-0.021820
-0.022583
-0.020721
-0.017883
-0.016357
-0.015686
-0.016022
-0.012543
-0.011841
-0.016449
-0.018860
-0.018127
-0.017731
-0.012756
-0.010742
-0.013092
-0.012970
-0.012695
-0.011292
-0.011841
-0.011810
-0.009216
-0.008331
-0.008728
-0.008514
-0.008698
-0.007141
-0.007843
-0.007690
-0.007416
-0.008850
-0.007538
-0.006409
-0.004639
-0.005371
-0.005737
-0.005554
-0.005615
-0.004608
-0.003784
-0.002472
-0.004364
-0.006012
-0.006104
-0.005554
-0.004700
-0.004608
-0.003204
-0.003479
-0.004486
-0.004639
-0.004517
-0.003723
-0.003845
-0.002747
-0.002655
-0.003174
-0.003296
-0.003052
-0.002289
-0.002350
-0.001343
-0.000458
0.000000
0.000458
0.001068
0.001495
-0.002899
0.004028
-0.005859
0.007568
-0.010498
0.013275
-0.012146
0.231354
0.198914
-0.388062
-0.061218
0.300598
-0.030975
-0.048615
0.412140
0.112030
-0.040527
0.368683
0.146118
-0.091644
-0.095734
-0.015350
-0.068573
-0.123718
-0.073853
-0.073212
-0.077148
-0.044037
-0.014679
-0.052429
-0.009064
-0.022217
-0.049896
-0.006805
-0.027527
-0.014648
-0.022247
-0.020447
-0.038208
-0.028473
-0.036011
-0.059296
-0.045593
-0.037262
-0.022888
-0.030212
-0.029572
-0.029755
-0.012726
-0.015930
-0.019958
-0.003815
-0.005829
-0.014099
-0.006500
-0.001434
-0.004883
-0.006622
-0.006439
-0.010559
-0.009491
-0.009888
-0.009949
-0.007568
-0.009094
-0.008759
-0.011200
-0.007568
-0.007660
-0.004669
-0.001740
0.000000
-0.001434
-0.002136
-0.002045
-0.003571
-0.003601
-0.004028
-0.008728
-0.008972
-0.007385
-0.006165
-0.004364
-0.003601
-0.003418
-0.007080
-0.006012
-0.005066
-0.002167
-0.001587
-0.001953
-0.002747
-0.003113
-0.001160
0.000183
0.000366
0.000336
0.000122
-0.000671
-0.000641
0.001678
0.003296
0.003693
0.003174
0.000397
0.000671
0.001556
0.002289
0.002838
0.002258
-0.000427
-0.002014
-0.002502
-0.002441
-0.000427
0.001587
0.001678
0.001190
0.001099
0.000824
0.000854
0.000122
-0.001251
-0.002533
-0.002014
-0.000366
0.001282