0.000000
0.000000
0.000061
0.000061
0.000000
0.000000
-0.000031
0.000000
0.000000
0.000031
0.000000
0.000031
-0.000061
0.000000
0.000000
0.000061
0.000000
0.000122
-0.000122
0.000031
-0.000061
0.000122
0.000305
0.000061
0.000458
0.013336
0.070404
0.041626
-0.035339
-0.017548
-0.007904
-0.012115
0.075684
0.141815
0.067963
0.037903
0.071716
0.053284
0.013580
0.000214
-0.003265
-0.026367
-0.036804
-0.017365
-0.006805
-0.015137
-0.011810
-0.004883
-0.008789
-0.005402
-0.004333
-0.005371
-0.009399
-0.011505
-0.003998
0.002533
0.000122
-0.004852
-0.003662
-0.012726
-0.023712
-0.027161
-0.024658
-0.020721
-0.019318
-0.019867
-0.019501
-0.018677
-0.019897
-0.015198
-0.011139
-0.013153
-0.017151
-0.016998
-0.014099
-0.011505
-0.010223
-0.015717
-0.015930
-0.015594
-0.016296
-0.011780
-0.011841
-0.010529
-0.010101
-0.010864
-0.011871
-0.012177
-0.010010
-0.007294
-0.006927
-0.007294
-0.006989
-0.009216
-0.008392
-0.007629
-0.006592
-0.006470
-0.007782
-0.006714
-0.006012
-0.005524
-0.004578
-0.003845
-0.004395
-0.004761
-0.004791
-0.004761
-0.003357
-0.002380
-0.002136
-0.002014
-0.001984
-0.002441
-0.003143
-0.003113
-0.002228
-0.001770
-0.001526
-0.001129
-0.000671
-0.000397
-0.000488
-0.001373
-0.002747
-0.003174
-0.002869
-0.001434
-0.000336
0.000336
-0.000305
-0.000366
0.000916
-0.002075
0.003296
-0.005341
0.006439
0.018768
0.277954
0.087738
-0.303101
0.024963
0.174438
-0.108490
0.116760
0.400513
0.024658
0.119385
0.246979
0.026123
-0.074371
-0.066833
-0.040314
-0.118591
-0.107056
-0.069672
-0.066742
-0.056488
-0.012360
-0.026215
-0.046906
-0.009796
-0.028687
-0.023102
-0.030731
-0.028168
-0.011932
-0.016998
-0.011627
0.000793
-0.002899
-0.032990
-0.025513
-0.030060
-0.041199
-0.039246
-0.031586
-0.041595
-0.042114
-0.032532
-0.030151
-0.015900
-0.015411
-0.023193
-0.021149
-0.006409
-0.001343
0.000549
0.003998
0.001038
-0.005737
-0.005463
-0.006439
-0.006805
-0.007874
-0.008728
-0.008850
-0.009369
-0.010345
-0.008911
-0.004517
-0.003815
-0.004517
-0.006012
-0.005493
-0.007660
-0.004364
-0.000702
-0.001831
-0.004456
-0.003479
-0.003052
-0.003845
-0.001312
-0.001953
-0.005280
-0.006317
-0.006439
-0.006073
-0.005829
-0.004578
-0.002930
-0.002167
-0.003784
-0.004150
-0.001709
-0.002289
-0.001190
-0.000793
-0.001648
-0.000671
0.000793
0.001343
0.002930
0.003571
0.000275
-0.000061
0.001862
0.001099
0.001251
0.002960
0.001373
0.000244
0.002594
0.004761
0.004028
0.004730
0.004272
0.001862
0.001251
0.001129
0.000488
0.000244
0.000885
0.000397
0.000824