0.000000
0.000000
0.000000
0.000000
-0.000031
0.000000
-0.000061
-0.000061
-0.000031
0.000000
-0.000031
0.000000
-0.000061
0.000000
-0.000122
0.000061
-0.000031
0.000275
-0.000336
0.000183
-0.000061
0.000092
0.000061
-0.000214
0.000458
0.015564
0.067841
0.017792
-0.008606
-0.017761
-0.043243
0.036621
0.048004
0.091553
0.127960
0.060028
0.029083
0.052795
0.028625
-0.006561
-0.021515
-0.024597
-0.005280
-0.024902
-0.022247
0.005219
-0.002747
0.003601
0.018646
0.007416
-0.001923
0.003265
-0.009094
-0.012512
-0.010498
-0.010529
-0.005371
-0.008820
-0.013092
-0.021667
-0.017273
-0.016174
-0.022644
-0.022278
-0.019196
-0.018524
-0.018311
-0.022278
-0.028595
-0.028076
-0.022919
-0.019623
-0.017426
-0.017792
-0.016998
-0.012817
-0.014374
-0.016968
-0.018188
-0.018463
-0.019043
-0.016754
-0.014496
-0.013367
-0.011749
-0.010529
-0.010101
-0.009552
-0.007507
-0.006958
-0.006287
-0.006744
-0.007568
-0.007751
-0.007385
-0.006470
-0.006042
-0.005798
-0.005829
-0.005280
-0.005402
-0.005280
-0.004517
-0.004028
-0.003998
-0.005005
-0.005127
-0.005432
-0.003967
-0.002502
-0.002136
-0.002167
-0.003296
-0.002686
-0.002899
-0.002777
-0.002045
-0.001160
-0.000854
-0.001099
-0.000580
0.000000
0.000092
-0.000366
-0.001282
-0.001434
-0.001068
-0.000977
-0.001434
0.000732
-0.000671
-0.000366
0.001465
-0.003448
0.003998
0.034363
0.369080
0.225586
-0.297668
-0.364471
0.108765
0.177917
0.125153
0.601440
0.167603
-0.020081
0.188995
-0.063049
-0.109680
-0.071686
-0.237671
-0.193542
0.035492
-0.159210
-0.083862
0.029358
-0.092224
0.006439
-0.025604
-0.022247
-0.009918
0.012848
-0.043793
-0.036896
0.028198
0.002991
-0.048218
-0.035919
0.033020
-0.037476
-0.006592
-0.005463
-0.013153
0.002563
-0.014832
-0.016144
-0.074432
-0.111206
-0.059570
-0.002502
-0.015228
-0.019531
-0.027313
-0.016022
0.001556
-0.014557
-0.001099
0.000854
-0.022278
-0.026764
-0.023956
-0.011902
0.005096
0.003296
-0.003571
-0.000488
-0.009216
-0.003815
0.000793
-0.001251
-0.001617
-0.009430
-0.014679
-0.011810
-0.003937
0.001953
0.004059
-0.001373
-0.004517
-0.006714
-0.004120
0.000305
0.003143
-0.001251
-0.007568
-0.010986
-0.008453
-0.002747
0.000305
0.000366
-0.002533
-0.005371
-0.007568
-0.003876
0.000000
0.003082
0.004364
0.000488
-0.000641
0.002319
0.004883
0.006165
0.002991
-0.004364
-0.007263
-0.002472
0.001099
0.005157
0.007538
0.002808
-0.001282
-0.001099
0.002472
0.006348
0.006470
0.003113
-0.000458
-0.000763
0.002136
0.003815
0.005035
0.004150
0.001953
0.000061
0.001190
0.005310