0.000061
0.000031
0.000000
-0.000031
0.000000
0.000000
0.000000
0.000031
0.000031
-0.000061
0.000000
0.000000
0.000000
0.000031
0.000031
-0.000031
-0.000061
0.000214
-0.000519
0.000824
-0.000702
0.001678
0.008423
0.082062
0.070251
-0.049652
-0.035187
-0.003143
-0.014557
0.083893
0.173370
0.080811
0.032349
0.087708
0.063660
0.004211
-0.012329
-0.011658
-0.020721
-0.046143
-0.044525
-0.022552
-0.019073
-0.019806
-0.011780
-0.003113
-0.003754
-0.011932
-0.016449
-0.014343
-0.022125
-0.021423
-0.008026
-0.003204
-0.001404
0.003845
0.000092
-0.004547
-0.007874
-0.013214
-0.011780
-0.011932
-0.017761
-0.026337
-0.027802
-0.021301
-0.015869
-0.011444
-0.010956
-0.012390
-0.013672
-0.017456
-0.017639
-0.014313
-0.018188
-0.018311
-0.013947
-0.014648
-0.013306
-0.009277
-0.007996
-0.010956
-0.013641
-0.011566
-0.009155
-0.008606
-0.006592
-0.006409
-0.006470
-0.006836
-0.008514
-0.007660
-0.006744
-0.006226
-0.006622
-0.006989
-0.007812
-0.007629
-0.006104
-0.004395
-0.003113
-0.003906
-0.004791
-0.005615
-0.005219
-0.004150
-0.002441
-0.001709
-0.002625
-0.003479
-0.003906
-0.003387
-0.002441
-0.001312
-0.001129
-0.001831
-0.001831
-0.001068
-0.000092
-0.000397
-0.001953
-0.002563
-0.002045
-0.001587
-0.001343
-0.000366
0.000641
0.001221
0.000000
0.000031
0.000122
-0.000153
0.000336
-0.001038
0.001617
-0.002686
0.003876
-0.005646
0.007263
0.003113
0.189117
0.136444
-0.157867
-0.030243
0.034546
-0.082062
0.121613
0.380096
0.082062
0.071686
0.199951
0.052246
-0.030731
-0.075867
-0.050354
-0.078247
-0.081940
-0.078003
-0.057861
-0.024231
-0.028595
-0.055145
-0.029846
-0.004669
-0.025146
-0.017273
-0.027985
-0.028381
-0.018463
-0.015930
-0.011169
-0.008240
-0.014374
-0.018463
-0.016388
-0.034149
-0.040161
-0.039337
-0.025879
-0.025848
-0.034729
-0.025208
-0.018188
-0.017151
-0.017334
-0.014069
-0.018646
-0.020111
-0.016479
-0.004089
0.004333
0.001617
-0.002411
-0.004639
-0.004059
-0.005524
-0.005768
-0.004486
-0.004730
-0.007904
-0.010254
-0.010986
-0.006622
-0.004059
-0.005524
-0.006439
-0.006409
-0.007477
-0.006714
-0.005005
-0.005035
-0.004822
-0.004486
-0.005188
-0.005341
-0.003754
-0.002594
-0.003052
-0.004120
-0.005615
-0.007599
-0.006775
-0.005341
-0.004059
-0.003906
-0.005524
-0.005768
-0.003876
-0.002441
-0.000854
0.000000
-0.001556
-0.001190
0.001282
0.002686
0.003448
0.003082
0.000671
0.000305
0.001801
0.001617
0.000885
0.002899
0.003082
0.001587
0.002167
0.002472
0.002319
0.002350
0.002197
0.000183
-0.000275
0.000183
0.000214
0.001068
0.001923