0.000031
0.000092
0.000061
0.000061
0.000092
0.000031
0.000031
0.000061
0.000000
0.000092
0.000061
0.000092
-0.000031
0.000122
0.000000
0.000092
0.000122
0.000061
0.000000
0.000031
0.000305
0.000153
0.000336
-0.000275
0.000763
0.006622
0.057129
0.066223
-0.027985
-0.084534
-0.032104
0.055634
0.095673
0.100647
0.071503
0.057617
0.075470
0.058838
0.020935
0.007843
0.009308
-0.005554
-0.014038
-0.021820
-0.020264
-0.011963
-0.013489
-0.005981
-0.002533
-0.006500
-0.006378
-0.002777
-0.006378
-0.020081
-0.024261
-0.019623
-0.018738
-0.018402
-0.014832
-0.014252
-0.014435
-0.013245
-0.015228
-0.016724
-0.019501
-0.020050
-0.018280
-0.018616
-0.020325
-0.019928
-0.015594
-0.010590
-0.012634
-0.014587
-0.013916
-0.015137
-0.013763
-0.013519
-0.015076
-0.016510
-0.014771
-0.012604
-0.011414
-0.011383
-0.011078
-0.010681
-0.011780
-0.010803
-0.010559
-0.009949
-0.009918
-0.010803
-0.011475
-0.012451
-0.012421
-0.009827
-0.006134
-0.004944
-0.005127
-0.005463
-0.004822
-0.004059
-0.004669
-0.004486
-0.004395
-0.003693
-0.004150
-0.005005
-0.004425
-0.003296
-0.002228
-0.002716
-0.003265
-0.002899
-0.001923
-0.000702
-0.000549
-0.000336
-0.000305
-0.000580
-0.000427
-0.000366
0.000336
0.000916
0.000610
-0.000275
-0.000854
-0.000336
-0.003662
0.004730
-0.006561
0.008667
-0.012543
0.159943
0.353210
-0.141602
-0.414978
0.147919
0.256256
-0.080200
0.309052
0.241455
0.047272
0.212738
0.108307
-0.014923
-0.132477
-0.034576
-0.107025
-0.129974
-0.096863
-0.065369
-0.058167
-0.073883
-0.029694
-0.044952
-0.014740
-0.037140
0.001526
-0.036682
-0.039825
-0.001648
-0.015289
-0.001648
0.007782
0.006592
-0.019287
-0.019348
-0.018463
-0.006989
-0.021088
-0.034058
-0.027924
-0.047302
-0.049530
-0.053619
-0.051666
-0.035126
-0.022491
-0.018555
-0.016632
-0.009247
-0.008911
0.000458
-0.005188
-0.009216
-0.010742
-0.008301
-0.000488
0.002991
-0.001892
-0.008209
-0.010590
-0.013184
-0.012360
-0.007141
-0.006165
-0.009369
-0.010071
-0.008881
-0.006073
-0.005615
-0.001343
-0.001556
-0.000946
-0.002197
-0.003448
-0.002106
0.002014
0.003052
-0.001160
-0.003906
-0.006317
-0.006714
-0.005127
-0.002258
-0.001312
-0.001495
-0.003723
-0.005219
-0.003021
-0.000671
-0.001068
-0.000214
-0.002533
-0.003204
-0.000488
0.002441
0.002258
0.002411
-0.000610
-0.004089
-0.002594
-0.000214
0.003265
0.003906
0.001648
-0.000977
0.001129
0.002502
0.003540
0.005280
0.005219
0.002991
0.002563
0.004639
0.006012
0.005798
0.005127
0.004150
0.002777
0.003113
0.003723
0.002625
0.001556
0.002106