0.000092
0.000092
0.000061
0.000031
0.000000
0.000092
0.000031
0.000122
0.000061
0.000000
0.000092
0.000031
0.000122
0.000092
0.000061
0.000000
0.000000
0.000092
0.000244
0.000305
-0.000275
0.000671
0.011444
0.070648
0.054657
-0.044983
-0.057434
-0.020538
0.036713
0.109894
0.112122
0.055664
0.054321
0.080811
0.056519
0.011414
-0.003510
0.001465
-0.013397
-0.026825
-0.018860
-0.026367
-0.028473
-0.015167
-0.012024
0.002380
-0.000732
-0.004486
0.002014
-0.004700
-0.008514
-0.011536
-0.011902
-0.011047
-0.007080
-0.004944
-0.009430
-0.014801
-0.016541
-0.021454
-0.024475
-0.020782
-0.017700
-0.017181
-0.018402
-0.018524
-0.017975
-0.016266
-0.013580
-0.012756
-0.013214
-0.014160
-0.015137
-0.013367
-0.010986
-0.014709
-0.018158
-0.015015
-0.015167
-0.014557
-0.013214
-0.013092
-0.009277
-0.011017
-0.011292
-0.008911
-0.007690
-0.008514
-0.011566
-0.012299
-0.011597
-0.010437
-0.009827
-0.008057
-0.007568
-0.006500
-0.006409
-0.006897
-0.005219
-0.004791
-0.003967
-0.004517
-0.005219
-0.004639
-0.004181
-0.004211
-0.003693
-0.002991
-0.002960
-0.002930
-0.002991
-0.002441
-0.001984
-0.000427
-0.000366
-0.001129
-0.001343
-0.000488
0.000671
0.000702
-0.000458
-0.002106
-0.001526
-0.000427
0.000336
0.000854
0.000275
0.000275
-0.000671
0.000824
-0.001709
0.002472
-0.003998
0.005066
0.004883
0.215515
0.203918
-0.232941
-0.146759
0.165466
-0.055786
0.103638
0.416290
0.075073
0.080505
0.208557
0.078796
-0.064484
-0.084747
-0.046814
-0.108063
-0.103973
-0.083160
-0.051941
-0.066132
-0.031525
-0.029694
-0.027649
-0.006073
-0.035248
-0.037109
-0.033752
-0.021698
-0.025269
0.002014
-0.005280
0.001373
0.006470
-0.008392
-0.021088
-0.023895
-0.033966
-0.033356
-0.011353
-0.037964
-0.045898
-0.032776
-0.037476
-0.034363
-0.030670
-0.022736
-0.016235
-0.019012
-0.018158
-0.009094
-0.003448
-0.007233
-0.006989
-0.003815
-0.001465
-0.004822
-0.001434
-0.003998
-0.005005
-0.006714
-0.010406
-0.010406
-0.006165
-0.004913
-0.005615
-0.007019
-0.010284
-0.009430
-0.009125
-0.004944
-0.002991
-0.003601
-0.003998
-0.003448
-0.003693
-0.000732
0.001190
-0.000183
-0.003418
-0.006226
-0.006622
-0.004364
-0.002930
-0.001068
-0.001617
-0.004456
-0.006073
-0.005646
-0.003632
-0.003235
-0.001831
-0.003632
-0.002716
0.000000
0.001434
0.002045
0.001129
-0.001190
-0.001526
-0.001068
0.000031
0.002075
0.003693
0.001862
0.000977
0.002045
0.002655
0.004303
0.004669
0.004639
0.002960
0.003510
0.003967
0.004059
0.004700
0.004944
0.004211
0.002777
0.003082
0.003082
0.002441