0.000000
0.000031
-0.000031
0.000000
-0.000031
-0.000092
0.000000
-0.000061
0.000031
-0.000061
-0.000061
0.000000
-0.000092
0.000061
-0.000031
0.000000
-0.000092
-0.000122
0.000275
-0.000153
0.000336
-0.000519
0.000763
0.008575
0.062927
0.059387
-0.036285
-0.062134
-0.025177
0.034973
0.100281
0.109436
0.061066
0.052368
0.078461
0.058563
0.017181
0.003235
0.003693
-0.014801
-0.024536
-0.018951
-0.024841
-0.019775
-0.008789
-0.007172
-0.001892
-0.001587
-0.000366
-0.000854
-0.003326
-0.008514
-0.016022
-0.016113
-0.012817
-0.011047
-0.009949
-0.012482
-0.019836
-0.020416
-0.020538
-0.018829
-0.017426
-0.017639
-0.015381
-0.017853
-0.022278
-0.020172
-0.014709
-0.013153
-0.013947
-0.014648
-0.013580
-0.012268
-0.012634
-0.014099
-0.015259
-0.016205
-0.015747
-0.014221
-0.015076
-0.013245
-0.011749
-0.010986
-0.009491
-0.011169
-0.009125
-0.008667
-0.008850
-0.010498
-0.013123
-0.013062
-0.012115
-0.009918
-0.007568
-0.006592
-0.006653
-0.005280
-0.006012
-0.005737
-0.004608
-0.004364
-0.004272
-0.004517
-0.004730
-0.004456
-0.004028
-0.004120
-0.003174
-0.003143
-0.002960
-0.002716
-0.002502
-0.001617
-0.000946
-0.000458
-0.000977
-0.000732
-0.000549
0.000153
0.000519
-0.000214
-0.001068
-0.001373
-0.000610
-0.000061
0.000519
0.000793
0.002075
-0.003082
0.003754
-0.005280
0.006744
-0.009796
0.130371
0.307007
-0.102356
-0.315277
0.129456
0.119629
-0.076965
0.359222
0.240570
0.016083
0.206146
0.135437
-0.022064
-0.108185
-0.038910
-0.095642
-0.122009
-0.091705
-0.062958
-0.061462
-0.056671
-0.023407
-0.039551
-0.012024
-0.022980
-0.023560
-0.048706
-0.021423
-0.021790
-0.013306
0.005646
-0.005219
0.013458
-0.011292
-0.020905
-0.015106
-0.021149
-0.040192
-0.018677
-0.024017
-0.050232
-0.042206
-0.040405
-0.038879
-0.035736
-0.028809
-0.015717
-0.015808
-0.017609
-0.013062
-0.002197
-0.003876
-0.009247
-0.006561
-0.001343
-0.002747
-0.001434
-0.002411
-0.006714
-0.007294
-0.011749
-0.011475
-0.007263
-0.004578
-0.007111
-0.006958
-0.008179
-0.008057
-0.008850
-0.005890
-0.002869
-0.002594
-0.003998
-0.003845
-0.003052
-0.000488
0.002319
0.000916
-0.002350
-0.006500
-0.007050
-0.005890
-0.002716
-0.002136
-0.001404
-0.003143
-0.004883
-0.004395
-0.003571
-0.003418
-0.002228
-0.002594
-0.003632
-0.000610
0.001923
0.001740
0.001953
-0.000580
-0.002258
-0.001495
-0.001099
0.000854
0.003082
0.003693
0.000824
0.001160
0.001526
0.003693
0.005463
0.005310
0.003204
0.002045
0.004242
0.004761
0.005280
0.004730
0.003906
0.003113
0.002991
0.003296
0.002350
0.002289