0.000000
0.000000
0.000061
0.000031
0.000031
-0.000092
0.000122
-0.000061
0.000244
-0.000153
0.000244
-0.000336
0.000427
-0.000488
0.000519
-0.000427
0.000916
-0.000092
0.036987
0.115936
0.016571
-0.097046
-0.039368
0.001099
0.068451
0.170868
0.115936
0.032532
0.081146
0.094727
0.029358
-0.012054
-0.010956
-0.017334
-0.039124
-0.044312
-0.023987
-0.013855
-0.032257
-0.040009
-0.018860
-0.005890
-0.012238
-0.009583
-0.006989
-0.012024
-0.017548
-0.013062
-0.010864
-0.014282
-0.009491
-0.001587
-0.004364
-0.011932
-0.009247
-0.005402
-0.006592
-0.014618
-0.015747
-0.013153
-0.018463
-0.026703
-0.022430
-0.013000
-0.013397
-0.012787
-0.011536
-0.010895
-0.009430
-0.010193
-0.016113
-0.020599
-0.020386
-0.019745
-0.012878
-0.011902
-0.012360
-0.008301
-0.009583
-0.012054
-0.013977
-0.011658
-0.007538
-0.008484
-0.009308
-0.007538
-0.007812
-0.007294
-0.007416
-0.007568
-0.007751
-0.008301
-0.008331
-0.007629
-0.005829
-0.005219
-0.004272
-0.004578
-0.005066
-0.005554
-0.004883
-0.002930
-0.002075
-0.002808
-0.003632
-0.003998
-0.003510
-0.003113
-0.002167
-0.000854
-0.001038
-0.001343
-0.000946
0.000275
0.000214
-0.001343
-0.002319
-0.001923
-0.001007
-0.000092
0.000397
0.000885
0.000977
0.000702
0.000000
-0.000183
0.001007
0.002197
0.000275
-0.000397
0.000397
-0.000977
0.000946
-0.001495
0.001801
-0.002594
0.003204
-0.001923
0.102753
0.205658
-0.036346
-0.167267
-0.037964
-0.010284
0.141602
0.327881
0.124451
0.024597
0.159424
0.128662
-0.024200
-0.084656
-0.043884
-0.047699
-0.086639
-0.077271
-0.042908
-0.048889
-0.023346
-0.020935
-0.028992
-0.031555
-0.024353
-0.026825
-0.032471
-0.008331
-0.024445
-0.020142
-0.005035
0.004517
-0.001526
-0.012085
-0.025269
-0.031830
-0.018036
-0.026245
-0.021667
-0.024872
-0.029022
-0.026154
-0.025574
-0.023071
-0.022095
-0.010803
-0.013641
-0.019257
-0.018036
-0.016296
-0.010040
-0.003540
-0.005219
-0.010712
-0.009583
-0.007233
-0.001007
-0.001770
-0.005859
-0.008789
-0.010498
-0.009766
-0.007751
-0.003967
-0.003510
-0.007782
-0.010529
-0.009674
-0.009216
-0.007050
-0.005402
-0.005127
-0.004791
-0.006195
-0.007172
-0.004791
-0.003326
-0.002655
-0.003510
-0.004730
-0.006134
-0.005371
-0.002960
-0.001617
-0.001923
-0.004547
-0.007355
-0.007416
-0.005371
-0.003815
-0.001404
-0.001282
-0.002472
-0.001801
-0.000732
0.000092
0.001617
0.001343
-0.000244
-0.001801
-0.002106
0.000488
0.003571
0.004028
0.001801
0.000305
0.000519
0.002869
0.005829
0.006287
0.004639
0.003296
0.003204
0.003082
0.003204
0.003876
0.002808
0.001801