0.000061
-0.000061
-0.000092
0.000092
-0.000122
0.000305
-0.000275
0.000336
-0.000641
0.000702
-0.001007
0.001221
-0.001526
0.002075
-0.000397
0.068390
0.157379
-0.024902
-0.146088
-0.024963
0.022400
0.108459
0.230103
0.101654
0.019379
0.121826
0.098999
-0.001373
-0.038666
-0.018890
-0.024994
-0.057495
-0.057709
-0.032104
-0.018646
-0.025421
-0.040344
-0.033295
-0.013123
-0.010681
-0.016266
-0.016052
-0.011780
-0.022186
-0.012299
-0.006226
-0.014557
-0.015228
-0.013641
-0.015137
-0.014130
-0.013977
-0.016815
-0.007172
-0.009491
-0.019104
-0.021515
-0.019745
-0.015533
-0.008881
-0.008362
-0.009308
-0.006622
-0.011108
-0.016083
-0.013153
-0.013000
-0.016052
-0.018799
-0.017242
-0.013977
-0.010864
-0.010498
-0.011963
-0.011932
-0.009735
-0.008301
-0.010529
-0.007080
-0.005219
-0.007050
-0.008545
-0.009918
-0.009979
-0.007904
-0.006714
-0.006683
-0.007172
-0.007599
-0.007874
-0.007141
-0.005005
-0.003845
-0.004578
-0.005829
-0.006744
-0.006378
-0.004425
-0.002747
-0.000946
-0.001495
-0.004333
-0.004608
-0.002533
-0.001587
-0.001282
-0.002502
-0.003448
-0.002533
-0.001312
-0.000610
-0.000916
-0.002045
-0.001831
-0.000061
0.000061
0.000427
0.001404
0.002228
0.001526
0.000488
-0.000214
0.000000
0.002319
0.004974
0.005432
0.004333
0.003052
-0.000214
0.000092
-0.000122
0.000244
-0.000336
0.000336
-0.000854
0.000824
-0.001221
0.001434
-0.001953
0.002472
0.000153
0.089661
0.179688
-0.043152
-0.170044
-0.026886
0.029633
0.137726
0.267731
0.096741
0.016327
0.147308
0.104126
-0.023834
-0.056030
-0.025208
-0.034882
-0.067749
-0.063232
-0.040039
-0.027283
-0.016724
-0.038361
-0.038696
-0.012085
-0.025970
-0.016174
-0.011658
-0.025543
-0.020508
-0.006256
-0.010498
-0.007233
-0.010071
-0.020050
-0.016663
-0.023041
-0.018372
-0.018768
-0.015991
-0.012909
-0.018127
-0.025543
-0.024658
-0.020386
-0.009521
-0.004272
-0.014496
-0.014648
-0.009491
-0.009155
-0.007172
-0.006409
-0.013885
-0.015869
-0.015137
-0.016541
-0.013397
-0.011536
-0.007629
-0.006378
-0.008850
-0.007874
-0.005829
-0.003754
-0.005524
-0.009521
-0.010986
-0.009247
-0.010101
-0.008118
-0.005798
-0.005768
-0.006409
-0.007141
-0.007904
-0.007172
-0.004425
-0.003693
-0.004242
-0.006317
-0.006470
-0.005981
-0.004700
-0.002380
-0.001740
-0.002960
-0.005219
-0.004852
-0.003387
-0.002075
-0.000366
-0.001129
-0.002563
-0.002716
-0.001831
-0.000977
-0.000061
-0.001221
-0.003326
-0.002472
0.000031
0.002533
0.003510
0.002686
0.000916
0.000916
0.001862
0.002380
0.002747
0.003418
0.003754
0.003448
0.003723
0.004089
0.003967