0.000000
-0.000092
-0.000061
-0.000061
-0.000031
-0.000031
0.000000
-0.000031
-0.000092
0.000000
-0.000122
0.000092
-0.000122
0.000061
-0.000214
0.000000
-0.000092
0.000031
0.000244
-0.000122
0.000244
0.015869
0.079559
0.047882
-0.055359
-0.053711
-0.016144
0.041260
0.122467
0.114990
0.049011
0.058594
0.083923
0.051208
0.007538
-0.007172
-0.004120
-0.019531
-0.031616
-0.014679
-0.020142
-0.036774
-0.022583
-0.013885
-0.004395
-0.002075
-0.003937
0.001404
-0.006714
-0.010315
-0.008850
-0.013214
-0.010345
-0.001587
-0.002350
-0.007141
-0.009705
-0.011932
-0.017120
-0.022522
-0.022858
-0.021576
-0.019989
-0.020050
-0.020935
-0.017242
-0.012451
-0.012268
-0.013855
-0.012604
-0.012817
-0.014618
-0.015320
-0.014282
-0.013794
-0.014954
-0.019623
-0.017609
-0.010712
-0.012665
-0.011658
-0.011902
-0.011292
-0.009918
-0.010040
-0.009094
-0.010254
-0.010376
-0.010071
-0.009674
-0.010040
-0.008820
-0.008850
-0.007629
-0.007111
-0.008087
-0.006958
-0.006134
-0.004150
-0.003876
-0.004272
-0.005066
-0.005493
-0.005096
-0.004395
-0.002991
-0.003021
-0.002869
-0.003021
-0.003082
-0.002777
-0.001892
-0.000732
-0.001099
-0.001038
-0.000946
-0.000580
0.000549
0.000397
-0.001617
-0.002228
-0.001221
-0.000732
0.000061
0.000549
0.000641
0.000397
-0.000061
-0.000977
0.000488
-0.000763
0.000336
-0.000458
-0.000031
-0.000977
0.038605
0.248840
0.087067
-0.241791
-0.026398
0.070496
-0.072571
0.282959
0.326416
0.010620
0.138611
0.178192
0.040833
-0.082703
-0.069427
-0.058258
-0.099640
-0.097687
-0.069702
-0.050751
-0.057465
-0.018311
-0.036438
-0.009003
-0.021240
-0.045044
-0.027222
-0.031677
-0.024750
-0.013367
-0.001038
-0.009308
0.003937
0.005554
-0.007202
-0.028564
-0.034515
-0.032440
-0.019592
-0.022278
-0.041382
-0.033112
-0.032043
-0.035004
-0.028168
-0.024811
-0.020813
-0.017944
-0.017975
-0.016632
-0.009552
-0.006348
-0.005737
-0.005676
-0.003723
-0.005798
-0.003876
0.000824
-0.002686
-0.004822
-0.006958
-0.008881
-0.010223
-0.005890
-0.004547
-0.004761
-0.009003
-0.011292
-0.010071
-0.007996
-0.003540
-0.003479
-0.003693
-0.003296
-0.004669
-0.004639
-0.000916
0.000183
-0.001221
-0.003540
-0.005585
-0.005463
-0.003632
-0.002472
-0.000763
-0.002563
-0.005646
-0.007111
-0.005249
-0.003784
-0.002441
-0.001770
-0.003418
-0.002197
-0.000336
0.001160
0.002045
0.001251
-0.000549
-0.000580
-0.000092
0.001190
0.002350
0.002563
0.001831
0.002502
0.002747
0.002777
0.003845
0.005096
0.004974
0.003723
0.003693
0.003693
0.004547
0.005219
0.005280
0.003784
0.002991
0.003052
0.002350