0.000000
0.000031
0.000000
0.000031
0.000031
0.000000
-0.000031
0.000031
0.000000
0.000031
0.000000
0.000000
-0.000092
0.000061
-0.000153
0.000305
0.000031
-0.000122
0.000031
-0.000214
0.000336
-0.000519
0.000488
0.005707
0.038025
0.044220
0.027954
-0.090485
-0.138641
-0.015564
0.075134
0.177460
0.148834
0.062469
0.038574
0.027802
0.022736
0.025574
0.022186
-0.005341
-0.006226
-0.024811
-0.027435
-0.001282
-0.008850
-0.006195
0.004364
0.000610
0.005127
0.007996
0.001282
0.004395
-0.003754
-0.013458
-0.017426
-0.025024
-0.017273
-0.015961
-0.018494
-0.012604
0.000122
-0.006378
-0.016449
-0.015167
-0.015594
-0.011414
-0.004181
-0.003662
-0.013611
-0.015289
-0.014557
-0.013550
-0.015167
-0.019592
-0.021027
-0.021484
-0.019257
-0.018311
-0.017273
-0.015930
-0.015045
-0.016632
-0.017914
-0.016174
-0.014404
-0.012390
-0.012817
-0.015686
-0.017365
-0.018250
-0.017975
-0.014496
-0.012024
-0.012299
-0.010284
-0.007904
-0.007172
-0.006348
-0.005249
-0.004669
-0.005005
-0.006500
-0.006531
-0.005463
-0.004669
-0.003143
-0.003754
-0.004364
-0.004761
-0.003937
-0.001801
-0.000824
-0.001190
-0.002258
-0.002289
-0.002441
-0.001678
-0.000580
-0.000488
-0.000977
-0.002106
-0.002716
-0.002258
-0.000702
0.000397
0.000122
-0.001099
-0.002869
0.000153
0.000031
-0.001404
0.002106
-0.004333
0.007050
-0.010712
0.015381
-0.019440
0.175690
0.267456
0.049347
-0.660767
-0.505219
0.577057
0.393341
0.524139
0.296173
-0.119812
0.059692
0.022034
0.072083
-0.049957
-0.127716
-0.215271
-0.058685
-0.072937
-0.133881
0.000366
-0.063690
-0.033966
-0.036072
0.010498
0.003357
0.015930
-0.024109
-0.043671
-0.022369
-0.030762
-0.010162
-0.041931
-0.025513
-0.036285
0.008789
0.008453
-0.010345
-0.000671
-0.013947
-0.018677
0.004303
0.017303
-0.028595
-0.023529
-0.018494
-0.015533
-0.001556
-0.014465
-0.026550
-0.051788
-0.039612
-0.020081
-0.014893
-0.022308
-0.020782
-0.014160
-0.016205
-0.013397
-0.012054
-0.003998
-0.008789
-0.014130
-0.013062
-0.007660
-0.009613
-0.006104
-0.003601
-0.002563
-0.003296
-0.007050
-0.008453
-0.006927
-0.001831
-0.002319
-0.003876
-0.006134
-0.007050
-0.005463
-0.000641
0.003296
0.001465
-0.000671
-0.004333
-0.005859
-0.001678
0.000854
0.001862
-0.001648
-0.003082
-0.004791
-0.001556
0.001373
0.001923
0.001373
-0.003052
-0.006165
-0.005341
-0.002014
-0.000214
0.001770
-0.001343
-0.003387
-0.002869
-0.000854
0.001831
0.003815
0.003540
0.001099
0.000580
0.002380
0.004150
0.005432
0.004700
0.003357
0.002869
0.003204
0.004944
0.005981
0.005646