0.000031
0.000061
0.000061
0.000061
0.000061
0.000092
0.000031
0.000092
0.000031
0.000000
0.000031
0.000061
0.000061
0.000031
0.000061
-0.000092
0.000183
0.000031
0.000305
-0.000275
0.000397
-0.000488
0.000732
-0.000275
0.000793
-0.001129
0.013947
0.034790
0.042084
0.002563
-0.124573
-0.089478
0.027924
0.097595
0.145264
0.090942
0.049500
0.038391
0.026611
0.030182
0.043549
0.033447
0.018890
0.011841
-0.003967
-0.002991
-0.005463
-0.010223
-0.010559
-0.008423
-0.008423
-0.007050
-0.013062
-0.016998
0.000214
-0.007294
-0.013031
-0.012878
-0.013458
-0.021332
-0.024017
-0.010376
-0.010437
-0.012848
-0.014252
-0.012634
-0.013367
-0.009125
-0.004700
-0.012970
-0.017365
-0.013947
-0.016602
-0.019806
-0.016296
-0.015137
-0.016510
-0.020508
-0.021423
-0.017914
-0.014282
-0.013885
-0.013245
-0.012238
-0.013458
-0.013947
-0.014648
-0.013031
-0.012604
-0.012939
-0.014038
-0.016327
-0.015991
-0.014526
-0.013367
-0.012054
-0.009796
-0.008392
-0.007355
-0.006683
-0.005829
-0.005005
-0.005188
-0.006104
-0.007599
-0.007965
-0.006378
-0.004028
-0.003143
-0.003387
-0.003479
-0.003296
-0.002594
-0.001984
-0.001038
-0.001099
-0.001892
-0.002258
-0.001923
-0.000763
-0.000366
-0.000336
-0.001343
-0.003021
-0.003326
-0.002197
-0.000336
0.000366
0.000702
-0.002106
0.002960
-0.005096
0.007477
-0.010834
0.015106
-0.022461
0.130249
0.304047
0.087494
-0.669403
-0.508392
0.617371
0.360474
0.373749
0.304016
-0.063141
0.074799
0.050507
0.149750
-0.051239
-0.108368
-0.157776
-0.105621
-0.096985
-0.119446
-0.009247
-0.090576
-0.049011
-0.069916
0.005371
-0.010498
0.013000
0.001221
-0.033905
-0.001251
-0.013458
-0.016144
-0.051056
-0.022980
-0.027863
-0.004395
-0.011444
-0.007446
-0.007111
-0.029572
-0.003540
0.011841
0.001678
-0.024872
-0.020111
-0.011383
-0.028412
-0.021240
-0.030609
-0.037689
-0.047119
-0.037262
-0.022797
-0.013794
-0.009216
-0.009094
-0.001282
-0.012054
-0.012756
-0.010223
-0.004272
-0.009033
-0.014587
-0.021851
-0.015808
-0.006165
-0.002350
-0.005493
-0.004547
-0.001770
-0.003601
-0.005554
-0.005768
-0.000397
-0.000549
-0.003113
-0.006165
-0.007172
-0.003784
0.001129
0.003113
0.001892
-0.003021
-0.005554
-0.006378
-0.001465
-0.000977
-0.001129
-0.003510
-0.002777
-0.003052
-0.001251
0.002228
0.003296
0.004272
-0.000580
-0.004425
-0.004669
-0.002319
-0.000763
0.002411
0.000641
-0.002014
-0.004486
-0.002380
0.001068
0.002869
0.001892
-0.000732
-0.000519
0.001617
0.004486
0.007050
0.006256
0.003479
0.002625
0.002838
0.003357
0.004272
0.005188
0.005249