0.000000
-0.000092
-0.000031
-0.000031
0.000000
0.000000
0.000000
-0.000122
0.000092
-0.000153
0.000122
-0.000153
0.000183
-0.000244
-0.000336
0.000366
-0.000214
0.000519
0.003174
0.035553
0.044952
0.041046
-0.098206
-0.173157
-0.008392
0.091736
0.159607
0.138397
0.059753
0.041260
0.036377
0.026611
0.032349
0.030792
0.000641
0.006470
-0.005035
-0.011322
0.007294
-0.005035
-0.012970
-0.011047
-0.006683
-0.010345
-0.006653
-0.004669
-0.004089
0.003632
0.002594
-0.014069
-0.021851
-0.017944
-0.024841
-0.022217
-0.015259
-0.009308
-0.010590
-0.012695
-0.005035
-0.005493
-0.012634
-0.011322
-0.011047
-0.015961
-0.016846
-0.014069
-0.009430
-0.008484
-0.008881
-0.011200
-0.018890
-0.020782
-0.019714
-0.017761
-0.015564
-0.013367
-0.013916
-0.016724
-0.015656
-0.013031
-0.010986
-0.014496
-0.017090
-0.018433
-0.019897
-0.019470
-0.016052
-0.013153
-0.014984
-0.014160
-0.012085
-0.011139
-0.009918
-0.008087
-0.005859
-0.005219
-0.006195
-0.007568
-0.007690
-0.006500
-0.005432
-0.004974
-0.005585
-0.006256
-0.005371
-0.002991
-0.001678
-0.001068
-0.001434
-0.002045
-0.001831
-0.000549
0.000946
0.001587
0.000397
-0.001923
-0.003113
-0.002655
-0.000519
0.000610
0.000031
-0.001160
-0.002441
-0.002167
-0.001007
0.000336
0.001465
0.001038
0.008698
-0.011719
0.014893
-0.020935
0.094696
0.249329
0.181396
-0.397949
-0.802063
0.370941
0.601349
0.352631
0.354736
-0.062225
0.017456
0.070374
0.147064
-0.052551
-0.109253
-0.145935
-0.141113
-0.049530
-0.127075
-0.018921
-0.064972
-0.046173
-0.066956
-0.000854
0.012573
0.007538
0.020538
-0.039429
-0.031464
-0.028168
-0.017639
-0.032257
-0.010803
-0.038086
-0.025635
-0.022034
0.007294
-0.006561
-0.028900
0.002625
0.003021
0.014099
0.001251
-0.028503
-0.037018
-0.028717
-0.011536
-0.002625
-0.003662
-0.021454
-0.019592
-0.012054
-0.027618
-0.028534
-0.030823
-0.020905
-0.021179
-0.021210
-0.017670
-0.009064
-0.005768
-0.008362
-0.015076
-0.022583
-0.017303
-0.003540
0.001862
-0.003204
-0.002655
-0.007843
-0.010651
-0.008575
-0.003906
0.000702
-0.001343
-0.006714
-0.007629
-0.008575
-0.004883
-0.000275
0.002686
-0.001709
-0.003876
-0.005676
-0.002014
0.000946
-0.000061
-0.001740
-0.004761
-0.004974
-0.003571
0.002625
0.004883
0.005219
0.001251
-0.004791
-0.006470
-0.003876
0.000214
0.003815
0.001617
-0.002106
-0.006104
-0.003693
-0.000549
-0.000244
0.000885
0.000183
-0.000092
0.000153
0.002319
0.005310
0.006042
0.002441
0.001099
0.001862
0.002258
0.003693
0.004913
0.005188
0.003937
0.001434
0.002106
0.002808