0.000122
0.000061
-0.000092
0.000122
-0.000610
0.000885
-0.001587
0.002136
-0.002991
0.004272
-0.002655
0.052490
0.069489
0.075409
-0.083099
-0.278870
0.055847
0.206482
0.189941
0.138458
0.010620
0.063477
0.079071
0.037201
-0.010925
-0.003418
-0.046539
-0.030090
-0.012939
-0.052124
-0.018921
-0.016418
-0.023895
-0.022064
-0.009888
-0.003967
0.004242
-0.002563
-0.021729
-0.007477
-0.013245
-0.008392
-0.005981
-0.007141
-0.007141
-0.006104
-0.013611
-0.018585
-0.014679
-0.022491
-0.017517
-0.002960
0.001434
-0.010620
-0.008026
-0.009674
-0.014008
-0.011322
-0.013733
-0.011963
-0.017792
-0.018646
-0.005737
-0.002625
-0.010406
-0.011078
-0.009521
-0.010071
-0.014740
-0.021027
-0.018188
-0.018341
-0.021271
-0.020325
-0.017120
-0.013184
-0.011902
-0.015839
-0.018494
-0.018890
-0.019531
-0.014832
-0.011658
-0.010132
-0.010834
-0.010895
-0.010345
-0.009735
-0.007996
-0.007385
-0.005890
-0.005157
-0.005005
-0.006897
-0.008148
-0.006012
-0.003693
-0.002991
-0.003418
-0.003906
-0.003387
-0.001648
0.000031
0.001282
0.001862
0.001740
0.000610
-0.000214
-0.000427
0.000061
0.000458
-0.000427
-0.001099
-0.001434
-0.000610
0.000214
0.000763
0.000458
0.000214
0.000946
0.001556
0.001953
0.001770
0.001709
0.001617
0.001526
0.001556
0.001740
0.000885
0.000916
-0.003540
0.006409
0.008881
0.186646
0.148224
0.147034
-0.546173
-0.304932
0.623291
0.179962
0.238312
0.100189
0.044495
0.158813
0.059723
-0.082458
-0.149658
-0.054382
-0.174011
-0.022949
-0.082947
-0.062744
0.025177
-0.037872
-0.001709
-0.033020
-0.006409
-0.013763
-0.011017
-0.067810
-0.016479
-0.020447
-0.020752
0.021271
-0.010345
0.010925
0.001282
-0.026184
-0.046051
-0.021698
-0.026642
-0.001556
0.011566
-0.017639
-0.013916
-0.007568
-0.004181
0.001038
-0.002960
-0.008087
-0.024414
-0.030548
-0.012390
-0.002930
-0.008148
0.002594
-0.000580
-0.008820
-0.008026
-0.015717
-0.017853
-0.036560
-0.047882
-0.038239
-0.022827
-0.011444
-0.011047
-0.010162
-0.007385
-0.010223
-0.011230
-0.006378
-0.002502
-0.003204
-0.002228
-0.009338
-0.010773
-0.008362
-0.006531
-0.001434
-0.000671
-0.004242
-0.007629
-0.008606
-0.005157
-0.002625
-0.003448
0.000000
-0.007324
-0.008545
-0.004822
-0.002075
0.003052
0.003845
-0.000031
-0.001129
-0.000549
-0.000366
0.002441
0.002167
-0.001160
-0.002686
-0.004730
-0.004059
-0.000946
0.003265
0.003418
-0.001526
-0.002228
-0.001923
0.000305
0.003387
0.005005
0.002991
0.001678
0.000458
0.000671
0.002869
0.002380
0.002625
0.003265
0.001831
0.002228
0.003601
0.003296
0.003357