-0.000214
-0.000122
-0.000092
0.000397
-0.000610
0.000793
-0.001404
0.001678
-0.002472
0.002991
-0.003662
0.004364
-0.005005
0.035614
0.089417
0.094299
-0.003937
-0.360687
-0.038635
0.329376
0.159729
0.103394
0.068390
0.095642
0.082031
0.065399
-0.034912
-0.052887
-0.034302
-0.064606
-0.028046
-0.054138
-0.023895
-0.001923
-0.007568
-0.017548
-0.004364
0.001312
-0.006348
-0.002472
-0.033813
-0.011261
-0.018280
-0.021423
-0.011627
-0.006897
-0.010315
-0.009125
-0.014771
-0.032837
-0.022247
-0.015137
-0.000610
-0.002319
-0.006073
-0.005432
-0.010712
-0.005096
-0.003601
-0.012909
-0.020782
-0.021851
-0.012543
-0.007446
-0.012634
-0.019287
-0.014771
-0.010010
-0.004547
-0.005402
-0.006226
-0.003479
-0.009064
-0.007446
-0.007812
-0.016724
-0.027435
-0.030823
-0.021149
-0.013428
-0.019165
-0.023010
-0.017944
-0.009430
-0.005096
-0.006744
-0.011108
-0.009735
-0.008148
-0.008636
-0.008026
-0.009155
-0.008850
-0.007660
-0.005676
-0.006897
-0.009705
-0.007843
-0.003174
-0.002075
-0.005402
-0.007294
-0.005615
-0.003815
-0.001678
-0.001251
-0.000610
-0.000183
-0.000366
-0.000122
0.001068
0.002228
0.001465
0.000793
-0.001007
-0.000366
0.001190
0.001617
0.001190
0.000824
0.000061
0.001007
0.002472
0.002502
0.002747
0.003143
0.002411
0.000397
0.000671
-0.001007
0.001343
-0.002380
0.002960
-0.004272
0.005249
-0.006348
0.007690
-0.009399
0.056763
0.150391
0.186127
0.051422
-0.472137
-0.009186
0.368622
0.078918
0.157898
0.149261
0.118256
0.074280
0.022705
-0.126740
-0.091003
-0.045166
-0.112671
-0.054230
-0.069244
-0.032593
-0.003448
0.009949
-0.023407
-0.006622
0.007751
-0.028717
-0.014374
-0.029388
-0.024200
-0.034790
-0.007812
-0.006592
-0.003479
0.009155
-0.007599
-0.029114
-0.038300
-0.033142
-0.018250
-0.001068
-0.003571
-0.001251
-0.009125
-0.012726
-0.002594
-0.005371
-0.016541
-0.020111
-0.016785
0.002594
0.007202
-0.012177
-0.025665
-0.015564
-0.014740
-0.015137
-0.004211
-0.003571
-0.006378
-0.009399
-0.012421
-0.022156
-0.030975
-0.027618
-0.018066
-0.018036
-0.020264
-0.015594
-0.007568
-0.004608
-0.002228
-0.006592
-0.007874
-0.004822
-0.007843
-0.008148
-0.006561
-0.005035
-0.002747
-0.007507
-0.011353
-0.007233
-0.003448
0.001709
-0.000153
-0.004181
-0.008453
-0.010986
-0.007294
-0.002380
0.000183
-0.000336
-0.002563
-0.003235
0.000092
0.003937
0.004303
0.003052
-0.000397
-0.004120
-0.003235
-0.000183
0.003143
0.004852
0.001648
-0.005402
-0.007355
-0.004120
0.003937
0.012085
0.009705
0.000854
-0.004456
-0.001556
0.003113
0.006683
0.005005
-0.001068