0.000000
-0.000061
0.000031
0.000031
-0.000061
-0.000122
0.000183
-0.000244
0.000305
-0.000397
0.000366
-0.000488
0.000183
-0.000366
-0.000092
0.000427
-0.000244
0.001038
0.038544
0.160797
-0.036346
-0.215118
0.013672
0.074066
0.006592
0.068268
0.265930
0.260712
-0.002869
-0.006775
0.067993
-0.000427
-0.002350
-0.037598
-0.086823
-0.036957
-0.034515
-0.052643
-0.023743
-0.031128
-0.012787
-0.008026
-0.030365
-0.011566
-0.014496
-0.021881
-0.016876
-0.026520
-0.035248
-0.018311
-0.007294
-0.012604
-0.008545
-0.009277
-0.007874
-0.015961
-0.018738
-0.012146
-0.014008
-0.002533
0.003876
-0.001526
-0.008057
-0.011902
-0.012817
-0.010498
-0.013123
-0.014252
-0.010040
-0.011139
-0.011200
-0.012024
-0.008392
-0.006409
-0.010071
-0.009277
-0.006012
-0.004822
-0.003510
-0.003571
-0.005890
-0.007690
-0.008331
-0.008575
-0.009369
-0.009583
-0.008453
-0.007751
-0.008240
-0.008789
-0.009949
-0.009979
-0.008148
-0.006592
-0.006165
-0.006683
-0.006256
-0.004120
-0.002075
-0.001984
-0.004120
-0.005524
-0.006165
-0.005829
-0.005249
-0.005035
-0.004639
-0.004974
-0.003876
-0.003204
-0.002045
-0.001129
-0.001648
-0.002380
-0.003021
-0.002472
-0.001526
-0.001251
-0.000885
-0.000397
-0.000916
-0.000488
0.000153
0.000488
0.000244
-0.000488
-0.000366
0.000946
0.000305
-0.000427
0.000458
-0.000641
0.000549
-0.000519
-0.000153
0.000397
-0.001526
0.002472
-0.004120
0.005157
0.020844
0.204590
-0.027740
-0.218994
0.038147
-0.020325
0.010590
0.101776
0.258698
0.307220
0.114502
0.102051
0.047760
-0.028259
0.010223
-0.038055
-0.086639
-0.066040
-0.085358
-0.065094
-0.022583
-0.054932
-0.035736
-0.031433
-0.028046
-0.020538
-0.045288
-0.032959
-0.021820
-0.028564
-0.037170
-0.035095
-0.037537
-0.022705
-0.018402
-0.017853
-0.022247
-0.025574
-0.016052
-0.015381
-0.014435
-0.008423
-0.005585
-0.006744
-0.001892
-0.003082
-0.009338
-0.011292
-0.009583
-0.008118
-0.008026
-0.005341
-0.001312
-0.002716
-0.003479
-0.007080
-0.009003
-0.009521
-0.010315
-0.010742
-0.008209
-0.005524
-0.004303
-0.006744
-0.011139
-0.009521
-0.006958
-0.003448
-0.003876
-0.005219
-0.005737
-0.006073
-0.006073
-0.005524
-0.004486
-0.004089
-0.004822
-0.005737
-0.005493
-0.004242
-0.003815
-0.004425
-0.005066
-0.004547
-0.004913
-0.005127
-0.005005
-0.005981
-0.005493
-0.006744
-0.005951
-0.005371
-0.003998
-0.001343
-0.000977
-0.000397
-0.000977
-0.000397
0.000000
-0.000153
0.001007
0.000763
0.000702
0.000641
0.001038
0.001617
0.000946
0.001526
0.001495
0.001526
0.002075
0.003357
0.004486
0.004761
0.005615
0.005127