0.000000
0.000000
0.000061
-0.000031
0.000000
0.000000
-0.000061
0.000000
0.000000
-0.000031
0.000000
-0.000061
0.000122
-0.000061
0.000122
-0.000153
0.000305
-0.000305
0.000366
-0.000336
0.000397
0.000122
0.000336
0.000183
0.021851
0.080872
-0.032135
-0.088318
0.032867
0.029327
0.013672
0.023499
0.064331
0.148102
0.093658
-0.000885
0.018402
0.022522
0.013580
0.001678
-0.029175
-0.015228
-0.008026
-0.022095
-0.010925
-0.001923
-0.006775
-0.004089
-0.002136
-0.003815
0.004608
0.014771
0.021698
0.006989
-0.003632
-0.009644
-0.018585
-0.015411
-0.020172
-0.023529
-0.021027
-0.019897
-0.019470
-0.018860
-0.020020
-0.014587
-0.014984
-0.012665
-0.014709
-0.018890
-0.015839
-0.014587
-0.014587
-0.016693
-0.014282
-0.012360
-0.011597
-0.013153
-0.012909
-0.011200
-0.010101
-0.007721
-0.007751
-0.007324
-0.006836
-0.007568
-0.007080
-0.007660
-0.006226
-0.006226
-0.006592
-0.007202
-0.008148
-0.009216
-0.009491
-0.009216
-0.010193
-0.009186
-0.008881
-0.008087
-0.007690
-0.008057
-0.007538
-0.006592
-0.005463
-0.005493
-0.004761
-0.003387
-0.002869
-0.002441
-0.002197
-0.002686
-0.003571
-0.003967
-0.003906
-0.003296
-0.003235
-0.003418
-0.002960
-0.002563
-0.002014
-0.002106
-0.001984
-0.001373
-0.000244
0.000275
0.000092
0.000061
-0.005707
0.006958
-0.009033
0.011353
-0.014313
0.017548
-0.023346
0.233734
0.261383
-0.624237
-0.138397
0.423309
-0.012360
-0.036285
0.415924
0.397003
-0.222412
-0.055908
0.419952
0.294861
-0.063477
-0.178589
-0.183044
-0.013428
-0.009613
-0.160614
-0.008331
-0.046295
-0.100922
0.005737
-0.019989
-0.043945
-0.070770
-0.096344
-0.040619
-0.030518
-0.083923
-0.045410
-0.025635
-0.022247
-0.014557
-0.023834
-0.007446
-0.011322
-0.020935
-0.010773
-0.007050
-0.011108
-0.009155
-0.025421
-0.020111
-0.017517
-0.019653
-0.010468
-0.016083
-0.024719
-0.015717
-0.010529
-0.011078
-0.010437
-0.008179
-0.002075
-0.008514
-0.010162
-0.002838
-0.005249
-0.007416
-0.002686
-0.003143
-0.003571
-0.005676
-0.001740
0.000549
0.000275
-0.001495
-0.003265
-0.007721
-0.007721
-0.004089
-0.003967
-0.003204
-0.004944
-0.004761
-0.005646
-0.002930
0.000153
0.002502
0.000122
-0.006226
-0.004883
-0.000824
0.001495
0.001465
-0.002838
-0.006561
-0.007935
-0.004608
-0.002167
-0.003937
-0.003540
-0.002930
-0.003479
-0.004059
-0.002838
-0.000824
-0.000244
-0.001526
-0.000977
-0.000977
-0.000549
0.002106
0.003326
0.003082
0.001617
0.001587
0.002167
0.003998
0.006439
0.004700
0.002716
0.004242
0.006805
0.007355
0.006500
0.006744
0.006836
0.006744
0.006744