0.000000
-0.000031
0.000000
-0.000061
0.000000
0.000000
-0.000153
0.000092
-0.000061
0.000000
0.000000
-0.000061
0.000153
-0.000458
0.000580
-0.000916
0.001068
-0.001160
0.001129
0.009888
0.082733
0.018616
-0.101074
0.043365
-0.014069
-0.041534
0.122284
0.072998
0.041412
0.148132
0.185822
0.000092
-0.020782
0.080872
-0.029541
-0.072998
0.002655
-0.032440
-0.055603
-0.021332
-0.020264
0.000427
-0.014954
-0.008484
0.018707
-0.003601
-0.007416
0.009430
-0.000732
-0.010101
-0.014191
-0.027618
-0.026947
-0.022766
-0.019012
-0.018311
-0.019257
-0.020508
-0.022156
-0.018219
-0.021088
-0.023224
-0.021637
-0.024231
-0.021606
-0.019623
-0.017883
-0.016174
-0.011536
-0.011780
-0.010803
-0.008881
-0.010986
-0.008881
-0.008728
-0.008820
-0.009125
-0.008759
-0.005371
-0.004089
-0.005219
-0.005127
-0.005646
-0.006256
-0.007477
-0.008148
-0.008911
-0.009338
-0.009949
-0.008331
-0.007446
-0.007904
-0.005646
-0.005188
-0.005798
-0.006134
-0.006439
-0.005646
-0.004852
-0.004303
-0.003113
-0.003296
-0.002716
-0.003418
-0.003998
-0.004639
-0.004242
-0.003357
-0.003448
-0.002472
-0.002716
-0.002014
-0.001129
-0.001007
-0.000977
-0.001709
-0.001953
-0.002075
-0.001617
-0.001740
-0.001617
-0.000244
0.000397
0.001556
0.002045
0.002167
0.001953
0.001190
0.000885
-0.002228
0.003510
-0.006409
0.009094
-0.012390
0.015320
0.009583
0.379272
0.029297
-0.557770
0.010620
-0.076477
0.227905
0.440277
-0.021484
0.414520
0.643005
-0.113800
-0.431732
0.157043
-0.106537
-0.218414
0.055817
-0.115875
-0.102173
-0.062927
-0.013306
-0.017334
-0.021301
-0.077728
0.024139
0.022858
-0.033051
0.022736
0.005035
-0.016785
-0.055542
-0.068573
-0.095947
-0.065887
-0.040100
-0.066162
-0.067596
-0.031586
-0.030823
-0.033630
-0.010193
-0.014221
-0.003754
0.004822
-0.003296
0.003571
-0.007935
-0.004791
0.002625
-0.004517
-0.008423
-0.007141
-0.012756
-0.016846
-0.013763
-0.014557
-0.011932
-0.013916
-0.009186
-0.003082
-0.001038
-0.002991
-0.000580
-0.004059
-0.003601
-0.006195
-0.005585
-0.003326
-0.004913
-0.003967
-0.004974
-0.006653
-0.007568
-0.003845
-0.005096
-0.004822
-0.006134
-0.006165
-0.002655
-0.002960
-0.001434
0.000946
-0.000488
0.001770
0.000885
-0.000366
-0.002869
-0.002472
-0.004120
-0.007416
-0.006165
-0.005920
-0.003235
-0.000580
0.001953
0.001617
-0.002014
-0.004608
-0.003174
-0.002014
-0.001099
-0.000275
0.001678
0.004028
0.005310
0.003784
0.002869
0.002563
0.002319
0.002075
0.002655
0.004761
0.006073
0.008667
0.008575
0.008240
0.007874
0.006561
0.006195
0.005768
0.006287