-0.000092
0.000031
-0.000092
-0.000092
0.000092
-0.000153
0.000061
0.000000
-0.000336
0.000427
-0.000885
0.001099
-0.001923
0.002350
-0.002808
0.002991
0.011871
0.133759
0.012573
-0.179688
0.077301
-0.042358
-0.040894
0.203125
0.084595
0.066925
0.210754
0.225311
-0.075989
-0.052887
0.103333
-0.080902
-0.103149
0.020508
-0.034271
-0.077423
-0.035889
-0.017395
0.011658
-0.030609
-0.015533
0.034912
-0.005768
-0.014221
0.009155
-0.018677
-0.025055
-0.019440
-0.027618
-0.024353
-0.024261
-0.022125
-0.026550
-0.025208
-0.021271
-0.023010
-0.022461
-0.017700
-0.021698
-0.016113
-0.015503
-0.018463
-0.015625
-0.015198
-0.012299
-0.009674
-0.009277
-0.009064
-0.009186
-0.012848
-0.014984
-0.013214
-0.011810
-0.010284
-0.009521
-0.006378
-0.003052
-0.004852
-0.002441
-0.003479
-0.003662
-0.005341
-0.007355
-0.007141
-0.007904
-0.008087
-0.006958
-0.006897
-0.009125
-0.008698
-0.007782
-0.006653
-0.006805
-0.006836
-0.005035
-0.004395
-0.004486
-0.003265
-0.002747
-0.000641
-0.000610
-0.000763
-0.002594
-0.003937
-0.003265
-0.003387
-0.002930
-0.002625
-0.001373
-0.000824
-0.000824
-0.000763
-0.001831
-0.003021
-0.002777
-0.002289
-0.001770
-0.001892
-0.000824
0.000610
0.001190
0.000946
0.000916
0.002075
0.003113
0.003296
0.002655
0.001953
0.000732
-0.001831
0.002472
-0.004181
0.005859
-0.008759
0.010681
-0.012878
0.014862
-0.002472
0.305756
0.101013
-0.569000
0.148804
-0.086304
-0.052216
0.627808
-0.019318
0.100433
0.628174
0.229004
-0.511963
0.012451
0.201843
-0.408661
-0.060059
0.115540
-0.133423
-0.140961
-0.018402
0.025940
0.021118
-0.120361
-0.026886
0.084290
-0.048828
0.010620
0.058685
-0.035095
-0.036865
-0.004761
-0.046967
-0.060211
-0.106964
-0.095703
-0.038300
-0.039459
-0.061401
-0.046295
-0.009308
0.002808
-0.009216
-0.000061
0.008759
0.007050
0.000732
-0.005585
-0.005737
-0.003357
-0.005035
-0.009247
-0.005280
-0.010498
-0.011108
-0.011597
-0.011749
-0.010498
-0.013031
-0.010651
-0.004425
-0.009430
-0.005249
-0.001556
-0.002014
-0.004974
-0.008026
-0.005493
-0.005981
-0.006226
-0.005035
-0.006805
-0.009674
-0.006409
-0.006012
-0.004456
-0.006897
-0.007263
-0.003204
-0.002716
-0.001831
0.001373
0.000397
0.001129
0.001282
0.000549
-0.003479
-0.004974
-0.004517
-0.006622
-0.004547
-0.004181
-0.003479
-0.002655
-0.001678
-0.001709
-0.002319
-0.002991
-0.000427
0.001129
0.000977
0.002136
0.002991
0.003510
0.002472
0.000854
0.001038
0.001190
0.001648
0.001740
0.003815
0.005280
0.005219
0.008667
0.008698
0.007050
0.004822
0.003540
0.003754