0.000061
0.000092
0.000031
0.000000
0.000000
0.000000
0.000000
0.000092
0.000000
0.000000
0.000153
0.000000
0.000031
0.000122
-0.000183
0.000610
-0.000671
0.000946
-0.001160
0.001831
-0.001801
0.003510
0.003021
0.086731
0.047150
-0.137939
-0.022552
0.063110
0.010193
0.023956
0.065765
0.172638
0.141846
0.000580
0.010376
0.026184
0.006805
0.009705
-0.034851
-0.035461
-0.016815
-0.032928
-0.021027
-0.012085
-0.009308
-0.006378
-0.008728
-0.003357
-0.005157
-0.009186
-0.006226
-0.011719
-0.011078
0.005920
0.005249
0.005615
0.002289
-0.008636
-0.012665
-0.016418
-0.021912
-0.020447
-0.022308
-0.018738
-0.016022
-0.017426
-0.014465
-0.017273
-0.017395
-0.016449
-0.013947
-0.012421
-0.011261
-0.012939
-0.010620
-0.009674
-0.009918
-0.009460
-0.011017
-0.008759
-0.008423
-0.008575
-0.007568
-0.007965
-0.006744
-0.006836
-0.006836
-0.005524
-0.005737
-0.006378
-0.007629
-0.008911
-0.011169
-0.010437
-0.010437
-0.010071
-0.009247
-0.008667
-0.007263
-0.007782
-0.007904
-0.007294
-0.005768
-0.004211
-0.003784
-0.002350
-0.002289
-0.002289
-0.002228
-0.003540
-0.004150
-0.005432
-0.005310
-0.004639
-0.003571
-0.002747
-0.002197
-0.002319
-0.002716
-0.002594
-0.002411
-0.002045
-0.001770
-0.001038
0.000061
0.000732
0.000763
0.000824
0.002136
-0.002686
0.002289
-0.002228
0.001709
-0.001068
-0.000092
-0.001434
0.074432
0.332336
-0.281372
-0.390564
0.327545
0.088379
-0.131592
0.241425
0.447968
0.017487
-0.105896
0.346100
0.299042
-0.080078
-0.115204
-0.110016
-0.070770
0.001526
-0.133057
-0.080017
-0.007507
-0.095947
-0.027069
0.003357
-0.046326
-0.045227
-0.079987
-0.056885
-0.032440
-0.068512
-0.050323
-0.026581
-0.031708
-0.018524
-0.013580
-0.008331
-0.009827
-0.026093
-0.013092
-0.007965
-0.017303
-0.006226
-0.014648
-0.017822
-0.008606
-0.016663
-0.015717
-0.013397
-0.019165
-0.018280
-0.011322
-0.011200
-0.007904
-0.007568
-0.004181
-0.009613
-0.012482
-0.003723
-0.002380
-0.006683
-0.004700
-0.000610
-0.000854
-0.002167
-0.003693
-0.003052
-0.004303
-0.004456
-0.004303
-0.007629
-0.009613
-0.005463
-0.003632
-0.002197
-0.002441
-0.003021
-0.005554
-0.006317
-0.003235
-0.001282
-0.000366
-0.004395
-0.004364
-0.001251
0.000122
0.000183
-0.002991
-0.005951
-0.007660
-0.006409
-0.003937
-0.005371
-0.004639
-0.003540
-0.003082
-0.003204
-0.002502
-0.000946
-0.001038
-0.001312
-0.000763
0.001190
0.000214
0.001678
0.003204
0.002838
0.001892
0.001068
0.002228
0.002228
0.003784
0.005066
0.003784
0.005341
0.007660
0.008087
0.006378
0.005188
0.006073
0.006073