0.000031
0.000061
0.000000
0.000061
0.000031
0.000031
0.000000
0.000031
0.000031
0.000000
0.000061
-0.000031
0.000122
0.000000
0.000092
0.000061
0.000061
0.000122
-0.000153
0.000488
-0.000397
0.000671
-0.000732
0.000946
0.005463
0.048340
0.021423
-0.064392
-0.002960
-0.007141
-0.015350
0.063354
0.046082
0.051239
0.072266
0.088562
0.075500
0.040192
0.028290
0.002472
-0.015076
0.006073
0.020172
-0.006256
-0.013702
-0.014954
-0.012695
-0.004974
-0.005341
-0.007477
-0.014282
-0.015747
0.000641
0.004761
-0.004059
-0.010040
-0.018158
-0.014984
-0.015472
-0.023590
-0.018494
-0.016327
-0.021759
-0.019897
-0.021698
-0.021118
-0.018677
-0.018402
-0.015930
-0.012177
-0.010986
-0.009674
-0.009216
-0.009796
-0.009125
-0.010742
-0.010895
-0.009827
-0.012909
-0.013336
-0.011963
-0.010315
-0.009430
-0.009796
-0.009064
-0.009247
-0.008636
-0.008606
-0.008362
-0.008820
-0.008148
-0.008148
-0.008179
-0.008118
-0.007904
-0.007172
-0.006958
-0.007294
-0.007874
-0.006592
-0.005737
-0.004364
-0.003540
-0.003784
-0.003754
-0.003052
-0.002136
-0.001892
-0.002045
-0.001984
-0.002106
-0.002075
-0.003693
-0.005157
-0.004486
-0.002930
-0.002014
-0.002228
-0.002136
-0.001862
-0.001862
-0.001801
-0.001282
-0.001465
-0.003113
-0.004425
-0.004791
-0.004425
0.004028
-0.006866
0.009186
-0.012451
0.015289
0.001862
0.396729
0.090485
-0.748810
-0.091888
0.081818
0.182892
0.361969
-0.003387
0.557129
0.729218
-0.125916
-0.377106
-0.005341
-0.155670
0.080475
0.138733
-0.200836
-0.103485
-0.090881
-0.045807
0.046051
-0.011597
-0.098419
0.003998
-0.081970
-0.057739
0.003418
-0.095917
-0.034149
-0.060577
-0.092712
-0.084381
-0.045685
-0.045471
-0.020050
-0.012970
-0.012573
0.019043
-0.025421
-0.021454
-0.014801
-0.004578
-0.005737
-0.005859
-0.008728
-0.021179
-0.016266
-0.023315
-0.008057
-0.017212
-0.017731
-0.011078
-0.014740
-0.011932
-0.006042
-0.000824
-0.006134
-0.004120
-0.009033
-0.002869
0.004974
0.006866
0.004761
-0.002747
-0.009735
-0.014404
-0.010406
-0.008606
-0.004913
-0.001556
-0.006134
-0.009430
-0.005066
-0.002014
-0.002533
-0.002563
-0.007141
-0.006287
-0.004486
-0.007111
-0.007446
-0.005920
-0.004639
-0.004272
-0.002319
-0.003265
0.001495
0.004089
-0.000122
-0.000336
0.000092
-0.000427
0.000458
0.003815
0.005554
0.005157
0.004150
0.003876
0.004852
0.007477
0.006592
0.003723
0.000793
-0.001099
-0.002014
-0.000732
0.003967
0.005920
0.004639
0.002045
0.001923
0.003082
0.002808
0.001587
0.000427
0.003357
-0.005127
-0.017181
-0.011627
-0.003632
0.007111
0.010986