0.000092
0.000061
0.000092
0.000031
0.000061
0.000000
0.000061
0.000122
0.000031
-0.000031
0.000183
0.000000
0.000153
0.000000
0.000092
0.000183
-0.000244
0.000732
-0.001190
0.002045
-0.002075
0.003540
0.007080
0.110565
0.012604
-0.177704
-0.024231
0.035187
0.042816
0.066345
0.040649
0.135284
0.183929
0.048035
-0.023804
0.007996
-0.004028
0.017975
-0.006348
-0.028625
-0.019287
-0.039551
-0.032715
-0.019226
-0.011749
-0.015350
-0.006775
-0.008148
0.001129
0.003265
-0.008148
-0.004303
-0.005463
-0.008575
-0.014587
0.004150
0.005157
0.003418
-0.000214
-0.010864
-0.011475
-0.017975
-0.019165
-0.015808
-0.013336
-0.011932
-0.010468
-0.013947
-0.014435
-0.010712
-0.009735
-0.010162
-0.011169
-0.011292
-0.010529
-0.011719
-0.012543
-0.012024
-0.010284
-0.010193
-0.012177
-0.012512
-0.010468
-0.010254
-0.009583
-0.011078
-0.010559
-0.009277
-0.009583
-0.009033
-0.010101
-0.008392
-0.007324
-0.007477
-0.007629
-0.006500
-0.005554
-0.005005
-0.004333
-0.005188
-0.005676
-0.005798
-0.006134
-0.005890
-0.006012
-0.006042
-0.005554
-0.004578
-0.003296
-0.002106
-0.000031
0.000702
0.000977
-0.000916
-0.005005
-0.006958
-0.006104
-0.004303
-0.003601
-0.003632
-0.003693
-0.004303
-0.003021
-0.001556
-0.000824
-0.000519
-0.001648
-0.001709
-0.001801
0.002716
-0.004059
0.005066
-0.006897
0.008606
-0.010864
0.013580
-0.014832
0.216736
0.180206
-0.532501
-0.061523
0.222809
-0.147736
0.131317
0.295166
0.367767
0.162628
-0.175842
0.132599
0.325745
0.009338
-0.034851
-0.071564
-0.107819
0.024017
-0.090607
-0.072937
-0.060333
-0.155121
-0.099884
-0.047424
-0.047913
-0.022583
-0.024933
-0.051117
0.009064
-0.002777
-0.032196
-0.044189
-0.026093
-0.006378
-0.020782
-0.026459
-0.022675
-0.016418
-0.026306
-0.028290
-0.006439
-0.002075
-0.017487
-0.015045
-0.014252
-0.017273
-0.016754
-0.011597
-0.007629
-0.009644
-0.018646
-0.010254
-0.006409
-0.008606
-0.006500
-0.006561
-0.009979
-0.014893
-0.010193
0.001312
0.005005
0.004791
0.002838
-0.002838
-0.003876
-0.007599
-0.005920
-0.005920
-0.005676
-0.005585
-0.008881
-0.009827
-0.005310
-0.005432
-0.008728
-0.009186
-0.010620
-0.010315
-0.007111
-0.006592
-0.004822
-0.003265
-0.005249
-0.006195
-0.005188
-0.000946
-0.000427
0.000153
-0.000366
-0.001801
-0.000671
0.001251
0.003693
0.003784
0.002533
0.001221
0.000153
0.002777
0.006409
0.008636
0.007935
0.003387
-0.001099
-0.004303
-0.001892
0.002258
0.003540
0.002563
-0.001038
-0.001434
0.001984
0.003235
0.003540
-0.000488
-0.001495
-0.009521
-0.013397
-0.005402
-0.006348