0.000000
0.000000
0.000000
0.000000
-0.000031
0.000031
-0.000031
0.000000
0.000031
0.000000
-0.000092
0.000153
0.000000
0.000153
-0.000031
0.000122
0.000092
-0.000153
0.000641
-0.001099
0.001831
-0.001923
0.002869
0.009613
0.108185
0.000183
-0.171448
-0.024170
0.009369
0.043457
0.080627
0.035706
0.088562
0.173035
0.118042
-0.016693
-0.009186
-0.011749
-0.002838
0.012390
-0.018616
-0.023438
-0.025269
-0.037994
-0.032623
-0.003723
-0.015289
-0.003235
-0.003998
-0.013947
0.006989
0.000702
0.002441
0.006287
-0.000641
-0.013184
-0.012177
-0.009491
-0.007324
0.003448
0.000702
-0.002655
-0.003143
-0.006012
-0.013031
-0.013794
-0.007599
-0.006805
-0.007294
-0.013245
-0.013397
-0.011383
-0.015320
-0.015594
-0.015076
-0.015442
-0.016022
-0.016571
-0.018005
-0.014069
-0.009460
-0.008209
-0.007599
-0.009583
-0.009308
-0.007874
-0.009277
-0.007385
-0.005341
-0.005493
-0.004517
-0.005096
-0.005615
-0.005432
-0.006226
-0.007263
-0.008087
-0.007904
-0.007477
-0.005829
-0.006287
-0.012177
-0.015686
-0.013947
-0.008728
-0.003418
-0.002350
-0.003754
-0.002808
-0.001282
-0.004242
-0.008636
-0.012024
-0.011505
-0.009583
-0.007843
-0.007721
-0.008331
-0.004120
-0.002075
-0.002594
-0.000214
0.002380
0.004395
0.002502
-0.000336
-0.000244
-0.000732
0.001129
-0.001129
0.001190
-0.001129
0.000427
-0.000031
-0.001526
0.003265
-0.005676
0.006195
0.042328
0.330322
-0.211609
-0.439331
0.216888
-0.096649
-0.018921
0.311035
0.169830
0.370026
0.142700
-0.220184
0.204346
0.303894
0.005249
0.006409
-0.100708
-0.134735
-0.057129
-0.134613
-0.097290
-0.042023
-0.050262
-0.073639
-0.066711
-0.038391
-0.000549
-0.005554
-0.009216
-0.015472
0.007843
-0.004730
-0.067017
-0.037506
-0.020660
-0.030151
-0.024628
-0.033569
-0.033752
-0.014404
-0.029022
-0.011932
0.004333
-0.004333
-0.008392
-0.015778
-0.018036
-0.005493
-0.006836
-0.005524
-0.005493
-0.019165
-0.017761
-0.016907
-0.015961
-0.007782
-0.004791
-0.012085
-0.006927
-0.002899
0.000336
0.005188
0.002106
-0.007416
-0.009216
-0.011322
-0.011292
-0.007751
-0.007416
-0.007416
-0.006012
-0.006348
-0.007446
-0.002655
0.001404
0.001343
-0.002716
-0.005798
-0.006805
-0.004578
0.003174
0.005188
-0.015228
-0.014130
-0.009430
-0.006134
0.001526
0.000580
0.003418
0.010010
0.010529
-0.014404
-0.015259
0.003906
0.002289
-0.008209
-0.006805
-0.012726
-0.010681
-0.000610
-0.005402
0.001709
0.006195
0.006927
0.004578
0.009216
0.015198
0.009216
0.008545
0.001556
-0.003174
-0.002319
0.001373
0.001831
0.001099
-0.002350
-0.004578
0.002930