-0.000031
0.000092
0.000000
-0.000092
0.000183
-0.000031
0.000031
0.000275
-0.000336
0.000549
-0.001068
0.001404
-0.002045
0.002197
-0.002594
0.002899
0.006622
0.128967
0.063568
-0.228546
-0.016937
-0.055908
-0.127594
0.216675
0.156372
0.121613
0.170868
0.228119
0.120453
-0.072968
0.011658
-0.043396
-0.125305
0.032867
0.062256
-0.045715
-0.002655
-0.030762
-0.035339
-0.009705
-0.069000
-0.031433
-0.013367
-0.067566
-0.018860
-0.013031
-0.037781
-0.022858
-0.035736
-0.034973
-0.028748
-0.021454
-0.017700
-0.024261
-0.015106
-0.006287
-0.013306
0.000000
-0.003204
-0.013275
-0.005096
-0.009308
-0.012543
0.001770
-0.005524
-0.008301
-0.008026
-0.012238
-0.010742
-0.008759
-0.006653
-0.007996
-0.008759
-0.008484
-0.007263
-0.007141
-0.004456
-0.005341
-0.002533
-0.004669
-0.007202
-0.004669
-0.003540
-0.004425
-0.001953
0.000824
-0.001160
-0.002686
-0.002380
-0.005829
-0.008759
-0.009644
-0.011749
-0.007965
-0.002258
-0.009491
-0.020538
-0.016113
-0.014221
-0.003448
0.009888
0.008545
0.005920
-0.000488
-0.006866
-0.009552
-0.011810
-0.014984
-0.019470
-0.011536
0.000702
0.002136
0.003357
0.001312
0.000153
0.000549
0.000488
0.002960
0.004242
0.006134
0.004791
0.001770
0.001465
-0.000641
-0.002197
-0.002747
-0.004395
-0.004883
0.000153
0.000031
-0.000214
0.000641
-0.001129
0.001404
-0.002594
0.003174
-0.004303
0.004578
-0.005646
0.006348
0.001312
0.201416
0.134583
-0.430206
-0.029419
-0.005157
-0.176208
0.422394
0.227234
0.083038
0.189941
0.398621
0.155121
-0.261932
0.032562
-0.135925
-0.241364
0.129944
0.055450
-0.125610
0.014191
-0.020599
-0.007660
-0.000183
-0.078003
-0.011169
-0.078644
-0.132904
-0.016205
-0.033417
-0.066742
-0.022705
-0.049469
-0.046722
-0.016510
-0.012177
-0.009705
-0.006500
-0.010101
-0.001068
-0.006561
-0.014252
-0.015076
-0.006012
-0.005035
-0.006348
-0.000458
-0.000610
-0.012543
-0.012390
-0.011200
-0.013580
-0.015106
-0.014160
-0.009033
-0.014130
-0.005798
0.000336
-0.001465
0.000702
-0.000793
-0.006256
-0.001343
-0.008636
-0.011932
-0.008148
-0.009796
-0.009857
-0.005463
-0.002502
-0.003723
-0.003326
-0.002319
-0.000305
-0.000732
-0.000854
-0.003418
-0.004639
-0.007385
-0.007385
-0.003296
0.000885
-0.010437
-0.018372
-0.015839
-0.013702
-0.000275
0.010193
0.006012
0.006195
0.003784
-0.005188
-0.003571
-0.008850
-0.020050
-0.022034
-0.006592
0.009216
0.008575
0.007202
0.003204
-0.000488
0.001556
0.003052
0.007202
0.009583
0.009613
0.005157
0.001587
0.001129
-0.000549
-0.001251
-0.001984
-0.001343
-0.002014
-0.005524