0.000031
0.000000
0.000031
0.000000
0.000061
0.000061
0.000061
0.000092
0.000000
0.000031
0.000000
0.000000
0.000000
0.000000
0.000061
0.000000
0.000000
0.000092
0.000061
0.000061
-0.000122
0.000061
-0.000214
-0.000031
-0.000336
0.000336
0.000916
0.016846
0.028717
-0.006226
-0.025421
-0.016235
-0.003204
0.019714
0.027802
0.036621
0.051971
0.070007
0.079987
0.058807
0.029449
0.019226
0.010254
0.006348
0.009308
0.000946
-0.004120
0.001038
0.002167
-0.008698
-0.008301
-0.001740
-0.009399
-0.019531
-0.021210
-0.007904
0.004395
0.002686
-0.002319
-0.005951
-0.013031
-0.015930
-0.016724
-0.018372
-0.014557
-0.013611
-0.014740
-0.014008
-0.013702
-0.014709
-0.015594
-0.016266
-0.018127
-0.017334
-0.014618
-0.010681
-0.009705
-0.010468
-0.009796
-0.010010
-0.008698
-0.008728
-0.009705
-0.010895
-0.011902
-0.010712
-0.009705
-0.010315
-0.011047
-0.011017
-0.011169
-0.009857
-0.008331
-0.007019
-0.007080
-0.008636
-0.008545
-0.008209
-0.008972
-0.010315
-0.009613
-0.008331
-0.008331
-0.009003
-0.009644
-0.008423
-0.007019
-0.005798
-0.005157
-0.004486
-0.003235
-0.002960
-0.003235
-0.004608
-0.005676
-0.005890
-0.005432
-0.004120
-0.003174
-0.002014
-0.001221
-0.001312
-0.001678
-0.002106
-0.002228
-0.002899
-0.003815
-0.005310
0.001923
-0.003571
0.005951
-0.009369
0.013000
-0.017487
0.022552
-0.010712
0.386780
-0.029083
-0.732117
0.201843
0.085449
0.019958
0.262695
0.014923
0.304718
0.582733
0.229156
-0.422150
-0.149170
0.103973
0.237000
0.136383
-0.236023
-0.180939
-0.021790
-0.053589
-0.118286
-0.007996
-0.096741
-0.041779
-0.046600
-0.074951
0.012390
-0.024597
-0.044159
-0.038879
-0.028107
-0.055298
-0.011688
-0.038818
-0.023163
-0.000977
-0.024292
-0.017517
-0.016113
-0.020935
-0.023407
-0.006989
-0.001740
0.004028
-0.009735
-0.020386
-0.011627
-0.013947
-0.024567
-0.030548
-0.020294
-0.027802
-0.023499
-0.020142
-0.015991
0.018524
0.014252
0.002991
-0.010986
-0.021820
-0.013336
-0.009827
-0.014801
-0.016327
-0.015320
-0.007141
0.006805
0.008667
0.001892
-0.000763
-0.001465
-0.005646
-0.005737
-0.004211
-0.002716
-0.005951
-0.008087
-0.008514
-0.010864
-0.011017
-0.003540
-0.000946
-0.001007
0.003693
0.008392
0.007782
0.004639
0.008972
0.007477
0.004578
0.000000
-0.006531
-0.002136
-0.000763
-0.001373
0.001740
0.002289
0.002594
0.004272
0.006012
0.003479
0.003998
0.000916
-0.000275
-0.001190
-0.003540
0.000549
0.001068
0.002533
0.005554
0.000366
-0.004211
0.002686
0.004578
0.006287
0.007416
0.001801
0.000519
0.000214
-0.000824