0.000000
-0.000153
0.000000
-0.000031
-0.000092
-0.000122
0.000336
-0.000397
0.000763
-0.001007
0.001221
-0.001465
0.001617
-0.001709
0.001434
-0.001068
0.001678
-0.001190
0.070190
0.194458
-0.192627
-0.226471
0.072052
0.007294
0.149292
0.106995
0.058350
0.171051
0.222046
0.127533
-0.043182
-0.055511
-0.043030
-0.010529
-0.034576
-0.043091
-0.064850
-0.064178
-0.049866
-0.046570
-0.021515
-0.025940
-0.007477
-0.011810
-0.000519
-0.000763
-0.002655
-0.014557
-0.016266
-0.013580
-0.016022
-0.003113
-0.012299
-0.004700
-0.003784
-0.003082
0.004303
0.002075
-0.002350
-0.004639
-0.003326
-0.005127
-0.002869
-0.013489
-0.014832
-0.003235
-0.004852
-0.004181
-0.017090
-0.022430
-0.007996
0.002014
0.002777
-0.003265
-0.011597
-0.016327
-0.015686
-0.018951
-0.020508
-0.021515
-0.014984
-0.005402
-0.001373
0.002716
0.001678
-0.004639
-0.010956
-0.014648
-0.016632
-0.017303
-0.017822
-0.016602
-0.011597
-0.007355
-0.004913
-0.005920
-0.004669
-0.003387
-0.002625
-0.001160
-0.000977
-0.000763
-0.002960
-0.005280
-0.005981
-0.005798
-0.005188
-0.003784
-0.000336
0.002930
0.001709
-0.001282
-0.003998
-0.006683
-0.006866
-0.004486
-0.001862
0.001160
0.002716
0.001556
0.000122
-0.001312
-0.002930
-0.003479
-0.003296
-0.002625
-0.000885
-0.000977
-0.000031
-0.000305
0.000305
-0.000397
0.000519
-0.000580
0.000427
-0.000549
0.000031
0.000153
-0.001282
0.002045
-0.003479
0.004242
0.027039
0.228088
-0.046906
-0.320251
0.001495
-0.013733
0.059082
0.200897
0.122620
0.224548
0.247803
0.070557
0.050903
0.056793
-0.049866
-0.070435
-0.103943
-0.079895
-0.022339
-0.073059
-0.080597
-0.048187
-0.036346
-0.032898
-0.017456
-0.018433
0.001312
0.001343
-0.013824
0.001862
-0.009918
-0.018311
-0.030182
-0.024109
-0.023285
-0.019196
-0.011322
-0.014313
-0.004669
-0.004150
-0.005249
-0.004272
-0.007385
-0.014313
-0.014435
-0.012848
-0.018585
-0.021790
-0.016602
-0.016327
-0.010040
-0.011383
-0.015747
-0.000763
0.006134
0.006470
0.004486
-0.004272
-0.013031
-0.014679
-0.017090
-0.015991
-0.012146
-0.012970
-0.005249
-0.001556
0.003601
0.007080
0.001648
-0.003479
-0.009918
-0.013641
-0.018097
-0.016632
-0.015656
-0.012268
-0.006470
-0.005585
-0.007599
-0.005890
-0.002228
-0.000214
0.002716
0.000336
-0.001129
-0.001007
-0.003387
-0.004517
-0.006500
-0.007202
-0.003174
0.000244
0.001709
0.002289
0.000061
-0.002716
-0.005066
-0.004700
-0.001862
-0.000946
0.001587
0.003113
0.000977
0.000519
-0.000702
-0.002411
-0.001465
-0.002838
-0.003052
-0.001068
-0.000641
0.001038
0.001495
-0.000580