0.000061
0.000031
0.000122
0.000061
0.000092
0.000061
0.000061
0.000153
0.000092
0.000153
0.000153
0.000092
0.000244
0.000092
0.000061
-0.000061
0.000275
-0.000244
0.000580
-0.000671
0.000671
-0.000793
0.001190
0.001251
0.040771
0.043335
-0.059021
-0.050598
-0.008759
0.014648
0.053680
0.041351
0.041931
0.065796
0.109100
0.070984
-0.001404
-0.009094
-0.004395
0.001953
0.003693
-0.008728
-0.012268
0.001648
-0.002899
-0.003967
0.001892
-0.003082
0.000366
0.002869
-0.000092
0.005737
0.005951
0.001617
-0.007629
-0.018494
-0.013672
-0.007355
-0.000732
0.003571
-0.000153
-0.008514
-0.011230
-0.013519
-0.017181
-0.016876
-0.013214
-0.012024
-0.016327
-0.017456
-0.015594
-0.010254
-0.007812
-0.012421
-0.014709
-0.013031
-0.010681
-0.007935
-0.009460
-0.013123
-0.011871
-0.010162
-0.009277
-0.010590
-0.014648
-0.013367
-0.011414
-0.011017
-0.010529
-0.010315
-0.009613
-0.010284
-0.012634
-0.014374
-0.014526
-0.011078
-0.007660
-0.006561
-0.005310
-0.004272
-0.004639
-0.004913
-0.006073
-0.008087
-0.007996
-0.007568
-0.005951
-0.003632
-0.002075
-0.002960
-0.005493
-0.005615
-0.004791
-0.004608
-0.004791
-0.005646
-0.005310
-0.003967
-0.003204
-0.002289
-0.001190
-0.000854
-0.000885
-0.000793
-0.001617
-0.001465
-0.001953
-0.003204
-0.002747
0.003601
-0.004700
0.005341
-0.006714
0.006714
-0.007172
0.008118
-0.012268
0.159912
0.312103
-0.561279
-0.189728
0.308289
-0.180084
0.182465
0.145355
0.178497
0.517090
0.256287
-0.296722
-0.131531
0.245483
0.137451
0.044006
-0.195068
-0.163513
0.008789
-0.042084
-0.127808
-0.036194
-0.029724
-0.084412
-0.022980
-0.071655
0.006073
0.009918
-0.038727
-0.025269
-0.012207
-0.040466
-0.045715
-0.031586
-0.047821
-0.008514
-0.014526
-0.021210
-0.010284
-0.021179
-0.022278
-0.012177
-0.004608
-0.008392
-0.011963
-0.020813
-0.012054
-0.003296
-0.025391
-0.022186
-0.021271
-0.026794
-0.022430
-0.025635
-0.009003
0.015350
0.018616
0.004791
-0.011353
-0.014801
-0.012390
-0.016785
-0.018036
-0.021820
-0.009674
0.006378
0.002930
0.005127
0.003815
-0.000946
-0.001282
-0.008087
-0.006500
-0.006287
-0.010040
-0.008270
-0.007355
-0.008850
-0.008789
-0.008514
-0.004822
0.000153
-0.000763
0.002563
0.007904
0.005310
0.002960
0.006104
0.006317
0.003723
-0.001160
-0.007690
-0.005676
0.000916
0.000214
0.002350
0.001770
0.001343
0.001709
0.002136
0.005249
0.003601
0.003418
-0.003052
-0.006805
-0.004761
-0.002838
0.001801
0.004089
0.004059
0.003662
-0.000092
-0.001495
0.001678
0.003693
0.004272
0.002930
0.003082
0.005402