0.000092
0.000122
0.000092
0.000092
0.000183
0.000061
0.000153
0.000122
0.000122
0.000183
0.000122
0.000153
0.000153
0.000153
0.000061
0.000031
0.000092
0.000092
0.000031
0.000366
-0.000366
0.000610
-0.000427
0.000763
0.003357
0.038269
0.024994
-0.049927
-0.034943
-0.007172
0.020111
0.045776
0.033600
0.034546
0.058899
0.090637
0.056854
0.008209
0.000671
0.007874
0.013123
0.013214
0.009888
0.002441
-0.001495
-0.006104
-0.006226
-0.004517
0.000183
0.000702
0.001068
0.007904
0.005035
-0.003235
-0.010223
-0.016449
-0.014465
-0.006622
0.000854
0.001556
-0.004333
-0.011078
-0.012909
-0.011658
-0.014374
-0.015289
-0.017548
-0.017975
-0.014801
-0.015411
-0.016083
-0.013916
-0.011017
-0.011078
-0.013611
-0.014099
-0.012207
-0.009338
-0.007874
-0.009247
-0.011261
-0.011230
-0.010498
-0.009308
-0.010681
-0.012238
-0.009369
-0.009888
-0.011932
-0.011658
-0.010773
-0.010376
-0.012604
-0.013794
-0.012634
-0.010406
-0.008636
-0.007355
-0.005951
-0.004578
-0.004761
-0.005981
-0.006927
-0.008575
-0.008850
-0.007721
-0.005951
-0.004303
-0.003632
-0.003296
-0.003571
-0.003540
-0.003784
-0.005280
-0.006531
-0.007019
-0.005981
-0.004547
-0.002777
-0.001434
-0.000763
-0.001038
-0.001312
-0.000916
-0.001343
-0.001709
-0.002350
-0.003998
0.000000
0.000702
-0.002258
0.003937
-0.007416
0.010803
-0.015076
0.018829
0.004547
0.388306
-0.143188
-0.637970
0.301147
0.002441
-0.016022
0.248810
0.039886
0.405151
0.510590
-0.030518
-0.381226
0.080383
0.200439
0.147583
-0.021973
-0.252899
-0.070984
0.001678
-0.092133
-0.097015
-0.002350
-0.094940
-0.048340
-0.057922
-0.049957
0.033752
-0.029938
-0.042175
-0.019653
-0.020569
-0.052460
-0.029175
-0.044678
-0.022339
-0.000916
-0.024445
-0.010223
-0.016876
-0.028564
-0.020874
-0.006775
-0.005371
-0.008362
-0.012848
-0.019897
-0.004547
-0.012756
-0.028412
-0.022827
-0.025177
-0.025696
-0.022614
-0.022766
-0.001190
0.021606
0.012665
-0.000458
-0.014008
-0.014923
-0.012756
-0.016388
-0.019379
-0.018829
-0.005005
0.004303
0.004547
0.004364
0.000366
0.000671
-0.003082
-0.006317
-0.004120
-0.006866
-0.008148
-0.008270
-0.007965
-0.010162
-0.010773
-0.008057
-0.001312
0.000397
-0.001038
0.004913
0.008331
0.004395
0.004791
0.007782
0.006836
0.002197
-0.003357
-0.007782
-0.001770
0.001282
0.000519
0.002960
0.000732
0.002258
0.001312
0.005127
0.004303
0.004425
0.001953
-0.005219
-0.004547
-0.004669
-0.001343
0.002625
0.004608
0.004181
0.002106
-0.001526
-0.000763
0.004028
0.005310
0.004272
0.003052
0.003357
0.003357