0.474903
0.608342
0.625242
0.526351
0.356162
0.185888
0.086238
0.100386
0.227460
0.422858
0.615267
0.733890
0.735478
0.620840
0.434532
0.247829
0.131505
0.128801
0.238912
0.417301
0.592722
0.694447
0.679292
0.548134
0.345591
0.143005
0.011212
-0.006486
0.089164
0.253683
0.415880
0.505079
0.478145
0.336002
0.123312
-0.088544
-0.228694
-0.253802
-0.164586
-0.005499
0.152289
0.238118
0.208869
0.065473
-0.147402
-0.358376
-0.496577
-0.518680
-0.425413
-0.261246
-0.097369
-0.004465
-0.025682
-0.160121
-0.363148
-0.563422
-0.690115
-0.699945
-0.593691
-0.415872
-0.237733
-0.130013
-0.135918
-0.254610
-0.441518
-0.625363
-0.735382
-0.728361
-0.605143
-0.410315
-0.215188
-0.090569
-0.079732
-0.181903
-0.352577
-0.520539
-0.615089
-0.593073
-0.455394
-0.246697
-0.038346
0.098798
0.121414
0.030228
-0.130298
-0.288990
-0.375183
-0.345758
-0.201645
0.012485
0.225245
0.365759
0.390690
0.300757
0.140416
-0.019159
-0.107300
-0.080880
0.059183
0.268232
0.474903
0.608342
0.625242
0.526351
0.356162
0.185888
0.086238
0.100386
0.227460
0.422858
0.615267
0.733890
0.735478
0.620840
0.434532
0.247829
0.131505
0.128801
0.238912
0.417301
0.592722
0.694447
0.679292
0.548134
0.345591
0.143005
0.011212
-0.006486
0.089164
0.253683
0.415880
0.505079
0.478145
0.336002
0.123312
-0.088544
-0.228694
-0.253802
-0.164586
-0.005499
0.152289
0.238118
0.208869
0.065473
-0.147402
-0.358376
-0.496577
-0.518680
-0.425413
-0.261246
-0.097369
-0.004465
-0.025682
-0.160121
-0.363148
-0.563422
-0.690115
-0.699945
-0.593691
-0.415872
-0.237733
-0.130013
-0.135918
-0.254610
-0.441518
-0.625363
-0.735382
-0.728361
-0.605143
-0.410315
-0.215188
-0.090569
-0.079732
-0.181903
-0.352577
-0.520539
-0.615089
-0.593073
-0.455394
-0.246697
-0.038346
0.098798
0.121414
0.030228
-0.130298
-0.288990
-0.375183
-0.345758
-0.201645
0.012485
0.225245
0.365759
0.390690
0.300757
0.140416
-0.019159
-0.107300
-0.080880
0.059183
0.268232
0.165362
0.447902
0.767741
1.003415
1.064784
0.927462
0.642134
0.315206
0.068168
-0.008793
0.108769
0.370247
0.669330
0.884638
0.926108
0.769435
0.465380
0.120422
-0.143877
-0.237262
-0.135223
0.111696
0.397240
0.600082
0.630210
0.463362
0.150341
-0.202341
-0.473089
-0.571625
-0.473416
-0.228993
0.055399
0.258439
0.290113
0.126153
-0.182650
-0.529798
-0.793721
-0.884166
-0.776633
-0.521689
-0.225620
-0.009796
0.035722
-0.113390
-0.406400
-0.736872
-0.983301
-1.055505
-0.929054
-0.654591
-0.338479
-0.102165
-0.035794
-0.163770
-0.435445
-0.744468
-0.969418
-1.020197
-0.872461
-0.576936
-0.240068
0.016612
0.102882
-0.005743
-0.258691
-0.549684
-0.757373
-0.791728
-0.628469
-0.318385
0.032022
0.301168
0.398780
0.300330
0.056348
-0.226921
-0.428161
-0.457366
-0.290276
0.022304
0.373863
0.642811
0.738877
0.637539
0.389339
0.100536
-0.107529
-0.144825
0.012941
0.315000
0.654882
0.911046
0.993268
0.877082
0.613089
0.307610
0.082052
0.026515
0.165362
0.447902
0.767741
1.003415
1.064784
0.927462
0.642134
0.315206
0.068168
-0.008793
0.108769
0.370247
0.669330
0.884638
0.926108
0.769435
0.465380
0.120422
-0.143877
-0.237262
-0.135223
0.111696
0.397240
0.600082
0.630210
0.463362
0.150341
-0.202341
-0.473089
-0.571625
-0.473416
-0.228993
0.055399
0.258439
0.290113
0.126153
-0.182650
-0.529798
-0.793721
-0.884166
-0.776633
-0.521689
-0.225620
-0.009796
0.035722
-0.113390
-0.406400
-0.736872
-0.983301
-1.055505
-0.929054
-0.654591
-0.338479
-0.102165
-0.035794
-0.163770
-0.435445
-0.744468
-0.969418
-1.020197
-0.872461
-0.576936
-0.240068
0.016612
0.102882
-0.005743
-0.258691
-0.549684
-0.757373
-0.791728
-0.628469
-0.318385
0.032022
0.301168
0.398780
0.300330
0.056348
-0.226921
-0.428161
-0.457366
-0.290276
0.022304
0.373863
0.642811
0.738877
0.637539
0.389339
0.100536
-0.107529
-0.144825
0.012941
0.315000
0.654882
0.911046
0.993268
0.877082
0.613089
0.307610
0.082052
0.026515