-0.053291
0.015120
0.084297
0.151174
0.212476
0.265119
0.306651
0.335625
0.351780
0.356006
0.350092
0.336356
0.317262
0.295133
0.272014
0.249689
0.229767
0.213760
0.203069
0.198838
0.201710
0.211572
0.227376
0.247147
0.268196
0.287503
0.302184
0.309907
0.309167
0.299346
0.280584
0.253539
0.219126
0.178357
0.132303
0.082191
0.029540
-0.023736
-0.075362
-0.122888
-0.164014
-0.196942
-0.220674
-0.235137
-0.241101
-0.239924
-0.233200
-0.222433
-0.208829
-0.193271
-0.176444
-0.159047
-0.141979
-0.126413
-0.113707
-0.105182
-0.101836
-0.104109
-0.111779
-0.124042
-0.139735
-0.157647
-0.176774
-0.196461
-0.216365
-0.236266
-0.255822
-0.274363
-0.290817
-0.303820
-0.311981
-0.314212
-0.310018
-0.299642
-0.284030
-0.264614
-0.243006
-0.220712
-0.198942
-0.178589
-0.160329
-0.144804
-0.132747
-0.125007
-0.122402
-0.125456
-0.134100
-0.147442
-0.163709
-0.180403
-0.194639
-0.203574
-0.204818
-0.196709
-0.178406
-0.149806
-0.111345
-0.063806
-0.008199
0.054238
0.121926
0.192807
0.264279
0.333274
0.396513
0.450912
0.494018
0.524380
0.541736
0.546976
0.541888
0.528789
0.510142
0.488268
0.465216
0.442766
0.422528
0.406016
0.394629
0.389513
0.391313
0.399914
0.414272
0.432414
0.451650
0.468963
0.481470
0.486843
0.483579
0.471061
0.449433
0.419354
0.381745
0.337619
0.288051
0.234271
0.177802
0.120562
0.064830
0.013058
-0.032447
-0.069884
-0.098251
-0.117469
-0.128304
-0.132110
-0.130475
-0.124898
-0.116581
-0.106401
-0.095038
-0.083185
-0.071735
-0.061857
-0.054903
-0.052187
-0.054703
-0.062885
-0.076505
-0.094751
-0.116458
-0.140405
-0.165585
-0.191337
-0.217309
-0.243278
-0.268896
-0.293485
-0.315968
-0.334976
-0.349111
-0.357280
-0.358980
-0.354451
-0.344631
-0.330947
-0.315007
-0.298308
-0.282058
-0.267142
-0.254233
-0.243964
-0.237068
-0.234384
-0.236727
-0.244617
-0.257979
-0.275917
-0.296653
-0.317685
-0.336124
-0.349122
-0.354284
-0.349947
-0.335265
-0.310130
-0.274976
-0.230584
-0.177958
-0.118334
0.361597
0.292815
0.234792
0.190738
0.164141
0.157660
0.171813
0.204004
0.248331
0.296359
0.338691
0.366868
0.375017
0.360736
0.324988
0.271110
0.203373
0.125635
0.040581
-0.050221
-0.145553
-0.243469
-0.340424
-0.431062
-0.508834
-0.567322
-0.601799
-0.610502
-0.595124
-0.560343
-0.512524
-0.458052
-0.401854
-0.346624
-0.292950
-0.240254
-0.188105
-0.137361
-0.090682
-0.052164
-0.026261
-0.016375
-0.023674
-0.046605
-0.081295
-0.122707
-0.166128
-0.208437
-0.248678
-0.287742
-0.327297
-0.368393
-0.410297
-0.450043
-0.482888
-0.503548
-0.507777
-0.493709
-0.462503
-0.418037
-0.365806
-0.311409
-0.259200
-0.211567
-0.169058
-0.131237
-0.097864
-0.069865
-0.049643
-0.040545
-0.045638
-0.066230
-0.100705
-0.144142
-0.188919
-0.226157
-0.247550
-0.247009
-0.221600
-0.171546
-0.099395
-0.008737
0.096968
0.215011
0.343279
0.479453
0.619959
0.759191
0.889466
1.001843
1.087680
1.140433
1.157130
1.139031
1.091245
1.021441
0.938098
0.848866
0.759543
0.673916
0.594372
0.522903
0.461965
0.414773
0.384816
0.374757
0.385119
0.413308
0.453426
0.497042
0.534765
0.558139
0.561296
0.541840
0.500738
0.441333
0.367900
0.284304
0.193235
0.096268
-0.005373
-0.109737
-0.213273
-0.310616
-0.395213
-0.460637
-0.502156
-0.517999
-0.509853
-0.482387
-0.441961
-0.394951
-0.346278
-0.298627
-0.252579
-0.207550
-0.163099
-0.120080
-0.081140
-0.050373
-0.032222
-0.030081
-0.045112
-0.075754
-0.118127
-0.167184
-0.218208
-0.268068
-0.315800
-0.362290
-0.409197
-0.457564
-0.506652
-0.553486
-0.593317
-0.620854
-0.631844
-0.624416
-0.599719
-0.561628
-0.515629
-0.467317
-0.421039
-0.379178
-0.342275
-0.309888
-0.281774
-0.258852
-0.243521
-0.239122
-0.248718
-0.273613
-0.312187
-0.359513
-0.407968
-0.448666
-0.473301
-0.475778
-0.453161
-0.405672
-0.335854
-0.247296
-0.143455
-0.027039
0.099841
0.234867
0.374466
0.513034
0.642887
0.755086
0.840989
0.894051
0.911300
0.893996
0.847246
0.778719
0.696893
0.609416
0.522085
0.438683