0.052017
0.204907
0.366175
0.482477
0.517266
0.464726
0.351965
0.228628
0.147910
0.146217
0.229234
0.369734
0.517962
0.620623
0.641227
0.574014
0.446147
0.307333
0.210827
0.193098
0.259894
0.384052
0.515881
0.602152
0.606439
0.523045
0.379200
0.224670
0.112776
0.080046
0.132286
0.242392
0.360728
0.434119
0.426188
0.331289
0.176694
0.012214
-0.108791
-0.149759
-0.104849
-0.001137
0.111766
0.180706
0.169325
0.071989
-0.084019
-0.248884
-0.369243
-0.408537
-0.360932
-0.253515
-0.135910
-0.061290
-0.066038
-0.155811
-0.303357
-0.458894
-0.569096
-0.597445
-0.538149
-0.418342
-0.287696
-0.199437
-0.189999
-0.265098
-0.397539
-0.537598
-0.632014
-0.644326
-0.568810
-0.432660
-0.285615
-0.180966
-0.155211
-0.214130
-0.330592
-0.454936
-0.533963
-0.531274
-0.441201
-0.291000
-0.130463
-0.012933
0.025040
-0.022373
-0.128086
-0.242480
-0.312395
-0.301469
-0.204067
-0.047471
0.118499
0.240480
0.281903
0.236927
0.132628
0.018618
-0.051943
-0.042691
0.052017
0.204907
0.366175
0.482477
0.517266
0.464726
0.351965
0.228628
0.147910
0.146217
0.229234
0.369734
0.517962
0.620623
0.641227
0.574014
0.446147
0.307333
0.210827
0.193098
0.259894
0.384052
0.515881
0.602152
0.606439
0.523045
0.379200
0.224670
0.112776
0.080046
0.132286
0.242392
0.360728
0.434119
0.426188
0.331289
0.176694
0.012214
-0.108791
-0.149759
-0.104849
-0.001137
0.111766
0.180706
0.169325
0.071989
-0.084019
-0.248884
-0.369243
-0.408537
-0.360932
-0.253515
-0.135910
-0.061290
-0.066038
-0.155811
-0.303357
-0.458894
-0.569096
-0.597445
-0.538149
-0.418342
-0.287696
-0.199437
-0.189999
-0.265098
-0.397539
-0.537598
-0.632014
-0.644326
-0.568810
-0.432660
-0.285615
-0.180966
-0.155211
-0.214130
-0.330592
-0.454936
-0.533963
-0.531274
-0.441201
-0.291000
-0.130463
-0.012933
0.025040
-0.022373
-0.128086
-0.242480
-0.312395
-0.301469
-0.204067
-0.047471
0.118499
0.240480
0.281903
0.236927
0.132628
0.018618
-0.051943
-0.042691
0.622729
1.023920
1.255811
1.228718
0.951006
0.525906
0.112095
-0.136901
-0.131327
0.120534
0.515554
0.895176
1.106006
1.058443
0.760933
0.316785
-0.115248
-0.381569
-0.392355
-0.155823
0.224959
0.591488
0.790425
0.732214
0.425344
-0.026840
-0.465553
-0.737172
-0.751851
-0.517795
-0.138060
0.228856
0.429610
0.374640
0.072421
-0.373717
-0.805016
-1.067881
-1.072502
-0.827121
-0.434841
-0.054209
0.161379
0.122301
-0.163029
-0.591350
-1.003974
-1.247377
-1.231828
-0.965648
-0.552023
-0.149584
0.088188
0.071583
-0.191074
-0.596612
-0.986431
-1.207098
-1.168973
-0.880465
-0.444848
-0.020840
0.237993
0.241858
-0.001001
-0.387491
-0.759088
-0.962430
-0.907946
-0.604109
-0.154253
0.282848
0.553574
0.568087
0.334588
-0.043866
-0.408783
-0.606828
-0.548449
-0.242137
0.208766
0.645480
0.914390
0.925661
0.687510
0.303011
-0.069320
-0.276119
-0.227799
0.067189
0.505547
0.928545
1.182620
1.178000
0.922961
0.520644
0.129638
-0.096623
-0.068473
0.205717
0.622729
1.023920
1.255811
1.228718
0.951006
0.525906
0.112095
-0.136901
-0.131327
0.120534
0.515554
0.895176
1.106006
1.058443
0.760933
0.316785
-0.115248
-0.381569
-0.392355
-0.155823
0.224959
0.591488
0.790425
0.732214
0.425344
-0.026840
-0.465553
-0.737172
-0.751851
-0.517795
-0.138060
0.228856
0.429610
0.374640
0.072421
-0.373717
-0.805016
-1.067881
-1.072502
-0.827121
-0.434841
-0.054209
0.161379
0.122301
-0.163029
-0.591350
-1.003974
-1.247377
-1.231828
-0.965648
-0.552023
-0.149584
0.088188
0.071583
-0.191074
-0.596612
-0.986431
-1.207098
-1.168973
-0.880465
-0.444848
-0.020840
0.237993
0.241858
-0.001001
-0.387491
-0.759088
-0.962430
-0.907946
-0.604109
-0.154253
0.282848
0.553574
0.568087
0.334588
-0.043866
-0.408783
-0.606828
-0.548449
-0.242137
0.208766
0.645480
0.914390
0.925661
0.687510
0.303011
-0.069320
-0.276119
-0.227799
0.067189
0.505547
0.928545
1.182620
1.178000
0.922961
0.520644
0.129638
-0.096623
-0.068473
0.205717