-0.011336
-0.010138
-0.004439
-0.001699
-0.006197
-0.005084
-0.002732
-0.000897
-0.004931
-0.004633
-0.003753
-0.005648
-0.003352
-0.003887
-0.006350
-0.004478
-0.005008
-0.006498
-0.003610
0.001279
0.008163
-0.005107
0.000048
0.015029
-0.006369
-0.002335
0.008085
-0.009564
-0.005237
0.012597
0.010416
0.008240
0.038181
0.022981
-0.011269
-0.010645
-0.021065
-0.032815
-0.016588
-0.011693
0.007498
0.054990
0.009099
0.017028
0.007532
-0.075923
-0.019494
-0.006550
-0.083941
-0.000265
0.064142
-0.048347
-0.031479
-0.026413
-0.124394
-0.054818
-0.048263
-0.097445
-0.053021
0.011529
0.030122
-0.030779
-0.017175
0.037260
-0.018106
-0.067109
-0.012389
0.029099
-0.007895
0.021094
0.088991
0.039477
0.040483
0.050728
0.015510
0.022317
0.017827
-0.018924
-0.030121
0.007685
0.007060
-0.007096
0.019477
0.047804
0.060518
0.048695
0.036342
0.032691
0.018213
0.009234
0.007359
0.002609
0.007911
0.011636
0.007095
0.002861
0.000220
-0.002211
0.002164
0.004855
0.002767
0.006062
0.004511
0.005696
0.008085
0.007404
0.003723
0.003101
0.005288
0.003208
0.000141
0.001873
0.001648
0.000103
0.001828
0.001100
0.004854
0.005034
-0.000581
0.004718
0.002932
-0.001462
0.003451
0.003310
0.013782
0.010467
0.008123
0.011336
-0.000033
0.003919
-0.003984
0.001055
0.028540
0.012126
0.003273
0.029277
0.027552
-0.003384
0.014650
0.013315
-0.026470
0.060546
0.040516
-0.031619
0.045677
0.013238
-0.056211
-0.067353
-0.063359
-0.016820
0.002312
-0.003090
0.045662
0.058978
-0.007646
0.009507
-0.024885
-0.122996
-0.043813
0.006291
-0.055860
0.002367
0.109810
0.125081
0.071714
0.086560
0.085512
0.025219
0.005570
-0.011960
-0.015392
-0.048777
-0.029798
0.014693
0.016233
0.003315
-0.004214
0.056659
0.047155
0.009066
0.028703
0.032428
-0.002851
-0.006059
0.025159
-0.015215
-0.035582
-0.002438
-0.014713
-0.039719
-0.034553
-0.028522
-0.025098
-0.019772
-0.016431
-0.016818
-0.016385
-0.016460
-0.017213
-0.018622
-0.028887
-0.026194
-0.019999
-0.019937
-0.021647
-0.023603
-0.017335
-0.017482
-0.021455
-0.021679
-0.016279
-0.015120
-0.016981
-0.012613
-0.012741
-0.007963
-0.011027
-0.015416
-0.012964
-0.019499
-0.011994
-0.012989
-0.011522
-0.002900
-0.011224
-0.002600
-0.004507
-0.013267
-0.007618
-0.010498
0.003178
0.000074
0.001616
0.019407
0.014427
0.031806
0.040005
0.034036
0.039525
0.032249
0.007640
-0.018066
-0.015930
-0.010908
-0.024711
-0.053040
-0.037104
-0.021171
-0.044066
-0.040585
-0.013415
0.039957
-0.017715
-0.020923
0.014546
-0.090608
-0.067181
-0.052759
-0.102364
-0.109422
-0.065017
-0.067155
-0.076960
0.048645
0.036562
0.003130
0.085403
0.114630
0.035108
0.013099
0.046301
0.019165
-0.000253
-0.010587
-0.004430
0.000833
0.020844
0.050991
0.060352
0.057443
0.072086
0.066242
0.028819
0.021604
0.021496
0.002675
-0.001616
0.026566
0.020353
0.002998
0.014779
0.017650
0.010915
0.004049
0.003156
-0.005130
-0.009146
-0.011125
-0.018813
-0.017976
-0.013313
-0.009620
-0.012712
-0.015253
-0.013572
-0.015570
-0.015072
-0.015914
-0.013489
-0.012086
-0.011724
-0.009437
-0.009695
-0.006926
-0.011705
-0.005035
-0.001199
-0.014209
-0.006445
0.000234
-0.016862
-0.006667
0.005773
-0.018564
-0.004885
0.010719
-0.017031
-0.014816
-0.006155
-0.025028
-0.010330
-0.021031
-0.018254
0.015031
-0.055316
-0.017417
0.022535
-0.060024
-0.036481
-0.017172
-0.076283
-0.046782
0.006271
-0.040732
0.006138
0.050856
0.010902
-0.019874
-0.034538
-0.059569
-0.063166
-0.033673
-0.073714
-0.063839
-0.021357
-0.075443
-0.078262
-0.008049
-0.035488
-0.030721
0.058133
0.051098
0.004682
0.019111
-0.006528
-0.012727
-0.023087
-0.053467
0.011831
0.015301
-0.021743
0.007284
0.045542
0.025856
0.015578
0.054879
0.051688
0.027242
0.035693
0.042640
0.023353
0.035161
0.051795
0.051852
0.046925
0.048771
0.050349
0.032791
0.031198
0.030863
0.020123
0.020953
0.034171
0.032202
0.032837
0.034174
0.025905
0.027931
0.027720
0.020702
0.013469
0.015670
0.016443
0.013707
0.013294
0.012038
0.012427
0.010872
0.011766
0.009186
0.005143
0.007568
0.003525
0.003717
0.008396
0.004851
0.003296
0.008628
0.011029
0.001356
0.003952
0.008639
-0.007205
0.000928
0.017705
-0.011387
0.000349
0.030708
-0.011644
0.006871
0.013257
-0.046462
-0.004824
-0.020638
-0.046029
0.045747
0.026486
0.026261
0.077634
0.021333
0.008270
-0.008016
0.004858
0.019795
0.030061
0.129375
0.091417
0.042659
0.077639
0.052631
-0.006263
0.001007
0.036956
0.013580
0.000448
0.060791
0.016424
-0.056706
0.065117
0.029931
-0.018715
0.045751
-0.000328
0.025413
0.012308
0.023663
0.033558
-0.030663
-0.001181
-0.002833
-0.033268
-0.044117
-0.065485
-0.040673
-0.024695
-0.050084
-0.051536
-0.039113
-0.020401
-0.032146
-0.044706
-0.039238
-0.037970
-0.046874
-0.043719
-0.024092
-0.028990
-0.029291
-0.021265
-0.013969
-0.019947
-0.032090
-0.028143
-0.029612
-0.024728
-0.020861
-0.026949
-0.020982
-0.013898
-0.013813
-0.012567
-0.010237
-0.008482
-0.007643
-0.007955
-0.011528
-0.007598
-0.006051
-0.007060
-0.005153
-0.008311
-0.005843
-0.007621
-0.010862
-0.013976
-0.010049
-0.007532
-0.011276
-0.001347
-0.002298
-0.007702
-0.005870
-0.012221
-0.013932
-0.011946
-0.010693
-0.000174
0.005797
-0.002829
0.006504
0.024890
-0.004134
0.026249
0.025023
-0.038309
0.013598
0.002955
-0.012782
0.019530
0.022938
0.036345
0.041315
0.031110
-0.034014
-0.049074
-0.027546
-0.055077
-0.045815
-0.030153
-0.019049
0.018976
-0.001176
-0.055872
-0.073585
-0.098706
-0.108212
-0.098001
-0.115196
-0.065609
-0.009058
-0.018856
0.033409
0.042176
-0.016079
-0.006876
-0.034536
-0.051144
-0.045118
-0.048282
-0.005267
0.031577
0.071785
0.068180
0.052176
0.074102
0.058355
0.044598
0.035427
0.025036
0.030375
0.027420
0.040302
0.044129
0.025198
0.040236
0.049512
0.029348
0.032158
0.031438
0.014954
0.019870
0.032178
0.027708
0.026735
0.029618
0.023581
0.015993
0.007785
-0.001568
-0.004542
-0.004310
-0.004716
-0.001962
0.000914
0.001083
0.001213
0.002202
0.002746
0.002048
0.000828
0.002411
0.005606
0.002981
0.001896
0.003692
0.000406
0.000016
0.001445
0.002465
0.004472
0.013976
0.000394
-0.005400
0.006205
-0.011326
-0.000836
0.007992
-0.002014
-0.001268
0.013691
-0.002863
-0.018710
0.034393
0.026802
-0.004641
0.034274
0.016563
-0.015749
-0.006832
-0.014344
0.022462
0.018690
0.014564
0.039473
-0.030703
-0.034196
0.022079
-0.089480
-0.057089
0.098864
-0.043109
-0.013906
0.080271
-0.019077
-0.009040
0.020459
-0.021255
-0.038434
0.077030
-0.000105
-0.058419
0.066340
0.036147
0.001969
0.027772
0.045446
0.051276
0.066541
0.067830
0.055295
0.041812
0.033130
0.034085
0.012489
-0.022793
-0.023204
-0.010166
-0.006866
0.009824
0.010055
0.036243
0.042058
0.028347
0.034565
0.015412
-0.020839
-0.032021
-0.019609
-0.043046
-0.047448
-0.025531
-0.024840
-0.020287
-0.013152
-0.017252
-0.025166
-0.022994
-0.022631
-0.031212
-0.035052
-0.033427
-0.028067
-0.026007
-0.026848
-0.024311
-0.024723
-0.022628
-0.026404
-0.028812
-0.024119
-0.023731
-0.022617
-0.020472
-0.018412
-0.020181
-0.016541
-0.017411
-0.019171
-0.019610
-0.021118
-0.018096
-0.028632
-0.019693
-0.009522
-0.028803
-0.016030
-0.007956
-0.055867
-0.037150
-0.015267
-0.032197
-0.013153
0.003500
0.002321
-0.032079
-0.008865
-0.017380
-0.071670
-0.035756
-0.023136
-0.027319
0.006357
-0.024414
0.014976
0.055674
-0.007129
0.032890
0.044835
-0.044074
0.068014
0.164658
-0.015660
0.058734
0.201430
0.053796
0.051279
0.101520
-0.001301
-0.034687
0.024235
-0.052536
-0.124783
-0.037276
-0.043389
-0.031531
0.022429
0.019039
0.049194
0.048775
0.032355
0.035749
0.005040
-0.025759
0.003827
0.012288
0.000548
0.003907
-0.005649
-0.001183
0.013637
-0.014245
-0.015200
0.005343
-0.027433
-0.014964
0.005403
-0.017406
-0.016720
0.012914
0.015141
-0.001664
0.005740
0.005949
-0.001459
-0.013286
-0.018970
-0.015907
-0.018459
-0.021938
-0.020002
-0.018054
-0.021688
-0.020966
-0.020959
-0.022089
-0.020791
-0.020573
-0.018877
-0.018943
-0.021075
-0.018799
-0.017283
-0.019088
-0.016797
-0.015148
-0.016195
-0.017183
-0.016742
-0.014318
-0.014160
-0.013322
-0.019346
-0.012956
0.001773
-0.013572
-0.018296
-0.017109
-0.026970
-0.010414
-0.013799
-0.009698
0.003615
-0.026531
0.010938
-0.008537
-0.061886
0.026475
-0.013113
-0.031418
0.055303
0.014293
-0.023453
-0.002329
0.038071
-0.024470
-0.026201
0.046300
-0.033561
0.050524
0.143518
0.024631
0.037539
0.102500
0.023024
0.017887
0.037374
-0.015816
0.047997
0.058045
0.003359
-0.001624
-0.037473
-0.060427
-0.024446
-0.023754
-0.045934
0.006336
0.028142
-0.001549
0.001007
0.021558
-0.029882
-0.049850
0.009062
-0.012366
-0.071265
-0.084635
-0.064493
-0.075066
-0.082348
-0.060694
-0.049387
-0.045338
-0.030934
-0.021414
-0.032158
-0.024048
-0.017158
-0.017815
-0.009990
-0.008983
-0.016283
-0.017447
-0.015960
-0.016666
-0.014965
-0.012898
-0.008246
-0.002907
0.001501
0.004772
0.004256
0.006147
0.009001
0.008559
0.009563
0.010823
0.010514
0.009066
0.008931
0.008396
0.008186
0.006201
0.003108
0.006711
0.004437
0.002100
0.001900
0.002993
0.005598
0.002408
0.000711
0.001488
-0.004041
-0.010398
-0.001428
-0.004093
0.005075
0.022520
0.003308
-0.000639
0.005599
0.008575
0.005950
0.009217
0.032905
0.009983
-0.008703
0.016628
-0.003792
-0.008827
0.036927
0.043831
0.033664
0.058341
0.087668
0.004549
0.016165
0.113237
0.011487
0.012489
0.089076
0.019601
-0.054597
-0.015169
0.009171
-0.115445
-0.018765
0.074879
-0.054511
0.010562
0.090236
-0.041151
-0.041209
0.077940
-0.007643
-0.074506
0.004763
0.009571
-0.074040
-0.073409
-0.032168
-0.055877
-0.048786
-0.012012
-0.002144
0.010461
0.023141
0.015553
0.005431
0.004246
-0.005072
-0.025483
-0.030486
-0.024258
-0.031040
-0.027858
-0.016317
-0.006640
0.004466
0.009442
0.006069
0.006958
0.009967
-0.002772
-0.008808
-0.005824
-0.007672
-0.007810
-0.007740
-0.004389
-0.002535
-0.003682
-0.004609
-0.007502
-0.005850
-0.005196
-0.005035
-0.006304
-0.004124
-0.001207
-0.002514
-0.000610
-0.001590
-0.004486
-0.006110
-0.004939
-0.004604
-0.007900
-0.001403
0.002234
-0.001745
-0.000152
0.000662
-0.007267
-0.008849
-0.002442
-0.009398
-0.008871
-0.000167
-0.005402
-0.009190
-0.003451
-0.004859
-0.008592
-0.001835
0.000527
-0.002440
-0.001065
0.001858
0.000536
-0.000587
0.001024
0.000234
0.000094
-0.000254
-0.000381
-0.001113
-0.001537
-0.000246
0.001045
0.002339
0.002835
0.002866
0.002873
0.002893
0.002165
0.002060
0.002399
0.002333
0.002682
0.002809
0.002483
0.002275
0.002139
0.002023
0.001525
0.001444
0.001508
0.001695
0.001795
0.001799
0.001829
0.001680
0.001523
0.001402
0.001283
0.001232
0.001115
0.001033
0.000954
0.000968
0.000924
0.000938
0.000921
0.000788
0.000725
0.000685
0.000725
0.000695
0.000670
0.000709
0.000721
0.000696
0.000683
0.000703
0.000605
0.000591
0.000629
0.000569
0.000520
0.000528
0.000517
0.000480
0.000508
0.000484
0.000430
0.000386
0.000381
0.000338
0.000322
0.000351
0.000346
0.000363
0.000331
0.000299
0.000239
0.000181
0.000143
0.000117
0.000111
0.000102
0.000107
0.000083
0.000038
0.000020
-0.000002
-0.000007
0.032893
0.085805
-0.065399
-0.036351
0.088088
0.044293
-0.038428
-0.065637
0.057547
0.024859
-0.022691
0.164647
0.197503
0.059323
-0.131601
-0.177627
-0.169160
-0.083730
-0.034378
0.116361
0.074983
0.119890
0.244214
-0.064120
-0.107269
-0.377561
-0.380359
0.113413
0.139226
-0.027194
0.097241
0.338206
-0.126233
-0.753806
-0.576182
0.365520
-0.031257
-0.723133
0.314448
0.352383
0.040665
0.133984
-0.066315
0.194911
-0.059966
-0.507332
0.062049
0.325250
0.312294
0.370366
0.137063
0.220277
0.218561
-0.190314
-0.158834
0.240324
-0.067610
-0.239331
-0.003905
-0.085904
0.006883
0.011205
-0.005487
0.124334
0.083726
0.005589
0.082340
0.036679
-0.019522
0.056209
0.022911
0.011125
0.020519
0.004923
-0.016164
-0.017648
-0.056534
-0.017831
0.010678
-0.018712
-0.003290
0.011507
0.001363
-0.015763
-0.001201
0.009196
0.014253
0.009727
-0.000394
0.007097
-0.000984
-0.002269
0.027788
0.005955
-0.007066
-0.006322
0.001799
0.024283
-0.020878
-0.038862
0.012196
-0.005923
-0.009843
-0.005507
0.043921
0.129699
-0.029119
-0.038471
0.018233
-0.026356
-0.035858
-0.071838
0.132943
0.247409
-0.056169
-0.153552
0.119960
0.236196
-0.179421
-0.139275
0.166498
0.051541
0.100900
0.062571
0.183563
-0.129783
-0.457875
-0.122798
-0.481752
-0.224779
0.635204
0.429505
-0.201440
-0.106674
0.294219
0.086234
-0.600889
-0.561536
0.241005
-0.036913
-0.313261
0.630540
0.677014
0.239247
0.323451
0.068404
0.084330
-0.140327
-0.258624
0.133855
-0.102979
-0.294123
0.074211
0.257778
-0.233873
-0.165337
0.016904
-0.040201
0.043447
-0.037794
0.193041
0.068225
-0.064687
0.064051
0.022238
-0.070221
-0.067467
-0.075496
-0.153043
-0.041232
-0.050669
-0.035282
-0.009115
-0.071730
-0.044377
-0.001560
-0.069084
-0.088350
-0.026641
-0.041748
-0.005008
-0.016323
-0.016067
0.017270
-0.007230
-0.024414
-0.014053
-0.018325
-0.034808
-0.021316
-0.029834
-0.010114
0.000549
-0.020224
-0.015772
0.000870
0.031814
-0.035341
-0.051442
-0.032079
-0.017056
0.021360
-0.035376
0.041426
0.040676
-0.083603
-0.014719
0.014426
0.022482
-0.060223
-0.049797
0.195214
0.043410
-0.066051
0.117446
0.204239
0.128152
-0.015500
0.200223
0.253178
-0.162785
-0.342222
-0.069384
0.110686
-0.049858
-0.195903
-0.235205
-0.114397
-0.234241
-0.092895
0.119633
0.162810
0.291669
-0.369221
-0.235850
0.058837
-0.241678
-0.277580
-0.260403
0.195106
-0.398758
-0.465333
0.279377
0.424034
0.233511
0.195157
0.417891
0.149512
0.168485
0.042251
0.103063
0.179681
0.051994
-0.095574
-0.223731
0.062164
0.120748
0.154415
0.095358
0.166827
0.109291
-0.110349
-0.090355
0.000178
-0.028614
-0.080964
0.038581
-0.021969
0.017127
0.059018
0.009729
-0.020263
-0.016775
-0.000675
-0.033486
-0.034589
-0.058468
-0.038706
-0.034978
-0.049006
-0.038630
-0.027362
-0.022289
-0.034530
-0.036934
-0.031320
-0.011461
-0.006663
-0.007287
0.015548
-0.006302
-0.031912
-0.026684
0.001815
0.003170
-0.030772
0.033047
0.061670
-0.046860
-0.046467
0.037515
-0.011174
-0.041764
-0.000072
0.028886
-0.016973
-0.078556
-0.001735
-0.014023
-0.147209
-0.046264
0.118118
-0.145567
0.004640
0.129946
-0.292094
-0.039028
0.048098
0.074358
-0.207536
-0.473293
0.072356
0.185839
-0.113310
0.243115
0.498004
-0.036688
-0.192132
-0.424410
-0.047472
0.077445
-0.425521
0.122876
0.247047
-0.415674
-0.372170
0.071446
-0.030480
-0.150979
0.047660
0.438983
0.366906
-0.162670
-0.031169
0.224924
-0.125281
-0.208492
-0.043525
0.213774
0.120076
-0.174427
0.173509
0.095706
0.007507
0.184163
0.055969
0.023157
0.123001
-0.024664
0.017164
0.176786
0.064316
0.193299
0.128942
0.053398
0.065912
0.020103
0.033627
0.030830
-0.019589
-0.019687
0.068353
0.008765
0.019583
0.053338
0.015735
-0.014115
0.001444
0.009923
0.010037
0.034250
-0.006382
0.003520
0.020888
0.005169
0.002050
-0.004993
-0.005187
-0.004163
0.002620
-0.008205
-0.000657
0.005378
-0.022888
0.001069
0.031639
0.012542
-0.038126
-0.022807
0.062890
-0.007725
-0.068689
0.026796
0.007564
-0.027356
0.033191
-0.007340
0.047532
0.046658
-0.078522
0.062449
-0.130479
-0.243261
0.013083
-0.159442
0.116268
0.382971
0.188621
0.291291
-0.196793
-0.190784
0.138484
-0.454660
0.269285
0.564179
0.177629
0.571211
0.192093
-0.233027
-0.254792
-0.057484
0.176088
-0.095774
-0.124015
0.339352
-0.116543
-0.310721
0.069006
0.034718
0.063626
-0.332840
0.104410
0.027608
-0.182389
0.278758
0.009291
0.356902
-0.093475
-0.483393
0.090024
-0.100381
-0.248288
-0.077980
-0.100639
0.058980
-0.144052
-0.346899
0.122717
0.020976
-0.219435
-0.093409
-0.108511
-0.052877
-0.019675
-0.064662
0.098490
0.091050
-0.075715
0.008418
-0.019621
0.011678
0.025706
-0.068910
-0.026560
-0.015258
-0.033067
0.003751
-0.000542
-0.045559
-0.020557
-0.007176
-0.003577
-0.001198
0.002590
0.003789
0.002857
-0.007153
0.006513
0.009161
-0.002176
0.003911
0.005836
-0.005312
-0.019461
-0.017621
-0.047951
-0.005411
0.042585
0.015509
0.010520
-0.009952
-0.017335
-0.060484
-0.076444
0.027285
0.029355
-0.013597
0.054987
0.091900
-0.018010
-0.013211
0.147382
0.039710
0.118681
-0.105232
-0.183640
0.018727
-0.044622
0.296904
0.061124
0.042580
0.245806
-0.069070
-0.150492
-0.359698
-0.354624
-0.021886
0.025937
-0.101134
0.066806
0.206522
0.015169
-0.303707
-0.437053
-0.294335
-0.370614
-0.339038
-0.104473
0.126384
0.294451
0.152618
0.163386
0.317768
-0.002268
-0.108966
-0.188941
-0.277513
0.138956
0.037385
0.212181
0.548975
0.155407
0.214122
0.151706
-0.064916
0.083212
0.042518
0.063123
0.087297
0.014638
0.105889
0.098891
-0.016943
-0.006924
-0.043929
-0.062406
-0.016268
0.038506
0.023696
-0.008895
0.046205
0.051362
0.050082
0.058198
0.004982
-0.022852
-0.007966
-0.039356
-0.020570
0.014151
-0.028219
-0.013308
-0.001526
-0.019310
-0.012872
-0.027818
-0.032360
-0.007706
0.004007
0.010224
0.012230
0.005071
0.024797
0.020521
-0.004602
-0.007300
0.015103
0.004682
-0.025719
0.013726
0.047324
0.071281
-0.095893
-0.097116
-0.000477
-0.019994
0.021152
0.034118
0.100572
-0.098721
-0.118404
0.005974
0.025705
0.217740
0.178587
-0.038869
-0.143741
-0.052900
0.081044
-0.174824
-0.041483
0.527965
0.088159
-0.241766
-0.036435
-0.163795
-0.185426
-0.158692
-0.241609
0.410028
0.402493
-0.305284
-0.004044
-0.115976
0.387536
-0.087116
-0.592655
0.488242
0.066804
-0.174838
0.183941
0.206656
-0.069825
0.093445
0.052178
-0.057462
0.323083
0.109763
0.247096
0.181178
-0.127479
0.047726
0.179132
-0.209558
-0.282501
-0.117168
-0.158973
-0.015312
0.003793
0.090535
0.164929
0.071676
-0.048254
0.049849
-0.052645
-0.140795
-0.066193
-0.178505
-0.077383
0.021741
-0.020160
-0.051263
-0.023296
-0.046357
-0.055327
-0.052572
-0.088046
-0.053081
-0.030369
-0.037936
-0.044047
-0.026149
-0.025576
-0.025661
-0.026379
-0.035165
-0.034630
-0.027311
-0.032113
-0.020958
-0.000495
-0.012878
-0.017522
-0.018730
-0.035396
-0.041144
-0.026887
-0.005886
0.009971
-0.050529
-0.035307
0.002588
-0.089145
-0.016050
0.084152
-0.039326
-0.073904
-0.084492
-0.211058
-0.103942
0.020614
0.297652
0.065842
-0.141256
0.097009
-0.184855
-0.165223
0.017814
-0.027364
-0.118145
-0.174621
0.264796
0.340208
-0.292547
0.074500
0.487328
-0.035604
-0.252725
0.077344
0.311022
0.352716
0.365509
0.299248
0.246442
0.057029
0.343619
-0.045518
-0.476158
0.269087
-0.288677
-0.687527
-0.229086
-0.262732
-0.125922
-0.036080
-0.048259
0.107768
0.241101
-0.036978
0.074068
0.209263
-0.125088
0.011072
0.207422
0.099758
0.098554
0.155805
0.018055
-0.013618
-0.125490
-0.061413
0.125594
-0.124462
-0.237770
0.008326
0.035070
-0.169380
0.008123
0.023523
-0.017748
0.048042
-0.051631
0.013137
0.042186
-0.057804
-0.039582
0.038236
-0.052066
-0.042027
-0.029232
-0.077356
-0.039741
-0.043212
-0.057803
-0.030181
-0.031088
-0.044079
-0.005931
-0.018702
-0.037031
-0.018779
-0.022053
-0.021167
-0.020683
-0.003334
0.003342
0.004460
-0.030717
-0.023365
0.014302
0.013673
0.017102
-0.064983
-0.008035
0.097872
-0.026078
-0.120658
-0.137646
0.004859
0.089898
-0.068955
0.133237
0.122474
-0.306223
-0.013782
-0.027749
-0.048412
0.181980
-0.128326
0.189363
0.091813
0.000634
0.060522
-0.363999
0.253438
0.116010
-0.319909
0.157206
0.232785
0.362155
0.403641
0.173558
-0.085749
-0.178722
-0.033943
0.156284
-0.062369
0.192335
0.399738
-0.219298
-0.282844
-0.350423
-0.153578
-0.109901
-0.487534
0.081518
0.430394
-0.152372
-0.079426
0.248893
-0.181624
-0.086879
-0.052877
-0.020688
0.116455
-0.224339
-0.246139
-0.139227
-0.151710
-0.125663
-0.038905
-0.114561
-0.065248
-0.064011
-0.080245
0.092025
0.061317
0.013143
0.041113
0.067882
0.040790
0.024254
0.008224
0.002622
0.013997
0.026497
0.035877
0.006317
0.006094
0.003362
0.015244
0.016379
0.010404
0.010075
0.016699
0.027601
0.023276
0.031020
0.022268
0.015681
0.016012
0.005335
0.016484
0.009333
0.000855
0.016603
-0.002060
-0.021208
-0.026978
0.021194
0.056067
-0.003646
-0.054507
-0.020147
-0.032891
-0.056077
0.026821
0.074707
0.124148
0.035931
-0.079834
-0.055141
-0.042377
0.132921
0.101532
0.029264
0.173355
-0.068428
-0.296096
-0.025835
0.188263
0.150819
0.023751
0.230833
0.230230
-0.099584
0.159205
0.023916
-0.019917
0.270983
0.120488
0.012933
-0.120447
0.135102
-0.498551
-0.673098
0.384660
0.012783
-0.312527
0.150104
0.382966
-0.147337
-0.397702
0.183849
0.285759
-0.190563
-0.125719
0.110070
-0.127441
-0.001495
-0.212711
-0.260988
0.080430
-0.103739
-0.069988
0.118611
0.159674
0.147821
0.043744
-0.044874
0.077892
-0.008247
-0.138866
-0.055784
-0.087518
-0.059937
0.007504
-0.003192
0.020921
0.063503
0.011664
-0.008094
-0.006392
-0.033453
-0.009270
0.002845
-0.007806
-0.000230
0.010418
0.006784
-0.008185
-0.009106
-0.009788
-0.002710
-0.014696
-0.019914
-0.002984
0.003643
-0.000776
-0.009838
-0.001978
0.005571
0.003945
-0.003930
-0.003085
-0.002698
-0.009671
-0.001391
0.013826
0.004788
0.017068
0.026216
-0.000176
-0.032318
-0.024502
-0.023953
-0.037843
-0.001524
0.017900
-0.001022
-0.024138
-0.010752
-0.015439
-0.037262
-0.000473
0.014759
-0.002575
0.003584
0.006936
0.007249
0.019789
0.010528
0.005407
0.010702
-0.003509
-0.004231
0.003347
0.004614
0.006323
0.006615
0.005281
0.012450
0.011324
0.005774
0.010478
0.006588
0.004091
0.007208
0.007103
0.005659
0.008811
0.007040
0.002679
0.002867
0.002911
0.002685
0.003732
0.001219
-0.002598
-0.000828
0.000307
0.000265
0.001129
0.000778
-0.001048
-0.005186
-0.000837
0.002504
0.000509
0.001797
0.002417
0.001549
0.000524
0.000326
0.000160
0.001117
-0.000000
0.000479
0.000816
0.002049
0.002512
0.001629
0.000822
0.000890
0.000033
-0.000261
-0.000403
0.000290
0.000435
0.000216
-0.000062
0.000090
0.000116
0.000197
0.000324
0.000253
-0.000049
-0.000411
-0.000474
-0.000222
0.000078
0.000540
0.000614
0.000280
-0.000016
-0.000132
-0.000063
0.000153
0.000364
0.000284
0.000035
-0.000069
0.000091
0.000308
0.000325
0.000248
0.000009
-0.000220
-0.000201
-0.000090
0.000004
-0.000014
-0.000157
-0.000374
-0.000489
-0.000491
-0.000488
-0.000528
-0.000578
-0.000699
-0.000697
-0.000311
-0.000118
-0.000216
-0.000285
-0.000331
-0.000521
-0.000275