-0.125908
-0.066322
-0.003710
0.059791
0.121645
0.179084
0.229417
0.270407
0.300617
0.319630
0.328065
0.327407
0.319691
0.307140
0.291862
0.275680
0.260097
0.246367
0.235593
0.228766
0.226704
0.229884
0.238231
0.250950
0.266473
0.282598
0.296777
0.306517
0.309761
0.305175
0.292253
0.271240
0.242914
0.208338
0.168648
0.124965
0.078426
0.030295
-0.017923
-0.064454
-0.107359
-0.144759
-0.175132
-0.197581
-0.211989
-0.218992
-0.219796
-0.215869
-0.208631
-0.199223
-0.188431
-0.176758
-0.164613
-0.152506
-0.141175
-0.131583
-0.124771
-0.121630
-0.122670
-0.127887
-0.136770
-0.148449
-0.161947
-0.176426
-0.191339
-0.206451
-0.221705
-0.237002
-0.251990
-0.265940
-0.277786
-0.286306
-0.290413
-0.289431
-0.283290
-0.272557
-0.258299
-0.241845
-0.224505
-0.207375
-0.191256
-0.176713
-0.164210
-0.154260
-0.147480
-0.144526
-0.145892
-0.151654
-0.161237
-0.173307
-0.185846
-0.196399
-0.202440
-0.201752
-0.192728
-0.174505
-0.146938
-0.110445
-0.065814
-0.014047
0.043687
0.105997
0.171163
0.237045
0.301104
0.360572
0.412755
0.455414
0.487111
0.507426
0.516978
0.517251
0.510279
0.498282
0.483371
0.467367
0.451772
0.437842
0.426677
0.419272
0.416444
0.418670
0.425878
0.437271
0.451285
0.465719
0.478026
0.485715
0.486731
0.479743
0.464247
0.440489
0.409252
0.371600
0.328673
0.281596
0.231507
0.179676
0.127610
0.077087
0.030052
-0.011615
-0.046386
-0.073360
-0.092415
-0.104185
-0.109868
-0.110928
-0.108781
-0.104563
-0.099053
-0.092752
-0.086061
-0.079485
-0.073758
-0.069837
-0.068756
-0.071401
-0.078277
-0.089374
-0.104174
-0.121803
-0.141278
-0.161753
-0.182677
-0.203809
-0.225086
-0.246402
-0.267399
-0.287344
-0.305163
-0.319630
-0.329650
-0.334543
-0.334232
-0.329279
-0.320746
-0.309953
-0.298208
-0.286601
-0.275927
-0.266744
-0.259513
-0.254740
-0.253039
-0.255060
-0.261291
-0.271805
-0.286020
-0.302600
-0.319522
-0.334325
-0.344479
-0.347766
-0.342571
-0.328030
-0.303993
-0.270876
-0.229462
-0.180751
0.342536
0.278591
0.226667
0.190435
0.173195
0.176543
0.199190
0.236463
0.280753
0.322872
0.353921
0.367102
0.358896
0.329281
0.280976
0.218072
0.144576
0.063417
-0.023750
-0.115956
-0.211838
-0.308621
-0.401621
-0.484599
-0.550897
-0.595002
-0.613999
-0.608367
-0.581827
-0.540269
-0.490130
-0.436786
-0.383500
-0.331276
-0.279592
-0.227678
-0.175811
-0.126078
-0.082302
-0.049136
-0.030673
-0.029107
-0.043949
-0.072137
-0.108980
-0.149616
-0.190415
-0.229825
-0.268335
-0.307592
-0.349028
-0.392541
-0.435763
-0.474236
-0.502453
-0.515419
-0.510166
-0.486687
-0.447955
-0.399029
-0.345607
-0.292544
-0.242874
-0.197666
-0.156686
-0.119550
-0.086830
-0.060625
-0.044286
-0.041357
-0.054079
-0.082037
-0.121462
-0.165515
-0.205500
-0.232665
-0.239978
-0.223366
-0.182018
-0.117788
-0.033984
0.065908
0.179071
0.303438
0.437046
0.576978
0.718416
0.854299
0.975875
1.074069
1.141295
1.173125
1.169275
1.133570
1.072909
0.995588
0.909553
0.821128
0.734583
0.652550
0.576974
0.510110
0.455039
0.415435
0.394601
0.394136
0.412756
0.445790
0.485635
0.523107
0.549311
0.557454
0.544024
0.509000
0.455109
0.386448
0.307029
0.219786
0.126381
0.027789
-0.074622
-0.178068
-0.277860
-0.367753
-0.441080
-0.492324
-0.518560
-0.520262
-0.501143
-0.467085
-0.424519
-0.378812
-0.333221
-0.288741
-0.244843
-0.200749
-0.156729
-0.114862
-0.078963
-0.053677
-0.043090
-0.049387
-0.072073
-0.108076
-0.152700
-0.201073
-0.249558
-0.296596
-0.342668
-0.389414
-0.438257
-0.489090
-0.539537
-0.585132
-0.620362
-0.640224
-0.641744
-0.624909
-0.592683
-0.550122
-0.502915
-0.455911
-0.412139
-0.372663
-0.337242
-0.305486
-0.277963
-0.256767
-0.245243
-0.246931
-0.264066
-0.296231
-0.339651
-0.387483
-0.431030
-0.461532
-0.471958
-0.458229
-0.419532
-0.357719
-0.276096
-0.178145
-0.066683
0.056226
0.188620
0.327583
0.468298
0.603705
0.725052
0.823266
0.890758
0.923101
0.920012
0.885313
0.825904
0.750078
0.665780
0.579333
0.495005
0.415425