-0.227577
-0.235690
-0.245532
-0.254647
-0.260398
-0.260343
-0.252548
-0.235772
-0.209488
-0.173785
-0.129216
-0.076664
-0.017289
0.047435
0.115630
0.184946
0.252584
0.315455
0.370480
0.414958
0.446935
0.465449
0.470614
0.463508
0.445920
0.420026
0.388106
0.352349
0.314782
0.277299
0.241704
0.209728
0.182935
0.162548
0.149219
0.142831
0.142413
0.146218
0.151964
0.157195
0.159650
0.157569
0.149846
0.136021
0.116145
0.090588
0.059880
0.024643
-0.014372
-0.056172
-0.099416
-0.142374
-0.183021
-0.219250
-0.249168
-0.271386
-0.285213
-0.290704
-0.288542
-0.279806
-0.265704
-0.247368
-0.225756
-0.201701
-0.176045
-0.149799
-0.124238
-0.100881
-0.081331
-0.067041
-0.059063
-0.057875
-0.063338
-0.074806
-0.091328
-0.111883
-0.135547
-0.161549
-0.189202
-0.217742
-0.246165
-0.273143
-0.297070
-0.316245
-0.329153
-0.334746
-0.332650
-0.323224
-0.307457
-0.286745
-0.262631
-0.236578
-0.209854
-0.183534
-0.158588
-0.135981
-0.116714
-0.101756
-0.091862
-0.087329
-0.087773
-0.092013
-0.098123
-0.103652
-0.105966
-0.102626
-0.091703
-0.071957
-0.042864
-0.004518
0.042528
0.097388
0.158899
0.225585
0.295566
0.366490
0.435557
0.499677
0.555768
0.601131
0.633807
0.652837
0.658333
0.651373
0.633745
0.607626
0.575296
0.538944
0.500598
0.462152
0.425412
0.392110
0.363811
0.341739
0.326549
0.318124
0.315497
0.316921
0.320118
0.322634
0.322211
0.317092
0.306173
0.288998
0.265621
0.236415
0.201915
0.162745
0.119661
0.073659
0.026086
-0.021325
-0.066545
-0.107462
-0.142178
-0.169300
-0.188131
-0.198723
-0.201751
-0.198291
-0.189547
-0.176643
-0.160533
-0.142045
-0.122014
-0.101446
-0.081612
-0.064022
-0.050277
-0.041823
-0.039705
-0.044396
-0.055752
-0.073120
-0.095544
-0.121997
-0.151548
-0.183423
-0.216926
-0.251288
-0.285501
-0.318230
-0.347863
-0.372695
-0.391204
-0.402336
-0.405713
-0.401688
-0.391244
-0.375773
-0.356811
-0.335817
-0.314055
-0.292594
-0.272400
-0.254432
-0.239687
-0.229130
-0.223511
-0.223123
0.344530
0.289943
0.252325
0.231602
0.225266
0.228920
0.237242
0.245054
0.248198
0.243967
0.231035
0.209000
0.177787
0.137197
0.086810
0.026277
-0.044115
-0.122867
-0.206955
-0.291962
-0.372675
-0.444012
-0.501957
-0.544243
-0.570538
-0.582109
-0.581100
-0.569697
-0.549498
-0.521280
-0.485247
-0.441610
-0.391244
-0.336137
-0.279429
-0.224991
-0.176685
-0.137566
-0.109316
-0.092112
-0.084964
-0.086386
-0.095131
-0.110699
-0.133415
-0.164051
-0.203119
-0.250132
-0.303107
-0.358544
-0.411908
-0.458466
-0.494228
-0.516656
-0.524947
-0.519817
-0.502917
-0.476132
-0.441051
-0.398797
-0.350273
-0.296685
-0.240074
-0.183598
-0.131365
-0.087796
-0.056694
-0.040286
-0.038570
-0.049179
-0.067803
-0.089047
-0.107434
-0.118245
-0.117976
-0.104340
-0.075909
-0.031667
0.029298
0.107744
0.203863
0.316638
0.443245
0.578769
0.716440
0.848389
0.966761
1.064889
1.138202
1.184625
1.204414
1.199552
1.172954
1.127788
1.067133
0.994021
0.911765
0.824332
0.736492
0.653572
0.580807
0.522426
0.480785
0.455815
0.445009
0.443977
0.447401
0.450107
0.447943
0.438206
0.419577
0.391660
0.354383
0.307556
0.250763
0.183662
0.106548
0.020924
-0.070178
-0.162332
-0.250323
-0.329056
-0.394512
-0.444414
-0.478424
-0.497802
-0.504681
-0.501244
-0.489076
-0.468950
-0.441061
-0.405611
-0.363467
-0.316610
-0.268171
-0.222014
-0.181991
-0.151150
-0.131165
-0.122204
-0.123269
-0.132867
-0.149742
-0.173385
-0.204115
-0.242695
-0.289631
-0.344424
-0.405087
-0.468112
-0.528955
-0.582877
-0.625880
-0.655419
-0.670685
-0.672385
-0.662165
-0.641903
-0.613181
-0.577115
-0.534605
-0.486848
-0.435881
-0.384855
-0.337874
-0.299353
-0.273090
-0.261308
-0.264000
-0.278793
-0.301376
-0.326348
-0.348229
-0.362296
-0.365043
-0.354177
-0.328271
-0.286305
-0.227365
-0.150690
-0.056088
0.055428
0.181033
0.315814
0.453002
0.584727
0.703135
0.801560
0.875430
0.922669
0.943532
0.940003
0.914992
0.871669
0.813110
0.742343
0.662682
0.578089
0.493332
0.413736