0.412283
0.173926
0.039098
0.063637
0.241820
0.508535
0.764140
0.912514
0.897765
0.725578
0.461042
0.203788
0.049946
0.055428
0.214587
0.462385
0.699255
0.829150
0.796251
0.606315
0.324499
0.050506
-0.119470
-0.129454
0.014968
0.248817
0.472581
0.590265
0.546098
0.345880
0.054811
-0.227371
-0.404440
-0.420392
-0.280789
-0.050593
0.170701
0.287105
0.242855
0.043752
-0.245011
-0.523704
-0.696114
-0.706256
-0.559715
-0.321479
-0.091077
0.035468
0.002352
-0.184668
-0.460445
-0.725303
-0.883082
-0.877856
-0.715269
-0.460373
-0.212764
-0.068530
-0.083547
-0.252130
-0.509204
-0.755165
-0.893930
-0.869646
-0.688035
-0.414223
-0.147878
0.014834
0.017967
-0.132866
-0.372661
-0.601883
-0.724514
-0.684764
-0.488416
-0.200655
0.078796
0.253719
0.268121
0.127568
-0.102973
-0.324006
-0.439544
-0.393826
-0.192659
0.098755
0.380676
0.556879
0.571363
0.429697
0.196849
-0.027673
-0.147870
-0.107962
0.086266
0.369641
0.642454
0.808516
0.811866
0.658116
0.412283
0.173926
0.039098
0.063637
0.241820
0.508535
0.764140
0.912514
0.897765
0.725578
0.461042
0.203788
0.049946
0.055428
0.214587
0.462385
0.699255
0.829150
0.796251
0.606315
0.324499
0.050506
-0.119470
-0.129454
0.014968
0.248817
0.472581
0.590265
0.546098
0.345880
0.054811
-0.227371
-0.404440
-0.420392
-0.280789
-0.050593
0.170701
0.287105
0.242855
0.043752
-0.245011
-0.523704
-0.696114
-0.706256
-0.559715
-0.321479
-0.091077
0.035468
0.002352
-0.184668
-0.460445
-0.725303
-0.883082
-0.877856
-0.715269
-0.460373
-0.212764
-0.068530
-0.083547
-0.252130
-0.509204
-0.755165
-0.893930
-0.869646
-0.688035
-0.414223
-0.147878
0.014834
0.017967
-0.132866
-0.372661
-0.601883
-0.724514
-0.684764
-0.488416
-0.200655
0.078796
0.253719
0.268121
0.127568
-0.102973
-0.324006
-0.439544
-0.393826
-0.192659
0.098755
0.380676
0.556879
0.571363
0.429697
0.196849
-0.027673
-0.147870
-0.107962
0.086266
0.369641
0.642454
0.808516
0.811866
0.658116
0.412283
0.173926
0.039098
0.063637
0.241820
0.508535
0.764140
0.912514
0.897765
0.725578
0.461042
0.203788
0.049946
0.055428
0.214587
0.462385
0.699255
0.829150
0.796251
0.606315
0.324499
0.050506
-0.119470
-0.129454
0.014968
0.248817
0.472581
0.590265
0.546098
0.345880
0.054811
-0.227371
-0.404440
-0.420392
-0.280789
-0.050593
0.170701
0.287105
0.242855
0.043752
-0.245011
-0.523704
-0.696114
-0.706256
-0.559715
-0.321479
-0.091077
0.035468
0.002352
-0.184668
-0.460445
-0.725303
-0.883082
-0.877856
-0.715269
-0.460373
-0.212764
-0.068530
-0.083547
-0.252130
-0.509204
-0.755165
-0.893930
-0.869646
-0.688035
-0.414223
-0.147878
0.014834
0.017967
-0.132866
-0.372661
-0.601883
-0.724514
-0.684764
-0.488416
-0.200655
0.078796
0.253719
0.268121
0.127568
-0.102973
-0.324006
-0.439544
-0.393826
-0.192659
0.098755
0.380676
0.556879
0.571363
0.429697
0.196849
-0.027673
-0.147870
-0.107962
0.086266
0.369641
0.642454
0.808516
0.811866
0.658116
0.412283
0.173926
0.039098
0.063637
0.241820
0.508535
0.764140
0.912514
0.897765
0.725578
0.461042
0.203788
0.049946
0.055428
0.214587
0.462385
0.699255
0.829150
0.796251
0.606315
0.324499
0.050506
-0.119470
-0.129454
0.014968
0.248817
0.472581
0.590265
0.546098
0.345880
0.054811
-0.227371
-0.404440
-0.420392
-0.280789
-0.050593
0.170701
0.287105
0.242855
0.043752
-0.245011
-0.523704
-0.696114
-0.706256
-0.559715
-0.321479
-0.091077
0.035468
0.002352
-0.184668
-0.460445
-0.725303
-0.883082
-0.877856
-0.715269
-0.460373
-0.212764
-0.068530
-0.083547
-0.252130
-0.509204
-0.755165
-0.893930
-0.869646
-0.688035
-0.414223
-0.147878
0.014834
0.017967
-0.132866
-0.372661
-0.601883
-0.724514
-0.684764
-0.488416
-0.200655
0.078796
0.253719
0.268121
0.127568
-0.102973
-0.324006
-0.439544
-0.393826
-0.192659
0.098755
0.380676
0.556879
0.571363
0.429697
0.196849
-0.027673
-0.147870
-0.107962
0.086266
0.369641
0.642454
0.808516
0.811866
0.658116