-0.003512
-0.003494
0.004100
-0.010141
-0.014208
-0.006114
-0.018032
0.004438
0.002175
0.031816
0.003664
-0.034590
0.058429
-0.002827
-0.027642
0.039902
-0.033702
-0.026215
0.053117
0.048318
0.001583
0.103546
0.080612
-0.101890
-0.066023
-0.058761
-0.092568
-0.035618
0.028597
-0.001157
0.204979
0.063198
-0.074861
0.078934
-0.308274
-0.162585
0.162933
-0.185015
-0.051093
0.361470
-0.074536
-0.199964
0.062257
-0.428714
-0.132574
0.116864
-0.300962
-0.046068
0.201130
0.216686
-0.038655
-0.112494
0.163351
0.026906
-0.275294
-0.052634
0.272715
0.095159
0.011818
0.314247
0.120847
0.005506
0.096701
-0.103554
-0.035822
0.029857
-0.102826
-0.140985
-0.006893
0.017456
-0.071524
0.002053
0.090130
0.101436
0.034332
0.021143
0.060899
0.016429
-0.024880
0.012944
0.032483
0.023398
0.027503
0.017139
0.026598
0.010368
-0.010211
-0.009720
-0.003203
-0.012796
-0.005768
-0.004369
-0.012033
-0.000000
0.008543
0.003887
0.009194
0.010884
0.010673
-0.000868
0.007053
0.013549
-0.005044
0.008843
0.001765
0.008811
0.017044
-0.020300
-0.009439
0.009563
-0.019257
0.003317
0.000502
0.029994
0.046218
-0.004735
0.022727
-0.016732
-0.004323
-0.001184
-0.039415
0.089265
0.074211
-0.042695
0.030381
0.085006
-0.012740
-0.029620
0.066477
-0.141110
0.110826
0.251553
-0.229577
0.088494
0.100912
-0.297405
-0.185664
-0.161627
-0.019687
0.147015
0.055605
0.064381
0.209252
-0.048357
-0.061696
-0.006613
-0.463422
-0.142026
0.277405
-0.102007
0.031023
0.448438
0.383474
0.088434
0.073429
0.178789
-0.076601
-0.140543
-0.102541
-0.011581
-0.090434
-0.115997
0.103147
-0.004406
-0.042115
-0.095992
0.077196
0.104889
-0.126913
0.026055
0.112361
-0.019976
-0.097218
0.096384
0.018745
-0.111419
0.042322
0.000502
-0.065671
-0.015662
-0.000604
-0.049244
-0.048485
-0.021555
-0.019423
-0.035039
-0.059305
-0.032595
-0.013742
-0.027519
-0.028463
-0.009067
-0.006074
-0.007305
-0.006842
-0.011618
-0.010982
-0.018369
-0.021788
-0.016139
-0.022772
-0.026236
-0.014166
-0.017431
-0.007477
-0.000900
-0.031547
-0.011612
-0.026134
-0.014181
-0.000633
-0.028433
0.022564
-0.011765
-0.019533
0.014608
-0.033366
0.003292
-0.016901
0.007356
0.052986
-0.000122
0.061612
0.031732
0.061898
0.118922
0.039639
0.070513
0.070226
-0.026134
-0.129659
-0.074412
0.008103
-0.038307
-0.157874
-0.154206
0.004165
-0.100666
-0.087406
-0.019983
0.162881
0.050284
-0.209953
0.152059
-0.189581
-0.226709
0.016931
-0.214284
-0.143404
-0.054725
0.005271
-0.179298
0.289382
0.321075
-0.078982
0.217634
0.325002
0.059359
-0.113203
0.137598
0.053296
-0.045207
-0.051596
-0.046155
0.043108
0.000228
0.088711
0.093925
0.057366
0.056599
0.027558
-0.086403
-0.093916
0.015404
-0.046809
-0.070509
0.055425
0.085462
0.003584
0.036217
0.064328
0.009858
-0.003436
0.005472
-0.016101
-0.036139
-0.028798
-0.019840
-0.026220
-0.020988
-0.011550
-0.008855
-0.010353
-0.011167
-0.016246
-0.020902
-0.015455
-0.008660
-0.008982
-0.017306
-0.011875
-0.010311
-0.000851
-0.015910
-0.010982
0.030705
-0.007753
-0.021317
0.028623
-0.032428
-0.034020
0.055654
-0.048559
-0.040942
0.067738
-0.048756
-0.070099
0.025139
-0.070305
-0.038012
0.027289
-0.096967
0.118425
-0.084768
-0.166610
0.204734
-0.138320
-0.134415
0.061856
-0.207858
-0.163232
0.214167
-0.031998
-0.022124
0.288119
0.019112
-0.095604
-0.109975
-0.119504
-0.141662
-0.024562
-0.092440
-0.115526
0.087600
-0.153491
-0.239150
0.097629
0.013633
-0.130572
0.215410
0.258303
-0.068213
0.027509
0.038986
-0.071770
0.002245
-0.166781
0.079849
0.196717
-0.089449
-0.011196
0.166766
0.076442
-0.073896
0.078202
0.075822
-0.016349
0.010732
0.057318
0.026784
0.036099
0.118168
0.083664
0.067957
0.054701
0.076789
0.011922
-0.009543
0.037442
-0.010882
-0.000943
0.044780
0.025860
0.012049
0.038997
0.023638
0.010805
0.020232
0.016525
0.014202
0.013905
0.015485
0.014286
0.016391
0.017426
0.010971
0.010114
0.012749
0.014194
0.001130
0.006519
0.001933
-0.011700
0.020181
0.011731
-0.009258
0.002458
0.017751
0.000964
-0.013385
0.019805
-0.024109
-0.030360
0.069929
-0.018254
-0.057751
0.129974
-0.021907
-0.068143
0.117066
-0.171778
-0.083292
0.061298
-0.208839
0.161670
0.214386
-0.043895
0.245446
0.009911
-0.115724
-0.005295
-0.079659
0.101516
0.054321
0.352873
0.314357
-0.048371
0.073709
0.041697
-0.132043
-0.101665
0.080657
-0.007555
-0.095345
0.110536
0.098848
-0.322911
0.087590
0.186216
-0.321878
0.150894
0.006305
-0.014602
0.106197
-0.033944
0.225526
-0.102277
-0.101402
0.038684
-0.084277
-0.064974
-0.119398
-0.059289
0.022111
-0.083077
-0.124544
-0.036596
0.000213
-0.071924
-0.114936
-0.053902
-0.004333
-0.052389
-0.073638
0.028351
0.044807
-0.009348
-0.020330
0.015334
0.015900
-0.031377
-0.023449
-0.037241
-0.029214
-0.013721
-0.043322
-0.032606
-0.012086
-0.025842
-0.019374
-0.005781
-0.013882
-0.012359
-0.014066
-0.008462
-0.003722
-0.008581
-0.012323
0.004009
0.003569
0.000540
-0.001444
-0.010089
-0.023567
-0.018420
0.002929
-0.016359
0.006721
0.020037
-0.026762
-0.013289
-0.021645
-0.043174
-0.003878
-0.010850
0.011305
0.042977
0.013383
-0.001837
0.086782
-0.000190
0.003726
0.163782
-0.182582
-0.029890
0.099172
-0.099977
0.103804
0.065136
0.057220
0.080155
0.069283
-0.128469
-0.247679
-0.064734
-0.130380
-0.077218
0.012941
-0.019250
0.098602
0.058203
-0.178151
-0.207330
-0.201175
-0.275774
-0.140485
-0.148156
-0.030426
0.235054
0.051217
0.106968
0.270212
-0.040481
-0.048626
-0.066071
-0.168462
0.011474
-0.000062
0.083453
0.183396
0.198275
0.185791
0.043350
0.083796
0.028911
-0.038597
0.015890
-0.006624
0.024001
0.000006
0.016358
0.072179
-0.023451
-0.011902
0.063206
-0.016513
0.003427
0.045413
-0.014899
-0.000959
0.058539
0.042576
0.026762
0.049873
0.035864
0.020811
0.013617
-0.004294
-0.006129
-0.005221
-0.010052
-0.004601
0.008310
-0.002537
-0.009286
-0.003062
-0.004074
0.001521
-0.002969
-0.005988
0.009006
0.006995
-0.000615
0.014288
0.003889
0.006952
0.009481
0.005545
0.003023
0.032664
0.017172
-0.067468
0.010806
-0.035521
-0.026416
0.054686
-0.005403
-0.008593
0.019681
0.008598
-0.099866
0.085800
0.149561
-0.080917
0.054799
0.065646
-0.106003
0.008271
-0.049387
0.029062
0.144453
-0.009199
0.093815
-0.081396
-0.241429
0.112299
-0.147282
-0.374930
0.490634
0.052310
-0.329940
0.380947
-0.073932
-0.094488
0.106850
-0.094157
-0.189086
0.272392
0.182129
-0.347748
0.276144
0.155103
-0.111982
0.072514
0.078067
0.115197
0.099165
0.120299
0.078144
0.066589
-0.026823
0.008040
-0.026984
-0.163534
-0.105863
-0.035445
-0.031066
0.003914
0.019644
0.085279
0.106613
-0.015294
0.006740
0.019891
-0.082210
-0.107222
-0.028945
-0.050531
-0.056932
0.032853
0.001247
-0.033856
0.012520
0.003882
-0.050943
-0.053023
-0.042988
-0.045255
-0.046424
-0.042751
-0.032097
-0.025037
-0.015816
-0.012095
-0.018593
-0.020674
-0.019820
-0.027523
-0.023879
-0.024295
-0.030819
-0.018929
-0.015800
-0.036252
-0.021821
-0.016129
-0.019446
-0.012381
-0.031996
-0.015202
-0.043199
-0.039896
0.027784
-0.031654
-0.051032
0.044987
-0.130328
-0.137797
0.057606
-0.050179
0.026493
0.066142
0.034098
-0.078149
-0.045900
0.048444
-0.192959
-0.084710
0.038946
-0.080467
0.119205
0.042972
-0.054259
0.218327
-0.012068
-0.003757
0.204263
-0.193155
-0.002077
0.658385
-0.036242
-0.161720
0.691004
0.033154
-0.186351
0.297578
-0.115560
-0.299678
0.005609
-0.150587
-0.479074
-0.043824
-0.035012
-0.195509
0.108927
0.036572
0.134965
0.119888
-0.034283
0.083111
0.080898
-0.060510
0.061520
0.148913
0.039933
0.111659
0.074789
0.000600
0.032334
-0.043178
-0.073862
0.017193
-0.130754
-0.144036
0.042909
-0.068473
-0.111993
0.008092
0.040498
-0.018592
0.001684
0.021711
-0.002415
-0.009662
-0.025641
0.001331
-0.002435
-0.029410
-0.015797
-0.005747
-0.029000
-0.029492
-0.027127
-0.030011
-0.028007
-0.030809
-0.024426
-0.021366
-0.023855
-0.021681
-0.016954
-0.022284
-0.014427
-0.001622
-0.014101
-0.008921
-0.017190
-0.011579
-0.005378
0.001994
-0.012181
-0.040668
0.034585
0.000955
-0.057134
-0.029060
-0.086755
-0.017695
0.026477
-0.032290
0.070571
-0.053020
-0.036970
0.094238
-0.230495
0.087482
0.125540
-0.232791
0.220966
0.134564
-0.110939
-0.036484
0.084126
-0.003285
-0.175507
0.215133
-0.080923
-0.033811
0.551286
0.055959
-0.099218
0.256813
-0.044179
-0.160182
0.179561
-0.098001
0.034766
0.233941
-0.127605
-0.061522
-0.111712
-0.255007
-0.123724
-0.045576
-0.133085
0.086354
0.173245
-0.082401
-0.031754
0.108352
-0.009179
-0.182891
0.052166
0.084578
-0.132423
-0.142045
-0.052598
-0.062478
-0.159995
-0.056229
-0.017955
-0.063511
-0.041195
-0.008282
-0.018020
-0.014121
0.001252
-0.016492
0.015542
0.040257
0.004414
-0.011935
0.004121
0.016358
0.009691
-0.003444
0.000361
0.000274
-0.002754
-0.004264
-0.009775
-0.003490
-0.003855
-0.002154
0.005947
0.010328
0.012104
0.007260
0.012586
0.011547
0.007396
0.014778
0.004278
0.015145
0.010838
-0.008051
-0.003107
-0.002817
0.014995
0.011886
-0.009467
-0.009308
-0.009871
-0.035603
-0.001688
0.008201
0.001068
0.087722
0.014835
-0.042794
0.009227
0.012406
0.029928
0.013572
0.087811
0.055590
-0.087727
0.007357
0.011222
-0.055630
0.114305
0.114792
0.039624
0.087294
0.210339
-0.005401
-0.184903
0.327059
0.053083
-0.181869
0.273393
0.023824
-0.252164
-0.178917
0.085187
-0.271211
-0.191606
0.392661
-0.187570
-0.108120
0.391067
-0.131553
-0.320346
0.312999
0.088481
-0.339564
0.069637
0.168546
-0.136799
-0.208904
0.013513
-0.017510
-0.096824
0.022095
0.044797
0.083008
0.071558
0.029597
-0.010908
-0.009877
-0.004403
-0.082268
-0.085598
-0.028102
-0.020539
-0.028040
-0.000975
0.017328
0.030339
0.024531
-0.011795
-0.006763
0.000348
-0.035670
-0.031578
-0.003893
-0.003455
-0.009679
0.007462
0.013283
0.005868
0.000122
0.002140
-0.004142
-0.009707
-0.011502
-0.011103
-0.011214
-0.006437
-0.002698
-0.003233
0.000831
0.003787
-0.001059
-0.007857
-0.002632
0.001466
-0.007384
0.000225
0.015895
-0.001433
-0.004902
0.002360
-0.021066
-0.031234
0.003078
-0.010332
-0.024396
0.017507
-0.001579
-0.024554
0.002972
-0.000589
-0.020462
0.000522
0.012987
-0.005850
0.000788
0.014195
0.006716
0.001889
0.006457
0.006216
0.001274
0.000029
0.001167
0.002631
-0.000508
0.000181
0.001931
0.002784
0.003603
0.001218
0.000308
0.002783
0.000696
-0.000807
0.002705
0.001995
0.001867
0.004056
0.004424
0.003666
0.003707
0.003692
0.002135
0.002599
0.002560
0.000303
0.000040
0.000392
0.000202
-0.000207
0.000218
0.000838
0.001634
0.001584
0.002024
0.002102
0.001980
0.001605
0.001003
0.000782
0.000885
0.000598
0.000697
0.000608
0.000594
0.000700
0.000789
0.000705
0.000827
0.000760
0.000538
0.000600
0.000456
0.000324
0.000429
0.000406
0.000295
0.000340
0.000428
0.000452
0.000528
0.000563
0.000480
0.000328
0.000242
0.000282
0.000338
0.000360
0.000331
0.000162
0.000009
-0.000068
-0.000055
0.000018
0.000109
0.000109
0.000086
-0.000002
-0.000061
0.000035
0.000034
-0.000023
0.000044
0.000041
-0.000085
-0.000066
-0.000030
-0.000113
-0.000103
-0.000071
-0.000143
-0.000195
-0.000149
-0.000160
-0.000084
0.007654
-0.013976
-0.025252
-0.005745
-0.027465
0.000629
-0.000486
0.030054
0.021988
-0.062550
0.054154
0.018604
-0.051111
0.049532
-0.030569
-0.047994
0.066835
0.070896
-0.003351
0.108284
0.138639
-0.128932
-0.101343
-0.055374
-0.104960
-0.059152
0.056035
-0.017606
0.209764
0.151138
-0.151721
0.123818
-0.311011
-0.309300
0.257177
-0.144541
-0.176970
0.443118
0.022182
-0.344706
0.118524
-0.478120
-0.270756
0.311083
-0.372544
-0.144482
0.287683
0.278350
-0.033019
-0.197744
0.187026
0.123103
-0.339738
-0.124464
0.375951
0.173924
-0.062969
0.354093
0.175004
-0.062408
0.146276
-0.120306
-0.051369
0.098271
-0.122006
-0.195277
-0.024486
0.018446
-0.110518
-0.019063
0.121453
0.144354
0.067335
0.044331
0.085275
-0.004052
-0.045723
0.014222
0.017693
0.000000
0.042631
0.033046
0.038815
0.006432
-0.020683
-0.011542
-0.014982
-0.041946
-0.029287
-0.006157
-0.016473
-0.005983
0.008687
0.013853
0.015222
0.012142
0.020568
0.013152
0.008397
0.020456
-0.006305
0.011132
0.002701
-0.000014
0.026905
-0.013762
-0.017263
0.019529
-0.021770
-0.006036
-0.000153
0.014492
0.064955
-0.011605
0.019541
-0.009137
-0.015311
0.015708
-0.063168
0.084594
0.128447
-0.059071
-0.001114
0.104109
0.019834
-0.070762
0.086965
-0.139446
0.036086
0.399055
-0.276866
0.008908
0.240719
-0.382082
-0.245759
-0.161831
-0.073302
0.197674
0.130340
0.022512
0.221709
-0.005065
-0.120101
0.060422
-0.548910
-0.290257
0.435975
-0.095824
-0.082672
0.553777
0.481896
0.095813
0.029147
0.235402
-0.054116
-0.187093
-0.118061
-0.020843
-0.092397
-0.215644
0.131241
0.004837
-0.064986
-0.086301
0.065591
0.222167
-0.136040
-0.020597
0.145951
-0.016387
-0.181095
0.084282
0.090187
-0.154081
0.054064
0.054464
-0.060914
-0.024570
-0.026209
-0.073755
-0.067237
-0.048617
-0.049583
-0.036704
-0.052886
-0.030762
-0.011877
-0.022646
-0.031109
-0.018618
-0.000224
0.005240
-0.010596
-0.012465
0.007242
-0.004950
-0.022769
-0.015497
-0.017567
-0.024279
-0.017101
-0.019830
-0.011829
0.006912
-0.040214
-0.020759
-0.023823
-0.024431
0.016959
-0.034123
0.023533
0.004660
-0.038360
0.026379
-0.038941
-0.002112
-0.008699
-0.015400
0.080956
0.000206
0.057293
0.043975
0.053789
0.157104
0.040068
0.066818
0.107237
-0.012126
-0.170908
-0.116489
0.032627
-0.026495
-0.174297
-0.221183
0.019320
-0.091598
-0.128261
-0.013714
0.168994
0.164615
-0.317436
0.148938
-0.109045
-0.365139
0.074289
-0.247420
-0.166540
-0.070280
0.026920
-0.225363
0.273032
0.513901
-0.156873
0.204742
0.429408
0.099507
-0.195720
0.143078
0.112287
-0.091877
-0.045584
-0.080594
0.049305
0.005200
0.111771
0.132337
0.061404
0.072885
0.035449
-0.093203
-0.133613
0.010451
-0.048183
-0.084259
0.065392
0.110203
0.006850
0.042283
0.087472
0.009519
-0.008752
0.007419
-0.034607
-0.065895
-0.045160
-0.029893
-0.049985
-0.040165
-0.010571
-0.009334
-0.011466
-0.016543
-0.015498
-0.020818
-0.013489
-0.016539
-0.014052
-0.011139
-0.005238
-0.004728
0.009048
0.005876
-0.010723
0.039173
0.005332
-0.040310
0.029768
-0.023826
-0.060936
0.071714
-0.033079
-0.076177
0.093558
-0.033092
-0.113307
0.041534
-0.063008
-0.091198
0.075002
-0.130136
0.101014
0.000672
-0.293600
0.258323
-0.084817
-0.228734
0.118394
-0.208181
-0.276989
0.286379
0.043469
-0.142400
0.398082
0.075885
-0.151914
-0.133139
-0.129426
-0.151544
-0.039643
-0.073015
-0.164810
0.112465
-0.142267
-0.335346
0.114918
0.086996
-0.193335
0.213589
0.405862
-0.081773
-0.055641
0.101931
-0.099062
0.000602
-0.191025
0.042938
0.316652
-0.098168
-0.062638
0.206016
0.127841
-0.128464
0.056235
0.124390
-0.025911
-0.004424
0.060763
0.062406
0.020682
0.121054
0.099437
0.083332
0.058658
0.091218
0.038939
-0.018059
0.043624
-0.034052
-0.021471
0.050026
0.013275
-0.002479
0.059081
0.031822
-0.003190
0.023895
0.020764
0.004383
-0.000686
0.011894
0.020968
0.013306
0.015667
0.012859
0.012506
0.017003
0.016415
-0.002754
-0.000375
0.004641
-0.025846
0.012654
0.017223
-0.013817
0.001265
0.019777
0.011928
-0.017567
0.021830
-0.012123
-0.052524
0.079523
0.008723
-0.106327
0.146172
0.029876
-0.143934
0.165662
-0.148691
-0.193277
0.143935
-0.253702
0.094052
0.361007
-0.097191
0.261593
0.092190
-0.218766
0.032988
-0.118153
0.104539
0.080666
0.351834
0.447491
-0.079687
0.034715
0.060704
-0.147070
-0.148939
0.106613
0.018731
-0.140413
0.098318
0.163865
-0.408282
-0.015253
0.386519
-0.445047
0.124450
0.142690
-0.116840
0.192055
-0.092702
0.258472
-0.076205
-0.218099
0.082157
-0.075943
-0.067586
-0.123555
-0.093758
0.035522
-0.082191
-0.202740
-0.081151
0.040186
-0.060704
-0.142798
-0.046816
0.010773
-0.048132
-0.097762
0.028014
0.073578
-0.013232
-0.021175
0.044962
0.042775
-0.039972
-0.023780
-0.030815
-0.039972
-0.016639
-0.054847
-0.041269
-0.010807
-0.028388
-0.017381
0.006813
-0.018203
-0.012899
-0.010025
-0.003608
-0.006130
-0.010536
-0.004175
0.012758
0.004503
-0.003624
0.009111
-0.006695
-0.025466
-0.028484
0.005514
-0.012826
-0.005469
0.027234
-0.031524
-0.022016
-0.013227
-0.058256
-0.003375
-0.000568
0.003998
0.049654
0.026247
-0.013570
0.085518
0.039869
-0.051386
0.235203
-0.177356
-0.137488
0.191873
-0.146170
0.104181
0.110555
0.036309
0.096267
0.092222
-0.108029
-0.337943
-0.075523
-0.119437
-0.111658
0.035192
-0.038041
0.107306
0.115128
-0.193955
-0.274587
-0.199908
-0.309309
-0.166521
-0.145516
-0.085365
0.302698
0.098254
0.045578
0.365097
-0.012300
-0.098833
-0.013076
-0.216386
0.008326
0.015789
0.044991
0.218037
0.212879
0.214954
0.050662
0.094214
0.083452
-0.038009
0.027822
-0.019530
0.001994
-0.014263
-0.008124
0.086117
-0.023644
-0.018991
0.124551
0.015793
-0.005030
0.061705
-0.025631
-0.036225
0.043027
0.032854
0.014960
0.059165
0.050377
0.031154
0.023374
-0.008426
-0.025189
-0.026213
-0.030109
-0.025916
-0.005987
-0.003910
-0.007712
0.000725
0.000785
0.004919
-0.001781
-0.007828
0.009682
0.012811
-0.002870
0.017774
0.010702
0.009448
0.021647
0.011151
0.009997
0.033662
0.046585
-0.088831
-0.007128
-0.023545
-0.062426
0.071814
-0.004246
-0.013980
0.016224
0.024017
-0.124983
0.050670
0.232862
-0.090833
0.016238
0.120772
-0.148382
0.002240
-0.025354
-0.029074
0.216861
0.004266
0.073059
-0.038585
-0.330234
0.102988
-0.037155
-0.580137
0.520725
0.323168
-0.590606
0.446932
0.023705
-0.220661
0.188740
-0.093028
-0.272180
0.264549
0.376691
-0.519774
0.251925
0.315508
-0.223181
0.080337
0.091277
0.142586
0.109317
0.145809
0.100306
0.050755
-0.056510
0.007484
-0.009958
-0.221644
-0.126918
-0.018169
-0.024415
0.015862
0.009517
0.075159
0.156145
-0.032830
-0.017131
0.061125
-0.081249
-0.145048
-0.035613
-0.040784
-0.085560
0.018693
0.004340
-0.035417
0.017849
0.010269
-0.059462
-0.058912
-0.045295
-0.058963
-0.067809
-0.059791
-0.041544
-0.027023
-0.004420
-0.006094
-0.009974
-0.007462
-0.004274
-0.027926
-0.030004
-0.021786
-0.035268
-0.022998
-0.012439
-0.033785
-0.022029
-0.006436
-0.019998
-0.006824
-0.033853
-0.020941
-0.038520
-0.064545
0.028204
-0.012072
-0.077187
0.063156
-0.107636
-0.214918
0.089058
-0.042552
0.012576
0.101437
0.033154
-0.077212
-0.091867
0.092195
-0.204030
-0.142138
0.093724
-0.113020
0.107603
0.142118
-0.130974
0.232138
0.067185
-0.070655
0.258935
-0.171592
-0.148825
0.816444
0.122327
-0.428569
0.828004
0.201212
-0.399165
0.392179
-0.061645
-0.431409
0.016245
-0.089096
-0.639033
-0.121867
0.068261
-0.296739
0.130356
0.081903
0.134476
0.193044
-0.037391
0.093713
0.099639
-0.093162
0.049982
0.191222
0.028481
0.124030
0.098751
-0.024209
0.051823
-0.038535
-0.124294
0.015532
-0.144351
-0.226533
0.061720
-0.068130
-0.170134
0.014622
0.083744
0.004594
0.001789
0.050932
0.030481
0.010045
-0.037975
-0.001492
0.008928
-0.034591
-0.023204
-0.001042
-0.025456
-0.032537
-0.037466
-0.042120
-0.039417
-0.054556
-0.043515
-0.028312
-0.032279
-0.030398
-0.012384
-0.016221
-0.013791
0.004090
-0.007314
0.000475
-0.014711
-0.016746
0.000723
0.005559
-0.002384
-0.054338
0.036310
0.033846
-0.071742
-0.027946
-0.093818
-0.041155
0.062923
-0.049208
0.070853
-0.008783
-0.110014
0.153446
-0.252257
-0.000077
0.278966
-0.331800
0.194172
0.258534
-0.171563
-0.060367
0.074391
0.059405
-0.253239
0.229198
0.002447
-0.190275
0.694223
0.173841
-0.234837
0.301795
0.032993
-0.287270
0.235458
-0.044460
-0.082076
0.360795
-0.124800
-0.148278
-0.110105
-0.300120
-0.151042
-0.029229
-0.162077
0.075532
0.264893
-0.108404
-0.075304
0.122144
0.015576
-0.227167
0.034081
0.178284
-0.139213
-0.203463
-0.076110
-0.040062
-0.207613
-0.092253
-0.005756
-0.076052
-0.027195
0.009723
-0.019491
-0.017044
0.000162
-0.030408
0.016568
0.058937
0.010002
0.004437
0.038392
0.035003
0.009904
-0.003451
0.009689
-0.004288
-0.011228
0.006351
-0.006131
-0.009209
-0.006315
-0.002872
0.003384
0.005812
0.010457
0.015391
0.020624
0.015514
0.007935
0.017619
0.006819
0.011880
0.016907
-0.008370
-0.004989
-0.009679
0.010446
0.019002
-0.012490
-0.020773
-0.013195
-0.043623
-0.013644
0.020312
-0.008839
0.104905
0.045687
-0.070853
0.006927
0.013898
0.039468
0.017520
0.083706
0.096298
-0.104597
-0.030379
0.033438
-0.082867
0.120164
0.156960
0.033956
0.090270
0.234078
0.061176
-0.298521
0.340486
0.197435
-0.327330
0.316555
0.102598
-0.310640
-0.253568
0.085072
-0.223040
-0.357202
0.521853
-0.131803
-0.274296
0.527082
-0.063440
-0.515374
0.362327
0.261036
-0.502857
0.027143
0.295078
-0.149969
-0.293630
0.011123
0.014278
-0.145247
0.030304
0.063990
0.084386
0.100690
0.040840
-0.031768
-0.029019
0.012759
-0.109415
-0.109914
-0.000978
-0.015656
-0.038828
0.023120
0.028365
0.019902
0.035803
0.001993
-0.011557
0.005204
-0.031665
-0.030242
-0.015254
-0.017398
-0.013513
0.011645
0.015017
0.006917
0.008926
0.012586
-0.000923
-0.019535
-0.016370
-0.015460
-0.020060
-0.017066
-0.006817
0.001575
0.006228
0.004352
0.000288
-0.005103
-0.003267
-0.000231
-0.007506
-0.004558
0.023592
0.005248
-0.005120
0.008287
-0.017658
-0.038474
-0.000297
-0.002531
-0.034364
0.017961
0.004403
-0.037805
0.000096
0.003335
-0.025934
-0.001074
0.022883
-0.003567
-0.003025
0.018906
0.007572
-0.000852
0.005102
0.007216
0.002915
0.000394
0.003626
0.003830
0.000959
0.000955
0.000995
0.003175
0.005841
0.003218
0.000193
0.005728
0.003433
-0.002310
0.002950
0.002494
0.001675
0.003902
0.005286
0.004663
0.004927
0.005306
0.002745
0.002052
0.000820
-0.000342
-0.000908
-0.001306
-0.001223
-0.001325
-0.000601
-0.000070
0.001168
0.001656
0.002410
0.002465
0.002332
0.002074
0.001492
0.001111
0.000948
0.000606
0.000858
0.000725
0.000610
0.000807
0.000951
0.000816
0.000928
0.000874
0.000467
0.000480
0.000503
0.000286
0.000499
0.000577
0.000317
0.000168
0.000237
0.000262
0.000340
0.000434
0.000456
0.000234
0.000161
0.000201
0.000248
0.000246
0.000302
0.000204
0.000007
0.000022
0.000015
0.000075
0.000182
0.000183
0.000185
0.000085
0.000014
0.000106
0.000104
-0.000049
-0.000027
0.000008
-0.000195
-0.000153
-0.000104
-0.000221
-0.000265
-0.000260
-0.000289
-0.000334
-0.000253
-0.000257
-0.000190
-0.000108
-0.000049