-0.013107
-0.012582
-0.010300
-0.005314
-0.002736
-0.007147
-0.007288
-0.004355
-0.003347
-0.006920
-0.005610
-0.003584
-0.005270
-0.003463
-0.003618
-0.006652
-0.006143
-0.005109
-0.007275
-0.004551
-0.001058
0.007232
-0.001383
-0.003596
0.013343
-0.002177
-0.004132
0.009130
-0.005353
-0.007070
0.008791
0.011111
0.005077
0.031423
0.032539
-0.002383
-0.008816
-0.016505
-0.030483
-0.021956
-0.011128
-0.000679
0.049040
0.021526
0.010573
0.021270
-0.058779
-0.035750
-0.006160
-0.076544
-0.030166
0.056554
-0.021699
-0.035504
-0.007324
-0.107540
-0.074178
-0.039836
-0.093303
-0.073820
-0.011664
0.032561
-0.022088
-0.029834
0.033289
0.006283
-0.064864
-0.050820
0.009581
0.003303
0.011352
0.079548
0.056802
0.047266
0.066117
0.022339
0.017959
0.032205
-0.000811
-0.028841
0.001247
0.016513
0.005653
0.019970
0.045526
0.061268
0.042505
0.022423
0.024070
0.016591
0.002316
-0.001855
-0.002195
0.003473
0.010180
0.005316
0.004606
0.006756
0.004767
0.006240
0.006282
0.004548
0.006747
0.006547
0.005192
0.007318
0.007470
0.004053
0.003118
0.004689
0.003759
-0.000630
0.001456
0.002268
0.000424
0.002230
0.000179
0.003590
0.005925
-0.000375
0.002469
0.002694
-0.000954
0.003807
0.002159
0.010847
0.012872
0.007894
0.011904
0.001284
0.003907
-0.000978
-0.004665
0.021239
0.017503
0.004993
0.021464
0.027029
0.004067
0.011317
0.019875
-0.024650
0.039052
0.055898
-0.027211
0.030095
0.033433
-0.037198
-0.061668
-0.066169
-0.026913
-0.002548
-0.004274
0.031716
0.059520
0.002556
0.001196
-0.009802
-0.111406
-0.069750
0.002261
-0.053312
-0.033746
0.083423
0.136586
0.088331
0.081100
0.090427
0.038012
0.006204
-0.019117
-0.012972
-0.027001
-0.025854
0.019310
0.027279
0.025542
0.013215
0.050597
0.046335
0.000490
0.010311
0.022776
0.000776
-0.021725
0.006657
-0.011872
-0.033536
-0.004468
-0.015112
-0.039913
-0.032398
-0.018337
-0.021149
-0.018038
-0.014135
-0.015272
-0.016228
-0.019478
-0.018271
-0.022046
-0.028022
-0.026530
-0.021367
-0.020436
-0.020509
-0.018964
-0.017536
-0.017356
-0.020031
-0.021333
-0.017829
-0.016739
-0.017177
-0.014037
-0.014071
-0.009048
-0.008116
-0.013246
-0.011996
-0.017128
-0.012394
-0.012154
-0.013271
-0.004064
-0.009472
-0.005407
-0.004612
-0.013547
-0.008000
-0.010710
-0.001930
0.001072
-0.000747
0.016699
0.012807
0.024621
0.040462
0.032925
0.035927
0.034934
0.018167
-0.009586
-0.016076
-0.006706
-0.010949
-0.039549
-0.038379
-0.016076
-0.036327
-0.041430
-0.027781
0.027917
0.001032
-0.035249
0.006363
-0.080934
-0.080746
-0.052298
-0.099352
-0.105180
-0.072755
-0.059437
-0.095050
0.018250
0.055031
0.006562
0.059811
0.100371
0.045870
-0.000488
0.039113
0.029081
0.013305
-0.001858
-0.000528
0.017759
0.030475
0.063702
0.068856
0.069761
0.079980
0.069768
0.026254
0.008338
0.021923
0.004519
-0.010544
0.008526
0.015982
0.002703
0.011238
0.020487
0.012881
0.003913
-0.001180
-0.007637
-0.014279
-0.015147
-0.018045
-0.017960
-0.013297
-0.008588
-0.010244
-0.012689
-0.010042
-0.010680
-0.012714
-0.014753
-0.012430
-0.011512
-0.011736
-0.011173
-0.010769
-0.008026
-0.012299
-0.008436
-0.001913
-0.010544
-0.008062
0.001069
-0.012731
-0.010020
0.006686
-0.013561
-0.009973
0.010915
-0.010703
-0.018185
-0.005634
-0.019541
-0.014013
-0.015818
-0.023938
0.013086
-0.038915
-0.033834
0.021502
-0.046092
-0.043552
-0.013771
-0.063310
-0.063688
-0.002306
-0.031454
-0.013368
0.045203
0.022267
-0.011281
-0.036536
-0.053566
-0.065558
-0.036013
-0.063654
-0.069149
-0.013194
-0.057966
-0.083910
-0.016074
-0.017303
-0.034550
0.028644
0.042627
0.000608
0.007710
-0.005238
-0.011206
-0.014619
-0.055125
-0.004706
0.022545
-0.008748
0.002758
0.043766
0.046763
0.025116
0.048160
0.049967
0.028621
0.030540
0.035437
0.021593
0.032911
0.053447
0.050491
0.048074
0.048586
0.054319
0.037359
0.028544
0.036382
0.022564
0.018846
0.031336
0.031230
0.030509
0.035436
0.030398
0.027443
0.024989
0.018574
0.015232
0.014472
0.014900
0.012848
0.012001
0.011651
0.011882
0.011022
0.010192
0.008507
0.005688
0.008058
0.005363
0.003049
0.008189
0.006229
0.004080
0.007767
0.010888
0.004518
0.002390
0.008531
-0.003659
-0.003309
0.016195
-0.004599
-0.007033
0.028096
-0.001936
-0.002539
0.018468
-0.035966
-0.014994
-0.010613
-0.050234
0.025529
0.032836
0.018004
0.071838
0.032675
0.009056
-0.003576
-0.004758
0.016713
0.012734
0.107348
0.104823
0.047587
0.078421
0.065150
0.012853
0.003550
0.036180
0.024118
-0.002737
0.045853
0.043562
-0.044376
0.047539
0.060887
-0.024833
0.030663
-0.004609
0.007171
0.008389
0.001374
0.042404
-0.016147
-0.008678
-0.008568
-0.038247
-0.037863
-0.055002
-0.040169
-0.021607
-0.042303
-0.049966
-0.037806
-0.019459
-0.021028
-0.047983
-0.048589
-0.037824
-0.049069
-0.051372
-0.037101
-0.026400
-0.021471
-0.026344
-0.022108
-0.020854
-0.027920
-0.024536
-0.028191
-0.024934
-0.019372
-0.024765
-0.019501
-0.009698
-0.008897
-0.011478
-0.009821
-0.007815
-0.006721
-0.007825
-0.011744
-0.008867
-0.008138
-0.009720
-0.007827
-0.008784
-0.007115
-0.007217
-0.010463
-0.013589
-0.011527
-0.007974
-0.010352
-0.003598
0.000320
-0.005928
-0.005474
-0.010019
-0.014834
-0.011743
-0.011309
-0.002598
0.005271
-0.000960
0.001951
0.021110
0.000746
0.014621
0.034469
-0.028666
0.000901
0.009403
-0.015264
0.016075
0.022518
0.036981
0.040116
0.038567
-0.013916
-0.046124
-0.025603
-0.048565
-0.048673
-0.032636
-0.024027
0.009721
0.008778
-0.042235
-0.065735
-0.085888
-0.111319
-0.105326
-0.126329
-0.088614
-0.017369
-0.023935
0.010837
0.040602
-0.002596
-0.006712
-0.034999
-0.064234
-0.051965
-0.049586
-0.011524
0.027260
0.071405
0.086079
0.065724
0.082404
0.067988
0.044937
0.037817
0.026102
0.033702
0.030390
0.035764
0.052387
0.039707
0.044634
0.053538
0.027007
0.023170
0.027516
0.013548
0.014232
0.023606
0.021638
0.019799
0.024403
0.020924
0.012835
0.005287
-0.001430
-0.002229
-0.001121
-0.001407
-0.000484
0.003228
0.004401
0.004353
0.004364
0.003152
0.002841
0.001240
0.000540
0.003897
0.003141
0.001857
0.003938
0.000913
0.000724
0.001555
0.002214
0.002594
0.010999
0.005626
-0.006147
0.006271
-0.008420
-0.005026
0.007554
-0.001295
0.000442
0.011137
0.004157
-0.021260
0.019266
0.032551
-0.003109
0.025310
0.022603
-0.013276
-0.007333
-0.014198
0.012391
0.024403
0.015157
0.040893
-0.014264
-0.041062
0.020749
-0.055604
-0.081445
0.075338
-0.006287
-0.038076
0.067225
-0.003757
-0.008715
0.017844
-0.012578
-0.052408
0.045162
0.030056
-0.070824
0.042480
0.055940
0.014183
0.024078
0.036849
0.050000
0.061135
0.063674
0.053783
0.057034
0.038235
0.037631
0.020629
-0.012211
-0.010252
-0.005990
-0.006505
0.003258
0.011288
0.033988
0.047595
0.026543
0.019358
0.011636
-0.019277
-0.035305
-0.029790
-0.047359
-0.051939
-0.025487
-0.020021
-0.018744
-0.009571
-0.011082
-0.021329
-0.023697
-0.024852
-0.032725
-0.036051
-0.034963
-0.029241
-0.026890
-0.025561
-0.022201
-0.022314
-0.022481
-0.024072
-0.025798
-0.025097
-0.022829
-0.023010
-0.021357
-0.019129
-0.021343
-0.017211
-0.017577
-0.019471
-0.018717
-0.020505
-0.017371
-0.026056
-0.022077
-0.009727
-0.023933
-0.020125
-0.005057
-0.044839
-0.045738
-0.018251
-0.033101
-0.018694
0.000322
0.005935
-0.025930
-0.017681
-0.010080
-0.064035
-0.044487
-0.019493
-0.031670
-0.002972
-0.017270
0.001064
0.054080
0.003751
0.023001
0.052271
-0.036864
0.022241
0.151507
0.022346
0.025649
0.188705
0.090322
0.041015
0.101750
0.036240
-0.018567
0.024692
-0.019269
-0.113256
-0.039540
-0.019252
-0.036308
0.009930
0.012208
0.042286
0.038702
0.005552
0.009098
-0.000864
-0.035727
-0.019057
-0.003548
-0.013224
0.006686
0.007792
0.010921
0.023529
0.002047
-0.004633
0.019241
-0.007576
-0.016271
0.008393
-0.007517
-0.012699
0.010601
0.015485
-0.000784
-0.000251
0.000440
-0.006907
-0.014356
-0.023508
-0.022858
-0.021923
-0.025034
-0.023309
-0.020716
-0.022790
-0.020193
-0.019286
-0.022146
-0.018830
-0.018206
-0.018063
-0.017644
-0.018317
-0.017878
-0.016218
-0.018334
-0.018285
-0.015232
-0.017906
-0.016418
-0.016458
-0.015551
-0.014838
-0.013468
-0.015922
-0.015354
-0.000500
-0.009073
-0.017089
-0.013757
-0.025768
-0.014512
-0.011894
-0.013794
0.004837
-0.018817
0.000970
0.002860
-0.061657
0.007742
0.002506
-0.041566
0.036999
0.021889
-0.014543
-0.008764
0.029510
-0.003880
-0.034331
0.043612
-0.019038
0.012230
0.132039
0.050658
0.031097
0.101005
0.043304
0.007322
0.035910
-0.006922
0.039267
0.065970
0.014883
0.010163
-0.019414
-0.041898
-0.026794
-0.022261
-0.047823
-0.009925
0.027165
-0.010293
-0.017786
0.015786
-0.011078
-0.055619
-0.018888
-0.022067
-0.065752
-0.079689
-0.064954
-0.061518
-0.077377
-0.057626
-0.039921
-0.039904
-0.032685
-0.028039
-0.036883
-0.025947
-0.012367
-0.022055
-0.021034
-0.015514
-0.017220
-0.016964
-0.015849
-0.012954
-0.010590
-0.011441
-0.005729
0.001880
0.004289
0.006433
0.005350
0.008101
0.009409
0.007535
0.008790
0.009129
0.010119
0.009104
0.008721
0.008137
0.007222
0.005945
0.002410
0.005102
0.004571
0.001881
0.001438
0.000751
0.003942
0.002992
0.000969
0.002336
-0.002119
-0.008392
-0.002590
-0.003748
0.001242
0.019971
0.008831
-0.000497
0.004270
0.006567
0.005173
0.004609
0.027807
0.018292
-0.006445
0.011749
0.000785
-0.010503
0.032038
0.045088
0.033205
0.047016
0.083320
0.026420
0.000560
0.101667
0.039292
0.001013
0.078489
0.036846
-0.034670
-0.022135
0.021201
-0.082096
-0.046388
0.074537
-0.035662
-0.019302
0.084805
-0.010471
-0.064716
0.047425
0.015073
-0.075958
-0.026736
0.005130
-0.054605
-0.079802
-0.031641
-0.038057
-0.043956
-0.015934
-0.012033
0.007064
0.023712
0.020530
0.004099
-0.002036
0.000118
-0.019702
-0.034924
-0.027052
-0.023058
-0.024012
-0.014248
-0.003552
0.009946
0.014466
0.005046
0.004897
0.006809
-0.005631
-0.013695
-0.010625
-0.010619
-0.010851
-0.008111
-0.003883
-0.000797
-0.000640
-0.002545
-0.005151
-0.005979
-0.005485
-0.005385
-0.007624
-0.004507
-0.002099
-0.002900
-0.002294
-0.002284
-0.002829
-0.005581
-0.004339
-0.002993
-0.006256
-0.001943
0.001814
-0.001167
-0.000480
0.000955
-0.005355
-0.009168
-0.002956
-0.007608
-0.010920
-0.001468
-0.003506
-0.008283
-0.004338
-0.003547
-0.007457
-0.004555
-0.000002
-0.003610
-0.003016
0.000461
-0.000045
0.000075
0.001151
0.001183
-0.000173
-0.001084
-0.000791
-0.000712
-0.000434
0.000932
0.002238
0.002411
0.003189
0.003295
0.003261
0.003347
0.002419
0.002138
0.002101
0.002141
0.002019
0.002193
0.001879
0.001812
0.002009
0.001907
0.001618
0.001693
0.001686
0.001807
0.001742
0.001818
0.001742
0.001632
0.001463
0.001365
0.001275
0.001223
0.001212
0.001155
0.001046
0.001019
0.000946
0.000894
0.000844
0.000788
0.000718
0.000706
0.000721
0.000668
0.000654
0.000653
0.000703
0.000733
0.000738
0.000766
0.000658
0.000608
0.000627
0.000550
0.000503
0.000529
0.000530
0.000476
0.000463
0.000440
0.000373
0.000358
0.000349
0.000331
0.000337
0.000354
0.000388
0.000365
0.000324
0.000269
0.000205
0.000203
0.000178
0.000175
0.000142
0.000108
0.000073
0.000041
0.000013
-0.000002
0.000000
0.075582
0.036788
-0.106360
0.039639
0.099353
0.002881
-0.072698
-0.003027
0.072902
-0.043644
0.066030
0.217378
0.138667
-0.030543
-0.177483
-0.179751
-0.119889
-0.054640
0.017644
0.158247
0.013054
0.211638
0.151417
-0.149067
-0.172752
-0.466134
-0.189211
0.225456
0.112088
-0.089558
0.258039
0.281662
-0.571978
-0.807880
-0.069788
0.380589
-0.543793
-0.330589
0.547568
0.127332
0.103935
0.005697
0.042882
0.164464
-0.407035
-0.278503
0.284289
0.306140
0.432092
0.220699
0.126100
0.304481
-0.028563
-0.256575
0.088179
0.161724
-0.201902
-0.083642
-0.027893
-0.039969
0.040401
-0.060411
0.039742
0.110384
0.021373
0.033696
0.077755
0.008536
0.056615
0.052537
0.002480
0.014034
-0.001808
-0.005999
-0.035165
-0.048794
-0.037461
0.011321
-0.004384
-0.003917
0.018209
0.010858
-0.005112
-0.010870
0.011507
0.008292
0.004497
0.003364
0.005258
0.006876
-0.013281
0.010065
0.029375
-0.007376
-0.008887
-0.005681
0.015436
0.011121
-0.043910
-0.017659
0.016066
-0.019960
-0.007537
0.003473
0.104967
0.080021
-0.079603
0.009033
-0.000534
-0.031812
-0.059510
-0.016733
0.246970
0.144367
-0.170377
-0.068107
0.257197
0.088501
-0.310941
0.079883
0.158631
-0.013886
0.136779
0.131206
0.103483
-0.374382
-0.299863
-0.224076
-0.531183
0.222520
0.702783
0.123067
-0.345551
0.099528
0.378293
-0.287521
-0.749780
-0.098123
0.234418
-0.348427
0.116320
0.847928
0.401601
0.224749
0.178162
0.064202
0.073851
-0.322398
0.006308
0.143189
-0.273678
-0.126837
0.261427
0.040237
-0.375647
-0.060753
-0.023202
-0.001901
-0.007674
0.100294
0.219418
-0.066556
0.052826
0.072690
-0.058188
-0.109601
-0.089444
-0.121571
-0.104805
-0.044203
-0.056654
0.025851
-0.048165
-0.066648
-0.005546
-0.036746
-0.097066
-0.049699
-0.021002
-0.032752
-0.004746
-0.020660
0.012059
-0.001009
-0.031434
-0.018612
-0.015407
-0.029116
-0.026239
-0.024000
-0.022119
0.003942
-0.012293
-0.022378
-0.016701
0.018298
0.014125
-0.062669
-0.037367
-0.026025
0.008434
0.000036
-0.022065
0.076305
-0.027766
-0.084814
0.019230
0.023317
0.002990
-0.105335
0.070145
0.194839
-0.072628
0.009312
0.188992
0.189540
0.031842
0.041715
0.316784
0.087435
-0.320861
-0.250916
0.080854
0.068531
-0.128959
-0.227499
-0.194267
-0.156957
-0.249601
0.077259
0.104802
0.263161
0.058596
-0.537918
0.040893
-0.030171
-0.291283
-0.335111
-0.007144
0.052504
-0.698101
-0.051869
0.406921
0.310678
0.169094
0.324914
0.312395
0.120877
0.176626
0.015343
0.237819
0.126365
0.008841
-0.205697
-0.137558
0.136776
0.128325
0.132156
0.077800
0.190653
-0.002147
-0.115168
-0.016855
0.016636
-0.062059
-0.026310
0.019516
-0.039599
0.042249
0.009228
-0.022665
-0.022416
-0.004798
-0.020336
-0.031456
-0.029024
-0.033917
-0.023016
-0.045986
-0.048836
-0.036237
-0.027652
-0.041600
-0.039577
-0.031795
-0.014512
-0.002171
-0.005006
0.012084
0.011670
-0.023197
-0.039254
-0.018362
0.006995
-0.019724
-0.021248
0.068427
0.024531
-0.086566
0.003226
0.044689
-0.053880
-0.027130
0.034893
0.009134
-0.068827
-0.036827
0.010540
-0.077047
-0.137351
0.049976
0.051410
-0.190387
0.152760
-0.035762
-0.296052
0.055618
0.095639
0.000144
-0.458833
-0.224477
0.201269
0.015529
-0.002391
0.441290
0.289920
-0.157685
-0.346017
-0.328932
0.240817
-0.261797
-0.281584
0.400688
-0.104237
-0.538169
-0.108656
0.076352
-0.154158
-0.112111
0.234673
0.519803
0.113153
-0.221996
0.180787
0.137052
-0.264009
-0.133708
0.088440
0.221750
-0.097097
-0.016099
0.228285
-0.042007
0.121253
0.150553
0.007776
0.088935
0.076384
-0.038125
0.141818
0.125187
0.108797
0.204667
0.027901
0.066909
0.036400
0.028843
0.050319
0.001948
-0.016340
0.037643
0.044593
0.001139
0.054981
0.021575
-0.011484
-0.011934
0.010239
0.010028
0.021938
0.021179
0.000924
0.023135
0.011457
-0.002522
-0.008474
-0.008590
-0.006641
-0.003448
0.001563
-0.005119
0.006278
-0.001392
-0.023523
0.017701
0.032401
-0.011539
-0.051950
0.023098
0.058313
-0.067204
-0.029926
0.051637
-0.038738
-0.005285
0.045630
-0.019133
0.075708
-0.007115
-0.056341
0.050732
-0.240890
-0.149727
-0.001727
-0.125873
0.283771
0.330585
0.226651
0.105998
-0.341760
0.084143
-0.147429
-0.297276
0.664816
0.281524
0.329489
0.530314
-0.077086
-0.277236
-0.224106
0.129825
0.114077
-0.235707
0.171322
0.261460
-0.420598
-0.043549
0.070255
0.023167
-0.087228
-0.322021
0.252902
-0.160954
0.058213
0.217858
0.104805
0.310765
-0.478667
-0.217924
0.106888
-0.261863
-0.152921
-0.072474
-0.013679
0.035440
-0.352423
-0.138803
0.178763
-0.160638
-0.152397
-0.106462
-0.107621
0.002403
-0.049786
0.013991
0.130994
-0.035965
-0.044107
0.003110
-0.032726
0.047926
-0.034518
-0.052957
0.002317
-0.022914
-0.012829
0.008075
-0.039075
-0.033051
-0.007349
-0.020592
0.002439
0.004242
0.012177
0.006074
-0.005959
-0.000693
0.013728
-0.003816
-0.005563
0.010889
0.001560
-0.015303
-0.017795
-0.030100
-0.040993
0.026939
0.036599
0.008720
0.007761
-0.014976
-0.032537
-0.081370
-0.031876
0.053210
-0.002548
0.003897
0.083651
0.068842
-0.070557
0.076896
0.139624
0.018446
0.099007
-0.212581
-0.084679
-0.009732
0.105699
0.274998
-0.053196
0.205216
0.084334
-0.123740
-0.190669
-0.447838
-0.179961
0.062608
-0.070134
-0.042896
0.177231
0.123689
-0.136102
-0.433629
-0.378769
-0.261384
-0.421680
-0.237883
0.031433
0.215609
0.259239
0.102443
0.214705
0.200214
-0.109785
-0.117986
-0.254974
-0.072857
0.169069
0.046014
0.486522
0.379744
0.070482
0.227744
-0.028529
0.011502
0.119457
0.035307
0.130460
0.057925
0.077272
0.168081
-0.003669
-0.047708
-0.032254
-0.099879
-0.041264
0.013346
0.045708
0.019750
0.026812
0.066799
0.051350
0.047148
0.010502
-0.028065
-0.013626
-0.020129
-0.037244
0.013853
0.002763
-0.022659
0.003285
-0.014292
-0.019091
-0.021299
-0.032965
-0.018656
0.000873
0.008187
0.017281
0.007629
0.012320
0.029391
0.001887
-0.012611
0.000510
0.018634
-0.021215
-0.012120
0.026559
0.069739
0.020865
-0.154037
-0.033547
-0.002267
-0.010856
0.022920
0.088313
0.035985
-0.187845
-0.024592
0.005695
0.087026
0.278727
0.076464
-0.140076
-0.115337
0.042894
0.003713
-0.223707
0.259307
0.467714
-0.192892
-0.172011
-0.006035
-0.219808
-0.188973
-0.164769
-0.061416
0.589329
0.082912
-0.316266
-0.033790
0.110960
0.384704
-0.632898
0.004062
0.458586
-0.285812
0.124553
0.211490
0.077225
-0.034836
0.088365
-0.078990
0.181623
0.246377
0.120799
0.326404
-0.036127
-0.051360
0.183705
0.019510
-0.326487
-0.197225
-0.130385
-0.086315
-0.004274
0.025446
0.157472
0.090003
-0.003055
0.014277
0.020014
-0.138326
-0.076713
-0.105496
-0.143563
-0.007314
-0.010801
-0.045288
-0.047935
-0.044014
-0.070603
-0.051615
-0.075263
-0.059433
-0.020807
-0.020016
-0.036113
-0.034433
-0.017540
-0.041541
-0.039817
-0.041774
-0.037027
-0.033327
-0.026008
-0.023850
-0.005935
0.005443
-0.018780
-0.021723
-0.027148
-0.044148
-0.041173
-0.021304
0.010394
-0.011324
-0.063123
-0.001790
-0.032761
-0.092180
0.055134
0.062923
-0.102585
-0.052158
-0.136493
-0.210685
-0.050101
0.166485
0.283019
-0.139579
-0.005510
0.018959
-0.283828
-0.022247
0.032426
-0.070476
-0.186827
-0.048643
0.449468
0.067619
-0.332747
0.394680
0.338342
-0.294383
-0.129668
0.327259
0.264053
0.344273
0.445338
0.221209
0.121216
0.223474
0.246972
-0.420659
-0.043513
0.187272
-0.675818
-0.393840
-0.261484
-0.220003
0.003237
-0.149495
-0.011585
0.208162
0.081529
-0.036379
0.239342
0.026422
-0.112564
0.148315
0.186841
0.106516
0.092423
0.073894
0.006554
-0.069056
-0.149987
0.096795
0.023759
-0.224725
-0.079599
0.081849
-0.074004
-0.117459
0.049657
-0.023441
0.016341
-0.022847
-0.041790
0.055965
-0.017056
-0.062935
0.018591
-0.001336
-0.072638
-0.025691
-0.064994
-0.067435
-0.043344
-0.053545
-0.042238
-0.031772
-0.035681
-0.017025
-0.003365
-0.032555
-0.018150
-0.020426
-0.022240
-0.024854
-0.016212
0.008428
0.002877
-0.008601
-0.038581
-0.000303
0.010942
0.020755
-0.009892
-0.077156
0.061753
0.072031
-0.092692
-0.139601
-0.090375
0.074606
0.019667
-0.037037
0.236108
-0.097888
-0.296447
0.107579
-0.108166
0.085381
0.084224
-0.072257
0.223601
-0.026257
0.147559
-0.216008
-0.181724
0.437175
-0.277691
-0.112706
0.318471
0.186036
0.433148
0.359905
0.004735
-0.157782
-0.109770
0.037719
0.115878
-0.000250
0.392648
0.151592
-0.344725
-0.331289
-0.291677
0.017250
-0.403902
-0.340207
0.413739
0.165437
-0.228462
0.174170
0.054860
-0.252314
-0.020301
-0.079027
0.125132
-0.048119
-0.311738
-0.150160
-0.131791
-0.129940
-0.096309
-0.106200
-0.122556
-0.038651
-0.090030
0.025275
0.097866
0.021465
0.049192
0.055967
0.049081
0.028802
0.011726
-0.001397
0.011215
0.016829
0.039858
0.012198
-0.000904
0.016825
0.010021
0.017199
0.011441
0.013665
0.014408
0.026375
0.023788
0.030319
0.031326
0.013301
0.017821
0.007560
0.005552
0.016184
0.002769
0.013513
0.015595
-0.012837
-0.029870
-0.013906
0.049394
0.040943
-0.039428
-0.045368
-0.006644
-0.057480
-0.028146
0.066827
0.095481
0.102440
-0.034210
-0.078763
-0.059995
0.031260
0.173938
0.026464
0.097735
0.136619
-0.247663
-0.227518
0.135156
0.205113
0.061161
0.071781
0.333823
0.010520
-0.040751
0.253560
-0.127139
0.132549
0.288258
0.032496
-0.087612
0.041366
0.011165
-0.901892
-0.132131
0.480694
-0.367391
-0.136488
0.387878
0.157858
-0.422311
-0.095216
0.336098
0.042426
-0.237164
0.027536
0.008380
-0.069969
-0.033149
-0.363082
-0.050407
0.018085
-0.175665
0.055818
0.132632
0.163402
0.124351
-0.007021
0.016056
0.069622
-0.088017
-0.096064
-0.070815
-0.085197
-0.004910
-0.015697
-0.009729
0.051741
0.032214
-0.013897
-0.006240
-0.018190
-0.008473
0.008297
-0.003586
0.001417
0.010562
0.001618
-0.012412
-0.016660
-0.012814
-0.010290
-0.013329
-0.012391
-0.004283
0.007603
0.010092
-0.004528
-0.005749
0.001409
0.002002
-0.006185
-0.005067
-0.000041
-0.006508
-0.006425
0.012236
0.014433
0.001282
0.026303
0.020287
-0.023961
-0.034533
-0.014097
-0.035134
-0.029464
0.019721
0.011235
-0.017825
-0.021140
-0.007950
-0.031932
-0.022577
0.014791
0.002889
-0.001020
0.005833
0.005113
0.015669
0.018573
0.004424
0.008684
0.004241
-0.006829
0.001423
0.005009
0.006985
0.007260
0.005417
0.009499
0.011685
0.006949
0.008562
0.010036
0.004990
0.006785
0.008471
0.006282
0.007200
0.008609
0.004368
0.002189
0.002052
0.002570
0.003260
0.002401
-0.000250
-0.001471
-0.000229
0.000727
0.000987
0.001170
-0.000012
-0.002484
-0.004493
-0.000061
0.002669
0.001176
0.002165
0.002210
0.001559
0.000319
0.000208
0.000064
0.000870
-0.000060
0.000470
0.000947
0.002331
0.002385
0.001500
0.000745
0.000721
-0.000155
-0.000383
-0.000302
0.000299
0.000182
0.000060
-0.000063
0.000036
0.000145
0.000372
0.000363
0.000191
-0.000262
-0.000607
-0.000494
-0.000110
0.000338
0.000713
0.000583
0.000099
-0.000163
-0.000144
-0.000001
0.000249
0.000386
0.000181
-0.000114
-0.000039
0.000215
0.000350
0.000367
0.000192
-0.000133
-0.000298
-0.000175
-0.000067
0.000044
-0.000024
-0.000246
-0.000397
-0.000482
-0.000496
-0.000511
-0.000578
-0.000683
-0.000710
-0.000612
-0.000251
-0.000133
-0.000232
-0.000326
-0.000392
-0.000488
-0.000236