-0.145506
-0.173223
-0.157451
-0.094536
0.001222
0.102992
0.181618
0.216724
0.204452
0.158903
0.106711
0.076835
0.089459
0.148252
0.238930
0.334682
0.406376
0.433663
0.412715
0.357669
0.295195
0.254292
0.255191
0.301604
0.379297
0.461509
0.519163
0.531965
0.496144
0.425896
0.347950
0.291368
0.276440
0.306944
0.368706
0.435029
0.476899
0.474082
0.422873
0.337524
0.244827
0.173900
0.145092
0.162232
0.211203
0.265356
0.295726
0.282124
0.220887
0.126308
0.025214
-0.053243
-0.088685
-0.077256
-0.033051
0.017300
0.044847
0.029412
-0.032660
-0.127075
-0.227003
-0.303300
-0.335595
-0.320044
-0.270759
-0.214390
-0.179911
-0.187526
-0.240923
-0.325840
-0.415487
-0.480758
-0.501327
-0.473395
-0.411125
-0.341217
-0.292698
-0.285828
-0.324353
-0.394067
-0.468243
-0.517834
-0.522577
-0.478735
-0.400534
-0.314737
-0.250433
-0.227946
-0.251081
-0.305695
-0.365119
-0.400366
-0.391228
-0.334024
-0.243032
-0.145064
-0.069261
-0.035988
-0.049095
-0.094479
-0.145506
-0.173223
-0.157451
-0.094536
0.001222
0.102992
0.181618
0.216724
0.204452
0.158903
0.106711
0.076835
0.089459
0.148252
0.238930
0.334682
0.406376
0.433663
0.412715
0.357669
0.295195
0.254292
0.255191
0.301604
0.379297
0.461509
0.519163
0.531965
0.496144
0.425896
0.347950
0.291368
0.276440
0.306944
0.368706
0.435029
0.476899
0.474082
0.422873
0.337524
0.244827
0.173900
0.145092
0.162232
0.211203
0.265356
0.295726
0.282124
0.220887
0.126308
0.025214
-0.053243
-0.088685
-0.077256
-0.033051
0.017300
0.044847
0.029412
-0.032660
-0.127075
-0.227003
-0.303300
-0.335595
-0.320044
-0.270759
-0.214390
-0.179911
-0.187526
-0.240923
-0.325840
-0.415487
-0.480758
-0.501327
-0.473395
-0.411125
-0.341217
-0.292698
-0.285828
-0.324353
-0.394067
-0.468243
-0.517834
-0.522577
-0.478735
-0.400534
-0.314737
-0.250433
-0.227946
-0.251081
-0.305695
-0.365119
-0.400366
-0.391228
-0.334024
-0.243032
-0.145064
-0.069261
-0.035988
-0.049095
-0.094479
0.473640
0.114656
-0.043929
0.051707
0.357345
0.747647
1.064063
1.175429
1.028108
0.666524
0.216234
-0.163973
-0.342682
-0.265991
0.021956
0.395890
0.697327
0.795161
0.635809
0.263741
-0.195442
-0.582917
-0.767242
-0.694491
-0.408793
-0.035407
0.267183
0.367868
0.213053
-0.152809
-0.604142
-0.982155
-1.155441
-1.070120
-0.770369
-0.381504
-0.062068
0.056762
-0.078680
-0.424018
-0.853757
-1.209190
-1.359001
-1.249401
-0.924664
-0.510203
-0.164664
-0.019326
-0.127959
-0.446294
-0.848942
-1.177303
-1.300168
-1.163855
-0.812741
-0.372345
-0.001416
0.168668
0.084039
-0.211128
-0.591536
-0.898674
-1.001415
-0.846156
-0.477351
-0.020588
0.365320
0.548936
0.476339
0.191654
-0.179860
-0.479730
-0.576855
-0.417657
-0.046603
0.410709
0.795464
0.976229
0.899094
0.608204
0.228840
-0.080492
-0.188656
-0.042027
0.314973
0.756806
1.124715
1.287335
1.190828
0.879414
0.478455
0.146543
0.014904
0.137253
0.469268
0.885505
1.227311
1.363423
1.240107
0.901690
0.473640
0.114656
-0.043929
0.051707
0.357345
0.747647
1.064063
1.175429
1.028108
0.666524
0.216234
-0.163973
-0.342682
-0.265991
0.021956
0.395890
0.697327
0.795161
0.635809
0.263741
-0.195442
-0.582917
-0.767242
-0.694491
-0.408793
-0.035407
0.267183
0.367868
0.213053
-0.152809
-0.604142
-0.982155
-1.155441
-1.070120
-0.770369
-0.381504
-0.062068
0.056762
-0.078680
-0.424018
-0.853757
-1.209190
-1.359001
-1.249401
-0.924664
-0.510203
-0.164664
-0.019326
-0.127959
-0.446294
-0.848942
-1.177303
-1.300168
-1.163855
-0.812741
-0.372345
-0.001416
0.168668
0.084039
-0.211128
-0.591536
-0.898674
-1.001415
-0.846156
-0.477351
-0.020588
0.365320
0.548936
0.476339
0.191654
-0.179860
-0.479730
-0.576855
-0.417657
-0.046603
0.410709
0.795464
0.976229
0.899094
0.608204
0.228840
-0.080492
-0.188656
-0.042027
0.314973
0.756806
1.124715
1.287335
1.190828
0.879414
0.478455
0.146543
0.014904
0.137253
0.469268
0.885505
1.227311
1.363423
1.240107
0.901690