-0.260187
-0.243891
-0.222791
-0.197056
-0.166785
-0.131952
-0.092505
-0.048564
-0.000660
0.050116
0.102103
0.153253
0.201437
0.244802
0.282058
0.312607
0.336491
0.354175
0.366279
0.373329
0.375652
0.373411
0.366769
0.356103
0.342151
0.326025
0.309068
0.292584
0.277540
0.264341
0.252754
0.242030
0.231154
0.219165
0.205412
0.189678
0.172128
0.153121
0.132965
0.111726
0.089162
0.064828
0.038293
0.009403
-0.021519
-0.053623
-0.085656
-0.116220
-0.144071
-0.168374
-0.188799
-0.205452
-0.218674
-0.228775
-0.235839
-0.239651
-0.239796
-0.235889
-0.227835
-0.216040
-0.201459
-0.185482
-0.169671
-0.155448
-0.143841
-0.135367
-0.130084
-0.127781
-0.128222
-0.131341
-0.137300
-0.146396
-0.158844
-0.174529
-0.192821
-0.212553
-0.232164
-0.249991
-0.264603
-0.275070
-0.281090
-0.282929
-0.281213
-0.276658
-0.269836
-0.261073
-0.250491
-0.238179
-0.224401
-0.209744
-0.195123
-0.181631
-0.170264
-0.161611
-0.155635
-0.151600
-0.148201
-0.143836
-0.136950
-0.126322
-0.111226
-0.091408
-0.066936
-0.037982
-0.004650
0.033084
0.075269
0.121783
0.172092
0.225102
0.279150
0.332187
0.382081
0.426978
0.465586
0.497306
0.522178
0.540668
0.553393
0.560880
0.563455
0.561280
0.554519
0.543549
0.529107
0.512307
0.494492
0.476967
0.460701
0.446098
0.432929
0.420444
0.407632
0.393531
0.377495
0.359309
0.339139
0.317347
0.294244
0.269898
0.244073
0.216323
0.186223
0.153622
0.118848
0.082752
0.046592
0.011772
-0.020462
-0.049270
-0.074317
-0.095706
-0.113771
-0.128820
-0.140930
-0.149881
-0.155255
-0.156659
-0.153995
-0.147663
-0.138612
-0.128227
-0.118064
-0.109541
-0.103679
-0.100990
-0.101525
-0.105069
-0.111380
-0.120384
-0.132239
-0.147237
-0.165586
-0.187165
-0.211339
-0.236933
-0.262384
-0.286021
-0.306406
-0.322606
-0.334311
-0.341784
-0.345643
-0.346599
-0.345220
-0.341825
-0.336531
-0.329422
-0.320758
-0.311119
-0.301417
-0.292738
-0.286074
-0.282011
-0.280506
-0.280819
-0.281639
-0.281362
-0.278429
-0.271614
0.308298
0.258997
0.228534
0.218873
0.228603
0.252751
0.283634
0.312506
0.331486
0.335164
0.321374
0.290955
0.246659
0.191691
0.128463
0.058021
-0.019651
-0.104640
-0.195874
-0.290221
-0.382335
-0.465427
-0.532724
-0.579130
-0.602512
-0.604127
-0.588051
-0.559794
-0.524617
-0.486142
-0.445733
-0.402843
-0.356131
-0.304884
-0.250156
-0.195169
-0.144783
-0.104241
-0.077655
-0.066804
-0.070704
-0.086127
-0.108842
-0.135144
-0.163038
-0.192670
-0.225811
-0.264605
-0.310081
-0.361004
-0.413535
-0.461870
-0.499657
-0.521693
-0.525306
-0.510946
-0.481795
-0.442572
-0.398009
-0.351579
-0.304918
-0.258148
-0.210885
-0.163488
-0.117984
-0.078220
-0.049109
-0.035183
-0.038951
-0.059664
-0.092970
-0.131594
-0.166880
-0.190663
-0.196873
-0.182377
-0.146862
-0.091903
-0.019690
0.068040
0.170413
0.287001
0.416781
0.556925
0.701984
0.843905
0.973012
1.079720
1.156458
1.199198
1.208088
1.187017
1.142281
1.080868
1.008924
0.930927
0.849745
0.767425
0.686279
0.609708
0.542329
0.489269
0.454818
0.440947
0.446247
0.465751
0.491780
0.515592
0.529312
0.527533
0.508099
0.471850
0.421546
0.360397
0.290821
0.213872
0.129539
0.037742
-0.060442
-0.161871
-0.261194
-0.351616
-0.426354
-0.480306
-0.511332
-0.520681
-0.512421
-0.492054
-0.464835
-0.434376
-0.402035
-0.367256
-0.328690
-0.285616
-0.239080
-0.192296
-0.150115
-0.117774
-0.099375
-0.096690
-0.108727
-0.132247
-0.163016
-0.197317
-0.233150
-0.270652
-0.311584
-0.358086
-0.411178
-0.469616
-0.529555
-0.585184
-0.630143
-0.659222
-0.669743
-0.662148
-0.639613
-0.606850
-0.568586
-0.528285
-0.487579
-0.446585
-0.404910
-0.362911
-0.322607
-0.287842
-0.263524
-0.254178
-0.262310
-0.287167
-0.324392
-0.366707
-0.405452
-0.432459
-0.441653
-0.429901
-0.396884
-0.344177
-0.273968
-0.187990
-0.087117
0.028225
0.157016
0.296426
0.441008
0.582710
0.711856
0.818860
0.896152
0.939702
0.949659
0.929910
0.886750
0.827164
0.757298
0.681628
0.603018
0.523514
0.445425
0.372148