0.241160
0.309118
0.364830
0.405441
0.429669
0.437902
0.431938
0.414475
0.388511
0.356872
0.321978
0.285877
0.250466
0.217737
0.189881
0.169164
0.157552
0.156224
0.165120
0.182729
0.206205
0.231815
0.255606
0.274086
0.284738
0.286218
0.278231
0.261172
0.235700
0.202428
0.161847
0.114502
0.061317
0.003913
-0.055249
-0.113014
-0.165947
-0.210928
-0.245713
-0.269305
-0.282002
-0.285114
-0.280467
-0.269864
-0.254696
-0.235830
-0.213783
-0.189081
-0.162654
-0.136059
-0.111439
-0.091205
-0.077541
-0.071904
-0.074706
-0.085294
-0.102218
-0.123709
-0.148167
-0.174495
-0.202155
-0.230944
-0.260584
-0.290320
-0.318683
-0.343546
-0.362483
-0.373301
-0.374588
-0.366077
-0.348702
-0.324338
-0.295329
-0.263960
-0.232077
-0.200954
-0.171432
-0.144242
-0.120322
-0.100983
-0.087809
-0.082292
-0.085315
-0.096674
-0.114809
-0.136875
-0.159143
-0.177635
-0.188787
-0.189963
-0.179681
-0.157520
-0.123805
-0.079237
-0.024626
0.039152
0.110964
0.189101
0.270994
0.353129
0.431267
0.500954
0.558205
0.600165
0.625549
0.634745
0.629550
0.612661
0.587075
0.555618
0.520710
0.484399
0.448583
0.415252
0.386600
0.364892
0.352097
0.349393
0.356723
0.372576
0.394109
0.417591
0.439071
0.455059
0.463039
0.461672
0.450665
0.430416
0.401586
0.364792
0.320530
0.269347
0.212171
0.150628
0.087181
0.024992
-0.032503
-0.082177
-0.121782
-0.150317
-0.168073
-0.176358
-0.176990
-0.171768
-0.162079
-0.148783
-0.132391
-0.113425
-0.092809
-0.072093
-0.053416
-0.039183
-0.031570
-0.032029
-0.040968
-0.057725
-0.080846
-0.108555
-0.139245
-0.171815
-0.205719
-0.240748
-0.276619
-0.312570
-0.347126
-0.378155
-0.403222
-0.420131
-0.427463
-0.424944
-0.413502
-0.395009
-0.371800
-0.346157
-0.319918
-0.294351
-0.270295
-0.248473
-0.229817
-0.215635
-0.207504
-0.206912
-0.214738
-0.230771
-0.253448
-0.279920
-0.306453
-0.329063
-0.344184
-0.349177
-0.342554
-0.323891
-0.293510
-0.252108
-0.200493
-0.139538
-0.070372
0.005298
0.084905
0.164938
0.462778
0.380294
0.304589
0.238483
0.184870
0.146837
0.127240
0.127848
0.148378
0.185831
0.234450
0.286421
0.333177
0.366948
0.382090
0.375837
0.348267
0.301603
0.239147
0.164267
0.079807
-0.011926
-0.108660
-0.207456
-0.304167
-0.393408
-0.469126
-0.525678
-0.559051
-0.567823
-0.553510
-0.520162
-0.473324
-0.418722
-0.361089
-0.303522
-0.247521
-0.193639
-0.142411
-0.095159
-0.054328
-0.023199
-0.005063
-0.002201
-0.015039
-0.041840
-0.079074
-0.122336
-0.167498
-0.211677
-0.253672
-0.293715
-0.332669
-0.370982
-0.407827
-0.440784
-0.466201
-0.480133
-0.479523
-0.463204
-0.432356
-0.390261
-0.341453
-0.290578
-0.241378
-0.196146
-0.155814
-0.120575
-0.090725
-0.067342
-0.052462
-0.048627
-0.057935
-0.080922
-0.115710
-0.157766
-0.200418
-0.236009
-0.257337
-0.258950
-0.237907
-0.193831
-0.128328
-0.044072
0.056044
0.169357
0.293327
0.424977
0.560182
0.693196
0.816736
0.922729
1.003586
1.053638
1.070299
1.054569
1.010732
0.945358
0.865925
0.779519
0.691989
0.607724
0.530014
0.461680
0.405619
0.364921
0.342443
0.339958
0.357185
0.391130
0.436038
0.484098
0.526749
0.556223
0.566883
0.555964
0.523550
0.471870
0.404230
0.324003
0.234038
0.136648
0.034110
-0.070630
-0.173421
-0.268870
-0.350920
-0.413920
-0.453852
-0.469286
-0.461733
-0.435234
-0.395331
-0.347740
-0.297188
-0.246764
-0.197963
-0.151331
-0.107393
-0.067466
-0.033988
-0.010231
0.000519
-0.004010
-0.024237
-0.058418
-0.103016
-0.153618
-0.206089
-0.257540
-0.306760
-0.353977
-0.400045
-0.445406
-0.489225
-0.529076
-0.561299
-0.581944
-0.587946
-0.578132
-0.553676
-0.517853
-0.475192
-0.430331
-0.387007
-0.347507
-0.312759
-0.282948
-0.258367
-0.240086
-0.230138
-0.231060
-0.244945
-0.272324
-0.311315
-0.357381
-0.403847
-0.443051
-0.467787
-0.472600
-0.454547
-0.413247
-0.350303
-0.268388
-0.170391
-0.058973
0.063327
0.193533
0.327524
0.459553
0.582339
0.687808
0.768373
0.818367
0.835200
0.819875
0.776675
0.712169
0.633833
0.548754