-0.020695
0.049523
0.172966
0.311162
0.419684
0.465089
0.437658
0.355079
0.255664
0.183685
0.172442
0.231519
0.343103
0.468768
0.564137
0.595820
0.554150
0.456873
0.342358
0.254937
0.227970
0.271105
0.366590
0.476063
0.555212
0.570709
0.512954
0.399753
0.269540
0.166709
0.124680
0.153160
0.234455
0.330261
0.396318
0.399349
0.329805
0.205538
0.065025
-0.047299
-0.097976
-0.077265
-0.002830
0.087052
0.148145
0.147193
0.074659
-0.051589
-0.193070
-0.305343
-0.354950
-0.332156
-0.254630
-0.160665
-0.094511
-0.089444
-0.155025
-0.273415
-0.406161
-0.508858
-0.548087
-0.514152
-0.424767
-0.318271
-0.238964
-0.220175
-0.271518
-0.375209
-0.492855
-0.580110
-0.603615
-0.553737
-0.448254
-0.325566
-0.230039
-0.195065
-0.230322
-0.318089
-0.420037
-0.491882
-0.500324
-0.435792
-0.316119
-0.179764
-0.071144
-0.023705
-0.047172
-0.123874
-0.215522
-0.277874
-0.277669
-0.205367
-0.078834
0.063445
0.177028
0.228451
0.207973
0.133253
0.042573
-0.019830
-0.020695
0.049523
0.172966
0.311162
0.419684
0.465089
0.437658
0.355079
0.255664
0.183685
0.172442
0.231519
0.343103
0.468768
0.564137
0.595820
0.554150
0.456873
0.342358
0.254937
0.227970
0.271105
0.366590
0.476063
0.555212
0.570709
0.512954
0.399753
0.269540
0.166709
0.124680
0.153160
0.234455
0.330261
0.396318
0.399349
0.329805
0.205538
0.065025
-0.047299
-0.097976
-0.077265
-0.002830
0.087052
0.148145
0.147193
0.074659
-0.051589
-0.193070
-0.305343
-0.354950
-0.332156
-0.254630
-0.160665
-0.094511
-0.089444
-0.155025
-0.273415
-0.406161
-0.508858
-0.548087
-0.514152
-0.424767
-0.318271
-0.238964
-0.220175
-0.271518
-0.375209
-0.492855
-0.580110
-0.603615
-0.553737
-0.448254
-0.325566
-0.230039
-0.195065
-0.230322
-0.318089
-0.420037
-0.491882
-0.500324
-0.435792
-0.316119
-0.179764
-0.071144
-0.023705
-0.047172
-0.123874
-0.215522
-0.277874
-0.277669
-0.205367
-0.078834
0.063445
0.177028
0.228451
0.207973
0.133253
0.042573
-0.019830
0.939647
1.276231
1.351855
1.135642
0.707300
0.226689
-0.127226
-0.224716
-0.034817
0.362867
0.808596
1.123543
1.178133
0.941572
0.493647
-0.005703
-0.377440
-0.491765
-0.317646
0.065372
0.497611
0.800295
0.843898
0.597668
0.141432
-0.364839
-0.742080
-0.860469
-0.688961
-0.307086
0.125478
0.429957
0.476815
0.235290
-0.214811
-0.713541
-1.081866
-1.189997
-1.006930
-0.612242
-0.165660
0.153985
0.217099
-0.007146
-0.439009
-0.918618
-1.267010
-1.354480
-1.150101
-0.733537
-0.264600
0.077791
0.163951
-0.037037
-0.445527
-0.901736
-1.226795
-1.291090
-1.063787
-0.624640
-0.133549
0.230478
0.337673
0.157033
-0.231874
-0.669344
-0.976581
-1.024041
-0.780958
-0.327145
0.177436
0.553726
0.671908
0.500936
0.120341
-0.310208
-0.611941
-0.655337
-0.409644
0.045313
0.549569
0.924065
1.038991
0.863314
0.476584
0.038495
-0.272156
-0.325809
-0.091674
0.350469
0.840707
1.200037
1.298707
1.105750
0.700782
0.243571
-0.087011
-0.161327
0.051497
0.471764
0.939647
1.276231
1.351855
1.135642
0.707300
0.226689
-0.127226
-0.224716
-0.034817
0.362867
0.808596
1.123543
1.178133
0.941572
0.493647
-0.005703
-0.377440
-0.491765
-0.317646
0.065372
0.497611
0.800295
0.843898
0.597668
0.141432
-0.364839
-0.742080
-0.860469
-0.688961
-0.307086
0.125478
0.429957
0.476815
0.235290
-0.214811
-0.713541
-1.081866
-1.189997
-1.006930
-0.612242
-0.165660
0.153985
0.217099
-0.007146
-0.439009
-0.918618
-1.267010
-1.354480
-1.150101
-0.733537
-0.264600
0.077791
0.163951
-0.037037
-0.445527
-0.901736
-1.226795
-1.291090
-1.063787
-0.624640
-0.133549
0.230478
0.337673
0.157033
-0.231874
-0.669344
-0.976581
-1.024041
-0.780958
-0.327145
0.177436
0.553726
0.671908
0.500936
0.120341
-0.310208
-0.611941
-0.655337
-0.409644
0.045313
0.549569
0.924065
1.038991
0.863314
0.476584
0.038495
-0.272156
-0.325809
-0.091674
0.350469
0.840707
1.200037
1.298707
1.105750
0.700782
0.243571
-0.087011
-0.161327
0.051497
0.471764