-0.195105
-0.156647
-0.075154
0.027997
0.123186
0.183822
0.196463
0.165912
0.113344
0.068180
0.056815
0.092495
0.170227
0.268648
0.358158
0.412187
0.417319
0.378389
0.316603
0.261419
0.239271
0.263448
0.329001
0.414619
0.490748
0.530873
0.521634
0.467919
0.390996
0.320382
0.282570
0.290913
0.340524
0.410153
0.470311
0.494547
0.469561
0.400306
0.308108
0.222547
0.170174
0.164400
0.200393
0.256957
0.304655
0.317084
0.280992
0.201374
0.099600
0.005284
-0.054985
-0.067768
-0.037867
0.013546
0.057053
0.066268
0.027952
-0.052891
-0.154887
-0.248420
-0.306905
-0.316910
-0.283247
-0.227105
-0.177918
-0.162097
-0.192905
-0.265368
-0.358146
-0.441658
-0.489361
-0.487862
-0.442022
-0.373076
-0.310509
-0.280783
-0.297219
-0.354898
-0.432539
-0.500621
-0.532660
-0.515327
-0.453545
-0.368610
-0.290072
-0.244457
-0.245146
-0.287285
-0.349651
-0.402786
-0.420264
-0.388814
-0.313413
-0.215414
-0.124416
-0.066994
-0.056577
-0.088353
-0.141143
-0.185523
-0.195105
-0.156647
-0.075154
0.027997
0.123186
0.183822
0.196463
0.165912
0.113344
0.068180
0.056815
0.092495
0.170227
0.268648
0.358158
0.412187
0.417319
0.378389
0.316603
0.261419
0.239271
0.263448
0.329001
0.414619
0.490748
0.530873
0.521634
0.467919
0.390996
0.320382
0.282570
0.290913
0.340524
0.410153
0.470311
0.494547
0.469561
0.400306
0.308108
0.222547
0.170174
0.164400
0.200393
0.256957
0.304655
0.317084
0.280992
0.201374
0.099600
0.005284
-0.054985
-0.067768
-0.037867
0.013546
0.057053
0.066268
0.027952
-0.052891
-0.154887
-0.248420
-0.306905
-0.316910
-0.283247
-0.227105
-0.177918
-0.162097
-0.192905
-0.265368
-0.358146
-0.441658
-0.489361
-0.487862
-0.442022
-0.373076
-0.310509
-0.280783
-0.297219
-0.354898
-0.432539
-0.500621
-0.532660
-0.515327
-0.453545
-0.368610
-0.290072
-0.244457
-0.245146
-0.287285
-0.349651
-0.402786
-0.420264
-0.388814
-0.313413
-0.215414
-0.124416
-0.066994
-0.056577
-0.088353
-0.141143
-0.185523
0.557975
0.120735
-0.118926
-0.076056
0.225448
0.661992
1.057529
1.250838
1.157147
0.800556
0.304876
-0.153612
-0.413440
-0.389573
-0.105835
0.314250
0.694700
0.874354
0.768495
0.401269
-0.103470
-0.569406
-0.835041
-0.815317
-0.534041
-0.114729
0.266641
0.448905
0.347334
-0.013941
-0.511091
-0.967828
-1.222692
-1.190668
-0.895611
-0.461090
-0.063144
0.136997
0.054534
-0.286477
-0.762288
-1.196695
-1.428325
-1.372255
-1.052436
-0.592534
-0.168689
0.057769
0.001935
-0.312240
-0.761112
-1.168586
-1.373393
-1.290718
-0.944615
-0.458854
-0.009678
0.241482
0.209627
-0.081389
-0.508014
-0.894239
-1.078880
-0.977201
-0.613332
-0.111112
0.353151
0.617966
0.598279
0.317898
-0.099667
-0.478444
-0.657279
-0.551457
-0.185125
0.317867
0.781210
1.043415
1.019440
0.733108
0.307953
-0.080022
-0.269628
-0.176106
0.176444
0.664228
1.110995
1.355323
1.312240
1.005644
0.559150
0.148844
-0.063995
0.005481
0.333269
0.795672
1.216539
1.434551
1.364839
1.031407
0.557975
0.120735
-0.118926
-0.076056
0.225448
0.661992
1.057529
1.250838
1.157147
0.800556
0.304876
-0.153612
-0.413440
-0.389573
-0.105835
0.314250
0.694700
0.874354
0.768495
0.401269
-0.103470
-0.569406
-0.835041
-0.815317
-0.534041
-0.114729
0.266641
0.448905
0.347334
-0.013941
-0.511091
-0.967828
-1.222692
-1.190668
-0.895611
-0.461090
-0.063144
0.136997
0.054534
-0.286477
-0.762288
-1.196695
-1.428325
-1.372255
-1.052436
-0.592534
-0.168689
0.057769
0.001935
-0.312240
-0.761112
-1.168586
-1.373393
-1.290718
-0.944615
-0.458854
-0.009678
0.241482
0.209627
-0.081389
-0.508014
-0.894239
-1.078880
-0.977201
-0.613332
-0.111112
0.353151
0.617966
0.598279
0.317898
-0.099667
-0.478444
-0.657279
-0.551457
-0.185125
0.317867
0.781210
1.043415
1.019440
0.733108
0.307953
-0.080022
-0.269628
-0.176106
0.176444
0.664228
1.110995
1.355323
1.312240
1.005644
0.559150
0.148844
-0.063995
0.005481
0.333269
0.795672
1.216539
1.434551
1.364839
1.031407