-0.059351
-0.124511
-0.168546
-0.165026
-0.105618
-0.003309
0.112517
0.207267
0.254308
0.245109
0.192459
0.125544
0.078767
0.078569
0.133298
0.229985
0.339269
0.426581
0.465319
0.446984
0.384401
0.306796
0.248614
0.236341
0.278371
0.361787
0.457280
0.530335
0.554407
0.521054
0.443161
0.350014
0.276119
0.248025
0.274188
0.341753
0.421474
0.478899
0.487543
0.439027
0.346294
0.238690
0.150777
0.109159
0.122346
0.177535
0.245528
0.291919
0.290268
0.232235
0.130800
0.015345
-0.079537
-0.127215
-0.119155
-0.068140
-0.003352
0.040816
0.037933
-0.020336
-0.121009
-0.234709
-0.326850
-0.370810
-0.358071
-0.301435
-0.230104
-0.178498
-0.173078
-0.222211
-0.312951
-0.415961
-0.496697
-0.528582
-0.503144
-0.433237
-0.348115
-0.282252
-0.262166
-0.296281
-0.371711
-0.459179
-0.524202
-0.540266
-0.498961
-0.413203
-0.312309
-0.230816
-0.195302
-0.214254
-0.274845
-0.347855
-0.398859
-0.401400
-0.347119
-0.248985
-0.136363
-0.043837
0.001973
-0.007461
-0.059351
-0.124511
-0.168546
-0.165026
-0.105618
-0.003309
0.112517
0.207267
0.254308
0.245109
0.192459
0.125544
0.078767
0.078569
0.133298
0.229985
0.339269
0.426581
0.465319
0.446984
0.384401
0.306796
0.248614
0.236341
0.278371
0.361787
0.457280
0.530335
0.554407
0.521054
0.443161
0.350014
0.276119
0.248025
0.274188
0.341753
0.421474
0.478899
0.487543
0.439027
0.346294
0.238690
0.150777
0.109159
0.122346
0.177535
0.245528
0.291919
0.290268
0.232235
0.130800
0.015345
-0.079537
-0.127215
-0.119155
-0.068140
-0.003352
0.040816
0.037933
-0.020336
-0.121009
-0.234709
-0.326850
-0.370810
-0.358071
-0.301435
-0.230104
-0.178498
-0.173078
-0.222211
-0.312951
-0.415961
-0.496697
-0.528582
-0.503144
-0.433237
-0.348115
-0.282252
-0.262166
-0.296281
-0.371711
-0.459179
-0.524202
-0.540266
-0.498961
-0.413203
-0.312309
-0.230816
-0.195302
-0.214254
-0.274845
-0.347855
-0.398859
-0.401400
-0.347119
-0.248985
-0.136363
-0.043837
0.001973
-0.007461
0.437662
0.149811
0.049175
0.167409
0.451628
0.784641
1.029746
1.082980
0.912877
0.572525
0.179337
-0.129747
-0.250512
-0.151226
0.115304
0.431955
0.662089
0.701805
0.519687
0.168871
-0.233187
-0.549512
-0.675863
-0.580484
-0.316166
-0.000025
0.231304
0.273914
0.096380
-0.248181
-0.642339
-0.949149
-1.064408
-0.956403
-0.677976
-0.346298
-0.098065
-0.037251
-0.195354
-0.519332
-0.891837
-1.176010
-1.267736
-1.135395
-0.831927
-0.474599
-0.200211
-0.112838
-0.244083
-0.541012
-0.886382
-1.143441
-1.208182
-1.049091
-0.719214
-0.335921
-0.036116
0.076027
-0.031195
-0.304939
-0.628057
-0.863883
-0.908494
-0.730457
-0.382890
0.016765
0.331540
0.457202
0.361996
0.098714
-0.215533
-0.444117
-0.483143
-0.301199
0.048581
0.448745
0.762326
0.885092
0.785302
0.515767
0.193619
-0.044480
-0.094598
0.074720
0.410391
0.795018
1.091695
1.196258
1.077037
0.786918
0.443117
0.182380
0.108729
0.253713
0.564341
0.923319
1.193840
1.271845
1.125766
0.808598
0.437662
0.149811
0.049175
0.167409
0.451628
0.784641
1.029746
1.082980
0.912877
0.572525
0.179337
-0.129747
-0.250512
-0.151226
0.115304
0.431955
0.662089
0.701805
0.519687
0.168871
-0.233187
-0.549512
-0.675863
-0.580484
-0.316166
-0.000025
0.231304
0.273914
0.096380
-0.248181
-0.642339
-0.949149
-1.064408
-0.956403
-0.677976
-0.346298
-0.098065
-0.037251
-0.195354
-0.519332
-0.891837
-1.176010
-1.267736
-1.135395
-0.831927
-0.474599
-0.200211
-0.112838
-0.244083
-0.541012
-0.886382
-1.143441
-1.208182
-1.049091
-0.719214
-0.335921
-0.036116
0.076027
-0.031195
-0.304939
-0.628057
-0.863883
-0.908494
-0.730457
-0.382890
0.016765
0.331540
0.457202
0.361996
0.098714
-0.215533
-0.444117
-0.483143
-0.301199
0.048581
0.448745
0.762326
0.885092
0.785302
0.515767
0.193619
-0.044480
-0.094598
0.074720
0.410391
0.795018
1.091695
1.196258
1.077037
0.786918
0.443117
0.182380
0.108729
0.253713
0.564341
0.923319
1.193840
1.271845
1.125766
0.808598