0.006541
-0.051192
-0.118496
-0.160124
-0.150560
-0.083800
0.024313
0.142103
0.234124
0.274661
0.257512
0.198325
0.128581
0.083539
0.088727
0.150167
0.252036
0.362684
0.446692
0.478377
0.451572
0.381963
0.301074
0.244204
0.236931
0.285325
0.373614
0.470203
0.539728
0.556561
0.514597
0.429581
0.333095
0.260503
0.237443
0.270048
0.342609
0.423592
0.477694
0.479351
0.422514
0.322988
0.212414
0.126210
0.090068
0.110172
0.170864
0.240654
0.284287
0.276237
0.210495
0.102901
-0.014873
-0.107380
-0.148903
-0.133236
-0.076022
-0.008734
0.033380
0.024802
-0.040476
-0.146616
-0.261950
-0.351043
-0.388190
-0.367203
-0.303745
-0.229315
-0.179188
-0.178914
-0.234536
-0.330254
-0.434443
-0.511708
-0.536394
-0.502361
-0.425323
-0.336834
-0.272223
-0.257099
-0.297562
-0.377872
-0.466464
-0.528007
-0.536906
-0.487084
-0.394318
-0.290223
-0.210190
-0.179888
-0.205478
-0.271279
-0.345783
-0.393714
-0.389530
-0.327208
-0.222573
-0.107285
-0.016782
0.023226
0.006541
-0.051192
-0.118496
-0.160124
-0.150560
-0.083800
0.024313
0.142103
0.234124
0.274661
0.257512
0.198325
0.128581
0.083539
0.088727
0.150167
0.252036
0.362684
0.446692
0.478377
0.451572
0.381963
0.301074
0.244204
0.236931
0.285325
0.373614
0.470203
0.539728
0.556561
0.514597
0.429581
0.333095
0.260503
0.237443
0.270048
0.342609
0.423592
0.477694
0.479351
0.422514
0.322988
0.212414
0.126210
0.090068
0.110172
0.170864
0.240654
0.284287
0.276237
0.210495
0.102901
-0.014873
-0.107380
-0.148903
-0.133236
-0.076022
-0.008734
0.033380
0.024802
-0.040476
-0.146616
-0.261950
-0.351043
-0.388190
-0.367203
-0.303745
-0.229315
-0.179188
-0.178914
-0.234536
-0.330254
-0.434443
-0.511708
-0.536394
-0.502361
-0.425323
-0.336834
-0.272223
-0.257099
-0.297562
-0.377872
-0.466464
-0.528007
-0.536906
-0.487084
-0.394318
-0.290223
-0.210190
-0.179888
-0.205478
-0.271279
-0.345783
-0.393714
-0.389530
-0.327208
-0.222573
-0.107285
-0.016782
0.023226
0.433819
0.199490
0.132981
0.252923
0.505788
0.786375
0.978018
0.997194
0.825460
0.516545
0.175876
-0.079649
-0.166251
-0.065223
0.169986
0.434240
0.610941
0.616623
0.432897
0.113540
-0.235982
-0.498733
-0.590907
-0.493776
-0.260773
0.002976
0.180874
0.189449
0.010303
-0.302806
-0.644437
-0.897686
-0.978783
-0.869044
-0.621952
-0.342689
-0.147913
-0.121161
-0.280906
-0.573464
-0.893476
-1.124122
-1.181724
-1.047688
-0.775594
-0.470723
-0.249834
-0.196566
-0.329497
-0.595050
-0.887972
-1.091550
-1.122212
-0.961471
-0.663013
-0.332221
-0.085958
-0.007963
-0.116912
-0.359321
-0.630029
-0.812412
-0.822980
-0.643326
-0.327210
0.019914
0.281119
0.372608
0.275651
0.043684
-0.218172
-0.393328
-0.398323
-0.214772
0.103548
0.451178
0.711187
0.799781
0.698245
0.460031
0.190284
0.005625
-0.010447
0.160496
0.464728
0.796843
1.039974
1.110392
0.989454
0.730688
0.439322
0.232061
0.192493
0.339139
0.618370
0.924877
1.141894
1.185797
1.038045
0.752275
0.433819
0.199490
0.132981
0.252923
0.505788
0.786375
0.978018
0.997194
0.825460
0.516545
0.175876
-0.079649
-0.166251
-0.065223
0.169986
0.434240
0.610941
0.616623
0.432897
0.113540
-0.235982
-0.498733
-0.590907
-0.493776
-0.260773
0.002976
0.180874
0.189449
0.010303
-0.302806
-0.644437
-0.897686
-0.978783
-0.869044
-0.621952
-0.342689
-0.147913
-0.121161
-0.280906
-0.573464
-0.893476
-1.124122
-1.181724
-1.047688
-0.775594
-0.470723
-0.249834
-0.196566
-0.329497
-0.595050
-0.887972
-1.091550
-1.122212
-0.961471
-0.663013
-0.332221
-0.085958
-0.007963
-0.116912
-0.359321
-0.630029
-0.812412
-0.822980
-0.643326
-0.327210
0.019914
0.281119
0.372608
0.275651
0.043684
-0.218172
-0.393328
-0.398323
-0.214772
0.103548
0.451178
0.711187
0.799781
0.698245
0.460031
0.190284
0.005625
-0.010447
0.160496
0.464728
0.796843
1.039974
1.110392
0.989454
0.730688
0.439322
0.232061
0.192493
0.339139
0.618370
0.924877
1.141894
1.185797
1.038045
0.752275