0.748830
0.612040
0.385370
0.161306
0.030747
0.048265
0.211241
0.460848
0.704509
0.851247
0.846428
0.692621
0.448616
0.206966
0.058643
0.058285
0.203346
0.435069
0.660948
0.790076
0.767889
0.597023
0.336336
0.078448
-0.085607
-0.101126
0.029402
0.247278
0.460052
0.576868
0.543210
0.361760
0.091417
-0.175160
-0.346903
-0.369079
-0.244151
-0.030794
0.178557
0.293062
0.258212
0.076695
-0.192590
-0.456987
-0.625439
-0.643225
-0.512824
-0.292935
-0.076016
0.047061
0.021754
-0.149287
-0.407203
-0.659386
-0.814824
-0.818849
-0.673994
-0.439014
-0.206428
-0.067170
-0.075845
-0.229868
-0.470449
-0.705047
-0.842720
-0.828869
-0.666099
-0.413235
-0.162868
-0.005999
0.002695
-0.134270
-0.358169
-0.576528
-0.698470
-0.669457
-0.492155
-0.225445
0.038028
0.207209
0.227373
0.100993
-0.113251
-0.322921
-0.437174
-0.401504
-0.218602
0.052628
0.319523
0.491015
0.512372
0.386058
0.170756
-0.041093
-0.158638
-0.127359
0.050071
0.314768
0.574096
0.737016
0.748830
0.612040
0.385370
0.161306
0.030747
0.048265
0.211241
0.460848
0.704509
0.851247
0.846428
0.692621
0.448616
0.206966
0.058643
0.058285
0.203346
0.435069
0.660948
0.790076
0.767889
0.597023
0.336336
0.078448
-0.085607
-0.101126
0.029402
0.247278
0.460052
0.576868
0.543210
0.361760
0.091417
-0.175160
-0.346903
-0.369079
-0.244151
-0.030794
0.178557
0.293062
0.258212
0.076695
-0.192590
-0.456987
-0.625439
-0.643225
-0.512824
-0.292935
-0.076016
0.047061
0.021754
-0.149287
-0.407203
-0.659386
-0.814824
-0.818849
-0.673994
-0.439014
-0.206428
-0.067170
-0.075845
-0.229868
-0.470449
-0.705047
-0.842720
-0.828869
-0.666099
-0.413235
-0.162868
-0.005999
0.002695
-0.134270
-0.358169
-0.576528
-0.698470
-0.669457
-0.492155
-0.225445
0.038028
0.207209
0.227373
0.100993
-0.113251
-0.322921
-0.437174
-0.401504
-0.218602
0.052628
0.319523
0.491015
0.512372
0.386058
0.170756
-0.041093
-0.158638
-0.127359
0.050071
0.314768
0.574096
0.737016
0.084336
0.087065
0.247641
0.507303
0.768678
0.932968
0.937679
0.780500
0.520176
0.254085
0.081043
0.063576
0.204050
0.443782
0.685478
0.830416
0.816181
0.640534
0.362296
0.078913
-0.110729
-0.144039
-0.018589
0.206998
0.435482
0.568196
0.542772
0.357015
0.069785
-0.221435
-0.417729
-0.456479
-0.335236
-0.112607
0.114182
0.246468
0.221885
0.038236
-0.245628
-0.532237
-0.722693
-0.754402
-0.624942
-0.392953
-0.155698
-0.011880
-0.023912
-0.194039
-0.463465
-0.734777
-0.909136
-0.924012
-0.777050
-0.526958
-0.271072
-0.108168
-0.100732
-0.251090
-0.500521
-0.751691
-0.905842
-0.900524
-0.733460
-0.463437
-0.187871
-0.005616
0.020766
-0.111125
-0.342641
-0.576520
-0.714071
-0.692908
-0.510820
-0.226653
0.062124
0.256604
0.294175
0.172394
-0.050130
-0.276172
-0.407071
-0.380469
-0.194173
0.092952
0.383425
0.578332
0.615062
0.491173
0.265283
0.034630
-0.102107
-0.082545
0.095533
0.373298
0.653304
0.836680
0.860859
0.723449
0.483120
0.237170
0.084336
0.087065
0.247641
0.507303
0.768678
0.932968
0.937679
0.780500
0.520176
0.254085
0.081043
0.063576
0.204050
0.443782
0.685478
0.830416
0.816181
0.640534
0.362296
0.078913
-0.110729
-0.144039
-0.018589
0.206998
0.435482
0.568196
0.542772
0.357015
0.069785
-0.221435
-0.417729
-0.456479
-0.335236
-0.112607
0.114182
0.246468
0.221885
0.038236
-0.245628
-0.532237
-0.722693
-0.754402
-0.624942
-0.392953
-0.155698
-0.011880
-0.023912
-0.194039
-0.463465
-0.734777
-0.909136
-0.924012
-0.777050
-0.526958
-0.271072
-0.108168
-0.100732
-0.251090
-0.500521
-0.751691
-0.905842
-0.900524
-0.733460
-0.463437
-0.187871
-0.005616
0.020766
-0.111125
-0.342641
-0.576520
-0.714071
-0.692908
-0.510820
-0.226653
0.062124
0.256604
0.294175
0.172394
-0.050130
-0.276172
-0.407071
-0.380469
-0.194173
0.092952
0.383425
0.578332
0.615062
0.491173
0.265283
0.034630
-0.102107
-0.082545
0.095533
0.373298
0.653304
0.836680
0.860859
0.723449
0.483120
0.237170