0.678449
0.688679
0.565888
0.363557
0.165006
0.051550
0.071416
0.221302
0.447622
0.666960
0.797919
0.792204
0.653062
0.434034
0.218509
0.087868
0.090405
0.222887
0.431797
0.633787
0.747530
0.724797
0.568903
0.333455
0.101908
-0.044296
-0.056800
0.061222
0.256310
0.445171
0.546528
0.512204
0.345557
0.100238
-0.140261
-0.294459
-0.313971
-0.201942
-0.011809
0.173156
0.271691
0.235629
0.068335
-0.176536
-0.415495
-0.567068
-0.582878
-0.466086
-0.270147
-0.078357
0.027996
0.000713
-0.156874
-0.391150
-0.618667
-0.757995
-0.760807
-0.630315
-0.420028
-0.213299
-0.091474
-0.102813
-0.244048
-0.461627
-0.672170
-0.794313
-0.779796
-0.631900
-0.404203
-0.180126
-0.041084
-0.035406
-0.159889
-0.361049
-0.555568
-0.662149
-0.632591
-0.470235
-0.228716
0.008490
0.159917
0.177187
0.063457
-0.127832
-0.313400
-0.411986
-0.375420
-0.207071
0.039402
0.280505
0.434754
0.453763
0.340679
0.148943
-0.038165
-0.139377
-0.106513
0.057072
0.297740
0.532018
0.678449
0.688679
0.565888
0.363557
0.165006
0.051550
0.071416
0.221302
0.447622
0.666960
0.797919
0.792204
0.653062
0.434034
0.218509
0.087868
0.090405
0.222887
0.431797
0.633787
0.747530
0.724797
0.568903
0.333455
0.101908
-0.044296
-0.056800
0.061222
0.256310
0.445171
0.546528
0.512204
0.345557
0.100238
-0.140261
-0.294459
-0.313971
-0.201942
-0.011809
0.173156
0.271691
0.235629
0.068335
-0.176536
-0.415495
-0.567068
-0.582878
-0.466086
-0.270147
-0.078357
0.027996
0.000713
-0.156874
-0.391150
-0.618667
-0.757995
-0.760807
-0.630315
-0.420028
-0.213299
-0.091474
-0.102813
-0.244048
-0.461627
-0.672170
-0.794313
-0.779796
-0.631900
-0.404203
-0.180126
-0.041084
-0.035406
-0.159889
-0.361049
-0.555568
-0.662149
-0.632591
-0.470235
-0.228716
0.008490
0.159917
0.177187
0.063457
-0.127832
-0.313400
-0.411986
-0.375420
-0.207071
0.039402
0.280505
0.434754
0.453763
0.340679
0.148943
-0.038165
-0.139377
-0.106513
0.057072
0.297740
0.532018
0.075592
0.227557
0.493237
0.772783
0.960249
0.984059
0.834349
0.566732
0.281067
0.083323
0.045116
0.176367
0.421537
0.680854
0.848454
0.852841
0.684224
0.398293
0.094979
-0.119680
-0.174001
-0.057999
0.172847
0.418822
0.574113
0.567274
0.388559
0.093696
-0.217348
-0.438504
-0.498064
-0.386021
-0.157841
0.086773
0.242015
0.236436
0.060287
-0.230713
-0.536615
-0.751369
-0.803292
-0.682407
-0.444216
-0.188460
-0.020991
-0.013303
-0.175201
-0.451021
-0.740873
-0.938770
-0.973098
-0.833947
-0.576892
-0.301748
-0.114444
-0.086553
-0.227959
-0.483078
-0.752102
-0.929128
-0.942622
-0.782758
-0.505191
-0.209819
-0.002650
0.044665
-0.077833
-0.314638
-0.566013
-0.726125
-0.723505
-0.548392
-0.256501
0.052213
0.271691
0.330232
0.217832
-0.010041
-0.253687
-0.407301
-0.399442
-0.220369
0.074187
0.384262
0.603790
0.661070
0.546103
0.314368
0.065580
-0.094436
-0.094214
0.076017
0.360562
0.659495
0.866795
0.910809
0.781592
0.534676
0.269838
0.092966
0.075592
0.227557
0.493237
0.772783
0.960249
0.984059
0.834349
0.566732
0.281067
0.083323
0.045116
0.176367
0.421537
0.680854
0.848454
0.852841
0.684224
0.398293
0.094979
-0.119680
-0.174001
-0.057999
0.172847
0.418822
0.574113
0.567274
0.388559
0.093696
-0.217348
-0.438504
-0.498064
-0.386021
-0.157841
0.086773
0.242015
0.236436
0.060287
-0.230713
-0.536615
-0.751369
-0.803292
-0.682407
-0.444216
-0.188460
-0.020991
-0.013303
-0.175201
-0.451021
-0.740873
-0.938770
-0.973098
-0.833947
-0.576892
-0.301748
-0.114444
-0.086553
-0.227959
-0.483078
-0.752102
-0.929128
-0.942622
-0.782758
-0.505191
-0.209819
-0.002650
0.044665
-0.077833
-0.314638
-0.566013
-0.726125
-0.723505
-0.548392
-0.256501
0.052213
0.271691
0.330232
0.217832
-0.010041
-0.253687
-0.407301
-0.399442
-0.220369
0.074187
0.384262
0.603790
0.661070
0.546103
0.314368
0.065580
-0.094436
-0.094214
0.076017
0.360562
0.659495
0.866795
0.910809
0.781592
0.534676
0.269838
0.092966