-0.264007
-0.257734
-0.247044
-0.231562
-0.211014
-0.185089
-0.153413
-0.115660
-0.071773
-0.022198
0.031944
0.088855
0.146224
0.201552
0.252515
0.297284
0.334706
0.364292
0.386069
0.400337
0.407463
0.407772
0.401579
0.389333
0.371793
0.350148
0.326002
0.301205
0.277555
0.256475
0.238755
0.224447
0.212953
0.203262
0.194256
0.184983
0.174814
0.163428
0.150681
0.136406
0.120260
0.101681
0.080005
0.054682
0.025539
-0.007033
-0.042032
-0.077972
-0.113149
-0.145963
-0.175192
-0.200122
-0.220520
-0.236456
-0.248075
-0.255395
-0.258240
-0.256313
-0.249402
-0.237614
-0.221564
-0.202418
-0.181771
-0.161387
-0.142887
-0.127492
-0.115889
-0.108276
-0.104534
-0.104461
-0.107971
-0.115159
-0.126225
-0.141274
-0.160081
-0.181914
-0.205498
-0.229158
-0.251090
-0.269689
-0.283826
-0.292982
-0.297218
-0.296985
-0.292883
-0.285440
-0.275009
-0.261809
-0.246079
-0.228278
-0.209217
-0.190065
-0.172187
-0.156869
-0.144997
-0.136809
-0.131804
-0.128831
-0.126336
-0.122690
-0.116468
-0.106627
-0.092519
-0.073771
-0.050112
-0.021235
0.013231
0.053609
0.099955
0.151818
0.208078
0.266932
0.326069
0.382987
0.435361
0.481361
0.519831
0.550285
0.572744
0.587511
0.594950
0.595388
0.589139
0.576652
0.558685
0.536429
0.511489
0.485714
0.460905
0.438484
0.419243
0.403237
0.389868
0.378128
0.366899
0.355235
0.342505
0.328393
0.312758
0.295434
0.276082
0.254144
0.228958
0.199979
0.167035
0.130523
0.091448
0.051301
0.011790
-0.025483
-0.059289
-0.088910
-0.114109
-0.134952
-0.151577
-0.163999
-0.172036
-0.175386
-0.173832
-0.167475
-0.156925
-0.143344
-0.128320
-0.113611
-0.100834
-0.091203
-0.085400
-0.083617
-0.085729
-0.091529
-0.100925
-0.114005
-0.130965
-0.151903
-0.176589
-0.204284
-0.233708
-0.263181
-0.290891
-0.315230
-0.335061
-0.349862
-0.359685
-0.364978
-0.366336
-0.364279
-0.359157
-0.351183
-0.340591
-0.327834
-0.313719
-0.299410
-0.286267
-0.275571
-0.268204
-0.264400
-0.263653
-0.264807
-0.266306
-0.266515
0.306935
0.260020
0.232569
0.225613
0.236681
0.259991
0.287597
0.311157
0.323749
0.321170
0.302327
0.268671
0.222957
0.167869
0.105034
0.034813
-0.043113
-0.128620
-0.220008
-0.313371
-0.402796
-0.481410
-0.542944
-0.583281
-0.601427
-0.599576
-0.582220
-0.554643
-0.521341
-0.484924
-0.445871
-0.403191
-0.355676
-0.303236
-0.247765
-0.193178
-0.144597
-0.106968
-0.083642
-0.075462
-0.080685
-0.095792
-0.116854
-0.140936
-0.167008
-0.195998
-0.229977
-0.270793
-0.318684
-0.371421
-0.424342
-0.471303
-0.506215
-0.524651
-0.524942
-0.508399
-0.478616
-0.440148
-0.397073
-0.351995
-0.305823
-0.258378
-0.209525
-0.160316
-0.113626
-0.073954
-0.046373
-0.034975
-0.041346
-0.063637
-0.096591
-0.132547
-0.163111
-0.180931
-0.181021
-0.161227
-0.121799
-0.064323
0.009479
0.098548
0.202556
0.321214
0.453118
0.594655
0.739476
0.878878
1.003073
1.103009
1.172174
1.207816
1.211183
1.186763
1.140807
1.079695
1.008679
0.931417
0.850333
0.767545
0.685866
0.609359
0.543132
0.492354
0.460810
0.449537
0.456067
0.474621
0.497261
0.515647
0.522863
0.514712
0.490106
0.450501
0.398660
0.337270
0.267967
0.191117
0.106407
0.013970
-0.084491
-0.185059
-0.281816
-0.367882
-0.436980
-0.484984
-0.510895
-0.516899
-0.507479
-0.487912
-0.462686
-0.434402
-0.403532
-0.369077
-0.329821
-0.285666
-0.238497
-0.192221
-0.151952
-0.122627
-0.107590
-0.107675
-0.121132
-0.144434
-0.173641
-0.205813
-0.239911
-0.276854
-0.318707
-0.367310
-0.422892
-0.483217
-0.543616
-0.597937
-0.640084
-0.665624
-0.672879
-0.663154
-0.640037
-0.608074
-0.571340
-0.532430
-0.492248
-0.450610
-0.407374
-0.363585
-0.322116
-0.287459
-0.264683
-0.257874
-0.268614
-0.295049
-0.331919
-0.371559
-0.405571
-0.426600
-0.429656
-0.412583
-0.375628
-0.320374
-0.248542
-0.161188
-0.058639
0.058818
0.189780
0.330635
0.475034
0.614276
0.738571
0.838868
0.908656
0.945180
0.949689
0.926668
0.882369
0.823167
0.754316
0.679469
0.601049
0.521172
0.442645
0.369531