-0.047102
0.056653
0.205114
0.348813
0.439810
0.449976
0.381716
0.267020
0.155222
0.094138
0.111776
0.205624
0.343590
0.476248
0.555700
0.553866
0.473194
0.345725
0.220844
0.146418
0.150507
0.230654
0.354820
0.473634
0.539252
0.523648
0.429327
0.288381
0.150250
0.062851
0.054299
0.122183
0.234515
0.341969
0.396748
0.370867
0.266871
0.116891
-0.029596
-0.124642
-0.140101
-0.078357
0.028627
0.131546
0.182619
0.153878
0.047878
-0.103241
-0.250000
-0.344446
-0.358439
-0.294366
-0.184201
-0.077262
-0.021344
-0.044436
-0.144004
-0.287933
-0.426773
-0.512603
-0.517316
-0.443336
-0.322677
-0.204697
-0.137235
-0.148325
-0.235481
-0.366638
-0.492395
-0.564883
-0.556048
-0.468367
-0.333907
-0.202083
-0.120787
-0.118108
-0.191614
-0.309294
-0.421801
-0.481317
-0.459839
-0.359896
-0.213602
-0.070419
0.021718
0.034674
-0.029158
-0.137804
-0.241954
-0.293824
-0.265439
-0.159356
-0.007715
0.140005
0.235846
0.251663
0.189835
0.082328
-0.021551
-0.074019
-0.047102
0.056653
0.205114
0.348813
0.439810
0.449976
0.381716
0.267020
0.155222
0.094138
0.111776
0.205624
0.343590
0.476248
0.555700
0.553866
0.473194
0.345725
0.220844
0.146418
0.150507
0.230654
0.354820
0.473634
0.539252
0.523648
0.429327
0.288381
0.150250
0.062851
0.054299
0.122183
0.234515
0.341969
0.396748
0.370867
0.266871
0.116891
-0.029596
-0.124642
-0.140101
-0.078357
0.028627
0.131546
0.182619
0.153878
0.047878
-0.103241
-0.250000
-0.344446
-0.358439
-0.294366
-0.184201
-0.077262
-0.021344
-0.044436
-0.144004
-0.287933
-0.426773
-0.512603
-0.517316
-0.443336
-0.322677
-0.204697
-0.137235
-0.148325
-0.235481
-0.366638
-0.492395
-0.564883
-0.556048
-0.468367
-0.333907
-0.202083
-0.120787
-0.118108
-0.191614
-0.309294
-0.421801
-0.481317
-0.459839
-0.359896
-0.213602
-0.070419
0.021718
0.034674
-0.029158
-0.137804
-0.241954
-0.293824
-0.265439
-0.159356
-0.007715
0.140005
0.235846
0.251663
0.189835
0.082328
-0.021551
-0.074019
0.223357
0.273532
0.410926
0.584041
0.726971
0.784580
0.733564
0.591354
0.409469
0.253847
0.179674
0.210322
0.328439
0.482601
0.606979
0.646510
0.577960
0.418831
0.220707
0.049591
-0.039269
-0.022445
0.082767
0.224994
0.338453
0.368126
0.290816
0.124060
-0.080528
-0.256918
-0.349844
-0.335859
-0.232250
-0.090382
0.023963
0.055761
-0.018189
-0.180367
-0.379174
-0.548606
-0.633421
-0.610207
-0.496286
-0.343065
-0.216369
-0.171271
-0.231026
-0.378168
-0.561159
-0.714057
-0.781685
-0.740698
-0.608490
-0.436538
-0.290743
-0.226252
-0.266398
-0.393791
-0.556971
-0.690074
-0.738002
-0.677489
-0.526002
-0.335098
-0.170751
-0.088182
-0.110794
-0.221267
-0.368209
-0.485818
-0.519059
-0.444722
-0.280331
-0.077492
0.097774
0.190202
0.176351
0.073504
-0.066974
-0.179309
-0.208484
-0.131308
0.034686
0.237884
0.412265
0.502567
0.485356
0.377930
0.231672
0.112379
0.075093
0.143041
0.298723
0.490567
0.652596
0.729599
0.698192
0.575732
0.413657
0.277830
0.223357
0.273532
0.410926
0.584041
0.726971
0.784580
0.733564
0.591354
0.409469
0.253847
0.179674
0.210322
0.328439
0.482601
0.606979
0.646510
0.577960
0.418831
0.220707
0.049591
-0.039269
-0.022445
0.082767
0.224994
0.338453
0.368126
0.290816
0.124060
-0.080528
-0.256918
-0.349844
-0.335859
-0.232250
-0.090382
0.023963
0.055761
-0.018189
-0.180367
-0.379174
-0.548606
-0.633421
-0.610207
-0.496286
-0.343065
-0.216369
-0.171271
-0.231026
-0.378168
-0.561159
-0.714057
-0.781685
-0.740698
-0.608490
-0.436538
-0.290743
-0.226252
-0.266398
-0.393791
-0.556971
-0.690074
-0.738002
-0.677489
-0.526002
-0.335098
-0.170751
-0.088182
-0.110794
-0.221267
-0.368209
-0.485818
-0.519059
-0.444722
-0.280331
-0.077492
0.097774
0.190202
0.176351
0.073504
-0.066974
-0.179309
-0.208484
-0.131308
0.034686
0.237884
0.412265
0.502567
0.485356
0.377930
0.231672
0.112379
0.075093
0.143041
0.298723
0.490567
0.652596
0.729599
0.698192
0.575732
0.413657
0.277830