-0.006859
-0.008549
-0.011372
-0.013331
-0.010806
-0.009960
-0.012020
-0.012693
-0.012615
-0.010324
-0.009461
-0.007805
-0.007086
-0.005513
-0.004531
-0.003186
-0.003969
-0.007059
-0.007194
-0.006272
-0.002541
-0.001136
0.005354
0.004789
-0.003709
0.004624
0.006716
-0.005100
-0.008308
-0.004002
0.003897
0.002085
-0.001178
0.010166
0.024354
0.015090
-0.005200
-0.012261
-0.013777
-0.019391
-0.012419
-0.001436
0.000112
0.029698
0.027266
0.002912
0.001063
-0.028132
-0.031250
-0.006881
-0.047479
-0.047692
0.025694
0.027603
-0.026268
-0.060488
-0.053553
-0.005213
-0.053218
-0.111219
-0.043140
0.000305
-0.013455
-0.021494
-0.017382
0.016241
-0.015911
-0.073866
-0.054197
-0.024648
0.004076
0.020231
0.032274
0.053064
0.059712
0.036290
0.024137
0.037425
0.026582
-0.004800
-0.008599
0.016461
0.034761
0.025632
0.031905
0.049274
0.042602
0.027883
0.014876
0.003586
0.003705
-0.000714
-0.012432
-0.011857
-0.001540
0.005484
0.006102
0.010106
0.016952
0.018979
0.012660
0.011588
0.013689
0.012143
0.007152
0.003082
0.003213
0.005391
0.003694
0.002184
0.003042
0.004102
0.003468
0.002132
0.001845
-0.000026
-0.001057
-0.001672
0.000209
0.003009
0.000558
0.001609
0.006698
0.003055
-0.000397
-0.000925
0.009034
0.015081
0.007039
0.008389
0.011238
0.007391
0.001154
-0.001874
0.019437
0.023513
-0.002287
0.007450
0.037180
0.023595
-0.007815
0.005798
0.014319
0.019865
0.020015
-0.001278
0.020164
0.018659
-0.016754
-0.029200
-0.062240
-0.032730
0.037901
0.008249
-0.021599
0.030542
0.050505
-0.005236
-0.070181
-0.063387
-0.015326
-0.042756
-0.077101
-0.001526
0.067547
0.090543
0.092046
0.063617
0.039804
0.015655
0.016361
0.005423
-0.037136
-0.026267
0.030391
0.045553
0.038374
0.055100
0.053086
0.039755
0.031474
0.014095
0.001650
-0.010361
-0.018807
-0.015616
-0.022452
-0.024954
-0.014321
-0.013849
-0.022041
-0.020514
-0.005693
-0.003094
-0.009649
-0.009112
-0.006231
-0.011046
-0.018796
-0.018954
-0.024391
-0.025172
-0.021467
-0.022607
-0.021411
-0.017338
-0.014926
-0.018068
-0.020345
-0.020625
-0.019483
-0.020592
-0.021650
-0.019274
-0.017399
-0.014041
-0.013526
-0.011738
-0.011943
-0.016914
-0.014142
-0.010544
-0.008785
-0.010887
-0.012393
-0.003276
-0.004216
-0.012024
-0.008477
-0.007663
-0.007612
-0.010503
-0.001749
0.010075
-0.004356
-0.003934
0.015606
0.023808
0.017238
0.012970
0.032495
0.033733
-0.001276
-0.014128
0.004350
0.006881
-0.012276
-0.026165
-0.013479
0.000607
-0.017539
-0.026342
-0.015421
0.020174
0.010626
-0.049912
-0.045016
-0.049452
-0.075242
-0.072488
-0.069222
-0.070631
-0.090095
-0.080162
-0.023834
0.016063
0.011320
0.007359
0.032588
0.046169
0.010132
-0.008915
0.002283
0.015270
0.018456
0.003562
0.000593
0.036705
0.076681
0.075882
0.075076
0.085567
0.078955
0.046063
0.019327
0.019265
0.008436
-0.005088
-0.011015
-0.004772
0.007282
0.014177
0.020554
0.017800
0.015656
0.009847
-0.001107
-0.013671
-0.013845
-0.011225
-0.015360
-0.014149
-0.008435
-0.001928
-0.002265
-0.002100
-0.002182
-0.005738
-0.008153
-0.010484
-0.010760
-0.012459
-0.015826
-0.017595
-0.015882
-0.011670
-0.013893
-0.014438
-0.005494
-0.004610
-0.012888
-0.007270
-0.003922
-0.006970
-0.002821
-0.005163
-0.004238
-0.001167
-0.006829
-0.005733
-0.004885
-0.016387
-0.004814
-0.001530
-0.023408
0.000432
-0.008465
-0.033013
-0.004185
-0.009810
-0.031153
-0.043187
-0.055117
-0.023629
-0.016426
-0.054104
-0.009606
0.035092
0.004102
-0.036271
-0.045958
-0.035418
-0.050360
-0.057189
-0.029651
-0.041057
-0.058127
-0.033943
-0.022081
-0.017124
-0.026985
-0.021416
0.015551
-0.000263
-0.036920
-0.006424
-0.001348
-0.034372
-0.034082
-0.028230
-0.009106
0.004292
-0.001728
0.021265
0.041003
0.049773
0.051043
0.028289
0.025303
0.031574
0.020081
0.013161
0.015710
0.033052
0.049034
0.043482
0.042052
0.047235
0.043145
0.039331
0.038204
0.029932
0.025329
0.024813
0.028269
0.029920
0.032707
0.035760
0.031785
0.027118
0.023807
0.021394
0.015980
0.014262
0.013930
0.012439
0.013208
0.013834
0.012746
0.011683
0.011439
0.009696
0.009104
0.010579
0.008911
0.007137
0.009945
0.011386
0.005095
0.001654
0.008373
0.010855
0.002914
0.002148
0.006854
0.004133
0.006128
0.000184
-0.002165
0.015591
0.007501
0.001607
0.012659
-0.016351
-0.017000
-0.001794
-0.026237
0.005611
0.032752
0.022100
0.041185
0.018176
0.012734
0.003593
-0.028763
0.018265
0.038160
0.049951
0.083028
0.055347
0.045782
0.061314
0.047869
0.032550
0.001970
0.019114
0.050643
0.028662
0.020566
0.025444
0.057378
0.048596
-0.002063
0.014141
-0.010051
-0.024235
0.014965
0.017154
0.015371
-0.016476
-0.029532
0.004312
-0.024874
-0.039157
-0.028959
-0.028265
-0.001320
-0.026785
-0.040917
-0.011291
-0.011050
-0.026695
-0.039402
-0.049525
-0.043342
-0.047234
-0.054061
-0.033955
-0.027672
-0.031932
-0.031785
-0.034616
-0.021018
-0.020348
-0.030735
-0.030235
-0.025771
-0.018597
-0.016095
-0.015095
-0.008787
-0.006300
-0.009491
-0.009555
-0.009197
-0.007072
-0.007389
-0.009336
-0.009915
-0.011037
-0.011789
-0.011951
-0.011061
-0.010089
-0.011153
-0.009602
-0.009743
-0.009563
-0.007003
-0.009297
-0.009861
-0.007588
-0.007568
-0.008017
-0.012595
-0.013471
-0.005793
-0.009170
-0.010952
-0.001201
0.000361
-0.005295
0.008141
0.011920
0.010330
0.014947
-0.014365
-0.009682
0.006261
-0.001588
0.011867
0.014202
0.026893
0.049107
0.023940
-0.013014
-0.033811
-0.019571
-0.009604
-0.037264
-0.042348
-0.013262
0.020962
0.013951
-0.038525
-0.059793
-0.060926
-0.085120
-0.102298
-0.104750
-0.080330
-0.036276
-0.024412
-0.005077
0.017029
-0.017209
-0.035337
-0.053562
-0.068657
-0.052961
-0.054354
-0.020261
0.034278
0.059275
0.080538
0.069066
0.057241
0.062254
0.045783
0.033942
0.022337
0.016913
0.034841
0.043646
0.052867
0.057222
0.047453
0.042122
0.034183
0.030122
0.023746
0.011649
0.011579
0.016884
0.014014
0.012652
0.012858
0.011176
0.009264
0.006538
0.006306
0.006526
0.007923
0.009468
0.007385
0.007587
0.009231
0.007679
0.006061
0.005240
0.004817
0.003895
0.001298
0.001080
0.001369
-0.002017
-0.003066
-0.002320
0.000261
-0.000135
-0.001197
0.002918
0.010861
0.006895
-0.006360
-0.000629
0.003408
-0.000460
0.002634
0.008998
0.010176
0.007544
0.003796
-0.001191
0.009553
0.026191
0.013664
0.005984
0.008084
0.003055
0.000239
-0.020476
0.009742
0.048646
0.007279
-0.008632
0.004158
-0.007298
0.001118
-0.031355
-0.047365
0.039396
0.010391
-0.039700
0.014307
0.020237
0.015149
-0.017419
-0.040433
0.004748
0.016055
-0.019799
-0.025220
0.017360
0.052744
0.036325
0.016087
0.018082
0.034720
0.062618
0.061638
0.035481
0.026172
0.054153
0.049053
0.014641
0.009237
0.007796
0.006599
0.008052
0.021821
0.031869
0.038087
0.035765
0.020598
0.008946
-0.007424
-0.018867
-0.035268
-0.046874
-0.042331
-0.032014
-0.019537
-0.012502
-0.006408
-0.000113
-0.002779
-0.014126
-0.018773
-0.025388
-0.033227
-0.033448
-0.033316
-0.030792
-0.025918
-0.019952
-0.018707
-0.021514
-0.021214
-0.021072
-0.022637
-0.023295
-0.023917
-0.024229
-0.021721
-0.021311
-0.024701
-0.024600
-0.021456
-0.016507
-0.015591
-0.018999
-0.015907
-0.017801
-0.022794
-0.013600
-0.013426
-0.022754
-0.015574
-0.027665
-0.037529
-0.026102
-0.017986
-0.007730
-0.016723
-0.014101
-0.007589
-0.024668
-0.031607
-0.035363
-0.035589
-0.031633
-0.034094
0.000356
-0.013324
-0.034976
0.039964
0.052227
-0.012917
-0.016755
-0.000391
0.030546
0.074165
0.034453
0.029521
0.097185
0.099419
0.081052
0.051147
0.019685
0.051027
0.039037
-0.021511
-0.038987
-0.002614
0.015855
0.002906
0.018971
0.034033
0.012343
0.001476
-0.002142
-0.020177
-0.043907
-0.051525
-0.043536
-0.042194
-0.018857
0.009398
0.016633
0.014206
0.025341
0.037916
0.031817
0.018003
0.006969
0.010948
0.010987
0.002324
0.005430
0.010575
0.008397
0.000948
-0.003586
-0.007749
-0.014598
-0.020003
-0.022790
-0.028821
-0.030820
-0.026087
-0.026272
-0.022482
-0.017658
-0.015635
-0.015173
-0.012781
-0.012550
-0.014780
-0.014780
-0.013892
-0.011870
-0.012971
-0.015596
-0.015968
-0.014479
-0.013933
-0.014347
-0.015863
-0.017296
-0.014617
-0.013044
-0.013117
-0.017480
-0.020780
-0.009152
-0.007563
-0.022676
-0.027723
-0.022206
-0.009199
-0.013211
-0.024737
-0.001179
-0.005573
-0.017319
-0.001058
-0.027512
-0.014790
0.003635
-0.014857
0.016933
0.013356
-0.010826
-0.005236
0.007425
0.026767
-0.008924
-0.022960
0.002659
0.029666
0.078233
0.053664
0.018729
0.055536
0.044912
0.026617
0.020009
-0.014085
0.036468
0.080647
0.027245
-0.003282
0.007413
0.011068
-0.000335
-0.022575
-0.006690
-0.001143
-0.026877
-0.004400
0.010660
-0.008052
-0.030466
-0.052352
-0.040273
-0.037186
-0.061350
-0.065527
-0.057070
-0.051129
-0.032049
-0.029241
-0.035002
-0.030559
-0.031595
-0.032148
-0.029110
-0.022401
-0.027253
-0.037314
-0.035656
-0.026269
-0.026555
-0.029771
-0.020250
-0.012961
-0.009036
-0.006164
-0.004296
0.001199
0.006599
0.006856
0.004494
0.006348
0.006665
0.005379
0.003473
0.004362
0.008186
0.009093
0.008905
0.006352
0.004679
0.004966
0.003411
0.003054
0.003530
0.002057
0.001196
0.003248
0.006122
0.005092
-0.002298
-0.004326
-0.000308
-0.005295
-0.007009
-0.001963
0.005250
0.013198
0.003359
-0.007563
-0.004133
0.003581
0.008684
0.003899
0.012170
0.024210
0.001335
-0.008141
0.010080
0.015368
0.019082
0.027631
0.044543
0.043110
0.038354
0.035293
0.021582
0.052512
0.053633
0.018626
0.026303
0.036286
0.022915
-0.014441
-0.002683
0.015497
-0.012364
0.001106
0.024005
0.024818
0.014475
-0.028057
-0.008187
0.025507
-0.034350
-0.059704
-0.033029
-0.030626
-0.043755
-0.044484
-0.029717
-0.019340
-0.019368
-0.012791
-0.012124
0.002248
0.027062
0.003908
-0.016949
0.000361
-0.006253
-0.029363
-0.036277
-0.025162
-0.016534
-0.011738
-0.003229
0.009122
0.016319
0.013903
0.006933
-0.002683
-0.004859
-0.011241
-0.018702
-0.018999
-0.015309
-0.010799
-0.008090
-0.003973
0.000321
0.003593
0.002766
-0.001692
-0.002285
-0.004316
-0.006921
-0.007383
-0.005973
-0.003591
-0.002696
-0.003500
-0.003171
-0.002360
-0.003931
-0.005470
-0.005187
-0.003825
-0.003502
-0.001809
-0.001673
-0.004460
-0.005778
-0.007405
-0.009163
-0.006665
-0.004482
-0.004266
-0.003174
-0.002886
-0.003813
-0.003888
-0.005077
-0.004031
-0.001389
-0.002336
-0.003348
-0.003064
-0.001868
-0.001870
-0.001314
0.000229
-0.000339
-0.001005
-0.000134
0.000961
0.000622
0.001437
0.001887
0.001164
0.002416
0.003004
0.003271
0.002403
0.001797
0.001846
0.001104
0.000668
0.000747
0.001213
0.001378
0.001783
0.001764
0.002149
0.002285
0.001994
0.001666
0.001482
0.001463
0.001628
0.001638
0.001784
0.001833
0.001881
0.001636
0.001547
0.001432
0.001387
0.001340
0.001269
0.001153
0.000970
0.000816
0.000747
0.000707
0.000713
0.000645
0.000589
0.000652
0.000688
0.000653
0.000585
0.000487
0.000468
0.000522
0.000595
0.000708
0.000788
0.000752
0.000641
0.000565
0.000552
0.000611
0.000718
0.000799
0.000809
0.000749
0.000679
0.000588
0.000494
0.000433
0.000385
0.000388
0.000361
0.000293
0.000223
0.000167
0.000122
0.000055
0.000011
-0.000021
-0.000005
0.000010
0.000051
0.000037
0.049152
0.042344
-0.120264
0.038594
0.165694
-0.025145
-0.091013
0.047381
0.011078
-0.054627
0.148610
0.184220
0.003686
-0.057012
-0.105648
-0.047446
-0.017894
-0.008265
-0.040961
0.119236
-0.146017
0.107181
0.227725
-0.195401
-0.094026
-0.232950
-0.276091
0.368773
0.292113
-0.520414
0.096076
0.288859
-0.751523
-0.299553
0.320448
-0.027874
-0.512826
-0.178843
0.420643
-0.094418
-0.238897
0.177489
0.229262
-0.224788
-0.195723
0.078267
0.243188
0.327757
0.215511
-0.166194
0.138730
0.368543
0.001220
-0.010015
0.287450
0.142811
-0.168689
0.023488
0.027764
-0.123278
-0.155711
-0.005207
0.089303
-0.000398
-0.059481
0.075616
0.133081
0.052957
-0.017688
-0.037888
-0.012873
0.023953
-0.024084
-0.031310
-0.016645
-0.015451
0.009231
0.028299
0.013923
0.016406
0.027719
0.012196
0.014685
-0.006486
-0.006011
-0.001995
0.008861
0.007737
-0.006834
-0.008123
-0.008913
0.009138
0.024252
-0.017201
-0.014561
0.000568
0.001040
0.014519
-0.021414
-0.033426
0.015015
-0.018754
-0.013269
0.031508
0.067924
0.045637
-0.081333
0.028152
0.041401
-0.029597
-0.037979
0.019335
0.162190
0.111800
-0.185787
-0.084732
0.303525
0.100850
-0.338855
0.227011
0.125348
-0.289907
0.326759
0.298612
-0.192486
-0.348819
-0.154647
-0.079945
-0.215339
0.088368
0.461745
-0.068457
-0.649956
0.311339
0.527283
-0.482142
-0.318189
0.186579
-0.230738
-0.337700
0.392195
0.630465
-0.095457
-0.218386
0.326813
0.486006
0.223312
-0.123537
0.096718
0.046802
-0.081549
0.019444
0.041188
-0.250234
-0.446741
0.165819
0.198031
-0.086011
-0.044722
0.146439
0.078125
-0.066077
0.079590
-0.123650
-0.143018
-0.006723
-0.051710
-0.135375
-0.067938
0.009454
-0.044943
-0.013758
-0.060177
-0.047918
0.007445
-0.011204
-0.040128
-0.053559
-0.024977
-0.018972
-0.016154
-0.046740
-0.032146
-0.019420
-0.019217
-0.005690
-0.014778
-0.019560
-0.018674
-0.017105
-0.015189
-0.010629
-0.029841
-0.026411
-0.011507
0.000664
0.021725
-0.050538
-0.025553
-0.009475
-0.002543
0.014069
-0.016259
0.034004
-0.044284
-0.094335
0.060703
0.068836
-0.039855
-0.110639
0.062522
0.174223
-0.076922
-0.015594
0.180998
0.110302
-0.011921
0.153421
0.300747
0.005641
-0.264953
-0.093789
0.208056
0.048210
-0.149356
-0.169577
-0.289619
-0.193875
-0.093642
0.207964
0.007837
-0.058841
-0.054514
-0.488536
0.243866
0.230519
-0.504006
-0.438372
0.183823
-0.080957
-0.737042
0.143616
0.227432
0.000404
0.148654
0.416525
0.121118
0.011155
0.406114
0.266810
0.290237
0.003053
-0.089902
-0.123545
0.067726
0.240216
0.019872
-0.041749
0.137993
0.234301
-0.037117
-0.028188
0.136798
-0.010373
-0.115274
-0.053700
-0.042719
-0.142722
-0.034864
0.007481
-0.051616
-0.032257
-0.000443
0.024178
0.010949
0.020235
-0.030658
-0.049647
-0.043208
-0.040538
-0.052397
-0.038185
-0.007214
-0.012807
-0.014192
-0.005402
0.000073
0.002245
0.002854
-0.006106
-0.039257
-0.033984
-0.018744
0.002481
-0.014316
-0.041174
0.054384
0.024061
-0.106258
0.017706
0.093066
-0.107273
-0.013852
0.105150
-0.069940
-0.082943
0.048417
-0.023878
-0.064175
-0.087115
-0.008088
0.113778
-0.233944
0.092763
0.115408
-0.460228
0.055876
0.351923
-0.221522
-0.464662
0.024993
-0.060451
0.067733
0.157219
0.165877
0.094937
-0.289310
-0.193580
0.175495
0.305722
-0.450119
-0.237067
0.367695
-0.177768
-0.568956
0.036232
0.060269
-0.282900
0.003699
0.299088
0.212236
-0.000006
-0.169252
0.246167
0.210177
-0.355900
0.011737
0.210134
0.000959
-0.110052
0.125365
0.074670
-0.032603
0.126699
0.154859
0.113793
0.091440
0.086252
-0.030307
0.124248
0.184904
0.022010
0.000586
0.042984
0.123593
0.069042
0.092335
0.077849
-0.033547
0.004055
0.088276
0.044432
-0.039432
0.009894
-0.008271
0.013163
0.025900
0.004884
0.006417
0.023012
0.031175
0.004939
-0.003199
-0.012669
-0.004288
-0.004194
-0.000300
0.002552
-0.001710
0.006975
-0.000168
0.000542
0.009896
-0.028983
0.012700
0.038878
-0.017864
-0.062956
0.038347
0.062664
-0.079528
-0.018343
0.076909
-0.081919
-0.028685
0.138477
-0.073443
0.006634
0.072875
-0.126075
0.097978
-0.100808
-0.287078
0.124120
-0.072416
0.037266
0.434109
0.019443
-0.153325
-0.044827
0.100561
0.011554
-0.078038
0.485783
0.139942
0.032147
0.443486
0.145937
-0.418438
0.001303
0.494292
0.059159
-0.161478
0.160351
-0.011186
-0.544247
0.275291
0.258470
-0.335353
-0.156365
-0.189576
0.301084
0.050537
-0.123766
0.054498
-0.000732
0.100431
-0.214803
-0.148531
0.008336
-0.041914
-0.133811
0.051993
-0.070756
-0.293731
-0.221505
0.056493
0.168139
-0.186934
-0.290278
-0.030664
0.018691
-0.034070
-0.050298
-0.058767
-0.014246
-0.069260
-0.030976
0.024290
0.031882
0.009241
-0.026299
-0.008040
0.032783
-0.033680
-0.029810
0.017211
-0.019881
-0.037425
-0.009594
0.008008
0.011685
0.002289
-0.002715
0.004896
-0.005022
-0.008062
-0.006648
-0.016003
0.002084
0.012387
-0.014779
-0.022217
-0.004867
-0.021685
-0.044848
0.039414
0.039595
-0.022417
-0.003180
-0.010033
-0.030572
-0.034203
0.004710
0.043007
-0.018967
-0.042140
0.073159
0.081722
-0.116302
0.080325
0.209456
-0.101704
0.154902
-0.099640
-0.201621
0.093088
0.179880
0.134138
-0.038573
0.047035
-0.041691
0.085005
-0.008713
-0.303648
-0.186591
-0.003044
-0.021742
0.009214
0.013715
-0.176785
-0.219907
-0.162017
-0.109209
-0.143329
-0.533907
-0.239030
0.172429
-0.003051
-0.057328
-0.086586
-0.033751
0.317146
0.142408
-0.103066
-0.052767
-0.029112
0.150735
0.210116
0.264321
0.033532
-0.104596
0.214422
0.317019
0.224066
0.144394
0.100684
0.126030
0.113485
0.115404
0.033002
-0.147818
-0.087013
0.052306
-0.031692
0.011386
0.054365
-0.033115
-0.007815
0.042000
-0.004190
-0.028288
-0.013542
-0.011825
0.015918
0.015722
-0.003734
-0.006303
0.013157
0.003350
-0.011176
0.001044
-0.003445
-0.004668
-0.007362
-0.006283
0.003319
0.003868
0.006121
0.009191
-0.011667
-0.000568
0.021883
-0.010753
-0.016337
0.007166
0.009259
-0.022815
-0.003176
0.022946
0.035980
0.033228
-0.154078
-0.017951
0.045576
-0.028064
0.033327
0.113581
-0.069633
-0.240442
0.091670
0.067842
0.029064
0.255854
0.002324
-0.276449
0.022371
0.156638
0.029893
-0.148219
0.123392
0.340313
-0.241310
-0.162545
0.296395
-0.291797
-0.358221
0.346635
-0.196283
0.209336
0.283637
-0.659016
-0.020830
0.524307
0.047663
-0.519719
0.332670
0.059918
-0.355900
0.389634
0.261703
-0.114052
-0.317765
0.097559
0.257263
0.325296
0.096578
-0.014550
0.177533
0.079910
0.218114
0.118319
-0.114200
-0.217036
-0.059938
0.041894
-0.063534
-0.161671
-0.045238
0.078290
-0.009843
0.011126
0.030914
-0.045793
-0.028052
0.020037
-0.121882
-0.149030
-0.026848
-0.076428
-0.117294
-0.067259
-0.057940
-0.039082
0.004293
-0.003827
-0.021973
-0.011233
-0.018879
-0.036323
-0.059639
-0.064571
-0.052434
-0.039936
-0.028297
-0.025069
-0.027105
-0.014525
-0.011947
-0.009010
-0.011801
-0.030504
-0.036881
-0.018217
-0.040901
-0.043464
-0.001286
0.005399
-0.021868
-0.065524
-0.001013
-0.013709
-0.097312
0.059581
0.099139
-0.176417
-0.058269
-0.015643
-0.258821
0.007176
0.228624
0.123527
-0.254417
-0.010707
0.026938
-0.203543
0.119350
0.170890
-0.248140
-0.316500
0.028950
0.433729
0.111254
-0.492914
0.253943
0.406241
-0.359632
0.150403
0.642793
-0.401135
0.213552
0.953744
-0.104989
-0.098883
0.428166
0.075924
-0.003264
0.436481
-0.109112
-0.776186
-0.156430
0.030348
-0.122910
-0.313623
-0.437815
0.002220
0.132214
0.046321
0.003035
0.076249
-0.136355
0.061601
0.197052
0.100234
-0.002006
-0.095208
0.111962
0.155244
-0.064207
-0.026133
0.243879
-0.007913
-0.085734
0.084276
0.019504
-0.108437
-0.071515
-0.017340
-0.045591
-0.034739
-0.046834
-0.019463
0.000511
-0.053980
-0.035213
-0.018422
-0.048416
-0.074392
-0.063290
-0.053684
-0.039532
-0.039696
-0.062623
-0.023206
-0.014585
-0.015631
-0.011205
-0.000109
-0.016099
-0.017079
-0.017332
-0.008596
-0.013102
-0.024355
0.006955
-0.000351
-0.014169
-0.041561
-0.004268
0.006938
0.023052
-0.001105
-0.094528
0.024466
0.098345
-0.093667
-0.112037
-0.053795
0.009449
0.049134
0.003597
0.169555
-0.130343
-0.421147
0.288314
0.117328
-0.127368
0.144364
-0.158470
-0.050473
0.255293
0.210910
-0.371563
-0.123311
0.407269
-0.238140
0.015300
0.377991
-0.156321
0.154230
0.657538
0.001584
-0.313375
0.071581
0.030934
0.450273
0.234477
-0.072393
-0.097695
-0.347238
-0.096305
0.262971
-0.107415
-0.732437
-0.125648
0.429191
0.056478
-0.297823
-0.070030
-0.079240
-0.218862
0.203263
0.144813
-0.132002
-0.251947
-0.127657
-0.017274
-0.082225
-0.150620
-0.238559
-0.129709
0.003602
0.028846
-0.088921
-0.005643
0.061195
-0.025487
0.024184
0.068834
0.021179
-0.012449
0.006415
0.038863
0.035619
0.005579
-0.003371
0.023932
0.032277
0.033836
0.025978
0.017137
0.019820
0.017711
0.023082
0.026425
0.021402
0.009518
0.011803
0.009063
0.015010
0.009338
0.000514
0.019682
0.008037
0.011399
0.014683
-0.018081
-0.029620
-0.002125
0.050672
0.038854
-0.039411
-0.063006
0.004416
-0.034654
-0.005594
0.100114
0.020070
0.007149
-0.005799
-0.049376
-0.021507
0.070218
0.152336
0.005656
0.042911
0.109641
-0.232603
-0.195333
0.317046
0.190560
-0.131617
0.048018
0.282237
-0.111826
0.046097
0.493417
-0.230011
-0.054744
0.489543
0.004020
-0.161177
0.246232
-0.057749
-0.958327
0.194667
0.692318
-0.698249
-0.329450
0.568145
-0.152690
-0.543533
0.441438
0.170041
-0.320876
-0.068214
0.163276
-0.015363
-0.151613
-0.070375
-0.253316
-0.086922
0.040842
-0.118380
-0.022790
0.171079
0.137630
-0.024662
0.036871
0.125728
0.047285
-0.060833
-0.046504
0.010198
-0.068999
-0.060472
-0.064144
-0.005217
0.010071
-0.018741
0.009977
0.040105
0.010424
0.001609
0.021399
-0.005370
-0.026588
-0.038554
-0.033187
-0.012881
-0.014180
-0.017644
-0.000057
0.013432
0.015039
0.009413
0.004800
0.001368
0.002488
-0.011957
-0.009395
-0.000340
-0.000712
-0.002294
0.002984
0.000065
-0.010204
0.012075
0.012473
-0.010152
0.018089
0.021333
-0.029785
-0.023006
0.011835
-0.037330
-0.023801
0.041074
-0.011365
-0.046237
-0.009708
-0.005312
-0.030077
-0.001056
0.010842
-0.019504
-0.011922
0.009153
0.008230
0.004084
0.006400
0.001320
0.004658
0.011814
0.009236
0.005608
0.007126
0.007815
0.003374
0.000132
0.006648
0.009641
0.008044
0.012609
0.011048
0.005679
0.004938
0.006478
0.007013
0.006639
0.004864
0.001906
0.001491
0.001479
0.002675
0.003128
0.001163
0.000322
-0.000804
-0.000050
0.001769
0.001949
0.001514
-0.000596
-0.000998
-0.001485
0.001264
0.002660
0.000852
0.000990
0.000776
0.000367
-0.000140
0.000777
0.000549
0.000544
0.000291
0.000820
0.001281
0.001893
0.001950
0.000948
-0.000006
0.000068
-0.000379
-0.000202
0.000298
0.000654
0.000322
0.000118
0.000135
0.000312
0.000443
0.000391
0.000228
0.000048
-0.000315
-0.000386
-0.000232
-0.000027
0.000137
0.000264
0.000002
-0.000305
-0.000315
0.000105
0.000311
0.000355
0.000174
-0.000097
-0.000181
0.000199
0.000648
0.000583
0.000364
0.000034
-0.000199
-0.000177
0.000120
0.000283
0.000235
0.000024
-0.000246
-0.000395
-0.000367
-0.000316
-0.000304
-0.000427
-0.000580
-0.000573
-0.000451
-0.000221
-0.000175
-0.000246
-0.000381
-0.000384
-0.000349
-0.000158