-0.244446
-0.217288
-0.185632
-0.149774
-0.110217
-0.067781
-0.023645
0.020708
0.063640
0.103588
0.139287
0.169950
0.195323
0.215634
0.231440
0.243431
0.252272
0.258503
0.262545
0.264763
0.265562
0.265444
0.264989
0.264765
0.265169
0.266290
0.267817
0.269055
0.269050
0.266792
0.261430
0.252445
0.239715
0.223482
0.204215
0.182453
0.158674
0.133233
0.106397
0.078442
0.049772
0.020988
-0.007117
-0.033657
-0.057812
-0.078996
-0.096971
-0.111863
-0.124076
-0.134128
-0.142469
-0.149349
-0.154770
-0.158550
-0.160461
-0.160390
-0.158464
-0.155085
-0.150866
-0.146501
-0.142602
-0.139581
-0.137610
-0.136677
-0.136704
-0.137682
-0.139761
-0.143251
-0.148533
-0.155903
-0.165409
-0.176740
-0.189223
-0.201917
-0.213802
-0.223976
-0.231827
-0.237100
-0.239867
-0.240414
-0.239092
-0.236200
-0.231941
-0.226456
-0.219919
-0.212644
-0.205139
-0.198073
-0.192152
-0.187933
-0.185639
-0.185028
-0.185381
-0.185601
-0.184406
-0.180555
-0.173034
-0.161165
-0.144609
-0.123291
-0.097287
-0.066741
-0.031846
0.007100
0.049589
0.094800
0.141551
0.188355
0.233573
0.275639
0.313287
0.345726
0.372702
0.394442
0.411499
0.424565
0.434300
0.441247
0.445824
0.448396
0.449369
0.449242
0.448598
0.448003
0.447855
0.448245
0.448860
0.449007
0.447735
0.444032
0.437052
0.426274
0.411581
0.393214
0.371646
0.347418
0.321010
0.292780
0.262997
0.231941
0.200018
0.167833
0.136182
0.105954
0.077975
0.052832
0.030768
0.011660
-0.004890
-0.019397
-0.032307
-0.043863
-0.054065
-0.062725
-0.069611
-0.074605
-0.077828
-0.079677
-0.080761
-0.081769
-0.083306
-0.085779
-0.089356
-0.094018
-0.099683
-0.106335
-0.114119
-0.123339
-0.134372
-0.147506
-0.162784
-0.179890
-0.198144
-0.216601
-0.234234
-0.250137
-0.263690
-0.274634
-0.283035
-0.289173
-0.293394
-0.295992
-0.297164
-0.297045
-0.295805
-0.293751
-0.291388
-0.289378
-0.288424
-0.289077
-0.291554
-0.295610
-0.300521
-0.305185
-0.308317
-0.308670
-0.305226
-0.297304
-0.284561
-0.266918
0.515586
0.438053
0.365788
0.302445
0.250721
0.211972
0.186020
0.171221
0.164802
0.163366
0.163445
0.161957
0.156471
0.145256
0.127163
0.101444
0.067626
0.025506
-0.024717
-0.082241
-0.145483
-0.212042
-0.278854
-0.342540
-0.399861
-0.448163
-0.485675
-0.511592
-0.525938
-0.529266
-0.522331
-0.505844
-0.480411
-0.446643
-0.405393
-0.358003
-0.306440
-0.253254
-0.201337
-0.153567
-0.112433
-0.079772
-0.056683
-0.043633
-0.040684
-0.047736
-0.064672
-0.091333
-0.127326
-0.171743
-0.222901
-0.278230
-0.334384
-0.387572
-0.434034
-0.470540
-0.494776
-0.505526
-0.502633
-0.486788
-0.459257
-0.421657
-0.375846
-0.323954
-0.268474
-0.212334
-0.158826
-0.111358
-0.073032
-0.046135
-0.031688
-0.029169
-0.036513
-0.050385
-0.066651
-0.080934
-0.089103
-0.087618
-0.073671
-0.045194
-0.000808
0.060192
0.137740
0.230816
0.337226
0.453474
0.574814
0.695550
0.809569
0.910998
0.994858
1.057559
1.097150
1.113281
1.106963
1.080208
1.035695
0.976538
0.906189
0.828416
0.747288
0.667048
0.591852
0.525353
0.470254
0.427913
0.398155
0.379342
0.368704
0.362847
0.358308
0.352009
0.341526
0.325131
0.301680
0.270430
0.230915
0.182938
0.126701
0.063014
-0.006534
-0.079536
-0.152922
-0.223306
-0.287444
-0.342673
-0.387215
-0.420260
-0.441825
-0.452455
-0.452896
-0.443855
-0.425929
-0.399722
-0.366078
-0.326334
-0.282448
-0.236963
-0.192763
-0.152718
-0.119310
-0.094368
-0.078984
-0.073617
-0.078321
-0.092989
-0.117497
-0.151677
-0.195130
-0.246940
-0.305416
-0.367983
-0.431285
-0.491526
-0.544938
-0.588285
-0.619246
-0.636598
-0.640178
-0.630670
-0.609334
-0.577780
-0.537862
-0.491702
-0.441790
-0.391046
-0.342758
-0.300328
-0.266854
-0.244618
-0.234635
-0.236380
-0.247785
-0.265508
-0.285413
-0.303119
-0.314492
-0.315988
-0.304797
-0.278849
-0.236760
-0.177825
-0.102106
-0.010623
0.094433
0.209566
0.330031
0.450134
0.563762
0.665043
0.748997
0.812036
0.852207
0.869160
0.863904
0.838451
0.795478
0.738099
0.669763
0.594237