-0.114994
-0.054728
0.009985
0.076392
0.141249
0.201158
0.253004
0.294357
0.323762
0.340829
0.346128
0.340939
0.326955
0.306030
0.280043
0.250873
0.220464
0.190871
0.164240
0.142649
0.127850
0.120955
0.122180
0.130731
0.144886
0.162262
0.180210
0.196213
0.208201
0.214705
0.214840
0.208168
0.194527
0.173916
0.146487
0.112649
0.073230
0.029610
-0.016259
-0.061984
-0.105014
-0.143004
-0.174145
-0.197392
-0.212499
-0.219883
-0.220372
-0.214922
-0.204426
-0.189639
-0.171265
-0.150115
-0.127272
-0.104171
-0.082527
-0.064132
-0.050571
-0.042952
-0.041739
-0.046744
-0.057287
-0.072440
-0.091283
-0.113075
-0.137272
-0.163413
-0.190916
-0.218885
-0.246023
-0.270694
-0.291141
-0.305798
-0.313585
-0.314114
-0.307717
-0.295317
-0.278181
-0.257657
-0.234981
-0.211204
-0.187260
-0.164102
-0.142828
-0.124715
-0.111108
-0.103179
-0.101619
-0.106368
-0.116472
-0.130132
-0.144939
-0.158230
-0.167473
-0.170568
-0.165999
-0.152843
-0.130650
-0.099312
-0.058973
-0.010060
0.046605
0.109630
0.176939
0.245778
0.312900
0.374904
0.428673
0.471777
0.502757
0.521223
0.527743
0.523595
0.510472
0.490227
0.464738
0.435884
0.405608
0.375966
0.349103
0.327098
0.311702
0.304029
0.304296
0.311709
0.324546
0.340429
0.356706
0.370865
0.380837
0.385154
0.382934
0.373740
0.357415
0.333959
0.303527
0.266531
0.223802
0.176723
0.127250
0.077780
0.030866
-0.011141
-0.046430
-0.073950
-0.093453
-0.105350
-0.110464
-0.109749
-0.104091
-0.094242
-0.080899
-0.064869
-0.047231
-0.029414
-0.013127
-0.000157
0.007914
0.009986
0.005601
-0.005051
-0.021281
-0.042156
-0.066751
-0.094319
-0.124311
-0.156260
-0.189578
-0.223364
-0.256314
-0.286786
-0.313019
-0.333439
-0.346964
-0.353196
-0.352465
-0.345686
-0.334121
-0.319114
-0.301893
-0.283506
-0.264880
-0.246964
-0.230850
-0.217809
-0.209184
-0.206139
-0.209362
-0.218788
-0.233457
-0.251567
-0.270704
-0.288201
-0.301522
-0.308562
-0.307803
-0.298316
-0.279649
-0.251689
-0.214579
-0.168741
0.648390
0.582097
0.510315
0.436352
0.363741
0.296185
0.237247
0.189860
0.155781
0.135173
0.126496
0.126749
0.132031
0.138265
0.141874
0.140230
0.131789
0.115907
0.092483
0.061602
0.023330
-0.022241
-0.074740
-0.133161
-0.195602
-0.259224
-0.320507
-0.375763
-0.421749
-0.456200
-0.478107
-0.487667
-0.485936
-0.474327
-0.454143
-0.426313
-0.391415
-0.349959
-0.302800
-0.251491
-0.198422
-0.146664
-0.099545
-0.060097
-0.030567
-0.012133
-0.004928
-0.008333
-0.021403
-0.043258
-0.073265
-0.110957
-0.155712
-0.206339
-0.260746
-0.315863
-0.367887
-0.412807
-0.447058
-0.468124
-0.474885
-0.467649
-0.447863
-0.417639
-0.379291
-0.335010
-0.286804
-0.236638
-0.186685
-0.139497
-0.097967
-0.065015
-0.043060
-0.033408
-0.035786
-0.048160
-0.066935
-0.087492
-0.104917
-0.114715
-0.113327
-0.098349
-0.068460
-0.023175
0.037424
0.112807
0.201922
0.302935
0.412937
0.527772
0.642136
0.750013
0.845365
0.922941
0.978977
1.011613
1.020930
1.008627
0.977484
0.930792
0.871918
0.804130
0.730632
0.654736
0.579978
0.510060
0.448549
0.398382
0.361315
0.337518
0.325452
0.322119
0.323623
0.325889
0.325344
0.319367
0.306416
0.285850
0.257576
0.221681
0.178237
0.127341
0.069371
0.005336
-0.062857
-0.132361
-0.199651
-0.261033
-0.313259
-0.354057
-0.382412
-0.398514
-0.403413
-0.398515
-0.385117
-0.364141
-0.336159
-0.301673
-0.261532
-0.217281
-0.171305
-0.126667
-0.086686
-0.054390
-0.032017
-0.020738
-0.020681
-0.031217
-0.051397
-0.080332
-0.117381
-0.162073
-0.213777
-0.271296
-0.332530
-0.394404
-0.453107
-0.504622
-0.545378
-0.572851
-0.585916
-0.584875
-0.571167
-0.546901
-0.514382
-0.475798
-0.433149
-0.388396
-0.343707
-0.301626
-0.265044
-0.236876
-0.219535
-0.214322
-0.220962
-0.237414
-0.260080
-0.284338
-0.305270
-0.318377
-0.320096
-0.308022
-0.280830
-0.238032
-0.179709
-0.106386
-0.019116
0.080270
0.188866
0.302514
0.415916
0.523052
0.617888
0.695172
0.751141
0.783936
0.793635
0.781939
0.751627
0.705988