-0.229427
-0.232764
-0.237683
-0.242399
-0.244757
-0.242512
-0.233656
-0.216697
-0.190841
-0.156031
-0.112864
-0.062427
-0.006130
0.054414
0.117432
0.180977
0.242894
0.300834
0.352362
0.395153
0.427272
0.447448
0.455275
0.451278
0.436824
0.413895
0.384790
0.351838
0.317173
0.282639
0.249775
0.219870
0.194007
0.173054
0.157581
0.147728
0.143071
0.142560
0.144573
0.147095
0.148009
0.145401
0.137837
0.124513
0.105273
0.080494
0.050905
0.017411
-0.019028
-0.057422
-0.096702
-0.135640
-0.172806
-0.206603
-0.235411
-0.257795
-0.272739
-0.279813
-0.279239
-0.271815
-0.258728
-0.241329
-0.220919
-0.198628
-0.175406
-0.152105
-0.129609
-0.108932
-0.091231
-0.077722
-0.069499
-0.067340
-0.071537
-0.081837
-0.097502
-0.117461
-0.140521
-0.165539
-0.191523
-0.217624
-0.243040
-0.266898
-0.288165
-0.305655
-0.318143
-0.324572
-0.324271
-0.317135
-0.303692
-0.285031
-0.262618
-0.238055
-0.212847
-0.188255
-0.165244
-0.144529
-0.126659
-0.112084
-0.101156
-0.094036
-0.090548
-0.090026
-0.091228
-0.092371
-0.091304
-0.085786
-0.073811
-0.053891
-0.025234
0.012213
0.057851
0.110591
0.169019
0.231522
0.296324
0.361477
0.424823
0.484014
0.536610
0.580288
0.613112
0.633810
0.641974
0.638129
0.623644
0.600499
0.570995
0.537459
0.502028
0.466544
0.432550
0.401334
0.373980
0.351359
0.334043
0.322171
0.315324
0.312453
0.311938
0.311768
0.309826
0.304203
0.293467
0.276818
0.254102
0.225700
0.192345
0.154946
0.114466
0.071899
0.028318
-0.015044
-0.056753
-0.095208
-0.128783
-0.156040
-0.175957
-0.188100
-0.192685
-0.190505
-0.182743
-0.170744
-0.155803
-0.139046
-0.121416
-0.103761
-0.086959
-0.072017
-0.060088
-0.052381
-0.049987
-0.053675
-0.063732
-0.079901
-0.101435
-0.127261
-0.156177
-0.187036
-0.218840
-0.250734
-0.281911
-0.311491
-0.338435
-0.361553
-0.379615
-0.391556
-0.396701
-0.394940
-0.386796
-0.373351
-0.356067
-0.336540
-0.316271
-0.296517
-0.278237
-0.262140
-0.248773
-0.238581
-0.231911
-0.228920
0.363173
0.303773
0.260278
0.233148
0.220569
0.218876
0.223365
0.229248
0.232451
0.230067
0.220375
0.202504
0.175958
0.140238
0.094750
0.039042
-0.026717
-0.101238
-0.181819
-0.264443
-0.344282
-0.416498
-0.477097
-0.523564
-0.555096
-0.572368
-0.576950
-0.570597
-0.554678
-0.529946
-0.496705
-0.455284
-0.406598
-0.352549
-0.296080
-0.240838
-0.190536
-0.148250
-0.115891
-0.094040
-0.082194
-0.079314
-0.084450
-0.097204
-0.117822
-0.146899
-0.184788
-0.230949
-0.283511
-0.339209
-0.393783
-0.442703
-0.481995
-0.508914
-0.522249
-0.522202
-0.509925
-0.486940
-0.454662
-0.414229
-0.366678
-0.313361
-0.256396
-0.198906
-0.144879
-0.098617
-0.063907
-0.043158
-0.036771
-0.042953
-0.058038
-0.077193
-0.095295
-0.107708
-0.110748
-0.101750
-0.078845
-0.040605
0.014190
0.086506
0.176693
0.283934
0.405703
0.537504
0.673051
0.804920
0.925531
1.028219
1.108100
1.162513
1.190965
1.194673
1.175909
1.137408
1.082033
1.012769
0.932960
0.846591
0.758403
0.673663
0.597584
0.534510
0.487113
0.455858
0.438934
0.432679
0.432398
0.433302
0.431326
0.423566
0.408308
0.384685
0.352207
0.310381
0.258620
0.196477
0.124127
0.042866
-0.044597
-0.134238
-0.221223
-0.300706
-0.368687
-0.422642
-0.461762
-0.486714
-0.499061
-0.500550
-0.492541
-0.475781
-0.450565
-0.417216
-0.376638
-0.330727
-0.282418
-0.235349
-0.193226
-0.159115
-0.134921
-0.121217
-0.117491
-0.122695
-0.135874
-0.156618
-0.185169
-0.222113
-0.267793
-0.321665
-0.381846
-0.445067
-0.507061
-0.563288
-0.609768
-0.643749
-0.664013
-0.670755
-0.665121
-0.648625
-0.622676
-0.588407
-0.546848
-0.499345
-0.448011
-0.395963
-0.347183
-0.305968
-0.276101
-0.259986
-0.258018
-0.268401
-0.287465
-0.310372
-0.331996
-0.347698
-0.353789
-0.347603
-0.327267
-0.291350
-0.238632
-0.168144
-0.079532
0.026386
0.147086
0.278074
0.413064
0.544632
0.665198
0.768099
0.848450
0.903589
0.933022
0.937966
0.920692
0.883932
0.830549
0.763524
0.686200
0.602560
0.517342
0.435810