-0.046579
0.021221
0.091260
0.159960
0.223550
0.278575
0.322364
0.353346
0.371120
0.376305
0.370233
0.354601
0.331216
0.301882
0.268432
0.232853
0.197380
0.164467
0.136602
0.115963
0.104032
0.101268
0.106969
0.119372
0.135973
0.153979
0.170766
0.184208
0.192810
0.195647
0.192173
0.182015
0.164860
0.140490
0.108960
0.070841
0.027408
-0.019316
-0.066723
-0.111966
-0.152392
-0.185944
-0.211413
-0.228462
-0.237452
-0.239136
-0.234346
-0.223793
-0.208036
-0.187622
-0.163321
-0.136333
-0.108366
-0.081534
-0.058073
-0.039974
-0.028643
-0.024702
-0.028000
-0.037809
-0.053134
-0.073015
-0.096708
-0.123687
-0.153474
-0.185384
-0.218296
-0.250566
-0.280137
-0.304830
-0.322736
-0.332578
-0.333934
-0.327247
-0.313634
-0.294573
-0.271581
-0.245992
-0.218910
-0.191312
-0.164243
-0.138978
-0.117057
-0.100132
-0.089668
-0.086553
-0.090780
-0.101290
-0.116049
-0.132355
-0.147262
-0.158030
-0.162450
-0.158981
-0.146711
-0.125181
-0.094208
-0.053800
-0.004200
0.053922
0.119240
0.189604
0.262039
0.332967
0.398614
0.455523
0.501022
0.533538
0.552667
0.559029
0.553953
0.539136
0.516384
0.487500
0.454316
0.418821
0.383248
0.350052
0.321720
0.300432
0.287669
0.283892
0.288400
0.299431
0.314482
0.330763
0.345650
0.357019
0.363377
0.363803
0.357751
0.344852
0.324795
0.297365
0.262622
0.221136
0.174189
0.123806
0.072598
0.023417
-0.021080
-0.058834
-0.088629
-0.110126
-0.123681
-0.130042
-0.130037
-0.124371
-0.113599
-0.098264
-0.079130
-0.057392
-0.034753
-0.013322
0.004671
0.017240
0.022985
0.021289
0.012308
-0.003223
-0.024305
-0.049971
-0.079472
-0.112276
-0.147899
-0.185650
-0.224403
-0.262509
-0.297903
-0.328402
-0.352090
-0.367686
-0.374761
-0.373753
-0.365772
-0.352293
-0.334825
-0.314699
-0.293011
-0.270734
-0.248908
-0.228802
-0.211951
-0.200004
-0.194417
-0.196078
-0.204971
-0.220035
-0.239232
-0.259852
-0.278949
-0.293777
-0.302122
-0.302442
-0.293818
-0.275788
-0.248168
-0.210960
-0.164406
-0.109171
0.669770
0.610103
0.542932
0.471449
0.398914
0.328780
0.264629
0.209853
0.167160
0.138025
0.122304
0.118147
0.122286
0.130628
0.138997
0.143818
0.142547
0.133773
0.117012
0.092324
0.059945
0.020087
-0.027010
-0.080811
-0.140138
-0.202916
-0.266155
-0.326237
-0.379455
-0.422632
-0.453653
-0.471714
-0.477244
-0.471523
-0.456158
-0.432609
-0.401924
-0.364783
-0.321792
-0.273897
-0.222738
-0.170761
-0.121043
-0.076841
-0.041044
-0.015676
-0.001653
0.001168
-0.006339
-0.023023
-0.047851
-0.080089
-0.119207
-0.164538
-0.214862
-0.268080
-0.321148
-0.370344
-0.411807
-0.442197
-0.459276
-0.462234
-0.451673
-0.429281
-0.397343
-0.358252
-0.314207
-0.267160
-0.218986
-0.171741
-0.127845
-0.090038
-0.061052
-0.043079
-0.037169
-0.042777
-0.057619
-0.077908
-0.098923
-0.115756
-0.124026
-0.120374
-0.102653
-0.069814
-0.021636
0.041563
0.119046
0.209578
0.311165
0.420756
0.534090
0.645816
0.749948
0.840576
0.912678
0.962802
0.989448
0.993064
0.975679
0.940337
0.890504
0.829651
0.761078
0.687978
0.613612
0.541435
0.475031
0.417795
0.372436
0.340433
0.321644
0.314222
0.314902
0.319596
0.324131
0.324934
0.319467
0.306322
0.285019
0.255624
0.218377
0.173495
0.121223
0.062099
-0.002692
-0.071068
-0.140036
-0.205971
-0.265161
-0.314424
-0.351636
-0.375989
-0.387906
-0.388660
-0.379853
-0.362935
-0.338951
-0.308573
-0.272400
-0.231373
-0.187123
-0.142091
-0.099344
-0.062137
-0.033348
-0.014997
-0.007990
-0.012180
-0.026684
-0.050346
-0.082124
-0.121279
-0.167272
-0.219431
-0.276530
-0.336461
-0.396175
-0.451943
-0.499897
-0.536692
-0.560082
-0.569252
-0.564796
-0.548399
-0.522338
-0.489001
-0.450580
-0.409023
-0.366199
-0.324158
-0.285317
-0.252408
-0.228161
-0.214761
-0.213256
-0.223094
-0.241989
-0.266148
-0.290847
-0.311176
-0.322748
-0.322203
-0.307389
-0.277256
-0.231577
-0.170672
-0.095273
-0.006613
0.093315
0.201462
0.313569
0.424285
0.527625
0.617681
0.689432
0.739424
0.766160
0.770085
0.753229
0.718635