-0.016501
-0.012915
-0.014665
-0.012138
-0.008792
-0.005813
-0.002723
-0.003431
-0.004397
-0.005434
-0.007099
-0.007265
-0.002646
-0.003482
-0.004981
-0.005538
-0.002109
0.000671
-0.000917
0.011650
-0.000867
-0.013657
0.009567
0.008926
-0.010781
-0.011793
0.003519
0.004974
-0.011089
0.009185
0.035257
0.030831
0.002322
-0.020742
-0.032051
-0.032593
-0.031982
-0.009208
0.007947
0.012936
0.051539
0.020215
-0.013185
-0.026129
-0.074811
-0.040282
0.000823
-0.039528
-0.007857
0.083800
0.028100
-0.111418
-0.128294
-0.023599
-0.009949
-0.154755
-0.081952
0.060837
0.005851
-0.015036
-0.002471
0.013991
0.029481
-0.053290
-0.069561
-0.001243
0.046129
0.065186
0.046946
0.067497
0.078425
0.020888
-0.011030
0.026745
0.017657
-0.030913
-0.030030
-0.013650
-0.011378
-0.010350
-0.007760
0.019108
0.036550
0.024439
0.013163
0.016831
0.025066
0.026588
0.016628
0.018903
0.024801
0.025021
0.022089
0.011259
0.008195
0.007320
0.003496
-0.000753
-0.001549
0.002253
0.001998
-0.000084
0.004390
0.006783
0.006755
0.007804
0.007217
0.003858
-0.000267
-0.003831
0.000281
0.000606
-0.002646
0.000868
0.004756
0.009638
0.006736
-0.001554
0.002791
0.004348
-0.003575
-0.002188
0.005118
0.025768
0.018645
0.002313
0.013178
0.008643
-0.002279
-0.007191
0.009412
0.047996
0.022968
-0.015491
0.020301
0.055691
-0.004313
-0.037617
0.030375
0.026529
0.008975
0.021045
0.028101
0.028359
-0.034129
-0.051159
-0.083172
-0.115335
0.021506
0.090107
-0.014266
-0.018483
0.084046
0.053103
-0.084637
-0.115011
-0.012006
0.001789
-0.085815
-0.006589
0.126002
0.112735
0.109376
0.092946
0.054711
0.030350
0.005033
0.021280
-0.010673
-0.055197
-0.008960
0.048160
-0.001844
-0.045249
-0.004043
0.005026
-0.006051
-0.011818
0.006271
0.014903
0.010900
0.032460
0.021431
0.001478
0.012550
0.014868
-0.010223
-0.026541
-0.022196
-0.017701
-0.016239
-0.023952
-0.023114
-0.013135
-0.013502
-0.019604
-0.016982
-0.013020
-0.016200
-0.016556
-0.017016
-0.020112
-0.020643
-0.020389
-0.019836
-0.020589
-0.019034
-0.016678
-0.016934
-0.015052
-0.013913
-0.015718
-0.015824
-0.015107
-0.009968
-0.013878
-0.020119
-0.014040
-0.011789
-0.009840
-0.014257
-0.009176
0.005241
-0.009291
-0.014636
-0.003410
-0.004143
-0.010132
-0.016932
0.013822
0.016230
-0.016682
0.010154
0.043274
0.035158
0.012592
0.032615
0.069735
0.021815
-0.043693
-0.029243
0.004708
-0.015641
-0.043293
-0.047493
-0.031977
-0.046765
-0.069827
-0.034357
-0.000611
0.049873
-0.011985
-0.078298
-0.009537
-0.038718
-0.085950
-0.075371
-0.024922
-0.063380
-0.132400
-0.038306
0.030699
0.015295
0.024183
0.077505
0.082530
0.057753
0.032551
0.022716
0.053407
0.060283
0.015497
-0.037548
-0.013024
0.031054
0.018807
0.013973
0.033601
0.046366
0.020169
-0.006042
-0.000381
0.006856
0.007646
0.011862
0.015542
0.016695
0.023169
0.023713
0.016522
0.014791
0.011413
0.003411
0.000955
0.000938
0.001401
0.000826
0.002174
0.000862
-0.001400
-0.003785
-0.009299
-0.014279
-0.016656
-0.018592
-0.020041
-0.015743
-0.010122
-0.010807
-0.012386
-0.010750
-0.006590
-0.005736
-0.013414
-0.009981
0.002364
-0.008197
-0.018707
-0.000285
-0.001530
-0.013326
-0.003437
0.003444
-0.001012
-0.008502
-0.006009
-0.004561
-0.020589
-0.027914
0.003579
-0.015612
-0.031693
0.024216
-0.025639
-0.048474
0.005384
-0.004729
-0.045594
-0.079368
-0.046909
-0.006680
-0.044817
-0.029456
0.074920
0.056487
-0.020719
-0.063607
-0.047565
-0.017794
-0.079922
-0.056866
0.015942
-0.058523
-0.099197
-0.044233
-0.040192
-0.072554
-0.049195
0.035498
0.065025
-0.000406
-0.012265
0.049863
0.009407
-0.039193
-0.023027
0.005288
0.026801
-0.010194
-0.003252
0.024832
0.007510
0.025927
0.026100
0.005477
0.032556
0.034898
0.009797
0.023355
0.035823
0.051227
0.056491
0.042129
0.041751
0.033757
0.032766
0.029467
0.014807
0.016783
0.024403
0.026055
0.031619
0.032175
0.027734
0.025294
0.023442
0.018725
0.016046
0.018258
0.021158
0.019416
0.017992
0.017927
0.015515
0.017275
0.017734
0.015951
0.014330
0.011012
0.007051
0.008587
0.004749
0.003463
0.011695
0.012272
0.004830
0.003099
0.015231
0.011617
-0.007388
0.003699
0.011978
-0.002992
0.004399
0.005196
0.006648
0.024628
0.004022
0.005304
0.007556
-0.040765
-0.019992
-0.017978
-0.032731
0.044853
0.059648
0.056034
0.045600
-0.007271
0.023189
-0.037027
-0.027763
0.098832
0.073904
0.103792
0.132870
0.044744
0.005846
0.017904
0.026847
-0.008543
-0.022206
0.070436
0.038340
-0.050158
-0.000275
0.014760
0.027438
-0.007645
-0.021796
0.026889
-0.023540
0.021477
0.046105
0.039890
0.050459
-0.030745
-0.000599
0.022922
-0.057469
-0.049409
-0.021065
-0.006893
-0.027492
-0.082720
-0.039978
-0.000591
-0.035506
-0.047205
-0.048643
-0.044600
-0.028989
-0.040239
-0.026100
-0.003475
-0.012394
-0.018578
-0.022559
-0.020455
-0.011654
-0.020804
-0.024899
-0.018148
-0.022332
-0.024270
-0.020301
-0.023551
-0.018254
-0.016096
-0.019118
-0.013638
-0.014190
-0.012792
-0.012085
-0.012495
-0.007412
-0.009011
-0.010067
-0.003989
-0.003686
-0.006886
-0.009428
-0.010660
-0.014055
-0.015349
-0.009412
-0.008437
-0.008803
-0.004200
-0.004940
-0.012229
-0.022232
-0.015461
-0.004846
-0.012650
-0.005122
0.011795
0.003768
-0.007786
0.023942
0.018676
0.013634
0.013394
-0.028185
-0.007556
-0.004332
0.007481
0.025529
0.017108
0.056778
0.039084
-0.017072
-0.049139
-0.069403
-0.036357
-0.030455
-0.058621
-0.028838
0.031036
0.030970
-0.039287
-0.097420
-0.080510
-0.088358
-0.129295
-0.110550
-0.071299
-0.012280
0.024636
0.011636
0.040546
0.037432
-0.010332
-0.019656
-0.052147
-0.043431
-0.024356
-0.014062
0.065080
0.076752
0.055393
0.066347
0.030977
0.024806
0.027760
0.011814
0.014518
0.010691
0.026894
0.038334
0.022190
0.028826
0.023259
0.008083
0.012723
0.012027
0.011204
0.010108
0.015906
0.028987
0.033010
0.034571
0.037169
0.035280
0.032325
0.022699
0.011234
0.009795
0.006908
0.001556
0.003406
0.003801
0.001413
0.002744
0.001767
0.000992
0.002620
0.001418
-0.000172
-0.002023
0.000594
0.002707
-0.002952
-0.002138
0.003870
0.006406
0.002098
0.003649
0.009174
0.017549
0.000625
-0.015707
0.002175
-0.000054
-0.003337
0.008569
0.024292
0.009289
-0.012246
-0.001655
-0.000921
0.022820
0.051087
0.021450
0.001239
0.004602
0.007542
-0.021714
-0.037010
0.063957
0.070002
-0.027970
-0.005112
0.008179
-0.048451
-0.045065
-0.064979
-0.019607
0.089374
-0.009246
-0.042126
0.019213
0.042343
0.011964
-0.084999
0.018822
0.067297
-0.022880
-0.004172
0.038629
0.037875
0.034777
0.027331
-0.000520
0.032650
0.077465
0.073323
0.053574
0.028131
0.037358
0.057426
0.020568
-0.033031
-0.031839
-0.012010
-0.018291
-0.022273
-0.000494
0.022800
0.030459
0.029481
0.020198
0.001631
-0.003888
-0.003778
-0.019797
-0.028381
-0.014063
-0.003050
-0.007767
-0.009170
-0.011869
-0.017687
-0.020514
-0.026908
-0.027167
-0.024179
-0.022883
-0.022813
-0.021865
-0.019368
-0.019345
-0.018638
-0.020342
-0.025421
-0.028348
-0.028077
-0.027642
-0.026158
-0.022911
-0.021126
-0.016679
-0.016651
-0.020923
-0.019712
-0.016342
-0.012493
-0.019458
-0.024841
-0.017104
-0.026498
-0.030203
-0.004605
-0.009181
-0.026196
-0.015958
-0.042406
-0.053118
-0.030833
0.004074
0.006951
-0.024569
0.006989
-0.010422
-0.059598
-0.034950
-0.024581
-0.037330
-0.045635
-0.013812
0.039665
-0.033606
-0.024899
0.096645
0.035257
-0.060336
0.006624
0.060289
0.062182
0.088441
0.077718
0.089713
0.119379
0.107930
0.047703
-0.034384
0.033944
0.043102
-0.100704
-0.113915
-0.077817
-0.058139
-0.042406
-0.035663
-0.011638
0.021407
0.028776
0.023204
0.031520
0.019536
0.007580
0.035877
0.056807
0.036013
0.039924
0.058834
0.032832
-0.004838
-0.002726
0.007296
-0.017023
-0.040970
-0.028333
-0.014898
-0.030581
-0.028731
-0.004275
-0.004401
-0.005138
-0.004411
-0.009435
-0.006853
-0.011504
-0.015612
-0.007571
-0.008965
-0.009804
-0.005053
-0.008064
-0.007608
-0.010509
-0.015592
-0.017371
-0.017397
-0.017054
-0.015869
-0.016499
-0.015546
-0.013313
-0.013787
-0.013649
-0.014421
-0.012796
-0.011245
-0.012381
-0.016611
-0.020894
-0.017588
-0.014996
-0.013363
-0.019931
-0.021181
-0.000895
-0.008606
-0.032369
-0.035361
-0.023012
-0.008072
-0.025698
-0.012943
0.030749
-0.023730
-0.033039
0.000106
-0.036846
0.006159
0.009638
0.001347
0.034658
0.007630
0.007402
-0.028415
0.006341
0.039839
-0.059490
-0.014017
0.055638
0.058090
0.090275
0.069966
0.042183
0.044270
0.018777
0.010923
-0.010605
0.011900
0.112979
0.050241
-0.051522
-0.049360
-0.035381
-0.033077
-0.084604
-0.068186
0.024638
0.003117
-0.025490
0.034746
0.012295
-0.030511
-0.008583
0.001303
0.009612
-0.020098
-0.052795
-0.048633
-0.052022
-0.053359
-0.053528
-0.057107
-0.040400
-0.041019
-0.052116
-0.033138
-0.021865
-0.020857
-0.011665
-0.010187
-0.005224
-0.002930
-0.012295
-0.012963
-0.010162
-0.007847
-0.009412
-0.015367
-0.009267
-0.004223
-0.006876
-0.006676
-0.006806
-0.003866
0.001253
0.003973
0.006343
0.007330
0.005639
0.005676
0.004887
0.002210
0.003992
0.004822
0.005986
0.009352
0.006144
-0.000245
-0.003489
0.001094
0.008982
0.004285
-0.006969
-0.004395
-0.004123
-0.016040
-0.010630
0.003560
0.015550
0.017704
-0.000789
-0.008012
-0.005423
0.010037
0.019457
0.010259
0.037936
0.033384
-0.031843
-0.024425
0.021297
0.022248
0.014947
0.049635
0.078283
0.024872
0.033002
0.048251
0.010694
0.064207
0.068540
0.021751
0.022629
0.052845
-0.016580
-0.129589
-0.010418
0.021817
-0.084913
-0.008468
0.075402
0.003885
-0.058841
-0.002027
0.052548
-0.001547
-0.030559
0.013538
-0.000148
-0.006858
-0.023339
-0.072312
-0.027940
-0.008762
-0.046860
-0.025170
0.010674
0.026739
0.014052
-0.000979
0.004159
0.005747
-0.009661
-0.023094
-0.027693
-0.020634
-0.017144
-0.026038
-0.018082
0.000495
-0.002899
-0.006025
-0.004802
-0.007813
-0.007928
-0.008172
-0.004396
0.000076
0.001187
0.002525
0.001708
-0.001609
-0.003020
-0.006813
-0.008756
-0.006996
-0.006668
-0.005315
-0.004048
-0.003401
-0.000912
-0.001192
-0.000979
-0.002349
-0.003866
-0.004297
-0.008180
-0.010010
-0.007413
-0.007013
-0.004869
0.001851
-0.000385
-0.006241
-0.005968
-0.006328
-0.011192
-0.008559
-0.002779
-0.004434
-0.006269
-0.004474
-0.005540
-0.009615
-0.005972
0.000301
-0.001206
-0.001667
-0.000510
-0.001010
0.000770
0.002205
0.001833
0.002109
0.003079
0.001776
0.000234
0.000316
0.000206
-0.000267
-0.000537
-0.000098
0.000070
0.000432
0.000519
-0.000299
-0.000192
0.000585
0.000922
0.001561
0.002832
0.003319
0.003120
0.002759
0.002364
0.002009
0.001470
0.001182
0.001166
0.001163
0.001330
0.001478
0.001746
0.001893
0.001844
0.001773
0.001627
0.001534
0.001364
0.001104
0.000916
0.000831
0.000772
0.000830
0.000927
0.000946
0.000918
0.000812
0.000665
0.000540
0.000570
0.000638
0.000672
0.000631
0.000559
0.000566
0.000656
0.000737
0.000801
0.000802
0.000692
0.000643
0.000693
0.000728
0.000799
0.000882
0.000891
0.000781
0.000601
0.000474
0.000402
0.000406
0.000465
0.000492
0.000401
0.000310
0.000250
0.000178
0.000158
0.000164
0.000158
0.000145
0.000153
0.000153
0.000150
0.000142
0.000102
0.000068
0.000047
0.000016
0.018595
-0.003369
0.020045
0.049943
-0.063774
-0.010187
0.123905
0.012589
-0.094967
0.022696
0.049578
-0.054362
0.061298
0.150795
0.025248
-0.010740
-0.028123
-0.024874
-0.051717
-0.048516
-0.073199
0.056442
-0.055121
0.033816
0.237739
-0.060710
-0.114887
-0.116286
-0.235839
0.081526
0.242355
-0.351799
-0.099673
0.425274
-0.352318
-0.456746
0.164814
-0.016969
-0.452981
-0.227288
0.270366
0.002346
-0.184328
0.121210
0.264987
-0.142051
-0.220469
0.117048
0.133439
0.104919
0.191969
-0.008908
0.135146
0.375613
0.076302
-0.055293
0.195986
0.178462
-0.105425
-0.018216
0.035084
-0.070744
-0.123369
-0.045524
0.036951
-0.003595
-0.021759
0.081235
0.100280
0.031240
-0.003705
-0.014591
-0.015619
-0.006956
-0.027518
-0.032223
-0.005105
-0.001346
0.008185
0.013589
0.005721
0.013301
0.032266
0.013406
0.004007
0.003755
0.005982
0.000941
-0.003832
0.004667
0.002245
-0.003036
-0.010558
-0.003661
0.014932
-0.008025
-0.017636
0.000636
0.005715
0.012774
-0.002445
-0.020113
0.010199
0.002309
-0.018441
0.011008
0.046536
0.046848
-0.034248
0.014850
0.044556
-0.015845
-0.042814
-0.004583
0.095379
0.103922
-0.086168
-0.089665
0.196341
0.159151
-0.251636
0.050061
0.215785
-0.192891
0.113700
0.314919
-0.083317
-0.274982
-0.058856
-0.045388
-0.267683
-0.110372
0.260103
0.123827
-0.402994
0.098540
0.560680
-0.251842
-0.438746
0.120909
-0.108751
-0.385331
0.163309
0.482347
0.005253
-0.110821
0.364900
0.500961
0.167252
-0.154676
0.096578
0.135089
-0.096550
-0.074193
0.000487
-0.102389
-0.289413
0.047804
0.151577
-0.102111
-0.061161
0.173438
0.107306
-0.125714
0.042369
0.009281
-0.132737
-0.064161
-0.055479
-0.098146
-0.066330
-0.004043
-0.050372
-0.044836
-0.035784
-0.029167
0.008239
-0.022612
-0.039456
-0.029901
-0.009261
-0.018959
-0.034110
-0.035660
-0.024705
-0.020644
-0.030651
-0.016935
-0.015894
-0.015873
-0.012893
-0.017337
-0.013829
-0.007880
-0.015131
-0.022114
-0.010865
-0.002597
0.016494
-0.026715
-0.029453
-0.000350
-0.000099
0.003328
-0.017389
0.013211
-0.010708
-0.066278
0.014738
0.047667
-0.034001
-0.093270
0.023638
0.139183
-0.027278
-0.044189
0.132887
0.136851
0.006395
0.085338
0.250688
0.078157
-0.148936
-0.080381
0.121401
0.029458
-0.159525
-0.123354
-0.177628
-0.169746
-0.112132
0.059396
-0.020936
-0.091718
0.063869
-0.240891
0.029095
0.184598
-0.340817
-0.454052
0.063767
0.046025
-0.633119
-0.091188
0.245848
-0.018392
0.047825
0.338620
0.244442
0.046457
0.355719
0.274563
0.154826
0.044512
0.018172
-0.009573
-0.014542
0.106764
0.031449
-0.015181
0.118937
0.219530
0.040830
-0.030010
0.123586
0.020442
-0.127021
-0.082254
-0.027596
-0.090209
-0.066091
-0.004184
-0.046937
-0.026007
0.008068
0.010829
-0.015603
-0.001985
-0.006658
-0.038306
-0.042696
-0.038663
-0.037927
-0.036287
-0.014550
-0.013666
-0.015292
-0.003610
-0.004038
-0.005173
-0.001474
-0.003164
-0.026030
-0.027818
-0.014502
-0.003013
-0.008396
-0.034127
0.024630
0.038197
-0.061926
-0.017029
0.088058
-0.045775
-0.054061
0.085858
-0.008984
-0.088288
0.029090
0.013428
-0.074001
-0.071408
-0.035961
0.071875
-0.136176
-0.035201
0.146921
-0.264328
-0.114341
0.275336
-0.063645
-0.444382
-0.017914
0.028348
-0.072526
0.074742
0.098325
0.124361
-0.051187
-0.111257
0.063733
0.189773
-0.329943
-0.298711
0.267731
-0.025156
-0.476978
-0.065344
0.131720
-0.231306
-0.158045
0.205859
0.198645
0.049082
-0.041792
0.156726
0.211011
-0.236619
-0.098008
0.161569
0.001772
-0.138547
0.126561
0.143248
-0.049886
0.088508
0.159293
0.103078
0.058214
0.086008
0.042783
0.072961
0.127006
0.043189
0.002692
0.050415
0.124181
0.069575
0.046554
0.074801
0.005705
0.006053
0.054907
0.021682
-0.033784
0.019854
0.023369
0.000956
0.021436
0.014314
0.009370
0.011723
0.015454
0.005970
0.004419
-0.001141
-0.006002
-0.008495
-0.006808
0.001051
0.001078
0.004519
0.002645
-0.002339
0.011442
-0.012443
0.000184
0.031221
0.003569
-0.042248
0.018046
0.064720
-0.042734
-0.038978
0.058003
-0.028200
-0.056359
0.093626
-0.011571
-0.042245
0.079053
-0.045860
0.016249
-0.012148
-0.223153
0.004140
0.012534
-0.071330
0.251616
0.162143
-0.089464
0.017523
0.144554
-0.010944
-0.144221
0.251136
0.178971
0.048471
0.338852
0.310180
-0.179855
-0.114932
0.386989
0.076726
-0.248024
0.082587
0.158807
-0.321890
0.046948
0.255557
-0.268698
-0.191917
-0.052064
0.161110
0.025447
-0.140728
0.035328
0.077299
0.085057
-0.160599
-0.121587
-0.011691
-0.025066
-0.122308
-0.079801
-0.014428
-0.179114
-0.172429
0.010706
0.041826
-0.130719
-0.189957
-0.016751
0.013268
-0.087880
-0.074885
-0.031617
-0.013177
-0.057972
-0.024657
0.013152
0.022182
0.007876
-0.020687
-0.010923
0.028439
-0.003817
-0.027058
0.002138
-0.013410
-0.020324
-0.003446
0.004487
0.001686
0.003724
0.004623
0.003546
-0.009256
-0.009173
-0.006477
-0.021901
-0.013128
0.004701
-0.008797
-0.020538
-0.009181
-0.012288
-0.036606
0.008455
0.032047
-0.014843
-0.007599
0.008713
-0.011054
-0.029367
-0.012904
0.014421
-0.015628
-0.035479
0.042053
0.082646
-0.058966
0.001353
0.185388
-0.037747
0.052676
0.019314
-0.150208
0.010059
0.137503
0.081388
-0.050920
0.076793
0.043365
0.080896
0.032352
-0.250172
-0.206371
-0.031368
-0.044827
-0.072886
-0.028490
-0.061996
-0.097591
-0.083412
-0.144477
-0.187722
-0.408249
-0.298304
0.047314
-0.057244
-0.127951
0.010604
0.070485
0.221593
0.158873
-0.079230
-0.044165
0.023783
0.043345
0.070663
0.168984
0.100382
0.035313
0.218120
0.276757
0.188569
0.115349
0.119267
0.134238
0.078373
0.081846
0.054306
-0.072772
-0.064231
0.041031
-0.016582
-0.037811
0.038973
-0.000871
-0.026417
0.021574
0.001414
-0.026888
-0.009600
-0.011763
0.002791
0.018420
0.007310
0.000638
0.004697
-0.004274
-0.018409
-0.006940
-0.004285
-0.008051
-0.006954
-0.003536
0.007304
0.007300
0.004472
0.009226
-0.004757
-0.003952
0.016594
-0.002373
-0.016386
0.004581
0.014357
-0.009539
-0.004640
0.024307
0.027667
0.041805
-0.084886
-0.044141
0.041731
-0.023362
-0.019320
0.075548
0.011596
-0.162467
0.039969
0.082643
-0.038554
0.127545
0.095076
-0.155572
-0.018338
0.146786
0.014989
-0.156064
0.026167
0.280587
-0.050867
-0.167731
0.206291
-0.056779
-0.395691
0.152641
-0.038949
-0.076040
0.300466
-0.263064
-0.181703
0.404224
0.168323
-0.486081
0.128687
0.216985
-0.322399
0.195342
0.268192
-0.069806
-0.214686
0.093540
0.233290
0.157814
0.054664
0.036439
0.240621
0.135805
0.127982
0.110593
-0.059318
-0.108728
-0.060809
-0.029686
-0.093182
-0.144219
-0.028818
0.068289
-0.025338
-0.014313
0.092409
0.010333
-0.061475
-0.013820
-0.079615
-0.130780
-0.057208
-0.074847
-0.123607
-0.058541
-0.025802
-0.031757
-0.017701
-0.012029
-0.017067
-0.008732
-0.016552
-0.038509
-0.045585
-0.048221
-0.045177
-0.040584
-0.032546
-0.024418
-0.021297
-0.015776
-0.015540
-0.013432
-0.012478
-0.021885
-0.030742
-0.016557
-0.024541
-0.037523
-0.012451
0.002463
-0.011956
-0.046700
-0.009715
-0.003632
-0.076299
-0.002820
0.084155
-0.094372
-0.093673
0.023396
-0.171156
-0.101399
0.126062
0.109275
-0.171034
-0.028372
0.106172
-0.126662
-0.022270
0.105396
-0.144625
-0.269191
-0.002821
0.297269
0.120675
-0.353997
0.088195
0.458686
-0.144783
-0.129214
0.506630
-0.098809
-0.060066
0.799721
0.158060
-0.227840
0.421547
0.322536
-0.101674
0.202036
0.048145
-0.518776
-0.168254
-0.004761
-0.246402
-0.319738
-0.330292
0.003745
0.091912
-0.030865
-0.016214
0.133994
-0.022006
-0.027678
0.103933
0.048036
0.028844
-0.036415
0.057589
0.151171
0.001967
-0.037284
0.186940
0.037497
-0.104285
0.072596
0.066679
-0.093497
-0.072762
-0.003452
-0.031308
-0.037253
-0.037329
-0.017198
-0.002150
-0.054074
-0.045151
-0.017592
-0.058111
-0.071120
-0.054831
-0.043114
-0.039060
-0.029323
-0.041580
-0.022998
-0.012919
-0.016299
-0.008829
-0.002455
-0.011020
-0.012925
-0.011131
-0.014450
-0.016767
-0.026732
-0.006144
-0.008684
-0.018766
-0.035315
-0.015713
-0.000751
0.005201
0.004168
-0.055458
0.000137
0.090429
-0.033285
-0.104440
-0.040416
0.006784
0.015540
-0.017416
0.086864
-0.005239
-0.276380
0.114472
0.163012
-0.177905
0.015484
0.016950
-0.052957
0.133068
0.219330
-0.235221
-0.183708
0.348036
-0.087805
-0.162262
0.253866
0.017762
0.049166
0.504136
0.191274
-0.270134
0.093900
0.140209
0.178997
0.137462
-0.072359
0.021286
-0.047304
-0.107285
0.052231
-0.068914
-0.557145
-0.206282
0.307213
0.000172
-0.276126
-0.019876
0.081618
-0.160504
-0.014976
0.087962
-0.073629
-0.181150
-0.082498
-0.015382
-0.127470
-0.146200
-0.167895
-0.141526
-0.042072
0.004964
-0.048895
-0.010828
0.055380
-0.007388
0.005493
0.057870
0.023803
-0.003415
0.007608
0.030073
0.022533
0.010995
0.004350
0.011007
0.024203
0.027744
0.029787
0.023998
0.024180
0.021743
0.023039
0.019714
0.020251
0.018285
0.014779
0.009575
0.009530
0.008055
-0.005385
0.003492
0.000599
0.001935
0.011140
-0.008525
-0.025180
-0.012755
0.028205
0.027977
-0.020332
-0.043104
0.005441
-0.010212
-0.033809
0.048448
0.030105
0.004252
0.023360
-0.005932
-0.025454
0.023449
0.100222
0.012714
0.009585
0.114931
-0.069848
-0.178018
0.152375
0.173811
-0.119923
-0.010116
0.291526
0.035204
-0.044170
0.373795
-0.023801
-0.162431
0.361621
0.159804
-0.190475
0.120288
0.160355
-0.649401
-0.158663
0.543544
-0.418822
-0.499251
0.434011
0.165276
-0.514670
0.175200
0.308694
-0.288563
-0.131001
0.166274
-0.004071
-0.161272
-0.042363
-0.134249
-0.147585
-0.036803
-0.077684
-0.044060
0.091078
0.133925
0.033457
0.054445
0.140116
0.047138
-0.045558
-0.045711
-0.004417
-0.053020
-0.059965
-0.060287
-0.028061
0.014186
-0.010930
0.003645
0.033555
0.025158
0.009035
0.011188
-0.009308
-0.021812
-0.021992
-0.027674
-0.019593
-0.012123
-0.011008
-0.001575
0.004184
0.005687
0.004424
0.003709
-0.002790
-0.002644
-0.005576
-0.009155
-0.003805
-0.001523
-0.003753
-0.000880
0.002371
-0.006834
0.004519
0.010797
-0.008663
0.005342
0.025373
-0.008844
-0.024492
0.008539
-0.018243
-0.035250
0.016892
0.000463
-0.040759
-0.012476
0.007957
-0.022589
-0.015199
0.006122
-0.012692
-0.012988
0.006418
0.009047
-0.000166
0.001346
0.003675
0.004120
0.006102
0.004781
0.004414
0.005242
0.007670
0.005399
0.002158
0.006298
0.009242
0.009377
0.011299
0.011806
0.008368
0.005480
0.005858
0.005617
0.004224
0.002372
0.000889
0.000620
-0.000686
0.001536
0.002832
-0.000255
0.001169
0.003449
0.001867
0.001926
0.001793
0.000858
-0.003176
-0.001654
0.000521
-0.001185
0.000337
0.001106
0.000704
0.000434
0.000940
0.000177
0.001629
0.001334
0.001223
0.001124
0.001326
0.000938
0.000480
0.000404
0.000693
0.000200
0.000578
0.000397
0.000694
0.000979
0.001139
0.000637
0.000486
0.000382
0.000062
-0.000022
0.000104
-0.000038
-0.000054
-0.000174
-0.000162
-0.000133
0.000028
0.000133
0.000224
0.000145
0.000023
-0.000010
0.000056
0.000139
0.000210
0.000242
0.000197
0.000140
0.000206
0.000417
0.000463
0.000368
0.000221
0.000162
0.000070
0.000196
0.000344
0.000255
0.000022
-0.000151
-0.000266
-0.000379
-0.000397
-0.000401
-0.000487
-0.000588
-0.000394
-0.000281
-0.000322
-0.000356
-0.000255
-0.000339
-0.000201