0.443043
0.490288
0.519959
0.532029
0.527887
0.509825
0.480486
0.442435
0.397990
0.349295
0.298560
0.248274
0.201253
0.160436
0.128449
0.107056
0.096708
0.096340
0.103516
0.114909
0.126961
0.136548
0.141437
0.140430
0.133193
0.119880
0.100734
0.075828
0.045069
0.008436
-0.033644
-0.079962
-0.128398
-0.176092
-0.219883
-0.256895
-0.285087
-0.303567
-0.312592
-0.313254
-0.306978
-0.295029
-0.278193
-0.256759
-0.230771
-0.200455
-0.166624
-0.130892
-0.095597
-0.063439
-0.036957
-0.018032
-0.007572
-0.005507
-0.011061
-0.023196
-0.041038
-0.064125
-0.092369
-0.125751
-0.163885
-0.205613
-0.248828
-0.290609
-0.327659
-0.356916
-0.376136
-0.384277
-0.381558
-0.369211
-0.349022
-0.322852
-0.292313
-0.258688
-0.223105
-0.186847
-0.151618
-0.119625
-0.093360
-0.075144
-0.066532
-0.067804
-0.077703
-0.093532
-0.111592
-0.127842
-0.138567
-0.140879
-0.132923
-0.113785
-0.083204
-0.041252
0.011845
0.075665
0.149329
0.231147
0.318345
0.407024
0.492455
0.569658
0.634141
0.682578
0.713253
0.726136
0.722614
0.704981
0.675878
0.637871
0.593275
0.544238
0.492969
0.441955
0.394017
0.352092
0.318808
0.295930
0.283911
0.281686
0.286824
0.295996
0.305650
0.312662
0.314802
0.310875
0.300550
0.283984
0.261422
0.232943
0.198455
0.157942
0.111834
0.061345
0.008597
-0.043543
-0.091910
-0.133625
-0.166642
-0.190064
-0.204142
-0.209964
-0.208951
-0.202361
-0.190976
-0.175079
-0.154708
-0.130085
-0.102016
-0.072110
-0.042699
-0.016476
0.004023
0.016926
0.021328
0.017308
0.005645
-0.012615
-0.036592
-0.065819
-0.100200
-0.139713
-0.183963
-0.231788
-0.281073
-0.328893
-0.371945
-0.407160
-0.432288
-0.446280
-0.449353
-0.442730
-0.428193
-0.407597
-0.382548
-0.354324
-0.324048
-0.292996
-0.262870
-0.235869
-0.214482
-0.201024
-0.197046
-0.202824
-0.217095
-0.237157
-0.259310
-0.279507
-0.294029
-0.299985
-0.295516
-0.279704
-0.252285
-0.213329
-0.163058
-0.101891
-0.030705
0.048813
0.133890
0.220631
0.304307
0.379942
0.598652
0.608872
0.600546
0.576393
0.539642
0.493497
0.440849
0.384293
0.326335
0.269644
0.217155
0.171914
0.136662
0.113269
0.102223
0.102360
0.110957
0.124217
0.137981
0.148497
0.152996
0.149940
0.138910
0.120222
0.094460
0.062129
0.023560
-0.020911
-0.070576
-0.123995
-0.178814
-0.231890
-0.279726
-0.319095
-0.347662
-0.364392
-0.369611
-0.364716
-0.351630
-0.332217
-0.307854
-0.279302
-0.246907
-0.211019
-0.172453
-0.132775
-0.094302
-0.059780
-0.031847
-0.012487
-0.002644
-0.002159
-0.010025
-0.024858
-0.045404
-0.070876
-0.100997
-0.135727
-0.174802
-0.217264
-0.261187
-0.303736
-0.341563
-0.371435
-0.390885
-0.398677
-0.394954
-0.381015
-0.358851
-0.330600
-0.298138
-0.262922
-0.226131
-0.188981
-0.153053
-0.120444
-0.093623
-0.074982
-0.066228
-0.067795
-0.078494
-0.095540
-0.114970
-0.132326
-0.143413
-0.144904
-0.134649
-0.111631
-0.075686
-0.027128
0.033508
0.105499
0.187710
0.278244
0.374118
0.471170
0.564309
0.648093
0.717516
0.768780
0.799846
0.810596
0.802600
0.778578
0.741758
0.695345
0.642229
0.585007
0.526185
0.468433
0.414687
0.367993
0.331094
0.305863
0.292790
0.290710
0.296906
0.307580
0.318578
0.326150
0.327528
0.321180
0.306689
0.284374
0.254823
0.218545
0.175875
0.127152
0.073089
0.015130
-0.044365
-0.102251
-0.155024
-0.199454
-0.233200
-0.255221
-0.265840
-0.266446
-0.258959
-0.245237
-0.226650
-0.203954
-0.177489
-0.147600
-0.115095
-0.081536
-0.049232
-0.020923
0.000758
0.013835
0.017368
0.011523
-0.002686
-0.023869
-0.050766
-0.082584
-0.119039
-0.160086
-0.205454
-0.254178
-0.304327
-0.353059
-0.397021
-0.432973
-0.458442
-0.472187
-0.474344
-0.466206
-0.449760
-0.427137
-0.400207
-0.370423
-0.338958
-0.307022
-0.276192
-0.248560
-0.226588
-0.212666
-0.208495
-0.214504
-0.229501
-0.250696
-0.274121
-0.295316
-0.310080
-0.315085
-0.308174
-0.288331
-0.255385
-0.209649
-0.151655
-0.082124
-0.002187
0.086260
0.180237
0.275583
0.367209
0.449675
0.517975
0.568314