0.427578
0.531544
0.540097
0.455860
0.316448
0.180082
0.103330
0.119485
0.225827
0.384654
0.537668
0.628235
0.623008
0.524664
0.370873
0.219913
0.128410
0.129715
0.221167
0.365122
0.503342
0.579249
0.559557
0.446997
0.279297
0.114789
0.010154
-0.001207
0.078096
0.210466
0.337711
0.403298
0.373980
0.252526
0.076699
-0.095135
-0.206268
-0.223274
-0.148739
-0.020241
0.104042
0.167589
0.137161
0.015532
-0.159534
-0.329676
-0.438191
-0.451663
-0.372694
-0.238877
-0.108413
-0.037846
-0.060443
-0.173461
-0.339171
-0.499248
-0.597028
-0.599139
-0.508225
-0.361930
-0.218502
-0.134537
-0.143354
-0.242265
-0.393596
-0.539079
-0.622108
-0.609369
-0.503566
-0.342399
-0.184176
-0.085551
-0.079903
-0.164598
-0.302020
-0.433955
-0.503852
-0.478447
-0.360494
-0.187743
-0.018545
0.090400
0.105675
0.029873
-0.099423
-0.224031
-0.287430
-0.256380
-0.133660
0.042964
0.215124
0.326109
0.342493
0.266867
0.136811
0.010510
-0.055507
-0.027991
0.090295
0.261600
0.427578
0.531544
0.540097
0.455860
0.316448
0.180082
0.103330
0.119485
0.225827
0.384654
0.537668
0.628235
0.623008
0.524664
0.370873
0.219913
0.128410
0.129715
0.221167
0.365122
0.503342
0.579249
0.559557
0.446997
0.279297
0.114789
0.010154
-0.001207
0.078096
0.210466
0.337711
0.403298
0.373980
0.252526
0.076699
-0.095135
-0.206268
-0.223274
-0.148739
-0.020241
0.104042
0.167589
0.137161
0.015532
-0.159534
-0.329676
-0.438191
-0.451663
-0.372694
-0.238877
-0.108413
-0.037846
-0.060443
-0.173461
-0.339171
-0.499248
-0.597028
-0.599139
-0.508225
-0.361930
-0.218502
-0.134537
-0.143354
-0.242265
-0.393596
-0.539079
-0.622108
-0.609369
-0.503566
-0.342399
-0.184176
-0.085551
-0.079903
-0.164598
-0.302020
-0.433955
-0.503852
-0.478447
-0.360494
-0.187743
-0.018545
0.090400
0.105675
0.029873
-0.099423
-0.224031
-0.287430
-0.256380
-0.133660
0.042964
0.215124
0.326109
0.342493
0.266867
0.136811
0.010510
-0.055507
-0.027991
0.090295
0.261600
0.456911
0.286847
0.167072
0.146678
0.236151
0.403360
0.585816
0.714540
0.740405
0.652900
0.484151
0.296652
0.159402
0.121564
0.193693
0.343724
0.509239
0.621323
0.630915
0.527571
0.343477
0.141188
-0.010238
-0.061583
-0.002239
0.135782
0.290107
0.391865
0.392038
0.280216
0.088622
-0.120163
-0.277052
-0.332808
-0.276804
-0.141039
0.012121
0.113813
0.115016
0.005318
-0.183069
-0.387572
-0.539125
-0.588511
-0.525127
-0.381004
-0.218537
-0.106628
-0.094339
-0.192124
-0.367818
-0.558900
-0.696356
-0.731024
-0.652359
-0.492453
-0.313764
-0.185257
-0.156059
-0.236692
-0.395058
-0.568704
-0.688686
-0.705910
-0.609901
-0.432817
-0.237186
-0.092040
-0.046569
-0.111363
-0.254384
-0.413240
-0.519046
-0.522763
-0.413969
-0.224875
-0.018054
0.137418
0.192308
0.135992
0.000471
-0.151890
-0.252232
-0.251538
-0.139405
0.051946
0.259932
0.415471
0.469330
0.410891
0.272162
0.115520
0.009842
0.004165
0.108919
0.291911
0.490590
0.635912
0.678685
0.608332
0.456911
0.286847
0.167072
0.146678
0.236151
0.403360
0.585816
0.714540
0.740405
0.652900
0.484151
0.296652
0.159402
0.121564
0.193693
0.343724
0.509239
0.621323
0.630915
0.527571
0.343477
0.141188
-0.010238
-0.061583
-0.002239
0.135782
0.290107
0.391865
0.392038
0.280216
0.088622
-0.120163
-0.277052
-0.332808
-0.276804
-0.141039
0.012121
0.113813
0.115016
0.005318
-0.183069
-0.387572
-0.539125
-0.588511
-0.525127
-0.381004
-0.218537
-0.106628
-0.094339
-0.192124
-0.367818
-0.558900
-0.696356
-0.731024
-0.652359
-0.492453
-0.313764
-0.185257
-0.156059
-0.236692
-0.395058
-0.568704
-0.688686
-0.705910
-0.609901
-0.432817
-0.237186
-0.092040
-0.046569
-0.111363
-0.254384
-0.413240
-0.519046
-0.522763
-0.413969
-0.224875
-0.018054
0.137418
0.192308
0.135992
0.000471
-0.151890
-0.252232
-0.251538
-0.139405
0.051946
0.259932
0.415471
0.469330
0.410891
0.272162
0.115520
0.009842
0.004165
0.108919
0.291911
0.490590
0.635912
0.678685
0.608332