-0.010059
-0.008516
-0.008361
-0.005510
-0.007831
-0.011064
-0.013385
-0.014291
-0.012251
-0.009352
-0.007853
-0.007262
-0.003270
-0.002435
-0.002520
-0.005402
-0.008681
-0.007200
-0.006884
-0.002492
-0.001782
0.004512
0.007696
-0.004761
0.000841
0.008698
-0.003181
-0.008433
-0.004155
0.004783
0.002028
-0.003390
0.008326
0.022485
0.015854
-0.002546
-0.012019
-0.018740
-0.021547
-0.016700
-0.001910
0.001494
0.027372
0.030063
-0.001692
-0.002555
-0.028840
-0.037900
0.006383
-0.021870
-0.050501
0.017007
0.035890
-0.032063
-0.085169
-0.076961
0.000348
-0.030632
-0.108258
-0.024071
0.014330
-0.029272
-0.027572
-0.031439
0.002275
0.013880
-0.047705
-0.040889
-0.003004
0.006309
0.006074
0.021533
0.041343
0.041780
0.017543
0.028001
0.055559
0.025204
-0.003554
0.002926
-0.002009
-0.006891
0.002577
0.021556
0.045038
0.050389
0.044025
0.033178
0.019617
0.011766
0.004403
0.000855
0.001875
-0.001544
-0.000618
0.002729
0.002055
-0.000928
0.005531
0.013359
0.017286
0.016983
0.016810
0.013403
0.006581
0.002561
-0.000147
-0.001246
0.001695
0.004524
0.005381
0.003614
0.002633
0.005078
-0.000391
-0.003500
-0.002258
0.001011
0.004787
0.000942
0.001035
0.007022
0.003228
-0.001220
-0.001397
0.008291
0.017892
0.008074
0.007988
0.014362
0.007867
0.000006
-0.003403
0.018156
0.030694
-0.000012
-0.001910
0.035477
0.030193
-0.013607
0.000458
0.022421
0.020939
0.023179
0.002614
0.016231
0.013115
-0.023743
-0.028134
-0.069180
-0.052871
0.044749
0.026082
-0.026840
0.027091
0.054465
-0.002976
-0.065234
-0.065224
-0.001768
-0.010905
-0.067273
-0.009876
0.046236
0.062452
0.088647
0.066901
0.049629
0.041641
0.033638
0.027443
-0.013640
-0.046486
-0.013452
0.017534
-0.001366
0.006624
0.033830
0.054483
0.054920
0.029896
0.025998
0.021951
-0.000430
-0.012686
-0.021122
-0.023079
-0.015560
-0.019345
-0.025559
-0.024209
-0.019807
-0.014059
-0.006157
-0.006124
-0.007178
-0.002942
-0.009152
-0.019095
-0.023076
-0.022841
-0.024281
-0.025182
-0.020739
-0.015505
-0.015801
-0.019502
-0.020211
-0.019155
-0.019279
-0.022451
-0.021544
-0.017735
-0.014926
-0.015156
-0.015679
-0.013019
-0.012775
-0.017526
-0.015832
-0.010632
-0.009127
-0.008337
-0.010173
-0.003440
-0.002960
-0.013508
-0.009333
-0.008172
-0.009108
-0.011762
-0.003065
0.015978
-0.000603
-0.008989
0.014800
0.026982
0.019557
0.012218
0.034153
0.042778
0.002770
-0.021984
-0.003458
0.002496
-0.018434
-0.033914
-0.026051
-0.007716
-0.026238
-0.036308
-0.019373
0.020945
0.033507
-0.031498
-0.033193
-0.030811
-0.076118
-0.081525
-0.061372
-0.054259
-0.097076
-0.099040
-0.034572
0.003808
-0.001429
0.019961
0.059341
0.064516
0.038065
0.009016
0.005304
0.022612
0.021496
-0.013103
-0.023679
0.009613
0.032940
0.038850
0.065459
0.084306
0.078441
0.060528
0.040200
0.024550
0.012490
0.008722
0.004118
-0.003603
-0.004117
0.003117
0.008116
0.011445
0.018117
0.017585
0.013631
0.006407
-0.001440
-0.011551
-0.014656
-0.015462
-0.016818
-0.011651
-0.006599
-0.004209
-0.006661
-0.004812
-0.005490
-0.007479
-0.008024
-0.010128
-0.013772
-0.016096
-0.014940
-0.013685
-0.016229
-0.016909
-0.006113
-0.003389
-0.014035
-0.007886
0.000605
-0.006496
-0.004920
-0.003000
-0.002568
-0.001434
-0.008228
-0.007630
-0.006123
-0.018709
-0.008699
0.003290
-0.025264
-0.001771
0.002876
-0.040058
-0.010340
-0.001281
-0.028653
-0.043092
-0.056170
-0.028327
-0.012133
-0.056745
-0.015876
0.042997
0.010173
-0.025409
-0.045334
-0.040474
-0.040719
-0.060990
-0.031891
-0.021150
-0.070085
-0.068136
-0.040153
-0.034642
-0.039299
-0.011437
0.045579
0.037248
-0.022358
-0.009155
0.006363
-0.032844
-0.038908
-0.032654
-0.001718
0.012453
-0.020929
-0.003143
0.025460
0.026955
0.041176
0.040906
0.040419
0.050665
0.029542
0.016528
0.021009
0.016873
0.031609
0.044534
0.043667
0.040467
0.041097
0.045034
0.039149
0.025764
0.026851
0.029218
0.024987
0.026331
0.029737
0.032251
0.030410
0.026703
0.023811
0.023303
0.021441
0.020639
0.017640
0.016354
0.014406
0.010971
0.010863
0.009999
0.009795
0.010298
0.010727
0.010819
0.010900
0.008235
0.009677
0.010442
0.005441
0.003190
0.007275
0.012033
0.003706
-0.000320
0.008431
0.005013
0.003018
0.003721
-0.002106
0.013217
0.013020
-0.000496
0.013613
-0.011770
-0.024199
-0.000957
-0.027271
-0.001888
0.039723
0.023375
0.045005
0.023518
0.005769
0.014951
-0.032258
0.015634
0.060453
0.051201
0.087968
0.065663
0.016978
0.033144
0.043910
0.034714
0.013273
0.029995
0.064940
0.018231
-0.010756
-0.001056
0.023622
0.044465
0.020521
0.037692
0.016208
-0.010561
0.018068
0.007044
0.017684
-0.000887
-0.036266
0.007245
-0.005712
-0.050787
-0.038924
-0.023207
-0.007481
-0.036958
-0.056524
-0.016334
-0.005824
-0.028566
-0.026581
-0.032923
-0.039512
-0.043122
-0.054902
-0.035627
-0.023584
-0.030422
-0.026616
-0.026570
-0.027167
-0.026256
-0.029918
-0.024987
-0.022059
-0.026198
-0.019110
-0.015098
-0.017032
-0.013988
-0.011918
-0.010391
-0.010077
-0.007351
-0.004291
-0.004522
-0.008845
-0.009199
-0.010820
-0.012302
-0.010924
-0.012428
-0.011868
-0.009207
-0.009969
-0.011253
-0.008837
-0.008253
-0.008689
-0.008032
-0.007572
-0.008156
-0.012684
-0.015982
-0.007900
-0.008157
-0.010152
0.000674
0.002882
-0.008211
0.003285
0.015800
0.009322
0.019865
-0.006178
-0.013252
0.005691
-0.005272
0.007543
0.010699
0.020916
0.052148
0.028134
-0.015481
-0.036676
-0.030941
-0.010786
-0.023993
-0.043269
-0.021678
0.017391
0.007944
-0.045729
-0.066594
-0.057026
-0.073193
-0.086401
-0.087460
-0.076367
-0.038457
-0.028245
-0.019633
0.014138
-0.007618
-0.019389
-0.022468
-0.046141
-0.037553
-0.047932
-0.033982
0.017564
0.026515
0.045526
0.061112
0.050070
0.060261
0.060783
0.052483
0.039657
0.022351
0.022316
0.023170
0.025572
0.033958
0.035903
0.040343
0.042949
0.036931
0.029330
0.024134
0.021326
0.021295
0.017830
0.017662
0.018941
0.014789
0.011629
0.005655
0.002402
0.007607
0.008657
0.006796
0.008081
0.007610
0.005851
0.004057
0.002533
0.002870
0.004613
0.004805
0.004416
0.004365
0.003594
-0.000000
-0.004053
-0.003625
-0.000191
-0.001135
-0.000744
0.003427
0.011059
0.010946
-0.006248
-0.003408
0.002826
-0.002018
0.000985
0.009983
0.014281
0.006984
0.002571
-0.000491
0.005536
0.026326
0.023581
0.010409
0.009974
0.005835
0.000027
-0.030161
-0.003257
0.058888
0.018440
-0.013463
0.007532
-0.017187
-0.020306
-0.023844
-0.053334
0.036192
0.040776
-0.040840
-0.000698
0.013369
0.015575
-0.014788
-0.042868
0.029424
0.039828
-0.022379
-0.018533
0.010662
0.012928
0.032682
0.029837
0.011470
0.041471
0.071457
0.065359
0.048375
0.024989
0.032864
0.045276
0.020143
-0.004745
-0.004769
0.009458
0.005658
0.001690
0.012814
0.034923
0.042419
0.029728
0.020396
0.010983
0.000455
-0.017420
-0.035615
-0.043667
-0.037608
-0.030631
-0.024276
-0.017074
-0.010228
-0.004888
-0.007087
-0.011354
-0.018223
-0.019754
-0.025323
-0.032065
-0.032420
-0.028984
-0.025761
-0.027373
-0.025250
-0.022650
-0.020070
-0.020303
-0.021801
-0.020968
-0.020079
-0.020225
-0.021926
-0.025890
-0.026164
-0.023103
-0.018467
-0.015740
-0.019971
-0.015879
-0.015029
-0.023497
-0.016911
-0.008760
-0.021723
-0.018303
-0.023817
-0.042161
-0.031582
-0.019904
-0.004316
-0.013636
-0.014982
-0.000452
-0.024088
-0.039270
-0.033114
-0.034301
-0.030600
-0.029155
0.003205
-0.009488
-0.053767
0.020892
0.063538
-0.003658
-0.014449
0.015471
0.031852
0.077534
0.052660
0.024100
0.084582
0.095466
0.080443
0.044318
0.005563
0.057896
0.036674
-0.042704
-0.045074
-0.032757
-0.030666
-0.003601
0.016020
0.019223
0.036915
0.037334
0.017970
0.009091
-0.008131
-0.025033
-0.015193
-0.021113
-0.027887
-0.009702
0.005047
-0.003927
-0.002921
0.016962
0.028905
0.022512
0.006197
0.010780
0.012450
-0.008552
-0.008709
0.004932
0.005347
0.005066
0.000400
-0.003165
-0.001697
-0.010667
-0.019760
-0.021771
-0.024300
-0.024810
-0.024014
-0.023414
-0.022546
-0.020258
-0.017111
-0.012356
-0.014596
-0.014325
-0.009898
-0.010527
-0.011383
-0.014121
-0.014358
-0.014787
-0.016874
-0.016497
-0.014102
-0.014206
-0.017999
-0.016983
-0.013853
-0.013333
-0.016243
-0.021796
-0.011928
-0.004647
-0.020263
-0.029400
-0.026369
-0.012223
-0.011736
-0.026889
-0.001314
0.001643
-0.024596
-0.001352
-0.021181
-0.023270
0.009023
-0.009876
0.017693
0.023157
-0.008740
-0.011430
-0.008948
0.027141
0.005136
-0.029577
0.006330
0.035252
0.064186
0.059542
0.028338
0.041620
0.043613
0.034744
0.028661
-0.015578
0.031979
0.087922
0.017609
-0.021595
-0.015767
-0.020808
-0.007522
-0.016701
-0.002523
0.027142
-0.010843
-0.014234
0.010212
-0.015434
-0.024302
-0.021853
-0.018627
-0.014242
-0.045558
-0.071268
-0.069117
-0.070847
-0.062389
-0.047115
-0.030983
-0.018599
-0.029861
-0.033313
-0.020727
-0.023722
-0.028521
-0.019847
-0.020143
-0.021230
-0.024954
-0.026579
-0.022233
-0.024327
-0.020210
-0.013491
-0.007869
-0.000167
0.003899
0.004030
0.005789
0.005884
0.003265
0.003906
0.003805
0.005579
0.008519
0.010437
0.010610
0.006325
0.003810
0.004194
0.001778
0.003365
0.005673
0.002487
0.001356
0.001759
0.005435
0.005523
-0.003006
-0.005704
0.000046
-0.004946
-0.008679
-0.001802
0.004385
0.013665
0.007297
-0.005537
-0.005788
-0.000792
0.009644
0.007236
0.013360
0.032310
0.006375
-0.018450
0.002265
0.013181
0.014220
0.025966
0.054815
0.052064
0.031926
0.037198
0.018958
0.039110
0.066676
0.037526
0.025627
0.033137
0.026610
-0.038036
-0.039594
0.020977
-0.013508
-0.022211
0.038006
0.045144
-0.000028
-0.028521
0.004399
0.029567
-0.016742
-0.025064
-0.012058
-0.031626
-0.037982
-0.060539
-0.069446
-0.021527
-0.016986
-0.032613
-0.002887
0.021793
0.018781
0.004676
0.001204
0.003759
-0.010155
-0.019795
-0.020409
-0.029409
-0.029900
-0.020881
-0.018876
-0.009236
0.004215
0.009414
0.013431
0.011220
0.005598
-0.002220
-0.007956
-0.013398
-0.016926
-0.016923
-0.010554
-0.007661
-0.006258
-0.000122
0.001670
0.000818
-0.001146
-0.003105
-0.003634
-0.004223
-0.004397
-0.004236
-0.004516
-0.004900
-0.004877
-0.005051
-0.005822
-0.005361
-0.003279
-0.002694
-0.004073
-0.001021
0.000293
-0.005369
-0.008135
-0.007950
-0.009328
-0.007812
-0.005085
-0.003767
-0.003232
-0.002973
-0.003331
-0.005327
-0.006936
-0.003353
0.000370
-0.000797
-0.000462
-0.000806
-0.002800
-0.002617
-0.001631
-0.000845
0.000042
0.001188
0.000573
-0.000000
0.001004
0.000373
-0.000570
0.000636
0.001645
0.001442
0.002108
0.003143
0.002225
0.001242
0.001414
0.001349
0.001236
0.001387
0.001818
0.001899
0.002069
0.001946
0.001850
0.001694
0.001638
0.001440
0.001450
0.001728
0.001914
0.001742
0.001814
0.001748
0.001652
0.001441
0.001444
0.001474
0.001456
0.001370
0.001176
0.000933
0.000758
0.000677
0.000702
0.000692
0.000662
0.000680
0.000695
0.000652
0.000630
0.000604
0.000511
0.000474
0.000555
0.000634
0.000743
0.000809
0.000767
0.000657
0.000607
0.000603
0.000626
0.000718
0.000778
0.000841
0.000807
0.000688
0.000604
0.000522
0.000438
0.000435
0.000422
0.000334
0.000288
0.000230
0.000145
0.000126
0.000102
0.000014
-0.000003
0.000013
0.000020
0.000028
0.000060
0.000036
0.002700
0.076157
-0.059803
-0.063219
0.141379
0.076312
-0.100587
-0.013600
0.057678
-0.047612
0.034663
0.206725
0.060599
-0.023616
-0.086690
-0.054457
-0.030825
-0.002575
-0.068777
0.061671
-0.016901
-0.092951
0.292469
-0.031937
-0.157309
-0.112044
-0.313515
0.031251
0.468085
-0.235199
-0.349922
0.443911
-0.285759
-0.652821
0.162174
0.156016
-0.344720
-0.435001
0.244252
0.175162
-0.248892
-0.036250
0.313430
-0.016235
-0.308021
0.002723
0.187967
0.241516
0.287464
-0.021019
-0.065196
0.386427
0.159812
-0.060129
0.161879
0.267571
-0.076983
-0.075825
0.057664
-0.045210
-0.157512
-0.095997
0.069142
0.049245
-0.059430
0.008638
0.136252
0.091712
0.003032
-0.034162
-0.030738
0.011818
-0.006256
-0.041209
-0.017105
-0.011456
0.003075
0.020958
0.019006
0.007792
0.030393
0.015896
0.012495
0.006845
-0.004942
-0.002466
0.003964
0.011485
-0.002255
-0.008686
-0.010938
-0.004453
0.019939
0.001244
-0.021910
-0.001364
-0.000023
0.012320
0.000063
-0.034911
-0.004710
0.007680
-0.027372
0.016455
0.043537
0.074542
-0.039259
-0.027783
0.058643
-0.001036
-0.039481
-0.017952
0.088818
0.168406
-0.057609
-0.184109
0.141256
0.287721
-0.221437
-0.091678
0.326249
-0.212990
0.015282
0.416070
0.011202
-0.320521
-0.235030
-0.045602
-0.174843
-0.117053
0.288092
0.285543
-0.495536
-0.217389
0.674756
-0.040395
-0.556644
0.052322
0.012632
-0.418379
0.044696
0.614505
0.226317
-0.284652
0.112672
0.508545
0.393022
-0.069680
-0.024471
0.152992
-0.068145
-0.026087
0.019896
-0.070103
-0.425198
-0.111069
0.277329
-0.002583
-0.099121
0.067886
0.170562
-0.066988
0.033480
-0.001681
-0.175702
-0.055663
-0.026158
-0.097741
-0.116065
-0.001628
-0.028456
-0.031135
-0.038292
-0.064169
-0.002896
-0.004405
-0.020900
-0.047804
-0.030414
-0.019323
-0.013330
-0.035166
-0.046685
-0.022656
-0.027063
-0.010843
-0.011058
-0.018547
-0.017167
-0.015174
-0.014271
-0.011116
-0.018963
-0.033786
-0.012820
-0.011177
0.020102
-0.015598
-0.045525
-0.005740
-0.012012
0.015098
-0.010288
0.010986
0.009730
-0.091320
-0.010429
0.085974
0.006537
-0.096378
-0.045206
0.169164
0.034157
-0.089693
0.108034
0.167483
0.028720
0.041829
0.271555
0.167687
-0.172080
-0.196510
0.099728
0.160737
-0.113775
-0.148685
-0.233587
-0.234323
-0.142909
0.073298
0.139797
-0.137907
0.048901
-0.330927
-0.132936
0.397003
-0.233968
-0.554492
-0.107599
0.237717
-0.609864
-0.304942
0.318966
0.037717
0.057206
0.284277
0.340706
-0.047908
0.294898
0.330622
0.286273
0.120798
-0.079542
-0.068032
-0.054131
0.202677
0.102771
-0.039600
0.034216
0.242506
0.100627
-0.085413
0.104546
0.077302
-0.093554
-0.102150
-0.025787
-0.103066
-0.101899
0.005181
-0.032098
-0.037329
-0.022966
0.019457
0.011390
0.015811
-0.002833
-0.042818
-0.043995
-0.039863
-0.041841
-0.050144
-0.019629
-0.006413
-0.013995
-0.011176
-0.003813
0.000292
0.002264
-0.000562
-0.023108
-0.037489
-0.021523
-0.009156
0.003136
-0.042688
0.004545
0.063326
-0.058189
-0.066696
0.097945
-0.015632
-0.097327
0.087781
0.021235
-0.107630
0.000554
0.032004
-0.063973
-0.065464
-0.082081
0.106269
-0.073470
-0.151218
0.245078
-0.258362
-0.257963
0.313387
0.098110
-0.487697
-0.171479
0.045665
-0.068506
0.168254
0.094264
0.174559
-0.117098
-0.239111
-0.011325
0.363050
-0.145833
-0.494967
0.208176
0.145764
-0.500673
-0.258995
0.168417
-0.168093
-0.188506
0.183659
0.272567
0.096749
-0.111968
0.023260
0.360841
-0.168418
-0.224728
0.185549
0.099926
-0.121364
0.022720
0.162281
-0.038106
0.067945
0.144744
0.139556
0.092210
0.090123
0.024601
0.039382
0.184598
0.082689
-0.003106
0.004941
0.112594
0.100740
0.054134
0.104256
0.006540
-0.018335
0.053059
0.078238
-0.019036
-0.013998
0.007979
-0.003159
0.030626
0.011452
0.006814
0.009917
0.032538
0.011896
0.001510
-0.010950
-0.009419
-0.000247
-0.003023
0.002124
0.000143
0.001890
0.006058
-0.005898
0.010893
-0.012477
-0.014943
0.036276
0.015815
-0.052248
-0.018738
0.082954
-0.020019
-0.072653
0.057880
0.001071
-0.096596
0.097215
0.033521
-0.081396
0.095342
-0.056904
-0.018095
0.068831
-0.282302
-0.052376
0.080495
-0.115924
0.289563
0.260745
-0.146960
-0.072784
0.061078
0.108942
-0.140404
0.242555
0.337857
-0.023133
0.288533
0.364113
-0.161848
-0.310830
0.387328
0.297144
-0.168450
-0.022185
0.197513
-0.380360
-0.149352
0.453755
-0.189165
-0.232039
-0.199987
0.099206
0.248154
-0.162988
0.013225
-0.001710
0.113083
-0.093407
-0.202336
-0.041242
-0.006118
-0.098556
-0.060331
0.029342
-0.211637
-0.268321
-0.067911
0.168387
-0.039048
-0.282414
-0.140654
0.037202
-0.012860
-0.060528
-0.061282
-0.021984
-0.055131
-0.052442
0.002282
0.031630
0.026232
-0.020615
-0.017659
0.027044
-0.000781
-0.043507
0.000131
0.001335
-0.029315
-0.022755
0.003368
0.012207
0.006657
-0.001745
0.001812
0.000788
-0.007618
-0.009490
-0.014083
-0.011058
0.012709
-0.002059
-0.023179
-0.013552
-0.006125
-0.043953
-0.005989
0.054807
-0.003393
-0.013375
-0.000507
-0.017595
-0.032198
-0.017048
0.027587
0.015259
-0.052389
0.017798
0.105223
-0.024677
-0.074683
0.232173
-0.001155
0.015150
0.092114
-0.231953
-0.018153
0.142660
0.181893
-0.016573
0.022323
-0.001027
0.022971
0.109808
-0.208037
-0.271753
-0.064758
-0.011523
-0.021974
0.015383
-0.093633
-0.202267
-0.146791
-0.139301
-0.084107
-0.382777
-0.453497
0.054949
0.080644
-0.087326
-0.061682
-0.070525
0.174552
0.291795
-0.042435
-0.077659
-0.034979
0.063987
0.161586
0.236116
0.147224
-0.089928
0.090632
0.310154
0.276908
0.168082
0.094742
0.129722
0.118253
0.106720
0.087357
-0.079852
-0.137550
0.021638
0.011979
-0.029988
0.049129
0.005350
-0.032764
0.022875
0.022451
-0.030640
-0.020353
-0.014690
0.001352
0.026442
0.006153
-0.007025
0.007575
0.006836
-0.012671
-0.003881
-0.005066
-0.004359
-0.004144
-0.006557
0.004665
0.006640
0.003515
0.010771
-0.002615
-0.012950
0.014252
0.004854
-0.021319
0.000682
0.011213
-0.004864
-0.022679
0.022970
0.016342
0.062698
-0.075293
-0.108075
0.056906
-0.008276
-0.007645
0.075011
0.059132
-0.219630
-0.051398
0.135750
-0.010002
0.149269
0.165684
-0.196700
-0.127852
0.149143
0.094182
-0.089587
-0.078702
0.326512
0.042681
-0.301835
0.161587
0.078269
-0.502396
0.102158
0.118169
-0.176116
0.455481
-0.299703
-0.414020
0.382637
0.384709
-0.431173
-0.090672
0.390360
-0.386574
0.123566
0.368766
0.046775
-0.275507
-0.115560
0.247966
0.296988
0.200498
-0.059627
0.166482
0.117267
0.160311
0.187252
-0.028175
-0.174335
-0.134141
0.021240
-0.024220
-0.129803
-0.126587
0.058414
0.025694
-0.021285
0.051562
-0.000472
-0.059273
0.013761
-0.043117
-0.166985
-0.071075
-0.045108
-0.118494
-0.088899
-0.053514
-0.049178
-0.011430
0.005604
-0.015984
-0.013167
-0.015578
-0.026055
-0.047070
-0.063325
-0.059355
-0.042942
-0.033737
-0.024557
-0.026149
-0.021656
-0.011821
-0.012148
-0.010074
-0.022919
-0.035356
-0.024173
-0.022497
-0.049101
-0.018983
0.006554
-0.002957
-0.052853
-0.038138
0.014558
-0.076015
-0.032451
0.120113
-0.049756
-0.165286
0.041708
-0.175350
-0.149174
0.140889
0.212413
-0.122324
-0.172351
0.108621
-0.136376
-0.042935
0.191199
-0.054176
-0.347498
-0.134828
0.271462
0.372039
-0.346363
-0.170269
0.522170
-0.026466
-0.260446
0.592866
0.075698
-0.331614
0.855442
0.415780
-0.308284
0.276150
0.326864
-0.063851
0.267487
0.237394
-0.604930
-0.429524
0.043455
-0.095065
-0.194439
-0.485590
-0.169527
0.135525
0.065833
-0.018263
0.089887
-0.040175
-0.076665
0.184409
0.106244
0.060642
-0.092367
0.009128
0.178018
0.056513
-0.108128
0.162291
0.142527
-0.115961
0.035819
0.075947
-0.066041
-0.096883
-0.022450
-0.038152
-0.033843
-0.041996
-0.039781
0.007158
-0.040229
-0.055240
-0.016052
-0.040340
-0.068391
-0.069682
-0.054442
-0.045032
-0.029201
-0.058708
-0.037599
-0.011384
-0.015430
-0.013951
-0.005390
-0.005937
-0.016786
-0.012276
-0.016781
-0.004221
-0.026075
-0.004330
0.001785
-0.007796
-0.035751
-0.025358
0.005611
0.007736
0.021882
-0.061516
-0.049386
0.101691
0.001252
-0.125489
-0.074265
-0.019774
0.045488
0.006130
0.078976
0.083823
-0.384409
-0.035847
0.331909
-0.137160
0.034964
0.003211
-0.142051
0.121287
0.307510
-0.115984
-0.386088
0.320345
0.070900
-0.245130
0.322706
0.058461
-0.087503
0.515742
0.386277
-0.312546
-0.052941
0.062287
0.241872
0.400320
-0.049229
-0.058723
-0.199818
-0.213435
0.111122
0.165433
-0.564203
-0.496239
0.317845
0.235294
-0.207530
-0.199689
0.011686
-0.188778
0.002725
0.203309
-0.019852
-0.225149
-0.204067
-0.001618
-0.065238
-0.118187
-0.216577
-0.191393
-0.047727
0.036996
-0.037661
-0.064042
0.058295
0.012022
-0.008445
0.053873
0.048160
-0.004795
-0.009019
0.027095
0.039483
0.021173
-0.006955
0.008526
0.033594
0.031243
0.028592
0.021135
0.019359
0.020570
0.024268
0.025541
0.025091
0.013732
0.009628
0.010066
0.009856
0.013945
-0.000495
0.009006
0.016109
0.005183
0.015410
-0.004673
-0.026139
-0.019350
0.027544
0.049706
-0.003922
-0.062729
-0.020150
-0.000297
-0.043659
0.059443
0.060765
-0.003282
0.015586
-0.026758
-0.032399
0.012408
0.134836
0.070555
-0.013578
0.112450
-0.044190
-0.281809
0.102907
0.315849
-0.044194
-0.097575
0.238819
0.115730
-0.154322
0.401087
0.139496
-0.305212
0.344603
0.273546
-0.172584
0.034385
0.256458
-0.639045
-0.508775
0.762793
-0.130798
-0.722648
0.275085
0.341371
-0.560369
0.004698
0.453806
-0.204532
-0.214868
0.086240
0.114998
-0.145691
-0.083930
-0.168969
-0.176177
0.004145
-0.065353
-0.077471
0.077766
0.176606
0.045917
-0.014023
0.122282
0.093468
-0.018865
-0.071985
0.000561
-0.033452
-0.068090
-0.072578
-0.035850
0.020073
-0.016636
-0.007908
0.033092
0.034088
-0.003272
0.015611
0.010286
-0.019117
-0.032638
-0.036690
-0.024380
-0.011308
-0.017648
-0.009534
0.007407
0.016307
0.012163
0.006034
0.000379
0.003760
-0.003039
-0.014824
-0.002921
0.000351
-0.002219
-0.000580
0.003431
-0.009007
-0.001613
0.018143
-0.004453
-0.000289
0.027992
-0.003712
-0.034200
0.004676
-0.007858
-0.045320
0.018167
0.018795
-0.042660
-0.028717
0.002406
-0.019510
-0.017919
0.011737
-0.008720
-0.018709
0.001042
0.011461
0.004943
0.003662
0.002754
0.003483
0.009627
0.009227
0.006039
0.004388
0.007267
0.006086
0.002912
0.003198
0.007380
0.007802
0.010886
0.013951
0.008070
0.005109
0.005524
0.007125
0.007346
0.005503
0.002601
0.000786
0.000934
0.001729
0.002850
0.001823
0.000101
-0.000069
0.000195
0.001513
0.002086
0.002662
0.000312
-0.001216
-0.002133
0.000606
0.002462
0.000343
0.000672
0.000821
0.000485
-0.000258
0.000327
0.000703
0.001102
0.000469
0.000927
0.001127
0.001728
0.001771
0.001132
0.000044
0.000163
-0.000229
-0.000168
0.000202
0.000826
0.000497
0.000278
0.000198
0.000361
0.000381
0.000398
0.000185
0.000111
-0.000218
-0.000390
-0.000337
-0.000090
0.000050
0.000287
0.000164
-0.000153
-0.000237
-0.000072
0.000161
0.000272
0.000262
0.000065
-0.000020
0.000037
0.000369
0.000533
0.000455
0.000256
-0.000023
-0.000205
-0.000033
0.000269
0.000368
0.000168
-0.000103
-0.000332
-0.000364
-0.000281
-0.000272
-0.000381
-0.000583
-0.000598
-0.000497
-0.000244
-0.000202
-0.000268
-0.000372
-0.000398
-0.000384
-0.000175