0.132904
0.207320
0.276119
0.335295
0.381744
0.413672
0.430713
0.433729
0.424404
0.404772
0.376853
0.342503
0.303476
0.261636
0.219162
0.178607
0.142738
0.114150
0.094773
0.085438
0.085633
0.093578
0.106584
0.121605
0.135808
0.146996
0.153772
0.155432
0.151670
0.142261
0.126852
0.104970
0.076251
0.040786
-0.000553
-0.045971
-0.092866
-0.138206
-0.179050
-0.213071
-0.238889
-0.256142
-0.265271
-0.267129
-0.262570
-0.252169
-0.236186
-0.214760
-0.188266
-0.157646
-0.124598
-0.091498
-0.061074
-0.035926
-0.018048
-0.008514
-0.007430
-0.014140
-0.027616
-0.046849
-0.071107
-0.099961
-0.133068
-0.169822
-0.209023
-0.248715
-0.286292
-0.318861
-0.343766
-0.359098
-0.364037
-0.358918
-0.345014
-0.324125
-0.298133
-0.268683
-0.237077
-0.204395
-0.171761
-0.140593
-0.112701
-0.090143
-0.074856
-0.068165
-0.070328
-0.080300
-0.095779
-0.113573
-0.130151
-0.142228
-0.147213
-0.143408
-0.129939
-0.106506
-0.073098
-0.029813
0.023121
0.085132
0.154981
0.230498
0.308506
0.385027
0.455756
0.516685
0.564708
0.598029
0.616281
0.620326
0.611845
0.592872
0.565427
0.531364
0.492438
0.450512
0.407766
0.366754
0.330241
0.300824
0.280435
0.269903
0.268720
0.275106
0.286374
0.299479
0.311591
0.320515
0.324856
0.323910
0.317378
0.305035
0.286530
0.261396
0.229270
0.190247
0.145203
0.095935
0.045050
-0.004414
-0.049516
-0.087923
-0.118250
-0.140131
-0.154002
-0.160712
-0.161110
-0.155767
-0.144936
-0.128753
-0.107586
-0.082373
-0.054806
-0.027256
-0.002446
0.017030
0.029185
0.032948
0.028221
0.015664
-0.003688
-0.028820
-0.058995
-0.093779
-0.132821
-0.175510
-0.220641
-0.266252
-0.309730
-0.348177
-0.378931
-0.400077
-0.410790
-0.411399
-0.403171
-0.387900
-0.367465
-0.343502
-0.317309
-0.289961
-0.262578
-0.236570
-0.213743
-0.196151
-0.185725
-0.183785
-0.190587
-0.205077
-0.224952
-0.247014
-0.267729
-0.283807
-0.292653
-0.292566
-0.282667
-0.262654
-0.232511
-0.192335
-0.142349
-0.083123
-0.015892
0.057176
0.687552
0.647929
0.596185
0.535815
0.470036
0.401893
0.334461
0.270978
0.214761
0.168869
0.135582
0.115872
0.109050
0.112744
0.123266
0.136258
0.147477
0.153461
0.151925
0.141798
0.122953
0.095783
0.060813
0.018511
-0.030632
-0.085818
-0.145594
-0.207617
-0.268694
-0.325117
-0.373243
-0.410135
-0.434061
-0.444696
-0.442966
-0.430598
-0.409553
-0.381534
-0.347744
-0.308956
-0.265845
-0.219415
-0.171338
-0.124038
-0.080464
-0.043619
-0.015998
0.000873
0.006628
0.001930
-0.011924
-0.033490
-0.061591
-0.095469
-0.134649
-0.178559
-0.226085
-0.275251
-0.323177
-0.366382
-0.401343
-0.425157
-0.436090
-0.433835
-0.419429
-0.394862
-0.362547
-0.324835
-0.283745
-0.240964
-0.198070
-0.156831
-0.119397
-0.088236
-0.065791
-0.053925
-0.053323
-0.063073
-0.080575
-0.101848
-0.122143
-0.136717
-0.141527
-0.133671
-0.111508
-0.074475
-0.022761
0.042994
0.121824
0.212318
0.312348
0.418758
0.527230
0.632439
0.728555
0.809982
0.872169
0.912253
0.929379
0.924603
0.900461
0.860344
0.807896
0.746614
0.679716
0.610245
0.541280
0.476060
0.417905
0.369872
0.334247
0.312003
0.302453
0.303229
0.310644
0.320345
0.328091
0.330423
0.325061
0.310937
0.287928
0.256431
0.216975
0.170034
0.116103
0.055983
-0.008866
-0.076099
-0.142514
-0.204399
-0.258107
-0.300695
-0.330425
-0.346966
-0.351238
-0.344963
-0.330095
-0.308332
-0.280870
-0.248476
-0.211819
-0.171896
-0.130374
-0.089667
-0.052722
-0.022533
-0.001588
0.008593
0.007649
-0.003749
-0.024296
-0.052544
-0.087307
-0.127823
-0.173608
-0.224085
-0.278133
-0.333769
-0.388108
-0.437662
-0.478902
-0.508918
-0.525970
-0.529746
-0.521276
-0.502544
-0.475959
-0.443864
-0.408274
-0.370869
-0.333223
-0.297101
-0.264643
-0.238315
-0.220556
-0.213223
-0.216996
-0.230960
-0.252511
-0.277661
-0.301662
-0.319764
-0.327921
-0.323228
-0.304041
-0.269795
-0.220675
-0.157317
-0.080688
0.007806
0.106037
0.210852
0.317933
0.421959
0.517099
0.597759
0.659389
0.699125
0.716113
0.711410