-0.241797
-0.233389
-0.224331
-0.214242
-0.202378
-0.187657
-0.168838
-0.144804
-0.114868
-0.078986
-0.037819
0.007379
0.055012
0.103431
0.151176
0.197091
0.240290
0.280020
0.315489
0.345760
0.369768
0.386474
0.395115
0.395455
0.387946
0.373727
0.354455
0.332004
0.308135
0.284227
0.261158
0.239342
0.218898
0.199862
0.182350
0.166599
0.152880
0.141313
0.131672
0.123264
0.114964
0.105397
0.093229
0.077473
0.057719
0.034204
0.007705
-0.020690
-0.049860
-0.078876
-0.107089
-0.134086
-0.159523
-0.182939
-0.203629
-0.220654
-0.232991
-0.239779
-0.240585
-0.235583
-0.225574
-0.211852
-0.195932
-0.179259
-0.162974
-0.147814
-0.134179
-0.122303
-0.112470
-0.105158
-0.101058
-0.100946
-0.105456
-0.114829
-0.128753
-0.146338
-0.166259
-0.187023
-0.207258
-0.225939
-0.242478
-0.256653
-0.268425
-0.277717
-0.284263
-0.287581
-0.287088
-0.282325
-0.273193
-0.260103
-0.243988
-0.226143
-0.207952
-0.190587
-0.174772
-0.160691
-0.148070
-0.136365
-0.125001
-0.113556
-0.101819
-0.089707
-0.077087
-0.063582
-0.048451
-0.030614
-0.008833
0.018003
0.050582
0.088943
0.132423
0.179766
0.229375
0.279597
0.328971
0.376339
0.420815
0.461643
0.498032
0.529043
0.553609
0.570692
0.579528
0.579881
0.572203
0.557634
0.537830
0.514666
0.489903
0.464923
0.440602
0.417358
0.395310
0.374496
0.355034
0.337162
0.321154
0.307132
0.294872
0.283684
0.272447
0.259786
0.244372
0.225220
0.201926
0.174728
0.144407
0.112055
0.078797
0.045567
0.013016
-0.018437
-0.048444
-0.076540
-0.102015
-0.123925
-0.141242
-0.153101
-0.159065
-0.159300
-0.154603
-0.146263
-0.135790
-0.124625
-0.113900
-0.104349
-0.096365
-0.090178
-0.086067
-0.084501
-0.086168
-0.091838
-0.102139
-0.117306
-0.137022
-0.160390
-0.186081
-0.212595
-0.238555
-0.262930
-0.285127
-0.304918
-0.322257
-0.337064
-0.349066
-0.357776
-0.362606
-0.363092
-0.359128
-0.351122
-0.340000
-0.327055
-0.313664
-0.300995
-0.289765
-0.280158
-0.271892
-0.264419
-0.257161
-0.249693
0.409926
0.340716
0.284329
0.242633
0.215587
0.201329
0.196618
0.197509
0.200055
0.200853
0.197322
0.187669
0.170668
0.145388
0.111034
0.066996
0.013103
-0.050026
-0.120698
-0.196070
-0.272372
-0.345408
-0.411198
-0.466580
-0.509594
-0.539554
-0.556795
-0.562222
-0.556845
-0.541457
-0.516578
-0.482655
-0.440430
-0.391286
-0.337431
-0.281801
-0.227713
-0.178353
-0.136291
-0.103176
-0.079700
-0.065846
-0.061283
-0.065752
-0.079278
-0.102111
-0.134410
-0.175801
-0.224963
-0.279437
-0.335747
-0.389824
-0.437618
-0.475708
-0.501753
-0.514637
-0.514333
-0.501563
-0.477426
-0.443141
-0.400006
-0.349573
-0.293909
-0.235811
-0.178797
-0.126816
-0.083689
-0.052421
-0.034589
-0.029967
-0.036519
-0.050753
-0.068321
-0.084676
-0.095626
-0.097640
-0.087899
-0.064184
-0.024734
0.031783
0.106089
0.197958
0.305803
0.426396
0.554842
0.684922
0.809746
0.922598
1.017749
1.091066
1.140270
1.164839
1.165655
1.144556
1.103962
1.046694
0.975982
0.895578
0.809837
0.723611
0.641900
0.569282
0.509261
0.463710
0.432591
0.414045
0.404838
0.401026
0.398668
0.394367
0.385545
0.370415
0.347758
0.316646
0.276291
0.226090
0.165876
0.096276
0.018988
-0.063137
-0.146324
-0.226370
-0.299287
-0.361905
-0.412260
-0.449657
-0.474422
-0.487456
-0.489760
-0.482119
-0.465044
-0.438977
-0.404651
-0.363442
-0.317548
-0.269900
-0.223805
-0.182442
-0.148373
-0.123239
-0.107724
-0.101804
-0.105139
-0.117463
-0.138793
-0.169371
-0.209349
-0.258345
-0.315030
-0.376938
-0.440586
-0.501899
-0.556816
-0.601913
-0.634840
-0.654474
-0.660782
-0.654481
-0.636661
-0.608536
-0.571398
-0.526792
-0.476781
-0.424155
-0.372428
-0.325542
-0.287314
-0.260745
-0.247406
-0.247066
-0.257686
-0.275771
-0.296966
-0.316724
-0.330847
-0.335802
-0.328768
-0.307522
-0.270299
-0.215769
-0.143204
-0.052831
0.053766
0.173359
0.301055
0.430636
0.555212
0.668066
0.763471
0.837294
0.887253
0.912827
0.914897
0.895299
0.856452
0.801176
0.732698
0.654768
0.571739
0.488459