-0.012851
-0.008423
-0.007649
-0.007503
-0.011241
-0.010329
-0.008071
-0.008143
-0.007331
-0.005764
-0.002546
-0.005051
-0.006159
-0.003009
-0.004808
-0.005691
-0.007114
-0.002800
-0.000820
0.001739
0.011769
-0.003178
-0.009990
0.009752
0.005068
-0.010803
-0.009097
0.004902
0.005220
-0.007141
0.009551
0.029435
0.024650
-0.001141
-0.020100
-0.028642
-0.027737
-0.026011
-0.003648
0.004568
0.017045
0.048058
0.009889
-0.010155
-0.027010
-0.067873
-0.023897
-0.002537
-0.041915
0.008551
0.078623
0.008252
-0.107738
-0.120254
-0.022317
-0.022598
-0.145132
-0.054230
0.056469
0.007595
-0.009470
-0.015793
0.002661
0.012874
-0.067293
-0.058721
0.008191
0.046833
0.061653
0.037482
0.051939
0.057348
0.000555
-0.013900
0.032943
0.021569
-0.021367
-0.011981
0.004318
-0.002226
-0.009047
-0.005791
0.020217
0.027300
0.023295
0.029755
0.028059
0.028580
0.032175
0.019657
0.013508
0.016660
0.017785
0.012873
0.005416
-0.002656
-0.002193
-0.000232
0.000996
0.004924
0.006217
0.012932
0.013055
0.006857
0.003556
0.003727
0.004896
0.003622
0.000567
0.000336
0.001032
0.004064
0.000502
-0.003951
-0.000841
0.003485
0.008130
0.004332
-0.000594
0.005440
0.003898
-0.004012
-0.002438
0.005588
0.022770
0.014955
0.005499
0.015401
0.008000
-0.001114
-0.005489
0.011991
0.043264
0.012478
-0.012698
0.027909
0.048482
-0.011077
-0.026454
0.027959
0.022279
0.017133
0.016377
0.023356
0.025665
-0.031804
-0.045001
-0.082407
-0.097758
0.034578
0.070189
-0.022138
0.000255
0.078662
0.034068
-0.082269
-0.100696
-0.006390
-0.002089
-0.072680
0.007022
0.105183
0.095457
0.099763
0.063669
0.029905
0.024457
0.015884
0.037098
0.002923
-0.036411
0.002125
0.033173
-0.012870
-0.038871
-0.017071
-0.004900
0.010357
0.009859
0.023217
0.040399
0.033679
0.028655
0.012303
-0.001608
0.002346
-0.010333
-0.027477
-0.027175
-0.027456
-0.022838
-0.013574
-0.015194
-0.019151
-0.011155
-0.007227
-0.011989
-0.015619
-0.018743
-0.016180
-0.019885
-0.021250
-0.016722
-0.020479
-0.022690
-0.019134
-0.017633
-0.020673
-0.022216
-0.017412
-0.013002
-0.013854
-0.017470
-0.015910
-0.013691
-0.011807
-0.016562
-0.021289
-0.013437
-0.009696
-0.006746
-0.011358
-0.007311
0.004020
-0.010967
-0.012067
-0.006030
-0.008382
-0.010765
-0.012297
0.016210
0.009719
-0.014362
0.014066
0.037763
0.028701
0.010284
0.031958
0.061433
0.015133
-0.036383
-0.019008
0.004699
-0.016968
-0.042733
-0.045560
-0.024789
-0.040032
-0.058731
-0.030871
0.005070
0.049161
-0.020594
-0.058817
-0.003348
-0.045109
-0.079332
-0.066039
-0.033905
-0.081011
-0.125325
-0.035519
0.023299
0.003674
0.013126
0.060629
0.073169
0.058551
0.031438
0.031159
0.050226
0.047796
0.004979
-0.039846
-0.012759
0.023653
0.013825
0.013191
0.040801
0.051366
0.029822
0.018843
0.026526
0.023196
0.014060
0.021342
0.013240
0.007344
0.017373
0.016624
0.008829
0.003276
0.006537
0.006415
0.004907
0.009831
0.007630
0.002133
-0.000129
-0.004934
-0.009948
-0.014084
-0.012892
-0.015235
-0.015955
-0.014018
-0.011493
-0.011037
-0.008698
-0.006597
-0.011159
-0.011996
-0.010561
-0.008782
-0.015775
-0.012174
-0.001486
-0.013274
-0.014543
0.002237
-0.003415
-0.009899
-0.001226
0.001997
-0.001257
-0.008999
-0.006737
-0.003918
-0.021012
-0.023207
0.004778
-0.021195
-0.021151
0.021490
-0.034139
-0.033914
0.006735
-0.013883
-0.046124
-0.072613
-0.038711
-0.004459
-0.049941
-0.024979
0.064924
0.036621
-0.022885
-0.059487
-0.042898
-0.024041
-0.075303
-0.042299
0.004046
-0.066672
-0.082438
-0.042822
-0.047219
-0.065192
-0.048003
0.027445
0.062341
0.004143
0.003697
0.050355
0.000235
-0.042480
-0.036122
-0.005208
0.020303
-0.012947
-0.005371
0.021541
0.011682
0.021907
0.015314
0.012734
0.045827
0.039100
0.023843
0.039071
0.034387
0.040572
0.044157
0.037139
0.034638
0.029293
0.037118
0.036863
0.021531
0.018144
0.029158
0.027960
0.029624
0.033600
0.030907
0.023858
0.019538
0.019639
0.017940
0.019803
0.022858
0.023649
0.021550
0.018535
0.016924
0.014412
0.011742
0.011974
0.010020
0.008321
0.008232
0.011011
0.007782
0.005301
0.011497
0.011471
0.003790
0.003382
0.014219
0.008131
-0.003935
0.006793
0.007544
-0.001254
0.005672
0.001118
0.008652
0.022184
0.000386
0.009670
0.001667
-0.038007
-0.010468
-0.022347
-0.023712
0.047604
0.044994
0.051236
0.038383
-0.004270
0.022943
-0.041280
-0.009881
0.089350
0.061962
0.107019
0.112306
0.029509
0.015340
0.019012
0.018529
-0.010803
-0.010685
0.079998
0.042290
-0.024919
0.007188
0.007322
0.021278
-0.017123
-0.008311
0.030255
-0.009454
0.044989
0.049528
0.036131
0.029245
-0.044170
-0.005181
0.011256
-0.053426
-0.037481
-0.028417
-0.008891
-0.024916
-0.085250
-0.031475
0.000504
-0.039081
-0.040661
-0.042649
-0.034966
-0.026791
-0.043884
-0.021558
-0.008247
-0.024723
-0.022193
-0.026555
-0.024858
-0.015682
-0.027346
-0.024197
-0.021597
-0.026841
-0.019279
-0.017923
-0.019021
-0.020144
-0.021537
-0.015863
-0.014990
-0.010630
-0.009020
-0.008056
-0.006307
-0.007236
-0.006542
-0.009892
-0.008634
-0.007098
-0.009556
-0.010526
-0.010056
-0.014884
-0.012598
-0.007694
-0.010332
-0.008196
-0.006424
-0.005193
-0.010054
-0.021362
-0.012811
-0.005605
-0.012042
-0.002468
0.008141
-0.000679
-0.002643
0.022661
0.012352
0.015430
0.006336
-0.024329
0.000753
-0.002958
0.009081
0.018935
0.014663
0.054222
0.032898
-0.018118
-0.045549
-0.057014
-0.023194
-0.027834
-0.054325
-0.021523
0.028544
0.026715
-0.040891
-0.094871
-0.077854
-0.087225
-0.112757
-0.094476
-0.061098
-0.008468
0.013601
0.000317
0.026889
0.009671
-0.027835
-0.026485
-0.050201
-0.028080
-0.017393
-0.010860
0.056940
0.052150
0.039225
0.046787
0.013503
0.024913
0.030998
0.028244
0.038600
0.027667
0.039942
0.043263
0.023664
0.024373
0.012179
0.003360
0.012540
0.017393
0.025545
0.027454
0.028879
0.034463
0.031192
0.032681
0.033056
0.024759
0.021453
0.013894
0.008620
0.008911
0.004300
0.003470
0.004467
0.004932
0.005515
0.001647
0.000720
0.001441
0.001094
0.001809
0.000885
0.001841
0.004497
0.002321
-0.001656
-0.001998
0.001323
0.003291
0.000087
0.003218
0.009809
0.015816
-0.002081
-0.012207
0.002404
-0.001208
-0.002748
0.009756
0.021087
0.007523
-0.004767
-0.000442
0.000481
0.025283
0.040625
0.014293
0.005585
0.007462
0.007738
-0.023823
-0.027820
0.064176
0.047891
-0.029294
0.001869
-0.000164
-0.037885
-0.034429
-0.069669
-0.002536
0.077149
-0.023548
-0.018611
0.023271
0.033740
-0.001735
-0.081356
0.020781
0.059511
-0.013830
0.000987
0.032771
0.033813
0.031404
0.009209
-0.004832
0.030549
0.069594
0.083119
0.060733
0.027779
0.036611
0.054668
0.013135
-0.026418
-0.022449
-0.012781
-0.007814
-0.009250
0.003325
0.025172
0.035344
0.024243
0.015730
0.011462
0.007513
0.000979
-0.021864
-0.024769
-0.014067
-0.016415
-0.015454
-0.017966
-0.022169
-0.021336
-0.024003
-0.021563
-0.021031
-0.018062
-0.015451
-0.019244
-0.019132
-0.019780
-0.022824
-0.028253
-0.027572
-0.028241
-0.029000
-0.028963
-0.025024
-0.017906
-0.018969
-0.019068
-0.017582
-0.018795
-0.022945
-0.022755
-0.018981
-0.016315
-0.020611
-0.020735
-0.015744
-0.026513
-0.024527
-0.003292
-0.013802
-0.023724
-0.017714
-0.043811
-0.043999
-0.026871
0.000802
-0.001502
-0.022906
0.006835
-0.016405
-0.051870
-0.031235
-0.029988
-0.035104
-0.040420
-0.006301
0.028906
-0.044250
-0.008915
0.087683
0.010285
-0.052512
0.012510
0.051027
0.076136
0.088263
0.057535
0.083436
0.109830
0.094989
0.037920
-0.029713
0.041401
0.037323
-0.080178
-0.083867
-0.059691
-0.045615
-0.035573
-0.026468
-0.000232
0.020431
0.027961
0.038970
0.036005
0.019131
0.014882
0.032391
0.030737
0.019223
0.030824
0.028986
0.005406
-0.019170
-0.015783
-0.000231
-0.009464
-0.023573
-0.011828
0.001243
-0.011708
-0.013548
-0.002367
-0.003403
-0.004031
-0.010146
-0.005150
0.002654
-0.006910
-0.014041
-0.010038
-0.008574
-0.011615
-0.014317
-0.015524
-0.012730
-0.014876
-0.021187
-0.020811
-0.018651
-0.017221
-0.012536
-0.012090
-0.011994
-0.011479
-0.010530
-0.012682
-0.016946
-0.015666
-0.012427
-0.012789
-0.019161
-0.020329
-0.016558
-0.013924
-0.013695
-0.022787
-0.018510
-0.000297
-0.012951
-0.031546
-0.032510
-0.020026
-0.007637
-0.027068
-0.009503
0.021861
-0.027553
-0.018619
-0.005335
-0.035544
0.010468
0.000353
0.006687
0.035196
0.002854
0.002233
-0.024724
0.016102
0.026629
-0.058215
-0.004945
0.048573
0.063966
0.089638
0.048727
0.035593
0.043701
0.015934
0.020764
-0.009838
0.016883
0.110723
0.042542
-0.041707
-0.042216
-0.034274
-0.033398
-0.073603
-0.045247
0.031470
0.001298
-0.004372
0.043313
0.001935
-0.025350
-0.021284
-0.017001
0.006445
-0.019267
-0.044758
-0.049175
-0.059733
-0.062476
-0.065338
-0.062563
-0.041796
-0.040292
-0.044589
-0.021276
-0.009650
-0.018533
-0.018971
-0.013079
-0.007955
-0.008236
-0.011223
-0.012526
-0.018412
-0.021494
-0.016311
-0.013956
-0.013593
-0.005657
-0.000473
-0.000894
-0.000502
-0.001835
0.001244
0.004539
0.006700
0.009445
0.008008
0.007776
0.008087
0.003515
0.002037
0.004011
0.004610
0.007919
0.005140
0.000344
-0.000972
0.003051
0.007715
0.000533
-0.008112
-0.003307
-0.004122
-0.013407
-0.005841
0.004089
0.015400
0.015498
-0.003304
-0.007422
-0.004744
0.010652
0.015908
0.009838
0.036444
0.024206
-0.027875
-0.011857
0.019456
0.016164
0.014487
0.048921
0.069665
0.028061
0.040185
0.038037
0.017741
0.067557
0.052370
0.020121
0.030571
0.050236
-0.023446
-0.100832
0.000534
-0.002471
-0.072932
0.010106
0.067631
0.008494
-0.040698
-0.000645
0.049575
-0.005521
-0.032195
0.011916
-0.001867
-0.008889
-0.030556
-0.070303
-0.036542
-0.029516
-0.051270
-0.025865
0.011507
0.036415
0.018339
-0.005671
0.011702
0.006250
-0.021774
-0.019537
-0.020530
-0.023393
-0.022476
-0.020974
-0.016397
-0.012683
-0.007051
-0.001307
-0.002606
-0.001275
0.002547
0.001802
-0.001780
-0.000823
-0.001875
-0.004780
-0.004917
-0.006236
-0.007497
-0.008010
-0.006424
-0.006470
-0.004260
-0.002558
-0.000066
-0.000628
-0.002781
-0.000132
-0.002289
-0.005522
-0.006885
-0.007470
-0.007094
-0.008224
-0.006027
-0.004463
-0.001328
0.002978
-0.002033
-0.008024
-0.006629
-0.007554
-0.011531
-0.008251
-0.003003
-0.003349
-0.004972
-0.004059
-0.005185
-0.008507
-0.005243
0.000542
-0.000791
-0.001118
0.000478
-0.000108
0.000960
0.000548
0.000093
0.000428
0.000706
0.001022
0.000768
0.000947
0.000667
0.000023
-0.001017
-0.000664
0.000341
0.000363
0.001018
0.000934
0.000842
0.000756
0.001342
0.002165
0.002308
0.002667
0.002897
0.002853
0.002137
0.001821
0.001454
0.001104
0.001079
0.001275
0.001426
0.001744
0.001893
0.002019
0.001777
0.001637
0.001511
0.001483
0.001391
0.001306
0.001156
0.000997
0.000910
0.000841
0.000830
0.000797
0.000727
0.000760
0.000667
0.000592
0.000605
0.000636
0.000651
0.000564
0.000476
0.000523
0.000680
0.000808
0.000832
0.000811
0.000719
0.000608
0.000628
0.000681
0.000753
0.000840
0.000899
0.000807
0.000620
0.000508
0.000443
0.000450
0.000465
0.000436
0.000382
0.000310
0.000242
0.000173
0.000140
0.000105
0.000085
0.000102
0.000088
0.000097
0.000097
0.000099
0.000073
0.000050
0.000023
0.013138
-0.003889
0.061338
-0.030401
-0.063735
0.106436
0.085068
-0.086336
-0.032382
0.066817
-0.030391
-0.000924
0.170428
0.069615
-0.008890
-0.044634
-0.032167
-0.039768
-0.031901
-0.076422
0.022497
0.010640
-0.084818
0.246232
0.045129
-0.145315
-0.096051
-0.245635
-0.061373
0.353625
-0.140211
-0.381968
0.386804
-0.059808
-0.622997
0.032218
0.153499
-0.326768
-0.428953
0.165281
0.180776
-0.193841
-0.051874
0.298675
0.041059
-0.314237
0.008234
0.186682
0.127970
0.215050
0.046153
-0.023480
0.370597
0.202178
-0.064874
0.112571
0.256111
-0.031802
-0.080898
0.039955
-0.020564
-0.127660
-0.102913
0.040565
0.029479
-0.043188
0.028403
0.117338
0.072838
0.006432
-0.019442
-0.022561
-0.003364
-0.014197
-0.041873
-0.015987
-0.005578
0.008596
0.015816
0.011850
0.005846
0.030682
0.022933
0.005873
0.003724
0.003865
0.003089
-0.001431
0.006188
0.003485
-0.003719
-0.011648
-0.010415
0.013156
0.003162
-0.020591
-0.002871
0.002991
0.009937
0.003786
-0.021951
-0.004177
0.014040
-0.022446
0.001920
0.034236
0.066931
-0.016206
-0.021569
0.050993
0.007814
-0.039440
-0.025574
0.065497
0.140453
-0.021013
-0.154385
0.094828
0.272939
-0.149615
-0.146276
0.289909
-0.110901
-0.060446
0.361264
0.078136
-0.287458
-0.189099
-0.006479
-0.183447
-0.192312
0.163578
0.292254
-0.323210
-0.252808
0.595616
0.094537
-0.551213
-0.032743
0.064989
-0.395378
-0.060408
0.515693
0.235976
-0.214276
0.131130
0.530865
0.379878
-0.100991
-0.041639
0.189049
-0.039274
-0.071568
-0.018734
-0.037924
-0.311810
-0.129738
0.220434
-0.002520
-0.119992
0.076000
0.198545
-0.078365
-0.018277
0.051770
-0.127535
-0.086790
-0.050302
-0.082756
-0.098023
-0.014249
-0.027848
-0.048051
-0.036591
-0.048907
0.002887
-0.008938
-0.028266
-0.039883
-0.020157
-0.009755
-0.024916
-0.035628
-0.037732
-0.020611
-0.031241
-0.021133
-0.014035
-0.017148
-0.012992
-0.014933
-0.012739
-0.011064
-0.015199
-0.027942
-0.012419
-0.008988
0.013004
-0.009563
-0.041034
-0.004789
-0.004120
0.010820
-0.011096
0.000412
0.012205
-0.066110
-0.022833
0.064154
0.006400
-0.089305
-0.050400
0.140608
0.051953
-0.083100
0.075060
0.167036
0.047550
0.022270
0.232638
0.184685
-0.114716
-0.166879
0.067651
0.135330
-0.112292
-0.149332
-0.177091
-0.203980
-0.142519
0.020121
0.094523
-0.138632
0.042650
-0.185232
-0.152663
0.294840
-0.154017
-0.520758
-0.171123
0.236723
-0.495180
-0.395362
0.267324
0.064421
0.006666
0.229965
0.363342
0.016317
0.256316
0.345078
0.229848
0.100350
-0.030131
0.002963
-0.051084
0.119051
0.084951
-0.024334
0.041204
0.218586
0.129246
-0.064619
0.087964
0.091815
-0.088327
-0.117000
-0.035171
-0.071342
-0.099598
-0.010362
-0.034366
-0.036866
-0.011783
0.017410
-0.001996
-0.002920
0.004165
-0.031212
-0.042581
-0.041317
-0.036777
-0.044535
-0.022002
-0.008472
-0.015516
-0.009739
-0.005734
-0.003218
0.000593
0.001433
-0.019011
-0.034399
-0.019197
-0.009753
0.000827
-0.034470
-0.004062
0.054218
-0.033657
-0.067997
0.077611
0.014062
-0.093496
0.060620
0.044670
-0.093588
-0.016637
0.046181
-0.055009
-0.070287
-0.076043
0.066776
-0.036692
-0.160747
0.185960
-0.143176
-0.276128
0.217926
0.154812
-0.428328
-0.217845
0.087422
-0.086213
0.085610
0.080772
0.144231
-0.016168
-0.154805
-0.031686
0.276065
-0.113739
-0.476859
0.134233
0.183721
-0.415650
-0.294397
0.157814
-0.100026
-0.246008
0.104683
0.265196
0.101836
-0.054218
0.032081
0.310035
-0.098414
-0.238841
0.128356
0.106241
-0.135976
0.004120
0.199847
-0.020342
0.032072
0.146657
0.138633
0.080064
0.072622
0.055921
0.049028
0.138219
0.084023
0.006415
0.007005
0.109791
0.106701
0.037855
0.089052
0.023022
-0.009582
0.046631
0.056278
-0.020362
-0.009611
0.024668
0.000680
0.019714
0.016117
0.012341
0.005752
0.019757
0.012870
0.006255
-0.002068
-0.008486
-0.005081
-0.007036
-0.001370
0.002347
0.003161
0.006797
-0.006065
0.008324
-0.005051
-0.014747
0.026492
0.022387
-0.036075
-0.021804
0.073569
-0.000988
-0.069597
0.037384
0.019667
-0.087372
0.061122
0.055174
-0.076987
0.065875
-0.009235
-0.035142
0.060799
-0.207404
-0.099929
0.079522
-0.101232
0.163955
0.277447
-0.070624
-0.062571
0.104174
0.100135
-0.151496
0.136317
0.294962
0.020215
0.235302
0.380111
-0.014919
-0.292973
0.287165
0.308182
-0.194256
-0.084055
0.227730
-0.228602
-0.190400
0.369650
-0.120787
-0.265397
-0.145240
0.083053
0.192804
-0.154293
-0.015366
0.041523
0.117390
-0.081812
-0.185648
-0.039819
-0.008644
-0.076895
-0.115640
0.008815
-0.143108
-0.230519
-0.065826
0.102058
-0.053448
-0.227542
-0.107209
0.032710
-0.033819
-0.087328
-0.052984
-0.007526
-0.056575
-0.047149
0.001511
0.021528
0.026427
-0.019877
-0.021226
0.023865
0.011005
-0.029967
-0.005559
-0.006064
-0.022637
-0.015633
0.003878
0.007759
0.003844
0.003221
0.006744
-0.004534
-0.010302
-0.006871
-0.018327
-0.016923
0.007198
0.000503
-0.021019
-0.019208
-0.005313
-0.033401
-0.015106
0.042383
0.001677
-0.016409
0.004267
-0.006257
-0.027429
-0.020618
0.013175
0.011389
-0.044231
0.004893
0.091242
0.000820
-0.079173
0.183476
0.042468
-0.018109
0.095090
-0.155874
-0.055997
0.112376
0.155266
-0.030011
0.023486
0.046543
0.038219
0.111840
-0.175196
-0.270427
-0.080074
-0.018089
-0.053640
-0.029378
-0.060118
-0.130073
-0.096567
-0.130107
-0.128212
-0.341078
-0.431608
-0.014468
0.044573
-0.125763
-0.055349
0.013202
0.159306
0.257097
-0.018924
-0.084314
-0.000928
0.048967
0.082087
0.169671
0.148246
-0.012714
0.123517
0.287083
0.253861
0.150530
0.097393
0.141971
0.106715
0.083174
0.087125
-0.043044
-0.112759
0.014962
0.018454
-0.044842
0.027780
0.017537
-0.028263
0.006620
0.020411
-0.021998
-0.020419
-0.013980
-0.006588
0.020050
0.015254
0.000372
0.005472
0.002272
-0.016646
-0.008555
-0.004385
-0.006807
-0.006635
-0.006842
0.007594
0.011605
0.003270
0.008449
-0.000411
-0.011178
0.010955
0.007717
-0.020303
-0.002953
0.013211
0.001169
-0.018725
0.019867
0.019434
0.055439
-0.043386
-0.100614
0.036915
0.002029
-0.024163
0.046743
0.074860
-0.160336
-0.064179
0.127739
-0.012795
0.076660
0.161655
-0.114704
-0.125134
0.131794
0.095590
-0.099190
-0.103140
0.260692
0.110084
-0.242567
0.090025
0.143125
-0.418467
-0.030321
0.157201
-0.204757
0.310407
-0.088049
-0.379303
0.263479
0.414173
-0.366266
-0.189065
0.394294
-0.286406
0.015823
0.341423
0.063554
-0.225027
-0.099165
0.245174
0.236802
0.132424
-0.037199
0.192173
0.164047
0.131593
0.164524
-0.020401
-0.117051
-0.106860
-0.012888
-0.046793
-0.137465
-0.106515
0.056993
0.021445
-0.045821
0.066669
0.045734
-0.057556
-0.019386
-0.038894
-0.137027
-0.084047
-0.052453
-0.118268
-0.090794
-0.037567
-0.035009
-0.021582
-0.007315
-0.016438
-0.010184
-0.009408
-0.028057
-0.043767
-0.054415
-0.051882
-0.043801
-0.036720
-0.026041
-0.023417
-0.019387
-0.014137
-0.012573
-0.012069
-0.021269
-0.032762
-0.022584
-0.016417
-0.040742
-0.023690
0.001590
-0.000451
-0.043529
-0.036547
0.011365
-0.059075
-0.046647
0.089235
-0.016190
-0.155371
0.024418
-0.113008
-0.168675
0.074647
0.183446
-0.087013
-0.162235
0.115732
-0.071350
-0.082942
0.124794
-0.021579
-0.301548
-0.144378
0.223443
0.321623
-0.263107
-0.201175
0.465960
0.101998
-0.298962
0.418049
0.207387
-0.326838
0.657266
0.528564
-0.279813
0.186761
0.450872
-0.021093
0.116575
0.231516
-0.449245
-0.387389
0.026478
-0.142834
-0.245951
-0.430217
-0.144882
0.125389
0.023652
-0.046617
0.099247
0.031621
-0.079072
0.116264
0.071112
0.061636
-0.048609
-0.006886
0.156621
0.077617
-0.082390
0.126766
0.148523
-0.107291
0.011691
0.101816
-0.046059
-0.102251
-0.022336
-0.022798
-0.034470
-0.039797
-0.033774
0.004429
-0.041640
-0.060116
-0.014602
-0.042262
-0.072448
-0.068095
-0.049349
-0.041567
-0.027031
-0.047181
-0.035227
-0.012512
-0.015333
-0.010721
-0.006319
-0.005412
-0.013549
-0.008608
-0.014827
-0.010232
-0.026580
-0.009353
-0.000924
-0.012623
-0.035282
-0.029408
0.001092
0.001937
0.015798
-0.043124
-0.048187
0.084722
0.025782
-0.106699
-0.074813
-0.014218
0.029657
-0.001302
0.044900
0.087764
-0.271136
-0.082133
0.289639
-0.099622
-0.059898
0.041115
-0.078023
0.059546
0.274132
-0.052085
-0.368057
0.249166
0.138763
-0.257040
0.196717
0.120834
-0.065958
0.401609
0.429024
-0.230921
-0.082012
0.139561
0.175471
0.278085
-0.043660
-0.039947
-0.061563
-0.134132
0.015768
0.108543
-0.459712
-0.489219
0.248083
0.198828
-0.221563
-0.176078
0.073344
-0.103899
-0.080055
0.116955
0.005591
-0.183350
-0.179701
0.005955
-0.078722
-0.136727
-0.175192
-0.182397
-0.071698
0.012458
-0.026633
-0.047314
0.049915
0.015399
-0.009566
0.046457
0.047822
0.002299
-0.010118
0.024520
0.031738
0.018688
0.004845
0.002885
0.022914
0.028414
0.030724
0.026393
0.021520
0.019540
0.025176
0.023872
0.022330
0.018439
0.012298
0.012573
0.009027
0.011865
-0.002279
-0.000235
0.008647
0.004056
0.013894
-0.002209
-0.024686
-0.022850
0.019138
0.041198
-0.001159
-0.051093
-0.018739
0.009270
-0.039724
0.029723
0.053095
-0.000490
0.020449
-0.000718
-0.023853
-0.003853
0.101615
0.064567
-0.018438
0.093753
0.012013
-0.218487
0.033887
0.269307
-0.026044
-0.123862
0.216191
0.182258
-0.128481
0.295959
0.202014
-0.269767
0.227371
0.324238
-0.128293
-0.044255
0.276242
-0.431986
-0.560004
0.565456
-0.005652
-0.712689
0.133279
0.444804
-0.427926
-0.140975
0.447891
-0.126147
-0.261015
0.077917
0.125311
-0.144851
-0.091545
-0.105619
-0.169516
-0.049335
-0.065041
-0.067758
0.043106
0.149644
0.074466
0.002749
0.131798
0.098816
-0.021741
-0.063351
-0.008407
-0.030899
-0.061358
-0.066525
-0.048759
0.013866
-0.008992
-0.007471
0.025146
0.035010
0.010796
0.011569
0.002935
-0.018950
-0.025424
-0.030074
-0.024634
-0.013367
-0.013342
-0.007415
0.001744
0.009923
0.008516
0.006571
-0.000381
-0.000821
-0.000266
-0.010594
-0.007668
-0.002004
-0.002656
-0.002814
0.003999
-0.004560
-0.001884
0.012901
-0.003758
-0.004705
0.024435
0.006527
-0.028063
0.000498
-0.001144
-0.043879
0.001719
0.019127
-0.034354
-0.030697
0.005828
-0.012275
-0.022639
0.005995
-0.004875
-0.018459
-0.001901
0.012361
0.004745
0.001848
0.003826
0.001803
0.004567
0.005791
0.007499
0.004894
0.006804
0.006851
0.001398
0.003534
0.007426
0.009304
0.010639
0.012512
0.010513
0.006864
0.006055
0.005493
0.006305
0.003215
0.001860
0.001613
0.000429
0.000481
0.002272
0.001898
-0.001772
0.001607
0.003157
0.001728
0.002600
0.002010
0.000100
-0.003598
-0.000931
0.000893
-0.000315
0.000753
0.000757
0.000643
0.000115
0.000328
0.000142
0.001637
0.001103
0.001160
0.001341
0.001406
0.001054
0.000792
0.000495
0.000501
0.000150
0.000315
0.000076
0.000675
0.000989
0.000801
0.000453
0.000519
0.000362
0.000141
0.000161
0.000020
-0.000067
-0.000148
-0.000317
-0.000237
0.000029
0.000160
0.000242
0.000153
-0.000130
-0.000187
0.000020
0.000317
0.000330
0.000184
0.000033
-0.000016
0.000117
0.000397
0.000562
0.000439
0.000205
0.000115
0.000060
0.000098
0.000252
0.000336
0.000177
-0.000051
-0.000138
-0.000264
-0.000367
-0.000415
-0.000447
-0.000582
-0.000595
-0.000313
-0.000236
-0.000326
-0.000366
-0.000333
-0.000414
-0.000213