0.622586
0.527906
0.366424
0.204547
0.108285
0.118016
0.233050
0.411885
0.588042
0.695457
0.693707
0.583449
0.406169
0.228339
0.116028
0.109680
0.208669
0.371553
0.531920
0.623766
0.606730
0.481529
0.289709
0.097797
-0.028079
-0.047425
0.039187
0.190364
0.339737
0.421349
0.394877
0.261077
0.061527
-0.137214
-0.268992
-0.293289
-0.210657
-0.062475
0.084902
0.165522
0.139069
0.006297
-0.191220
-0.386929
-0.514691
-0.534001
-0.445433
-0.290388
-0.135249
-0.045997
-0.062984
-0.185493
-0.371989
-0.555965
-0.671326
-0.677617
-0.575464
-0.406320
-0.236624
-0.132416
-0.134106
-0.241036
-0.411735
-0.579756
-0.679069
-0.669281
-0.551082
-0.365988
-0.180502
-0.060725
-0.047129
-0.139116
-0.295274
-0.449215
-0.534962
-0.512177
-0.381600
-0.184799
0.011680
0.141692
0.164724
0.081336
-0.067092
-0.214204
-0.294049
-0.266313
-0.131756
0.068040
0.266516
0.397519
0.420532
0.336116
0.185654
0.035511
-0.048350
-0.025601
0.103020
0.295953
0.486667
0.609038
0.622586
0.527906
0.366424
0.204547
0.108285
0.118016
0.233050
0.411885
0.588042
0.695457
0.693707
0.583449
0.406169
0.228339
0.116028
0.109680
0.208669
0.371553
0.531920
0.623766
0.606730
0.481529
0.289709
0.097797
-0.028079
-0.047425
0.039187
0.190364
0.339737
0.421349
0.394877
0.261077
0.061527
-0.137214
-0.268992
-0.293289
-0.210657
-0.062475
0.084902
0.165522
0.139069
0.006297
-0.191220
-0.386929
-0.514691
-0.534001
-0.445433
-0.290388
-0.135249
-0.045997
-0.062984
-0.185493
-0.371989
-0.555965
-0.671326
-0.677617
-0.575464
-0.406320
-0.236624
-0.132416
-0.134106
-0.241036
-0.411735
-0.579756
-0.679069
-0.669281
-0.551082
-0.365988
-0.180502
-0.060725
-0.047129
-0.139116
-0.295274
-0.449215
-0.534962
-0.512177
-0.381600
-0.184799
0.011680
0.141692
0.164724
0.081336
-0.067092
-0.214204
-0.294049
-0.266313
-0.131756
0.068040
0.266516
0.397519
0.420532
0.336116
0.185654
0.035511
-0.048350
-0.025601
0.103020
0.295953
0.486667
0.609038
0.622586
0.527906
0.366424
0.204547
0.108285
0.118016
0.233050
0.411885
0.588042
0.695457
0.693707
0.583449
0.406169
0.228339
0.116028
0.109680
0.208669
0.371553
0.531920
0.623766
0.606730
0.481529
0.289709
0.097797
-0.028079
-0.047425
0.039187
0.190364
0.339737
0.421349
0.394877
0.261077
0.061527
-0.137214
-0.268992
-0.293289
-0.210657
-0.062475
0.084902
0.165522
0.139069
0.006297
-0.191220
-0.386929
-0.514691
-0.534001
-0.445433
-0.290388
-0.135249
-0.045997
-0.062984
-0.185493
-0.371989
-0.555965
-0.671326
-0.677617
-0.575464
-0.406320
-0.236624
-0.132416
-0.134106
-0.241036
-0.411735
-0.579756
-0.679069
-0.669281
-0.551082
-0.365988
-0.180502
-0.060725
-0.047129
-0.139116
-0.295274
-0.449215
-0.534962
-0.512177
-0.381600
-0.184799
0.011680
0.141692
0.164724
0.081336
-0.067092
-0.214204
-0.294049
-0.266313
-0.131756
0.068040
0.266516
0.397519
0.420532
0.336116
0.185654
0.035511
-0.048350
-0.025601
0.103020
0.295953
0.486667
0.609038
0.622586
0.527906
0.366424
0.204547
0.108285
0.118016
0.233050
0.411885
0.588042
0.695457
0.693707
0.583449
0.406169
0.228339
0.116028
0.109680
0.208669
0.371553
0.531920
0.623766
0.606730
0.481529
0.289709
0.097797
-0.028079
-0.047425
0.039187
0.190364
0.339737
0.421349
0.394877
0.261077
0.061527
-0.137214
-0.268992
-0.293289
-0.210657
-0.062475
0.084902
0.165522
0.139069
0.006297
-0.191220
-0.386929
-0.514691
-0.534001
-0.445433
-0.290388
-0.135249
-0.045997
-0.062984
-0.185493
-0.371989
-0.555965
-0.671326
-0.677617
-0.575464
-0.406320
-0.236624
-0.132416
-0.134106
-0.241036
-0.411735
-0.579756
-0.679069
-0.669281
-0.551082
-0.365988
-0.180502
-0.060725
-0.047129
-0.139116
-0.295274
-0.449215
-0.534962
-0.512177
-0.381600
-0.184799
0.011680
0.141692
0.164724
0.081336
-0.067092
-0.214204
-0.294049
-0.266313
-0.131756
0.068040
0.266516
0.397519
0.420532
0.336116
0.185654
0.035511
-0.048350
-0.025601
0.103020
0.295953
0.486667
0.609038