0.237043
0.307847
0.368247
0.415061
0.446496
0.462256
0.463336
0.451588
0.429219
0.398412
0.361154
0.319300
0.274786
0.229843
0.187061
0.149226
0.118928
0.098069
0.087411
0.086344
0.092972
0.104488
0.117759
0.129908
0.138759
0.142990
0.142018
0.135685
0.123904
0.106443
0.082915
0.053006
0.016832
-0.024734
-0.069905
-0.116097
-0.160314
-0.199676
-0.231946
-0.255859
-0.271187
-0.278499
-0.278755
-0.272866
-0.261411
-0.244596
-0.222474
-0.195310
-0.163951
-0.130023
-0.095871
-0.064226
-0.037719
-0.018392
-0.007373
-0.004824
-0.010154
-0.022406
-0.040659
-0.064284
-0.092950
-0.126399
-0.164067
-0.204740
-0.246382
-0.286248
-0.321262
-0.348570
-0.366076
-0.372810
-0.369005
-0.355875
-0.335209
-0.308906
-0.278651
-0.245801
-0.211515
-0.177017
-0.143850
-0.113967
-0.089576
-0.072749
-0.064904
-0.066335
-0.075959
-0.091374
-0.109239
-0.125849
-0.137756
-0.142232
-0.137488
-0.122605
-0.097279
-0.061531
-0.015512
0.040472
0.105745
0.178939
0.257720
0.338725
0.417780
0.490401
0.552438
0.600708
0.633415
0.650262
0.652245
0.641213
0.619373
0.588907
0.551801
0.509912
0.465175
0.419821
0.376441
0.337819
0.306550
0.284535
0.272535
0.269945
0.274868
0.284501
0.295709
0.305621
0.312061
0.313710
0.309988
0.300738
0.285879
0.265179
0.238255
0.204798
0.164924
0.119513
0.070356
0.020038
-0.028438
-0.072191
-0.108977
-0.137527
-0.157609
-0.169787
-0.175016
-0.174203
-0.167921
-0.156372
-0.139602
-0.117873
-0.092024
-0.063678
-0.035173
-0.009235
0.011511
0.025028
0.030194
0.026853
0.015602
-0.002596
-0.026815
-0.056420
-0.091074
-0.130511
-0.174165
-0.220813
-0.268415
-0.314218
-0.355142
-0.388327
-0.411670
-0.424197
-0.426133
-0.418689
-0.403646
-0.382899
-0.358126
-0.330681
-0.301716
-0.272450
-0.244419
-0.219574
-0.200117
-0.188115
-0.184981
-0.191005
-0.205098
-0.224855
-0.246930
-0.267615
-0.283456
-0.291723
-0.290622
-0.279231
-0.257242
-0.224674
-0.181673
-0.128544
-0.065959
0.004717
0.081151
0.159984
0.676193
0.650729
0.610604
0.559398
0.500474
0.436891
0.371550
0.307413
0.247628
0.195416
0.153709
0.124608
0.108858
0.105523
0.112015
0.124501
0.138595
0.150140
0.155855
0.153692
0.142809
0.123266
0.095575
0.060321
0.018000
-0.030873
-0.085449
-0.144195
-0.204682
-0.263656
-0.317420
-0.362434
-0.395958
-0.416524
-0.424088
-0.419820
-0.405616
-0.383506
-0.355177
-0.321765
-0.283965
-0.242392
-0.198021
-0.152512
-0.108262
-0.068145
-0.035015
-0.011143
0.002210
0.004942
-0.002073
-0.017417
-0.039635
-0.067626
-0.100763
-0.138707
-0.181000
-0.226600
-0.273571
-0.319079
-0.359720
-0.392108
-0.413536
-0.422495
-0.418892
-0.403917
-0.379611
-0.348333
-0.312287
-0.273299
-0.232861
-0.192394
-0.153565
-0.118469
-0.089537
-0.069165
-0.059125
-0.059976
-0.070666
-0.088481
-0.109395
-0.128721
-0.141876
-0.145060
-0.135648
-0.112251
-0.074497
-0.022676
0.042549
0.120234
0.209013
0.306781
0.410390
0.515523
0.616889
0.708750
0.785693
0.843428
0.879405
0.893081
0.885768
0.860159
0.819683
0.767919
0.708232
0.643680
0.577166
0.511654
0.450292
0.396303
0.352621
0.321349
0.303233
0.297340
0.301085
0.310638
0.321615
0.329861
0.332102
0.326289
0.311587
0.288058
0.256218
0.216657
0.169875
0.116391
0.057058
-0.006586
-0.072106
-0.136244
-0.195297
-0.245721
-0.284771
-0.310972
-0.324275
-0.325845
-0.317571
-0.301478
-0.279248
-0.252010
-0.220452
-0.185183
-0.147173
-0.108076
-0.070281
-0.036657
-0.010051
0.007272
0.014059
0.010213
-0.003386
-0.025312
-0.054105
-0.088656
-0.128332
-0.172789
-0.221561
-0.273599
-0.326962
-0.378809
-0.425730
-0.464334
-0.491906
-0.506932
-0.509313
-0.500232
-0.481725
-0.456145
-0.425692
-0.392184
-0.357108
-0.321881
-0.288165
-0.258048
-0.233958
-0.218285
-0.212797
-0.218049
-0.232983
-0.254882
-0.279717
-0.302794
-0.319530
-0.326118
-0.319932
-0.299580
-0.264685
-0.215535
-0.152792
-0.077395
0.009289
0.105161
0.207073
0.310709
0.410780
0.501550
0.577606
0.634659
0.670161
0.683568