0.081163
0.153256
0.222648
0.285289
0.337692
0.377453
0.403527
0.416171
0.416616
0.406608
0.387969
0.362349
0.331207
0.295994
0.258416
0.220609
0.185108
0.154578
0.131346
0.116906
0.111544
0.114237
0.122866
0.134687
0.146909
0.157205
0.163999
0.166473
0.164327
0.157432
0.145532
0.128142
0.104673
0.074758
0.038635
-0.002583
-0.046867
-0.091518
-0.133632
-0.170646
-0.200785
-0.223268
-0.238223
-0.246355
-0.248515
-0.245327
-0.237030
-0.223572
-0.204927
-0.181480
-0.154331
-0.125363
-0.097046
-0.072008
-0.052528
-0.040122
-0.035341
-0.037874
-0.046861
-0.061320
-0.080494
-0.103993
-0.131681
-0.163359
-0.198375
-0.235344
-0.272097
-0.305922
-0.334023
-0.354072
-0.364661
-0.365514
-0.357406
-0.341825
-0.320522
-0.295107
-0.266837
-0.236648
-0.205391
-0.174132
-0.144366
-0.118012
-0.097152
-0.083575
-0.078261
-0.081006
-0.090307
-0.103564
-0.117553
-0.129011
-0.135173
-0.134081
-0.124633
-0.106387
-0.079248
-0.043213
0.001723
0.055424
0.117310
0.186011
0.259152
0.333392
0.404754
0.469185
0.523196
0.564382
0.591697
0.605395
0.606709
0.597381
0.579235
0.553919
0.522890
0.487603
0.449762
0.411502
0.375360
0.344001
0.319753
0.304111
0.297363
0.298486
0.305364
0.315253
0.325365
0.333375
0.337710
0.337553
0.332606
0.322745
0.307716
0.287036
0.260121
0.226606
0.186733
0.141620
0.093298
0.044471
-0.001953
-0.043408
-0.078113
-0.105283
-0.125041
-0.138088
-0.145270
-0.147206
-0.144130
-0.135984
-0.122738
-0.104772
-0.083178
-0.059836
-0.037209
-0.017921
-0.004245
0.002312
0.001199
-0.007262
-0.022208
-0.042650
-0.067825
-0.097338
-0.131047
-0.168746
-0.209778
-0.252752
-0.295492
-0.335281
-0.369318
-0.395268
-0.411717
-0.418383
-0.416036
-0.406159
-0.390496
-0.370652
-0.347878
-0.323106
-0.297180
-0.271161
-0.246540
-0.225229
-0.209308
-0.200558
-0.199956
-0.207293
-0.221062
-0.238657
-0.256850
-0.272376
-0.282464
-0.285152
-0.279336
-0.264568
-0.240752
-0.207880
-0.165945
-0.115079
-0.055860
0.010344
0.671019
0.638832
0.594805
0.542309
0.484213
0.423026
0.361231
0.301608
0.247311
0.201610
0.167333
0.146177
0.138145
0.141326
0.152140
0.166005
0.178233
0.184898
0.183413
0.172679
0.152812
0.124605
0.088965
0.046565
-0.002177
-0.056791
-0.116274
-0.178688
-0.241022
-0.299454
-0.349958
-0.389084
-0.414656
-0.426154
-0.424651
-0.412337
-0.391807
-0.365365
-0.334583
-0.300257
-0.262736
-0.222472
-0.180534
-0.138878
-0.100225
-0.067590
-0.043611
-0.029935
-0.026878
-0.033489
-0.047986
-0.068403
-0.093190
-0.121555
-0.153406
-0.188940
-0.228032
-0.269693
-0.311811
-0.351310
-0.384697
-0.408813
-0.421552
-0.422289
-0.411890
-0.392324
-0.366029
-0.335276
-0.301763
-0.266572
-0.230450
-0.194280
-0.159494
-0.128209
-0.102989
-0.086262
-0.079576
-0.082962
-0.094621
-0.111088
-0.127818
-0.140040
-0.143601
-0.135557
-0.114371
-0.079707
-0.031985
0.028087
0.099778
0.182280
0.274360
0.373889
0.477469
0.580383
0.676967
0.761363
0.828450
0.874697
0.898671
0.901077
0.884336
0.851872
0.807356
0.754162
0.695159
0.632856
0.569739
0.508587
0.452557
0.404921
0.368508
0.345018
0.334456
0.334913
0.342811
0.353573
0.362512
0.365706
0.360572
0.346015
0.322153
0.289784
0.249820
0.202936
0.149555
0.090154
0.025738
-0.041749
-0.109291
-0.173061
-0.229027
-0.273735
-0.305003
-0.322306
-0.326709
-0.320398
-0.305963
-0.285700
-0.261175
-0.233179
-0.202054
-0.168245
-0.132817
-0.097717
-0.065662
-0.039658
-0.022338
-0.015341
-0.018979
-0.032291
-0.053492
-0.080606
-0.112079
-0.147111
-0.185604
-0.227748
-0.273412
-0.321600
-0.370194
-0.416111
-0.455852
-0.486253
-0.505199
-0.512061
-0.507698
-0.494074
-0.473621
-0.448602
-0.420714
-0.391028
-0.360289
-0.329375
-0.299710
-0.273409
-0.253029
-0.240994
-0.238847
-0.246615
-0.262495
-0.283016
-0.303632
-0.319566
-0.326661
-0.321971
-0.303955
-0.272274
-0.227345
-0.169872
-0.100586
-0.020292
0.069781
0.167505
0.269484
0.371002
0.466396
0.549810
0.616125
0.661808
0.685429
0.687692