-0.266497
-0.241293
-0.210872
-0.175472
-0.135356
-0.090933
-0.042916
0.007544
0.058848
0.109075
0.156229
0.198553
0.234799
0.264389
0.287412
0.304467
0.316427
0.324184
0.328475
0.329843
0.328697
0.325457
0.320675
0.315084
0.309518
0.304743
0.301227
0.298966
0.297409
0.295551
0.292143
0.285981
0.276176
0.262312
0.244466
0.223080
0.198758
0.172056
0.143359
0.112879
0.080766
0.047287
0.012971
-0.021320
-0.054469
-0.085286
-0.112748
-0.136214
-0.155532
-0.170999
-0.183196
-0.192750
-0.200114
-0.205441
-0.208605
-0.209341
-0.207462
-0.203055
-0.196588
-0.188881
-0.180945
-0.173759
-0.168059
-0.164216
-0.162244
-0.161939
-0.163067
-0.165541
-0.169509
-0.175304
-0.183280
-0.193597
-0.206026
-0.219874
-0.234048
-0.247254
-0.258268
-0.266191
-0.270606
-0.271587
-0.269578
-0.265184
-0.258969
-0.251330
-0.242488
-0.232589
-0.221864
-0.210759
-0.199972
-0.190359
-0.182728
-0.177583
-0.174904
-0.174055
-0.173837
-0.172704
-0.169045
-0.161476
-0.149030
-0.131216
-0.107946
-0.079375
-0.045746
-0.007302
0.035692
0.082826
0.133381
0.186205
0.239697
0.291933
0.340916
0.384887
0.422596
0.453464
0.477577
0.495535
0.508210
0.516492
0.521119
0.522632
0.521442
0.517967
0.512760
0.506554
0.500185
0.494418
0.489723
0.486097
0.482991
0.479400
0.474078
0.465822
0.453746
0.437435
0.416970
0.392795
0.365516
0.335693
0.303713
0.269791
0.234082
0.196855
0.158645
0.120315
0.082987
0.047856
0.015948
-0.012091
-0.036103
-0.056383
-0.073506
-0.088095
-0.100596
-0.111160
-0.119652
-0.125805
-0.129425
-0.130594
-0.129775
-0.127781
-0.125619
-0.124262
-0.124439
-0.126516
-0.130502
-0.136186
-0.143328
-0.151835
-0.161851
-0.173700
-0.187733
-0.204102
-0.222573
-0.242447
-0.262624
-0.281805
-0.298759
-0.312583
-0.322853
-0.329638
-0.333375
-0.334664
-0.334063
-0.331965
-0.328584
-0.324061
-0.318622
-0.312707
-0.307009
-0.302381
-0.299624
-0.299236
-0.301196
-0.304859
-0.309026
-0.312144
-0.312598
-0.309001
-0.300380
-0.286243
0.278327
0.212777
0.165117
0.138519
0.134472
0.151909
0.186796
0.232436
0.280470
0.322333
0.350748
0.360826
0.350483
0.320129
0.271815
0.208221
0.131873
0.044869
-0.050850
-0.152861
-0.257605
-0.360084
-0.454130
-0.533265
-0.591898
-0.626491
-0.636282
-0.623325
-0.591814
-0.546926
-0.493591
-0.435579
-0.375193
-0.313624
-0.251736
-0.190942
-0.133770
-0.083859
-0.045358
-0.021939
-0.015784
-0.026945
-0.053310
-0.091223
-0.136506
-0.185540
-0.235992
-0.286934
-0.338352
-0.390227
-0.441610
-0.490052
-0.531660
-0.561803
-0.576232
-0.572240
-0.549449
-0.509955
-0.457781
-0.397870
-0.334953
-0.272723
-0.213543
-0.158760
-0.109396
-0.066888
-0.033480
-0.012065
-0.005437
-0.015216
-0.040825
-0.078914
-0.123497
-0.166815
-0.200685
-0.217944
-0.213551
-0.185070
-0.132457
-0.057344
0.037826
0.150444
0.277902
0.417256
0.564587
0.714404
0.859464
0.991218
1.100875
1.180834
1.226063
1.235012
1.209774
1.155473
1.079072
0.988030
0.889186
0.788194
0.689559
0.597109
0.514549
0.445772
0.394655
0.364372
0.356419
0.369730
0.400276
0.441365
0.484641
0.521544
0.544804
0.549534
0.533657
0.497589
0.443385
0.373732
0.291163
0.197779
0.095529
-0.013156
-0.124713
-0.234135
-0.335250
-0.421570
-0.487499
-0.529490
-0.546775
-0.541402
-0.517553
-0.480403
-0.434870
-0.384718
-0.332243
-0.278627
-0.224726
-0.171947
-0.122807
-0.080940
-0.050486
-0.035108
-0.036983
-0.056151
-0.090495
-0.136350
-0.189531
-0.246410
-0.304647
-0.363307
-0.422366
-0.481801
-0.540652
-0.596465
-0.645340
-0.682637
-0.704100
-0.707016
-0.691001
-0.658142
-0.612459
-0.558884
-0.502145
-0.445928
-0.392590
-0.343472
-0.299591
-0.262378
-0.234073
-0.217563
-0.215636
-0.229909
-0.259800
-0.301955
-0.350385
-0.397325
-0.434590
-0.455012
-0.453549
-0.427761
-0.377602
-0.304700
-0.211498
-0.100601
0.025383
0.163513
0.309869
0.458964
0.603553
0.735089
0.844781
0.925027
0.970796
0.980536
0.956342
0.903334
0.828475
0.739222
0.642413
0.543699
0.447584
0.357892