-0.018095
-0.016049
-0.016491
-0.013334
-0.008751
-0.004903
-0.004730
-0.007628
-0.009578
-0.010902
-0.007182
-0.007599
-0.011605
-0.008016
-0.003478
-0.004517
-0.007782
-0.008830
-0.005394
-0.003394
0.006221
0.011978
-0.004711
-0.004501
0.012408
0.003793
-0.008690
0.001230
0.008026
-0.006992
0.000988
0.031037
0.034414
0.019967
-0.001156
-0.018402
-0.029001
-0.028126
-0.019759
0.003159
0.005020
0.021636
0.039910
0.008524
-0.012773
-0.042789
-0.069260
-0.036857
-0.003126
-0.015224
0.024765
0.065974
-0.041698
-0.125879
-0.066556
-0.025753
-0.102815
-0.108994
0.012263
0.022004
-0.019628
-0.003922
0.017144
0.003533
-0.045249
-0.060364
-0.026974
0.014364
0.060666
0.055143
0.043511
0.060941
0.037745
-0.008223
0.003698
0.033515
0.004267
-0.004765
0.012248
0.004637
-0.010671
-0.016907
-0.002075
0.017410
0.022082
0.028603
0.034916
0.034847
0.031740
0.022054
0.009801
0.006753
0.012617
0.016312
0.010153
0.005268
0.007629
0.006600
0.001325
-0.000283
0.000811
0.005686
0.010296
0.010230
0.010114
0.008659
0.010755
0.010117
0.003581
-0.000056
-0.000752
0.000190
0.003506
0.001766
0.000965
0.004062
0.004252
0.004358
0.000197
-0.000502
0.003704
-0.000842
-0.004371
-0.001023
0.009552
0.017329
0.006957
0.008325
0.010047
0.000551
-0.007275
-0.003763
0.022010
0.031895
0.007038
0.001227
0.033993
0.031241
-0.023189
0.004339
0.039884
-0.000506
0.009341
0.047232
0.043616
-0.005944
-0.035295
-0.055119
-0.100865
-0.054165
0.046619
0.045818
-0.016094
0.023982
0.075678
-0.021972
-0.098571
-0.036962
-0.013932
-0.083159
-0.047925
0.086062
0.105241
0.073259
0.079573
0.063771
0.041481
0.020451
0.032223
0.022622
-0.020536
-0.006882
0.035485
0.018516
-0.044642
-0.029006
-0.000882
-0.010449
0.002125
0.030750
0.040151
0.020047
0.028960
0.025486
-0.005643
-0.007696
-0.002368
-0.015547
-0.025118
-0.018074
-0.016208
-0.019720
-0.023786
-0.026477
-0.020883
-0.014966
-0.010916
-0.009956
-0.013067
-0.014507
-0.014038
-0.015487
-0.020536
-0.025370
-0.024234
-0.019559
-0.015198
-0.016455
-0.018230
-0.016774
-0.014533
-0.014862
-0.018862
-0.020776
-0.017657
-0.011181
-0.009730
-0.017077
-0.017569
-0.015464
-0.013786
-0.013093
-0.015309
-0.005060
-0.005462
-0.016568
-0.011443
-0.005119
-0.005906
-0.014420
-0.002929
0.016813
0.000740
-0.001676
0.025747
0.033360
0.014850
0.020720
0.058969
0.050699
-0.003367
-0.025926
-0.004542
-0.002305
-0.023171
-0.025111
-0.029726
-0.046565
-0.068039
-0.045793
-0.013955
0.015483
0.024517
-0.047254
-0.039144
-0.009014
-0.053512
-0.088670
-0.055128
-0.035350
-0.118807
-0.088601
-0.008014
-0.010667
-0.007350
0.048465
0.077434
0.046459
0.044928
0.041518
0.044822
0.052705
0.035678
-0.004355
-0.022575
0.006652
0.020166
0.011973
0.024976
0.055596
0.049945
0.020578
0.023968
0.027697
0.012366
0.010905
0.017611
0.011140
0.011521
0.019079
0.012391
0.001052
0.001583
0.004170
0.002991
0.004956
0.005178
0.002663
-0.000486
-0.003045
-0.004361
-0.008608
-0.011979
-0.010006
-0.010154
-0.011625
-0.012105
-0.010725
-0.007905
-0.003860
-0.005219
-0.010435
-0.012706
-0.008999
-0.007360
-0.011670
-0.003396
-0.002351
-0.014929
-0.012726
-0.002375
-0.012612
-0.016195
0.001353
-0.000127
-0.013938
-0.010890
-0.005687
-0.016512
-0.027153
-0.015716
-0.002546
-0.025675
-0.007282
0.009250
-0.038741
-0.032778
0.005423
-0.011060
-0.065175
-0.052393
-0.026768
-0.044287
-0.033672
0.032760
0.062965
0.012241
-0.039398
-0.051134
-0.020896
-0.054800
-0.078074
-0.008231
-0.014097
-0.084551
-0.063326
-0.034986
-0.075465
-0.077369
-0.006490
0.041794
0.031140
0.008045
0.028354
0.030606
-0.032374
-0.042588
-0.008717
0.005797
-0.009463
0.001234
0.024576
0.006667
0.012609
0.026492
0.014160
0.023395
0.043534
0.030203
0.024789
0.041184
0.046200
0.047262
0.039447
0.036329
0.033940
0.031013
0.037025
0.034325
0.025754
0.027154
0.031280
0.026791
0.028846
0.028279
0.025058
0.024708
0.026255
0.025777
0.021589
0.019999
0.019298
0.018193
0.017817
0.018337
0.015746
0.015199
0.014067
0.011409
0.011705
0.009777
0.008582
0.010354
0.005062
0.006898
0.013912
0.010199
0.001572
0.005159
0.013213
0.002429
-0.001281
0.009454
0.001528
-0.006037
0.007961
0.006542
0.006626
0.013207
0.001791
0.006519
-0.008836
-0.032975
-0.022825
-0.027837
-0.008104
0.044530
0.063594
0.051207
0.019061
0.016224
-0.009404
-0.046167
0.036262
0.073403
0.071646
0.117202
0.106565
0.033184
-0.005605
0.021273
0.011504
-0.012866
0.047603
0.080608
-0.006278
-0.014800
0.030473
0.013103
-0.008845
-0.021744
0.015459
0.011216
0.011708
0.045537
0.037572
0.039931
-0.003257
-0.019836
-0.004249
-0.033460
-0.044583
-0.026044
-0.006642
-0.016795
-0.057081
-0.054358
-0.024606
-0.028784
-0.045962
-0.042072
-0.031194
-0.029507
-0.031661
-0.030694
-0.022669
-0.024811
-0.028267
-0.027860
-0.023724
-0.015742
-0.016463
-0.021960
-0.025197
-0.026524
-0.026373
-0.022653
-0.020127
-0.022364
-0.021248
-0.018184
-0.015184
-0.010400
-0.012361
-0.014236
-0.011307
-0.010657
-0.007491
-0.010056
-0.011239
-0.005820
-0.005647
-0.006635
-0.009136
-0.012487
-0.015232
-0.010507
-0.004625
-0.005249
-0.005442
-0.002722
-0.005707
-0.015474
-0.015097
-0.007569
-0.007176
-0.009197
-0.000598
0.010069
-0.002774
0.002176
0.024738
0.009579
0.015457
0.004246
-0.016370
-0.013880
-0.001371
0.021808
0.020176
0.040596
0.039988
0.009907
-0.010946
-0.043015
-0.049797
-0.040769
-0.048054
-0.034904
0.009467
0.025962
-0.013856
-0.061208
-0.076615
-0.075925
-0.110978
-0.125295
-0.083487
-0.039280
-0.007190
0.003254
0.004864
0.015729
0.001332
-0.018752
-0.036856
-0.045131
-0.031107
-0.019945
0.029071
0.060974
0.042798
0.041439
0.033743
0.024735
0.032188
0.035915
0.038512
0.035388
0.042234
0.047281
0.030556
0.018014
0.017290
0.011165
0.008788
0.021216
0.029200
0.024529
0.023202
0.023821
0.022238
0.026440
0.029066
0.027036
0.024694
0.021180
0.018840
0.014908
0.007477
0.000384
-0.001004
0.003679
0.005548
0.006062
0.007231
0.006271
0.007433
0.007810
0.005318
0.001839
0.000749
0.003156
0.003556
0.002307
0.003545
0.005733
0.001188
-0.000171
0.003683
0.006651
0.008337
-0.010081
-0.010240
-0.002493
-0.008711
-0.003584
0.015091
0.019303
-0.008547
-0.009812
-0.002705
-0.003293
0.029091
0.041788
0.011319
0.000167
0.007820
-0.001593
-0.027851
0.010720
0.065499
0.018639
-0.011704
0.022177
-0.006315
-0.063321
-0.046769
-0.033986
0.015752
0.049677
-0.007018
-0.015284
0.022283
0.030402
-0.054877
-0.021922
0.052715
-0.015163
-0.012172
0.039753
0.043942
0.015992
0.011120
0.003372
0.012854
0.057790
0.069137
0.068211
0.047998
0.040773
0.063005
0.042273
-0.009134
-0.022727
-0.013402
-0.014246
-0.014722
0.002720
0.021303
0.023559
0.021523
0.021172
0.013752
0.002961
0.004138
-0.007181
-0.022599
-0.017301
-0.011263
-0.019512
-0.026485
-0.021653
-0.022773
-0.024591
-0.018910
-0.018855
-0.020969
-0.018191
-0.019235
-0.019702
-0.020688
-0.025368
-0.026422
-0.024017
-0.021649
-0.024849
-0.028241
-0.027503
-0.022425
-0.020436
-0.020965
-0.022452
-0.019499
-0.018110
-0.022875
-0.021452
-0.019432
-0.018071
-0.022365
-0.020228
-0.021621
-0.033276
-0.022575
-0.006513
-0.018210
-0.022417
-0.022427
-0.047444
-0.051510
-0.019526
0.009790
-0.011092
-0.005085
0.005565
-0.040502
-0.046541
-0.015605
-0.022889
-0.048505
-0.041650
0.011660
0.016939
-0.028277
0.025629
0.060277
-0.022576
-0.032014
0.062061
0.048949
0.027493
0.099609
0.102886
0.076020
0.100232
0.082229
0.000147
0.022571
0.073007
-0.027700
-0.082622
-0.057021
-0.049609
-0.045626
-0.048942
-0.025880
0.004631
0.020033
0.024330
0.042495
0.027792
0.000564
0.018631
0.031325
0.021912
0.023815
0.032111
0.024419
-0.001422
-0.014749
0.004200
0.000499
-0.021358
-0.014902
0.000604
-0.009103
-0.014469
0.000429
-0.001551
-0.009623
-0.004009
-0.001578
-0.001623
-0.005595
-0.014887
-0.013541
-0.006984
-0.011451
-0.017283
-0.019980
-0.020912
-0.015396
-0.015765
-0.022259
-0.023773
-0.020477
-0.018302
-0.017672
-0.017850
-0.015087
-0.013287
-0.013056
-0.013506
-0.015835
-0.014280
-0.012889
-0.014800
-0.016804
-0.015381
-0.012357
-0.009853
-0.010774
-0.016410
-0.009778
-0.000561
-0.015410
-0.027684
-0.026115
-0.019458
-0.020065
-0.021368
0.012732
0.009533
-0.039879
-0.021013
-0.017165
-0.026349
0.001464
0.003552
0.005026
0.005862
0.024149
-0.003166
-0.024040
0.030003
-0.014601
-0.035358
0.038066
0.050300
0.050057
0.082874
0.082717
0.040947
0.025661
0.006678
-0.002495
0.021776
0.072898
0.080155
0.008165
-0.039614
-0.028506
-0.016220
-0.072506
-0.088290
-0.005689
0.022240
-0.005621
0.023718
0.028965
-0.033583
-0.037593
-0.008043
-0.002458
-0.012110
-0.027874
-0.039664
-0.053181
-0.060144
-0.063124
-0.066158
-0.063234
-0.047380
-0.040637
-0.034224
-0.014238
-0.011661
-0.019220
-0.018212
-0.014118
-0.009209
-0.011551
-0.015118
-0.014412
-0.014159
-0.008669
-0.008666
-0.016583
-0.016503
-0.012214
-0.005753
0.001902
0.001303
0.001752
0.004510
0.004320
0.005953
0.004065
0.002202
0.004207
0.006127
0.005322
0.005447
0.004443
0.003794
0.005704
0.004076
0.002352
0.000026
0.005105
0.009317
0.002916
-0.000058
-0.000166
-0.008611
-0.012651
0.001066
0.012952
0.016918
0.011043
-0.000244
-0.007548
-0.003216
0.013537
0.012616
0.020738
0.039831
0.006832
-0.030735
-0.004403
0.019414
0.008764
0.023882
0.070410
0.048630
0.017881
0.057887
0.035340
0.017083
0.060637
0.055032
0.023674
0.044870
0.051535
-0.078071
-0.085034
0.025169
-0.035626
-0.059668
0.048138
0.054516
-0.046247
-0.021032
0.048284
0.003392
-0.032190
0.005617
0.010953
-0.014148
-0.014392
-0.040082
-0.055767
-0.039804
-0.044116
-0.038987
-0.011181
0.017891
0.023325
0.008754
0.008110
0.013406
-0.000570
-0.021798
-0.024580
-0.021555
-0.020526
-0.020058
-0.016804
-0.010243
-0.009058
-0.009823
-0.005609
-0.004976
-0.004770
0.000536
0.002466
0.000259
-0.000137
-0.003768
-0.008999
-0.010374
-0.008581
-0.007406
-0.008478
-0.005168
-0.003394
-0.004517
-0.002633
-0.003098
-0.005360
-0.001457
0.000862
0.000021
-0.001415
-0.002941
-0.002588
-0.006878
-0.006586
-0.004324
-0.004416
0.000638
0.003484
-0.001002
-0.004909
-0.003483
-0.008796
-0.013477
-0.005623
-0.001215
-0.004772
-0.007007
-0.005567
-0.009967
-0.011261
-0.003634
-0.003136
-0.004136
-0.001187
0.000131
-0.000206
0.000548
0.001651
0.000663
0.001097
0.002280
0.001675
0.000664
-0.000035
-0.000059
-0.000949
-0.000807
0.000477
0.001420
0.001956
0.002318
0.001424
0.002089
0.003097
0.002063
0.001985
0.002118
0.001831
0.001520
0.001233
0.001071
0.001446
0.001374
0.001513
0.001394
0.001652
0.001673
0.001665
0.001887
0.002143
0.001788
0.001598
0.001333
0.001241
0.001217
0.001227
0.001154
0.001226
0.001287
0.001239
0.001119
0.001014
0.000984
0.000904
0.000828
0.000761
0.000697
0.000738
0.000694
0.000648
0.000572
0.000527
0.000581
0.000598
0.000613
0.000618
0.000521
0.000359
0.000330
0.000388
0.000463
0.000616
0.000635
0.000497
0.000418
0.000378
0.000373
0.000380
0.000471
0.000518
0.000491
0.000482
0.000406
0.000288
0.000221
0.000242
0.000202
0.000211
0.000222
0.000145
0.000080
0.000049
-0.000038
-0.000041
0.015636
-0.002379
0.019859
0.044997
-0.058983
-0.024128
0.113707
0.033227
-0.092856
0.012405
0.035350
-0.040132
0.075062
0.125042
0.027272
0.014435
-0.026479
-0.049723
-0.074348
-0.047507
-0.071021
0.052495
-0.058192
0.040254
0.262126
-0.024283
-0.129964
-0.134494
-0.248503
0.041173
0.297636
-0.351332
-0.144567
0.474185
-0.249137
-0.411697
0.057716
-0.087448
-0.319933
-0.194550
0.050529
0.012835
-0.016757
0.145392
0.278227
-0.218767
-0.158505
0.168593
-0.033322
0.045407
0.227956
0.043822
0.171883
0.349495
0.092620
0.005583
0.088175
0.051380
-0.096260
-0.056872
-0.024754
-0.033463
-0.064925
0.017522
0.045889
-0.027389
0.000591
0.071798
0.058316
0.024097
0.018913
0.027992
0.030415
0.027266
0.001742
-0.004228
-0.018098
-0.019267
-0.003080
-0.006591
-0.010077
-0.001231
0.010961
-0.015680
-0.009952
-0.002026
0.010922
0.008844
0.010569
0.016237
0.012000
0.002396
-0.009991
0.000244
0.017268
0.000573
-0.016241
-0.002151
0.009534
0.014775
0.002495
-0.027065
-0.004522
0.003558
-0.019404
0.006243
0.038818
0.051578
-0.012523
0.011536
0.034557
0.004467
-0.032728
-0.005596
0.077223
0.114854
-0.042711
-0.116306
0.158424
0.195100
-0.208712
-0.008760
0.146354
-0.172043
0.139495
0.305252
-0.122848
-0.253667
-0.014088
-0.097555
-0.260525
-0.163193
0.200257
0.241175
-0.386471
0.007850
0.566256
-0.132937
-0.371536
0.004019
-0.215850
-0.262850
0.256211
0.360391
0.044053
0.009607
0.409067
0.522333
0.058605
-0.222485
0.066388
0.049619
-0.086873
-0.063723
-0.003633
0.002486
-0.183661
0.034289
0.077790
-0.163561
-0.111156
0.155473
0.037798
-0.130955
0.138730
0.060824
-0.053533
-0.033028
-0.031978
-0.067682
-0.083661
-0.046326
-0.077794
-0.032507
-0.049609
-0.029977
-0.020188
-0.051130
-0.046252
-0.047319
-0.014937
-0.034678
-0.021188
-0.012564
-0.006912
-0.018173
-0.022227
-0.006569
-0.021281
-0.015494
-0.020100
-0.014803
-0.013890
-0.011520
-0.016120
-0.026120
-0.019471
-0.015367
0.012603
-0.030257
-0.037917
-0.006671
0.003260
0.010060
-0.010328
0.011517
-0.001338
-0.042348
0.008158
0.051053
-0.021024
-0.086579
0.021843
0.128807
0.004709
-0.042800
0.089281
0.140826
0.029289
0.083881
0.203038
0.067972
-0.104229
-0.114966
0.051481
0.037109
-0.106051
-0.125157
-0.229203
-0.183759
-0.063176
0.071228
-0.074403
-0.107278
0.091559
-0.183952
-0.019534
0.138145
-0.240224
-0.425814
0.069202
0.057943
-0.555856
-0.061789
0.144374
0.051885
0.114807
0.300727
0.162719
0.034302
0.386810
0.222951
0.109641
-0.005193
0.093385
0.026095
-0.037131
0.071782
0.035573
0.036455
0.042595
0.167705
0.014568
-0.024208
0.087306
-0.018617
-0.092173
-0.056333
0.028770
-0.049712
-0.021379
0.021024
-0.015431
-0.015419
-0.006426
0.005603
-0.043305
-0.011054
-0.028314
-0.046928
-0.041457
-0.025014
-0.017735
-0.032807
-0.023791
-0.035885
-0.031902
-0.023936
-0.017665
-0.004297
0.001691
0.003813
-0.014986
-0.019223
-0.011285
0.002648
-0.003333
-0.039661
0.013400
0.037463
-0.053815
-0.028099
0.077719
-0.038563
-0.054445
0.080018
-0.010552
-0.077494
0.043885
0.004415
-0.072063
-0.058286
-0.054927
0.075349
-0.104270
-0.060650
0.145148
-0.226909
-0.152263
0.285578
-0.023906
-0.446778
-0.024746
-0.052672
-0.035332
0.138351
0.000139
0.105674
0.014724
-0.111664
0.005971
0.122909
-0.339337
-0.220700
0.195240
-0.037230
-0.371518
-0.098820
0.126813
-0.201964
-0.137620
0.167800
0.133479
0.080431
0.015626
0.104966
0.201936
-0.114767
-0.056687
0.147650
-0.025704
-0.116706
0.180325
0.063590
-0.075765
0.126488
0.159766
0.099682
-0.020662
0.034336
0.059203
0.057652
0.122725
0.091376
0.041185
0.086014
0.147347
0.041835
0.042756
0.042421
-0.011094
0.025803
0.033170
0.024701
-0.011676
0.033964
0.014175
0.001357
0.015674
0.010489
0.007306
-0.001325
0.018347
0.011100
0.015092
0.004453
0.010484
0.007718
0.000898
0.005899
-0.005892
-0.001619
-0.002546
-0.006221
0.008719
-0.014463
-0.005198
0.027534
0.009453
-0.044441
0.010865
0.063733
-0.028157
-0.038465
0.038444
-0.023220
-0.048684
0.090651
-0.014733
-0.053163
0.090405
-0.032610
-0.000741
0.005846
-0.227006
-0.025163
0.042938
-0.096748
0.245178
0.217756
-0.107134
0.049199
0.126713
-0.046343
-0.081571
0.160264
0.158308
0.136849
0.293351
0.361604
-0.164598
-0.178243
0.398494
0.045970
-0.259569
0.005380
0.084654
-0.229616
0.106144
0.210086
-0.226801
-0.133229
-0.043518
0.097399
-0.031216
-0.115723
0.012383
0.158173
0.140006
-0.105339
-0.059032
-0.122503
0.017556
-0.125758
-0.155853
-0.031118
-0.180095
-0.086911
0.008567
-0.040792
-0.122591
-0.137296
-0.086048
-0.019476
-0.085402
-0.050541
0.027632
-0.047148
-0.026303
0.034422
0.004628
0.016976
-0.018387
-0.031759
-0.008719
-0.000568
-0.012320
-0.015774
-0.014994
-0.019479
-0.025390
-0.019025
-0.005784
-0.007982
0.004375
0.006220
-0.001958
-0.002736
0.003130
0.005087
-0.007938
-0.007530
0.010069
-0.003210
-0.016427
-0.010937
-0.012023
-0.041026
-0.004853
0.022327
-0.017476
-0.012827
0.002177
-0.013327
-0.029444
-0.015817
0.003348
-0.006546
-0.026042
0.032786
0.087614
-0.046086
-0.004953
0.185649
-0.015029
0.063157
0.029537
-0.169270
-0.020781
0.168049
0.077555
-0.035468
0.080428
0.009580
0.153518
0.020235
-0.299187
-0.241218
-0.057569
0.010903
-0.070832
-0.075935
-0.058356
-0.008363
-0.038493
-0.193821
-0.245194
-0.401026
-0.269678
0.001180
-0.070962
-0.089913
0.099104
0.120060
0.209487
0.193741
-0.115599
-0.105090
-0.032168
-0.018484
0.108277
0.188659
0.104223
0.134285
0.221829
0.244677
0.158110
0.002786
0.057312
0.075735
0.037361
0.117032
0.081835
-0.012681
0.006251
0.066026
-0.008201
-0.051259
-0.003582
-0.020718
-0.030097
0.024952
0.028605
0.010822
0.036604
0.012050
0.013335
0.016160
-0.010439
-0.008701
-0.001905
-0.008110
-0.007350
-0.007223
-0.015218
-0.016388
-0.020437
-0.007475
-0.001219
-0.004650
0.003163
0.008067
-0.003577
-0.003635
0.015134
0.002620
-0.008910
0.006880
0.016246
-0.000755
-0.001117
0.020733
0.026573
0.049145
-0.077641
-0.060939
0.027982
-0.005328
-0.013481
0.071651
0.012573
-0.147793
0.050409
0.067159
-0.029143
0.128071
0.116206
-0.144200
-0.041876
0.140527
0.020069
-0.130029
-0.027710
0.236226
0.031959
-0.167687
0.119416
-0.057142
-0.381668
0.160583
-0.070955
-0.168862
0.373969
-0.188923
-0.282427
0.398384
0.204873
-0.409257
0.149666
0.021175
-0.227240
0.318558
0.167562
-0.049443
-0.176887
0.171419
0.262600
0.116106
-0.026830
0.039616
0.245114
0.104979
0.159957
0.051011
0.005351
-0.058588
-0.094506
-0.061415
-0.128157
-0.117239
-0.013167
0.072493
-0.054189
0.032231
0.115420
-0.025479
-0.072886
-0.030941
-0.067951
-0.111958
-0.052411
-0.059341
-0.063191
-0.029840
-0.028502
-0.045783
-0.051008
-0.037947
-0.047624
-0.041343
-0.040898
-0.037223
-0.030153
-0.027155
-0.026756
-0.029678
-0.026316
-0.026207
-0.035593
-0.028888
-0.019839
-0.016300
-0.012028
-0.019462
-0.028953
-0.015220
-0.019000
-0.041124
-0.020259
-0.002807
-0.014427
-0.045652
-0.022731
-0.007049
-0.064886
-0.009004
0.083596
-0.076993
-0.095145
0.025368
-0.166127
-0.114656
0.126945
0.114672
-0.150659
-0.031894
0.059918
-0.090710
-0.010152
0.068061
-0.136156
-0.278093
0.004587
0.275521
0.160202
-0.302860
0.007189
0.469332
-0.032734
-0.162114
0.406191
-0.123386
-0.010220
0.865198
0.115251
-0.281384
0.475432
0.348596
-0.091990
0.139055
-0.109532
-0.429536
-0.103713
-0.127082
-0.220480
-0.271294
-0.272677
0.038249
0.050306
-0.012195
0.011303
0.130473
-0.033078
0.013613
0.112189
0.098741
0.097682
-0.030418
0.086220
0.146555
0.000010
-0.065437
0.106718
-0.044028
-0.131939
0.019447
-0.031895
-0.099405
-0.048038
0.003239
-0.011720
-0.018140
-0.025164
0.008978
-0.000509
-0.049678
0.001802
-0.005784
-0.037706
-0.040409
-0.037164
-0.030876
-0.043193
-0.049025
-0.054573
-0.036244
-0.046423
-0.027186
-0.023757
-0.025334
-0.019858
-0.012424
-0.008566
-0.008013
-0.006852
-0.014309
0.002877
-0.005807
-0.014212
-0.032338
-0.015630
-0.003909
0.004415
-0.001313
-0.065653
-0.019763
0.082253
-0.016705
-0.119119
-0.069780
-0.006995
0.029976
0.005625
0.050455
-0.001744
-0.235944
0.087610
0.176252
-0.168570
0.002239
0.061604
-0.077549
0.158332
0.270872
-0.267943
-0.149937
0.316232
-0.041524
-0.107818
0.134255
0.020748
0.103610
0.542350
0.196238
-0.333663
0.085427
0.136525
0.169964
0.103973
-0.157213
0.012546
0.075259
-0.117745
-0.017714
-0.054183
-0.559775
-0.167008
0.205365
-0.036011
-0.163079
-0.031867
0.092771
-0.081534
0.014833
0.098374
-0.085063
-0.220974
-0.039950
-0.030020
-0.154951
-0.076569
-0.154852
-0.122424
-0.070134
-0.055689
-0.081729
-0.059901
-0.000531
0.006541
0.050876
0.052389
0.033726
0.003203
0.025171
0.036481
0.015916
0.023038
0.011810
0.021379
0.019449
0.015051
0.012120
-0.000053
0.002203
0.012078
0.018298
0.013932
0.022731
0.021065
0.019636
0.019018
0.019207
0.017958
0.004862
0.009109
0.010311
0.008684
0.011025
-0.004082
-0.023933
-0.015402
0.022051
0.024446
-0.020556
-0.056836
-0.008867
-0.006718
-0.032502
0.039009
0.026704
0.008153
0.038913
-0.003071
-0.047237
0.024027
0.109450
0.028446
0.013400
0.096097
-0.031295
-0.160995
0.116287
0.183521
-0.085866
-0.000626
0.260317
0.043281
-0.003708
0.346547
-0.037085
-0.167551
0.344268
0.194102
-0.205539
0.091221
0.163874
-0.592083
-0.165049
0.442510
-0.328276
-0.468775
0.319447
0.165514
-0.453939
0.196240
0.202944
-0.260898
-0.024712
0.119408
-0.064712
-0.134686
0.008705
-0.097409
-0.127855
-0.088147
-0.020721
-0.035898
-0.010405
0.087813
0.012857
0.084654
0.106507
0.011780
0.003770
-0.026370
-0.031646
-0.057335
-0.046128
-0.052368
0.015344
0.019148
-0.001173
0.011652
0.005879
0.003474
-0.013313
-0.001594
-0.013806
-0.007121
0.001906
-0.005375
-0.002105
0.000412
-0.003681
-0.011248
-0.009314
-0.003857
-0.005100
-0.003808
-0.005879
0.002857
-0.003238
-0.005307
-0.000929
-0.004258
-0.005849
-0.003842
-0.003329
-0.011013
0.004206
0.010028
-0.009717
0.005951
0.026573
-0.005970
-0.024454
0.004575
-0.018854
-0.035777
0.014689
-0.001648
-0.037133
-0.009283
0.009403
-0.015953
-0.006801
0.005067
-0.010745
-0.004778
0.008434
0.013674
0.005045
0.005696
0.009789
0.006495
0.004426
0.004740
0.003849
0.002811
0.004482
0.002504
0.002489
0.003064
0.001839
0.003245
0.005259
0.004125
0.000911
0.001845
0.002874
0.003269
0.003628
0.003156
0.001992
0.002542
0.004995
0.005126
0.004488
0.001018
0.000020
0.000605
0.000405
0.001693
0.002255
0.001163
-0.001061
-0.000401
0.000479
0.000634
0.001618
0.002035
0.002297
0.001982
0.001720
0.001212
0.000953
0.000231
-0.000489
-0.000571
-0.000284
0.000078
0.000304
0.000682
0.000829
0.000485
0.000455
0.000446
0.000540
0.000806
0.000757
0.000437
0.000278
0.000406
0.000466
0.000561
0.000722
0.000545
0.000315
0.000169
0.000215
0.000233
0.000327
0.000291
0.000056
-0.000169
-0.000187
-0.000161
-0.000027
0.000076
-0.000047
-0.000257
-0.000377
-0.000479
-0.000348
-0.000051
0.000036
0.000079
0.000031
-0.000227
-0.000306
-0.000138
-0.000079
-0.000047
-0.000025
-0.000076
-0.000054
0.000089
0.000085
-0.000011
-0.000171
-0.000251
-0.000082
0.000100
0.000186
0.000169
0.000092
-0.000052
-0.000057