-0.012668
-0.013364
-0.014652
-0.014624
-0.014149
-0.012649
-0.013382
-0.014195
-0.013162
-0.010776
-0.009001
-0.011615
-0.009775
-0.009078
-0.008487
-0.008150
-0.008224
-0.005387
-0.005517
-0.004708
-0.006421
-0.006271
-0.006245
-0.007247
-0.009154
-0.007624
-0.002762
0.004148
0.012732
0.005442
0.005306
0.005743
0.000628
0.006039
0.003319
0.001768
0.000221
0.001688
0.018981
0.040673
0.049879
0.027650
-0.000324
-0.029602
-0.045220
-0.041613
-0.024659
-0.006006
0.024713
0.045422
0.027125
0.026137
-0.029223
-0.073625
-0.063140
-0.071019
-0.038684
0.028872
0.040742
-0.000579
-0.050477
-0.108752
-0.097039
-0.093454
-0.132047
-0.068069
-0.030484
-0.007441
0.020096
0.001116
0.028520
0.027601
-0.040513
-0.054979
-0.014097
0.032881
0.077377
0.100316
0.109716
0.105213
0.080091
0.047217
0.047125
0.027902
0.003065
-0.009132
-0.021658
-0.021354
-0.026688
-0.021562
0.004472
0.025713
0.022639
0.013750
0.015330
0.016159
0.011308
0.000767
0.001727
0.010092
0.014920
0.015314
0.012060
0.012493
0.009966
0.009269
0.007742
0.006993
0.007080
0.005218
0.004923
0.004994
0.003542
0.002405
0.004441
0.007781
0.006874
0.002995
0.001074
0.001321
0.000254
-0.000702
-0.000489
0.000186
0.003694
0.002345
0.002026
0.004867
0.000883
-0.001476
-0.001394
0.002776
0.013669
0.010701
0.011378
0.010095
0.001066
-0.002368
-0.008122
0.008182
0.027122
0.020694
0.018197
0.024661
0.021155
0.007799
0.012612
0.012557
0.009853
0.030361
0.018152
0.042749
0.043644
-0.018335
-0.060254
-0.121208
-0.111001
-0.027616
0.007737
0.024884
0.053818
0.042781
0.008878
-0.027764
-0.079679
-0.076888
-0.076114
-0.090167
-0.010290
0.084664
0.146311
0.171416
0.130533
0.116111
0.099239
0.056170
0.019524
-0.016540
-0.026434
-0.011441
0.010743
-0.009028
-0.016425
-0.020592
-0.016449
0.005124
-0.012620
-0.008073
-0.002021
0.002008
0.000156
-0.010706
-0.012952
-0.013804
-0.008623
-0.021160
-0.026394
-0.026973
-0.023587
-0.017149
-0.022556
-0.022126
-0.020269
-0.019053
-0.020311
-0.021193
-0.022083
-0.021630
-0.018069
-0.017413
-0.016852
-0.017146
-0.018731
-0.018007
-0.018362
-0.019540
-0.018799
-0.017071
-0.012445
-0.011097
-0.010770
-0.011284
-0.010686
-0.007845
-0.012663
-0.015127
-0.018564
-0.019768
-0.015391
-0.014232
-0.003920
-0.001628
-0.008156
-0.007538
-0.011211
-0.010177
-0.010714
-0.010563
0.003883
0.005152
0.011673
0.026926
0.033807
0.041391
0.043878
0.062277
0.073089
0.048307
0.008958
-0.016751
-0.023323
-0.026222
-0.030088
-0.045960
-0.058235
-0.085058
-0.092761
-0.059131
-0.012075
0.026524
-0.019779
-0.032489
-0.046832
-0.081235
-0.075795
-0.102674
-0.090831
-0.104614
-0.104860
-0.077640
-0.033782
0.027738
0.062241
0.115453
0.122934
0.113071
0.077585
0.073650
0.093218
0.080910
0.045437
0.004231
0.013718
0.022833
0.035994
0.050618
0.060619
0.067326
0.045854
0.014205
-0.009439
-0.016821
-0.022078
-0.023887
-0.020154
-0.012541
-0.004815
-0.000016
0.005028
0.006450
0.001336
-0.005120
-0.004980
-0.007875
-0.009742
-0.012159
-0.009830
-0.007309
-0.006057
-0.004819
-0.007170
-0.005380
-0.008518
-0.012203
-0.015166
-0.014111
-0.010559
-0.009894
-0.008024
-0.009381
-0.008324
-0.008476
-0.008443
-0.001643
-0.001029
-0.005443
-0.005462
-0.006666
-0.012160
-0.007641
-0.007438
-0.006715
0.000588
-0.007841
-0.010672
-0.012952
-0.025624
-0.025698
-0.018647
-0.031413
-0.010951
-0.006046
-0.040193
-0.018006
-0.030028
-0.034049
-0.026254
-0.062152
-0.068224
-0.058293
-0.055160
-0.003007
0.067216
0.055467
0.030582
-0.024426
-0.053041
-0.050040
-0.067417
-0.050723
-0.041735
-0.048094
-0.059958
-0.076742
-0.080819
-0.068748
-0.041337
0.014099
0.050967
0.043588
0.041494
0.034893
0.005984
-0.001198
-0.023013
-0.006564
0.025610
0.013403
0.027335
0.034714
0.037875
0.045564
0.039297
0.041540
0.050532
0.035733
0.021714
0.028789
0.034840
0.054180
0.060429
0.054463
0.054053
0.049013
0.044427
0.034171
0.025570
0.017667
0.016278
0.020431
0.024406
0.025246
0.024398
0.023735
0.022066
0.018360
0.012870
0.011368
0.010355
0.010842
0.010621
0.010931
0.011097
0.012084
0.011541
0.010228
0.010860
0.009123
0.008667
0.007627
0.004147
0.004881
0.006580
0.006041
0.004912
0.005645
0.006855
0.003382
0.003380
0.003107
-0.002454
-0.000947
-0.000392
-0.003034
0.011557
0.011034
0.000844
0.010474
-0.012360
-0.028192
-0.024527
-0.056296
-0.027902
0.023073
0.040796
0.087236
0.066489
0.024829
0.012763
-0.040149
-0.003829
0.043839
0.079280
0.151642
0.143966
0.113327
0.074323
0.024322
-0.001384
0.007211
0.024395
0.040725
0.015471
-0.011316
-0.019158
-0.011916
0.014958
-0.026692
-0.021198
-0.023635
-0.027365
0.017755
-0.000815
0.034379
0.027553
-0.005795
0.002144
-0.036329
-0.055271
-0.046714
-0.037652
-0.023900
-0.040488
-0.071618
-0.053081
-0.034773
-0.037285
-0.044988
-0.061698
-0.057977
-0.046844
-0.051133
-0.035160
-0.019046
-0.015912
-0.011578
-0.015207
-0.010362
-0.007315
-0.012681
-0.013188
-0.013092
-0.015248
-0.016213
-0.013600
-0.012895
-0.011437
-0.015137
-0.017028
-0.012476
-0.012269
-0.010970
-0.013223
-0.011187
-0.009459
-0.012141
-0.010733
-0.009729
-0.006702
-0.005221
-0.006243
-0.007933
-0.012258
-0.011451
-0.008450
-0.003704
0.002381
0.000868
-0.003512
-0.010662
-0.017680
-0.014157
-0.010840
-0.007095
0.004338
0.008187
0.006238
0.011593
0.017846
0.017235
0.036880
0.017805
-0.001769
-0.000258
-0.023959
0.009248
0.027385
0.046218
0.066772
0.041144
0.009891
-0.030821
-0.057262
-0.075224
-0.085026
-0.072309
-0.033489
0.009444
0.005539
-0.037395
-0.077944
-0.102569
-0.139818
-0.165720
-0.168978
-0.132814
-0.048882
-0.004684
0.022889
0.055088
0.045187
0.039598
0.017139
-0.035443
-0.039494
-0.038880
0.002929
0.076853
0.102286
0.118141
0.109994
0.092414
0.090208
0.070397
0.048689
0.037747
0.033355
0.035900
0.034036
0.027260
0.021442
0.012258
0.009809
0.006248
0.000810
0.000264
-0.004844
-0.001516
0.004509
0.008289
0.014425
0.019534
0.021828
0.021640
0.016671
0.011121
0.010837
0.007857
0.004574
0.003927
0.003203
0.003858
0.003622
0.001970
0.002942
0.004965
0.006181
0.005991
0.004790
0.004705
0.002132
0.000677
-0.000041
-0.000766
0.000389
-0.000310
0.003667
0.009652
0.014295
0.004023
-0.002021
-0.008855
-0.019780
-0.010210
-0.002509
0.010877
0.008609
-0.003005
-0.016736
-0.011472
0.019841
0.031734
0.035812
0.025282
0.000549
-0.007423
-0.023721
-0.007293
0.042366
0.033731
0.033321
0.026223
-0.019028
-0.034154
-0.060838
-0.092380
-0.011194
0.030522
-0.005835
0.032937
-0.002351
0.002506
0.009303
-0.031169
0.007959
0.005747
0.000246
0.002902
0.041146
0.053222
0.044758
0.027357
0.011942
0.069512
0.088064
0.090064
0.083580
0.070538
0.071139
0.062648
0.028315
-0.015790
-0.033076
-0.044743
-0.042366
-0.033051
-0.022714
0.001714
0.023769
0.022137
0.012940
-0.001330
-0.016445
-0.028168
-0.042170
-0.049138
-0.046470
-0.032419
-0.023572
-0.016967
-0.015020
-0.015503
-0.016612
-0.023288
-0.025249
-0.030176
-0.029369
-0.028546
-0.026718
-0.023731
-0.024040
-0.020077
-0.020592
-0.020700
-0.022578
-0.025382
-0.024410
-0.023171
-0.021591
-0.021205
-0.019296
-0.019989
-0.020442
-0.018837
-0.018798
-0.016138
-0.019131
-0.018006
-0.020082
-0.028258
-0.024361
-0.020160
-0.018601
-0.012727
-0.024854
-0.049941
-0.050386
-0.047594
-0.017513
0.006964
0.012744
0.012108
-0.024556
-0.035892
-0.040154
-0.038293
-0.031822
-0.042287
-0.020651
0.003415
0.000870
0.044701
0.050160
0.017254
0.026270
0.023184
0.034818
0.087062
0.094746
0.105500
0.178186
0.163544
0.126744
0.095927
0.045994
0.063108
0.017825
-0.073012
-0.120175
-0.135806
-0.114624
-0.096504
-0.079792
-0.066661
-0.016848
0.008250
0.008499
0.014909
-0.005409
-0.008729
0.010057
0.028351
0.036926
0.057166
0.059754
0.055600
0.051230
0.033514
0.024193
0.017477
-0.001428
-0.013146
-0.016364
-0.029695
-0.027697
-0.022274
-0.020823
-0.014384
-0.015583
-0.017681
-0.017305
-0.023427
-0.030312
-0.027963
-0.027047
-0.024688
-0.023375
-0.024018
-0.018706
-0.016952
-0.016055
-0.017695
-0.017690
-0.018836
-0.018135
-0.017320
-0.018942
-0.017515
-0.017645
-0.015811
-0.014876
-0.012651
-0.012014
-0.011632
-0.011427
-0.013129
-0.013076
-0.011640
-0.009276
-0.011393
-0.006730
-0.002532
-0.008202
-0.011332
-0.022878
-0.026774
-0.025062
-0.026002
0.001694
0.012260
-0.011298
-0.012312
-0.041367
-0.035656
0.006992
-0.011817
0.017488
0.025249
0.012555
0.025525
0.003701
0.010582
-0.010507
-0.014561
0.013067
0.025363
0.076649
0.093883
0.101620
0.117345
0.082460
0.024740
0.004031
-0.002328
0.051998
0.102503
0.037774
-0.001346
-0.040501
-0.067425
-0.067991
-0.103611
-0.101928
-0.053600
-0.022561
-0.003145
0.004060
-0.028124
-0.032152
-0.029310
-0.021526
-0.002682
-0.028867
-0.054959
-0.062389
-0.063966
-0.067990
-0.068237
-0.062718
-0.048081
-0.041495
-0.040552
-0.030925
-0.024002
-0.012991
-0.008703
-0.005043
0.001426
0.002513
-0.000678
-0.000902
0.001476
0.002752
0.003424
0.002325
0.005484
0.005685
0.004671
0.004878
0.004473
0.004824
0.002875
0.003530
0.004833
0.006770
0.006327
0.004949
0.004888
0.003525
0.003390
0.001085
0.001212
0.003932
0.003868
0.002979
0.001100
0.002698
0.005611
0.006085
0.004603
0.000788
-0.008878
-0.014910
-0.009147
0.001156
0.019067
0.022284
0.011346
0.005333
-0.002866
0.003386
0.011672
0.026068
0.045195
0.027104
-0.001593
-0.010072
-0.011233
0.010583
0.038163
0.057396
0.067087
0.060880
0.063068
0.041899
0.053577
0.066717
0.043392
0.060977
0.055435
0.033818
-0.030642
-0.079056
-0.069862
-0.083875
-0.041246
-0.015381
-0.007946
0.000433
-0.021986
-0.022710
-0.001005
-0.006287
-0.023152
-0.013196
-0.016998
-0.012605
-0.042898
-0.065550
-0.042315
-0.045538
-0.040614
-0.017284
0.009626
0.035214
0.037411
0.027392
0.022874
0.017102
-0.003583
-0.018672
-0.026522
-0.027155
-0.024679
-0.023826
-0.013550
-0.000784
0.002321
0.001397
-0.000553
-0.003194
-0.007906
-0.013175
-0.010121
-0.009237
-0.008401
-0.007153
-0.004845
-0.001867
-0.001667
-0.002887
-0.005443
-0.005058
-0.005615
-0.006304
-0.005495
-0.003728
-0.001233
-0.000967
0.001068
0.000930
-0.000455
-0.001562
-0.003567
-0.003314
-0.003960
-0.003154
-0.000177
0.002188
0.002628
0.001427
-0.001521
-0.006909
-0.010093
-0.009883
-0.008219
-0.004518
-0.004495
-0.006978
-0.008969
-0.010997
-0.009153
-0.005876
-0.003361
-0.001673
-0.000721
0.000757
0.003591
0.003805
0.002655
0.003073
0.002973
0.002211
0.002085
0.002157
0.003007
0.002448
0.002024
0.002824
0.002743
0.002607
0.002399
0.002205
0.001649
0.001378
0.000899
0.001186
0.001430
0.001654
0.001492
0.001662
0.001922
0.002066
0.001769
0.001886
0.001779
0.001681
0.001459
0.001411
0.001435
0.001474
0.001443
0.001343
0.001253
0.001272
0.001249
0.001259
0.001194
0.001109
0.000948
0.000872
0.000839
0.000767
0.000782
0.000809
0.000821
0.000795
0.000758
0.000704
0.000672
0.000677
0.000625
0.000560
0.000505
0.000463
0.000479
0.000485
0.000457
0.000377
0.000308
0.000253
0.000264
0.000308
0.000304
0.000294
0.000289
0.000266
0.000268
0.000314
0.000313
0.000291
0.000214
0.000188
0.000184
0.000172
0.000145
0.000140
0.000066
0.093689
-0.037397
-0.108193
0.099257
0.136687
-0.081281
-0.042271
0.047000
-0.065295
0.052241
0.228309
0.101176
0.029720
-0.091665
-0.155757
-0.132273
-0.015182
-0.047354
0.109584
0.070007
-0.108316
0.310011
0.078015
-0.243736
-0.209534
-0.369718
-0.195403
0.632420
0.025404
-0.507706
0.508846
-0.098863
-0.806232
-0.022790
0.102676
-0.253536
-0.205901
-0.002047
0.029101
0.095248
-0.031805
0.337478
0.095593
-0.372901
0.006860
0.057689
0.080978
0.434587
0.216981
-0.104628
0.356863
0.251625
-0.068836
0.054428
0.123708
-0.144831
-0.091804
-0.146233
-0.129007
0.032460
-0.070986
0.119047
0.181897
-0.032542
-0.038578
0.048563
0.018726
0.013962
-0.018110
-0.006862
0.140713
0.110010
0.035484
0.001278
-0.041297
-0.022438
-0.019196
-0.062777
-0.020426
0.027158
-0.039160
-0.018821
0.007571
0.006014
0.012217
0.022081
0.040544
0.028449
-0.013954
-0.028936
-0.008962
0.024364
0.019749
-0.019228
-0.012340
0.008284
0.018982
0.015834
-0.030126
-0.028290
0.006136
-0.030524
-0.008024
0.042470
0.092529
0.002622
-0.035894
0.009458
0.008800
-0.037954
-0.026786
0.081024
0.200876
0.059529
-0.238255
0.006616
0.356016
-0.108221
-0.182045
0.251710
-0.177358
-0.032738
0.501213
0.075612
-0.408288
-0.215240
-0.217471
-0.293798
-0.066616
0.215303
0.592464
-0.248362
-0.550020
0.552202
0.181261
-0.572535
-0.062554
-0.054809
-0.475822
0.208906
0.689359
0.339659
0.001060
0.110293
0.424462
0.371920
-0.240523
-0.188958
0.064801
-0.177200
-0.045274
0.105432
0.042675
-0.272253
-0.033805
0.173072
-0.081540
-0.215709
-0.026516
0.117265
-0.210194
0.117835
0.174605
-0.091361
0.055634
0.148111
-0.034681
-0.169154
-0.085254
-0.121020
-0.016471
-0.105125
-0.119901
0.031460
-0.030232
-0.057659
-0.023435
-0.042617
-0.074628
0.009990
-0.002311
-0.015835
-0.021749
-0.020990
0.018636
-0.019301
-0.033499
-0.023997
-0.019383
-0.034808
-0.010030
-0.008502
-0.028972
-0.015694
-0.018161
0.026813
-0.014066
-0.069366
-0.034588
-0.010430
0.012812
0.002668
0.017825
0.006101
-0.062643
-0.046568
0.078698
0.050659
-0.092890
-0.048387
0.160785
0.106163
-0.052338
0.040965
0.181584
0.076043
0.049928
0.246614
0.163728
-0.120296
-0.301957
-0.088552
0.160288
0.013770
-0.082359
-0.298921
-0.362984
-0.185323
0.097572
0.163733
-0.074301
0.116650
-0.275225
-0.332934
0.243868
0.002278
-0.551334
-0.147488
0.378939
-0.533328
-0.294838
0.191914
0.141233
0.270486
0.344835
0.268402
-0.156011
0.293248
0.216334
0.260474
0.150791
-0.028186
-0.012816
-0.093751
0.110491
0.140465
0.095098
-0.099047
0.184144
0.057924
-0.203923
-0.049948
0.018755
-0.024065
-0.069498
0.080261
0.013463
0.018627
0.050220
0.024802
-0.009512
-0.056720
-0.030346
-0.039461
0.000494
-0.053135
-0.056622
-0.053909
-0.010112
0.027857
-0.007025
-0.014101
-0.028499
-0.033046
-0.070432
-0.063217
-0.020643
0.010705
0.011890
-0.009954
-0.017058
-0.021272
0.005835
0.023957
-0.030751
-0.009170
0.060825
-0.038641
-0.107431
0.077206
0.020670
-0.113829
0.075367
0.044640
-0.128887
-0.005341
0.033276
-0.101362
-0.049691
-0.108476
0.061138
0.026177
-0.182529
0.200307
-0.123118
-0.405162
0.244962
0.334603
-0.531187
-0.253019
-0.021210
-0.165635
0.363824
0.175201
0.132929
0.038374
-0.277923
-0.317638
0.307378
-0.104271
-0.480120
0.240449
0.176479
-0.431854
-0.337986
0.105765
-0.182864
-0.074514
0.203620
0.206488
0.184216
-0.044679
-0.117693
0.258556
-0.011158
-0.170940
0.227150
0.156157
-0.107474
0.108161
0.107259
-0.213724
0.099558
0.212226
0.107762
0.028067
0.042999
-0.005347
-0.024751
0.168816
0.183094
0.148421
0.041862
0.135997
0.137569
0.016855
0.004827
-0.007160
-0.027247
-0.001689
0.073814
0.006479
0.065422
0.011238
-0.005723
0.066210
-0.006752
-0.023776
-0.002026
0.015948
0.014087
0.022278
-0.017251
0.022621
0.029979
0.008079
0.017205
-0.010687
-0.005234
-0.004278
-0.017795
-0.000467
-0.008758
-0.021532
0.035978
0.043318
-0.051243
-0.043648
0.073293
0.004025
-0.078415
0.021936
0.006619
-0.107599
0.087043
0.074304
-0.108331
0.098058
-0.001398
-0.087569
0.092764
-0.256496
-0.219405
0.146031
-0.084755
0.233734
0.538911
-0.108532
-0.180452
0.059820
-0.084874
-0.126685
0.266879
0.343909
0.224303
0.305765
0.401568
-0.127012
-0.591010
0.258645
0.350598
-0.072543
-0.084829
0.097103
-0.353881
-0.248900
0.452554
-0.065978
-0.168094
-0.101398
-0.045732
0.121878
-0.048286
-0.179185
0.125766
0.319232
-0.112197
0.023384
-0.229717
-0.083452
0.027262
-0.190717
-0.002617
-0.245672
-0.244295
-0.058116
0.068544
0.001859
-0.155953
-0.246943
-0.075095
-0.027867
-0.024079
-0.014279
-0.025770
0.035735
0.022862
0.035914
-0.004539
0.012003
-0.001214
-0.076548
-0.027544
-0.005864
-0.047439
-0.002472
0.009583
-0.033290
-0.016729
-0.051971
-0.017971
0.041118
-0.024016
-0.029903
0.001016
-0.005554
0.016913
0.004720
-0.001675
0.040658
0.010765
-0.024161
-0.013081
-0.007843
-0.045542
-0.021558
0.046834
0.022714
-0.016326
-0.010771
-0.025061
-0.052002
-0.020480
0.010257
0.030297
-0.013880
-0.000665
0.115420
0.015607
-0.111607
0.221161
0.080967
0.009787
0.125433
-0.241590
-0.197079
0.180963
0.269249
0.020125
0.137641
-0.087863
0.007434
0.140377
-0.333088
-0.407187
-0.154438
0.059513
0.048188
0.081678
-0.084474
-0.175030
-0.076913
-0.251934
-0.226474
-0.370934
-0.509362
-0.005855
0.204779
0.001814
0.124804
0.072646
0.120669
0.413028
-0.027842
-0.282579
-0.150055
-0.085497
0.153437
0.424727
0.250193
0.091209
0.169281
0.210276
0.236224
0.030325
-0.066480
-0.020548
0.017271
0.101251
0.107054
0.043010
-0.030130
0.119216
0.084311
-0.089341
-0.010937
-0.050031
-0.125577
0.001666
0.020737
0.020354
0.114766
0.060711
0.083634
0.075109
-0.036489
-0.042491
-0.023066
-0.019631
-0.016474
-0.004649
-0.006039
-0.005788
-0.006466
-0.011792
-0.018506
-0.014413
-0.002546
0.004358
-0.000787
-0.016650
0.017820
0.024583
-0.008323
0.006437
0.020501
0.002157
-0.018802
0.018395
0.012244
0.079810
-0.057852
-0.162826
-0.005608
0.014709
0.006422
0.096830
0.118047
-0.230560
-0.105365
0.094434
-0.007288
0.181451
0.287402
-0.143037
-0.266672
0.087663
0.067734
-0.040877
-0.055085
0.267134
0.233495
-0.246758
-0.089667
0.079712
-0.547605
-0.027304
0.271044
-0.278872
0.530404
0.050214
-0.720916
0.182973
0.610725
-0.438574
-0.005479
0.314290
-0.511050
0.309508
0.378410
0.000976
-0.181533
0.000283
0.103488
0.361819
0.281453
-0.231205
0.247434
0.052242
0.064308
0.219137
-0.014479
-0.167060
-0.085356
-0.088317
-0.126193
-0.076848
-0.136096
0.136204
0.005588
-0.011029
0.130352
-0.037538
-0.146544
0.026823
-0.019327
-0.205607
-0.047717
-0.009368
0.006839
-0.004824
-0.046430
-0.058950
-0.054459
-0.066147
-0.091257
-0.072004
-0.088708
-0.036600
-0.013288
-0.022017
-0.014397
0.002285
0.004671
-0.020526
-0.055026
-0.066457
-0.043417
-0.042204
-0.023139
-0.007136
-0.027167
-0.014676
-0.002241
-0.044432
-0.028678
0.001477
-0.002116
-0.053776
-0.060654
-0.009812
-0.069981
-0.056191
0.122757
0.024783
-0.186935
0.005987
-0.173329
-0.248613
0.138355
0.325668
-0.033808
-0.147168
0.011150
-0.189852
-0.060261
0.166488
0.041594
-0.351460
-0.185868
0.218172
0.484316
-0.121376
-0.352361
0.467138
0.226231
-0.373986
0.459377
0.181575
-0.446604
0.995549
0.680984
-0.493355
0.232951
0.448253
-0.219516
0.245266
0.159261
-0.776529
-0.389525
-0.166300
-0.226147
0.038679
-0.362008
-0.245091
0.265985
0.153888
-0.138103
0.198529
-0.052961
-0.181087
0.308203
0.186866
0.204762
0.098959
0.033996
0.208504
0.105113
-0.247266
0.042887
0.053625
-0.250194
-0.041384
-0.088177
-0.179669
-0.049972
0.047016
-0.032144
0.037640
-0.000789
-0.028401
0.024931
-0.087890
-0.033961
0.016963
-0.025945
-0.034568
0.008652
-0.026761
-0.043515
-0.018712
-0.064811
-0.055133
-0.066165
-0.050453
-0.026305
-0.037736
-0.040052
-0.007658
-0.014760
-0.035138
0.013964
-0.014050
-0.003875
0.004919
-0.005153
-0.025912
-0.033087
-0.005680
0.024648
0.048465
-0.058899
-0.081739
0.085051
0.059676
-0.133871
-0.146170
-0.062622
0.035067
0.077455
0.089603
0.096540
-0.336792
-0.203152
0.310980
-0.032124
-0.020521
0.146448
-0.156627
0.008110
0.495966
-0.128075
-0.461423
0.295844
0.116208
-0.145525
0.216210
0.089602
-0.078485
0.615416
0.595540
-0.465127
-0.163182
-0.048677
0.083363
0.593879
0.003143
-0.183181
-0.023161
-0.306092
-0.155428
0.290759
-0.551193
-0.579386
0.288462
0.234135
-0.089001
-0.157145
-0.039127
-0.186180
0.095323
0.244518
0.055100
-0.194946
-0.242732
-0.055859
-0.145461
-0.113312
-0.139100
-0.089891
-0.082117
0.016788
-0.097904
-0.192077
-0.028947
-0.008375
0.085605
0.068120
0.044098
0.076543
0.058338
-0.005259
0.046547
0.042706
-0.019624
0.019084
0.009067
0.025225
0.003201
-0.030644
0.000965
0.016731
0.006293
0.010195
0.024613
0.027232
0.033729
0.013323
0.020389
0.029135
0.003236
0.009020
0.016724
0.013290
0.019402
0.002653
-0.020760
-0.028415
0.024301
0.066890
0.024569
-0.070203
-0.057587
-0.010958
-0.049638
0.053019
0.097102
0.026026
0.032178
-0.017676
-0.104397
-0.037180
0.160863
0.130052
0.044803
0.107366
-0.011920
-0.317423
-0.043823
0.360734
0.100272
-0.044085
0.235646
0.118608
-0.171987
0.331528
0.170856
-0.340695
0.265688
0.440810
-0.182117
-0.072442
0.309648
-0.691494
-0.670959
0.632250
0.118106
-0.590502
0.096754
0.411017
-0.562514
-0.062728
0.386309
-0.222429
0.008500
0.104982
-0.019979
-0.076964
-0.029112
-0.201460
-0.094084
-0.051299
-0.047889
0.033022
-0.013638
0.067515
0.055149
0.022156
-0.028932
0.056611
0.079976
-0.058874
-0.038730
-0.035519
-0.017794
-0.086014
-0.037899
0.078607
0.015626
-0.050869
0.009603
-0.004216
-0.060973
-0.010835
-0.023450
0.013088
0.030124
-0.002518
0.021967
0.037557
0.008556
-0.019342
-0.031388
-0.023392
-0.009612
-0.035396
-0.023289
0.015990
0.008798
0.008813
0.012473
0.013945
0.008415
-0.000427
-0.008311
-0.021863
-0.008124
0.016353
-0.003729
-0.000899
0.040222
0.011041
-0.044418
-0.011592
-0.014773
-0.054317
0.014247
0.035599
-0.028503
-0.030910
-0.000469
-0.026289
-0.013611
0.019637
-0.004681
-0.005861
-0.000307
0.004950
0.012153
0.010137
0.006923
0.014997
0.015377
0.005970
0.010355
0.002723
-0.001041
0.002411
0.002350
0.001499
0.005229
0.007413
0.009158
0.005412
-0.003955
0.001047
0.004349
0.004975
0.011511
0.012018
0.004049
0.002876
0.005133
0.004609
0.005987
0.003168
-0.000242
-0.001749
-0.003029
-0.000884
0.002267
0.003598
0.001218
-0.000408
0.000314
-0.000541
0.001006
0.002464
0.001342
0.000715
0.000447
0.000872
0.001211
0.001338
0.000662
0.000544
-0.000270
0.000558
0.001090
0.001722
0.001994
0.000949
0.000007
-0.000345
-0.000651
0.000030
0.000541
0.000440
-0.000098
-0.000230
-0.000330
0.000016
0.000657
0.000839
0.000543
0.000077
-0.000171
-0.000320
-0.000066
0.000438
0.000380
0.000006
-0.000307
-0.000496
-0.000306
0.000179
0.000200
-0.000048
-0.000343
-0.000626
-0.000481
0.000122
0.000264
0.000185
0.000102
-0.000366
-0.000529
-0.000120
0.000064
0.000041
0.000081
-0.000299
-0.000552
-0.000301
-0.000119
-0.000033
-0.000071
-0.000446
-0.000628
-0.000448
-0.000288
-0.000050
0.000056
-0.000165
-0.000331
-0.000261
-0.000262
-0.000133