-0.008951
-0.011656
-0.008951
-0.009730
-0.011056
-0.013112
-0.014891
-0.014112
-0.013173
-0.008924
-0.008070
-0.008068
-0.008669
-0.008407
-0.008802
-0.010644
-0.007458
-0.008180
-0.008540
-0.007530
-0.005967
-0.003506
-0.004494
0.003950
0.003327
-0.003602
0.005629
0.007798
-0.000699
-0.003782
0.002180
0.006194
-0.003687
0.003322
0.024679
0.031184
0.017803
0.001177
-0.008983
-0.014840
-0.019809
-0.014496
-0.001057
0.003991
0.026774
0.027070
0.007017
-0.005478
-0.039275
-0.042485
-0.029660
-0.042039
-0.025616
0.026313
0.029207
-0.039358
-0.078372
-0.036227
-0.018571
-0.107258
-0.102853
-0.013175
-0.011712
-0.019702
-0.022472
-0.005607
0.016185
-0.044281
-0.069950
-0.032733
-0.011527
0.016376
0.029990
0.041898
0.070439
0.055826
0.028181
0.045252
0.040087
0.007147
0.006156
0.018487
0.024816
0.020291
0.011595
0.027532
0.038956
0.024633
0.014647
0.013034
0.008828
0.003532
-0.006415
-0.009815
-0.004180
0.004543
0.009314
0.009948
0.013269
0.015868
0.015158
0.012535
0.010775
0.008622
0.007153
0.006088
0.005739
0.009171
0.009313
0.009413
0.008575
0.005293
0.003782
-0.000450
-0.000222
0.002256
0.000331
0.000784
0.001989
0.004806
0.004649
-0.000079
0.002207
0.002858
-0.001912
-0.003462
-0.001183
0.010157
0.011049
0.002574
0.008255
0.009355
0.002186
-0.002848
-0.000351
0.019671
0.016707
-0.002626
0.012407
0.036780
0.016725
-0.010208
0.016061
0.027135
0.014685
0.014025
0.024995
0.037945
0.004212
-0.017928
-0.037937
-0.070779
-0.018658
0.030111
-0.002330
-0.013113
0.034187
0.047342
-0.021809
-0.082143
-0.044471
-0.022416
-0.083134
-0.056480
0.041825
0.070357
0.082058
0.075393
0.060289
0.055426
0.024609
0.022792
0.011828
-0.025611
0.000569
0.057592
0.051366
0.021643
0.030659
0.035718
0.029108
0.008298
-0.004362
-0.002378
-0.011123
-0.006884
-0.010311
-0.022521
-0.016389
-0.008270
-0.013634
-0.020658
-0.020036
-0.013111
-0.007407
-0.016019
-0.019564
-0.013487
-0.012555
-0.015635
-0.018190
-0.019644
-0.020376
-0.018637
-0.020403
-0.021994
-0.021995
-0.020894
-0.017231
-0.016924
-0.016402
-0.015701
-0.015986
-0.017115
-0.017786
-0.016734
-0.018265
-0.017656
-0.013815
-0.012093
-0.013862
-0.012530
-0.010613
-0.012178
-0.014774
-0.013320
-0.004598
-0.010547
-0.018484
-0.011591
-0.009222
-0.009927
-0.014435
0.000868
0.010708
-0.005693
0.003727
0.023063
0.023552
0.012197
0.019157
0.048207
0.037505
-0.000278
-0.003223
0.015764
0.008981
-0.010406
-0.017066
-0.009792
-0.017959
-0.043291
-0.034225
-0.016467
0.007664
-0.011997
-0.059458
-0.035820
-0.040811
-0.072914
-0.083737
-0.064341
-0.063657
-0.103651
-0.066365
-0.013559
-0.013146
-0.014843
0.019354
0.044425
0.035920
0.016139
0.006449
0.032520
0.041889
0.027759
0.013140
0.024564
0.059147
0.065603
0.060492
0.064342
0.077522
0.065267
0.035429
0.024210
0.013964
-0.000299
-0.004974
-0.001045
-0.000666
0.007177
0.013575
0.011016
0.008688
0.001355
-0.002657
-0.006524
-0.009323
-0.011394
-0.013553
-0.010831
-0.008460
-0.002318
-0.002228
-0.003087
-0.001831
-0.005187
-0.006456
-0.008590
-0.008081
-0.007946
-0.008127
-0.009598
-0.011936
-0.009747
-0.009644
-0.012857
-0.012537
-0.003601
-0.005960
-0.013771
-0.006927
-0.004384
-0.009817
-0.009361
-0.005048
-0.004522
-0.009837
-0.010395
-0.007716
-0.016544
-0.023565
-0.009072
-0.010944
-0.023037
0.000415
-0.012463
-0.030379
-0.012253
-0.012293
-0.024196
-0.053621
-0.048758
-0.021070
-0.042644
-0.041706
0.020160
0.033524
-0.000059
-0.033663
-0.041198
-0.017794
-0.054721
-0.068199
-0.015569
-0.034777
-0.059005
-0.029587
-0.025007
-0.046736
-0.052608
-0.019142
0.015825
-0.007229
-0.029291
0.006485
0.002911
-0.033186
-0.037222
-0.014997
0.012891
-0.000006
0.007408
0.035853
0.031461
0.039568
0.038714
0.022881
0.033636
0.033302
0.016058
0.023500
0.027158
0.036690
0.052564
0.043609
0.045352
0.045987
0.040839
0.042147
0.033236
0.025521
0.028131
0.031787
0.031896
0.032750
0.030293
0.030147
0.029074
0.024785
0.021769
0.018321
0.018927
0.015941
0.013056
0.013166
0.012263
0.013598
0.013835
0.012194
0.010959
0.010426
0.009816
0.009788
0.007404
0.005639
0.010627
0.012033
0.008106
0.006344
0.010330
0.010185
-0.000856
0.000644
0.007063
0.000224
0.001033
0.003471
0.003596
0.012074
0.004516
0.002175
0.006613
-0.015888
-0.014189
-0.014843
-0.028823
0.005684
0.025967
0.037206
0.042490
0.012767
0.024921
-0.007273
-0.030615
0.034362
0.036123
0.056247
0.097902
0.072967
0.059106
0.051170
0.040032
0.025825
0.004940
0.046521
0.064805
0.013273
0.020903
0.039651
0.040766
0.017416
-0.013720
0.006925
-0.012061
-0.006516
0.010698
0.006233
0.014889
-0.021081
-0.010105
0.008661
-0.036762
-0.044130
-0.027012
-0.012221
-0.009970
-0.045528
-0.038246
-0.003162
-0.024613
-0.043083
-0.045902
-0.048824
-0.037155
-0.048493
-0.046943
-0.030824
-0.036142
-0.032682
-0.028992
-0.028270
-0.020390
-0.023683
-0.026032
-0.020315
-0.021729
-0.020479
-0.015800
-0.016029
-0.011900
-0.012060
-0.011598
-0.007708
-0.008011
-0.010529
-0.012756
-0.013336
-0.015182
-0.012933
-0.012919
-0.011414
-0.008159
-0.010809
-0.009361
-0.008918
-0.009939
-0.010017
-0.008298
-0.005895
-0.004950
-0.003271
-0.003454
-0.007553
-0.013504
-0.010393
-0.004917
-0.009320
-0.008347
0.000329
0.000941
-0.004883
0.007289
0.011705
0.009695
0.011910
-0.006570
-0.002764
-0.002962
-0.000168
0.016011
0.015130
0.041343
0.042787
0.012678
-0.005513
-0.026718
-0.023436
-0.026178
-0.051370
-0.039348
0.005550
0.019087
-0.011911
-0.052082
-0.061020
-0.066197
-0.103687
-0.122446
-0.106986
-0.068901
-0.034271
-0.025939
-0.005433
0.001315
-0.018396
-0.025829
-0.049971
-0.058647
-0.049708
-0.041515
0.018732
0.055058
0.056817
0.078079
0.068291
0.062719
0.060651
0.037695
0.033730
0.030679
0.035793
0.051874
0.049540
0.049299
0.048857
0.038652
0.033464
0.028869
0.019866
0.011511
0.006317
0.008583
0.010752
0.009798
0.013134
0.015150
0.015844
0.013281
0.007143
0.007479
0.007050
0.004235
0.005595
0.006331
0.009028
0.013393
0.013155
0.011420
0.010268
0.008117
0.005025
0.002423
0.000780
0.000438
0.000285
0.000087
0.003498
0.005436
0.001905
0.002187
0.004613
0.008977
0.002078
-0.010957
-0.005626
-0.004300
-0.006640
-0.001320
0.009973
0.010316
-0.002484
-0.002011
-0.002378
0.003447
0.019299
0.013768
0.004602
0.005727
0.009366
-0.002979
-0.018305
0.025168
0.047541
0.006244
0.006096
0.020110
-0.002515
-0.021387
-0.045379
-0.028220
0.034868
0.004653
-0.015395
0.009490
0.019394
0.016365
-0.052514
-0.020537
0.029374
-0.021547
-0.018301
0.015077
0.028294
0.035837
0.023432
0.004590
0.032314
0.053101
0.053204
0.060916
0.036877
0.041404
0.070615
0.052443
0.014367
0.004934
0.009650
0.008741
0.008437
0.008879
0.019855
0.029217
0.024633
0.015190
0.000058
-0.013640
-0.020037
-0.030578
-0.042514
-0.035898
-0.023003
-0.017121
-0.012442
-0.012253
-0.012365
-0.013424
-0.016659
-0.023450
-0.029172
-0.028265
-0.030397
-0.027335
-0.026245
-0.025745
-0.020618
-0.019409
-0.018777
-0.021546
-0.021599
-0.023433
-0.025219
-0.024377
-0.024459
-0.021078
-0.020585
-0.022245
-0.022284
-0.019803
-0.017323
-0.020094
-0.023792
-0.019095
-0.020093
-0.025077
-0.016596
-0.014939
-0.022700
-0.018595
-0.028581
-0.040460
-0.035143
-0.019266
-0.007811
-0.020431
-0.005986
-0.003559
-0.033050
-0.029781
-0.024815
-0.030093
-0.038461
-0.031171
0.006664
-0.009979
-0.017332
0.042353
0.034320
-0.023746
-0.011086
0.030730
0.041047
0.040705
0.043553
0.073324
0.100077
0.103525
0.083510
0.028881
0.056556
0.082388
0.003428
-0.025275
-0.020890
-0.011995
0.003270
-0.016455
-0.017017
0.006138
-0.000449
-0.010250
-0.006044
-0.035833
-0.055060
-0.033802
-0.022381
-0.019874
-0.002578
0.019339
0.030124
0.027352
0.023225
0.033660
0.031659
0.010554
0.007846
0.016550
0.006803
0.001368
0.010837
0.007301
0.003060
-0.001317
-0.010366
-0.009839
-0.019135
-0.029725
-0.025870
-0.026525
-0.028977
-0.024097
-0.021341
-0.022315
-0.019914
-0.020045
-0.019415
-0.017382
-0.019960
-0.018838
-0.017574
-0.015996
-0.013950
-0.015617
-0.015021
-0.014914
-0.013689
-0.013945
-0.016513
-0.017456
-0.017346
-0.013928
-0.011373
-0.009211
-0.011043
-0.011881
-0.001961
-0.002032
-0.015334
-0.022911
-0.019898
-0.012046
-0.021562
-0.019356
0.009011
-0.007709
-0.023450
-0.011779
-0.029036
-0.015399
-0.009724
-0.013226
0.008692
-0.001753
0.006168
-0.002804
-0.000023
0.026713
-0.022032
-0.016835
0.031990
0.040483
0.057380
0.057671
0.050865
0.059615
0.043100
0.020508
0.007618
0.014201
0.072851
0.069681
0.016175
0.004348
0.007733
0.015504
-0.031338
-0.060547
-0.009923
-0.008615
-0.025629
0.008086
-0.006159
-0.040959
-0.038021
-0.040676
-0.026960
-0.038117
-0.064596
-0.050086
-0.043722
-0.046585
-0.043653
-0.043936
-0.037241
-0.032484
-0.038949
-0.036122
-0.027145
-0.030601
-0.030704
-0.030038
-0.025546
-0.020251
-0.024275
-0.019504
-0.014115
-0.010583
-0.004411
-0.004199
-0.001305
0.002784
0.001232
0.000711
0.003021
0.003941
0.006410
0.006096
0.004186
0.006537
0.005451
0.004743
0.003976
0.001423
0.003023
0.004945
0.004487
0.004458
0.002822
0.001545
0.001874
0.002412
0.006795
0.005811
0.000330
0.002479
0.004241
-0.003516
-0.006866
-0.000154
0.009398
0.014398
0.005373
0.000423
-0.001486
0.001326
0.007671
0.002559
0.017469
0.027126
0.000159
-0.006284
0.011013
0.014863
0.010634
0.024387
0.052373
0.039519
0.033070
0.045721
0.028568
0.042341
0.049096
0.031946
0.034203
0.052154
0.034272
-0.037607
-0.012274
0.019276
-0.030263
-0.015542
0.033027
0.020442
-0.025968
-0.022028
0.012558
-0.008233
-0.048539
-0.034539
-0.018486
-0.021244
-0.029591
-0.050521
-0.028385
-0.016322
-0.035493
-0.020547
-0.006068
0.007581
0.013670
-0.003602
-0.002953
0.006061
-0.010068
-0.021264
-0.020100
-0.019514
-0.012972
-0.010763
-0.002877
0.007290
0.005829
0.004958
0.000935
-0.004892
-0.011062
-0.015009
-0.015915
-0.014051
-0.010116
-0.009185
-0.005631
-0.003141
-0.001991
-0.002991
-0.004533
-0.002942
-0.005646
-0.005737
-0.004494
-0.005459
-0.005092
-0.003743
-0.003103
-0.002453
0.000270
0.000500
-0.001199
-0.003908
-0.003249
-0.002873
-0.003345
0.000476
0.001023
-0.001137
-0.002044
-0.003935
-0.007573
-0.009065
-0.006853
-0.004850
-0.004995
-0.004605
-0.004517
-0.006803
-0.007538
-0.006320
-0.005682
-0.005766
-0.005515
-0.004193
-0.001175
-0.000772
-0.002177
-0.000323
0.000664
0.001268
0.001892
0.001414
0.001437
0.001352
0.001547
0.001672
0.002543
0.003358
0.003147
0.002983
0.003256
0.002986
0.002436
0.002066
0.001516
0.001178
0.000864
0.000545
0.000833
0.000958
0.001227
0.001510
0.001722
0.001982
0.001915
0.001725
0.001688
0.001670
0.001567
0.001492
0.001614
0.001522
0.001452
0.001417
0.001283
0.001177
0.001097
0.001120
0.001111
0.001125
0.001113
0.000989
0.000858
0.000786
0.000798
0.000799
0.000771
0.000705
0.000671
0.000644
0.000611
0.000590
0.000571
0.000542
0.000505
0.000498
0.000442
0.000310
0.000267
0.000312
0.000318
0.000393
0.000479
0.000488
0.000475
0.000440
0.000413
0.000359
0.000363
0.000422
0.000462
0.000430
0.000367
0.000301
0.000238
0.000237
0.000207
0.000153
0.000112
0.000039
0.000901
0.069006
-0.013458
-0.097347
0.079460
0.127204
-0.058731
-0.053297
0.037327
-0.029666
0.032779
0.181079
0.069216
0.005818
-0.038989
-0.075675
-0.075658
-0.027955
-0.044995
0.021475
0.036369
-0.141011
0.250312
0.139491
-0.165655
-0.125215
-0.291305
-0.178297
0.467452
0.015208
-0.546462
0.331128
0.115881
-0.561848
-0.046782
0.017086
-0.222209
-0.253766
-0.072899
0.018991
-0.035410
0.077837
0.376263
0.020019
-0.375398
0.048071
0.088955
0.028770
0.250399
0.147661
0.000795
0.350664
0.242649
0.017843
0.045041
0.087656
-0.079000
-0.100388
-0.035365
-0.045699
-0.047966
-0.014487
0.113882
0.021192
-0.093274
-0.006678
0.095563
0.062840
-0.001742
0.003305
0.062891
0.082594
0.029267
-0.016913
-0.023413
-0.033866
-0.012035
-0.006027
-0.009135
0.002139
0.013702
-0.014898
-0.015062
-0.004102
-0.004449
0.014128
0.018634
0.021541
0.008636
-0.004768
-0.002538
0.000525
0.019064
0.020876
-0.013184
-0.012290
-0.000965
0.009955
0.015322
-0.023293
-0.031980
0.006468
-0.019569
-0.001439
0.024398
0.063587
0.017641
-0.028715
0.027187
0.015501
-0.020166
-0.017921
0.038161
0.146595
0.066765
-0.175162
-0.012376
0.307635
-0.014683
-0.202586
0.192579
-0.132255
-0.064014
0.448545
0.075942
-0.344990
-0.187446
-0.056719
-0.158892
-0.195665
0.037033
0.428673
-0.162061
-0.481899
0.463385
0.288701
-0.377042
-0.097926
-0.140182
-0.413036
0.116784
0.529512
0.246723
-0.131737
0.146024
0.570271
0.380472
-0.173642
-0.170111
0.085092
-0.037386
-0.014012
-0.024913
0.016346
-0.161569
-0.094570
0.169903
-0.112058
-0.235441
0.029306
0.168590
-0.102268
0.039948
0.130364
-0.047525
0.031083
0.005472
-0.104513
-0.142599
-0.049790
-0.048631
-0.041740
-0.047982
-0.058630
0.002253
-0.036263
-0.060402
-0.065760
-0.053992
-0.034452
-0.008270
-0.004766
-0.020254
-0.008995
-0.006012
0.000113
-0.022797
-0.025548
-0.017764
-0.019575
-0.019932
-0.016067
-0.012042
-0.024882
-0.019561
-0.023600
0.007408
-0.002488
-0.059097
-0.027558
-0.012683
0.016211
0.010931
-0.005691
0.007361
-0.044886
-0.031820
0.073556
0.035079
-0.073468
-0.064322
0.117511
0.109381
-0.055956
0.016172
0.143528
0.091021
0.054082
0.192872
0.153191
-0.065965
-0.187433
-0.050206
0.128011
-0.011287
-0.095459
-0.248566
-0.332038
-0.127996
0.081724
0.132290
-0.179250
0.009692
-0.105151
-0.251005
0.237798
-0.022913
-0.469434
-0.198914
0.264540
-0.393942
-0.401203
0.179693
0.077087
0.170922
0.265481
0.258687
-0.105174
0.256390
0.395622
0.216130
0.066645
-0.050364
0.076786
-0.007894
0.066597
0.060503
0.036862
0.011776
0.144431
0.081262
-0.107870
0.037691
0.075418
-0.059370
-0.095131
0.018219
-0.010531
-0.057043
0.033047
0.012279
-0.032143
-0.033620
0.011093
-0.004829
-0.020041
-0.036627
-0.057140
-0.038705
-0.020879
-0.010232
-0.028222
-0.024949
-0.031741
-0.041187
-0.044765
-0.024516
0.005844
0.011775
0.005395
-0.007218
-0.024926
-0.025005
-0.006594
0.015355
-0.026144
-0.023575
0.051038
-0.014042
-0.087686
0.057731
0.033800
-0.101942
0.045867
0.044210
-0.104053
-0.013298
0.050123
-0.068110
-0.049159
-0.093663
0.038288
0.044786
-0.202902
0.157878
-0.060689
-0.362537
0.193599
0.276404
-0.396410
-0.282202
-0.014189
-0.127704
0.269801
0.084135
0.029509
0.024315
-0.147753
-0.105670
0.203420
-0.081538
-0.432096
0.091717
0.170498
-0.335688
-0.347706
0.119929
-0.057689
-0.168383
0.096856
0.140795
0.085704
0.051855
-0.038163
0.248529
0.057087
-0.158959
0.161537
0.095428
-0.152891
0.030152
0.165474
-0.092641
0.063981
0.196716
0.154249
0.031236
-0.024693
0.013610
0.021278
0.167744
0.157406
0.058969
0.050841
0.138012
0.101552
0.017924
0.050263
0.008344
0.002488
0.036057
0.059445
0.005929
0.000312
0.017759
0.006536
0.024510
-0.006478
0.002002
0.009642
0.021259
0.013403
0.006467
0.003605
0.016968
0.020219
0.002905
0.000974
-0.007282
-0.003643
0.002985
-0.009808
0.003731
0.001614
-0.019716
0.023538
0.029775
-0.039104
-0.045509
0.059220
0.023533
-0.060287
0.013069
0.019544
-0.085740
0.058490
0.077633
-0.111459
0.060495
0.032515
-0.072786
0.095482
-0.196911
-0.201688
0.134137
-0.097989
0.128411
0.403734
-0.079754
-0.094624
0.078517
0.038097
-0.058318
0.090856
0.271559
0.110331
0.210562
0.418838
0.033735
-0.429645
0.250413
0.380878
-0.120676
-0.172792
0.027738
-0.199273
-0.140567
0.431661
-0.064623
-0.248227
-0.086925
-0.038017
0.137717
-0.139801
-0.106947
0.122886
0.241468
0.026560
-0.098290
-0.198938
-0.060374
0.022266
-0.169013
-0.052006
-0.211838
-0.164540
0.023388
0.028844
-0.075640
-0.200971
-0.182493
-0.009518
-0.045201
-0.076882
0.003993
-0.001856
-0.023340
0.001644
0.019531
0.010170
0.009621
-0.030029
-0.034238
-0.005439
-0.010851
-0.025062
0.004800
-0.004548
-0.040883
-0.043337
-0.019370
0.002876
0.005840
-0.011383
-0.005826
0.004045
0.000978
0.006682
0.006370
-0.001269
0.007155
0.000969
-0.014950
-0.010667
-0.001371
-0.033562
-0.029589
0.035457
0.008076
-0.026551
-0.008448
-0.014599
-0.026844
-0.016474
0.000639
0.016191
-0.028046
-0.009501
0.090907
0.036359
-0.098384
0.171099
0.101754
-0.025469
0.141970
-0.189614
-0.151654
0.148362
0.215526
0.020875
0.018697
-0.039315
0.045980
0.192898
-0.194525
-0.375333
-0.169997
0.054222
0.043380
-0.053445
-0.145042
-0.124144
0.018272
-0.109221
-0.230314
-0.368679
-0.450592
-0.026054
0.080443
-0.121848
0.009580
0.082715
0.160530
0.355038
-0.012411
-0.212572
-0.103231
-0.038515
0.147768
0.262402
0.162143
0.061433
0.156262
0.274256
0.237924
0.029113
-0.016212
0.070658
0.064787
0.100475
0.113783
0.036066
-0.015105
0.062949
0.036672
-0.080970
-0.032500
-0.023717
-0.050529
0.018500
0.044218
0.021382
0.054287
0.039191
0.017249
0.004824
-0.031541
-0.021660
0.003009
0.011334
0.000308
0.002083
-0.003748
-0.014601
-0.018664
-0.020637
-0.013514
-0.009236
0.000453
0.011230
0.005093
-0.007649
0.012039
0.019450
-0.004937
0.000432
0.008469
0.006581
-0.015209
0.013437
0.011237
0.058595
-0.015083
-0.137059
0.001194
0.020284
0.001087
0.052343
0.076390
-0.167003
-0.096298
0.127965
0.001915
0.085782
0.220933
-0.088680
-0.206779
0.093207
0.113965
-0.010001
-0.121276
0.148272
0.211757
-0.185865
-0.050306
0.116671
-0.424703
-0.035292
0.268310
-0.370425
0.322098
0.114454
-0.555531
0.149215
0.490612
-0.211287
-0.129432
0.226192
-0.389695
0.161635
0.411873
0.026652
-0.212110
-0.069412
0.304312
0.281653
0.101268
-0.163987
0.158715
0.198606
0.149862
0.146927
-0.002299
-0.048302
-0.101387
-0.067109
-0.113989
-0.151514
-0.077606
0.103664
0.009835
-0.031882
0.079682
0.012201
-0.061268
-0.018086
-0.056828
-0.149034
-0.063736
-0.013346
-0.045747
-0.052877
-0.043346
-0.046719
-0.052444
-0.043781
-0.058203
-0.060438
-0.047464
-0.027029
-0.028907
-0.035043
-0.025113
-0.019008
-0.019941
-0.033354
-0.047251
-0.041130
-0.022066
-0.019685
-0.008531
-0.006965
-0.028602
-0.025596
-0.016641
-0.047472
-0.035969
-0.007054
-0.003294
-0.036446
-0.051171
-0.000923
-0.045552
-0.064301
0.084129
0.030189
-0.173267
0.007477
-0.101392
-0.215511
0.081001
0.225633
-0.019190
-0.184676
0.030235
-0.074315
-0.046648
0.140604
0.007729
-0.336757
-0.189329
0.177535
0.415923
-0.092027
-0.370408
0.371762
0.308932
-0.264064
0.292210
0.172550
-0.411710
0.805195
0.710691
-0.436981
0.094788
0.518254
0.056324
0.150879
0.062435
-0.562221
-0.327234
0.017437
-0.174850
-0.185231
-0.382914
-0.165094
0.151580
0.048522
-0.071205
0.078334
0.046264
-0.068227
0.183660
0.131451
0.126528
0.023140
0.031271
0.163958
0.065702
-0.117714
0.055677
0.089887
-0.154989
-0.063352
-0.036322
-0.091033
-0.058047
0.002818
-0.020671
-0.018333
-0.025304
-0.018291
0.006514
-0.043759
-0.016514
0.018457
-0.015083
-0.030600
-0.041159
-0.038338
-0.044316
-0.052205
-0.064293
-0.050503
-0.046870
-0.038638
-0.026782
-0.034499
-0.018983
-0.018480
-0.017950
-0.016575
0.004184
-0.016016
-0.005014
0.005354
-0.002813
-0.017139
-0.029445
0.003350
0.012388
0.024634
-0.045724
-0.087273
0.058967
0.067795
-0.104738
-0.126760
-0.064920
0.034929
0.071243
0.026355
0.066916
-0.248308
-0.178011
0.336671
-0.036501
-0.096340
0.102979
-0.134884
0.036641
0.390128
-0.016878
-0.409557
0.180732
0.227724
-0.153134
0.104715
0.050446
-0.085589
0.506613
0.599583
-0.327597
-0.231871
0.111981
0.180515
0.443436
-0.118123
-0.237034
0.038122
-0.065697
-0.044642
0.123496
-0.457298
-0.528344
0.188654
0.170579
-0.137917
-0.195850
0.030319
-0.027138
0.014639
0.183423
-0.025114
-0.247803
-0.167513
0.006270
-0.121041
-0.098258
-0.108330
-0.120958
-0.070240
-0.082714
-0.120665
-0.119342
-0.004529
0.026887
0.049557
0.056377
0.052601
0.025675
0.003287
0.024687
0.038852
0.024345
0.009608
0.030103
0.034384
0.012180
-0.002218
-0.003564
0.006156
0.009182
0.011205
0.011600
0.019062
0.019085
0.019194
0.020326
0.019303
0.024859
0.010055
0.010289
0.019035
0.007496
0.012767
0.008825
-0.014038
-0.025700
0.010540
0.045383
0.017287
-0.059499
-0.056459
0.003599
-0.031798
0.029314
0.066282
-0.003190
0.029711
0.009019
-0.060247
-0.028636
0.118398
0.124242
0.007696
0.054733
0.032550
-0.210418
-0.032202
0.302877
0.062991
-0.094088
0.154049
0.162686
-0.107902
0.281658
0.252620
-0.319465
0.172463
0.426285
-0.108864
-0.120631
0.247022
-0.363856
-0.617490
0.477183
0.159363
-0.643981
-0.030435
0.386413
-0.382400
-0.119723
0.408675
-0.179385
-0.108102
0.109359
0.010287
-0.156771
-0.063504
-0.040110
-0.100667
-0.091859
-0.063219
-0.019185
-0.012686
0.046000
0.020694
0.026125
0.104950
0.070943
0.033283
-0.034457
-0.037340
-0.039216
-0.069370
-0.068278
0.002527
0.056493
-0.011196
-0.008077
0.016149
-0.005929
-0.036031
-0.006604
0.003656
-0.002440
-0.003958
-0.003196
0.006592
0.006102
-0.008321
-0.018528
-0.012345
-0.002747
-0.004420
-0.011637
-0.003530
0.009034
0.001755
-0.007581
0.001122
0.003908
-0.002514
-0.005111
-0.004813
-0.011745
-0.003061
0.019322
0.003247
-0.006207
0.026696
0.011567
-0.034889
-0.012193
-0.004663
-0.043679
0.003595
0.028874
-0.031438
-0.034441
0.000960
-0.011789
-0.012410
0.010738
-0.005114
-0.011766
0.000375
0.010015
0.009244
0.007816
0.010501
0.011607
0.010751
0.005895
0.004522
0.001478
0.002364
0.003140
0.004326
0.004639
0.005106
0.006905
0.005406
0.002251
-0.001842
0.000871
0.003695
0.005366
0.007997
0.006777
0.002276
0.000861
0.003979
0.005261
0.005351
0.003869
0.000294
-0.001115
-0.000809
0.000192
0.001572
0.002577
0.000089
-0.001401
0.000086
0.001512
0.001995
0.001866
0.002130
0.001646
0.001038
0.000973
0.001206
0.001019
0.000466
-0.000307
-0.000123
0.000613
0.001063
0.001082
0.000981
0.000322
-0.000040
-0.000351
-0.000112
0.000406
0.000860
0.000519
0.000143
-0.000025
0.000037
0.000217
0.000608
0.000790
0.000624
0.000221
0.000051
-0.000009
0.000105
0.000291
0.000297
0.000024
-0.000213
-0.000203
-0.000126
0.000109
0.000043
-0.000208
-0.000398
-0.000449
-0.000327
-0.000002
0.000091
-0.000029
-0.000081
-0.000321
-0.000396
-0.000072
0.000069
0.000018
-0.000010
-0.000245
-0.000414
-0.000185
0.000031
0.000048
-0.000034
-0.000301
-0.000383
-0.000175
0.000033
0.000094
0.000075
-0.000092
-0.000206
-0.000150
-0.000047