-0.094963
-0.011948
0.060996
0.106139
0.116389
0.097960
0.067958
0.047807
0.055027
0.096504
0.165819
0.245667
0.314426
0.354385
0.358471
0.332922
0.294873
0.265780
0.263197
0.294049
0.351961
0.419670
0.475604
0.502101
0.492143
0.452023
0.398932
0.354386
0.336001
0.350764
0.392362
0.443598
0.482965
0.492866
0.466348
0.409769
0.340387
0.279781
0.245630
0.244984
0.271590
0.308312
0.333697
0.330206
0.290938
0.222302
0.141601
0.070462
0.026604
0.017114
0.035777
0.065485
0.084816
0.076252
0.032914
-0.038774
-0.121496
-0.193619
-0.237418
-0.245807
-0.225006
-0.192129
-0.168614
-0.171994
-0.209168
-0.273736
-0.348411
-0.411592
-0.445588
-0.443352
-0.411147
-0.366133
-0.329792
-0.319710
-0.342840
-0.392837
-0.452470
-0.500198
-0.518392
-0.500067
-0.451548
-0.390061
-0.337153
-0.310475
-0.317045
-0.350583
-0.393925
-0.425593
-0.428021
-0.394287
-0.330777
-0.254774
-0.187885
-0.147815
-0.141635
-0.163116
-0.195139
-0.216274
-0.208995
-0.166417
-0.094963
-0.011948
0.060996
0.106139
0.116389
0.097960
0.067958
0.047807
0.055027
0.096504
0.165819
0.245667
0.314426
0.354385
0.358471
0.332922
0.294873
0.265780
0.263197
0.294049
0.351961
0.419670
0.475604
0.502101
0.492143
0.452023
0.398932
0.354386
0.336001
0.350764
0.392362
0.443598
0.482965
0.492866
0.466348
0.409769
0.340387
0.279781
0.245630
0.244984
0.271590
0.308312
0.333697
0.330206
0.290938
0.222302
0.141601
0.070462
0.026604
0.017114
0.035777
0.065485
0.084816
0.076252
0.032914
-0.038774
-0.121496
-0.193619
-0.237418
-0.245807
-0.225006
-0.192129
-0.168614
-0.171994
-0.209168
-0.273736
-0.348411
-0.411592
-0.445588
-0.443352
-0.411147
-0.366133
-0.329792
-0.319710
-0.342840
-0.392837
-0.452470
-0.500198
-0.518392
-0.500067
-0.451548
-0.390061
-0.337153
-0.310475
-0.317045
-0.350583
-0.393925
-0.425593
-0.428021
-0.394287
-0.330777
-0.254774
-0.187885
-0.147815
-0.141635
-0.163116
-0.195139
-0.216274
-0.208995
-0.166417
1.162370
0.848642
0.454960
0.126200
-0.018499
0.068777
0.346451
0.699363
0.982797
1.077794
0.936634
0.601109
0.186606
-0.161915
-0.325238
-0.255375
0.006164
0.344285
0.614329
0.697389
0.545795
0.201378
-0.220439
-0.574668
-0.742071
-0.674642
-0.413882
-0.074883
0.197693
0.284930
0.139140
-0.197868
-0.610700
-0.954403
-1.109782
-1.028878
-0.753245
-0.398034
-0.107970
-0.002039
-0.128002
-0.444129
-0.835108
-1.156074
-1.287918
-1.182777
-0.882299
-0.501734
-0.185907
-0.053905
-0.153593
-0.443343
-0.807949
-1.102648
-1.208437
-1.077554
-0.751750
-0.346374
-0.006349
0.149143
0.072143
-0.195810
-0.539596
-0.814533
-0.901698
-0.753402
-0.411463
0.008704
0.362119
0.529547
0.462982
0.203921
-0.132550
-0.401780
-0.484865
-0.334135
0.008583
0.427873
0.778755
0.942006
0.869637
0.603166
0.257710
-0.022045
-0.117154
0.020101
0.347946
0.751024
1.084418
1.228975
1.136779
0.849428
0.482119
0.179626
0.060982
0.174000
0.477000
0.854724
1.162355
1.280841
1.162370
0.848642
0.454960
0.126200
-0.018499
0.068777
0.346451
0.699363
0.982797
1.077794
0.936634
0.601109
0.186606
-0.161915
-0.325238
-0.255375
0.006164
0.344285
0.614329
0.697389
0.545795
0.201378
-0.220439
-0.574668
-0.742071
-0.674642
-0.413882
-0.074883
0.197693
0.284930
0.139140
-0.197868
-0.610700
-0.954403
-1.109782
-1.028878
-0.753245
-0.398034
-0.107970
-0.002039
-0.128002
-0.444129
-0.835108
-1.156074
-1.287918
-1.182777
-0.882299
-0.501734
-0.185907
-0.053905
-0.153593
-0.443343
-0.807949
-1.102648
-1.208437
-1.077554
-0.751750
-0.346374
-0.006349
0.149143
0.072143
-0.195810
-0.539596
-0.814533
-0.901698
-0.753402
-0.411463
0.008704
0.362119
0.529547
0.462982
0.203921
-0.132550
-0.401780
-0.484865
-0.334135
0.008583
0.427873
0.778755
0.942006
0.869637
0.603166
0.257710
-0.022045
-0.117154
0.020101
0.347946
0.751024
1.084418
1.228975
1.136779
0.849428
0.482119
0.179626
0.060982
0.174000
0.477000
0.854724
1.162355
1.280841