-0.020167
0.079131
0.141410
0.153024
0.119667
0.064158
0.017684
0.007848
0.048088
0.132504
0.238078
0.333423
0.390745
0.396419
0.356161
0.292818
0.237608
0.218167
0.247972
0.321165
0.414770
0.497450
0.541459
0.533225
0.478520
0.400247
0.329682
0.294523
0.308309
0.365245
0.442419
0.508559
0.535984
0.511187
0.440007
0.345410
0.258738
0.207752
0.206053
0.247908
0.310464
0.362506
0.376411
0.338723
0.255332
0.149253
0.051873
-0.009003
-0.019738
0.013972
0.069307
0.115080
0.123691
0.081707
-0.004965
-0.113298
-0.211896
-0.272949
-0.282819
-0.247206
-0.188938
-0.139212
-0.125645
-0.161688
-0.241459
-0.341958
-0.431819
-0.483268
-0.482703
-0.435867
-0.365630
-0.303239
-0.276359
-0.298494
-0.363818
-0.449386
-0.523893
-0.559624
-0.543040
-0.479947
-0.393279
-0.314348
-0.270883
-0.276456
-0.325305
-0.394549
-0.452949
-0.472853
-0.440784
-0.362610
-0.261324
-0.168295
-0.111310
-0.103992
-0.140630
-0.198393
-0.246085
-0.256098
-0.214993
-0.128674
-0.020167
0.079131
0.141410
0.153024
0.119667
0.064158
0.017684
0.007848
0.048088
0.132504
0.238078
0.333423
0.390745
0.396419
0.356161
0.292818
0.237608
0.218167
0.247972
0.321165
0.414770
0.497450
0.541459
0.533225
0.478520
0.400247
0.329682
0.294523
0.308309
0.365245
0.442419
0.508559
0.535984
0.511187
0.440007
0.345410
0.258738
0.207752
0.206053
0.247908
0.310464
0.362506
0.376411
0.338723
0.255332
0.149253
0.051873
-0.009003
-0.019738
0.013972
0.069307
0.115080
0.123691
0.081707
-0.004965
-0.113298
-0.211896
-0.272949
-0.282819
-0.247206
-0.188938
-0.139212
-0.125645
-0.161688
-0.241459
-0.341958
-0.431819
-0.483268
-0.482703
-0.435867
-0.365630
-0.303239
-0.276359
-0.298494
-0.363818
-0.449386
-0.523893
-0.559624
-0.543040
-0.479947
-0.393279
-0.314348
-0.270883
-0.276456
-0.325305
-0.394549
-0.452949
-0.472853
-0.440784
-0.362610
-0.261324
-0.168295
-0.111310
-0.103992
-0.140630
-0.198393
-0.246085
-0.256098
-0.214993
-0.128674
1.197641
0.928118
0.547506
0.196036
0.001866
0.032155
0.267438
0.609091
0.917037
1.063291
0.980883
0.689483
0.287936
-0.083445
-0.296424
-0.283766
-0.064867
0.261713
0.555958
0.689935
0.596723
0.296036
-0.113246
-0.490778
-0.708300
-0.698560
-0.480943
-0.154002
0.142245
0.279857
0.191897
-0.101940
-0.502800
-0.870374
-1.076439
-1.053790
-0.821861
-0.479264
-0.166077
-0.010308
-0.078965
-0.352430
-0.731931
-1.077241
-1.260225
-1.213770
-0.957404
-0.589834
-0.251239
-0.069725
-0.112403
-0.359757
-0.713118
-1.032362
-1.189458
-1.117393
-0.835798
-0.443479
-0.080712
0.124300
0.104355
-0.121122
-0.453547
-0.752880
-0.891168
-0.801472
-0.503493
-0.096101
0.280368
0.497656
0.488515
0.272325
-0.052366
-0.345547
-0.479292
-0.386678
-0.087418
0.319613
0.694080
0.907735
0.893341
0.670300
0.337189
0.034049
-0.111152
-0.031448
0.253501
0.644875
1.002402
1.197899
1.164203
0.920791
0.566319
0.240915
0.072634
0.128532
0.389044
0.755446
1.087564
1.257317
1.197641
0.928118
0.547506
0.196036
0.001866
0.032155
0.267438
0.609091
0.917037
1.063291
0.980883
0.689483
0.287936
-0.083445
-0.296424
-0.283766
-0.064867
0.261713
0.555958
0.689935
0.596723
0.296036
-0.113246
-0.490778
-0.708300
-0.698560
-0.480943
-0.154002
0.142245
0.279857
0.191897
-0.101940
-0.502800
-0.870374
-1.076439
-1.053790
-0.821861
-0.479264
-0.166077
-0.010308
-0.078965
-0.352430
-0.731931
-1.077241
-1.260225
-1.213770
-0.957404
-0.589834
-0.251239
-0.069725
-0.112403
-0.359757
-0.713118
-1.032362
-1.189458
-1.117393
-0.835798
-0.443479
-0.080712
0.124300
0.104355
-0.121122
-0.453547
-0.752880
-0.891168
-0.801472
-0.503493
-0.096101
0.280368
0.497656
0.488515
0.272325
-0.052366
-0.345547
-0.479292
-0.386678
-0.087418
0.319613
0.694080
0.907735
0.893341
0.670300
0.337189
0.034049
-0.111152
-0.031448
0.253501
0.644875
1.002402
1.197899
1.164203
0.920791
0.566319
0.240915
0.072634
0.128532
0.389044
0.755446
1.087564
1.257317