-0.012410
-0.010541
-0.010317
-0.011078
-0.010527
-0.013319
-0.015583
-0.011883
-0.008007
-0.006523
-0.009265
-0.010001
-0.008534
-0.009225
-0.008938
-0.009106
-0.008527
-0.007541
-0.005241
-0.005517
-0.005709
-0.004985
0.003119
0.005522
-0.004620
0.002925
0.009421
0.000094
-0.003434
0.003254
0.007071
-0.006369
0.000729
0.024682
0.030898
0.020983
0.002362
-0.013674
-0.021141
-0.021818
-0.014021
0.001816
0.002359
0.022441
0.027069
0.004351
-0.004860
-0.034032
-0.043632
-0.022861
-0.030537
-0.029793
0.020999
0.033504
-0.047316
-0.097112
-0.045095
-0.010019
-0.087264
-0.092701
-0.008221
-0.014974
-0.031711
-0.019883
-0.001720
0.016678
-0.026395
-0.052292
-0.031178
-0.011260
0.026376
0.026430
0.026765
0.057386
0.041207
0.017448
0.044490
0.050535
0.016505
0.002823
0.004174
0.002719
0.000557
0.002846
0.022325
0.038613
0.036881
0.034134
0.027498
0.017576
0.014499
0.005669
-0.007202
-0.007002
-0.001966
0.004136
0.008475
0.008893
0.010647
0.012306
0.013782
0.010489
0.007838
0.007729
0.007037
0.008329
0.008498
0.009145
0.009970
0.008878
0.007416
0.003088
-0.002360
-0.001162
0.002920
0.000919
0.001194
0.003399
0.005118
0.004568
-0.000105
0.000332
0.002720
-0.001893
-0.004035
-0.001271
0.010417
0.013946
0.004225
0.007849
0.009272
0.002122
-0.004377
-0.001241
0.021642
0.022806
-0.001592
0.006361
0.034484
0.020020
-0.013320
0.014850
0.031804
0.011431
0.014332
0.027684
0.033745
0.003001
-0.019872
-0.042246
-0.082908
-0.029628
0.043456
0.014668
-0.016197
0.028969
0.049514
-0.021999
-0.075581
-0.028473
-0.012303
-0.079155
-0.059865
0.032349
0.059553
0.077230
0.084855
0.064349
0.053474
0.036213
0.042544
0.020478
-0.032456
-0.022389
0.021398
0.018638
-0.000809
0.019140
0.033796
0.034569
0.028729
0.026212
0.020881
-0.001693
-0.002423
-0.007431
-0.024006
-0.017520
-0.009332
-0.017090
-0.022942
-0.018572
-0.017111
-0.015588
-0.016615
-0.018737
-0.014562
-0.012884
-0.011823
-0.010942
-0.013730
-0.018904
-0.020897
-0.021031
-0.022621
-0.023678
-0.024340
-0.020658
-0.015273
-0.012395
-0.012960
-0.017426
-0.018037
-0.015478
-0.017610
-0.021425
-0.020777
-0.014541
-0.010986
-0.014250
-0.013034
-0.012483
-0.012077
-0.013839
-0.013391
-0.004580
-0.009768
-0.017508
-0.011229
-0.008185
-0.009729
-0.013245
-0.000270
0.011219
-0.005402
0.000155
0.024230
0.026546
0.015054
0.020407
0.050257
0.041728
-0.002464
-0.011799
0.004554
0.001337
-0.013389
-0.019932
-0.017954
-0.026965
-0.049367
-0.036520
-0.013478
0.020367
0.012571
-0.050499
-0.039118
-0.036506
-0.069966
-0.079260
-0.056640
-0.059740
-0.118200
-0.084440
-0.017524
-0.012237
-0.003927
0.038717
0.056883
0.043653
0.030060
0.018068
0.028578
0.038133
0.026613
-0.005892
-0.011047
0.026902
0.044978
0.048722
0.065047
0.080327
0.067030
0.040515
0.033633
0.023817
0.008431
0.004717
0.001194
-0.006092
-0.000990
0.009242
0.010713
0.009774
0.009480
0.005951
0.000418
-0.002210
-0.004215
-0.009853
-0.014448
-0.011471
-0.008800
-0.006887
-0.004432
-0.005296
-0.005498
-0.005091
-0.005365
-0.008513
-0.007751
-0.005608
-0.008279
-0.009811
-0.011043
-0.010673
-0.013472
-0.011637
-0.003058
-0.005739
-0.015666
-0.009944
-0.002492
-0.011562
-0.009931
-0.002265
-0.003336
-0.010429
-0.011093
-0.008075
-0.017550
-0.024476
-0.010592
-0.008392
-0.024555
0.000171
-0.005342
-0.035730
-0.015269
-0.003650
-0.021868
-0.054843
-0.048011
-0.023429
-0.043767
-0.041483
0.023725
0.042448
0.007938
-0.032456
-0.047192
-0.022178
-0.051213
-0.061233
-0.011088
-0.039611
-0.080511
-0.049775
-0.034831
-0.048468
-0.045777
-0.001931
0.033408
0.007789
-0.018537
0.008957
0.002548
-0.035936
-0.035310
-0.016503
0.003635
-0.006162
-0.001915
0.020950
0.018239
0.032768
0.042884
0.029236
0.039679
0.042537
0.022751
0.021246
0.024459
0.034285
0.044143
0.040488
0.045288
0.041534
0.037820
0.045029
0.036074
0.027764
0.030575
0.027837
0.026578
0.029615
0.030693
0.029577
0.027550
0.026529
0.024890
0.024476
0.021635
0.017113
0.014810
0.013533
0.012216
0.012824
0.014329
0.013690
0.012621
0.011225
0.009633
0.009735
0.007069
0.004685
0.008905
0.011917
0.010128
0.006366
0.010111
0.010721
-0.000050
0.001034
0.008271
-0.000488
-0.001174
0.005494
0.003298
0.012016
0.007784
0.001171
0.007594
-0.014222
-0.020128
-0.015307
-0.028984
0.001048
0.032543
0.042632
0.046049
0.015349
0.021562
-0.005657
-0.032598
0.041032
0.049716
0.057286
0.097542
0.067510
0.038411
0.034239
0.042179
0.034691
0.005621
0.050889
0.065317
-0.009641
-0.000903
0.027486
0.032533
0.029281
0.005311
0.022029
-0.005263
-0.004720
0.023121
0.011039
0.020204
-0.016243
-0.021131
0.005420
-0.032524
-0.040777
-0.026309
-0.017822
-0.013997
-0.054086
-0.048531
-0.010018
-0.021885
-0.030499
-0.033646
-0.043017
-0.036639
-0.044581
-0.042473
-0.028978
-0.035099
-0.033078
-0.030644
-0.029928
-0.018622
-0.019231
-0.023479
-0.020723
-0.025776
-0.028203
-0.023018
-0.018829
-0.015077
-0.013579
-0.013293
-0.009081
-0.007686
-0.007714
-0.008648
-0.015600
-0.014514
-0.012074
-0.011651
-0.009550
-0.010209
-0.008647
-0.009173
-0.009330
-0.011133
-0.014316
-0.009328
-0.005456
-0.004184
-0.002782
-0.003552
-0.007612
-0.013693
-0.012530
-0.004822
-0.007915
-0.008944
0.000822
0.002148
-0.006486
0.006304
0.016444
0.010098
0.014755
-0.003142
-0.008733
-0.008196
-0.003088
0.015215
0.015427
0.039890
0.043346
0.010162
-0.008871
-0.030989
-0.028281
-0.021996
-0.047102
-0.041620
-0.002482
0.014956
-0.009290
-0.053424
-0.062671
-0.060741
-0.094466
-0.109149
-0.097187
-0.070649
-0.036354
-0.025335
-0.006857
0.007413
-0.006172
-0.011855
-0.033254
-0.046421
-0.045247
-0.049210
0.000359
0.036933
0.039686
0.062026
0.056787
0.057237
0.068236
0.054756
0.047098
0.031232
0.024040
0.036126
0.029067
0.031385
0.041750
0.035698
0.037630
0.037231
0.029661
0.021942
0.013901
0.012573
0.009244
0.010875
0.018560
0.020992
0.020723
0.016043
0.009265
0.008309
0.005948
0.001093
0.000873
0.002131
0.007006
0.012680
0.012795
0.012392
0.011142
0.008864
0.006973
0.003128
0.000485
0.000632
-0.000715
0.000445
0.004936
0.006120
0.001874
0.000926
0.004053
0.009095
0.004068
-0.011715
-0.007883
-0.003943
-0.006527
-0.001630
0.011913
0.012087
-0.004965
-0.003823
-0.003830
0.000676
0.026158
0.025997
0.008663
0.003773
0.004207
-0.006759
-0.023667
0.023062
0.058656
0.009295
-0.003131
0.017048
-0.009408
-0.029592
-0.035567
-0.028939
0.030689
0.019734
-0.016622
-0.003183
0.015900
0.023526
-0.044251
-0.012929
0.042779
-0.018276
-0.021195
0.010535
0.017230
0.028222
0.025078
0.008563
0.023178
0.052407
0.069815
0.066897
0.035221
0.034028
0.057065
0.044283
0.013805
0.001002
0.000608
-0.000168
-0.000786
0.005683
0.021647
0.030738
0.027261
0.024131
0.011786
0.000050
-0.004091
-0.022481
-0.039637
-0.035453
-0.030009
-0.029037
-0.021633
-0.016613
-0.015444
-0.010886
-0.011611
-0.015402
-0.017530
-0.024742
-0.029262
-0.030168
-0.029246
-0.027789
-0.026714
-0.022576
-0.019901
-0.016994
-0.019888
-0.024725
-0.025229
-0.023304
-0.021520
-0.022632
-0.022235
-0.022834
-0.021185
-0.019978
-0.018229
-0.019998
-0.024750
-0.019388
-0.021663
-0.027812
-0.018082
-0.011687
-0.020581
-0.018424
-0.026428
-0.043930
-0.040741
-0.020167
-0.001840
-0.016483
-0.005869
-0.001268
-0.038151
-0.036193
-0.018898
-0.025113
-0.036456
-0.034434
0.002822
-0.011614
-0.028203
0.043373
0.047905
-0.020443
-0.012202
0.038047
0.040286
0.043605
0.060050
0.067056
0.079689
0.101141
0.084392
0.018771
0.043552
0.080865
-0.002819
-0.044655
-0.040240
-0.036685
-0.017406
-0.016117
-0.002801
0.014473
0.013381
0.017546
0.021030
-0.006182
-0.025314
-0.021282
-0.017817
-0.017142
-0.009135
0.007769
0.015466
0.007881
0.008640
0.027558
0.026070
0.006278
0.007715
0.012076
-0.002864
-0.005573
0.006137
0.008508
0.006669
0.000577
-0.004873
-0.001716
-0.010170
-0.021714
-0.022401
-0.025559
-0.025012
-0.019489
-0.024997
-0.026754
-0.020852
-0.019891
-0.018775
-0.019550
-0.020839
-0.019209
-0.016337
-0.014935
-0.014353
-0.014958
-0.014712
-0.013642
-0.014280
-0.013536
-0.014261
-0.017067
-0.019148
-0.015600
-0.011450
-0.010039
-0.011470
-0.014776
-0.003488
-0.000133
-0.016344
-0.024461
-0.022671
-0.014172
-0.019448
-0.020609
0.009466
-0.003156
-0.028425
-0.012301
-0.027210
-0.020301
-0.002288
-0.005089
0.008922
-0.003049
0.003887
-0.007747
-0.008465
0.034510
-0.015679
-0.026145
0.031889
0.039057
0.056115
0.067008
0.053389
0.052705
0.040048
0.023834
0.009325
0.008578
0.070995
0.072745
0.005567
-0.019732
-0.014695
0.003127
-0.026996
-0.045402
0.002344
-0.002779
-0.024718
0.010139
0.003124
-0.032630
-0.030370
-0.025044
-0.014167
-0.026545
-0.054060
-0.058489
-0.066178
-0.062697
-0.049652
-0.051063
-0.039173
-0.028204
-0.038006
-0.031777
-0.020637
-0.022764
-0.022445
-0.023680
-0.024189
-0.022714
-0.021625
-0.018483
-0.017962
-0.016262
-0.011556
-0.007641
-0.003769
-0.002786
-0.004502
-0.001467
0.002766
0.006003
0.006971
0.004329
0.004892
0.006008
0.006163
0.004683
0.003119
0.001321
0.002680
0.007319
0.005963
0.005025
0.003531
0.001465
0.000304
0.001437
0.006682
0.005147
0.000543
0.002595
0.004262
-0.005046
-0.009177
-0.000456
0.009847
0.017137
0.008797
-0.001019
-0.004748
-0.000358
0.011028
0.008406
0.018548
0.029711
-0.001694
-0.018114
0.004457
0.015441
0.012357
0.028161
0.060053
0.039203
0.023385
0.047698
0.029324
0.038805
0.061542
0.038610
0.024301
0.043540
0.034183
-0.053691
-0.035132
0.024149
-0.031720
-0.023772
0.047795
0.029792
-0.032938
-0.018558
0.027821
0.003850
-0.031938
-0.011140
-0.017443
-0.034434
-0.029962
-0.054774
-0.047311
-0.024032
-0.032881
-0.024119
-0.005795
0.016526
0.019828
0.000030
0.003028
0.006999
-0.008066
-0.017143
-0.021626
-0.025965
-0.022644
-0.019912
-0.012856
-0.001394
0.003081
0.006138
0.006751
0.001134
-0.001704
-0.006200
-0.012450
-0.011919
-0.011531
-0.012136
-0.010971
-0.008518
-0.005931
-0.003542
-0.000648
-0.002293
-0.004427
-0.002692
-0.002856
-0.005658
-0.005621
-0.004685
-0.004239
-0.001961
-0.000664
0.000085
-0.002395
-0.003908
-0.003091
-0.004231
-0.003658
0.000147
0.002703
-0.001337
-0.003247
-0.002866
-0.008037
-0.010334
-0.007001
-0.004703
-0.005772
-0.005368
-0.005195
-0.009180
-0.007704
-0.003146
-0.003764
-0.004816
-0.003594
-0.003795
-0.003284
-0.001122
-0.000845
-0.000356
0.001169
0.001340
0.001222
0.001159
0.000887
0.000112
0.000474
0.001138
0.001391
0.002500
0.003723
0.003216
0.002747
0.003131
0.002755
0.002212
0.001920
0.001559
0.001266
0.001037
0.000728
0.000870
0.001172
0.001418
0.001455
0.001693
0.001766
0.001668
0.001651
0.001690
0.001681
0.001845
0.001699
0.001441
0.001423
0.001427
0.001274
0.001152
0.001141
0.001107
0.001135
0.001217
0.001195
0.001029
0.000859
0.000789
0.000736
0.000738
0.000732
0.000736
0.000701
0.000652
0.000642
0.000601
0.000567
0.000551
0.000567
0.000519
0.000429
0.000364
0.000298
0.000340
0.000461
0.000474
0.000437
0.000444
0.000449
0.000410
0.000446
0.000447
0.000401
0.000465
0.000487
0.000408
0.000363
0.000333
0.000256
0.000253
0.000266
0.000193
0.000127
0.000102
0.000041
0.000656
0.032826
0.047043
-0.083551
-0.012420
0.138926
0.023228
-0.092397
0.016331
0.015155
-0.025873
0.119174
0.131048
0.015677
-0.001417
-0.057655
-0.061946
-0.062941
-0.028208
-0.053847
0.078726
-0.107333
0.056843
0.280490
-0.067064
-0.138981
-0.178597
-0.297734
0.168967
0.355799
-0.465053
-0.096200
0.446985
-0.365463
-0.334969
0.073081
-0.125110
-0.276835
-0.186336
0.022252
-0.006723
-0.000854
0.233176
0.278044
-0.302839
-0.149798
0.153222
0.008737
0.108617
0.228860
0.025093
0.198225
0.341316
0.092431
0.018015
0.083548
0.020048
-0.125253
-0.042502
-0.040904
-0.042023
-0.046027
0.053237
0.071474
-0.050399
-0.047926
0.069160
0.084525
0.016599
-0.002769
0.040892
0.065235
0.046730
-0.001997
-0.014152
-0.028475
-0.026243
-0.005470
-0.005340
-0.007973
0.007916
0.005178
-0.017571
-0.005797
-0.005561
0.007853
0.015266
0.016823
0.014654
0.004075
-0.001949
-0.003115
0.005810
0.023999
0.000291
-0.018384
-0.003504
0.005952
0.017130
-0.003210
-0.037115
-0.003516
-0.002143
-0.015912
0.011901
0.042174
0.054059
-0.023035
0.007851
0.028970
-0.000309
-0.028624
0.004660
0.094344
0.132052
-0.078365
-0.135888
0.201149
0.197945
-0.232157
0.040726
0.091310
-0.208155
0.255101
0.313250
-0.206136
-0.286676
-0.050119
-0.097739
-0.212851
-0.137640
0.282654
0.222907
-0.511111
0.045740
0.570042
-0.170394
-0.305998
-0.025991
-0.315219
-0.196894
0.378177
0.408620
-0.011863
-0.041238
0.446417
0.547486
0.043487
-0.261316
0.046037
0.043051
-0.063137
-0.047260
0.014696
-0.037254
-0.206796
0.101056
0.050228
-0.218282
-0.108064
0.166733
0.019605
-0.101621
0.153549
0.031770
-0.023540
0.001356
-0.047132
-0.116656
-0.093804
-0.044282
-0.062431
-0.027724
-0.063664
-0.021038
-0.010184
-0.056001
-0.058627
-0.054293
-0.035905
-0.029783
-0.002955
-0.015084
-0.012165
-0.012054
-0.005162
-0.008509
-0.026610
-0.021193
-0.019359
-0.017001
-0.017990
-0.009674
-0.019816
-0.025030
-0.020957
-0.011228
0.015597
-0.042687
-0.042577
-0.013817
0.003916
0.018070
-0.006782
0.010145
-0.012926
-0.050903
0.027008
0.065487
-0.030042
-0.093438
0.032754
0.146153
0.000642
-0.043211
0.101576
0.138172
0.037059
0.118139
0.203903
0.040878
-0.143077
-0.134275
0.080069
0.057466
-0.085992
-0.151505
-0.312849
-0.207635
-0.023728
0.146432
-0.073477
-0.121643
0.055122
-0.256754
0.034685
0.166836
-0.304418
-0.420013
0.136413
-0.009852
-0.579378
0.005002
0.128872
0.105565
0.175546
0.309989
0.067466
0.031815
0.425429
0.251416
0.149166
-0.049877
0.061283
0.035264
0.004929
0.063341
0.048622
0.028427
0.054104
0.162058
-0.036196
-0.029777
0.091230
-0.006576
-0.101218
-0.041758
0.029352
-0.059659
-0.009323
0.027314
-0.013655
-0.034214
-0.009498
0.009333
-0.024324
-0.019099
-0.049617
-0.042256
-0.035233
-0.015782
-0.018613
-0.030181
-0.027594
-0.038521
-0.037200
-0.033870
-0.009002
0.006382
0.007109
0.003561
-0.018184
-0.023372
-0.016198
0.009307
-0.004788
-0.042541
0.022209
0.034398
-0.071545
-0.020665
0.084021
-0.063061
-0.039417
0.085953
-0.044807
-0.076957
0.052322
-0.014653
-0.066305
-0.065907
-0.054222
0.105887
-0.141208
-0.032292
0.147802
-0.311565
-0.099835
0.349424
-0.088042
-0.459933
-0.029688
-0.113053
0.078682
0.189114
-0.011362
0.086556
-0.062993
-0.139052
0.059306
0.141481
-0.387641
-0.179230
0.228811
-0.089129
-0.439932
-0.050533
0.107771
-0.205575
-0.051624
0.158624
0.107827
0.090389
-0.030596
0.121796
0.228329
-0.155204
0.005976
0.177826
-0.069957
-0.107980
0.186395
0.021031
-0.058742
0.157760
0.180818
0.102276
-0.037386
0.019114
0.025722
0.092458
0.163328
0.086921
0.045430
0.097050
0.139135
0.042634
0.039179
0.029088
0.000667
0.019595
0.045674
0.035845
-0.012668
0.025562
0.005579
0.014624
0.010097
-0.000885
0.007850
0.011407
0.017039
0.008028
0.011360
0.005231
0.021076
0.008208
0.002882
-0.001126
-0.009491
0.001304
-0.004185
-0.005233
0.009100
-0.016991
0.000166
0.034683
-0.001808
-0.057261
0.015739
0.061954
-0.035939
-0.032614
0.041944
-0.043877
-0.036483
0.114344
-0.047518
-0.043091
0.099182
-0.065138
0.034960
-0.020107
-0.279589
0.030829
0.027609
-0.076346
0.347708
0.159738
-0.152477
0.047073
0.083274
-0.022360
-0.039951
0.217089
0.172737
0.126996
0.334022
0.321131
-0.301748
-0.117276
0.459306
0.056760
-0.222195
-0.046335
0.001992
-0.263775
0.209751
0.224354
-0.265004
-0.124499
-0.079486
0.113039
-0.020534
-0.161677
0.017555
0.216372
0.135191
-0.093446
-0.105152
-0.158355
0.049164
-0.132439
-0.114985
-0.098437
-0.223495
-0.038278
0.032969
-0.031245
-0.142805
-0.197692
-0.074547
-0.007380
-0.096256
-0.022360
0.012397
-0.031302
-0.015354
0.019557
0.017079
0.013768
-0.022151
-0.030995
-0.015270
-0.004654
-0.019980
-0.011795
0.002691
-0.023090
-0.044222
-0.024188
-0.006217
0.001009
0.001129
-0.008991
0.002676
0.003144
0.002046
0.009667
-0.003190
-0.001781
0.007937
-0.006434
-0.016393
-0.005879
-0.015380
-0.042679
0.008713
0.026212
-0.019025
-0.015596
-0.003896
-0.019751
-0.026157
-0.009100
0.009825
-0.003776
-0.031664
0.044187
0.093096
-0.069192
0.023938
0.202481
-0.038643
0.100535
-0.016538
-0.214342
0.020605
0.210176
0.095746
-0.021123
0.026782
-0.028878
0.191733
-0.000371
-0.340077
-0.267580
-0.027281
0.057535
-0.041913
-0.102814
-0.131132
-0.015784
-0.018930
-0.205405
-0.274256
-0.449029
-0.238874
0.078309
-0.067916
-0.088944
0.093911
0.100763
0.286162
0.189955
-0.173312
-0.127875
-0.064078
0.036090
0.198592
0.209107
0.084642
0.113319
0.233569
0.277578
0.129191
-0.024159
0.049237
0.068180
0.070267
0.119744
0.073188
-0.001773
0.013339
0.073592
-0.030648
-0.067314
-0.009574
-0.039438
-0.022618
0.041646
0.025115
0.032421
0.052306
0.014019
0.015231
-0.009100
-0.028239
-0.005188
0.005333
0.000479
-0.000926
-0.000069
-0.010330
-0.017651
-0.020922
-0.013577
-0.009482
-0.004177
0.006450
0.009920
-0.003884
-0.000372
0.020381
0.004253
-0.007636
0.004800
0.012753
-0.006896
-0.001375
0.017088
0.029570
0.050284
-0.107035
-0.061748
0.030685
0.000245
0.009891
0.084910
-0.035678
-0.180555
0.073406
0.067018
-0.002468
0.180039
0.087569
-0.207614
-0.030938
0.144129
0.043120
-0.109452
-0.019523
0.260445
-0.005345
-0.186953
0.134577
-0.151482
-0.363723
0.287163
-0.156326
-0.091831
0.409142
-0.361400
-0.235139
0.465288
0.145137
-0.358601
0.204258
-0.124584
-0.188941
0.417820
0.166107
-0.101006
-0.213327
0.205141
0.296037
0.185215
-0.089836
-0.004622
0.268428
0.123163
0.162118
0.057919
-0.010752
-0.091438
-0.075345
-0.082380
-0.141934
-0.123018
0.022604
0.078243
-0.055176
0.041777
0.080475
-0.035690
-0.059870
-0.022892
-0.103214
-0.114506
-0.031014
-0.043637
-0.054398
-0.042784
-0.038412
-0.051416
-0.046403
-0.045232
-0.058260
-0.049598
-0.040211
-0.025856
-0.030670
-0.029891
-0.023879
-0.021715
-0.025051
-0.039070
-0.044842
-0.029748
-0.019542
-0.013205
-0.006585
-0.017889
-0.032911
-0.013824
-0.029511
-0.047256
-0.017168
-0.004241
-0.014870
-0.053830
-0.021524
-0.010599
-0.073943
0.009886
0.095013
-0.109059
-0.089458
0.012775
-0.210279
-0.071206
0.178009
0.121218
-0.175219
-0.043848
0.020742
-0.093546
0.048454
0.099990
-0.193213
-0.304392
0.022465
0.339355
0.198543
-0.382924
0.028407
0.499575
-0.087596
-0.081057
0.433176
-0.285160
0.148544
1.002661
-0.033219
-0.282711
0.486950
0.292713
0.008445
0.170415
-0.275227
-0.488317
-0.051998
-0.114499
-0.192720
-0.287573
-0.314019
0.060851
0.102820
-0.034544
-0.015644
0.141342
-0.068280
0.052523
0.168896
0.112015
0.080858
-0.016982
0.111844
0.141274
-0.039528
-0.065254
0.135459
-0.066402
-0.130422
-0.006498
-0.058710
-0.089379
-0.025919
0.002598
-0.023249
-0.019452
-0.029538
0.010614
-0.015363
-0.047739
0.008999
0.001914
-0.028214
-0.043886
-0.037303
-0.036834
-0.050024
-0.056687
-0.058406
-0.043202
-0.046744
-0.025877
-0.030300
-0.025036
-0.019334
-0.014786
-0.013875
-0.005680
-0.003698
-0.015931
0.006020
-0.002023
-0.008644
-0.032200
-0.012345
0.005042
0.016949
-0.004614
-0.085644
-0.014267
0.098120
-0.031670
-0.131733
-0.087326
-0.010804
0.066692
0.021901
0.059824
-0.056049
-0.301818
0.164472
0.184868
-0.175541
0.052788
-0.006313
-0.095691
0.252350
0.255865
-0.335264
-0.119136
0.330115
-0.048806
-0.055795
0.133497
-0.059035
0.174341
0.679048
0.092650
-0.406309
0.079802
0.104165
0.341075
0.140687
-0.276190
-0.016566
0.039240
-0.118318
0.073660
-0.119329
-0.638349
-0.102713
0.241994
-0.023216
-0.207908
-0.052903
0.062643
-0.070673
0.112050
0.095202
-0.151405
-0.238977
-0.038958
-0.046166
-0.129688
-0.092925
-0.142374
-0.081266
-0.087062
-0.082361
-0.116041
-0.056929
0.015245
0.027047
0.057349
0.055020
0.037033
0.007455
0.020611
0.030574
0.027827
0.014790
0.015418
0.037031
0.018250
0.007044
0.001780
0.001426
0.007141
0.008953
0.013437
0.016305
0.021583
0.017248
0.020784
0.018438
0.023074
0.019552
0.004953
0.016269
0.010842
0.008473
0.014027
-0.004298
-0.025144
-0.011774
0.033333
0.033493
-0.026201
-0.071467
-0.010047
-0.011102
-0.018227
0.062217
0.019525
0.009331
0.036034
-0.024852
-0.054526
0.045224
0.140121
0.040151
0.013922
0.082188
-0.088387
-0.173088
0.188801
0.200651
-0.087684
0.017167
0.237988
-0.009757
0.043536
0.392152
-0.121237
-0.140978
0.418593
0.150612
-0.215823
0.124379
0.056505
-0.685828
-0.023970
0.494452
-0.407601
-0.428969
0.349378
0.035379
-0.433254
0.302606
0.107701
-0.230919
0.031383
0.081844
-0.077663
-0.133476
-0.024802
-0.082603
-0.098320
-0.099355
-0.023161
-0.014506
0.009605
0.042831
0.013305
0.094789
0.085565
0.039543
0.004135
-0.044227
-0.026604
-0.063716
-0.066735
-0.040794
0.040093
0.017711
-0.011584
0.008376
0.012349
-0.019171
-0.022923
0.006100
-0.006217
-0.004735
-0.003097
-0.000270
0.004512
-0.001227
-0.012254
-0.014398
-0.007059
-0.003871
-0.005697
-0.007249
0.001885
0.006405
-0.005865
-0.001358
0.001484
-0.001889
-0.005541
-0.004370
-0.007561
-0.012226
0.011313
0.013636
-0.008356
0.010775
0.027164
-0.015808
-0.028654
0.004625
-0.028035
-0.028408
0.026356
-0.004847
-0.041806
-0.011008
0.002022
-0.018079
0.000986
0.005045
-0.010918
-0.004625
0.005807
0.011295
0.006566
0.008995
0.011849
0.011168
0.006149
0.003595
0.003714
0.001635
0.002570
0.003625
0.004565
0.004835
0.006494
0.005251
0.003158
-0.000262
-0.001426
0.002644
0.005879
0.007193
0.005696
0.003377
0.001026
0.002044
0.004277
0.005029
0.004818
0.001705
0.000157
-0.000305
-0.000259
0.000597
0.002015
0.001470
-0.000903
-0.000477
0.001374
0.001880
0.001473
0.001764
0.001776
0.001386
0.001254
0.001231
0.001196
0.000922
-0.000019
-0.000293
-0.000085
0.000704
0.000762
0.000748
0.000383
0.000119
-0.000002
0.000018
0.000381
0.000876
0.000734
0.000303
0.000067
0.000137
0.000209
0.000476
0.000715
0.000664
0.000390
0.000116
0.000050
0.000040
0.000224
0.000336
0.000187
-0.000091
-0.000194
-0.000224
-0.000062
0.000080
-0.000087
-0.000283
-0.000362
-0.000389
-0.000188
0.000080
-0.000031
-0.000166
-0.000238
-0.000343
-0.000167
0.000125
0.000094
-0.000113
-0.000253
-0.000355
-0.000235
0.000029
0.000094
0.000039
-0.000153
-0.000306
-0.000221
-0.000019
0.000063
0.000089
0.000054
-0.000084
-0.000125
-0.000044