-0.029958
-0.136975
-0.223842
-0.247449
-0.188759
-0.060123
0.099401
0.238923
0.315125
0.308764
0.231982
0.123635
0.034409
0.007424
0.061730
0.184994
0.338178
0.470419
0.538425
0.522987
0.436283
0.317207
0.216488
0.177292
0.218717
0.328480
0.467596
0.585259
0.638234
0.607370
0.504908
0.369803
0.252848
0.197272
0.222237
0.315527
0.438222
0.539579
0.576428
0.529683
0.411646
0.261334
0.129599
0.059731
0.070947
0.151084
0.261275
0.350827
0.376616
0.319598
0.192119
0.033230
-0.106180
-0.182794
-0.177367
-0.102038
0.004344
0.091099
0.115118
0.057362
-0.069821
-0.227379
-0.364431
-0.437668
-0.427856
-0.347155
-0.234434
-0.140396
-0.108182
-0.156861
-0.274122
-0.420951
-0.546511
-0.607536
-0.584843
-0.490641
-0.363852
-0.255236
-0.207991
-0.241244
-0.342747
-0.473548
-0.582870
-0.627515
-0.588363
-0.477688
-0.334478
-0.209556
-0.146185
-0.163557
-0.249485
-0.365078
-0.459622
-0.489974
-0.437073
-0.313245
-0.157531
-0.020804
0.053628
0.046527
-0.029958
-0.136975
-0.223842
-0.247449
-0.188759
-0.060123
0.099401
0.238923
0.315125
0.308764
0.231982
0.123635
0.034409
0.007424
0.061730
0.184994
0.338178
0.470419
0.538425
0.522987
0.436283
0.317207
0.216488
0.177292
0.218717
0.328480
0.467596
0.585259
0.638234
0.607370
0.504908
0.369803
0.252848
0.197272
0.222237
0.315527
0.438222
0.539579
0.576428
0.529683
0.411646
0.261334
0.129599
0.059731
0.070947
0.151084
0.261275
0.350827
0.376616
0.319598
0.192119
0.033230
-0.106180
-0.182794
-0.177367
-0.102038
0.004344
0.091099
0.115118
0.057362
-0.069821
-0.227379
-0.364431
-0.437668
-0.427856
-0.347155
-0.234434
-0.140396
-0.108182
-0.156861
-0.274122
-0.420951
-0.546511
-0.607536
-0.584843
-0.490641
-0.363852
-0.255236
-0.207991
-0.241244
-0.342747
-0.473548
-0.582870
-0.627515
-0.588363
-0.477688
-0.334478
-0.209556
-0.146185
-0.163557
-0.249485
-0.365078
-0.459622
-0.489974
-0.437073
-0.313245
-0.157531
-0.020804
0.053628
0.046527
0.987428
0.663085
0.331832
0.114283
0.086675
0.251769
0.537832
0.826066
0.996025
0.971662
0.750419
0.404253
0.052198
-0.185049
-0.231174
-0.083341
0.186782
0.460461
0.617309
0.581329
0.350010
-0.004652
-0.363589
-0.606077
-0.655782
-0.509854
-0.239951
0.035191
0.195181
0.164009
-0.060856
-0.407442
-0.756713
-0.987984
-1.024964
-0.864854
-0.579370
-0.287305
-0.109121
-0.120897
-0.325241
-0.650264
-0.977014
-1.184893
-1.197705
-1.012745
-0.701827
-0.383845
-0.179363
-0.164564
-0.342161
-0.640369
-0.940343
-1.121592
-1.108024
-0.897037
-0.560548
-0.217554
0.011284
0.049687
-0.105151
-0.381536
-0.660709
-0.822260
-0.790175
-0.561926
-0.209498
0.148051
0.390000
0.440020
0.295258
0.027369
-0.244922
-0.401232
-0.365567
-0.135414
0.217235
0.573320
0.812128
0.857340
0.706123
0.430158
0.148201
-0.019325
0.003615
0.219587
0.556653
0.895816
1.116430
1.142246
0.970509
0.672980
0.368502
0.177584
0.176356
0.367477
0.679110
0.992357
1.186672
1.185913
0.987428
0.663085
0.331832
0.114283
0.086675
0.251769
0.537832
0.826066
0.996025
0.971662
0.750419
0.404253
0.052198
-0.185049
-0.231174
-0.083341
0.186782
0.460461
0.617309
0.581329
0.350010
-0.004652
-0.363589
-0.606077
-0.655782
-0.509854
-0.239951
0.035191
0.195181
0.164009
-0.060856
-0.407442
-0.756713
-0.987984
-1.024964
-0.864854
-0.579370
-0.287305
-0.109121
-0.120897
-0.325241
-0.650264
-0.977014
-1.184893
-1.197705
-1.012745
-0.701827
-0.383845
-0.179363
-0.164564
-0.342161
-0.640369
-0.940343
-1.121592
-1.108024
-0.897037
-0.560548
-0.217554
0.011284
0.049687
-0.105151
-0.381536
-0.660709
-0.822260
-0.790175
-0.561926
-0.209498
0.148051
0.390000
0.440020
0.295258
0.027369
-0.244922
-0.401232
-0.365567
-0.135414
0.217235
0.573320
0.812128
0.857340
0.706123
0.430158
0.148201
-0.019325
0.003615
0.219587
0.556653
0.895816
1.116430
1.142246
0.970509
0.672980
0.368502
0.177584
0.176356
0.367477
0.679110
0.992357
1.186672
1.185913