0.027263
0.057582
0.059860
0.042374
0.020937
0.012823
0.030132
0.075136
0.139371
0.206840
0.260087
0.286834
0.284635
0.261786
0.234118
0.218933
0.228358
0.264694
0.319514
0.376857
0.419307
0.434629
0.420421
0.385027
0.344329
0.315678
0.311255
0.333416
0.373790
0.416473
0.444107
0.444513
0.415353
0.365025
0.309472
0.266104
0.247160
0.255053
0.281468
0.310556
0.325013
0.312713
0.271365
0.209419
0.142862
0.089147
0.060555
0.059536
0.077810
0.099562
0.107515
0.089570
0.043457
-0.022354
-0.091861
-0.147601
-0.177284
-0.178454
-0.159391
-0.135916
-0.125309
-0.139683
-0.181318
-0.241765
-0.305043
-0.353711
-0.375509
-0.368012
-0.339534
-0.305933
-0.284529
-0.287477
-0.317104
-0.365007
-0.415253
-0.450456
-0.458406
-0.436734
-0.393810
-0.345549
-0.309329
-0.297362
-0.312035
-0.345005
-0.380397
-0.400882
-0.394311
-0.358371
-0.301488
-0.239631
-0.190235
-0.165561
-0.168048
-0.189399
-0.213787
-0.223925
-0.207706
-0.162854
-0.097831
-0.028638
0.027263
0.057582
0.059860
0.042374
0.020937
0.012823
0.030132
0.075136
0.139371
0.206840
0.260087
0.286834
0.284635
0.261786
0.234118
0.218933
0.228358
0.264694
0.319514
0.376857
0.419307
0.434629
0.420421
0.385027
0.344329
0.315678
0.311255
0.333416
0.373790
0.416473
0.444107
0.444513
0.415353
0.365025
0.309472
0.266104
0.247160
0.255053
0.281468
0.310556
0.325013
0.312713
0.271365
0.209419
0.142862
0.089147
0.060555
0.059536
0.077810
0.099562
0.107515
0.089570
0.043457
-0.022354
-0.091861
-0.147601
-0.177284
-0.178454
-0.159391
-0.135916
-0.125309
-0.139683
-0.181318
-0.241765
-0.305043
-0.353711
-0.375509
-0.368012
-0.339534
-0.305933
-0.284529
-0.287477
-0.317104
-0.365007
-0.415253
-0.450456
-0.458406
-0.436734
-0.393810
-0.345549
-0.309329
-0.297362
-0.312035
-0.345005
-0.380397
-0.400882
-0.394311
-0.358371
-0.301488
-0.239631
-0.190235
-0.165561
-0.168048
-0.189399
-0.213787
-0.223925
-0.207706
-0.162854
-0.097831
-0.028638
0.956070
1.036281
0.954622
0.739183
0.468243
0.240384
0.136858
0.190572
0.373547
0.607631
0.794389
0.852729
0.749924
0.514147
0.223757
-0.022588
-0.143561
-0.106188
0.061617
0.281763
0.455867
0.502892
0.390151
0.145857
-0.151596
-0.403521
-0.528573
-0.493758
-0.326982
-0.106331
0.069810
0.120394
0.012722
-0.225012
-0.514442
-0.756913
-0.871115
-0.824099
-0.643818
-0.408412
-0.216323
-0.148662
-0.238195
-0.456801
-0.726187
-0.947779
-1.040349
-0.971032
-0.767871
-0.509095
-0.293239
-0.201507
-0.266761
-0.460974
-0.705952
-0.903215
-0.971632
-0.878434
-0.651756
-0.369922
-0.131558
-0.017955
-0.062063
-0.235938
-0.461466
-0.640243
-0.691212
-0.581673
-0.339826
-0.044054
0.206963
0.331882
0.297711
0.132352
-0.086113
-0.259310
-0.306201
-0.194103
0.048773
0.344040
0.593021
0.714380
0.675139
0.503221
0.276733
0.094082
0.036341
0.136237
0.365609
0.646121
0.879154
0.983436
0.926057
0.735010
0.488478
0.284948
0.205575
0.283170
0.489661
0.746804
0.956070
1.036281
0.954622
0.739183
0.468243
0.240384
0.136858
0.190572
0.373547
0.607631
0.794389
0.852729
0.749924
0.514147
0.223757
-0.022588
-0.143561
-0.106188
0.061617
0.281763
0.455867
0.502892
0.390151
0.145857
-0.151596
-0.403521
-0.528573
-0.493758
-0.326982
-0.106331
0.069810
0.120394
0.012722
-0.225012
-0.514442
-0.756913
-0.871115
-0.824099
-0.643818
-0.408412
-0.216323
-0.148662
-0.238195
-0.456801
-0.726187
-0.947779
-1.040349
-0.971032
-0.767871
-0.509095
-0.293239
-0.201507
-0.266761
-0.460974
-0.705952
-0.903215
-0.971632
-0.878434
-0.651756
-0.369922
-0.131558
-0.017955
-0.062063
-0.235938
-0.461466
-0.640243
-0.691212
-0.581673
-0.339826
-0.044054
0.206963
0.331882
0.297711
0.132352
-0.086113
-0.259310
-0.306201
-0.194103
0.048773
0.344040
0.593021
0.714380
0.675139
0.503221
0.276733
0.094082
0.036341
0.136237
0.365609
0.646121
0.879154
0.983436
0.926057
0.735010
0.488478
0.284948
0.205575
0.283170
0.489661
0.746804