0.764392
0.664497
0.446251
0.199713
0.025184
-0.005124
0.125307
0.370970
0.641702
0.837103
0.884881
0.768447
0.533254
0.269424
0.077328
0.029248
0.141770
0.369461
0.622225
0.799737
0.829771
0.695813
0.443381
0.162667
-0.045892
-0.109948
-0.012853
0.200021
0.438637
0.602725
0.620114
0.474337
0.210960
-0.079781
-0.297410
-0.369544
-0.279502
-0.072629
0.161062
0.321321
0.335990
0.188616
-0.075231
-0.365312
-0.581155
-0.650383
-0.556326
-0.344347
-0.104476
0.063010
0.085926
-0.052215
-0.305877
-0.584864
-0.788746
-0.845194
-0.737588
-0.511345
-0.256550
-0.073541
-0.034562
-0.156165
-0.392880
-0.654575
-0.840890
-0.879566
-0.754052
-0.509835
-0.237074
-0.036174
0.020547
-0.083531
-0.303006
-0.547818
-0.717671
-0.740370
-0.599429
-0.340395
-0.053486
0.160837
0.230205
0.137945
-0.070586
-0.305370
-0.466152
-0.480774
-0.332780
-0.067745
0.224089
0.442242
0.514328
0.423666
0.215605
-0.019839
-0.182407
-0.199935
-0.055955
0.203972
0.489627
0.700552
0.764392
0.664497
0.446251
0.199713
0.025184
-0.005124
0.125307
0.370970
0.641702
0.837103
0.884881
0.768447
0.533254
0.269424
0.077328
0.029248
0.141770
0.369461
0.622225
0.799737
0.829771
0.695813
0.443381
0.162667
-0.045892
-0.109948
-0.012853
0.200021
0.438637
0.602725
0.620114
0.474337
0.210960
-0.079781
-0.297410
-0.369544
-0.279502
-0.072629
0.161062
0.321321
0.335990
0.188616
-0.075231
-0.365312
-0.581155
-0.650383
-0.556326
-0.344347
-0.104476
0.063010
0.085926
-0.052215
-0.305877
-0.584864
-0.788746
-0.845194
-0.737588
-0.511345
-0.256550
-0.073541
-0.034562
-0.156165
-0.392880
-0.654575
-0.840890
-0.879566
-0.754052
-0.509835
-0.237074
-0.036174
0.020547
-0.083531
-0.303006
-0.547818
-0.717671
-0.740370
-0.599429
-0.340395
-0.053486
0.160837
0.230205
0.137945
-0.070586
-0.305370
-0.466152
-0.480774
-0.332780
-0.067745
0.224089
0.442242
0.514328
0.423666
0.215605
-0.019839
-0.182407
-0.199935
-0.055955
0.203972
0.489627
0.700552
-0.116778
-0.190957
-0.006879
0.368526
0.794504
1.110225
1.196215
1.019980
0.648420
0.222274
-0.097629
-0.191796
-0.027703
0.327800
0.734036
1.030254
1.097057
0.902026
0.512134
0.068196
-0.268892
-0.379568
-0.231242
0.109296
0.501430
0.784464
0.839052
0.632825
0.232801
-0.220169
-0.565150
-0.682550
-0.539752
-0.203524
0.185533
0.466738
0.520751
0.315205
-0.082886
-0.532675
-0.873243
-0.985013
-0.835393
-0.491175
-0.092993
0.198437
0.263733
0.070484
-0.314343
-0.749956
-1.075489
-1.171428
-1.005239
-0.643783
-0.227760
0.082042
0.166170
-0.007862
-0.373163
-0.789018
-1.094638
-1.170589
-0.984415
-0.603057
-0.167292
0.162013
0.265328
0.110093
-0.236878
-0.634940
-0.923376
-0.982817
-0.780876
-0.384553
0.065314
0.407803
0.523333
0.379293
0.042456
-0.346575
-0.627117
-0.679835
-0.472366
-0.071732
0.381211
0.725529
0.841634
0.696914
0.358142
-0.034068
-0.319025
-0.377372
-0.176725
0.215918
0.659736
0.993831
1.098652
0.941634
0.589600
0.183212
-0.116778
-0.190957
-0.006879
0.368526
0.794504
1.110225
1.196215
1.019980
0.648420
0.222274
-0.097629
-0.191796
-0.027703
0.327800
0.734036
1.030254
1.097057
0.902026
0.512134
0.068196
-0.268892
-0.379568
-0.231242
0.109296
0.501430
0.784464
0.839052
0.632825
0.232801
-0.220169
-0.565150
-0.682550
-0.539752
-0.203524
0.185533
0.466738
0.520751
0.315205
-0.082886
-0.532675
-0.873243
-0.985013
-0.835393
-0.491175
-0.092993
0.198437
0.263733
0.070484
-0.314343
-0.749956
-1.075489
-1.171428
-1.005239
-0.643783
-0.227760
0.082042
0.166170
-0.007862
-0.373163
-0.789018
-1.094638
-1.170589
-0.984415
-0.603057
-0.167292
0.162013
0.265328
0.110093
-0.236878
-0.634940
-0.923376
-0.982817
-0.780876
-0.384553
0.065314
0.407803
0.523333
0.379293
0.042456
-0.346575
-0.627117
-0.679835
-0.472366
-0.071732
0.381211
0.725529
0.841634
0.696914
0.358142
-0.034068
-0.319025
-0.377372
-0.176725
0.215918
0.659736
0.993831
1.098652
0.941634
0.589600
0.183212