-0.146286
-0.090637
-0.029320
0.035563
0.101194
0.164254
0.221334
0.269427
0.306377
0.331150
0.343865
0.345589
0.337992
0.322972
0.302379
0.277911
0.251162
0.223771
0.197540
0.174442
0.156445
0.145208
0.141709
0.145953
0.156864
0.172416
0.189983
0.206803
0.220436
0.229073
0.231642
0.227696
0.217185
0.200206
0.176861
0.147273
0.111756
0.071046
0.026493
-0.019902
-0.065653
-0.108129
-0.144983
-0.174536
-0.195990
-0.209426
-0.215583
-0.215523
-0.210291
-0.200707
-0.187340
-0.170660
-0.151289
-0.130225
-0.108933
-0.089247
-0.073094
-0.062133
-0.057429
-0.059277
-0.067233
-0.080335
-0.097439
-0.117527
-0.139886
-0.164103
-0.189873
-0.216728
-0.243792
-0.269685
-0.292626
-0.310732
-0.322397
-0.326649
-0.323355
-0.313205
-0.297501
-0.277813
-0.255657
-0.232266
-0.208557
-0.185253
-0.163103
-0.143061
-0.126337
-0.114261
-0.107981
-0.108099
-0.114356
-0.125503
-0.139401
-0.153346
-0.164510
-0.170388
-0.169108
-0.159542
-0.141223
-0.114135
-0.078498
-0.034654
0.016902
0.075346
0.139293
0.206641
0.274567
0.339751
0.398782
0.448651
0.487200
0.513394
0.527349
0.530133
0.523414
0.509088
0.489007
0.464865
0.438259
0.410825
0.384367
0.360857
0.342265
0.330250
0.325789
0.328890
0.338477
0.352527
0.368413
0.383377
0.394978
0.401413
0.401608
0.395121
0.381904
0.362056
0.335683
0.302910
0.264054
0.219855
0.171666
0.121491
0.071822
0.025292
-0.015749
-0.049615
-0.075506
-0.093497
-0.104325
-0.109045
-0.108699
-0.104100
-0.095813
-0.084304
-0.070190
-0.054462
-0.038581
-0.024375
-0.013767
-0.008409
-0.009361
-0.016913
-0.030614
-0.049498
-0.072414
-0.098338
-0.126552
-0.156638
-0.188284
-0.221017
-0.253955
-0.285710
-0.314499
-0.338431
-0.355894
-0.365912
-0.368345
-0.363878
-0.353805
-0.339695
-0.323055
-0.305113
-0.286781
-0.268778
-0.251845
-0.236934
-0.225247
-0.218110
-0.216668
-0.221516
-0.232391
-0.248040
-0.266319
-0.284519
-0.299809
-0.309680
-0.312255
-0.306404
-0.291653
-0.267985
-0.235618
-0.194887
0.631564
0.568683
0.501836
0.433764
0.367320
0.305678
0.252222
0.210088
0.181485
0.167025
0.165340
0.173136
0.185747
0.198019
0.205288
0.204159
0.192864
0.171155
0.139817
0.100041
0.052911
-0.000794
-0.060435
-0.125075
-0.193005
-0.261461
-0.326714
-0.384567
-0.431118
-0.463555
-0.480711
-0.483195
-0.473047
-0.453055
-0.425966
-0.393871
-0.357970
-0.318762
-0.276555
-0.232069
-0.186869
-0.143434
-0.104820
-0.074027
-0.053298
-0.043616
-0.044575
-0.054681
-0.071954
-0.094605
-0.121524
-0.152403
-0.187434
-0.226722
-0.269649
-0.314446
-0.358164
-0.397102
-0.427539
-0.446564
-0.452691
-0.446089
-0.428349
-0.401911
-0.369362
-0.332877
-0.293992
-0.253750
-0.213126
-0.173497
-0.136926
-0.106065
-0.083673
-0.071871
-0.071380
-0.081025
-0.097690
-0.116773
-0.133012
-0.141431
-0.138129
-0.120699
-0.088200
-0.040781
0.020825
0.095702
0.182853
0.280970
0.387989
0.500640
0.614248
0.722954
0.820369
0.900522
0.958837
0.992854
1.002494
0.989799
0.958264
0.912011
0.855062
0.790933
0.722619
0.652862
0.584517
0.520759
0.464975
0.420304
0.388955
0.371546
0.366709
0.371154
0.380219
0.388753
0.392097
0.386857
0.371271
0.345096
0.309119
0.264538
0.212440
0.153609
0.088691
0.018625
-0.054871
-0.129030
-0.200117
-0.263929
-0.316557
-0.355185
-0.378638
-0.387520
-0.383866
-0.370455
-0.350028
-0.324670
-0.295575
-0.263234
-0.227949
-0.190433
-0.152244
-0.115854
-0.084313
-0.060612
-0.046989
-0.044419
-0.052490
-0.069700
-0.094061
-0.123778
-0.157736
-0.195618
-0.237608
-0.283806
-0.333587
-0.385175
-0.435614
-0.481196
-0.518195
-0.543692
-0.556196
-0.555867
-0.544293
-0.523906
-0.497288
-0.466608
-0.433396
-0.398689
-0.363457
-0.329072
-0.297591
-0.271661
-0.254038
-0.246836
-0.250772
-0.264667
-0.285401
-0.308369
-0.328303
-0.340223
-0.340227
-0.325904
-0.296309
-0.251589
-0.192473
-0.119876
-0.034793
0.061472
0.166856
0.278089
0.390499
0.498227
0.594888
0.674508
0.732512
0.766443
0.776220
0.763885
0.732934
0.687486