0.604879
0.579215
0.537993
0.486387
0.428938
0.369126
0.309478
0.252096
0.199274
0.153883
0.119282
0.098734
0.094499
0.106939
0.134002
0.171299
0.212833
0.252157
0.283624
0.303342
0.309549
0.302360
0.283039
0.253116
0.213719
0.165361
0.108263
0.043021
-0.028667
-0.103589
-0.177118
-0.243894
-0.298863
-0.338359
-0.360850
-0.367091
-0.359655
-0.341998
-0.317428
-0.288316
-0.255841
-0.220301
-0.181843
-0.141278
-0.100626
-0.063144
-0.032798
-0.013338
-0.007325
-0.015449
-0.036409
-0.067378
-0.104901
-0.145867
-0.188224
-0.231162
-0.274728
-0.319050
-0.363494
-0.406119
-0.443665
-0.472135
-0.487775
-0.488110
-0.472679
-0.443201
-0.403120
-0.356698
-0.307986
-0.260041
-0.214633
-0.172513
-0.134070
-0.100056
-0.072056
-0.052434
-0.043758
-0.047865
-0.064917
-0.092818
-0.127228
-0.162225
-0.191427
-0.209212
-0.211676
-0.197044
-0.165451
-0.118282
-0.057345
0.015740
0.099715
0.193357
0.294824
0.400993
0.507119
0.607062
0.694084
0.762027
0.806515
0.825792
0.820948
0.795447
0.754176
0.702306
0.644382
0.583880
0.523332
0.464838
0.410694
0.363773
0.327434
0.304944
0.298561
0.308654
0.333170
0.367724
0.406321
0.442516
0.470667
0.486884
0.489409
0.478361
0.455007
0.420882
0.377116
0.324228
0.262444
0.192364
0.115689
0.035640
-0.043156
-0.115329
-0.175823
-0.220965
-0.249218
-0.261332
-0.259872
-0.248291
-0.229888
-0.207030
-0.180889
-0.151757
-0.119775
-0.085748
-0.051687
-0.020845
0.002819
0.015562
0.014829
-0.000062
-0.027805
-0.065566
-0.109881
-0.157635
-0.206769
-0.256464
-0.306763
-0.357787
-0.408895
-0.458138
-0.502250
-0.537231
-0.559316
-0.566025
-0.556891
-0.533628
-0.499672
-0.459280
-0.416497
-0.374373
-0.334674
-0.298145
-0.265167
-0.236491
-0.213693
-0.199134
-0.195376
-0.204250
-0.225916
-0.258272
-0.296973
-0.336095
-0.369249
-0.390811
-0.396874
-0.385656
-0.357292
-0.313163
-0.255073
-0.184641
-0.103120
-0.011732
0.087683
0.192005
0.296490
0.395000
0.480797
0.547727
0.591413
0.610101
0.604879
0.579215
0.537993
0.486387
0.428938
0.369126
0.309478
0.252096
0.199274
0.153883
0.119282
0.098734
0.094499
0.106939
0.134002
0.171299
0.212833
0.252157
0.283624
0.303342
0.309549
0.302360
0.283039
0.253116
0.213719
0.165361
0.108263
0.043021
-0.028667
-0.103589
-0.177118
-0.243894
-0.298863
-0.338359
-0.360850
-0.367091
-0.359655
-0.341998
-0.317428
-0.288316
-0.255841
-0.220301
-0.181843
-0.141278
-0.100626
-0.063144
-0.032798
-0.013338
-0.007325
-0.015449
-0.036409
-0.067378
-0.104901
-0.145867
-0.188224
-0.231162
-0.274728
-0.319050
-0.363494
-0.406119
-0.443665
-0.472135
-0.487775
-0.488110
-0.472679
-0.443201
-0.403120
-0.356698
-0.307986
-0.260041
-0.214633
-0.172513
-0.134070
-0.100056
-0.072056
-0.052434
-0.043758
-0.047865
-0.064917
-0.092818
-0.127228
-0.162225
-0.191427
-0.209212
-0.211676
-0.197044
-0.165451
-0.118282
-0.057345
0.015740
0.099715
0.193357
0.294824
0.400993
0.507119
0.607062
0.694084
0.762027
0.806515
0.825792
0.820948
0.795447
0.754176
0.702306
0.644382
0.583880
0.523332
0.464838
0.410694
0.363773
0.327434
0.304944
0.298561
0.308654
0.333170
0.367724
0.406321
0.442516
0.470667
0.486884
0.489409
0.478361
0.455007
0.420882
0.377116
0.324228
0.262444
0.192364
0.115689
0.035640
-0.043156
-0.115329
-0.175823
-0.220965
-0.249218
-0.261332
-0.259872
-0.248291
-0.229888
-0.207030
-0.180889
-0.151757
-0.119775
-0.085748
-0.051687
-0.020845
0.002819
0.015562
0.014829
-0.000062
-0.027805
-0.065566
-0.109881
-0.157635
-0.206769
-0.256464
-0.306763
-0.357787
-0.408895
-0.458138
-0.502250
-0.537231
-0.559316
-0.566025
-0.556891
-0.533628
-0.499672
-0.459280
-0.416497
-0.374373
-0.334674
-0.298145
-0.265167
-0.236491
-0.213693
-0.199134
-0.195376
-0.204250
-0.225916
-0.258272
-0.296973
-0.336095
-0.369249
-0.390811
-0.396874
-0.385656
-0.357292
-0.313163
-0.255073
-0.184641
-0.103120
-0.011732
0.087683
0.192005
0.296490
0.395000
0.480797
0.547727
0.591413
0.610101