-0.121907
-0.098985
-0.059349
-0.008012
0.045586
0.091144
0.121395
0.134844
0.136294
0.134977
0.140987
0.161387
0.197475
0.244249
0.292289
0.331315
0.354087
0.359138
0.351305
0.339857
0.334927
0.343621
0.367284
0.400964
0.435290
0.460038
0.468025
0.457840
0.434382
0.406981
0.385833
0.378109
0.385217
0.402271
0.419966
0.428145
0.419687
0.393249
0.353792
0.310710
0.274262
0.251677
0.244424
0.247672
0.252172
0.247817
0.227537
0.190036
0.140318
0.087817
0.042829
0.012619
-0.001317
-0.003781
-0.004002
-0.012066
-0.035029
-0.074178
-0.124501
-0.176561
-0.220065
-0.247754
-0.258141
-0.256043
-0.250705
-0.252237
-0.267721
-0.298472
-0.339512
-0.381441
-0.414004
-0.429988
-0.427950
-0.412757
-0.393706
-0.380960
-0.381658
-0.397174
-0.422589
-0.448565
-0.464911
-0.464475
-0.445883
-0.414064
-0.378382
-0.349067
-0.333320
-0.332583
-0.341999
-0.352294
-0.353339
-0.338044
-0.305090
-0.259465
-0.210588
-0.168739
-0.141171
-0.129370
-0.128525
-0.129401
-0.121907
-0.098985
-0.059349
-0.008012
0.045586
0.091144
0.121395
0.134844
0.136294
0.134977
0.140987
0.161387
0.197475
0.244249
0.292289
0.331315
0.354087
0.359138
0.351305
0.339857
0.334927
0.343621
0.367284
0.400964
0.435290
0.460038
0.468025
0.457840
0.434382
0.406981
0.385833
0.378109
0.385217
0.402271
0.419966
0.428145
0.419687
0.393249
0.353792
0.310710
0.274262
0.251677
0.244424
0.247672
0.252172
0.247817
0.227537
0.190036
0.140318
0.087817
0.042829
0.012619
-0.001317
-0.003781
-0.004002
-0.012066
-0.035029
-0.074178
-0.124501
-0.176561
-0.220065
-0.247754
-0.258141
-0.256043
-0.250705
-0.252237
-0.267721
-0.298472
-0.339512
-0.381441
-0.414004
-0.429988
-0.427950
-0.412757
-0.393706
-0.380960
-0.381658
-0.397174
-0.422589
-0.448565
-0.464911
-0.464475
-0.445883
-0.414064
-0.378382
-0.349067
-0.333320
-0.332583
-0.341999
-0.352294
-0.353339
-0.338044
-0.305090
-0.259465
-0.210588
-0.168739
-0.141171
-0.129370
-0.128525
-0.129401
1.118542
0.782161
0.392503
0.092668
-0.009500
0.117422
0.416460
0.764045
1.017243
1.068393
0.886274
0.528078
0.117607
-0.201955
-0.322688
-0.213095
0.069919
0.402847
0.642813
0.682210
0.489862
0.123000
-0.294537
-0.619539
-0.744063
-0.636599
-0.354043
-0.019899
0.222951
0.266889
0.080721
-0.278345
-0.686503
-1.000580
-1.112675
-0.991327
-0.693486
-0.342718
-0.081970
-0.018931
-0.184870
-0.522659
-0.908575
-1.199534
-1.287726
-1.141783
-0.818755
-0.442305
-0.155481
-0.066077
-0.205464
-0.516621
-0.875928
-1.140407
-1.202352
-1.030500
-0.682001
-0.280620
0.030496
0.143459
0.026804
-0.262537
-0.601033
-0.845784
-0.889164
-0.699983
-0.335459
0.080578
0.404926
0.529642
0.423216
0.142540
-0.188889
-0.428200
-0.467788
-0.276479
0.088502
0.503324
0.824787
0.944963
0.832357
0.543886
0.203078
-0.047159
-0.099177
0.078248
0.427946
0.826143
1.129709
1.230783
1.097948
0.788199
0.425150
0.151795
0.075874
0.228705
0.553214
0.925730
1.203220
1.277929
1.118542
0.782161
0.392503
0.092668
-0.009500
0.117422
0.416460
0.764045
1.017243
1.068393
0.886274
0.528078
0.117607
-0.201955
-0.322688
-0.213095
0.069919
0.402847
0.642813
0.682210
0.489862
0.123000
-0.294537
-0.619539
-0.744063
-0.636599
-0.354043
-0.019899
0.222951
0.266889
0.080721
-0.278345
-0.686503
-1.000580
-1.112675
-0.991327
-0.693486
-0.342718
-0.081970
-0.018931
-0.184870
-0.522659
-0.908575
-1.199534
-1.287726
-1.141783
-0.818755
-0.442305
-0.155481
-0.066077
-0.205464
-0.516621
-0.875928
-1.140407
-1.202352
-1.030500
-0.682001
-0.280620
0.030496
0.143459
0.026804
-0.262537
-0.601033
-0.845784
-0.889164
-0.699983
-0.335459
0.080578
0.404926
0.529642
0.423216
0.142540
-0.188889
-0.428200
-0.467788
-0.276479
0.088502
0.503324
0.824787
0.944963
0.832357
0.543886
0.203078
-0.047159
-0.099177
0.078248
0.427946
0.826143
1.129709
1.230783
1.097948
0.788199
0.425150
0.151795
0.075874
0.228705
0.553214
0.925730
1.203220
1.277929