-0.006516
0.062704
0.133141
0.200972
0.262343
0.313943
0.353486
0.379943
0.393489
0.395208
0.386680
0.369603
0.345575
0.316086
0.282673
0.247138
0.211673
0.178800
0.151093
0.130746
0.119110
0.116373
0.121484
0.132367
0.146359
0.160747
0.173224
0.182156
0.186585
0.186027
0.180179
0.168678
0.151024
0.126722
0.095573
0.058009
0.015306
-0.030405
-0.076400
-0.119804
-0.158093
-0.189506
-0.213218
-0.229265
-0.238237
-0.240897
-0.237850
-0.229415
-0.215710
-0.196930
-0.173677
-0.147201
-0.119434
-0.092782
-0.069723
-0.052350
-0.042006
-0.039126
-0.043341
-0.053783
-0.069468
-0.089606
-0.113727
-0.141568
-0.172790
-0.206647
-0.241744
-0.276019
-0.306973
-0.332099
-0.349362
-0.357600
-0.356686
-0.347437
-0.331300
-0.309939
-0.284880
-0.257338
-0.228247
-0.198482
-0.169115
-0.141593
-0.117714
-0.099369
-0.088128
-0.084778
-0.089000
-0.099284
-0.113133
-0.127503
-0.139330
-0.146009
-0.145668
-0.137201
-0.120093
-0.094158
-0.059319
-0.015552
0.036971
0.097602
0.164915
0.236537
0.309203
0.379091
0.442342
0.495645
0.536711
0.564511
0.579217
0.581912
0.574177
0.557708
0.534103
0.504849
0.471486
0.435815
0.400027
0.366645
0.338245
0.317019
0.304321
0.300338
0.304023
0.313298
0.325505
0.337930
0.348271
0.354893
0.356841
0.353634
0.344973
0.330495
0.309705
0.282110
0.247515
0.206355
0.159910
0.110313
0.060294
0.012732
-0.029848
-0.065676
-0.093927
-0.114630
-0.128372
-0.135909
-0.137845
-0.134489
-0.125958
-0.112440
-0.094533
-0.073481
-0.051211
-0.030122
-0.012689
-0.000998
0.003613
0.000715
-0.009317
-0.025609
-0.047173
-0.073212
-0.103249
-0.137016
-0.174171
-0.213958
-0.254978
-0.295162
-0.332008
-0.362999
-0.386098
-0.400135
-0.404979
-0.401440
-0.390960
-0.375196
-0.355670
-0.333591
-0.309889
-0.285432
-0.261287
-0.238895
-0.220050
-0.206640
-0.200226
-0.201594
-0.210418
-0.225184
-0.243391
-0.261990
-0.277914
-0.288553
-0.292031
-0.287239
-0.273658
-0.251098
-0.219479
-0.178774
-0.129152
-0.071259
0.669793
0.624722
0.570574
0.510422
0.446942
0.382732
0.320632
0.263833
0.215650
0.178989
0.155663
0.145804
0.147608
0.157542
0.170978
0.183095
0.189766
0.188186
0.177074
0.156441
0.127064
0.089915
0.045772
-0.004844
-0.061393
-0.122859
-0.187323
-0.251803
-0.312473
-0.365245
-0.406545
-0.434033
-0.447022
-0.446467
-0.434514
-0.413804
-0.386751
-0.355064
-0.319657
-0.280945
-0.239379
-0.195978
-0.152638
-0.112049
-0.077260
-0.051015
-0.035122
-0.030072
-0.035057
-0.048376
-0.068063
-0.092508
-0.120827
-0.152852
-0.188744
-0.228394
-0.270862
-0.314079
-0.354969
-0.389964
-0.415756
-0.430036
-0.431969
-0.422258
-0.402789
-0.376017
-0.344313
-0.309524
-0.272877
-0.235234
-0.197543
-0.161254
-0.128495
-0.101859
-0.083845
-0.076120
-0.078849
-0.090348
-0.107195
-0.124791
-0.138209
-0.143059
-0.136134
-0.115657
-0.081126
-0.032885
0.028348
0.101775
0.186505
0.281236
0.383795
0.490752
0.597339
0.697795
0.786092
0.856879
0.906353
0.932828
0.936824
0.920682
0.887865
0.842185
0.787213
0.726023
0.661293
0.595621
0.531849
0.473168
0.422898
0.383946
0.358126
0.345573
0.344486
0.351335
0.361495
0.370148
0.373169
0.367759
0.352640
0.327826
0.294100
0.252437
0.203619
0.148172
0.086641
0.020048
-0.049685
-0.119570
-0.185775
-0.244207
-0.291287
-0.324668
-0.343659
-0.349206
-0.343453
-0.329032
-0.308351
-0.283115
-0.254229
-0.222103
-0.187180
-0.150475
-0.113875
-0.080065
-0.052086
-0.032676
-0.023636
-0.025450
-0.037304
-0.057490
-0.084034
-0.115321
-0.150459
-0.189275
-0.231921
-0.278283
-0.327413
-0.377237
-0.424671
-0.466142
-0.498334
-0.518932
-0.527097
-0.523522
-0.510091
-0.489251
-0.463366
-0.434278
-0.403211
-0.371019
-0.338643
-0.307532
-0.279806
-0.258053
-0.244768
-0.241614
-0.248750
-0.264488
-0.285402
-0.306891
-0.324020
-0.332399
-0.328816
-0.311491
-0.279918
-0.234439
-0.175769
-0.104704
-0.022133
0.070646
0.171461
0.276883
0.382146
0.481491
0.568891
0.638994
0.687999
0.714221
0.718180
0.702216