-0.017678
-0.018627
-0.018705
-0.015277
-0.013603
-0.010797
-0.005249
-0.001148
-0.004969
-0.006911
-0.000575
-0.004080
-0.009996
-0.009164
-0.003007
0.000104
0.008076
0.022155
-0.000156
-0.014859
0.012442
0.017350
-0.009974
-0.006437
0.009066
-0.017413
-0.010662
0.045238
0.049994
0.027711
-0.001774
-0.026083
-0.043629
-0.044811
-0.035235
0.003699
0.013821
0.009931
0.061429
0.033858
-0.015904
-0.048453
-0.104794
-0.091009
0.016038
0.010378
-0.010525
0.094047
-0.014682
-0.181206
-0.081867
-0.012679
-0.120605
-0.142341
0.009687
0.042209
-0.023666
-0.007817
0.068785
0.039116
-0.074198
-0.061541
-0.016161
0.009156
0.095041
0.094378
0.058274
0.099287
0.068710
0.014930
0.025472
0.047912
-0.002448
-0.027430
-0.011056
-0.026492
-0.050714
-0.042146
-0.005136
0.018755
0.013892
0.015832
0.028001
0.019455
0.010954
0.009279
-0.000745
-0.001287
0.015796
0.029312
0.028242
0.020245
0.018661
0.024734
0.020842
0.008834
0.012171
0.011638
0.008059
0.005787
-0.002770
-0.004676
-0.000183
-0.000107
-0.001467
-0.001861
0.000251
0.000674
0.003739
0.004652
0.000303
0.000098
0.000984
0.004399
0.005133
0.002803
0.003934
0.002503
-0.002245
0.001692
0.015106
0.025578
0.009659
0.006700
0.011549
-0.001602
-0.013127
-0.008923
0.023328
0.048579
0.022064
-0.009995
0.021908
0.054499
-0.018860
-0.017006
0.061369
-0.008290
-0.017382
0.079523
0.074384
-0.023473
-0.067109
-0.077438
-0.133241
-0.093172
0.043220
0.103453
-0.002601
-0.025612
0.106537
0.015499
-0.139608
-0.048003
-0.015903
-0.140889
-0.079761
0.136303
0.183216
0.100425
0.097873
0.128863
0.106458
0.028521
0.024045
0.016025
-0.059149
-0.040130
0.025698
0.022675
-0.068249
-0.057619
0.025476
0.006969
-0.022753
0.010077
0.030631
-0.020565
-0.010864
0.010729
-0.025201
-0.026845
-0.001528
-0.000679
-0.013592
-0.001724
0.001753
-0.000815
-0.000532
-0.011534
-0.011219
-0.008347
-0.014268
-0.020697
-0.023718
-0.027383
-0.024907
-0.018971
-0.019671
-0.021260
-0.021919
-0.014854
-0.010340
-0.017896
-0.021030
-0.021285
-0.018438
-0.013846
-0.014852
-0.015294
-0.012701
-0.009178
-0.004125
-0.009900
-0.019733
-0.019381
-0.017460
-0.015228
-0.013698
-0.001649
-0.000581
-0.021647
-0.019583
-0.000722
-0.000124
-0.020137
-0.014346
0.024781
0.013567
-0.001284
0.031286
0.051231
0.027852
0.021984
0.076056
0.074531
-0.003862
-0.047352
-0.026394
-0.008359
-0.029766
-0.026227
-0.039372
-0.087299
-0.112162
-0.057595
0.006646
0.014208
0.029706
-0.058196
-0.081904
-0.006678
-0.048441
-0.128853
-0.093126
-0.010042
-0.133007
-0.119483
0.028225
0.022882
0.028521
0.113786
0.153898
0.064780
0.050892
0.072419
0.074006
0.063026
0.032853
-0.008733
-0.038752
0.004345
0.037357
0.032471
0.035041
0.065058
0.051223
-0.006215
-0.011227
-0.010931
-0.038353
-0.038198
-0.018117
-0.017128
-0.013084
0.015982
0.026078
0.018270
0.016181
0.021742
0.018798
0.009175
0.009231
0.003962
-0.004884
-0.004520
-0.002688
-0.001236
-0.001994
-0.000489
-0.001939
-0.005073
-0.008159
-0.013086
-0.013787
-0.011434
-0.013394
-0.020217
-0.021560
-0.015309
-0.006179
-0.010083
-0.004587
0.008353
-0.006889
-0.016761
0.006558
-0.002197
-0.023565
0.003705
0.010052
-0.020721
-0.016494
-0.000613
-0.018528
-0.029865
-0.026324
-0.002258
-0.021554
-0.029400
0.025124
-0.031539
-0.075845
0.002531
0.025559
-0.084277
-0.082668
-0.033955
-0.071806
-0.022578
0.061735
0.096174
0.036761
-0.055282
-0.074361
0.000333
-0.051300
-0.120326
-0.012986
0.010736
-0.099091
-0.095618
-0.023571
-0.070634
-0.099682
0.006572
0.078635
0.045288
0.009118
0.020150
0.048915
-0.032096
-0.072068
0.002711
0.028797
-0.014435
0.015946
0.067571
0.021245
0.018287
0.040642
0.036938
0.030363
0.026414
0.019252
0.005369
0.019845
0.043441
0.042212
0.031636
0.043366
0.041686
0.040348
0.051832
0.031857
0.014067
0.014708
0.021954
0.018128
0.021075
0.030056
0.024675
0.024474
0.027073
0.019821
0.015882
0.016861
0.014325
0.017959
0.017475
0.013114
0.013469
0.013070
0.013340
0.016122
0.013894
0.014116
0.014717
0.013874
0.008567
0.005451
0.013460
0.014718
0.000540
0.000276
0.017837
0.004561
-0.009033
0.010217
0.005742
-0.016267
0.007691
0.017826
0.001782
0.017493
0.006722
-0.002278
0.000395
-0.044229
-0.046651
-0.023232
-0.020207
0.050655
0.115912
0.070228
0.012533
0.018110
-0.012333
-0.065156
0.036212
0.101485
0.090264
0.138858
0.158226
0.070443
-0.049956
0.010440
0.044524
-0.026237
0.031541
0.088114
-0.045145
-0.069212
0.043063
0.020663
-0.029474
-0.053410
-0.005813
0.009104
-0.006298
0.033138
0.028467
0.047832
0.000776
-0.021077
-0.001073
-0.037698
-0.038450
-0.016354
0.013451
-0.012362
-0.081817
-0.060733
-0.006982
-0.016843
-0.043355
-0.055836
-0.045973
-0.047695
-0.051400
-0.033735
-0.018873
-0.027252
-0.019379
-0.009494
-0.008251
-0.004375
-0.010283
-0.012359
-0.014923
-0.020773
-0.019721
-0.013464
-0.014314
-0.017861
-0.021213
-0.019604
-0.015956
-0.017345
-0.014440
-0.017417
-0.019982
-0.015676
-0.016490
-0.014586
-0.014651
-0.011167
-0.004249
-0.006863
-0.008753
-0.009164
-0.017602
-0.009703
0.003198
-0.000439
-0.001749
-0.001090
-0.007026
-0.019627
-0.023599
-0.011345
-0.006014
-0.011499
0.000327
0.019849
0.003799
-0.008823
0.035859
0.021870
0.013009
0.020844
-0.024651
-0.036306
-0.003618
0.039128
0.031362
0.054882
0.044221
0.003836
0.003102
-0.051864
-0.087213
-0.076477
-0.074464
-0.043078
0.012953
0.028097
-0.020595
-0.073007
-0.086752
-0.086967
-0.142978
-0.184804
-0.114720
-0.035848
0.000611
0.027951
0.034717
0.042293
0.057090
0.025400
-0.023154
-0.047539
-0.047730
-0.022000
0.065181
0.105294
0.071550
0.071843
0.072322
0.069569
0.060462
0.035703
0.027126
0.003678
0.006565
0.030668
0.004825
-0.014113
-0.001123
0.002631
0.000540
0.008787
0.015306
0.005323
0.004945
0.015192
0.010534
0.017845
0.027001
0.025598
0.031216
0.030143
0.025047
0.026570
0.020043
0.011937
0.013667
0.013925
0.011909
0.009871
0.004392
0.002303
0.001364
0.000097
0.003188
-0.000765
-0.003243
0.003138
0.003240
-0.000305
-0.001741
-0.000301
-0.000827
-0.002734
0.006502
0.011219
0.019267
0.001036
-0.015716
-0.004313
-0.010027
-0.009652
0.021684
0.039375
-0.016727
-0.026788
0.002413
-0.003617
0.036752
0.072107
0.017157
-0.022829
-0.000502
0.002489
-0.028901
-0.004177
0.079950
0.048359
-0.021822
0.018370
0.014169
-0.109538
-0.081057
-0.012826
-0.015124
0.070569
0.026667
-0.061380
0.010730
0.077560
-0.067089
-0.037699
0.084590
-0.054902
-0.026546
0.082688
0.081215
0.021059
-0.008605
0.021232
0.046425
0.083139
0.086704
0.083680
0.050030
0.042485
0.072979
0.044373
-0.029427
-0.058731
-0.034719
-0.024093
-0.037182
-0.025686
0.015643
0.022488
0.010372
0.024663
0.018360
-0.016051
-0.012659
-0.018679
-0.048793
-0.036404
-0.014844
-0.020051
-0.009152
0.004860
-0.001596
-0.001417
-0.005502
-0.011699
-0.018673
-0.025876
-0.026829
-0.027799
-0.026770
-0.030148
-0.029130
-0.022294
-0.017328
-0.019192
-0.024567
-0.025709
-0.022028
-0.019366
-0.021501
-0.025006
-0.023758
-0.021226
-0.024943
-0.022819
-0.016614
-0.012242
-0.019607
-0.020580
-0.017452
-0.034082
-0.029237
0.002185
-0.009724
-0.037103
-0.023393
-0.056390
-0.081213
-0.025807
0.037741
0.006981
-0.009760
0.014288
-0.049609
-0.066080
-0.009681
-0.007811
-0.066595
-0.073302
0.010243
0.060315
-0.010486
0.008002
0.089978
0.008356
-0.063431
0.090003
0.094971
-0.028164
0.132207
0.202508
0.077114
0.101350
0.119255
-0.004629
0.028202
0.100322
-0.067838
-0.159518
-0.115763
-0.093002
-0.067994
-0.097143
-0.065520
-0.007257
0.011764
0.025395
0.044789
0.014525
-0.026722
0.009278
0.043972
0.050399
0.045263
0.060988
0.080348
0.059295
0.020888
0.049785
0.046641
-0.017485
-0.012444
0.003292
-0.037217
-0.052101
-0.032579
-0.033741
-0.034773
-0.032592
-0.027159
-0.011416
-0.020573
-0.033219
-0.019057
-0.015083
-0.018092
-0.016794
-0.016470
-0.009016
-0.001021
-0.000493
-0.003427
-0.008152
-0.008119
-0.006421
-0.006207
-0.012093
-0.016776
-0.016149
-0.018941
-0.020634
-0.021991
-0.019666
-0.015410
-0.012995
-0.016790
-0.017739
-0.015430
-0.012775
-0.005392
-0.013914
-0.018270
0.001323
-0.005740
-0.028932
-0.032422
-0.029487
-0.028228
-0.020367
0.025267
0.035694
-0.055425
-0.057286
0.000515
-0.020000
-0.000964
0.020448
-0.002504
-0.007389
0.062363
0.026759
-0.058989
0.030072
0.001389
-0.054488
0.054723
0.068073
0.033637
0.106158
0.157537
0.055155
-0.003006
-0.011997
-0.023750
0.044099
0.094981
0.074476
-0.004584
-0.077245
-0.060779
0.006046
-0.098372
-0.164193
-0.027640
0.026065
-0.009337
0.010020
0.019749
-0.051751
-0.062987
0.008238
0.032821
-0.020514
-0.048697
-0.029150
-0.048713
-0.051317
-0.047395
-0.060520
-0.048808
-0.028905
-0.024148
-0.023855
-0.017087
-0.017732
-0.026326
-0.018758
-0.011233
-0.016427
-0.010472
-0.005927
-0.008749
-0.004327
-0.002232
-0.004115
-0.002817
-0.007108
-0.001223
0.008106
0.002979
-0.002232
-0.005397
-0.006654
-0.002955
-0.000624
0.000152
0.000368
-0.000011
0.003233
0.001192
-0.001112
0.000949
0.000251
0.005336
0.007356
0.001320
-0.003684
0.002607
0.013962
0.012447
-0.000270
-0.005348
-0.009843
-0.019852
-0.000034
0.019996
0.017382
0.013246
0.004632
-0.009749
-0.013289
0.013491
0.023642
0.027690
0.051905
0.017447
-0.052876
-0.025304
0.043696
0.029969
0.019874
0.087423
0.070987
-0.001760
0.074676
0.073933
-0.010519
0.050904
0.087550
0.020676
0.023152
0.077460
-0.102746
-0.183367
0.034680
-0.002173
-0.113151
0.030041
0.096015
-0.077343
-0.061450
0.086199
-0.000651
-0.072408
0.003078
0.022867
-0.021839
-0.018639
-0.034020
-0.048188
-0.035786
-0.031417
-0.016637
0.010693
0.045384
0.043781
0.019694
0.022720
0.007378
-0.013746
-0.029834
-0.037389
-0.032637
-0.026360
-0.025664
-0.018547
-0.003414
-0.004394
-0.002822
0.004079
-0.002830
-0.011321
-0.008768
-0.007608
-0.016454
-0.014871
-0.007646
-0.010472
-0.003241
0.003951
0.003494
0.002728
0.000160
-0.002899
-0.003020
-0.004812
-0.005512
-0.006327
-0.005856
-0.000304
-0.001348
-0.004570
-0.002013
-0.000566
-0.005274
-0.006908
-0.002745
-0.002637
-0.002478
0.002444
-0.000651
-0.009911
-0.007327
-0.008733
-0.017563
-0.007373
0.001953
-0.004838
-0.007593
-0.003902
-0.009104
-0.011985
-0.003882
-0.001715
-0.004071
-0.003037
-0.000543
0.001369
0.003010
0.003728
0.003849
0.003466
0.001868
0.002008
0.002718
0.002107
0.000645
0.000954
0.001522
0.000645
0.001207
0.001441
0.000701
0.000500
0.000167
-0.000445
-0.000610
0.001868
0.001255
-0.000223
0.001333
0.001829
0.001481
0.001650
0.002215
0.002118
0.002553
0.002138
0.001949
0.002087
0.002324
0.001875
0.001332
0.001081
0.001212
0.001158
0.001447
0.001455
0.001364
0.000928
0.000819
0.000774
0.000828
0.000718
0.000762
0.000843
0.000760
0.000721
0.000836
0.000870
0.000872
0.000849
0.000751
0.000599
0.000577
0.000653
0.000665
0.000554
0.000485
0.000445
0.000442
0.000523
0.000591
0.000608
0.000587
0.000548
0.000447
0.000348
0.000389
0.000553
0.000614
0.000536
0.000379
0.000221
0.000147
0.000214
0.000270
0.000210
0.000158
0.000164
0.000128
0.000102
0.000128
0.000029
-0.000011
0.000042
0.000064
0.000031
0.000098
0.000072
-0.017997
-0.012932
-0.010525
-0.001256
-0.007041
0.022879
0.033575
-0.042756
-0.002210
0.056853
-0.015419
-0.046108
0.031422
0.004119
-0.049728
0.057728
0.088983
0.049982
0.051570
-0.018125
-0.061482
-0.085706
-0.072311
-0.063303
0.060755
-0.003495
0.073576
0.170228
-0.039582
-0.043117
-0.115978
-0.235118
-0.010553
0.114479
-0.202848
0.099604
0.301873
-0.329379
-0.264473
0.013867
-0.186293
-0.284801
-0.083058
0.093809
-0.023721
-0.015633
0.096422
0.160125
-0.073383
-0.088327
-0.007585
-0.049291
0.113532
0.177875
0.072651
0.225123
0.269491
0.021718
-0.009489
0.118513
0.053776
-0.088040
0.006744
-0.021449
-0.066438
-0.058103
-0.026806
0.027750
0.018959
0.026388
0.058044
0.054193
0.029719
0.011880
0.007312
0.007617
0.013329
-0.006555
0.001437
0.005731
-0.008928
-0.008231
-0.003724
-0.005763
-0.000614
0.004830
-0.008339
-0.001968
-0.009139
-0.006823
0.001405
0.006450
0.008461
0.008698
0.006656
0.000288
0.002292
0.010969
-0.000956
-0.001862
0.004361
0.004655
0.012587
0.006568
-0.004268
0.010456
-0.000269
-0.014171
0.006823
0.031474
0.036552
-0.002290
0.025542
0.022806
-0.014830
-0.029522
-0.000231
0.064568
0.078346
-0.023957
-0.032139
0.128438
0.057530
-0.155659
0.083616
0.083392
-0.146993
0.121291
0.173357
-0.049104
-0.086664
-0.043508
-0.199754
-0.260173
-0.084612
0.146209
0.140973
-0.147159
0.158075
0.267053
-0.247584
-0.187518
0.039499
-0.200423
-0.234345
0.125566
0.259779
0.149008
0.191990
0.301906
0.259347
0.087755
-0.062091
0.046406
-0.000472
-0.084793
-0.061860
0.000780
-0.011094
-0.142031
0.027923
0.004994
-0.089823
-0.013158
0.090740
0.035860
-0.048688
0.077404
-0.029064
-0.043120
0.004002
-0.052360
-0.070575
-0.038263
-0.024837
-0.073281
-0.018204
-0.034797
-0.046100
-0.019400
-0.039951
-0.042631
-0.039539
-0.025235
-0.031805
-0.021143
-0.017797
-0.011654
-0.014893
-0.022769
-0.015360
-0.016718
-0.014491
-0.017684
-0.015612
-0.009421
-0.002225
-0.007031
-0.010974
-0.009122
-0.007292
0.004255
-0.023771
-0.023497
-0.014205
-0.013205
-0.003992
-0.003456
0.022465
-0.001757
-0.034208
0.002074
0.016972
-0.023456
-0.046105
0.029040
0.069867
-0.016349
0.005058
0.093255
0.082945
0.017533
0.092561
0.171743
0.059436
-0.054641
-0.075935
-0.002989
-0.043956
-0.098976
-0.055562
-0.129814
-0.144376
-0.142196
-0.032391
-0.022173
0.034507
0.089038
-0.180407
-0.006143
0.012371
-0.268048
-0.254677
0.059764
-0.082529
-0.426900
0.022393
0.039831
-0.003465
0.153093
0.281216
0.187371
0.105853
0.267116
0.074709
0.134730
0.101440
0.040939
-0.014954
-0.018684
0.043024
-0.005363
0.055101
0.115318
0.157292
0.016719
-0.002285
0.049517
-0.044522
-0.068894
-0.034470
-0.008074
-0.048193
-0.001685
0.014689
-0.017487
0.000677
0.002352
-0.012069
-0.024413
-0.007989
-0.032086
-0.039296
-0.035500
-0.033923
-0.033820
-0.024902
-0.017302
-0.028670
-0.026422
-0.020581
-0.020819
-0.018150
-0.008752
-0.002461
-0.010197
-0.012460
-0.010963
0.000803
-0.002190
-0.013005
0.029391
0.026030
-0.035473
0.000697
0.045224
-0.046323
-0.013144
0.060772
-0.021459
-0.033567
0.033059
-0.020380
-0.053180
-0.039472
-0.045086
0.023881
-0.095608
0.000130
0.068750
-0.198013
-0.052377
0.140628
-0.103889
-0.245001
0.018582
-0.127415
-0.098650
0.075408
0.064264
0.167856
0.031789
-0.097523
-0.052615
0.019248
-0.264597
-0.129418
0.160286
-0.076921
-0.258060
-0.036781
-0.014219
-0.215385
-0.045340
0.121657
0.115216
0.133966
0.034810
0.094933
0.115352
-0.141942
-0.042086
0.087220
-0.004959
-0.036952
0.111300
0.052055
-0.002501
0.101045
0.068224
0.076440
0.065041
0.059685
0.006851
0.043316
0.099056
0.041524
0.067858
0.099446
0.093662
0.037120
0.051618
0.047098
0.003283
0.016451
0.025312
0.011468
-0.008009
0.038362
0.015434
0.010669
0.019775
0.001692
0.006865
0.010074
0.008669
0.002967
0.007544
0.004377
0.007556
0.001790
0.004705
0.007146
0.001409
0.005412
0.002689
0.001899
0.006937
-0.011854
0.000417
0.021016
0.002949
-0.023228
0.018592
0.034119
-0.029173
-0.004746
0.037954
-0.031021
-0.024124
0.059917
-0.024254
-0.000492
0.066805
-0.042673
0.023392
-0.012812
-0.160475
-0.014364
-0.036810
-0.060133
0.213257
0.158467
0.013097
0.091538
0.043875
-0.111983
-0.084864
0.155108
0.129068
0.175310
0.328033
0.254201
-0.103502
-0.049268
0.171646
-0.108698
-0.075556
0.134954
0.053915
-0.191533
0.050788
0.070321
-0.170343
-0.008557
-0.036121
0.014554
-0.023925
-0.043036
0.016573
0.107044
0.099149
-0.092154
-0.027745
-0.080683
-0.048487
-0.140204
-0.077846
0.013709
-0.148056
-0.096227
-0.052238
-0.042585
-0.076503
-0.116536
-0.042058
-0.038627
-0.097585
-0.049884
-0.016420
0.000716
-0.002309
-0.010456
0.002257
0.012646
-0.000840
-0.011637
-0.006110
0.005438
-0.016518
-0.024950
0.000969
-0.009733
-0.022586
-0.009268
-0.013842
-0.007919
0.001388
-0.001864
0.001161
-0.005341
-0.007059
-0.002602
-0.008709
-0.006446
0.001274
-0.008435
-0.010408
-0.005560
-0.018390
-0.035179
-0.003134
0.005108
-0.014273
-0.000866
0.001797
-0.022725
-0.033902
-0.020323
-0.002453
-0.007846
-0.010752
0.033968
0.050792
-0.035210
0.029348
0.117737
-0.019054
0.088876
0.016221
-0.108742
-0.007299
0.053161
0.027488
0.037208
0.139395
0.023979
0.069182
-0.029618
-0.213317
-0.151775
-0.104538
-0.090494
-0.063133
0.033675
0.008220
-0.045602
-0.086283
-0.181989
-0.203543
-0.337212
-0.258526
-0.060257
-0.075765
-0.006976
0.105471
0.093808
0.168952
0.111546
-0.066535
-0.035919
-0.042287
-0.061582
0.036227
0.161215
0.154396
0.164875
0.195559
0.163085
0.105592
0.060071
0.091547
0.064500
0.045233
0.074669
0.041494
0.008565
0.008300
0.032114
-0.020891
-0.023495
0.028027
-0.011187
-0.006621
0.028080
-0.007611
-0.001185
0.026838
0.004839
0.018513
0.013815
-0.004203
-0.002986
-0.002387
-0.007630
-0.016311
-0.013513
-0.015409
-0.017836
-0.016207
-0.012438
-0.008683
-0.003840
0.003781
0.009397
0.003873
0.003395
0.012821
-0.000134
-0.002672
0.009791
0.010915
-0.000313
0.009356
0.024713
0.032703
0.043398
-0.045709
-0.018587
0.006157
-0.035755
-0.002842
0.072165
0.018833
-0.082190
0.035721
-0.012693
-0.032959
0.128004
0.085660
-0.057700
0.018204
0.040108
-0.072630
-0.091876
0.054671
0.171601
-0.017353
-0.052979
0.110643
-0.127148
-0.271897
0.076434
-0.136663
-0.004135
0.285115
-0.186473
-0.069404
0.264377
-0.021135
-0.283560
0.230172
0.029999
-0.189176
0.211388
0.088940
0.022133
-0.020792
0.109476
0.047547
0.098604
0.112053
0.064737
0.219440
0.081474
0.093575
0.064588
0.000758
-0.053449
-0.083829
-0.076884
-0.110073
-0.093096
-0.010819
0.058594
0.001125
0.036626
0.056192
-0.015836
-0.030830
-0.027752
-0.096176
-0.094752
-0.039315
-0.067891
-0.058308
-0.019364
-0.024310
-0.039603
-0.027119
-0.034100
-0.042259
-0.030822
-0.038462
-0.039556
-0.034970
-0.030055
-0.032584
-0.030783
-0.022388
-0.018421
-0.023060
-0.022520
-0.020986
-0.019939
-0.011804
-0.013540
-0.020653
-0.011600
-0.021909
-0.030270
-0.011128
-0.005083
-0.013342
-0.029937
-0.007682
-0.021477
-0.062074
-0.005473
0.037552
-0.067361
-0.035555
-0.001334
-0.161497
-0.084254
0.060546
0.046886
-0.058983
0.059009
0.016951
-0.143245
-0.031981
0.014281
-0.102947
-0.136045
0.005581
0.118568
0.057918
-0.125116
0.139676
0.263505
-0.131107
-0.013363
0.326165
-0.114742
0.107854
0.577201
0.046279
0.063457
0.416413
0.073966
-0.082445
0.212513
-0.062338
-0.349342
-0.090222
-0.202606
-0.267710
-0.179538
-0.171304
-0.011878
0.033899
0.020152
0.008462
0.121491
-0.006517
-0.007999
0.059310
0.028087
0.079973
0.037486
0.092416
0.101954
-0.011454
-0.021421
0.089671
-0.032292
-0.074800
0.013894
-0.042976
-0.081670
-0.045107
-0.023996
-0.025370
-0.002159
-0.020328
-0.003949
0.012955
-0.025474
-0.019118
-0.018158
-0.021258
-0.028935
-0.030001
-0.029602
-0.028187
-0.027403
-0.035640
-0.021527
-0.028177
-0.028771
-0.028163
-0.022530
-0.024036
-0.021120
-0.023478
-0.018845
-0.014848
-0.021090
-0.003581
-0.006957
-0.014531
-0.023350
-0.012774
-0.010356
-0.002321
-0.003498
-0.042524
0.002146
0.040499
-0.035555
-0.061975
-0.034384
-0.026186
-0.017024
0.000302
0.082980
0.010284
-0.151198
0.059109
0.018144
-0.120553
0.081858
0.040404
-0.031291
0.127457
0.133371
-0.182890
-0.010185
0.183939
-0.162584
-0.031485
0.165634
0.006251
0.108869
0.396258
0.127092
-0.099009
0.148435
-0.059729
0.016625
0.118984
0.011863
0.114009
0.000120
-0.145712
-0.055243
-0.110540
-0.384188
-0.098214
0.091857
-0.062679
-0.070712
0.056935
0.039134
-0.128790
-0.009691
0.006601
-0.053060
-0.051321
-0.049089
-0.102672
-0.132661
-0.098005
-0.148031
-0.087330
-0.046553
-0.049994
-0.079601
-0.024767
0.020779
-0.018094
0.022121
0.038413
0.019487
0.014636
0.022070
0.018299
0.017266
0.014888
0.014771
0.027533
0.020478
0.016294
0.013140
0.011286
0.016327
0.014138
0.011346
0.012442
0.014401
0.014328
0.017655
0.013350
0.011393
0.006506
0.000531
0.006753
0.000954
0.001371
0.004204
-0.004737
-0.013680
-0.010695
0.010584
0.009418
-0.012593
-0.025703
-0.007851
-0.034129
-0.040760
0.024945
0.022377
0.032339
0.040369
-0.006624
-0.035288
0.006357
0.054367
0.022284
0.071601
0.111520
-0.042456
-0.111103
0.072254
0.061428
-0.048740
0.106435
0.222436
0.014012
0.041629
0.236761
-0.066010
-0.020387
0.262083
0.042648
-0.080251
0.175690
0.033008
-0.492098
-0.046552
0.171641
-0.370886
-0.134623
0.311447
-0.023560
-0.298356
0.202591
0.031904
-0.190613
0.069744
0.024264
-0.071869
-0.034807
-0.025285
-0.158421
-0.078131
-0.033773
-0.100601
-0.040775
0.078972
0.085936
0.016967
0.080838
0.072683
0.012078
-0.010725
-0.038105
-0.022530
-0.051711
-0.043131
-0.037670
-0.000321
0.019210
0.004395
0.016382
0.022411
0.001064
-0.006091
0.000517
-0.012960
-0.006574
-0.003722
-0.009845
-0.004717
-0.004315
-0.008460
-0.003035
-0.002886
-0.006927
-0.008815
-0.006464
-0.005007
-0.005470
-0.010005
-0.005049
-0.002301
-0.003913
-0.004116
-0.001428
-0.004791
-0.011827
-0.002964
-0.000056
-0.006126
0.008792
0.016482
-0.005896
-0.007904
0.002433
-0.025670
-0.024555
0.010834
-0.004315
-0.015068
0.004860
-0.001631
-0.024043
-0.007728
0.000488
-0.007755
0.003690
0.008372
0.005100
0.003858
0.005641
0.002464
0.002629
0.003870
0.000679
0.001916
0.004525
0.004499
0.002069
0.001060
0.001404
0.001935
0.002763
0.004455
0.004539
0.001832
0.001630
0.001885
0.002658
0.003620
0.003371
0.003498
0.004230
0.004391
0.004211
0.003848
0.002576
0.001893
0.000523
-0.000153
-0.000026
0.000481
0.000719
0.000566
0.000539
0.000429
0.000559
0.000599
0.000606
0.000592
0.000612
0.000347
0.000367
0.000591
0.000840
0.000725
0.000637
0.000428
0.000421
0.000418
0.000810
0.000789
0.000688
0.000728
0.000748
0.000659
0.000859
0.000997
0.000943
0.000870
0.000776
0.000532
0.000417
0.000417
0.000503
0.000594
0.000601
0.000464
0.000221
0.000093
0.000027
-0.000085
-0.000205
-0.000230
-0.000256
-0.000212
-0.000084
-0.000066
-0.000165
-0.000268
-0.000381
-0.000344
-0.000118
0.000102
0.000254
0.000292
0.000146
0.000038
0.000072
0.000105
0.000108
0.000092
0.000018
-0.000033
0.000016
0.000019
0.000001
-0.000023
-0.000046
-0.000066
-0.000040
-0.000033
-0.000022