-0.005927
-0.007249
-0.009328
-0.005074
0.004021
-0.000261
-0.007011
-0.001203
-0.009920
0.004467
0.010064
0.021804
0.030366
-0.016670
0.016982
0.019756
-0.015388
0.023110
-0.010231
-0.024116
0.020583
0.020815
0.023847
0.075569
0.079270
-0.040852
-0.063752
-0.063110
-0.079504
-0.052102
0.017760
0.007819
0.106360
0.116154
-0.038249
0.052261
-0.153282
-0.232148
0.045991
-0.062130
-0.069666
0.216581
0.067865
-0.125163
-0.021900
-0.275599
-0.165127
0.059506
-0.246374
-0.046610
0.144961
0.111944
0.070057
-0.058906
0.079160
0.061896
-0.223838
-0.109620
0.143968
0.127823
0.073765
0.182114
0.160332
0.053596
0.032974
-0.063073
-0.022623
-0.002279
-0.073450
-0.081586
-0.031223
-0.008041
-0.063879
-0.033053
0.057460
0.048002
0.004663
0.021030
0.051589
0.019109
-0.010668
0.005359
0.037520
0.025530
0.021970
0.035577
0.040803
0.028732
0.018786
0.019373
0.022423
0.015088
0.008865
0.007387
-0.000085
0.000272
-0.001083
0.001863
0.003426
-0.002051
-0.005989
-0.008264
-0.007239
0.002352
-0.005276
0.003227
0.003963
-0.000539
0.013824
-0.001198
-0.007888
0.012196
-0.006393
-0.004205
0.003785
0.012448
0.049392
0.008948
0.011013
0.006139
-0.013283
-0.000638
-0.033496
0.034874
0.087952
-0.005442
-0.000688
0.055951
0.028353
-0.030348
0.025862
-0.038928
-0.003815
0.167252
-0.063463
0.037118
0.116419
-0.204107
-0.161938
-0.164821
-0.126099
0.121530
0.097683
0.031155
0.141471
0.036166
-0.046959
-0.016772
-0.279626
-0.176571
0.091358
-0.075096
0.058940
0.338122
0.301415
0.174639
0.064992
0.133881
0.022235
-0.112780
-0.077108
-0.044899
-0.046487
-0.051753
0.053236
-0.015219
-0.050335
-0.071455
-0.012573
0.077471
-0.077224
-0.014256
0.080342
0.013291
-0.046060
0.003737
0.015721
-0.045909
-0.006849
-0.015399
-0.015918
0.012967
0.005524
-0.003527
-0.007311
-0.002506
-0.005800
-0.014161
-0.035081
-0.037402
-0.021419
-0.017385
-0.027046
-0.031332
-0.024198
-0.016943
-0.021557
-0.029536
-0.024222
-0.016506
-0.022142
-0.023880
-0.017392
-0.020528
-0.018412
-0.013867
-0.013630
-0.005237
-0.023405
-0.017826
-0.020801
-0.027376
-0.004171
-0.023084
0.006661
0.005395
-0.030944
0.001521
-0.016735
-0.007478
-0.006748
-0.019677
0.044389
0.016209
0.022845
0.042856
0.042641
0.086230
0.045114
0.062887
0.094217
0.000661
-0.099566
-0.081153
-0.015745
-0.021449
-0.080625
-0.128836
-0.047148
-0.097091
-0.102429
-0.008875
0.077099
0.109105
-0.148273
-0.000362
-0.031688
-0.203388
-0.035366
-0.151705
-0.095868
-0.061007
-0.064335
-0.072321
0.127427
0.253874
0.048954
0.172286
0.231553
0.093266
-0.040161
0.072041
0.089478
-0.012956
-0.044687
-0.076128
0.016056
0.006291
0.020237
0.073087
0.061560
0.047013
0.005063
-0.055509
-0.077904
-0.031561
-0.050667
-0.062138
0.007990
0.043179
0.012417
0.030192
0.055217
0.022058
0.016999
0.033159
0.019908
0.002059
0.006371
0.010504
0.005488
0.000403
0.000870
0.003654
0.001819
-0.008956
-0.016528
-0.020623
-0.014452
-0.010050
-0.011132
-0.022218
-0.021843
-0.021943
-0.020989
-0.017328
-0.021660
0.006335
0.002369
-0.023143
0.000681
-0.010852
-0.031662
0.019969
-0.012186
-0.032995
0.033602
-0.019733
-0.051352
0.006537
-0.047871
-0.054868
0.026497
-0.071967
0.031399
0.025755
-0.158251
0.074535
-0.024851
-0.109159
0.035111
-0.141825
-0.162108
0.080397
-0.009095
-0.005650
0.230437
0.051414
-0.053870
-0.101926
-0.110742
-0.081430
-0.097623
-0.052658
-0.044555
-0.004010
-0.082076
-0.178283
-0.023703
0.003861
-0.093520
0.109258
0.216826
-0.002680
0.005095
0.059092
-0.064943
-0.012275
-0.106209
-0.014440
0.159477
-0.033864
-0.013307
0.120946
0.073844
-0.003570
0.031470
0.059997
0.029220
-0.011806
0.002641
0.043747
0.033301
0.078346
0.060804
0.050372
0.050848
0.033483
0.033657
0.020501
0.020008
0.007780
0.022419
0.041841
0.032601
0.017864
0.037285
0.040242
0.019823
0.016815
0.023810
0.022998
0.015715
0.019303
0.023363
0.019930
0.020296
0.017717
0.013821
0.014988
0.019166
0.012428
0.009146
0.013835
-0.000777
0.012896
0.017575
0.001076
0.000554
0.007835
0.012090
-0.005219
0.000732
-0.003792
-0.025899
0.018218
0.008612
-0.042019
0.059563
0.027998
-0.063874
0.069986
-0.058632
-0.118668
0.039255
-0.138780
0.014168
0.205113
0.013078
0.177802
0.080273
-0.113614
0.022776
-0.116088
0.029405
0.117045
0.163156
0.322836
0.095482
0.029619
0.034978
-0.105934
-0.077303
0.032376
-0.001268
0.005477
0.018328
0.034818
-0.107660
-0.032347
0.144487
-0.196310
-0.006636
0.064272
-0.069222
0.123542
-0.019093
0.134953
0.056441
-0.127321
0.028578
-0.053502
-0.085635
-0.029897
-0.046094
0.030741
-0.023265
-0.122585
-0.016305
0.008175
-0.065209
-0.082465
-0.078658
-0.022702
-0.028116
-0.089799
-0.000523
0.030054
-0.031173
-0.026893
-0.005395
0.006570
-0.017032
-0.035108
-0.022597
-0.019142
-0.021939
-0.027858
-0.022144
-0.022302
-0.030291
-0.028367
-0.013737
-0.017644
-0.025932
-0.020404
-0.014543
-0.017702
-0.021573
-0.023560
-0.007826
-0.000465
-0.008259
-0.004522
-0.006541
-0.013256
-0.019857
-0.002377
-0.001195
0.003879
0.020627
-0.006297
-0.009978
-0.012231
-0.036487
-0.008361
-0.004184
-0.006346
0.025465
0.022351
-0.001922
0.035491
0.036593
-0.011201
0.113746
-0.049154
-0.086336
0.061801
-0.078199
0.057892
0.089247
0.036745
0.094185
0.041872
-0.051199
-0.154679
-0.122327
-0.111153
-0.096938
-0.016526
0.009588
0.067662
0.051611
-0.103788
-0.171333
-0.146360
-0.234083
-0.196652
-0.132478
-0.065785
0.156796
0.103564
0.054545
0.207939
0.045562
-0.031620
-0.024758
-0.159720
-0.032509
0.003132
0.050575
0.198632
0.149667
0.142231
0.080132
0.029811
0.043754
-0.031997
-0.017072
0.005367
-0.004145
0.007939
0.007202
0.015002
-0.015778
-0.044884
0.007144
0.000834
-0.010313
0.026471
0.008136
0.014684
0.052933
0.045503
0.038175
0.049342
0.043771
0.040434
0.034955
0.025386
0.023882
0.021441
0.017064
0.016174
0.016656
0.010742
0.003229
0.002636
0.002747
0.003393
-0.000794
-0.008498
-0.005704
-0.000593
-0.007607
-0.003689
-0.003629
-0.004125
0.000279
-0.003324
0.001335
0.015008
0.030583
-0.032418
-0.014580
-0.012809
-0.037945
0.029984
0.017142
0.014405
0.008869
-0.006482
-0.055102
0.009237
0.117172
0.014259
0.019329
0.049717
-0.067549
-0.009531
-0.030115
-0.030674
0.138660
0.030436
0.026187
0.022211
-0.163295
-0.028500
-0.046527
-0.292356
0.198753
0.204975
-0.235739
0.180696
0.005076
-0.082657
0.096990
-0.110087
-0.065684
0.098333
0.105689
-0.110092
0.133696
0.151169
-0.054293
0.026019
0.048018
0.118397
0.096309
0.088632
0.088559
0.068341
0.027262
0.014313
-0.017402
-0.122769
-0.119687
-0.055101
-0.028053
-0.018770
0.007514
0.063871
0.084867
0.013496
-0.004703
-0.002295
-0.036049
-0.068125
-0.058884
-0.032009
-0.022690
0.010577
0.011635
-0.002554
0.011220
0.012463
-0.016811
-0.032131
-0.027731
-0.028448
-0.027213
-0.030304
-0.036423
-0.033570
-0.024362
-0.023341
-0.032980
-0.035431
-0.026518
-0.031705
-0.030617
-0.026993
-0.030240
-0.025022
-0.020557
-0.032042
-0.033330
-0.022873
-0.021676
-0.012282
-0.028719
-0.024584
-0.025168
-0.048107
-0.006069
-0.003977
-0.040249
0.011835
-0.055162
-0.133910
-0.012421
-0.038719
0.017086
0.065657
0.011082
-0.012648
-0.068365
-0.013040
-0.077249
-0.086330
0.001977
-0.079359
0.033865
0.111332
-0.047559
0.115863
0.081180
-0.047497
0.110500
-0.029158
-0.063214
0.350236
0.145328
-0.069526
0.417401
0.153396
-0.111626
0.163001
-0.045277
-0.120443
-0.040858
-0.181190
-0.296466
-0.125361
-0.037552
-0.144084
0.003525
0.025315
0.075212
0.108447
0.009123
0.042157
0.048027
-0.020267
0.042870
0.123548
0.065301
0.100778
0.114229
0.045503
0.039222
0.021846
-0.007985
0.010311
-0.054947
-0.094300
-0.004389
-0.042440
-0.092819
-0.049373
-0.016069
-0.025161
-0.047205
-0.034479
-0.027024
-0.031541
-0.036747
-0.015759
-0.011654
-0.017636
-0.013900
-0.002841
0.004801
-0.006632
-0.008592
0.000775
-0.001346
-0.013199
-0.009913
-0.007281
-0.013073
-0.020437
-0.021477
-0.020327
-0.022333
-0.020322
-0.021635
-0.017873
-0.024192
-0.026410
-0.017552
-0.010084
-0.007586
-0.035867
-0.003447
0.013350
-0.035248
-0.025182
-0.059533
-0.048805
0.011148
-0.030828
0.043089
0.028122
-0.081595
0.037841
-0.109209
-0.041067
0.142516
-0.134144
0.071747
0.144213
-0.053689
0.021026
-0.004896
0.017085
-0.071703
0.030064
0.049826
-0.040862
0.287128
0.185973
-0.004985
0.173597
0.016046
-0.166915
0.073618
-0.020017
0.009144
0.220824
-0.071970
-0.080194
-0.054468
-0.188541
-0.115642
-0.114298
-0.126458
0.060660
0.121570
-0.006844
-0.001840
0.016370
-0.001221
-0.088538
-0.010881
0.077340
-0.072777
-0.096842
-0.038890
-0.043731
-0.080977
-0.059626
-0.037857
-0.026485
-0.034742
-0.032367
0.002082
-0.009127
-0.018053
-0.016057
-0.007085
0.007864
-0.020722
-0.042049
-0.012688
0.006347
-0.005349
-0.012952
-0.003968
-0.003370
-0.010710
-0.005419
-0.000616
-0.006910
-0.008150
-0.001182
-0.000076
-0.001226
0.000968
-0.000023
0.003390
0.004982
-0.000684
0.006082
0.004321
0.006549
0.014789
0.003205
0.003460
0.002163
0.011343
0.022541
0.008919
-0.000446
-0.001124
-0.020921
-0.012801
0.012105
0.006138
0.058370
0.038293
-0.026971
-0.001602
-0.006993
0.016453
0.026600
0.048220
0.080497
-0.023552
-0.046640
0.002232
-0.026663
0.062053
0.095307
0.061949
0.087639
0.106378
0.072941
-0.084213
0.111852
0.127740
-0.097645
0.136570
0.078206
-0.099370
-0.154608
-0.096004
-0.084735
-0.163324
0.136789
0.004009
-0.083503
0.187538
-0.025447
-0.188180
0.139996
0.075503
-0.184660
0.014205
0.081343
-0.029219
-0.120225
-0.070333
0.021192
-0.054891
-0.027319
0.044131
0.071777
0.080185
0.033960
0.007890
0.010365
-0.011124
-0.074442
-0.082857
-0.053055
-0.035067
-0.041800
-0.024978
0.014407
0.014755
-0.004511
0.000496
-0.005745
-0.021037
-0.026351
-0.016222
-0.007661
-0.009611
-0.011523
0.001325
0.006772
0.000228
-0.000334
0.004021
0.003890
-0.001806
-0.003024
-0.003415
-0.001316
-0.000885
-0.001107
-0.003906
-0.000193
0.001053
-0.004667
-0.006437
-0.004911
-0.004240
-0.005644
-0.004197
0.006969
0.003132
-0.002181
-0.001118
-0.013504
-0.024970
-0.011843
-0.006398
-0.014858
0.006259
0.001128
-0.015825
-0.003847
-0.004743
-0.011200
-0.001464
0.005886
0.000502
0.001524
0.008765
0.008289
0.003962
0.003276
0.006030
0.003721
0.001513
0.002534
0.002403
0.001997
0.001125
0.001265
0.001311
0.001804
0.000859
-0.001455
-0.000646
-0.000738
-0.002949
-0.000929
0.001777
0.000951
0.000741
0.003046
0.002195
0.001745
0.003195
0.003244
0.002860
0.002340
0.001907
0.001694
0.002297
0.002415
0.002444
0.002401
0.002573
0.002313
0.002321
0.002317
0.001858
0.001315
0.001103
0.000528
0.000502
0.000719
0.000751
0.000843
0.000978
0.000683
0.000642
0.000805
0.000809
0.000748
0.000751
0.000604
0.000527
0.000567
0.000554
0.000568
0.000497
0.000336
0.000238
0.000315
0.000397
0.000461
0.000570
0.000534
0.000380
0.000343
0.000329
0.000337
0.000386
0.000381
0.000250
0.000178
0.000167
0.000113
0.000133
0.000115
-0.000001
-0.000039
-0.000061
-0.000130
-0.000050
0.000024
-0.000109
-0.000127
-0.000076
-0.000200
-0.000146
-0.000004
-0.000060
-0.000151
-0.000117
-0.000145
-0.000137
-0.000039
0.000834
-0.004566
-0.011773
-0.034582
0.014288
-0.001670
0.044332
0.023388
-0.055061
0.042440
-0.009279
-0.008677
0.039023
-0.084060
-0.002172
0.058594
0.004650
0.062733
0.194861
0.044201
-0.168558
-0.083543
-0.117837
-0.117582
-0.012924
0.093141
0.020937
0.273406
0.063542
-0.092509
0.072862
-0.501403
-0.198636
0.229805
-0.209262
0.091176
0.436506
-0.150925
-0.154251
-0.126748
-0.700262
0.185349
0.074867
-0.604717
0.298918
0.340453
0.104184
-0.021688
-0.071581
0.273941
-0.111956
-0.509834
0.116172
0.352180
0.112035
0.221469
0.362650
0.079647
0.071894
-0.059470
-0.218232
0.065741
-0.029479
-0.176376
-0.070602
0.007129
-0.017973
-0.093413
0.005537
0.117090
0.034104
-0.030553
0.058569
0.079001
0.036981
0.039762
0.035950
0.043847
0.012887
0.008445
0.012872
0.022399
-0.011785
0.013963
0.038556
0.023202
0.005832
0.002861
-0.033635
-0.047200
-0.035091
-0.030658
-0.010604
0.006962
0.007405
0.008874
-0.002942
0.013881
0.030046
0.003135
0.026453
0.000816
0.006087
0.023970
-0.021808
-0.001141
0.027633
-0.028278
0.007271
0.001308
0.047587
0.078599
-0.031246
0.015735
-0.019448
-0.016493
-0.018898
-0.060446
0.152854
0.129526
-0.085673
0.006525
0.095341
0.013244
-0.071039
0.034193
-0.127944
0.176830
0.198612
-0.266374
0.323027
-0.022717
-0.550232
-0.109553
-0.297343
-0.079442
0.413722
0.150074
0.018646
0.186800
-0.064957
0.015182
-0.203608
-0.652452
0.147453
0.212743
-0.326428
0.441035
0.695132
0.260268
0.083393
0.094929
0.194261
-0.207703
-0.244128
-0.028917
-0.022121
-0.158762
0.022926
0.152437
-0.203926
-0.112754
-0.098763
0.115369
0.050298
-0.198969
0.186338
0.165527
-0.076464
-0.027346
0.097593
-0.136788
-0.132562
0.061354
-0.060330
-0.017301
0.050755
0.036542
0.011098
-0.002706
-0.015327
-0.053430
-0.102496
-0.123695
-0.055377
-0.033092
-0.033059
-0.023124
-0.000317
0.009177
-0.018500
-0.018860
-0.014040
-0.021618
-0.018994
-0.009498
-0.006516
-0.007003
-0.003165
-0.008309
-0.019193
-0.008355
-0.000502
-0.045638
-0.019598
-0.041749
-0.010398
0.015490
-0.034775
0.055747
-0.009111
-0.051120
0.016843
-0.039135
0.021650
-0.042254
-0.006781
0.123649
0.005842
0.044263
0.049925
0.110200
0.127319
-0.000813
0.140396
0.136629
-0.136366
-0.252721
-0.055222
0.041806
-0.052066
-0.186271
-0.173409
-0.023940
-0.240068
-0.065773
0.080851
0.235785
0.070404
-0.344023
0.159534
-0.244802
-0.216791
-0.013123
-0.320523
0.039841
-0.081564
-0.158653
-0.056258
0.533543
0.258300
-0.002382
0.464137
0.247559
-0.079795
-0.083654
0.241078
0.022042
-0.054370
-0.106063
-0.148727
0.063056
0.026356
0.113417
0.097260
0.094865
0.073243
-0.049916
-0.133654
-0.091123
-0.006634
-0.111657
-0.056793
0.064986
0.050719
0.003225
0.073462
0.089286
0.018309
0.035121
0.039168
-0.005762
-0.017630
-0.015935
-0.031545
-0.058037
-0.042254
-0.034439
-0.020391
-0.019849
-0.036111
-0.026452
-0.021736
-0.004739
-0.001723
0.000832
-0.026595
-0.030595
-0.034675
-0.016722
-0.012982
-0.001025
0.059228
0.012171
-0.016089
0.032583
-0.027957
-0.015595
0.053540
-0.076058
0.004993
0.073449
-0.117959
-0.036353
0.047489
-0.159891
-0.022331
0.075722
-0.174993
0.175325
-0.102871
-0.223445
0.242494
-0.229354
-0.012965
0.063667
-0.444208
-0.065198
0.314209
-0.209615
0.194657
0.476891
-0.152872
-0.146237
-0.228892
-0.115219
-0.074711
-0.147907
-0.028784
0.056530
-0.024166
-0.308934
-0.188868
0.147795
-0.098940
-0.085851
0.475613
0.283422
-0.247417
0.113018
0.091411
-0.167364
-0.018060
-0.201538
0.203147
0.200208
-0.203987
0.137765
0.231502
-0.018427
-0.001839
0.146644
0.035430
-0.020254
-0.049858
0.022272
0.041395
0.057480
0.187048
0.053304
0.053962
0.068541
0.043796
0.006932
0.023272
0.030070
0.002348
0.056284
0.039231
0.003693
0.006203
0.019683
0.002393
0.007496
0.015096
0.017582
0.027890
0.022857
0.021464
0.021044
0.005059
0.006050
0.000300
0.010542
0.018064
0.015866
-0.001919
0.013873
0.015110
-0.012291
0.029675
0.005304
-0.014984
-0.009698
0.002769
0.014817
-0.010671
0.002627
-0.021805
-0.018884
0.064862
-0.037491
-0.038202
0.170847
-0.077152
-0.069146
0.179984
-0.275803
-0.079624
0.079427
-0.325352
0.306855
0.284659
-0.039526
0.428602
-0.183274
-0.196822
0.093874
-0.289783
0.231148
0.236714
0.386670
0.424309
-0.055806
0.007154
-0.109770
-0.279326
0.045261
0.105637
-0.102996
0.080202
0.045322
-0.104121
-0.272691
0.245667
0.076719
-0.531841
0.327713
-0.063599
-0.056372
0.245315
-0.070283
0.372733
-0.148516
-0.217560
0.090882
-0.202559
-0.140013
-0.034910
-0.023153
0.113968
-0.149266
-0.223592
0.100289
-0.021262
-0.197320
-0.120887
-0.112077
-0.003214
-0.037201
-0.066636
0.113902
0.046389
-0.062097
-0.002102
0.025512
0.000079
-0.011330
-0.022600
-0.011421
0.011650
-0.022537
-0.035956
-0.024566
-0.036376
-0.040467
-0.036969
-0.022087
-0.021725
-0.007278
-0.000408
-0.001823
-0.015532
-0.016611
-0.021967
0.006117
0.005316
-0.001849
0.000870
-0.011962
-0.020225
-0.019810
0.015343
0.005052
0.022995
0.014638
-0.043976
-0.014367
-0.041955
-0.067441
0.020660
-0.005523
0.009757
0.060509
0.031267
-0.012111
0.084454
0.009454
0.034755
0.216254
-0.282515
-0.000126
0.068351
-0.176910
0.278468
0.074696
0.043300
0.158195
-0.013922
-0.215329
-0.281025
-0.151482
-0.164122
-0.032632
0.032230
0.049151
0.165059
-0.010135
-0.314118
-0.263544
-0.204117
-0.373771
-0.193631
-0.133820
0.119544
0.397891
0.030332
0.165648
0.335550
-0.137987
-0.010195
-0.121788
-0.277969
0.117255
0.019165
0.219477
0.403455
0.148778
0.143361
0.009057
0.005769
0.023294
-0.073748
0.023487
0.038100
0.030925
0.047868
0.024011
-0.035804
-0.101075
-0.045111
0.029826
-0.033025
0.040058
0.083574
0.024866
0.086047
0.099868
0.015503
0.006365
0.016610
0.002834
0.015993
0.011442
0.012414
0.034834
0.029620
0.014193
0.003979
-0.019994
-0.046558
-0.047735
-0.026271
-0.007791
0.001972
0.002827
0.003713
0.005670
0.008502
-0.001775
0.000961
-0.009713
0.008050
0.010743
0.010324
0.023929
0.067884
0.045637
-0.090510
0.011156
-0.057979
-0.024805
0.071099
0.000130
0.040173
-0.008432
-0.065079
-0.103907
0.142652
0.178250
-0.049986
0.093262
-0.034327
-0.181291
0.083605
-0.131444
0.031746
0.322973
-0.036592
0.037018
-0.111111
-0.292213
0.099617
-0.298200
-0.369951
0.830793
-0.084149
-0.380398
0.534540
-0.372297
0.113554
0.155394
-0.388784
0.064384
0.368090
-0.087310
-0.189571
0.532109
-0.051962
-0.143543
0.130900
0.080401
0.191961
0.095153
0.142560
0.075933
0.035700
0.022047
0.033234
-0.172810
-0.267046
-0.118632
-0.060781
-0.014804
-0.021652
0.059266
0.199761
0.089377
-0.045915
0.022446
-0.059500
-0.147951
-0.075371
-0.039924
-0.060032
0.002117
0.039966
-0.008538
-0.006652
0.022394
-0.018854
-0.076449
-0.052663
-0.022944
-0.030876
-0.048468
-0.049811
-0.057459
-0.048054
-0.038641
-0.042790
-0.034298
-0.022347
-0.013975
-0.017265
0.004862
-0.002327
-0.018323
-0.014733
-0.029781
-0.056343
-0.034630
-0.027154
-0.015671
0.005853
-0.035839
-0.004627
-0.035427
-0.056716
0.029375
-0.018231
-0.048688
0.040790
-0.199693
-0.159895
0.054187
-0.086536
0.182300
0.092866
-0.047061
-0.060652
-0.088335
-0.029227
-0.178510
-0.002679
0.008409
-0.188145
0.263347
0.149606
-0.149731
0.281983
0.035005
-0.017300
0.164603
-0.235856
0.175625
0.731342
-0.213098
0.141219
0.862515
-0.364302
-0.059689
0.348249
-0.440612
-0.074046
-0.009286
-0.538345
-0.462568
0.091549
-0.116971
-0.200312
0.126604
0.015991
0.207899
0.092742
-0.003465
0.131870
0.020461
-0.038086
0.195146
0.186266
0.043038
0.143088
0.076991
0.030184
0.008210
-0.055262
0.012451
-0.021766
-0.208145
-0.071427
0.021316
-0.227003
-0.140653
0.002478
-0.017511
-0.043129
-0.044572
0.009586
0.020035
-0.004664
0.017991
0.054071
-0.005714
-0.010587
-0.004278
-0.009628
-0.005268
-0.020863
-0.020032
-0.003437
-0.024429
-0.025238
-0.012247
-0.042873
-0.053329
-0.042186
-0.041129
-0.042209
-0.022128
-0.014279
-0.017955
-0.007312
-0.025480
-0.013175
-0.003995
0.009196
-0.003762
-0.054418
0.044335
0.014125
-0.055934
-0.032300
-0.127458
0.000692
0.047403
-0.061614
0.161561
-0.027393
-0.136737
0.081262
-0.287290
0.193388
0.147395
-0.323832
0.403067
0.053523
-0.146865
0.102920
-0.075663
-0.008178
-0.084723
0.161739
-0.093599
0.103630
0.622180
-0.010375
0.036673
0.326032
-0.316111
-0.233308
0.303245
-0.214795
0.236089
0.359263
-0.382959
-0.094096
-0.185117
-0.286592
-0.085693
-0.246839
-0.106916
0.350953
0.107337
-0.133895
0.073852
0.005514
-0.079883
-0.155437
0.145262
0.075848
-0.282355
-0.104873
0.030122
-0.102881
-0.133065
-0.024110
-0.080920
-0.036206
-0.031566
-0.057315
0.000658
-0.009389
0.011380
0.036716
0.029594
-0.001849
-0.059280
-0.034036
0.021953
0.044204
0.033100
0.022129
0.025528
0.020573
0.012220
-0.002678
-0.014246
-0.019667
-0.012592
0.000626
0.006626
0.007796
0.000726
-0.001360
0.009825
0.009760
0.005251
0.016916
0.003627
0.018985
0.016915
-0.005169
0.000084
-0.011077
0.021103
0.029529
-0.008240
-0.022439
-0.024590
-0.057176
-0.005375
0.019918
0.029538
0.133782
-0.015474
-0.067042
0.009755
-0.024421
0.063196
0.054681
0.109704
0.100250
-0.117862
-0.069247
-0.019454
0.002918
0.212113
0.089182
0.093069
0.166829
0.118740
-0.038919
-0.133254
0.358675
-0.037683
-0.111512
0.375404
-0.151759
-0.209008
-0.253721
-0.162040
-0.188382
-0.001498
0.310125
-0.295928
0.146545
0.356593
-0.465817
-0.137251
0.548080
-0.244486
-0.329171
0.328738
0.013196
-0.196370
-0.171353
-0.018101
0.017433
-0.083324
0.050383
0.067694
0.129725
0.109280
0.002924
-0.016669
0.023411
-0.069643
-0.162402
-0.075200
-0.070431
-0.046345
-0.011466
-0.004713
0.055152
0.080820
0.019153
-0.010682
-0.004227
-0.030045
-0.044456
-0.008255
0.001617
-0.004638
-0.013722
0.012005
-0.001344
-0.005559
0.003484
0.009372
0.005672
0.000987
0.005028
-0.002120
-0.006383
-0.012839
-0.021272
-0.019452
-0.008266
-0.012359
-0.012390
-0.000151
0.004246
0.003451
0.000550
0.006234
0.021163
0.000955
-0.002187
-0.011542
-0.037544
-0.031378
0.000364
-0.011658
0.000186
0.035365
-0.021781
-0.025233
0.009667
-0.019261
-0.018039
0.018168
0.010155
-0.003998
0.011635
0.016481
0.006651
0.001943
0.005391
0.006240
0.000327
0.001368
0.001695
0.002283
0.003624
0.003340
0.002874
0.005164
0.002467
-0.002120
-0.000501
-0.002048
-0.004698
-0.001288
0.004508
0.004841
0.006286
0.006835
0.001903
-0.000235
0.004409
0.005536
0.004131
0.005816
0.005059
0.000297
0.000856
0.001380
-0.000615
-0.001236
-0.001078
-0.000405
0.000117
0.001697
0.001970
0.002013
0.001616
0.000971
0.000032
0.000701
0.001044
0.000563
0.000666
0.000958
0.000541
0.001059
0.001322
0.001410
0.001265
0.001041
0.000420
0.000366
0.000610
0.000801
0.000843
0.000631
0.000241
0.000099
0.000294
0.000528
0.000644
0.000587
0.000275
0.000003
0.000155
0.000223
0.000243
0.000329
0.000170
-0.000132
-0.000166
-0.000159
-0.000174
-0.000091
-0.000103
-0.000243
-0.000143
-0.000070
0.000027
0.000281
0.000151
-0.000158
-0.000157
-0.000210
-0.000260
0.000131
0.000187
-0.000131
-0.000169
-0.000302
-0.000529
-0.000261
-0.000052
-0.000142
-0.000102
-0.000054
-0.000164
-0.000100