0.126439
0.303018
0.455486
0.532642
0.511662
0.406789
0.263874
0.142832
0.094741
0.142310
0.271190
0.435438
0.575053
0.638883
0.604158
0.485176
0.327841
0.192127
0.129169
0.161737
0.275538
0.424690
0.549251
0.598130
0.548614
0.415060
0.243430
0.093754
0.017223
0.036658
0.137822
0.274879
0.387936
0.425948
0.366245
0.223223
0.042883
-0.114712
-0.198339
-0.185149
-0.089356
0.043227
0.152725
0.188106
0.126710
-0.017059
-0.197198
-0.353644
-0.435180
-0.418964
-0.319222
-0.181782
-0.066539
-0.024549
-0.078496
-0.214006
-0.385110
-0.531778
-0.602834
-0.575475
-0.463973
-0.314202
-0.186106
-0.130790
-0.170993
-0.292393
-0.449077
-0.581074
-0.637263
-0.594902
-0.468321
-0.303454
-0.160305
-0.090037
-0.115448
-0.222277
-0.364666
-0.482701
-0.525316
-0.469824
-0.330605
-0.153643
0.001010
0.082145
0.066921
-0.030440
-0.164119
-0.274235
-0.309754
-0.248016
-0.103427
0.078009
0.236221
0.319987
0.306455
0.209842
0.075962
-0.035303
-0.072913
-0.014202
0.126439
0.303018
0.455486
0.532642
0.511662
0.406789
0.263874
0.142832
0.094741
0.142310
0.271190
0.435438
0.575053
0.638883
0.604158
0.485176
0.327841
0.192127
0.129169
0.161737
0.275538
0.424690
0.549251
0.598130
0.548614
0.415060
0.243430
0.093754
0.017223
0.036658
0.137822
0.274879
0.387936
0.425948
0.366245
0.223223
0.042883
-0.114712
-0.198339
-0.185149
-0.089356
0.043227
0.152725
0.188106
0.126710
-0.017059
-0.197198
-0.353644
-0.435180
-0.418964
-0.319222
-0.181782
-0.066539
-0.024549
-0.078496
-0.214006
-0.385110
-0.531778
-0.602834
-0.575475
-0.463973
-0.314202
-0.186106
-0.130790
-0.170993
-0.292393
-0.449077
-0.581074
-0.637263
-0.594902
-0.468321
-0.303454
-0.160305
-0.090037
-0.115448
-0.222277
-0.364666
-0.482701
-0.525316
-0.469824
-0.330605
-0.153643
0.001010
0.082145
0.066921
-0.030440
-0.164119
-0.274235
-0.309754
-0.248016
-0.103427
0.078009
0.236221
0.319987
0.306455
0.209842
0.075962
-0.035303
-0.072913
-0.014202
0.386874
0.196232
0.101889
0.143146
0.306818
0.532263
0.734539
0.836843
0.799842
0.636704
0.408070
0.198893
0.086005
0.108780
0.254105
0.461412
0.645830
0.730624
0.676534
0.496793
0.252108
0.027496
-0.100151
-0.091400
0.040691
0.235606
0.408523
0.482753
0.419077
0.230766
-0.021439
-0.252492
-0.385473
-0.380933
-0.251908
-0.058905
0.113262
0.187908
0.125810
-0.059763
-0.308086
-0.534124
-0.660980
-0.649226
-0.511929
-0.309628
-0.127173
-0.041291
-0.091247
-0.263823
-0.498342
-0.709827
-0.821435
-0.793800
-0.640053
-0.420795
-0.220945
-0.117297
-0.149187
-0.303469
-0.519538
-0.712488
-0.805551
-0.759434
-0.587341
-0.349944
-0.132235
-0.011078
-0.025879
-0.163558
-0.363576
-0.541090
-0.619395
-0.559254
-0.373926
-0.124138
0.105072
0.236793
0.231578
0.102469
-0.090029
-0.261103
-0.334072
-0.269722
-0.081327
0.170373
0.400333
0.531638
0.524844
0.392999
0.196618
0.020529
-0.058566
-0.001429
0.178694
0.421096
0.640768
0.760837
0.741902
0.597058
0.386874
0.196232
0.101889
0.143146
0.306818
0.532263
0.734539
0.836843
0.799842
0.636704
0.408070
0.198893
0.086005
0.108780
0.254105
0.461412
0.645830
0.730624
0.676534
0.496793
0.252108
0.027496
-0.100151
-0.091400
0.040691
0.235606
0.408523
0.482753
0.419077
0.230766
-0.021439
-0.252492
-0.385473
-0.380933
-0.251908
-0.058905
0.113262
0.187908
0.125810
-0.059763
-0.308086
-0.534124
-0.660980
-0.649226
-0.511929
-0.309628
-0.127173
-0.041291
-0.091247
-0.263823
-0.498342
-0.709827
-0.821435
-0.793800
-0.640053
-0.420795
-0.220945
-0.117297
-0.149187
-0.303469
-0.519538
-0.712488
-0.805551
-0.759434
-0.587341
-0.349944
-0.132235
-0.011078
-0.025879
-0.163558
-0.363576
-0.541090
-0.619395
-0.559254
-0.373926
-0.124138
0.105072
0.236793
0.231578
0.102469
-0.090029
-0.261103
-0.334072
-0.269722
-0.081327
0.170373
0.400333
0.531638
0.524844
0.392999
0.196618
0.020529
-0.058566
-0.001429
0.178694
0.421096
0.640768
0.760837
0.741902
0.597058