0.111415
0.108163
0.076674
0.039005
0.019483
0.035373
0.090244
0.172569
0.260091
0.328285
0.359695
0.350564
0.312240
0.266806
0.238620
0.244981
0.289496
0.360679
0.436315
0.491929
0.510113
0.487162
0.434479
0.374204
0.330753
0.321485
0.350069
0.405082
0.464374
0.503532
0.505214
0.465782
0.396700
0.320177
0.260690
0.235663
0.248828
0.288820
0.333550
0.358662
0.346870
0.294589
0.213335
0.125361
0.055194
0.020297
0.024441
0.056300
0.093813
0.112655
0.095563
0.038974
-0.045580
-0.135830
-0.207244
-0.242351
-0.237381
-0.203664
-0.163266
-0.140524
-0.152717
-0.203427
-0.281145
-0.363631
-0.426381
-0.451959
-0.436633
-0.391773
-0.339490
-0.304168
-0.303134
-0.340025
-0.403385
-0.471029
-0.518513
-0.528463
-0.497206
-0.436177
-0.367549
-0.315771
-0.298236
-0.318645
-0.365606
-0.417002
-0.448451
-0.442642
-0.395964
-0.319914
-0.236724
-0.170901
-0.139892
-0.147452
-0.182240
-0.222186
-0.242955
-0.227275
-0.171578
-0.087394
0.003013
0.075106
0.111415
0.108163
0.076674
0.039005
0.019483
0.035373
0.090244
0.172569
0.260091
0.328285
0.359695
0.350564
0.312240
0.266806
0.238620
0.244981
0.289496
0.360679
0.436315
0.491929
0.510113
0.487162
0.434479
0.374204
0.330753
0.321485
0.350069
0.405082
0.464374
0.503532
0.505214
0.465782
0.396700
0.320177
0.260690
0.235663
0.248828
0.288820
0.333550
0.358662
0.346870
0.294589
0.213335
0.125361
0.055194
0.020297
0.024441
0.056300
0.093813
0.112655
0.095563
0.038974
-0.045580
-0.135830
-0.207244
-0.242351
-0.237381
-0.203664
-0.163266
-0.140524
-0.152717
-0.203427
-0.281145
-0.363631
-0.426381
-0.451959
-0.436633
-0.391773
-0.339490
-0.304168
-0.303134
-0.340025
-0.403385
-0.471029
-0.518513
-0.528463
-0.497206
-0.436177
-0.367549
-0.315771
-0.298236
-0.318645
-0.365606
-0.417002
-0.448451
-0.442642
-0.395964
-0.319914
-0.236724
-0.170901
-0.139892
-0.147452
-0.182240
-0.222186
-0.242955
-0.227275
-0.171578
-0.087394
0.003013
0.075106
1.230700
1.114295
0.812833
0.437298
0.126031
-0.008086
0.079275
0.346980
0.684183
0.952690
1.039791
0.901342
0.578679
0.182865
-0.147675
-0.299986
-0.229667
0.022216
0.344877
0.600183
0.675473
0.526652
0.195094
-0.208099
-0.544477
-0.701059
-0.633429
-0.382640
-0.059476
0.197929
0.276905
0.133343
-0.191403
-0.586260
-0.912809
-1.058108
-0.977786
-0.712947
-0.374428
-0.100426
-0.003675
-0.128354
-0.433186
-0.807173
-1.111981
-1.234753
-1.131206
-0.842538
-0.479678
-0.180919
-0.059094
-0.158480
-0.437900
-0.786457
-1.065916
-1.163521
-1.035089
-0.721914
-0.335023
-0.012805
0.131816
0.054472
-0.203745
-0.532024
-0.792210
-0.871621
-0.726147
-0.397149
0.004282
0.339702
0.496134
0.429162
0.179839
-0.141060
-0.395408
-0.470548
-0.322386
0.007707
0.408635
0.741956
0.894702
0.822471
0.566337
0.237101
-0.027076
-0.113499
0.021972
0.338013
0.723587
1.040311
1.175281
1.084169
0.808119
0.458014
0.172096
0.063146
0.175392
0.467604
0.828837
1.120804
1.230700
1.114295
0.812833
0.437298
0.126031
-0.008086
0.079275
0.346980
0.684183
0.952690
1.039791
0.901342
0.578679
0.182865
-0.147675
-0.299986
-0.229667
0.022216
0.344877
0.600183
0.675473
0.526652
0.195094
-0.208099
-0.544477
-0.701059
-0.633429
-0.382640
-0.059476
0.197929
0.276905
0.133343
-0.191403
-0.586260
-0.912809
-1.058108
-0.977786
-0.712947
-0.374428
-0.100426
-0.003675
-0.128354
-0.433186
-0.807173
-1.111981
-1.234753
-1.131206
-0.842538
-0.479678
-0.180919
-0.059094
-0.158480
-0.437900
-0.786457
-1.065916
-1.163521
-1.035089
-0.721914
-0.335023
-0.012805
0.131816
0.054472
-0.203745
-0.532024
-0.792210
-0.871621
-0.726147
-0.397149
0.004282
0.339702
0.496134
0.429162
0.179839
-0.141060
-0.395408
-0.470548
-0.322386
0.007707
0.408635
0.741956
0.894702
0.822471
0.566337
0.237101
-0.027076
-0.113499
0.021972
0.338013
0.723587
1.040311
1.175281
1.084169
0.808119
0.458014
0.172096
0.063146
0.175392
0.467604
0.828837
1.120804