-0.229304
-0.190440
-0.145293
-0.094570
-0.039508
0.017999
0.075450
0.129988
0.178812
0.219621
0.250981
0.272484
0.284685
0.288834
0.286517
0.279323
0.268640
0.255623
0.241316
0.226816
0.213397
0.202488
0.195486
0.193458
0.196813
0.205092
0.216941
0.230317
0.242862
0.252349
0.257058
0.255984
0.248828
0.235808
0.217389
0.194033
0.166095
0.133870
0.097785
0.058619
0.017658
-0.023316
-0.062225
-0.097034
-0.126127
-0.148603
-0.164380
-0.174088
-0.178786
-0.179608
-0.177463
-0.172891
-0.166111
-0.157232
-0.146518
-0.134600
-0.122541
-0.111703
-0.103476
-0.098955
-0.098685
-0.102570
-0.109982
-0.120017
-0.131819
-0.144824
-0.158865
-0.174062
-0.190585
-0.208351
-0.226800
-0.244845
-0.261015
-0.273766
-0.281840
-0.284573
-0.282016
-0.274868
-0.264227
-0.251274
-0.236999
-0.222071
-0.206885
-0.191739
-0.177074
-0.163625
-0.152432
-0.144651
-0.141240
-0.142606
-0.148347
-0.157186
-0.167137
-0.175840
-0.180988
-0.180700
-0.173734
-0.159508
-0.137948
-0.109261
-0.073736
-0.031680
0.016503
0.070101
0.127877
0.187933
0.247764
0.304513
0.355375
0.398048
0.431096
0.454109
0.467641
0.472940
0.471592
0.465184
0.455103
0.442505
0.428432
0.413982
0.400428
0.389199
0.381693
0.378977
0.381461
0.388687
0.399302
0.411263
0.422215
0.429932
0.432697
0.429504
0.420058
0.404580
0.383535
0.357391
0.326502
0.291169
0.251820
0.209238
0.164712
0.120028
0.077268
0.038470
0.005255
-0.021473
-0.041628
-0.055835
-0.065149
-0.070698
-0.073389
-0.073754
-0.072010
-0.068260
-0.062762
-0.056143
-0.049461
-0.044071
-0.041359
-0.042415
-0.047777
-0.057345
-0.070484
-0.086286
-0.103887
-0.122719
-0.142609
-0.163671
-0.186070
-0.209715
-0.234042
-0.257959
-0.279987
-0.298577
-0.312467
-0.320984
-0.324177
-0.322736
-0.317755
-0.310408
-0.301682
-0.292240
-0.282469
-0.272665
-0.263261
-0.254988
-0.248881
-0.246091
-0.247571
-0.253723
-0.264140
-0.277541
-0.291935
-0.304958
-0.314299
-0.318072
-0.315031
-0.304591
-0.286674
-0.261483
0.563153
0.491581
0.420944
0.354267
0.294819
0.245862
0.210084
0.188894
0.181844
0.186417
0.198316
0.212213
0.222748
0.225496
0.217631
0.198096
0.167316
0.126590
0.077440
0.021168
-0.041221
-0.108748
-0.179979
-0.252607
-0.323296
-0.387952
-0.442355
-0.482982
-0.507747
-0.516400
-0.510448
-0.492624
-0.466086
-0.433634
-0.397199
-0.357765
-0.315714
-0.271425
-0.225863
-0.180906
-0.139265
-0.104006
-0.077858
-0.062547
-0.058418
-0.064488
-0.078893
-0.099574
-0.124918
-0.154131
-0.187177
-0.224330
-0.265512
-0.309684
-0.354550
-0.396716
-0.432271
-0.457624
-0.470303
-0.469457
-0.455914
-0.431780
-0.399770
-0.362509
-0.322069
-0.279877
-0.236994
-0.194588
-0.154364
-0.118712
-0.090440
-0.072153
-0.065441
-0.070185
-0.084210
-0.103464
-0.122668
-0.136264
-0.139377
-0.128509
-0.101798
-0.058840
-0.000215
0.073023
0.159665
0.258338
0.367177
0.483352
0.602707
0.719724
0.827949
0.920816
0.992678
1.039738
1.060623
1.056425
1.030228
0.986306
0.929248
0.863303
0.792089
0.718694
0.646008
0.577061
0.515123
0.463458
0.424758
0.400434
0.390041
0.391065
0.399215
0.409163
0.415554
0.413970
0.401585
0.377349
0.341692
0.295916
0.241549
0.179898
0.111973
0.038760
-0.038304
-0.116903
-0.193699
-0.264589
-0.325347
-0.372445
-0.403790
-0.419126
-0.419953
-0.408997
-0.389410
-0.363984
-0.334644
-0.302367
-0.267527
-0.230497
-0.192235
-0.154610
-0.120328
-0.092446
-0.073687
-0.065768
-0.069029
-0.082478
-0.104245
-0.132261
-0.164910
-0.201388
-0.241651
-0.285969
-0.334254
-0.385461
-0.437289
-0.486333
-0.528679
-0.560728
-0.580000
-0.585640
-0.578468
-0.560584
-0.534697
-0.503425
-0.468836
-0.432350
-0.395022
-0.358015
-0.323029
-0.292448
-0.269076
-0.255513
-0.253344
-0.262445
-0.280638
-0.303866
-0.326846
-0.344016
-0.350499
-0.342792
-0.319031
-0.278808
-0.222701
-0.151763
-0.067197
0.029623
0.136834
0.251610
0.369793
0.485869
0.593384
0.685772
0.757386
0.804432
0.825534
0.821785
0.796269
0.753258
0.697343
0.632769