0.717499
0.478303
0.205320
0.008756
-0.030985
0.105967
0.371342
0.667150
0.883097
0.938701
0.814029
0.557303
0.266479
0.051833
-0.006161
0.112441
0.359440
0.636919
0.834656
0.872242
0.729813
0.455663
0.147817
-0.083384
-0.157398
-0.054220
0.178013
0.441442
0.625900
0.651031
0.497020
0.212208
-0.105341
-0.345245
-0.426930
-0.330358
-0.103641
0.155384
0.336566
0.359563
0.204569
-0.080073
-0.396298
-0.633729
-0.711803
-0.610496
-0.377938
-0.111991
0.077170
0.109169
-0.035834
-0.309537
-0.613917
-0.838645
-0.903207
-0.787632
-0.540107
-0.258553
-0.053207
-0.004509
-0.132364
-0.388538
-0.675076
-0.881722
-0.928031
-0.794106
-0.528205
-0.228322
-0.004767
0.061951
-0.048148
-0.286898
-0.556414
-0.746506
-0.776794
-0.627445
-0.346778
-0.032845
0.203990
0.283162
0.184645
-0.043442
-0.303256
-0.484644
-0.507263
-0.351308
-0.065125
0.253214
0.493323
0.574629
0.477096
0.248838
-0.012300
-0.196160
-0.222389
-0.071169
0.209173
0.520588
0.752719
0.825023
0.717499
0.478303
0.205320
0.008756
-0.030985
0.105967
0.371342
0.667150
0.883097
0.938701
0.814029
0.557303
0.266479
0.051833
-0.006161
0.112441
0.359440
0.636919
0.834656
0.872242
0.729813
0.455663
0.147817
-0.083384
-0.157398
-0.054220
0.178013
0.441442
0.625900
0.651031
0.497020
0.212208
-0.105341
-0.345245
-0.426930
-0.330358
-0.103641
0.155384
0.336566
0.359563
0.204569
-0.080073
-0.396298
-0.633729
-0.711803
-0.610496
-0.377938
-0.111991
0.077170
0.109169
-0.035834
-0.309537
-0.613917
-0.838645
-0.903207
-0.787632
-0.540107
-0.258553
-0.053207
-0.004509
-0.132364
-0.388538
-0.675076
-0.881722
-0.928031
-0.794106
-0.528205
-0.228322
-0.004767
0.061951
-0.048148
-0.286898
-0.556414
-0.746506
-0.776794
-0.627445
-0.346778
-0.032845
0.203990
0.283162
0.184645
-0.043442
-0.303256
-0.484644
-0.507263
-0.351308
-0.065125
0.253214
0.493323
0.574629
0.477096
0.248838
-0.012300
-0.196160
-0.222389
-0.071169
0.209173
0.520588
0.752719
0.825023
0.182232
-0.074517
-0.128412
0.045395
0.384071
0.761092
1.034557
1.101379
0.936660
0.603195
0.227489
-0.048562
-0.121861
0.032514
0.351811
0.709580
0.963996
1.012047
0.828911
0.477453
0.084250
-0.208732
-0.298331
-0.159557
0.144895
0.488636
0.729895
0.765715
0.571318
0.209617
-0.192772
-0.493847
-0.590414
-0.457456
-0.157644
0.182652
0.421673
0.456471
0.262273
-0.098009
-0.497766
-0.795004
-0.886546
-0.747395
-0.440244
-0.091496
0.157061
0.202438
0.019822
-0.327922
-0.714232
-0.997171
-1.073614
-0.918626
-0.594964
-0.229092
0.037130
0.100647
-0.063428
-0.392303
-0.759489
-1.023126
-1.080165
-0.905746
-0.562704
-0.177580
0.107691
0.189978
0.044321
-0.266560
-0.616250
-0.862955
-0.903695
-0.713674
-0.355787
0.043364
0.341792
0.436311
0.301914
0.001276
-0.339228
-0.577840
-0.611612
-0.415775
-0.053249
0.349348
0.650014
0.745555
0.610958
0.308902
-0.034235
-0.276683
-0.315480
-0.125837
0.229352
0.623496
0.914626
0.999588
0.853410
0.538815
0.182232
-0.074517
-0.128412
0.045395
0.384071
0.761092
1.034557
1.101379
0.936660
0.603195
0.227489
-0.048562
-0.121861
0.032514
0.351811
0.709580
0.963996
1.012047
0.828911
0.477453
0.084250
-0.208732
-0.298331
-0.159557
0.144895
0.488636
0.729895
0.765715
0.571318
0.209617
-0.192772
-0.493847
-0.590414
-0.457456
-0.157644
0.182652
0.421673
0.456471
0.262273
-0.098009
-0.497766
-0.795004
-0.886546
-0.747395
-0.440244
-0.091496
0.157061
0.202438
0.019822
-0.327922
-0.714232
-0.997171
-1.073614
-0.918626
-0.594964
-0.229092
0.037130
0.100647
-0.063428
-0.392303
-0.759489
-1.023126
-1.080165
-0.905746
-0.562704
-0.177580
0.107691
0.189978
0.044321
-0.266560
-0.616250
-0.862955
-0.903695
-0.713674
-0.355787
0.043364
0.341792
0.436311
0.301914
0.001276
-0.339228
-0.577840
-0.611612
-0.415775
-0.053249
0.349348
0.650014
0.745555
0.610958
0.308902
-0.034235
-0.276683
-0.315480
-0.125837
0.229352
0.623496
0.914626
0.999588
0.853410
0.538815