-0.017262
-0.006565
-0.002592
-0.003523
-0.004602
-0.003448
-0.001406
0.002196
-0.000985
-0.001951
0.004604
-0.005011
-0.000303
0.005311
0.015846
0.023112
-0.010443
0.010400
0.017992
-0.011716
0.014406
-0.002332
-0.021750
0.011061
0.019171
0.016002
0.048711
0.065317
-0.019254
-0.050139
-0.041827
-0.057105
-0.043168
0.009401
0.004720
0.064164
0.092180
-0.023235
0.029805
-0.085739
-0.175899
0.022400
-0.032405
-0.070818
0.143365
0.072939
-0.103405
-0.026236
-0.172118
-0.164136
0.023931
-0.152162
-0.072494
0.077351
0.076753
0.045623
-0.062629
0.040478
0.051686
-0.152130
-0.092586
0.088637
0.100125
0.062245
0.133676
0.115532
0.029751
0.033095
-0.032098
-0.026027
0.007992
-0.027603
-0.054641
-0.039626
-0.013463
-0.041870
-0.034380
0.010342
0.031508
0.030886
0.027081
0.041330
0.034253
0.026053
0.020097
0.009250
0.013220
0.035963
0.042037
0.039565
0.032715
0.032148
0.034720
0.021915
-0.002162
-0.002600
0.002194
-0.010827
-0.009393
-0.000528
0.005921
0.005575
0.002835
0.000979
-0.004870
-0.010265
-0.002726
-0.003934
0.001116
0.002734
-0.001669
0.010024
0.004282
-0.004591
0.007126
-0.002984
-0.002312
0.005726
0.009815
0.034710
0.011745
0.010596
0.008494
-0.008676
0.002672
-0.020039
0.020300
0.065536
0.002476
-0.000835
0.040363
0.021259
-0.020196
0.023442
-0.019214
-0.017467
0.127894
-0.020244
0.003662
0.099786
-0.119910
-0.134707
-0.122200
-0.097694
0.067610
0.071669
0.025915
0.095328
0.040210
-0.034550
-0.007920
-0.182570
-0.156894
0.059385
-0.034452
0.010346
0.222137
0.243558
0.147782
0.046786
0.108072
0.046521
-0.066266
-0.044088
-0.024190
-0.024157
-0.041847
0.021819
-0.020483
-0.048984
-0.044763
-0.016630
0.055729
-0.042921
-0.013628
0.069448
0.015734
-0.043098
0.001288
0.023478
-0.047617
0.003717
0.042074
0.005186
0.007311
0.013551
0.007217
-0.013484
-0.025899
-0.030898
-0.031350
-0.028815
-0.026582
-0.014436
-0.017015
-0.025185
-0.022447
-0.021914
-0.028296
-0.037691
-0.027035
-0.017016
-0.020254
-0.022070
-0.018831
-0.015809
-0.020182
-0.021521
-0.024132
-0.020389
-0.006112
-0.017438
-0.017151
-0.016372
-0.020426
-0.001453
-0.016761
-0.004043
0.002966
-0.023609
-0.003590
-0.014016
-0.011984
-0.005602
-0.015616
0.025639
0.009885
0.015223
0.033747
0.028725
0.062335
0.042835
0.049027
0.071564
0.013527
-0.060117
-0.059866
-0.013635
-0.012119
-0.052052
-0.095925
-0.046417
-0.069139
-0.085345
-0.021609
0.037873
0.077936
-0.096640
-0.019978
-0.011280
-0.158737
-0.030248
-0.093316
-0.098580
-0.056905
-0.044191
-0.066159
0.038495
0.187204
0.049372
0.094666
0.166734
0.078565
-0.021838
0.048512
0.083125
-0.007296
-0.020348
-0.047782
-0.009689
0.013808
0.025178
0.052105
0.030258
0.032344
0.017927
-0.034842
-0.061758
-0.034936
-0.019244
-0.030383
-0.000941
0.039265
0.037477
0.041381
0.054456
0.043948
0.026880
0.029437
0.019490
0.008811
0.012766
0.008344
-0.002964
-0.005451
0.006298
0.005370
-0.003115
-0.011152
-0.011773
-0.014138
-0.019006
-0.024406
-0.019728
-0.018832
-0.026045
-0.027828
-0.021919
-0.014984
-0.017247
0.001899
0.000728
-0.020532
-0.000922
-0.008162
-0.030411
0.008823
-0.002774
-0.027644
0.021449
-0.003676
-0.041161
-0.000500
-0.028925
-0.047473
0.010816
-0.048093
0.008469
0.024668
-0.115345
0.035129
-0.004128
-0.096532
0.013730
-0.089447
-0.139566
0.029298
0.006981
-0.021832
0.145724
0.062388
-0.039005
-0.073019
-0.081233
-0.064272
-0.075670
-0.039673
-0.052098
-0.024211
-0.049038
-0.149103
-0.056701
0.002742
-0.072174
0.048670
0.153222
0.009214
-0.010771
0.051948
-0.038184
-0.025357
-0.065314
-0.022525
0.104839
-0.002321
0.000784
0.075725
0.053300
-0.001003
0.013202
0.050357
0.012262
-0.017675
0.016640
0.041837
0.018797
0.067386
0.070515
0.040738
0.045344
0.047425
0.041159
0.021263
0.026678
0.027030
0.024970
0.033533
0.026494
0.021406
0.037085
0.030462
0.023509
0.033361
0.031538
0.024847
0.022611
0.020574
0.021811
0.017067
0.014406
0.019134
0.022035
0.021740
0.017710
0.010598
0.009841
0.012790
-0.000430
0.005085
0.012204
0.002740
0.002439
0.007421
0.009261
-0.003050
0.003700
0.002156
-0.021737
0.010252
0.011857
-0.032258
0.035698
0.031530
-0.045421
0.044999
-0.023444
-0.094679
0.021386
-0.089158
-0.017482
0.147030
0.022231
0.112429
0.082777
-0.069460
0.008861
-0.067293
0.017971
0.085709
0.116538
0.252120
0.091294
0.025872
0.051737
-0.057081
-0.060055
0.033819
0.024672
0.001057
0.014361
0.038970
-0.070213
-0.046400
0.114201
-0.119698
-0.037330
0.074073
-0.038356
0.089818
0.011666
0.084531
0.064544
-0.080572
0.017968
-0.029896
-0.057066
-0.009992
-0.026469
0.018265
-0.018177
-0.101175
-0.041615
-0.006458
-0.063163
-0.073766
-0.069348
-0.042256
-0.017768
-0.056818
-0.016861
-0.004721
-0.037127
-0.020729
-0.019255
-0.006923
-0.014477
-0.020265
-0.011678
-0.026604
-0.028581
-0.030708
-0.036320
-0.027899
-0.023957
-0.027157
-0.018767
-0.021764
-0.017090
-0.009982
-0.020087
-0.025432
-0.019133
-0.016418
-0.008769
-0.006907
-0.006737
0.003018
-0.003711
-0.011353
-0.016525
-0.004368
0.000094
-0.002717
0.010209
-0.002718
-0.008343
-0.008544
-0.026216
-0.010135
-0.004269
-0.006884
0.015005
0.015445
-0.002106
0.024263
0.030720
-0.009801
0.078305
-0.016143
-0.073439
0.042387
-0.046616
0.025543
0.072197
0.031512
0.066322
0.034682
-0.022340
-0.110182
-0.093163
-0.075941
-0.084511
-0.021779
0.002536
0.035857
0.034167
-0.069493
-0.133493
-0.117210
-0.168593
-0.163894
-0.114083
-0.072301
0.086873
0.073466
0.016884
0.129960
0.038507
-0.021388
-0.006943
-0.111751
-0.038702
0.001656
0.025903
0.127223
0.100355
0.094938
0.055654
0.018659
0.044953
-0.003483
-0.008495
0.005776
0.001848
0.012539
0.001467
-0.004826
-0.016990
-0.018503
0.028359
0.021395
0.003584
0.041252
0.033291
0.017493
0.037091
0.028408
0.028316
0.048358
0.050953
0.056811
0.051538
0.039873
0.034777
0.024858
0.015032
0.005332
-0.000115
0.002117
0.000445
0.002109
0.006461
0.003077
-0.000941
-0.006446
-0.010266
-0.009578
-0.013898
-0.008386
-0.004322
-0.002717
0.004586
0.002645
0.004171
0.013092
0.023557
-0.020092
-0.015004
-0.006785
-0.028668
0.018382
0.016829
0.008433
0.008691
0.001751
-0.036788
-0.004944
0.088257
0.021528
0.007414
0.044461
-0.042289
-0.018674
-0.013488
-0.022699
0.090445
0.032860
0.023433
0.025972
-0.116016
-0.033005
-0.016937
-0.216088
0.095535
0.177936
-0.167841
0.095438
0.044360
-0.075445
0.068405
-0.046538
-0.061181
0.047517
0.111288
-0.063234
0.049863
0.139183
-0.024860
0.005095
0.044354
0.088353
0.077979
0.082942
0.076028
0.042410
0.045864
0.025176
-0.021158
-0.084559
-0.073072
-0.031033
-0.030277
-0.011397
0.000838
0.046729
0.076186
0.000368
-0.005274
0.012515
-0.027218
-0.047878
-0.017479
-0.008148
-0.022748
0.005007
0.012672
0.002623
0.003613
-0.000086
-0.018467
-0.023272
-0.017110
-0.024765
-0.036960
-0.041376
-0.036691
-0.034236
-0.033394
-0.031055
-0.026564
-0.023362
-0.021117
-0.032756
-0.033209
-0.026766
-0.032940
-0.032134
-0.030105
-0.032825
-0.028101
-0.018651
-0.019564
-0.013591
-0.020280
-0.019888
-0.022543
-0.044628
-0.013565
-0.006053
-0.035895
0.002942
-0.034492
-0.103608
-0.020899
-0.027394
-0.007301
0.039772
0.009956
-0.013603
-0.058072
-0.012546
-0.052312
-0.078327
-0.002264
-0.055791
0.000763
0.074161
-0.031663
0.068078
0.067524
-0.039572
0.076564
0.004341
-0.062816
0.237236
0.158904
-0.055140
0.283310
0.180706
-0.078423
0.109205
0.028410
-0.077974
-0.035292
-0.091764
-0.217951
-0.138735
-0.013395
-0.106068
-0.044916
0.010930
0.042591
0.082130
0.024996
0.031995
0.039624
0.013960
0.041750
0.088946
0.073752
0.085689
0.088675
0.055086
0.059410
0.018671
-0.018704
0.005385
-0.045819
-0.079638
-0.025735
-0.065709
-0.092992
-0.039102
-0.013197
-0.030488
-0.043892
-0.021000
-0.006417
-0.019660
-0.031687
-0.012506
-0.006603
-0.012265
-0.008821
-0.001721
0.002433
0.002573
0.000046
-0.000618
-0.004324
-0.012064
-0.010764
-0.012900
-0.022140
-0.023407
-0.015477
-0.019950
-0.023406
-0.017309
-0.018587
-0.021431
-0.027227
-0.027982
-0.022165
-0.017666
-0.013592
-0.030508
-0.010267
0.007548
-0.027592
-0.023432
-0.041123
-0.042097
0.002431
-0.022137
0.021732
0.023662
-0.056999
0.023450
-0.068038
-0.049770
0.107911
-0.078951
0.022255
0.113920
-0.033191
0.001277
0.002858
0.015426
-0.059880
0.012869
0.058501
-0.046950
0.189365
0.173180
-0.006769
0.120207
0.055592
-0.117191
0.033267
0.022556
0.002418
0.166260
-0.011569
-0.074663
-0.036858
-0.119330
-0.088450
-0.093273
-0.095711
0.021672
0.083780
0.019468
-0.017654
-0.004258
0.017449
-0.054820
-0.023472
0.068788
-0.035895
-0.076304
-0.018493
-0.025956
-0.076137
-0.071451
-0.046948
-0.042546
-0.036827
-0.029741
-0.032561
-0.031464
-0.014112
-0.015710
-0.023831
-0.023122
-0.033032
-0.021990
-0.004318
-0.008254
-0.002186
-0.002793
-0.006199
-0.009622
-0.015259
-0.013387
-0.014945
-0.013466
-0.005657
0.001767
0.001653
0.000856
0.001730
0.002874
0.003713
0.003868
0.005583
0.011296
0.011003
0.009685
0.014183
0.006659
0.003922
0.001966
0.007709
0.018211
0.009345
0.001704
0.000693
-0.014213
-0.011257
0.008649
0.004026
0.039054
0.035512
-0.016977
-0.003505
-0.000877
0.011470
0.020106
0.035608
0.062950
-0.009485
-0.033771
0.003269
-0.022987
0.035320
0.081164
0.051411
0.057921
0.085310
0.072224
-0.054332
0.071893
0.124289
-0.062625
0.087986
0.095416
-0.061889
-0.112406
-0.058293
-0.057184
-0.145613
0.091018
0.032132
-0.099690
0.124221
0.028288
-0.150643
0.063587
0.093823
-0.121960
-0.012907
0.083728
-0.017223
-0.089609
-0.045929
0.008429
-0.050972
-0.020700
0.024555
0.020291
0.057491
0.032715
-0.006722
-0.002741
-0.017195
-0.053972
-0.055275
-0.044580
-0.042644
-0.025532
-0.012256
-0.007794
0.003205
0.008945
-0.007461
-0.027319
-0.014227
-0.015915
-0.018727
-0.008518
-0.005953
-0.001350
0.004146
0.000917
-0.000082
0.006589
0.009854
0.005444
-0.001826
0.001413
0.001094
-0.007937
-0.011794
-0.007057
-0.004185
-0.002533
-0.000759
-0.001009
-0.001268
-0.002335
-0.005133
-0.008114
-0.007511
0.003203
0.000184
-0.004183
-0.000144
-0.008031
-0.018177
-0.009668
-0.003249
-0.012476
0.001406
0.002258
-0.014167
-0.006883
-0.002890
-0.008875
-0.003585
0.004708
0.001081
-0.001138
0.004988
0.005332
0.001022
0.001443
0.004882
0.003075
0.000701
0.002243
0.001649
0.000545
-0.000364
-0.001415
-0.000846
-0.000665
-0.000742
-0.000713
-0.000147
-0.000591
-0.001272
0.000916
0.001840
0.001522
0.002142
0.002327
0.001752
0.002433
0.002997
0.003281
0.003375
0.002844
0.002674
0.002705
0.002534
0.002611
0.002474
0.002467
0.002438
0.002016
0.001717
0.001642
0.001392
0.001105
0.000919
0.000794
0.000806
0.000969
0.000898
0.000748
0.000745
0.000567
0.000491
0.000548
0.000673
0.000683
0.000651
0.000657
0.000618
0.000638
0.000678
0.000744
0.000661
0.000545
0.000443
0.000399
0.000451
0.000504
0.000584
0.000556
0.000382
0.000328
0.000288
0.000218
0.000278
0.000319
0.000248
0.000237
0.000248
0.000129
0.000081
0.000106
0.000043
0.000017
0.000030
0.000034
0.000080
0.000126
0.000048
-0.000024
-0.000037
-0.000069
-0.000026
0.000036
0.000019
0.000002
0.000002
-0.021036
-0.016331
0.022875
0.008558
0.067133
0.003164
-0.057699
0.025464
0.003654
0.016129
-0.028688
-0.068741
0.046770
0.005815
0.026068
0.148631
0.186626
-0.030409
-0.150259
-0.142511
-0.152948
-0.091016
0.018147
0.105204
0.080131
0.289395
0.032215
-0.017928
-0.140051
-0.554828
-0.088574
0.114228
-0.062463
0.193051
0.269088
-0.009156
-0.142026
-0.583398
-0.471443
0.381916
-0.381587
-0.327665
0.481166
0.197311
0.178980
-0.045785
-0.024532
0.229493
-0.344185
-0.382633
0.260951
0.276300
0.271664
0.354213
0.207856
0.124183
0.061776
-0.272438
-0.070336
0.119045
-0.153922
-0.118726
-0.042000
-0.043577
-0.041868
-0.099792
0.031616
0.134630
0.049815
0.037052
0.091849
0.022296
0.054216
0.038871
-0.043481
0.004903
0.054184
0.062466
0.044407
0.008760
0.008598
0.044081
0.008710
-0.027018
-0.031225
-0.030398
-0.049896
-0.044532
-0.024088
-0.001835
0.002816
0.001941
0.012698
0.008928
-0.019758
0.007808
0.029857
0.016889
0.012273
-0.012227
0.025147
0.030693
-0.017815
0.004873
0.009563
-0.025106
0.007592
-0.007793
0.088636
0.064394
-0.034933
0.014547
-0.024289
-0.012115
-0.057418
-0.026373
0.208961
0.105449
-0.088723
-0.012526
0.128921
0.028382
-0.124863
-0.012412
-0.035062
0.206008
0.034671
-0.022216
0.296018
-0.351079
-0.382479
-0.191458
-0.446218
0.141568
0.522109
0.146349
0.008742
0.104734
0.056262
-0.016940
-0.603080
-0.455411
0.301238
-0.121321
-0.015421
0.759845
0.507327
0.301382
0.137771
0.078706
0.077574
-0.335615
-0.206659
0.023792
-0.093821
-0.164936
0.159354
0.030234
-0.230488
-0.057957
-0.079954
0.157801
-0.041615
-0.082681
0.198855
0.023880
-0.061373
0.002379
-0.018384
-0.149962
0.009132
0.066392
0.002343
0.014067
-0.042847
0.048500
0.016822
-0.084005
-0.090431
-0.077781
-0.086056
-0.067295
-0.039243
-0.036688
-0.019701
-0.031276
-0.003622
-0.003806
-0.053310
-0.024706
0.013745
-0.004134
-0.021724
-0.013731
-0.000496
0.006115
-0.015066
-0.021870
-0.020434
0.009197
0.002982
-0.040822
-0.024352
-0.046700
0.012263
-0.005896
-0.019320
0.062094
-0.035760
-0.035015
0.003118
-0.005156
0.031164
-0.077832
0.054773
0.134373
-0.004583
0.033000
0.079017
0.157660
0.069061
0.026742
0.212502
0.085544
-0.240199
-0.266188
-0.007983
0.035469
-0.069865
-0.225604
-0.152875
-0.102153
-0.238090
0.037196
0.078431
0.281317
-0.033629
-0.306487
0.073444
-0.278448
-0.127572
-0.265879
-0.135557
0.115459
-0.276605
-0.124853
0.213509
0.526062
0.138760
0.280976
0.365063
0.100964
-0.029906
-0.027117
0.186910
0.005355
-0.011202
-0.187756
-0.107996
0.101274
0.099930
0.145839
0.059735
0.134291
0.038479
-0.121403
-0.156739
-0.103782
-0.087944
-0.066312
0.038320
0.044236
0.068590
0.076768
0.091589
0.056917
0.025725
0.014537
-0.019977
-0.017103
-0.012224
-0.036408
-0.070707
-0.052761
-0.008849
-0.015324
-0.029221
-0.044612
-0.036413
-0.029718
-0.025918
-0.032837
-0.021640
-0.005982
-0.035975
-0.040024
-0.027841
0.019893
0.002161
0.013196
0.068057
0.010669
-0.026383
0.004663
-0.013409
0.001623
0.002902
-0.042231
0.052256
-0.008847
-0.093244
0.024508
-0.040975
-0.163913
0.055671
-0.002950
-0.122038
0.189638
-0.192763
-0.102910
0.079072
-0.148815
0.112753
-0.252938
-0.396270
0.151068
0.121175
-0.130774
0.467261
0.263453
-0.132749
-0.191301
-0.357671
0.002941
-0.159154
-0.223975
0.153362
0.075888
-0.231221
-0.258961
-0.049195
0.008489
-0.127064
0.135198
0.521516
0.147730
-0.203192
0.149659
0.001619
-0.142449
-0.142824
-0.104515
0.333193
0.052497
-0.042804
0.239860
0.071363
-0.007590
0.089730
0.054367
0.003316
-0.011946
-0.079010
0.105765
0.076720
0.081422
0.178529
0.053698
0.068544
0.055390
0.044317
0.032279
0.025608
-0.015388
0.025128
0.048263
-0.012006
0.018027
0.039714
0.016613
0.002489
0.025111
0.012440
0.000531
0.004444
0.017800
0.028935
-0.004254
-0.007576
0.013223
0.016661
0.022680
0.011429
0.005258
0.001905
0.021130
-0.005226
-0.021689
0.011364
0.002254
-0.003748
-0.025030
0.012427
0.026983
-0.023283
-0.013960
-0.011961
-0.007881
0.029055
-0.029153
0.026164
0.117518
-0.091335
0.029658
0.060745
-0.290624
-0.010494
-0.096126
-0.181002
0.397654
0.178121
0.219380
0.299165
-0.366941
0.022457
-0.123677
-0.277866
0.418889
0.250172
0.476703
0.431736
-0.029726
-0.121478
-0.260320
-0.177243
0.120771
-0.063164
-0.001496
0.196988
-0.129341
-0.134810
-0.100056
0.202422
-0.203373
-0.290724
0.316969
-0.183328
0.172426
0.097925
0.060344
0.335936
-0.331122
-0.134988
0.023300
-0.225330
-0.066989
-0.021702
0.018460
0.093577
-0.304343
-0.211268
0.146332
-0.114145
-0.177427
-0.115157
-0.121137
0.045279
-0.056214
-0.026580
0.097191
-0.036999
-0.010448
0.057371
0.002463
0.003947
-0.007490
-0.012638
0.011489
-0.016056
-0.054324
-0.029851
-0.026171
-0.031865
-0.022045
-0.032347
-0.026703
0.003023
0.009878
-0.008275
-0.032647
-0.030679
0.002666
0.002321
0.003548
0.009411
0.022728
-0.001013
-0.011078
-0.025905
-0.021286
0.015272
0.002845
0.024130
-0.000621
-0.027898
-0.017528
-0.076400
-0.043056
0.029219
-0.014316
0.025190
0.070206
0.045212
-0.014015
0.083345
0.018680
0.116328
0.095133
-0.267567
0.051462
-0.101068
0.023033
0.293585
-0.009145
0.159726
0.117682
-0.085766
-0.236928
-0.341768
-0.242134
-0.089878
0.006977
0.002170
0.156602
0.153935
-0.095757
-0.350622
-0.308810
-0.299313
-0.394196
-0.215872
-0.073786
0.296035
0.353795
0.068940
0.293964
0.193167
-0.114867
-0.000547
-0.306248
-0.173775
0.117618
0.026467
0.433055
0.380530
0.108162
0.166284
-0.003479
0.033211
0.019045
-0.085073
0.006668
0.033404
0.034886
0.064106
-0.031568
-0.089942
-0.029209
0.027699
0.029075
-0.005289
0.058055
0.053873
0.031086
0.067291
0.023252
0.002224
0.032850
0.037623
0.060484
0.043525
-0.001601
0.010538
0.015234
-0.002533
-0.020313
-0.045485
-0.040293
-0.028324
-0.022629
-0.009579
-0.005742
-0.008601
-0.008240
-0.008712
-0.007344
-0.003446
-0.004215
0.002813
0.003445
0.029821
0.005720
0.013978
0.033497
0.086068
0.013552
-0.099851
-0.015231
-0.060392
0.030067
0.041917
0.051087
0.050734
-0.075752
-0.080200
-0.044821
0.152532
0.151621
0.036684
0.028432
-0.142795
-0.047593
0.031569
-0.216789
0.197553
0.317282
-0.051383
-0.003497
-0.184017
-0.220937
-0.032607
-0.412593
-0.023815
0.726307
-0.236666
-0.002161
0.131799
-0.258586
0.416974
-0.319662
-0.255905
0.313346
0.126381
-0.101093
0.197940
0.276679
-0.154993
0.082817
-0.019887
0.175141
0.207411
0.064977
0.233910
0.049383
-0.017048
0.066908
-0.039557
-0.321829
-0.211090
-0.095679
-0.061350
0.028996
-0.009173
0.118114
0.201255
0.015013
-0.024347
-0.010654
-0.146329
-0.111562
-0.047835
-0.060631
-0.044608
-0.012946
0.029032
0.047951
0.012431
-0.035496
-0.051005
-0.057562
-0.042867
-0.045906
-0.070556
-0.071558
-0.059378
-0.047075
-0.037639
-0.043860
-0.027072
-0.008465
-0.003560
-0.028087
-0.030993
-0.002418
-0.014605
-0.026565
-0.030982
-0.030744
-0.036684
-0.018535
-0.013721
0.012013
0.000680
-0.047659
-0.008167
-0.060148
-0.057859
0.032323
-0.003383
-0.030716
-0.013956
-0.210181
-0.108035
-0.047052
0.031459
0.265906
-0.025051
-0.018226
-0.055266
-0.135862
-0.081465
-0.101150
-0.001954
-0.128099
-0.074551
0.394870
0.056960
-0.110829
0.278231
0.092762
0.007089
-0.025774
-0.092032
0.386885
0.461478
-0.027338
0.498870
0.343443
-0.260056
0.283540
-0.164219
-0.302069
0.136961
-0.421471
-0.554626
-0.266169
-0.053725
-0.133820
-0.044239
0.000595
0.146466
0.260028
0.011241
0.124835
0.019677
-0.102339
0.103219
0.233034
0.119618
0.128104
0.145848
0.088472
0.109030
-0.064896
-0.086030
0.001859
-0.137980
-0.184458
-0.031581
-0.150106
-0.229846
-0.032042
-0.000750
-0.004474
-0.055631
-0.044793
0.061265
0.030023
-0.037673
0.020594
0.034387
-0.021112
0.012925
0.001947
0.007843
0.011615
-0.023747
-0.010901
-0.011335
-0.049619
-0.039923
-0.028399
-0.058565
-0.052663
-0.039171
-0.039796
-0.035464
-0.022719
-0.007285
-0.002217
-0.020477
-0.035193
-0.001007
0.001110
0.014120
-0.021089
-0.049350
0.054246
0.013409
-0.046740
-0.094563
-0.129393
0.050128
0.009332
-0.003964
0.206661
-0.104323
-0.112773
0.007757
-0.197779
0.259546
-0.051506
-0.090667
0.367512
-0.078428
0.082727
-0.054615
-0.156904
0.123376
-0.076249
0.034865
0.002026
0.307710
0.444537
0.125543
0.170761
0.015353
-0.366742
-0.030781
0.131788
-0.133659
0.460471
0.106328
-0.319494
-0.136357
-0.340878
-0.126666
-0.236089
-0.372227
0.204216
0.368541
-0.058651
0.036063
0.006226
-0.149233
-0.044292
-0.085093
0.157677
-0.031143
-0.256919
-0.046113
0.006432
-0.143763
-0.149051
-0.102203
-0.067643
0.050961
-0.056874
-0.070896
0.009837
-0.000608
0.035685
0.022830
-0.023181
-0.043659
-0.012436
0.046087
0.062647
0.033575
0.025221
0.036986
0.010172
0.012802
0.016575
-0.012326
-0.017452
-0.000094
0.013386
0.006238
-0.006472
0.001693
0.016672
0.009566
0.009813
0.006302
0.007640
0.021009
0.008607
0.026639
0.015539
-0.003738
-0.012161
-0.009443
0.037841
0.028236
-0.025699
-0.034897
-0.027732
-0.058334
-0.010142
0.016370
0.076443
0.119815
-0.043435
-0.042627
-0.041079
-0.003974
0.114203
0.056892
0.133305
0.090872
-0.154268
-0.118586
-0.006279
0.121006
0.171949
0.066557
0.224475
0.122881
0.052165
-0.007456
-0.051492
0.224803
-0.036625
0.127405
0.127400
-0.138353
-0.089276
-0.522857
-0.190519
0.020465
0.042107
0.013007
-0.036718
0.335570
-0.065382
-0.384044
0.173534
0.237140
-0.367275
-0.002722
0.186340
-0.075636
-0.074359
-0.236891
-0.020904
0.024661
-0.081955
0.062574
0.079388
0.163631
0.135697
-0.019439
-0.049074
0.000709
-0.154948
-0.147021
-0.043566
-0.080297
-0.023004
0.026564
0.031616
0.063922
0.057624
0.006519
-0.025443
-0.030698
-0.022721
-0.009740
-0.025356
-0.009436
0.017146
0.001788
-0.000887
0.003483
0.019400
0.018341
0.004497
-0.011678
0.001203
-0.003200
-0.016088
-0.020616
-0.019179
-0.006840
-0.007017
-0.006174
-0.002663
0.002576
-0.002732
-0.012004
-0.003834
-0.004581
0.004010
0.014548
0.007451
-0.002030
-0.021347
-0.027019
-0.024317
-0.007181
-0.003772
0.019230
0.012873
-0.027596
-0.006877
-0.010076
-0.025382
0.002731
0.013246
0.003878
0.007592
0.013331
0.013471
0.009585
0.002317
0.008229
0.007531
0.000480
0.004907
0.001236
0.000302
0.003626
-0.000285
0.000469
0.003925
0.000359
0.001341
0.003997
-0.001435
-0.004695
0.001454
0.005687
0.006569
0.006901
0.004166
0.001881
0.002927
0.006075
0.006571
0.005531
0.004482
0.002541
0.001080
0.001455
-0.001282
-0.001026
-0.000015
-0.001442
-0.000868
0.000783
0.001849
0.001513
0.001012
-0.000135
-0.000152
-0.000398
0.000768
0.001267
0.001425
0.001476
0.000839
0.000486
0.001002
0.001061
0.001116
0.000647
0.000489
0.000331
0.000608
0.000713
0.001009
0.000892
0.000481
0.000185
0.000145
0.000347
0.000653
0.000803
0.000751
0.000310
-0.000041
-0.000081
-0.000045
0.000112
0.000150
-0.000022
-0.000259
-0.000350
-0.000324
-0.000260
-0.000155
-0.000209
-0.000253
-0.000174
-0.000074
0.000123
0.000238
0.000090
-0.000168
-0.000259
-0.000349
-0.000124
0.000240
0.000184
-0.000029
-0.000259
-0.000559
-0.000538
-0.000227
-0.000174
-0.000098
-0.000031
-0.000153
-0.000210
-0.000103
-0.000140
-0.000094