0.085343
0.027928
-0.015725
-0.019052
0.028973
0.119586
0.227546
0.320736
0.372395
0.371309
0.326054
0.261694
0.210173
0.198088
0.236497
0.316675
0.413422
0.494665
0.533692
0.519336
0.460228
0.381485
0.315109
0.287753
0.310538
0.374801
0.455402
0.520334
0.542949
0.512144
0.436615
0.341544
0.258998
0.215694
0.222816
0.271761
0.337451
0.387938
0.396629
0.352478
0.264234
0.157128
0.063275
0.009436
0.006837
0.046913
0.104622
0.148047
0.150622
0.101327
0.008929
-0.101322
-0.197302
-0.252238
-0.254903
-0.213858
-0.154151
-0.107709
-0.101105
-0.145379
-0.231782
-0.335089
-0.423200
-0.469378
-0.462426
-0.410947
-0.340028
-0.281638
-0.262402
-0.293407
-0.365956
-0.454880
-0.528136
-0.559043
-0.536468
-0.469072
-0.382007
-0.307307
-0.271659
-0.286214
-0.342343
-0.414939
-0.472025
-0.486985
-0.448745
-0.366032
-0.264056
-0.174911
-0.125339
-0.126549
-0.169962
-0.230523
-0.276302
-0.280726
-0.232766
-0.141185
-0.031228
0.064980
0.120668
0.124603
0.085343
0.027928
-0.015725
-0.019052
0.028973
0.119586
0.227546
0.320736
0.372395
0.371309
0.326054
0.261694
0.210173
0.198088
0.236497
0.316675
0.413422
0.494665
0.533692
0.519336
0.460228
0.381485
0.315109
0.287753
0.310538
0.374801
0.455402
0.520334
0.542949
0.512144
0.436615
0.341544
0.258998
0.215694
0.222816
0.271761
0.337451
0.387938
0.396629
0.352478
0.264234
0.157128
0.063275
0.009436
0.006837
0.046913
0.104622
0.148047
0.150622
0.101327
0.008929
-0.101322
-0.197302
-0.252238
-0.254903
-0.213858
-0.154151
-0.107709
-0.101105
-0.145379
-0.231782
-0.335089
-0.423200
-0.469378
-0.462426
-0.410947
-0.340028
-0.281638
-0.262402
-0.293407
-0.365956
-0.454880
-0.528136
-0.559043
-0.536468
-0.469072
-0.382007
-0.307307
-0.271659
-0.286214
-0.342343
-0.414939
-0.472025
-0.486985
-0.448745
-0.366032
-0.264056
-0.174911
-0.125339
-0.126549
-0.169962
-0.230523
-0.276302
-0.280726
-0.232766
-0.141185
-0.031228
0.064980
0.120668
0.124603
1.215967
1.205017
0.971336
0.600658
0.230122
-0.004092
-0.018760
0.184620
0.520436
0.851685
1.042343
1.009358
0.754414
0.363329
-0.026676
-0.279347
-0.311386
-0.124220
0.196599
0.514129
0.692400
0.648410
0.383885
-0.015318
-0.411947
-0.669722
-0.705324
-0.520167
-0.199794
0.118855
0.299805
0.260043
0.001279
-0.390653
-0.778531
-1.026107
-1.050104
-0.851981
-0.517332
-0.183155
0.014516
-0.007400
-0.247262
-0.619312
-0.986404
-1.212375
-1.214031
-0.992921
-0.634728
-0.276544
-0.054497
-0.051765
-0.266804
-0.613954
-0.956167
-1.157378
-1.134491
-0.889152
-0.507140
-0.125640
0.119126
0.143894
-0.049883
-0.376625
-0.699369
-0.882122
-0.841866
-0.580311
-0.183303
0.211916
0.469069
0.504842
0.320646
0.002022
-0.314097
-0.491747
-0.447928
-0.184365
0.213089
0.607190
0.861664
0.893209
0.703252
0.377357
0.052486
-0.135362
-0.103148
0.147449
0.530628
0.909200
1.146953
1.160652
0.951794
0.606016
0.260360
0.050906
0.060779
0.288389
0.648024
1.002588
1.215967
1.205017
0.971336
0.600658
0.230122
-0.004092
-0.018760
0.184620
0.520436
0.851685
1.042343
1.009358
0.754414
0.363329
-0.026676
-0.279347
-0.311386
-0.124220
0.196599
0.514129
0.692400
0.648410
0.383885
-0.015318
-0.411947
-0.669722
-0.705324
-0.520167
-0.199794
0.118855
0.299805
0.260043
0.001279
-0.390653
-0.778531
-1.026107
-1.050104
-0.851981
-0.517332
-0.183155
0.014516
-0.007400
-0.247262
-0.619312
-0.986404
-1.212375
-1.214031
-0.992921
-0.634728
-0.276544
-0.054497
-0.051765
-0.266804
-0.613954
-0.956167
-1.157378
-1.134491
-0.889152
-0.507140
-0.125640
0.119126
0.143894
-0.049883
-0.376625
-0.699369
-0.882122
-0.841866
-0.580311
-0.183303
0.211916
0.469069
0.504842
0.320646
0.002022
-0.314097
-0.491747
-0.447928
-0.184365
0.213089
0.607190
0.861664
0.893209
0.703252
0.377357
0.052486
-0.135362
-0.103148
0.147449
0.530628
0.909200
1.146953
1.160652
0.951794
0.606016
0.260360
0.050906
0.060779
0.288389
0.648024
1.002588