-0.098876
-0.149106
-0.168731
-0.140183
-0.064230
0.040278
0.143567
0.216274
0.240620
0.217164
0.164550
0.112346
0.089715
0.114237
0.185160
0.283654
0.379968
0.444768
0.460305
0.427172
0.364053
0.300557
0.265890
0.277681
0.335229
0.419754
0.501564
0.551378
0.551510
0.502612
0.423429
0.343635
0.292501
0.287719
0.328654
0.396594
0.461909
0.495385
0.479398
0.414668
0.319999
0.225127
0.159383
0.140517
0.167949
0.223019
0.276149
0.298174
0.271514
0.196931
0.093270
-0.009701
-0.082617
-0.107699
-0.085505
-0.034671
0.015239
0.035074
0.007263
-0.067429
-0.170157
-0.271153
-0.341063
-0.362120
-0.334895
-0.278048
-0.221162
-0.193420
-0.212422
-0.277437
-0.369659
-0.459363
-0.517238
-0.525564
-0.484964
-0.414148
-0.342758
-0.300031
-0.303627
-0.352877
-0.429035
-0.502441
-0.543848
-0.535602
-0.478390
-0.390988
-0.303102
-0.244037
-0.231515
-0.264932
-0.325605
-0.383934
-0.410731
-0.388400
-0.317684
-0.217412
-0.117343
-0.046826
-0.023632
-0.047196
-0.098876
-0.149106
-0.168731
-0.140183
-0.064230
0.040278
0.143567
0.216274
0.240620
0.217164
0.164550
0.112346
0.089715
0.114237
0.185160
0.283654
0.379968
0.444768
0.460305
0.427172
0.364053
0.300557
0.265890
0.277681
0.335229
0.419754
0.501564
0.551378
0.551510
0.502612
0.423429
0.343635
0.292501
0.287719
0.328654
0.396594
0.461909
0.495385
0.479398
0.414668
0.319999
0.225127
0.159383
0.140517
0.167949
0.223019
0.276149
0.298174
0.271514
0.196931
0.093270
-0.009701
-0.082617
-0.107699
-0.085505
-0.034671
0.015239
0.035074
0.007263
-0.067429
-0.170157
-0.271153
-0.341063
-0.362120
-0.334895
-0.278048
-0.221162
-0.193420
-0.212422
-0.277437
-0.369659
-0.459363
-0.517238
-0.525564
-0.484964
-0.414148
-0.342758
-0.300031
-0.303627
-0.352877
-0.429035
-0.502441
-0.543848
-0.535602
-0.478390
-0.390988
-0.303102
-0.244037
-0.231515
-0.264932
-0.325605
-0.383934
-0.410731
-0.388400
-0.317684
-0.217412
-0.117343
-0.046826
-0.023632
-0.047196
1.066764
0.725430
0.352978
0.085772
0.019029
0.170474
0.473602
0.803115
1.022820
1.037687
0.830196
0.467073
0.073851
-0.213022
-0.298254
-0.164047
0.123165
0.438145
0.644756
0.648023
0.430468
0.058859
-0.341237
-0.633347
-0.722157
-0.589853
-0.302866
0.013571
0.223315
0.231377
0.020263
-0.343287
-0.733737
-1.014651
-1.090761
-0.944303
-0.641762
-0.308434
-0.080528
-0.053105
-0.243735
-0.585759
-0.953727
-1.211291
-1.263273
-1.092008
-0.764076
-0.404875
-0.150715
-0.096761
-0.260688
-0.575942
-0.917178
-1.148155
-1.173800
-0.976550
-0.623089
-0.238915
0.039563
0.117084
-0.024120
-0.317585
-0.638052
-0.849360
-0.856516
-0.642029
-0.272652
0.126055
0.417626
0.506748
0.375607
0.090628
-0.222964
-0.429036
-0.432614
-0.216222
0.153379
0.550629
0.839068
0.923394
0.785813
0.492774
0.169536
-0.047731
-0.064010
0.138227
0.492275
0.872634
1.142911
1.207876
1.049811
0.735247
0.389526
0.148908
0.108503
0.285932
0.614589
0.969075
1.213098
1.251532
1.066764
0.725430
0.352978
0.085772
0.019029
0.170474
0.473602
0.803115
1.022820
1.037687
0.830196
0.467073
0.073851
-0.213022
-0.298254
-0.164047
0.123165
0.438145
0.644756
0.648023
0.430468
0.058859
-0.341237
-0.633347
-0.722157
-0.589853
-0.302866
0.013571
0.223315
0.231377
0.020263
-0.343287
-0.733737
-1.014651
-1.090761
-0.944303
-0.641762
-0.308434
-0.080528
-0.053105
-0.243735
-0.585759
-0.953727
-1.211291
-1.263273
-1.092008
-0.764076
-0.404875
-0.150715
-0.096761
-0.260688
-0.575942
-0.917178
-1.148155
-1.173800
-0.976550
-0.623089
-0.238915
0.039563
0.117084
-0.024120
-0.317585
-0.638052
-0.849360
-0.856516
-0.642029
-0.272652
0.126055
0.417626
0.506748
0.375607
0.090628
-0.222964
-0.429036
-0.432614
-0.216222
0.153379
0.550629
0.839068
0.923394
0.785813
0.492774
0.169536
-0.047731
-0.064010
0.138227
0.492275
0.872634
1.142911
1.207876
1.049811
0.735247
0.389526
0.148908
0.108503
0.285932
0.614589
0.969075
1.213098
1.251532