-0.018616
0.055632
0.129395
0.198546
0.259113
0.307888
0.342909
0.363653
0.370932
0.366531
0.352728
0.331871
0.306123
0.277436
0.247691
0.218892
0.193268
0.173186
0.160845
0.157836
0.164705
0.180686
0.203701
0.230672
0.258053
0.282439
0.301071
0.312113
0.314646
0.308433
0.293595
0.270337
0.238851
0.199427
0.152716
0.100018
0.043438
-0.014186
-0.069602
-0.119650
-0.161790
-0.194498
-0.217401
-0.231132
-0.236947
-0.236271
-0.230325
-0.219956
-0.205714
-0.188124
-0.168004
-0.146698
-0.126084
-0.108354
-0.095602
-0.089390
-0.090412
-0.098412
-0.112354
-0.130794
-0.152316
-0.175860
-0.200841
-0.227018
-0.254172
-0.281746
-0.308594
-0.332964
-0.352731
-0.365832
-0.370743
-0.366852
-0.354579
-0.335240
-0.310681
-0.282846
-0.253412
-0.223627
-0.194382
-0.166448
-0.140763
-0.118607
-0.101566
-0.091253
-0.088872
-0.094763
-0.108093
-0.126818
-0.147939
-0.167997
-0.183642
-0.192126
-0.191574
-0.180996
-0.160085
-0.128928
-0.087779
-0.037002
0.022789
0.090452
0.164038
0.240659
0.316613
0.387769
0.450155
0.500561
0.537022
0.559015
0.567350
0.563811
0.550676
0.530291
0.504819
0.476212
0.446351
0.417240
0.391109
0.370324
0.357085
0.352985
0.358570
0.373076
0.394427
0.419544
0.444886
0.467047
0.483273
0.491730
0.491499
0.482348
0.464401
0.437865
0.402936
0.359906
0.309432
0.252816
0.192166
0.130327
0.070552
0.016007
-0.030763
-0.068231
-0.096019
-0.114754
-0.125687
-0.130241
-0.129629
-0.124693
-0.115978
-0.104003
-0.089582
-0.074051
-0.059285
-0.047469
-0.040691
-0.040506
-0.047604
-0.061723
-0.081819
-0.106445
-0.134175
-0.163945
-0.195165
-0.227586
-0.260983
-0.294794
-0.327866
-0.358441
-0.384388
-0.403636
-0.414659
-0.416835
-0.410581
-0.397205
-0.378549
-0.356549
-0.332877
-0.308776
-0.285131
-0.262707
-0.242437
-0.225596
-0.213764
-0.208550
-0.211152
-0.221906
-0.239973
-0.263304
-0.288897
-0.313288
-0.333122
-0.345648
-0.348986
-0.342143
-0.324808
-0.297064
-0.259163
-0.211464
-0.154579
-0.089648
0.434300
0.342572
0.256886
0.181314
0.120741
0.080168
0.063449
0.071929
0.103494
0.152455
0.210386
0.267715
0.315582
0.347406
0.359694
0.351913
0.325581
0.282999
0.226159
0.156244
0.073894
-0.019929
-0.122884
-0.230523
-0.336263
-0.432213
-0.510625
-0.565525
-0.593977
-0.596545
-0.576805
-0.540100
-0.491974
-0.436857
-0.377431
-0.314842
-0.249614
-0.182821
-0.117008
-0.056437
-0.006510
0.027447
0.041611
0.034763
0.008643
-0.032573
-0.083501
-0.139040
-0.195570
-0.251458
-0.306696
-0.361863
-0.416842
-0.469842
-0.517122
-0.553588
-0.574060
-0.574781
-0.554604
-0.515436
-0.461784
-0.399556
-0.334574
-0.271319
-0.212342
-0.158502
-0.109854
-0.066787
-0.030865
-0.005005
0.007178
0.002628
-0.019723
-0.057910
-0.106693
-0.158265
-0.203726
-0.234842
-0.245557
-0.232777
-0.196270
-0.137804
-0.059964
0.034859
0.144885
0.268618
0.403950
0.547130
0.692081
0.830487
0.952753
1.049613
1.113932
1.142115
1.134691
1.095891
1.032409
0.951778
0.860924
0.765332
0.669032
0.575238
0.487256
0.409161
0.345841
0.302297
0.282390
0.287465
0.315412
0.360546
0.414444
0.467539
0.510975
0.538176
0.545652
0.532875
0.501369
0.453440
0.391084
0.315491
0.227305
0.127495
0.018407
-0.095504
-0.207650
-0.310132
-0.395197
-0.456863
-0.492189
-0.501731
-0.489059
-0.459508
-0.418616
-0.370806
-0.318752
-0.263592
-0.205844
-0.146574
-0.088320
-0.035337
0.006982
0.033317
0.039854
0.025380
-0.008356
-0.057171
-0.115675
-0.178756
-0.242791
-0.306137
-0.368779
-0.431288
-0.493541
-0.553740
-0.608135
-0.651626
-0.679027
-0.686573
-0.673111
-0.640542
-0.593364
-0.537481
-0.478707
-0.421518
-0.368460
-0.320384
-0.277341
-0.239712
-0.209059
-0.188291
-0.181020
-0.190295
-0.217182
-0.259710
-0.312634
-0.368145
-0.417337
-0.451973
-0.465994
-0.456302
-0.422663
-0.366841
-0.291420
-0.198786
-0.090720
0.031285
0.165125
0.307048
0.450979
0.588603
0.710325
0.806881
0.871136
0.899494
0.892484
0.854337
0.791747
0.712246
0.622757
0.528766