-0.172756
-0.082671
0.013024
0.087276
0.121290
0.111667
0.071664
0.026095
0.001814
0.017419
0.076115
0.164449
0.257417
0.327978
0.357352
0.342156
0.295671
0.242736
0.210234
0.216796
0.265661
0.343416
0.425100
0.483714
0.500527
0.472204
0.412080
0.345046
0.298041
0.289754
0.323482
0.385872
0.452023
0.494998
0.496127
0.452138
0.376427
0.293947
0.231697
0.208427
0.227493
0.275600
0.327902
0.357520
0.345833
0.289622
0.202329
0.108955
0.036542
0.003878
0.014358
0.054720
0.100148
0.123791
0.107052
0.046731
-0.043713
-0.139267
-0.212881
-0.245761
-0.234513
-0.192400
-0.144245
-0.116911
-0.129010
-0.183758
-0.267720
-0.355908
-0.421301
-0.445138
-0.424059
-0.371367
-0.311927
-0.272647
-0.272185
-0.313807
-0.384129
-0.458218
-0.509109
-0.518096
-0.481880
-0.413823
-0.338850
-0.283931
-0.267785
-0.293740
-0.348476
-0.407119
-0.442764
-0.436769
-0.385891
-0.303551
-0.214730
-0.146453
-0.117491
-0.131224
-0.174378
-0.222128
-0.247609
-0.232220
-0.172756
-0.082671
0.013024
0.087276
0.121290
0.111667
0.071664
0.026095
0.001814
0.017419
0.076115
0.164449
0.257417
0.327978
0.357352
0.342156
0.295671
0.242736
0.210234
0.216796
0.265661
0.343416
0.425100
0.483714
0.500527
0.472204
0.412080
0.345046
0.298041
0.289754
0.323482
0.385872
0.452023
0.494998
0.496127
0.452138
0.376427
0.293947
0.231697
0.208427
0.227493
0.275600
0.327902
0.357520
0.345833
0.289622
0.202329
0.108955
0.036542
0.003878
0.014358
0.054720
0.100148
0.123791
0.107052
0.046731
-0.043713
-0.139267
-0.212881
-0.245761
-0.234513
-0.192400
-0.144245
-0.116911
-0.129010
-0.183758
-0.267720
-0.355908
-0.421301
-0.445138
-0.424059
-0.371367
-0.311927
-0.272647
-0.272185
-0.313807
-0.384129
-0.458218
-0.509109
-0.518096
-0.481880
-0.413823
-0.338850
-0.283931
-0.267785
-0.293740
-0.348476
-0.407119
-0.442764
-0.436769
-0.385891
-0.303551
-0.214730
-0.146453
-0.117491
-0.131224
-0.174378
-0.222128
-0.247609
-0.232220
1.081460
0.887006
0.596225
0.315406
0.146094
0.146326
0.308490
0.562263
0.801502
0.924826
0.874380
0.657973
0.346143
0.045263
-0.143045
-0.160668
-0.015147
0.223260
0.448471
0.559161
0.497523
0.271411
-0.048597
-0.356098
-0.549443
-0.570499
-0.426793
-0.188577
0.038068
0.151812
0.094835
-0.125025
-0.437218
-0.735370
-0.917869
-0.926625
-0.769214
-0.515941
-0.272947
-0.141627
-0.179869
-0.379911
-0.671280
-0.947684
-1.107597
-1.093018
-0.911616
-0.633790
-0.365777
-0.209073
-0.221664
-0.395890
-0.661379
-0.911944
-1.046158
-1.006122
-0.799606
-0.497109
-0.204964
-0.024762
-0.014583
-0.166857
-0.411297
-0.641800
-0.757018
-0.699128
-0.475969
-0.158106
0.148066
0.340903
0.362274
0.219705
-0.016557
-0.240439
-0.350621
-0.289298
-0.064323
0.253731
0.558469
0.748252
0.764961
0.616141
0.372064
0.138833
0.017805
0.066829
0.278098
0.581095
0.869485
1.041691
1.039666
0.871027
0.606126
0.351147
0.207534
0.233222
0.420500
0.698944
0.962315
1.109136
1.081460
0.887006
0.596225
0.315406
0.146094
0.146326
0.308490
0.562263
0.801502
0.924826
0.874380
0.657973
0.346143
0.045263
-0.143045
-0.160668
-0.015147
0.223260
0.448471
0.559161
0.497523
0.271411
-0.048597
-0.356098
-0.549443
-0.570499
-0.426793
-0.188577
0.038068
0.151812
0.094835
-0.125025
-0.437218
-0.735370
-0.917869
-0.926625
-0.769214
-0.515941
-0.272947
-0.141627
-0.179869
-0.379911
-0.671280
-0.947684
-1.107597
-1.093018
-0.911616
-0.633790
-0.365777
-0.209073
-0.221664
-0.395890
-0.661379
-0.911944
-1.046158
-1.006122
-0.799606
-0.497109
-0.204964
-0.024762
-0.014583
-0.166857
-0.411297
-0.641800
-0.757018
-0.699128
-0.475969
-0.158106
0.148066
0.340903
0.362274
0.219705
-0.016557
-0.240439
-0.350621
-0.289298
-0.064323
0.253731
0.558469
0.748252
0.764961
0.616141
0.372064
0.138833
0.017805
0.066829
0.278098
0.581095
0.869485
1.041691
1.039666
0.871027
0.606126
0.351147
0.207534
0.233222
0.420500
0.698944
0.962315
1.109136