-0.014062
-0.007098
-0.003443
-0.003574
-0.005858
-0.001890
0.002904
-0.001391
-0.005362
0.004533
-0.004645
0.000863
0.008018
0.019448
0.027077
-0.013634
0.012470
0.020222
-0.012836
0.017009
-0.005259
-0.021989
0.013648
0.020970
0.019236
0.055535
0.069361
-0.026665
-0.055974
-0.048318
-0.063820
-0.046591
0.011548
0.008018
0.078833
0.097154
-0.025402
0.032604
-0.109921
-0.191815
0.029266
-0.039712
-0.067468
0.167200
0.071154
-0.112374
-0.030921
-0.200235
-0.163408
0.027203
-0.174826
-0.063506
0.099351
0.095290
0.055190
-0.065899
0.049165
0.052494
-0.182313
-0.093787
0.114839
0.107118
0.062276
0.159414
0.135094
0.028108
0.031740
-0.045087
-0.031372
0.007289
-0.040834
-0.057025
-0.029939
-0.012101
-0.054650
-0.036372
0.025453
0.027817
0.018172
0.029327
0.046028
0.025919
0.013169
0.028417
0.020777
0.002521
0.028444
0.039554
0.039157
0.033322
0.029517
0.038644
0.030179
0.002902
-0.001254
0.007537
-0.005773
-0.012146
-0.004275
0.006345
0.006790
-0.001021
-0.002188
-0.002611
-0.008846
-0.003371
-0.006819
0.001504
0.004031
-0.003459
0.009949
0.002633
-0.004755
0.009356
-0.004017
-0.001815
0.005593
0.010543
0.038303
0.011195
0.011169
0.007349
-0.009866
0.000315
-0.022681
0.026955
0.072142
-0.000069
-0.001488
0.045987
0.022720
-0.024751
0.024468
-0.024498
-0.012587
0.138633
-0.030401
0.010828
0.101528
-0.144222
-0.146291
-0.136660
-0.100683
0.084499
0.075841
0.033808
0.109191
0.033351
-0.036564
-0.012703
-0.212286
-0.166670
0.069549
-0.038666
0.027952
0.260445
0.261058
0.154819
0.051830
0.113656
0.041156
-0.082383
-0.055391
-0.028044
-0.028643
-0.039594
0.033332
-0.020279
-0.059492
-0.057535
-0.017711
0.062812
-0.042112
-0.014909
0.070906
0.019811
-0.047429
-0.002734
0.021124
-0.054367
-0.018302
0.026797
0.011102
0.014538
0.015503
0.005185
-0.003454
-0.015151
-0.027153
-0.030702
-0.032211
-0.028785
-0.020244
-0.013950
-0.019105
-0.024606
-0.024938
-0.024105
-0.034409
-0.033750
-0.019400
-0.018910
-0.024151
-0.018787
-0.015073
-0.019143
-0.019663
-0.022181
-0.017893
-0.006661
-0.020912
-0.018717
-0.018179
-0.020292
-0.002128
-0.017606
-0.000588
0.002883
-0.024801
-0.001964
-0.014828
-0.011387
-0.005805
-0.015945
0.031717
0.012115
0.017799
0.037921
0.032170
0.069438
0.043843
0.053264
0.077955
0.007665
-0.071179
-0.067720
-0.013621
-0.015045
-0.063357
-0.104389
-0.048317
-0.079210
-0.089937
-0.015567
0.055833
0.081871
-0.114573
-0.013048
-0.018768
-0.173202
-0.037930
-0.106749
-0.099248
-0.061444
-0.045491
-0.061640
0.066799
0.206244
0.054911
0.117433
0.195345
0.082575
-0.032762
0.055719
0.087387
-0.008840
-0.034191
-0.044643
-0.007370
-0.000261
0.031133
0.063020
0.042344
0.033643
0.014394
-0.043002
-0.066350
-0.036031
-0.039483
-0.037804
0.003473
0.032531
0.023884
0.040877
0.054055
0.036746
0.029017
0.035608
0.021351
0.003006
0.012170
0.014646
0.002136
-0.006393
0.005077
0.006520
-0.001510
-0.009412
-0.012591
-0.012828
-0.015439
-0.020103
-0.020083
-0.019628
-0.024516
-0.031309
-0.023401
-0.015666
-0.017902
0.002796
0.000517
-0.020808
-0.000596
-0.008804
-0.033180
0.011664
-0.005340
-0.029239
0.024247
-0.008310
-0.042681
0.000529
-0.032802
-0.048411
0.012666
-0.054373
0.016097
0.021484
-0.126643
0.047434
-0.010566
-0.101420
0.018125
-0.104067
-0.145988
0.043102
0.003603
-0.012412
0.166737
0.060658
-0.046435
-0.084790
-0.087521
-0.072420
-0.080245
-0.043269
-0.048030
-0.020553
-0.059488
-0.152813
-0.051224
0.001089
-0.074056
0.068161
0.173183
0.011402
-0.010083
0.047008
-0.038344
-0.025343
-0.080882
-0.016075
0.117182
-0.017868
0.001502
0.097651
0.062342
0.001632
0.014045
0.053965
0.021264
-0.023229
0.009599
0.048919
0.024543
0.063807
0.068548
0.046411
0.041028
0.040530
0.038525
0.023773
0.027740
0.019131
0.024614
0.040620
0.027950
0.013660
0.039080
0.035822
0.017680
0.029039
0.034276
0.023393
0.019124
0.020867
0.024292
0.020621
0.011718
0.015797
0.019477
0.020769
0.020636
0.011242
0.010914
0.014766
-0.001370
0.006769
0.014399
0.001128
0.000618
0.007479
0.009928
-0.002952
0.002834
0.000670
-0.022667
0.011809
0.011145
-0.035668
0.042318
0.030348
-0.050999
0.050975
-0.034881
-0.100499
0.024322
-0.100854
-0.004644
0.162084
0.022503
0.131203
0.079130
-0.081258
0.009112
-0.080636
0.026155
0.094968
0.133671
0.275258
0.090744
0.023970
0.045356
-0.069607
-0.068612
0.030546
0.025660
-0.001408
0.013787
0.045559
-0.088611
-0.041455
0.122961
-0.144734
-0.031575
0.065627
-0.041040
0.094789
0.010795
0.106037
0.050907
-0.094664
0.020087
-0.043007
-0.066921
-0.014778
-0.028584
0.029723
-0.015076
-0.100553
-0.041905
-0.006324
-0.058242
-0.085407
-0.064418
-0.034425
-0.030277
-0.061169
-0.009662
0.009724
-0.040923
-0.027929
-0.011532
-0.006508
-0.018021
-0.025414
-0.010926
-0.018907
-0.027259
-0.028610
-0.031167
-0.030301
-0.028684
-0.027634
-0.013145
-0.019865
-0.023953
-0.012372
-0.014855
-0.022445
-0.023391
-0.019436
-0.008482
-0.007507
-0.008923
0.002191
-0.001663
-0.013844
-0.018160
-0.002220
0.001300
0.000885
0.010504
-0.003478
-0.007580
-0.010516
-0.028899
-0.009597
-0.003181
-0.005076
0.018083
0.017052
-0.001384
0.027678
0.031718
-0.008937
0.087553
-0.027088
-0.076469
0.047589
-0.051895
0.033313
0.076775
0.034773
0.073550
0.036262
-0.032791
-0.125091
-0.104718
-0.083620
-0.087888
-0.020535
0.006649
0.044234
0.038742
-0.084064
-0.143798
-0.132557
-0.189138
-0.167838
-0.123188
-0.065079
0.108501
0.084033
0.033139
0.153081
0.037235
-0.032239
-0.012153
-0.120973
-0.034264
0.006122
0.038227
0.151553
0.118481
0.107788
0.057891
0.018152
0.041700
-0.009280
-0.005458
0.007920
0.002036
0.010716
0.001671
0.001153
-0.029148
-0.037547
0.021841
0.015004
0.002094
0.038483
0.030004
0.020435
0.041374
0.035317
0.025938
0.042987
0.042988
0.047791
0.054272
0.042692
0.036093
0.026140
0.017385
0.012652
0.004007
0.001603
0.000288
0.000361
0.006152
0.007238
0.000917
-0.006212
-0.008089
-0.008501
-0.013665
-0.008745
-0.006866
-0.005404
0.001561
0.001585
0.003784
0.014193
0.026024
-0.024340
-0.013863
-0.009394
-0.032110
0.021137
0.017813
0.010602
0.008760
-0.000372
-0.042368
0.000951
0.097837
0.020007
0.009173
0.044832
-0.047869
-0.018079
-0.018761
-0.020737
0.102908
0.029514
0.027288
0.022802
-0.133307
-0.030484
-0.028192
-0.236360
0.130274
0.184642
-0.186594
0.115328
0.036342
-0.078864
0.069131
-0.055675
-0.062893
0.056785
0.112159
-0.071488
0.071815
0.145801
-0.029351
0.004328
0.046805
0.101816
0.081530
0.081326
0.093011
0.048922
0.029957
0.035268
-0.024130
-0.107315
-0.090304
-0.036996
-0.028551
-0.009853
0.009328
0.042103
0.083521
0.006773
-0.015700
0.014311
-0.030760
-0.066181
-0.031073
-0.006930
-0.018676
0.004609
0.008242
0.001889
0.010150
0.004018
-0.019311
-0.023752
-0.017364
-0.023555
-0.031587
-0.036865
-0.035068
-0.037784
-0.033741
-0.030470
-0.031366
-0.025996
-0.022038
-0.030248
-0.032057
-0.026098
-0.030338
-0.033128
-0.029075
-0.034541
-0.030819
-0.020742
-0.020402
-0.012867
-0.021487
-0.018449
-0.025311
-0.045728
-0.011293
-0.005925
-0.037006
0.004072
-0.041320
-0.112657
-0.017369
-0.027589
0.001026
0.046878
0.012435
-0.015213
-0.063604
-0.012433
-0.059227
-0.083487
0.000102
-0.059511
0.012394
0.083901
-0.034513
0.084062
0.067604
-0.038600
0.084961
-0.007133
-0.055979
0.271188
0.156168
-0.058204
0.321226
0.178049
-0.089047
0.116300
0.007383
-0.091368
-0.043159
-0.111332
-0.235460
-0.143624
-0.024328
-0.108689
-0.034675
0.015167
0.054374
0.080221
0.020435
0.045147
0.037531
-0.005644
0.054167
0.095122
0.064427
0.098813
0.092417
0.045203
0.062145
0.032952
-0.016251
0.010935
-0.044741
-0.087045
-0.009273
-0.056806
-0.102862
-0.045026
-0.016958
-0.031049
-0.047179
-0.028496
-0.012881
-0.024664
-0.037150
-0.012948
-0.006246
-0.017370
-0.015669
-0.003472
0.004168
0.003561
-0.000427
0.000051
0.001336
-0.009981
-0.009495
-0.010135
-0.017909
-0.024346
-0.018345
-0.017227
-0.024682
-0.018911
-0.018128
-0.018996
-0.025815
-0.029394
-0.021732
-0.015393
-0.013085
-0.033824
-0.007644
0.008768
-0.031431
-0.024543
-0.046465
-0.042429
0.003588
-0.024533
0.030146
0.023125
-0.063450
0.027261
-0.081875
-0.044278
0.117576
-0.093319
0.037985
0.122979
-0.035575
0.003169
0.002623
0.018350
-0.068285
0.018660
0.060938
-0.044471
0.219697
0.180370
-0.008486
0.133267
0.043428
-0.127221
0.037003
0.010198
0.011547
0.170429
-0.018988
-0.073881
-0.055125
-0.140355
-0.096650
-0.098163
-0.105984
0.037958
0.092576
0.011076
-0.004849
-0.003793
0.005404
-0.063196
-0.023025
0.069657
-0.041776
-0.089160
-0.026055
-0.020267
-0.073072
-0.066630
-0.044021
-0.044545
-0.039990
-0.019990
-0.016177
-0.026184
-0.014192
-0.017360
-0.018260
-0.010847
-0.035673
-0.038340
-0.004863
-0.003475
-0.004541
0.000160
-0.003649
-0.009760
-0.018381
-0.008592
-0.005461
-0.013764
-0.010617
0.000306
0.003062
0.001226
0.000884
0.000449
0.004974
0.003355
0.001206
0.010123
0.008033
0.009363
0.014653
0.006600
0.006120
0.000572
0.007982
0.020911
0.010047
0.001589
-0.000517
-0.016724
-0.010289
0.010818
0.005348
0.044852
0.035285
-0.019476
-0.002962
-0.001908
0.013858
0.020977
0.040033
0.069506
-0.015881
-0.037514
0.004655
-0.023593
0.043341
0.086319
0.056375
0.064761
0.093667
0.073075
-0.065900
0.086003
0.126301
-0.074261
0.100531
0.092564
-0.077875
-0.132471
-0.063127
-0.062693
-0.156262
0.107712
0.030482
-0.103787
0.140398
0.018401
-0.161759
0.083115
0.090893
-0.141159
-0.019087
0.093833
-0.017576
-0.113293
-0.041905
0.015927
-0.060648
-0.019359
0.042489
0.033634
0.056316
0.044309
-0.001468
-0.000466
-0.009043
-0.069182
-0.072457
-0.040556
-0.041155
-0.038537
-0.008210
0.003944
-0.001785
0.002969
0.002830
-0.022619
-0.021674
-0.017691
-0.017014
-0.007656
-0.009464
-0.006008
0.005466
0.002145
-0.003765
0.003567
0.010515
0.007295
-0.001860
0.000045
0.004532
-0.004345
-0.010905
-0.005730
-0.003413
-0.001903
-0.002919
-0.003079
-0.001210
-0.001190
-0.004152
-0.007725
-0.006384
0.003642
0.000654
-0.005833
-0.000486
-0.008894
-0.021072
-0.009489
-0.003952
-0.012504
0.002822
0.001390
-0.014226
-0.006890
-0.003366
-0.009097
-0.003215
0.005643
0.001401
-0.000383
0.006252
0.007280
0.002138
0.001966
0.005155
0.001939
0.001192
0.002232
0.002464
0.001180
0.000564
0.000276
-0.000846
0.000577
-0.001254
-0.001953
-0.000489
-0.000245
-0.001021
-0.000273
0.002104
0.000876
0.001649
0.001839
0.001611
0.002815
0.002687
0.003306
0.003289
0.003133
0.002337
0.002589
0.002296
0.002688
0.002626
0.002580
0.002534
0.002295
0.001979
0.002014
0.001397
0.001260
0.000828
0.000701
0.000609
0.000833
0.000833
0.000864
0.000819
0.000672
0.000516
0.000544
0.000619
0.000698
0.000661
0.000627
0.000567
0.000580
0.000628
0.000681
0.000647
0.000490
0.000366
0.000408
0.000440
0.000502
0.000579
0.000539
0.000394
0.000322
0.000305
0.000285
0.000311
0.000351
0.000254
0.000171
0.000150
0.000111
0.000117
0.000106
0.000051
-0.000041
-0.000026
-0.000048
0.000013
0.000063
-0.000019
-0.000035
-0.000069
-0.000050
-0.000060
-0.000004
-0.000040
-0.000036
-0.000044
-0.000041
-0.003636
-0.027108
-0.006251
0.015229
0.011833
0.073959
-0.038319
-0.026962
0.034278
-0.020743
0.027791
-0.050425
-0.052059
0.061569
0.003767
0.042310
0.165810
0.160175
-0.107056
-0.141256
-0.134677
-0.135714
-0.072556
0.071530
0.068344
0.144505
0.274989
-0.091054
0.039586
-0.273029
-0.518994
0.112928
0.031065
-0.086249
0.340215
0.184213
-0.154225
-0.126174
-0.664844
-0.257709
0.387679
-0.580287
-0.072187
0.499545
0.151236
0.133652
-0.135450
0.088596
0.185856
-0.486319
-0.242717
0.358313
0.264662
0.226494
0.343012
0.207013
0.087783
0.006598
-0.304843
-0.015325
0.111733
-0.172155
-0.133577
-0.002882
-0.004226
-0.085697
-0.068908
0.064702
0.112536
0.021797
0.008320
0.111234
0.043824
0.026731
0.043360
0.012890
-0.000105
0.031862
0.041590
0.041843
0.016442
-0.018462
0.029648
0.042291
-0.016876
-0.032615
-0.026444
-0.053245
-0.033068
-0.026399
-0.017799
0.012251
0.007422
0.000591
0.004895
-0.008136
0.024531
0.019195
0.015886
0.019106
-0.007248
0.026204
0.008401
-0.017150
0.023929
-0.005337
-0.021231
0.008557
0.004891
0.108887
0.014084
-0.023544
0.013747
-0.030779
-0.003024
-0.076064
0.037757
0.224591
0.012842
-0.083923
0.047879
0.116063
-0.051059
-0.065215
-0.025977
-0.011787
0.287402
-0.111866
0.061729
0.262137
-0.494104
-0.281599
-0.240173
-0.351472
0.332734
0.418379
0.020990
0.098595
0.089437
-0.015469
-0.078333
-0.671229
-0.248171
0.362764
-0.233403
0.145119
0.796035
0.413379
0.235214
0.059521
0.131316
-0.022404
-0.338134
-0.130792
0.002808
-0.079994
-0.110615
0.190519
-0.081948
-0.211170
-0.059687
-0.044630
0.155077
-0.116114
0.011681
0.189286
0.021413
-0.049185
0.011331
-0.030099
-0.171872
0.025315
0.027753
-0.015593
0.042718
-0.010217
0.005544
0.013750
-0.020476
-0.086934
-0.109054
-0.106701
-0.052573
-0.025144
-0.048768
-0.028718
-0.014471
-0.005380
-0.003938
-0.037125
-0.029652
0.002967
-0.002265
-0.015582
-0.012521
-0.004600
0.004238
-0.004475
-0.027577
-0.025830
0.022501
-0.023024
-0.040343
-0.024916
-0.042417
0.025175
-0.025286
0.011394
0.052086
-0.062512
-0.011038
-0.007816
0.000046
0.008918
-0.071331
0.109940
0.084856
-0.007036
0.056903
0.081932
0.157573
0.030432
0.063664
0.215473
-0.006333
-0.278830
-0.193314
0.037909
0.009025
-0.112924
-0.248325
-0.077416
-0.146575
-0.204532
0.069325
0.116232
0.305977
-0.243497
-0.156479
0.049602
-0.352046
-0.043601
-0.315333
-0.030840
0.037747
-0.248728
-0.098169
0.319810
0.506065
0.026578
0.348683
0.342623
0.068586
-0.121812
0.061281
0.185037
-0.023229
-0.044723
-0.224275
-0.014224
0.086704
0.083801
0.134726
0.073943
0.121682
-0.007097
-0.143526
-0.123966
-0.053040
-0.110497
-0.063487
0.061105
0.064802
0.034481
0.057159
0.093402
0.052691
0.023346
0.013497
-0.000838
-0.017501
-0.014323
-0.029135
-0.059267
-0.061630
-0.023663
-0.013898
-0.028258
-0.043801
-0.046886
-0.028137
-0.010200
-0.018403
-0.013190
-0.015534
-0.028879
-0.038074
-0.024157
0.006515
-0.007092
0.043143
0.055248
-0.015704
-0.006086
0.011460
-0.033408
0.028125
-0.013723
-0.045522
0.078074
-0.047839
-0.090071
0.044950
-0.083742
-0.140423
0.110317
-0.099106
-0.023931
0.164480
-0.316682
0.067364
0.007181
-0.157672
0.127553
-0.341495
-0.311037
0.270285
0.006081
-0.076173
0.565700
0.091449
-0.161117
-0.235861
-0.269311
0.003739
-0.196470
-0.113051
0.131240
0.026123
-0.245116
-0.270400
0.018308
0.003065
-0.150000
0.279822
0.499077
-0.033921
-0.121675
0.164786
-0.093964
-0.066215
-0.188320
-0.012140
0.361878
-0.083081
0.019376
0.241245
0.041706
0.009527
0.072926
0.050255
0.037811
-0.044396
-0.075918
0.111557
0.065971
0.142486
0.122721
0.035067
0.089286
0.041226
0.023151
0.021286
0.043338
-0.002465
0.024205
0.057562
0.009481
-0.011781
0.035133
0.017981
-0.004199
0.022183
0.008598
0.016413
0.017321
0.008016
0.026592
0.015365
-0.011261
0.005169
0.018005
0.022894
0.016860
-0.002571
-0.002616
0.028613
-0.009698
-0.004114
0.018192
-0.008996
-0.010907
-0.013471
0.020243
0.005859
-0.018318
-0.005583
-0.021481
0.016892
0.028660
-0.062173
0.086133
0.083073
-0.140661
0.121373
-0.046443
-0.290745
0.099300
-0.216666
-0.043296
0.469954
0.034830
0.313325
0.156854
-0.398712
0.126023
-0.264547
-0.071630
0.422832
0.233537
0.560477
0.230806
-0.084793
-0.101251
-0.279912
-0.110798
0.134395
-0.083832
0.077897
0.108233
-0.115884
-0.170835
-0.069662
0.298164
-0.419906
-0.090613
0.287339
-0.255635
0.296457
-0.009102
0.187695
0.215135
-0.389047
-0.009308
-0.042332
-0.243807
-0.032776
-0.035505
0.072889
0.043195
-0.339453
-0.090719
0.111001
-0.161717
-0.157440
-0.133830
-0.068094
0.041576
-0.096313
0.045045
0.094077
-0.058121
-0.009891
0.019797
0.041769
0.003304
-0.050930
0.003494
0.018281
-0.008934
-0.055803
-0.044219
-0.017078
-0.027432
-0.041569
-0.025940
-0.021655
-0.011945
0.011169
-0.004364
-0.022865
-0.024372
-0.018147
0.011788
0.015797
-0.003399
0.009428
-0.002991
-0.011005
-0.028792
-0.009077
0.016443
0.011948
0.020930
-0.022568
-0.024788
-0.024682
-0.081329
-0.016584
0.022677
-0.014144
0.046608
0.062706
0.013406
0.011347
0.092858
-0.024539
0.196754
-0.037482
-0.244649
0.134819
-0.174562
0.136384
0.232270
-0.017923
0.190783
0.061345
-0.136437
-0.293913
-0.282732
-0.183194
-0.071541
0.017984
0.025948
0.176547
0.111439
-0.200849
-0.371683
-0.241684
-0.342640
-0.334473
-0.152032
-0.030936
0.396186
0.260746
0.031748
0.373044
0.055138
-0.134530
-0.003173
-0.356949
-0.025879
0.105769
0.062590
0.491546
0.288794
0.117226
0.100584
-0.049465
0.049098
-0.022102
-0.051066
0.033160
0.031785
0.060435
0.051731
-0.038741
-0.087758
-0.074323
0.036704
0.029436
-0.010935
0.078582
0.036697
0.052184
0.111788
0.012434
-0.009480
0.037376
0.017835
0.046900
0.032339
-0.009187
0.024297
0.015971
0.003940
-0.001834
-0.037444
-0.048100
-0.038859
-0.024444
-0.006679
-0.000840
-0.007934
-0.009055
-0.001152
0.001996
-0.004368
-0.002732
-0.002392
0.007189
0.028758
0.000585
0.022309
0.043763
0.092957
-0.045090
-0.069229
-0.008113
-0.069864
0.063582
0.024524
0.053810
0.019783
-0.068048
-0.092985
-0.002982
0.210244
0.076375
0.023370
0.032908
-0.175496
0.006983
-0.028446
-0.174343
0.332672
0.177704
-0.068111
0.008294
-0.278049
-0.126201
-0.038899
-0.530495
0.331364
0.624834
-0.511511
0.265089
-0.025689
-0.175590
0.382124
-0.430100
-0.095064
0.329556
0.114118
-0.200053
0.312554
0.222464
-0.193628
0.094333
-0.003789
0.225186
0.159779
0.091466
0.164440
0.054871
-0.000998
0.044507
-0.072780
-0.344391
-0.177069
-0.064855
-0.059994
0.036339
0.016993
0.113357
0.211676
-0.012805
-0.044353
-0.016048
-0.147573
-0.114294
-0.035809
-0.047165
-0.031448
0.029735
-0.010060
0.013444
0.044520
-0.034183
-0.079052
-0.067007
-0.028190
-0.024845
-0.058198
-0.080287
-0.054923
-0.042722
-0.043694
-0.036784
-0.040019
-0.021036
0.001381
-0.025437
-0.023092
0.000371
-0.008407
-0.020906
-0.025281
-0.046915
-0.040001
-0.014166
-0.021225
0.014614
-0.019745
-0.032507
-0.006732
-0.074961
-0.023387
0.033648
-0.039709
-0.001673
-0.055884
-0.248152
-0.021006
-0.059085
0.089783
0.220066
-0.058110
-0.004120
-0.110074
-0.088743
-0.102368
-0.099450
0.032438
-0.166432
0.046170
0.388081
-0.118605
0.046309
0.268484
-0.031503
0.079056
-0.065403
-0.083392
0.593889
0.300222
-0.131184
0.718610
0.144582
-0.291952
0.345493
-0.304470
-0.200650
0.095232
-0.482902
-0.539340
-0.156271
-0.005119
-0.203063
0.024925
0.017860
0.169547
0.202443
-0.020274
0.143518
0.031030
-0.105599
0.140439
0.266645
0.067657
0.146737
0.129113
0.025122
0.088724
-0.053389
-0.082252
0.012811
-0.177292
-0.170074
0.046217
-0.192742
-0.236747
-0.002487
-0.003625
-0.009455
-0.053338
-0.053509
0.044791
0.046958
-0.025738
0.034827
0.027837
-0.018095
0.018091
-0.007979
-0.002236
0.007156
-0.022434
-0.024577
-0.006701
-0.040833
-0.037778
-0.031414
-0.057360
-0.052494
-0.039640
-0.038423
-0.035877
-0.011698
-0.017585
-0.006311
-0.016225
-0.034720
0.000128
0.008119
0.015909
-0.046943
-0.021552
0.067271
-0.026189
-0.048303
-0.114264
-0.088092
0.082496
-0.042497
0.059446
0.168094
-0.193187
0.008083
-0.099539
-0.134045
0.344850
-0.233628
0.085772
0.333473
-0.164750
0.107870
-0.111347
-0.046099
0.035589
-0.040871
0.068123
-0.037899
0.473413
0.347392
-0.007022
0.235008
-0.052190
-0.411604
0.140824
0.009517
-0.059406
0.561511
-0.137816
-0.270390
-0.130356
-0.366748
-0.085581
-0.258322
-0.283831
0.308211
0.274847
-0.103275
0.070768
-0.033584
-0.102668
-0.097183
-0.028923
0.191719
-0.136727
-0.233364
-0.023931
-0.003240
-0.138869
-0.121731
-0.096997
-0.053217
0.019383
-0.045164
-0.050288
-0.017257
0.021975
0.030708
0.030396
0.008619
-0.073299
-0.044384
0.054774
0.067165
0.042113
0.015534
0.015284
0.037884
0.013533
-0.003839
-0.005594
-0.017199
-0.007401
0.008099
0.009397
0.002610
-0.002558
-0.002024
0.013766
0.017827
-0.001089
0.015187
0.014739
0.012115
0.028786
0.001089
-0.000595
-0.012244
0.002016
0.041718
0.011820
-0.032810
-0.026045
-0.042347
-0.051747
0.013184
0.014116
0.108739
0.086466
-0.079355
-0.021010
-0.040474
0.029996
0.097164
0.059968
0.159477
0.006540
-0.166950
-0.053936
-0.009598
0.153462
0.154356
0.075223
0.218895
0.093725
0.066369
-0.118489
0.077862
0.242706
-0.154192
0.232874
0.059987
-0.166203
-0.198629
-0.439129
-0.076377
-0.074474
0.165904
-0.040923
-0.035135
0.376834
-0.194087
-0.379027
0.348155
0.130160
-0.437694
0.132777
0.154704
-0.098311
-0.150844
-0.204993
0.062448
-0.026663
-0.048808
0.080225
0.083179
0.172971
0.081469
-0.049358
-0.004543
-0.008236
-0.183687
-0.136019
-0.040067
-0.046268
-0.036867
0.006315
0.053098
0.077561
0.045745
-0.009951
-0.026703
-0.013939
-0.039365
-0.020922
0.011878
-0.007366
-0.007218
0.010009
0.003093
-0.006712
0.005530
0.014411
0.012445
-0.005599
-0.006015
0.004118
-0.005809
-0.023014
-0.018466
-0.017630
-0.004230
-0.003826
-0.013146
-0.002361
-0.000243
-0.004179
-0.004255
-0.003347
0.013828
0.017328
0.000639
-0.007531
-0.025164
-0.033678
-0.016560
-0.003705
-0.006423
0.029472
0.004257
-0.033101
-0.001396
-0.013207
-0.023825
0.007791
0.015126
0.001831
0.008480
0.015378
0.012222
0.004975
0.001655
0.009787
0.004233
-0.000503
0.003907
0.000716
0.001716
0.002907
0.001466
0.001855
0.004045
-0.000442
-0.001574
0.002540
-0.001234
-0.004036
0.002475
0.006089
0.006638
0.007248
0.002879
-0.000428
0.003702
0.006960
0.005925
0.006532
0.005304
0.001329
0.000771
0.000444
-0.000296
-0.000451
-0.001704
-0.000727
-0.000224
0.000571
0.001595
0.001630
0.000685
0.000870
-0.000219
0.000169
0.001205
0.001272
0.001202
0.001034
0.000504
0.000771
0.001112
0.001261
0.001086
0.000898
0.000437
0.000355
0.000550
0.000893
0.001079
0.000816
0.000492
0.000194
0.000104
0.000362
0.000689
0.000825
0.000627
0.000243
0.000045
0.000006
0.000067
0.000192
0.000131
-0.000105
-0.000263
-0.000238
-0.000273
-0.000204
-0.000142
-0.000189
-0.000234
-0.000121
-0.000022
0.000153
0.000258
-0.000010
-0.000148
-0.000186
-0.000264
0.000009
0.000289
0.000087
-0.000129
-0.000279
-0.000541
-0.000418
-0.000137
-0.000090
-0.000086
-0.000076
-0.000186
-0.000165
-0.000118
-0.000059