-0.232570
-0.240500
-0.248990
-0.255943
-0.259288
-0.257162
-0.248014
-0.230674
-0.204382
-0.168810
-0.124103
-0.070933
-0.010554
0.055188
0.123893
0.192748
0.258737
0.318912
0.370667
0.411970
0.441512
0.458752
0.463878
0.457697
0.441515
0.417010
0.386143
0.351076
0.314100
0.277525
0.243545
0.214052
0.190451
0.173503
0.163237
0.158958
0.159364
0.162734
0.167157
0.170750
0.171828
0.169002
0.161213
0.147735
0.128160
0.102409
0.070765
0.033908
-0.007052
-0.050602
-0.094914
-0.138002
-0.177920
-0.212957
-0.241799
-0.263605
-0.278014
-0.285071
-0.285122
-0.278718
-0.266554
-0.249451
-0.228384
-0.204509
-0.179172
-0.153866
-0.130129
-0.109413
-0.092942
-0.081602
-0.075901
-0.075984
-0.081712
-0.092747
-0.108635
-0.128828
-0.152669
-0.179332
-0.207770
-0.236692
-0.264605
-0.289922
-0.311124
-0.326927
-0.336427
-0.339174
-0.335180
-0.324854
-0.308914
-0.288290
-0.264054
-0.237396
-0.209609
-0.182084
-0.156264
-0.133545
-0.115129
-0.101849
-0.094009
-0.091284
-0.092705
-0.096744
-0.101485
-0.104834
-0.104725
-0.099297
-0.087003
-0.066676
-0.037558
0.000675
0.047875
0.103368
0.165899
0.233619
0.304125
0.374604
0.442036
0.503474
0.556310
0.598512
0.628767
0.646537
0.652006
0.645983
0.629773
0.605055
0.573788
0.538137
0.500391
0.462865
0.427749
0.396938
0.371839
0.353214
0.341093
0.334785
0.332988
0.333983
0.335861
0.336744
0.334949
0.329087
0.318106
0.301279
0.278205
0.248807
0.213370
0.172581
0.127551
0.079799
0.031156
-0.016388
-0.060881
-0.100610
-0.134253
-0.160967
-0.180386
-0.192548
-0.197795
-0.196675
-0.189875
-0.178212
-0.162655
-0.144355
-0.124652
-0.105034
-0.087034
-0.072097
-0.061441
-0.055948
-0.056119
-0.062094
-0.073726
-0.090675
-0.112478
-0.138583
-0.168325
-0.200875
-0.235178
-0.269939
-0.303656
-0.334740
-0.361664
-0.383140
-0.398257
-0.406561
-0.408056
-0.403147
-0.392548
-0.377182
-0.358116
-0.336535
-0.313728
-0.291080
-0.270029
-0.251967
-0.238090
-0.229229
-0.225682
-0.227121
0.329589
0.270229
0.227386
0.203444
0.198598
0.210410
0.233950
0.262577
0.289127
0.307204
0.312179
0.301650
0.275278
0.234157
0.180010
0.114534
0.039160
-0.044735
-0.135304
-0.229661
-0.323598
-0.411780
-0.488448
-0.548441
-0.588230
-0.606601
-0.604769
-0.585883
-0.554084
-0.513459
-0.467229
-0.417426
-0.365128
-0.311089
-0.256481
-0.203398
-0.154913
-0.114621
-0.085831
-0.070711
-0.069710
-0.081486
-0.103371
-0.132213
-0.165284
-0.200917
-0.238639
-0.278770
-0.321645
-0.366782
-0.412333
-0.455050
-0.490817
-0.515572
-0.526310
-0.521817
-0.502890
-0.471983
-0.432435
-0.387575
-0.340037
-0.291515
-0.243014
-0.195435
-0.150209
-0.109656
-0.076864
-0.055055
-0.046630
-0.052215
-0.070054
-0.095994
-0.124089
-0.147679
-0.160582
-0.158069
-0.137348
-0.097479
-0.038866
0.037407
0.130070
0.237772
0.358766
0.490314
0.628128
0.766148
0.896855
1.012152
1.104591
1.168624
1.201495
1.203534
1.177773
1.129067
1.063008
0.985007
0.899787
0.811369
0.723422
0.639709
0.564312
0.501457
0.454891
0.427002
0.417989
0.425415
0.444360
0.468182
0.489725
0.502597
0.502174
0.486060
0.453920
0.406856
0.346594
0.274839
0.193029
0.102546
0.005243
-0.095987
-0.196929
-0.292241
-0.376155
-0.443507
-0.490758
-0.516687
-0.522502
-0.511344
-0.487347
-0.454589
-0.416285
-0.374458
-0.330178
-0.284192
-0.237662
-0.192677
-0.152301
-0.120120
-0.099436
-0.092407
-0.099477
-0.119295
-0.149183
-0.185984
-0.226962
-0.270440
-0.315938
-0.363769
-0.414260
-0.466921
-0.519898
-0.569935
-0.612909
-0.644749
-0.662445
-0.664776
-0.652532
-0.628161
-0.594994
-0.556355
-0.514871
-0.472231
-0.429433
-0.387374
-0.347477
-0.312060
-0.284203
-0.267125
-0.263221
-0.273114
-0.295043
-0.324850
-0.356588
-0.383590
-0.399673
-0.400103
-0.382087
-0.344682
-0.288288
-0.213988
-0.123050
-0.016823
0.102947
0.233523
0.370619
0.508175
0.638673
0.754015
0.846754
0.911341
0.945021
0.948121
0.923674
0.876533
0.812287
0.736348
0.653434
0.567565
0.482409
0.401723