-0.047344
-0.117158
-0.174951
-0.188824
-0.143559
-0.046479
0.075315
0.185254
0.251231
0.257825
0.212152
0.141112
0.081072
0.063943
0.104954
0.196799
0.312399
0.415207
0.473147
0.470827
0.415400
0.333803
0.262446
0.233285
0.261594
0.340121
0.441835
0.530248
0.573338
0.555773
0.484765
0.387314
0.299892
0.254518
0.266531
0.328741
0.414184
0.486435
0.513535
0.480216
0.393754
0.281207
0.179108
0.119533
0.117878
0.167006
0.240006
0.300502
0.316580
0.273018
0.177128
0.056010
-0.053773
-0.120112
-0.127585
-0.083305
-0.014167
0.043470
0.057704
0.013319
-0.082367
-0.202259
-0.309796
-0.372879
-0.376098
-0.326584
-0.251251
-0.186483
-0.164211
-0.199683
-0.285615
-0.394951
-0.491170
-0.542220
-0.532738
-0.469905
-0.380687
-0.301524
-0.264402
-0.284629
-0.354981
-0.448462
-0.528616
-0.563453
-0.537675
-0.458525
-0.353036
-0.257711
-0.204599
-0.209072
-0.263969
-0.342355
-0.407832
-0.428468
-0.389022
-0.296791
-0.178859
-0.071778
-0.007645
-0.001874
-0.047344
-0.117158
-0.174951
-0.188824
-0.143559
-0.046479
0.075315
0.185254
0.251231
0.257825
0.212152
0.141112
0.081072
0.063943
0.104954
0.196799
0.312399
0.415207
0.473147
0.470827
0.415400
0.333803
0.262446
0.233285
0.261594
0.340121
0.441835
0.530248
0.573338
0.555773
0.484765
0.387314
0.299892
0.254518
0.266531
0.328741
0.414184
0.486435
0.513535
0.480216
0.393754
0.281207
0.179108
0.119533
0.117878
0.167006
0.240006
0.300502
0.316580
0.273018
0.177128
0.056010
-0.053773
-0.120112
-0.127585
-0.083305
-0.014167
0.043470
0.057704
0.013319
-0.082367
-0.202259
-0.309796
-0.372879
-0.376098
-0.326584
-0.251251
-0.186483
-0.164211
-0.199683
-0.285615
-0.394951
-0.491170
-0.542220
-0.532738
-0.469905
-0.380687
-0.301524
-0.264402
-0.284629
-0.354981
-0.448462
-0.528616
-0.563453
-0.537675
-0.458525
-0.353036
-0.257711
-0.204599
-0.209072
-0.263969
-0.342355
-0.407832
-0.428468
-0.389022
-0.296791
-0.178859
-0.071778
-0.007645
-0.001874
0.980700
0.671088
0.351022
0.137015
0.104118
0.257285
0.529509
0.807448
0.974757
0.956568
0.748128
0.416664
0.075751
-0.158018
-0.209511
-0.073703
0.182468
0.445724
0.599777
0.569812
0.351122
0.010976
-0.337019
-0.576241
-0.631537
-0.497865
-0.242156
0.022312
0.179250
0.153829
-0.058675
-0.391019
-0.729625
-0.957907
-1.000758
-0.853184
-0.582172
-0.301056
-0.126196
-0.132490
-0.324735
-0.635771
-0.952103
-1.157234
-1.176146
-1.003942
-0.707703
-0.400867
-0.199892
-0.179779
-0.345433
-0.629794
-0.919476
-1.098085
-1.090709
-0.892553
-0.570803
-0.238995
-0.013687
0.030023
-0.112861
-0.375371
-0.644205
-0.803052
-0.777079
-0.561564
-0.223761
0.122730
0.361293
0.416779
0.284145
0.030318
-0.231434
-0.384829
-0.355054
-0.137403
0.200863
0.546141
0.781820
0.832762
0.693942
0.432312
0.161171
-0.003163
0.014168
0.217917
0.540878
0.869510
1.087266
1.119080
0.960003
0.677065
0.383650
0.196164
0.189556
0.368674
0.666410
0.969320
1.160962
1.166370
0.980700
0.671088
0.351022
0.137015
0.104118
0.257285
0.529509
0.807448
0.974757
0.956568
0.748128
0.416664
0.075751
-0.158018
-0.209511
-0.073703
0.182468
0.445724
0.599777
0.569812
0.351122
0.010976
-0.337019
-0.576241
-0.631537
-0.497865
-0.242156
0.022312
0.179250
0.153829
-0.058675
-0.391019
-0.729625
-0.957907
-1.000758
-0.853184
-0.582172
-0.301056
-0.126196
-0.132490
-0.324735
-0.635771
-0.952103
-1.157234
-1.176146
-1.003942
-0.707703
-0.400867
-0.199892
-0.179779
-0.345433
-0.629794
-0.919476
-1.098085
-1.090709
-0.892553
-0.570803
-0.238995
-0.013687
0.030023
-0.112861
-0.375371
-0.644205
-0.803052
-0.777079
-0.561564
-0.223761
0.122730
0.361293
0.416779
0.284145
0.030318
-0.231434
-0.384829
-0.355054
-0.137403
0.200863
0.546141
0.781820
0.832762
0.693942
0.432312
0.161171
-0.003163
0.014168
0.217917
0.540878
0.869510
1.087266
1.119080
0.960003
0.677065
0.383650
0.196164
0.189556
0.368674
0.666410
0.969320
1.160962
1.166370