-0.009824
-0.005886
-0.006387
-0.006965
-0.002370
0.004435
-0.001608
-0.005765
0.001329
-0.007354
0.003374
0.008605
0.021586
0.028995
-0.014109
0.014695
0.020022
-0.012983
0.018182
-0.007367
-0.021357
0.015809
0.020811
0.022352
0.065011
0.072702
-0.032182
-0.060641
-0.056522
-0.070240
-0.049585
0.013597
0.008501
0.094136
0.103634
-0.029256
0.040953
-0.134197
-0.207849
0.034070
-0.050803
-0.065004
0.190101
0.070760
-0.117428
-0.033132
-0.233757
-0.158127
0.032084
-0.204671
-0.050980
0.115696
0.108925
0.064514
-0.061761
0.061317
0.057182
-0.203941
-0.106363
0.133459
0.119400
0.065665
0.171988
0.152292
0.037807
0.030882
-0.048677
-0.035555
-0.001032
-0.053973
-0.065682
-0.029141
-0.012163
-0.053908
-0.034922
0.036908
0.035139
0.009486
0.025354
0.048576
0.020885
-0.000730
0.020877
0.033337
0.010596
0.023386
0.038846
0.037340
0.027174
0.026287
0.032661
0.027263
0.010535
0.004873
0.010125
-0.001172
-0.008806
-0.003850
0.005483
0.004295
-0.003398
-0.005397
-0.005293
-0.005408
-0.001116
-0.007861
0.003663
0.003460
-0.002603
0.011234
-0.000833
-0.006209
0.010769
-0.004654
-0.002259
0.005256
0.012967
0.042764
0.009196
0.011104
0.006526
-0.011556
-0.000427
-0.027188
0.031964
0.079974
-0.002229
-0.000843
0.050292
0.024812
-0.027883
0.024331
-0.030981
-0.005986
0.149514
-0.042912
0.023900
0.101922
-0.168629
-0.156366
-0.152994
-0.108507
0.103172
0.083772
0.035164
0.127281
0.030730
-0.041919
-0.016934
-0.244413
-0.170924
0.075983
-0.049611
0.043507
0.296837
0.285323
0.162581
0.056423
0.119785
0.034370
-0.096741
-0.069718
-0.033247
-0.037070
-0.043318
0.046464
-0.016123
-0.059770
-0.065631
-0.013345
0.060012
-0.056174
-0.009594
0.076394
0.017585
-0.049465
0.000873
0.020177
-0.049654
-0.021795
0.000960
0.001259
0.013242
0.014918
0.003876
-0.004547
-0.006706
-0.013151
-0.022162
-0.036306
-0.032327
-0.024405
-0.015477
-0.019807
-0.027771
-0.024204
-0.021271
-0.026448
-0.032314
-0.023425
-0.018768
-0.023886
-0.021377
-0.016610
-0.018863
-0.019061
-0.017226
-0.015384
-0.006010
-0.021927
-0.019946
-0.019153
-0.023604
-0.004667
-0.019492
0.004483
0.004112
-0.027340
-0.000606
-0.016007
-0.008669
-0.007096
-0.017235
0.037139
0.013844
0.021743
0.041281
0.038161
0.076432
0.045104
0.058035
0.083876
0.003020
-0.084435
-0.072920
-0.015650
-0.017590
-0.072571
-0.114287
-0.048408
-0.089631
-0.095497
-0.013710
0.070039
0.092262
-0.130579
-0.005499
-0.028312
-0.184646
-0.041759
-0.126034
-0.098084
-0.065020
-0.052012
-0.063201
0.096794
0.225809
0.060531
0.140878
0.210774
0.093704
-0.037759
0.063543
0.086939
-0.009731
-0.043841
-0.054385
0.009034
-0.008009
0.027209
0.070678
0.051044
0.039081
0.011563
-0.047546
-0.076382
-0.031376
-0.046413
-0.050294
0.003551
0.035546
0.019093
0.033530
0.053178
0.026107
0.025573
0.037016
0.023523
0.002405
0.006679
0.017086
0.005246
-0.004115
0.003099
0.007377
-0.001062
-0.010795
-0.012214
-0.016765
-0.013412
-0.013945
-0.016352
-0.020794
-0.023059
-0.027839
-0.024083
-0.016688
-0.020075
0.004118
0.001272
-0.021425
0.000287
-0.010464
-0.032149
0.014929
-0.008351
-0.030406
0.027204
-0.013884
-0.045479
0.002439
-0.039573
-0.049433
0.017322
-0.061515
0.025349
0.019748
-0.139032
0.059781
-0.018058
-0.103066
0.022128
-0.119835
-0.151132
0.057614
-0.001172
-0.004101
0.192483
0.056279
-0.048153
-0.096822
-0.097226
-0.077213
-0.089428
-0.047035
-0.045294
-0.011981
-0.073016
-0.161429
-0.038581
-0.001811
-0.078411
0.087545
0.190432
0.008038
-0.000041
0.046787
-0.047799
-0.021906
-0.095656
-0.006502
0.132191
-0.028587
-0.006327
0.111406
0.069467
0.000961
0.024127
0.055091
0.026498
-0.019430
0.005107
0.047367
0.029728
0.068541
0.065745
0.050687
0.039020
0.037165
0.037458
0.018066
0.026927
0.014878
0.022922
0.042729
0.030346
0.013555
0.038567
0.039135
0.016584
0.022362
0.030238
0.025112
0.015651
0.019333
0.025204
0.020770
0.016845
0.015543
0.016351
0.017192
0.018563
0.012829
0.011519
0.014133
-0.000411
0.010069
0.015722
0.001964
-0.000391
0.006670
0.011284
-0.004647
0.001781
-0.000871
-0.024391
0.014890
0.009621
-0.037744
0.050094
0.028176
-0.054832
0.057517
-0.048144
-0.106284
0.027684
-0.116669
0.008547
0.178554
0.022265
0.152968
0.074731
-0.092820
0.011040
-0.096965
0.031692
0.103758
0.150797
0.297673
0.093619
0.024191
0.038664
-0.085176
-0.073243
0.027184
0.017302
0.002718
0.010981
0.046158
-0.098445
-0.039446
0.132324
-0.167168
-0.021152
0.059175
-0.048748
0.103976
-0.004036
0.127343
0.050987
-0.111514
0.023122
-0.048483
-0.079969
-0.021579
-0.034913
0.029560
-0.016582
-0.105896
-0.024606
-0.006388
-0.061271
-0.083640
-0.072869
-0.022737
-0.034385
-0.073650
-0.004775
0.019049
-0.032999
-0.030433
-0.007667
-0.001960
-0.018401
-0.030030
-0.016681
-0.019024
-0.025108
-0.024185
-0.024558
-0.028199
-0.031792
-0.026990
-0.012981
-0.019253
-0.024840
-0.017628
-0.013281
-0.019420
-0.023238
-0.021081
-0.007619
-0.005108
-0.010779
-0.000612
-0.003516
-0.013936
-0.019416
-0.001903
0.001327
0.002270
0.015615
-0.003855
-0.009194
-0.012066
-0.032797
-0.009504
-0.003105
-0.005159
0.022281
0.019911
-0.001397
0.032515
0.032436
-0.009307
0.098445
-0.038804
-0.079145
0.051913
-0.060598
0.044898
0.081187
0.038152
0.082132
0.038013
-0.042753
-0.139170
-0.115353
-0.095922
-0.089046
-0.020273
0.010186
0.056374
0.042749
-0.094858
-0.157250
-0.140698
-0.213797
-0.177137
-0.128532
-0.063586
0.133834
0.091566
0.046998
0.178404
0.042217
-0.033403
-0.023997
-0.137963
-0.032531
0.007904
0.048368
0.174329
0.133973
0.126789
0.068443
0.020619
0.038243
-0.021770
-0.007815
0.007749
0.000185
0.011065
0.003485
0.009168
-0.023595
-0.047322
0.011625
0.005461
-0.005635
0.034092
0.021535
0.019111
0.046537
0.042345
0.034584
0.043683
0.039869
0.040343
0.043471
0.036680
0.032494
0.025706
0.019021
0.016446
0.011718
0.005782
0.000902
0.001142
0.002780
0.005058
0.001517
-0.006514
-0.006341
-0.004261
-0.011126
-0.006820
-0.005309
-0.006389
-0.000718
-0.001579
0.001673
0.015524
0.027730
-0.027605
-0.012935
-0.011692
-0.034072
0.024292
0.017476
0.012242
0.008250
-0.003176
-0.047428
0.006619
0.106731
0.018571
0.012979
0.045051
-0.054734
-0.015501
-0.026110
-0.021125
0.118855
0.029367
0.028609
0.021386
-0.149825
-0.029275
-0.038891
-0.260000
0.163371
0.189857
-0.200980
0.139727
0.022026
-0.074970
0.070736
-0.077022
-0.060367
0.071687
0.106498
-0.082258
0.097669
0.143938
-0.030260
0.010687
0.044654
0.110975
0.090149
0.081563
0.091557
0.064419
0.020779
0.031054
-0.017075
-0.123445
-0.103064
-0.046142
-0.029716
-0.016567
0.014233
0.054709
0.081432
0.010560
-0.015489
0.010120
-0.031372
-0.071473
-0.048401
-0.017428
-0.017078
0.007286
0.011279
-0.003863
0.011432
0.010717
-0.019158
-0.026469
-0.021655
-0.026084
-0.028244
-0.030601
-0.035532
-0.035011
-0.029664
-0.029612
-0.031577
-0.032274
-0.025078
-0.030105
-0.031493
-0.025128
-0.028866
-0.029101
-0.025665
-0.033618
-0.033004
-0.022495
-0.021292
-0.013014
-0.024204
-0.020887
-0.025981
-0.045838
-0.007407
-0.005326
-0.038889
0.006979
-0.048933
-0.121935
-0.016452
-0.031650
0.010390
0.054446
0.014411
-0.014170
-0.067548
-0.012974
-0.067577
-0.085543
-0.001311
-0.065407
0.024503
0.093175
-0.036943
0.100246
0.071198
-0.041709
0.096897
-0.020635
-0.055679
0.309672
0.148649
-0.056599
0.360128
0.167967
-0.093646
0.127960
-0.015339
-0.103167
-0.051096
-0.143961
-0.255371
-0.137525
-0.035904
-0.116997
-0.019829
0.015037
0.072528
0.091207
0.006675
0.046106
0.048176
-0.017755
0.051598
0.109744
0.058220
0.106021
0.104107
0.039343
0.049059
0.031506
-0.006980
0.011902
-0.047902
-0.090990
-0.003871
-0.045807
-0.098819
-0.047715
-0.018746
-0.031621
-0.048660
-0.031122
-0.021868
-0.028661
-0.037735
-0.016124
-0.005489
-0.018240
-0.018078
-0.002738
0.003495
-0.002733
-0.001567
0.001352
-0.000053
-0.008090
-0.009409
-0.008325
-0.013814
-0.022409
-0.019723
-0.019079
-0.024074
-0.019203
-0.019117
-0.018753
-0.024907
-0.027791
-0.019924
-0.012074
-0.011247
-0.036124
-0.005341
0.011129
-0.033970
-0.026206
-0.051947
-0.044777
0.005548
-0.026520
0.036966
0.023427
-0.070419
0.030684
-0.094941
-0.039449
0.125372
-0.109406
0.053327
0.130809
-0.039112
0.008830
-0.001687
0.019623
-0.070853
0.023148
0.056902
-0.038743
0.247084
0.186338
-0.002308
0.145300
0.028586
-0.139166
0.050997
-0.008222
0.020982
0.184074
-0.044897
-0.066567
-0.062746
-0.163636
-0.106112
-0.108699
-0.113735
0.050978
0.106743
0.000070
-0.002082
0.007261
0.002157
-0.075847
-0.020147
0.069142
-0.051928
-0.091164
-0.038770
-0.027461
-0.075603
-0.061461
-0.033243
-0.039427
-0.044210
-0.022641
-0.002908
-0.018839
-0.013167
-0.016309
-0.014795
-0.000768
-0.028112
-0.041479
-0.012281
-0.000051
-0.006064
-0.004082
-0.000690
-0.008718
-0.016286
-0.006591
-0.001382
-0.009301
-0.009984
-0.001787
0.002465
-0.000699
-0.000819
0.001952
0.004082
0.003544
0.000375
0.007168
0.006985
0.007918
0.013001
0.005327
0.005486
0.001746
0.010382
0.021126
0.009707
0.000812
-0.001235
-0.018299
-0.011353
0.010924
0.006550
0.051178
0.035942
-0.021863
-0.003452
-0.003973
0.015572
0.022882
0.045651
0.073322
-0.020665
-0.042403
0.003520
-0.022382
0.052231
0.089986
0.060562
0.073610
0.099777
0.073968
-0.074876
0.097119
0.127160
-0.080905
0.113561
0.085963
-0.086706
-0.149845
-0.076178
-0.070372
-0.160789
0.118284
0.025726
-0.093251
0.152177
0.003978
-0.171381
0.103507
0.084394
-0.153210
-0.012567
0.083904
-0.013075
-0.125035
-0.054931
0.026507
-0.062822
-0.026356
0.050013
0.056740
0.059100
0.042414
0.009054
0.000177
-0.008465
-0.067770
-0.081427
-0.051040
-0.036517
-0.041569
-0.014706
0.010565
0.003592
0.000088
0.001573
-0.013428
-0.023326
-0.022560
-0.014488
-0.007415
-0.010425
-0.010105
0.005841
0.003511
-0.004785
0.002097
0.008518
0.005567
-0.002350
-0.000179
0.001042
-0.001420
-0.005166
-0.004631
-0.002570
-0.000516
-0.002608
-0.004680
-0.003261
-0.003265
-0.004268
-0.006143
-0.004247
0.005559
0.000796
-0.004416
-0.001765
-0.011532
-0.022063
-0.010891
-0.005816
-0.012721
0.004365
0.001099
-0.014617
-0.005667
-0.003967
-0.010118
-0.002385
0.005345
0.001379
0.000523
0.007111
0.008095
0.003535
0.003238
0.005375
0.002695
0.000765
0.002534
0.002501
0.001267
0.001556
0.001318
0.000349
0.001552
-0.000400
-0.002306
-0.000681
-0.000734
-0.002242
-0.000197
0.001996
0.000951
0.000983
0.002891
0.000951
0.001959
0.003655
0.002679
0.003101
0.003019
0.002307
0.002075
0.002445
0.002177
0.002808
0.002424
0.002470
0.002178
0.002336
0.002298
0.001795
0.001249
0.001094
0.000568
0.000589
0.000589
0.000759
0.000794
0.000923
0.000627
0.000605
0.000733
0.000720
0.000660
0.000724
0.000594
0.000521
0.000559
0.000599
0.000576
0.000541
0.000439
0.000315
0.000370
0.000456
0.000503
0.000554
0.000542
0.000382
0.000303
0.000308
0.000324
0.000382
0.000408
0.000296
0.000163
0.000092
0.000078
0.000121
0.000132
0.000033
-0.000013
-0.000037
-0.000091
-0.000017
0.000034
-0.000087
-0.000099
-0.000048
-0.000165
-0.000097
0.000018
-0.000052
-0.000113
-0.000057
-0.000140
-0.000100
-0.009773
-0.005357
-0.033106
0.006247
0.003088
0.029358
0.054770
-0.058429
0.014096
0.015702
-0.024069
0.039686
-0.071172
-0.028502
0.061992
0.007738
0.052105
0.180339
0.111187
-0.155631
-0.113634
-0.121801
-0.123671
-0.051300
0.098466
0.036229
0.218214
0.176838
-0.126350
0.083795
-0.412373
-0.374359
0.219407
-0.100130
-0.021223
0.424545
0.025558
-0.207276
-0.108831
-0.695168
-0.022392
0.250500
-0.636680
0.154582
0.416793
0.141230
0.042114
-0.142985
0.231160
0.039296
-0.552091
-0.042896
0.394739
0.183818
0.194751
0.367102
0.159884
0.065911
-0.045689
-0.263142
0.038539
0.032654
-0.169594
-0.104230
-0.001394
0.009125
-0.097958
-0.047895
0.112077
0.071126
-0.021038
0.030802
0.102572
0.050675
0.020225
0.038383
0.056318
-0.001402
0.009050
0.025545
0.038147
0.003720
-0.016235
0.030729
0.043835
-0.004207
-0.017408
-0.029805
-0.052690
-0.030771
-0.027786
-0.022839
0.013564
0.010810
-0.001640
0.001469
0.003489
0.033034
0.008433
0.020896
0.013009
0.000099
0.023787
-0.009462
-0.007989
0.029882
-0.020101
-0.004495
0.003647
0.025640
0.101104
-0.020434
0.000790
-0.003167
-0.027002
-0.005954
-0.076911
0.106619
0.188508
-0.056145
-0.041211
0.086366
0.068138
-0.089936
0.005335
-0.078300
0.067291
0.281008
-0.229414
0.203938
0.139991
-0.557583
-0.182899
-0.281054
-0.199248
0.399040
0.268207
0.004164
0.160940
0.008795
-0.017365
-0.134477
-0.682873
-0.027706
0.315204
-0.305494
0.304287
0.762813
0.342487
0.134825
0.044271
0.208594
-0.132509
-0.322278
-0.053611
0.004156
-0.130752
-0.041230
0.195392
-0.169137
-0.161739
-0.089440
0.041525
0.113715
-0.189118
0.122575
0.185799
-0.030087
-0.042050
0.067513
-0.078327
-0.170883
0.046065
-0.017046
-0.019183
0.045128
0.028834
-0.006987
-0.005077
0.012336
-0.071511
-0.118859
-0.124122
-0.045557
-0.023520
-0.048068
-0.027759
-0.005071
0.005046
-0.016645
-0.020503
-0.024518
-0.015250
-0.004193
-0.013253
-0.007206
-0.009432
0.003424
-0.000418
-0.026365
-0.019093
0.015193
-0.038189
-0.031123
-0.033860
-0.029188
0.026584
-0.034490
0.038707
0.022485
-0.063324
0.011308
-0.027924
0.013630
-0.020433
-0.041708
0.133619
0.032460
0.019535
0.057084
0.094534
0.148486
0.000958
0.107839
0.183656
-0.082189
-0.278406
-0.118362
0.054819
-0.025822
-0.157726
-0.219498
-0.027082
-0.209228
-0.139063
0.079785
0.184094
0.211210
-0.359957
0.045499
-0.091557
-0.318818
-0.001603
-0.330842
0.034681
-0.053190
-0.180197
-0.091518
0.432400
0.412743
-0.031636
0.415845
0.309994
0.004027
-0.151810
0.176341
0.129427
-0.058825
-0.081686
-0.188745
0.048391
0.032249
0.101480
0.117008
0.086178
0.099617
-0.047822
-0.126979
-0.112400
-0.011513
-0.114528
-0.071865
0.076127
0.067298
0.012503
0.043936
0.104917
0.038005
0.018202
0.029893
0.005166
-0.017719
-0.023349
-0.017506
-0.059300
-0.057586
-0.031518
-0.018402
-0.019838
-0.047283
-0.038478
-0.027507
-0.004404
-0.007071
-0.003737
-0.023383
-0.028720
-0.032928
-0.021576
-0.005260
-0.005651
0.060259
0.031758
-0.025115
0.020054
-0.005462
-0.034094
0.048732
-0.045095
-0.026954
0.084965
-0.085660
-0.069090
0.053292
-0.124872
-0.086135
0.109042
-0.161878
0.095152
0.036698
-0.313903
0.200556
-0.126402
-0.096490
0.109370
-0.404282
-0.191067
0.316647
-0.111497
0.047729
0.549463
-0.048257
-0.160973
-0.256942
-0.163963
-0.034112
-0.199137
-0.036854
0.091377
-0.009092
-0.274527
-0.245302
0.095301
-0.038422
-0.139162
0.389297
0.427342
-0.185327
-0.010073
0.158999
-0.157175
-0.027803
-0.206932
0.113547
0.293400
-0.176363
0.086420
0.242343
0.015454
-0.008816
0.106411
0.053370
0.018368
-0.065230
-0.024760
0.087396
0.044654
0.189635
0.078909
0.031206
0.088724
0.042723
0.003537
0.019848
0.049189
-0.002728
0.041207
0.047924
0.014583
-0.006764
0.015343
0.020018
-0.000530
0.011268
0.015618
0.024095
0.022056
0.009012
0.024964
0.016529
-0.002951
-0.003185
0.016448
0.021173
0.018384
-0.003569
-0.000900
0.027876
-0.013523
0.015415
0.013547
-0.016648
-0.011444
-0.003719
0.020167
-0.007693
-0.006332
-0.010333
-0.025094
0.046489
-0.000516
-0.064938
0.144118
0.005766
-0.130434
0.179812
-0.174955
-0.200434
0.122879
-0.302891
0.148505
0.404841
-0.038659
0.397168
-0.031873
-0.308705
0.135734
-0.319500
0.130045
0.316841
0.305735
0.534309
0.039352
-0.045792
-0.092413
-0.288308
-0.037987
0.134563
-0.088529
0.080827
0.062417
-0.088990
-0.247964
0.080258
0.242877
-0.542961
0.151841
0.116130
-0.170760
0.293248
-0.080523
0.348857
-0.009402
-0.321856
0.083146
-0.148755
-0.187147
-0.044512
-0.024069
0.113310
-0.071054
-0.285648
0.022391
0.037752
-0.188468
-0.136628
-0.126308
-0.022888
-0.005426
-0.086868
0.091320
0.077494
-0.061764
-0.024110
0.031953
0.028496
-0.003639
-0.047306
-0.006462
0.029775
-0.020365
-0.044869
-0.035336
-0.028894
-0.027774
-0.047100
-0.023382
-0.017793
-0.015122
0.002914
0.003877
-0.019330
-0.018474
-0.023718
0.007684
0.020679
-0.007708
-0.000202
-0.003163
-0.016669
-0.026188
0.006377
0.010139
0.020991
0.017000
-0.040071
-0.016793
-0.032377
-0.078135
0.007254
0.006084
-0.001023
0.057245
0.046937
-0.006379
0.050929
0.059916
-0.015355
0.237842
-0.186139
-0.129941
0.131025
-0.201355
0.228010
0.140974
0.018546
0.177729
0.012892
-0.170817
-0.313298
-0.205011
-0.161041
-0.058739
0.026417
0.043743
0.176235
0.043986
-0.272338
-0.328360
-0.204720
-0.370372
-0.258964
-0.133179
0.046648
0.421536
0.126300
0.088541
0.377832
-0.061893
-0.083759
-0.060528
-0.322179
0.070780
0.053912
0.146547
0.466352
0.203044
0.138641
0.037115
-0.036227
0.046427
-0.060474
-0.004186
0.040114
0.034338
0.056414
0.037579
-0.029321
-0.102598
-0.073273
0.036515
-0.001177
0.016508
0.079582
0.028956
0.075243
0.112392
0.021242
-0.009529
0.023892
0.013724
0.023434
0.021425
0.001108
0.029558
0.024537
0.005422
0.008408
-0.026577
-0.053667
-0.045750
-0.027763
-0.006740
0.003752
-0.004654
-0.002971
0.003655
0.005824
-0.000747
-0.000987
-0.010085
0.010149
0.019254
0.004156
0.025674
0.054528
0.078546
-0.081156
-0.022031
-0.029173
-0.055439
0.075493
0.009326
0.049705
-0.003318
-0.059277
-0.106279
0.068599
0.218858
-0.004652
0.051535
0.013325
-0.191096
0.051836
-0.089827
-0.068648
0.358260
0.040893
-0.012157
-0.041338
-0.316063
0.006772
-0.152573
-0.513281
0.658788
0.290480
-0.541807
0.464824
-0.215241
-0.023914
0.249727
-0.411478
0.016640
0.323079
0.050626
-0.239970
0.443047
0.102597
-0.185895
0.098334
0.046223
0.245676
0.084685
0.130552
0.124314
0.032987
0.018261
0.038999
-0.127101
-0.308972
-0.145405
-0.070345
-0.020048
-0.000938
0.037487
0.167368
0.141107
-0.025318
-0.018329
-0.032093
-0.149874
-0.102341
-0.026295
-0.054685
-0.008577
0.040617
-0.016968
-0.009308
0.043902
-0.019765
-0.091433
-0.063842
-0.024170
-0.014360
-0.055124
-0.069960
-0.049711
-0.048815
-0.041730
-0.036467
-0.041526
-0.027136
-0.003438
-0.020291
-0.008630
-0.000337
-0.011875
-0.013641
-0.024344
-0.057212
-0.037644
-0.017386
-0.021699
0.011910
-0.033118
-0.015388
-0.017700
-0.072871
0.007794
0.012095
-0.054758
0.029879
-0.129967
-0.224486
0.039147
-0.076471
0.144628
0.147951
-0.051650
-0.026423
-0.121666
-0.037590
-0.148907
-0.061087
0.043351
-0.194213
0.169880
0.282477
-0.175485
0.195693
0.155373
-0.052205
0.142397
-0.151268
0.019674
0.720046
0.035611
-0.060837
0.861041
-0.114911
-0.227138
0.364700
-0.365368
-0.135893
0.014115
-0.481925
-0.512582
-0.043730
-0.022172
-0.224098
0.071141
0.028963
0.203709
0.115373
-0.011889
0.159459
0.021221
-0.072377
0.166753
0.244617
0.057772
0.136494
0.099820
0.027362
0.033905
-0.053838
-0.020420
-0.014669
-0.200433
-0.121416
0.055942
-0.214534
-0.205244
0.007405
-0.009827
-0.022085
-0.055238
-0.025095
0.033166
0.021544
0.002544
0.051247
0.008717
-0.013969
0.012710
-0.012343
-0.006230
-0.002099
-0.024768
-0.015689
-0.014638
-0.034027
-0.023347
-0.038531
-0.057528
-0.047332
-0.041264
-0.040183
-0.027028
-0.012062
-0.020939
-0.005761
-0.017376
-0.025953
-0.003008
0.010897
0.009853
-0.058205
0.014926
0.045249
-0.049304
-0.036251
-0.127098
-0.039219
0.075059
-0.067243
0.127239
0.069943
-0.193343
0.083978
-0.224682
0.031916
0.287967
-0.335264
0.281150
0.200807
-0.174079
0.103415
-0.107333
0.019976
-0.072287
0.074431
0.015960
-0.012550
0.596331
0.166094
-0.026191
0.296194
-0.170805
-0.356503
0.248308
-0.107079
0.087005
0.485831
-0.293290
-0.173998
-0.166503
-0.323543
-0.090512
-0.255185
-0.177131
0.333245
0.190255
-0.132522
0.080174
-0.019568
-0.075969
-0.149754
0.055420
0.178810
-0.241772
-0.184658
0.022950
-0.049349
-0.149989
-0.060923
-0.084908
-0.055417
-0.007795
-0.051739
-0.012387
-0.024740
0.012558
0.045364
0.027357
0.014776
-0.071662
-0.053956
0.040720
0.063890
0.042078
0.014395
0.013530
0.037786
0.017121
-0.014819
-0.001551
-0.016060
-0.017057
0.005890
0.007712
0.009291
-0.002461
-0.009393
0.014381
0.017866
-0.001442
0.019780
0.006992
0.013370
0.028230
-0.006656
0.001515
-0.011274
0.011327
0.038313
-0.000671
-0.029631
-0.024009
-0.054653
-0.028623
0.023378
0.015962
0.129670
0.034676
-0.082629
-0.000928
-0.034408
0.055040
0.068521
0.086573
0.145841
-0.075949
-0.123053
-0.019620
-0.011432
0.187446
0.123898
0.087533
0.188389
0.103747
0.031417
-0.172724
0.250213
0.128696
-0.186082
0.333941
-0.041887
-0.190006
-0.271046
-0.271610
-0.095707
-0.107177
0.296565
-0.168285
0.019236
0.394638
-0.333079
-0.295062
0.481444
-0.032501
-0.428819
0.235732
0.116222
-0.144263
-0.214126
-0.090948
0.078358
-0.093805
0.008114
0.084583
0.110426
0.131032
0.034788
-0.027536
0.011079
-0.030313
-0.188930
-0.100247
-0.055703
-0.041094
-0.019757
-0.016424
0.061337
0.090772
0.024739
-0.018375
-0.007933
-0.017298
-0.051136
-0.013681
0.017101
0.000007
-0.025112
0.016070
0.006426
-0.014761
0.002672
0.010250
0.013348
-0.002241
-0.003776
0.004099
-0.002507
-0.019048
-0.019010
-0.021172
-0.006226
-0.004801
-0.017525
-0.004332
0.004658
-0.000200
-0.002362
-0.000469
0.020983
0.011201
-0.003127
-0.009622
-0.029696
-0.036255
-0.007007
-0.003768
-0.006781
0.034700
-0.008162
-0.031440
0.003740
-0.015988
-0.021137
0.011898
0.015167
-0.000483
0.008527
0.017649
0.010834
0.001522
0.002912
0.009152
0.001184
0.000524
0.001651
0.001530
0.003119
0.003215
0.002499
0.002929
0.004187
-0.001655
-0.001088
0.000027
-0.002909
-0.002090
0.002837
0.005806
0.006276
0.007368
0.002305
-0.001490
0.004460
0.006955
0.004942
0.006263
0.005385
0.000917
0.000352
0.000924
0.000148
-0.001173
-0.001781
-0.000585
-0.000270
0.000688
0.002045
0.001521
0.001335
0.001055
0.000115
0.000475
0.001331
0.000838
0.000848
0.000846
0.000507
0.000814
0.001270
0.001335
0.001317
0.000948
0.000404
0.000333
0.000562
0.000840
0.001039
0.000729
0.000338
0.000148
0.000241
0.000430
0.000659
0.000708
0.000443
0.000114
0.000087
0.000121
0.000180
0.000217
0.000162
-0.000134
-0.000251
-0.000199
-0.000195
-0.000144
-0.000141
-0.000230
-0.000205
-0.000086
-0.000048
0.000244
0.000238
-0.000080
-0.000149
-0.000187
-0.000271
0.000051
0.000285
-0.000026
-0.000177
-0.000296
-0.000525
-0.000353
-0.000061
-0.000102
-0.000131
-0.000112
-0.000162
-0.000146
-0.000050