-0.153262
-0.100920
-0.039831
0.016278
0.055662
0.073009
0.071423
0.061207
0.055887
0.067007
0.099681
0.150605
0.209283
0.261997
0.297018
0.309048
0.301214
0.283843
0.270490
0.272729
0.295711
0.336169
0.383648
0.424476
0.446969
0.445880
0.424386
0.392870
0.364941
0.352231
0.359951
0.384893
0.416664
0.441654
0.448240
0.431239
0.393892
0.346643
0.303163
0.275147
0.267863
0.278166
0.295719
0.306968
0.300346
0.270719
0.221380
0.162819
0.108754
0.070919
0.054622
0.056755
0.067011
0.071865
0.059775
0.025631
-0.027258
-0.088387
-0.144030
-0.182445
-0.198321
-0.194770
-0.182103
-0.173855
-0.181580
-0.210408
-0.257049
-0.311023
-0.358633
-0.388167
-0.394351
-0.380334
-0.356469
-0.336334
-0.331532
-0.347240
-0.380221
-0.420050
-0.453084
-0.467669
-0.458591
-0.429058
-0.389485
-0.353511
-0.332803
-0.332599
-0.349727
-0.373823
-0.391306
-0.390585
-0.366503
-0.322331
-0.268540
-0.218826
-0.184908
-0.172079
-0.177215
-0.189999
-0.196896
-0.186356
-0.153262
-0.100920
-0.039831
0.016278
0.055662
0.073009
0.071423
0.061207
0.055887
0.067007
0.099681
0.150605
0.209283
0.261997
0.297018
0.309048
0.301214
0.283843
0.270490
0.272729
0.295711
0.336169
0.383648
0.424476
0.446969
0.445880
0.424386
0.392870
0.364941
0.352231
0.359951
0.384893
0.416664
0.441654
0.448240
0.431239
0.393892
0.346643
0.303163
0.275147
0.267863
0.278166
0.295719
0.306968
0.300346
0.270719
0.221380
0.162819
0.108754
0.070919
0.054622
0.056755
0.067011
0.071865
0.059775
0.025631
-0.027258
-0.088387
-0.144030
-0.182445
-0.198321
-0.194770
-0.182103
-0.173855
-0.181580
-0.210408
-0.257049
-0.311023
-0.358633
-0.388167
-0.394351
-0.380334
-0.356469
-0.336334
-0.331532
-0.347240
-0.380221
-0.420050
-0.453084
-0.467669
-0.458591
-0.429058
-0.389485
-0.353511
-0.332803
-0.332599
-0.349727
-0.373823
-0.391306
-0.390585
-0.366503
-0.322331
-0.268540
-0.218826
-0.184908
-0.172079
-0.177215
-0.189999
-0.196896
-0.186356
1.041011
0.788502
0.478350
0.223825
0.116008
0.189026
0.407044
0.677987
0.888740
0.948394
0.823013
0.548636
0.217564
-0.056853
-0.183454
-0.128038
0.073630
0.329538
0.526631
0.574055
0.437920
0.154310
-0.184439
-0.464947
-0.596028
-0.543464
-0.343009
-0.086669
0.112499
0.163631
0.032825
-0.243857
-0.574108
-0.844579
-0.964125
-0.898574
-0.683730
-0.411656
-0.195472
-0.126108
-0.237539
-0.493779
-0.802602
-1.050742
-1.147145
-1.057728
-0.818389
-0.521290
-0.279648
-0.184493
-0.269903
-0.499995
-0.782644
-1.004690
-1.075180
-0.960134
-0.695552
-0.373694
-0.107875
0.010778
-0.051904
-0.260129
-0.521857
-0.724012
-0.775718
-0.643070
-0.362137
-0.025244
0.254234
0.385117
0.333188
0.134197
-0.119854
-0.315918
-0.363144
-0.227644
0.054501
0.390962
0.668366
0.795541
0.738283
0.532365
0.269815
0.063714
0.004953
0.127466
0.395222
0.715949
0.976337
1.085280
1.008647
0.782287
0.498308
0.269878
0.187973
0.286619
0.529882
0.825583
1.060512
1.143665
1.041011
0.788502
0.478350
0.223825
0.116008
0.189026
0.407044
0.677987
0.888740
0.948394
0.823013
0.548636
0.217564
-0.056853
-0.183454
-0.128038
0.073630
0.329538
0.526631
0.574055
0.437920
0.154310
-0.184439
-0.464947
-0.596028
-0.543464
-0.343009
-0.086669
0.112499
0.163631
0.032825
-0.243857
-0.574108
-0.844579
-0.964125
-0.898574
-0.683730
-0.411656
-0.195472
-0.126108
-0.237539
-0.493779
-0.802602
-1.050742
-1.147145
-1.057728
-0.818389
-0.521290
-0.279648
-0.184493
-0.269903
-0.499995
-0.782644
-1.004690
-1.075180
-0.960134
-0.695552
-0.373694
-0.107875
0.010778
-0.051904
-0.260129
-0.521857
-0.724012
-0.775718
-0.643070
-0.362137
-0.025244
0.254234
0.385117
0.333188
0.134197
-0.119854
-0.315918
-0.363144
-0.227644
0.054501
0.390962
0.668366
0.795541
0.738283
0.532365
0.269815
0.063714
0.004953
0.127466
0.395222
0.715949
0.976337
1.085280
1.008647
0.782287
0.498308
0.269878
0.187973
0.286619
0.529882
0.825583
1.060512
1.143665