0.477278
0.515468
0.536064
0.539821
0.528769
0.505602
0.473083
0.433668
0.389426
0.342229
0.294062
0.247268
0.204558
0.168723
0.142119
0.126081
0.120494
0.123670
0.132633
0.143716
0.153308
0.158526
0.157606
0.149925
0.135701
0.115520
0.089899
0.059062
0.023017
-0.018116
-0.063677
-0.112139
-0.161052
-0.207315
-0.247725
-0.279631
-0.301462
-0.312974
-0.315115
-0.309577
-0.298199
-0.282437
-0.263096
-0.240388
-0.214296
-0.185059
-0.153588
-0.121625
-0.091565
-0.066003
-0.047153
-0.036357
-0.033861
-0.038930
-0.050253
-0.066479
-0.086668
-0.110489
-0.138083
-0.169659
-0.204968
-0.242897
-0.281333
-0.317390
-0.347940
-0.370272
-0.382665
-0.384687
-0.377131
-0.361632
-0.340126
-0.314352
-0.285584
-0.254660
-0.222275
-0.189376
-0.157461
-0.128616
-0.105225
-0.089422
-0.082457
-0.084196
-0.092944
-0.105654
-0.118493
-0.127567
-0.129590
-0.122314
-0.104604
-0.076213
-0.037385
0.011495
0.070060
0.137833
0.213886
0.296424
0.382514
0.468107
0.548432
0.618667
0.674729
0.713936
0.735352
0.739733
0.729109
0.706170
0.673683
0.634101
0.589495
0.541735
0.492810
0.445061
0.401201
0.364022
0.335880
0.318114
0.310609
0.311680
0.318353
0.326961
0.333898
0.336283
0.332354
0.321492
0.303917
0.280220
0.250920
0.216245
0.176207
0.130930
0.081078
0.028182
-0.025304
-0.076273
-0.121520
-0.158386
-0.185297
-0.202004
-0.209449
-0.209320
-0.203449
-0.193289
-0.179636
-0.162700
-0.142455
-0.119137
-0.093651
-0.067730
-0.043767
-0.024348
-0.011683
-0.007106
-0.010859
-0.022199
-0.039809
-0.062333
-0.088824
-0.118945
-0.152832
-0.190684
-0.232250
-0.276408
-0.321040
-0.363254
-0.399916
-0.428308
-0.446705
-0.454667
-0.452982
-0.443279
-0.427488
-0.407344
-0.384114
-0.358630
-0.331583
-0.303914
-0.277116
-0.253270
-0.234754
-0.223699
-0.221349
-0.227567
-0.240651
-0.257552
-0.274433
-0.287394
-0.293147
-0.289439
-0.275132
-0.249975
-0.214211
-0.168220
-0.112367
-0.047125
0.026579
0.106953
0.191065
0.274871
0.353598
0.422428
0.477278
0.515468
0.536064
0.539821
0.528769
0.505602
0.473083
0.433668
0.389426
0.342229
0.294062
0.247268
0.204558
0.168723
0.142119
0.126081
0.120494
0.123670
0.132633
0.143716
0.153308
0.158526
0.157606
0.149925
0.135701
0.115520
0.089899
0.059062
0.023017
-0.018116
-0.063677
-0.112139
-0.161052
-0.207315
-0.247725
-0.279631
-0.301462
-0.312974
-0.315115
-0.309577
-0.298199
-0.282437
-0.263096
-0.240388
-0.214296
-0.185059
-0.153588
-0.121625
-0.091565
-0.066003
-0.047153
-0.036357
-0.033861
-0.038930
-0.050253
-0.066479
-0.086668
-0.110489
-0.138083
-0.169659
-0.204968
-0.242897
-0.281333
-0.317390
-0.347940
-0.370272
-0.382665
-0.384687
-0.377131
-0.361632
-0.340126
-0.314352
-0.285584
-0.254660
-0.222275
-0.189376
-0.157461
-0.128616
-0.105225
-0.089422
-0.082457
-0.084196
-0.092944
-0.105654
-0.118493
-0.127567
-0.129590
-0.122314
-0.104604
-0.076213
-0.037385
0.011495
0.070060
0.137833
0.213886
0.296424
0.382514
0.468107
0.548432
0.618667
0.674729
0.713936
0.735352
0.739733
0.729109
0.706170
0.673683
0.634101
0.589495
0.541735
0.492810
0.445061
0.401201
0.364022
0.335880
0.318114
0.310609
0.311680
0.318353
0.326961
0.333898
0.336283
0.332354
0.321492
0.303917
0.280220
0.250920
0.216245
0.176207
0.130930
0.081078
0.028182
-0.025304
-0.076273
-0.121520
-0.158386
-0.185297
-0.202004
-0.209449
-0.209320
-0.203449
-0.193289
-0.179636
-0.162700
-0.142455
-0.119137
-0.093651
-0.067730
-0.043767
-0.024348
-0.011683
-0.007106
-0.010859
-0.022199
-0.039809
-0.062333
-0.088824
-0.118945
-0.152832
-0.190684
-0.232250
-0.276408
-0.321040
-0.363254
-0.399916
-0.428308
-0.446705
-0.454667
-0.452982
-0.443279
-0.427488
-0.407344
-0.384114
-0.358630
-0.331583
-0.303914
-0.277116
-0.253270
-0.234754
-0.223699
-0.221349
-0.227567
-0.240651
-0.257552
-0.274433
-0.287394
-0.293147
-0.289439
-0.275132
-0.249975
-0.214211
-0.168220
-0.112367
-0.047125
0.026579
0.106953
0.191065
0.274871
0.353598
0.422428