-0.075957
-0.084217
-0.010315
0.127005
0.284538
0.411089
0.466988
0.439215
0.346332
0.231367
0.145349
0.127786
0.191549
0.317931
0.463774
0.577927
0.620771
0.579334
0.472235
0.342558
0.241388
0.208294
0.256209
0.366488
0.496036
0.593766
0.620125
0.562206
0.438692
0.292732
0.175477
0.126557
0.158968
0.254128
0.368999
0.452555
0.465297
0.394371
0.258514
0.100921
-0.027210
-0.086206
-0.063031
0.023769
0.131189
0.208233
0.215426
0.139939
0.000523
-0.159610
-0.289252
-0.348726
-0.324992
-0.236600
-0.126559
-0.045879
-0.034045
-0.103908
-0.236737
-0.389346
-0.510559
-0.560729
-0.526855
-0.427526
-0.305795
-0.212717
-0.187828
-0.244028
-0.362641
-0.500537
-0.606598
-0.641237
-0.591515
-0.476083
-0.338057
-0.228556
-0.187182
-0.226899
-0.329097
-0.450711
-0.540686
-0.559500
-0.494275
-0.363723
-0.211021
-0.087345
-0.032354
-0.059065
-0.148919
-0.258900
-0.338000
-0.346737
-0.272276
-0.133363
0.026789
0.156977
0.217517
0.195368
0.109072
0.001631
-0.075957
-0.084217
-0.010315
0.127005
0.284538
0.411089
0.466988
0.439215
0.346332
0.231367
0.145349
0.127786
0.191549
0.317931
0.463774
0.577927
0.620771
0.579334
0.472235
0.342558
0.241388
0.208294
0.256209
0.366488
0.496036
0.593766
0.620125
0.562206
0.438692
0.292732
0.175477
0.126557
0.158968
0.254128
0.368999
0.452555
0.465297
0.394371
0.258514
0.100921
-0.027210
-0.086206
-0.063031
0.023769
0.131189
0.208233
0.215426
0.139939
0.000523
-0.159610
-0.289252
-0.348726
-0.324992
-0.236600
-0.126559
-0.045879
-0.034045
-0.103908
-0.236737
-0.389346
-0.510559
-0.560729
-0.526855
-0.427526
-0.305795
-0.212717
-0.187828
-0.244028
-0.362641
-0.500537
-0.606598
-0.641237
-0.591515
-0.476083
-0.338057
-0.228556
-0.187182
-0.226899
-0.329097
-0.450711
-0.540686
-0.559500
-0.494275
-0.363723
-0.211021
-0.087345
-0.032354
-0.059065
-0.148919
-0.258900
-0.338000
-0.346737
-0.272276
-0.133363
0.026789
0.156977
0.217517
0.195368
0.109072
0.001631
1.054414
1.297978
1.275356
0.993153
0.556230
0.127658
-0.133553
-0.133173
0.122280
0.528051
0.921191
1.142832
1.098898
0.796080
0.339320
-0.108233
-0.387495
-0.404162
-0.164688
0.226236
0.605722
0.814953
0.759903
0.447307
-0.017855
-0.472400
-0.757217
-0.777980
-0.541126
-0.151336
0.228505
0.439579
0.387855
0.080053
-0.378866
-0.825743
-1.101497
-1.111840
-0.863248
-0.460448
-0.066377
0.160092
0.124864
-0.165404
-0.605819
-1.033298
-1.288834
-1.278219
-1.008013
-0.583027
-0.166287
0.083244
0.071383
-0.195307
-0.612026
-1.015785
-1.247670
-1.213566
-0.920126
-0.472254
-0.033065
0.238391
0.247841
0.001766
-0.395116
-0.779893
-0.993728
-0.942576
-0.633158
-0.170440
0.282405
0.566270
0.586836
0.350539
-0.037941
-0.415726
-0.624006
-0.568759
-0.256720
0.207133
0.659622
0.941643
0.958884
0.717794
0.323070
-0.062383
-0.279725
-0.234899
0.065401
0.516244
0.954503
1.221131
1.221875
0.963250
0.550023
0.145171
-0.092389
-0.068520
0.210166
0.638824
1.054414
1.297978
1.275356
0.993153
0.556230
0.127658
-0.133553
-0.133173
0.122280
0.528051
0.921191
1.142832
1.098898
0.796080
0.339320
-0.108233
-0.387495
-0.404162
-0.164688
0.226236
0.605722
0.814953
0.759903
0.447307
-0.017855
-0.472400
-0.757217
-0.777980
-0.541126
-0.151336
0.228505
0.439579
0.387855
0.080053
-0.378866
-0.825743
-1.101497
-1.111840
-0.863248
-0.460448
-0.066377
0.160092
0.124864
-0.165404
-0.605819
-1.033298
-1.288834
-1.278219
-1.008013
-0.583027
-0.166287
0.083244
0.071383
-0.195307
-0.612026
-1.015785
-1.247670
-1.213566
-0.920126
-0.472254
-0.033065
0.238391
0.247841
0.001766
-0.395116
-0.779893
-0.993728
-0.942576
-0.633158
-0.170440
0.282405
0.566270
0.586836
0.350539
-0.037941
-0.415726
-0.624006
-0.568759
-0.256720
0.207133
0.659622
0.941643
0.958884
0.717794
0.323070
-0.062383
-0.279725
-0.234899
0.065401
0.516244
0.954503
1.221131
1.221875
0.963250
0.550023
0.145171
-0.092389
-0.068520
0.210166
0.638824