0.507396
0.590314
0.567364
0.453304
0.297198
0.163652
0.108118
0.155696
0.291529
0.466470
0.615836
0.684115
0.646155
0.516774
0.345097
0.195791
0.124370
0.155996
0.275877
0.434927
0.568527
0.621226
0.567935
0.423532
0.237200
0.073665
-0.011503
0.006912
0.114171
0.261237
0.383539
0.425669
0.362581
0.209192
0.014720
-0.156078
-0.247602
-0.234610
-0.131822
0.011744
0.131531
0.172140
0.108532
-0.044374
-0.237363
-0.405683
-0.493744
-0.476317
-0.368141
-0.218254
-0.091238
-0.042521
-0.097174
-0.240314
-0.422762
-0.579810
-0.655912
-0.625886
-0.504520
-0.340906
-0.199679
-0.136321
-0.175964
-0.303784
-0.470661
-0.611948
-0.672163
-0.626186
-0.488868
-0.309363
-0.152369
-0.073433
-0.097744
-0.210541
-0.362764
-0.489822
-0.536290
-0.477103
-0.327162
-0.135673
0.032619
0.122124
0.107609
0.003799
-0.140284
-0.260080
-0.300192
-0.235581
-0.081169
0.113820
0.284627
0.375653
0.361658
0.257365
0.111799
-0.010475
-0.054050
0.006127
0.155150
0.343818
0.507396
0.590314
0.567364
0.453304
0.297198
0.163652
0.108118
0.155696
0.291529
0.466470
0.615836
0.684115
0.646155
0.516774
0.345097
0.195791
0.124370
0.155996
0.275877
0.434927
0.568527
0.621226
0.567935
0.423532
0.237200
0.073665
-0.011503
0.006912
0.114171
0.261237
0.383539
0.425669
0.362581
0.209192
0.014720
-0.156078
-0.247602
-0.234610
-0.131822
0.011744
0.131531
0.172140
0.108532
-0.044374
-0.237363
-0.405683
-0.493744
-0.476317
-0.368141
-0.218254
-0.091238
-0.042521
-0.097174
-0.240314
-0.422762
-0.579810
-0.655912
-0.625886
-0.504520
-0.340906
-0.199679
-0.136321
-0.175964
-0.303784
-0.470661
-0.611948
-0.672163
-0.626186
-0.488868
-0.309363
-0.152369
-0.073433
-0.097744
-0.210541
-0.362764
-0.489822
-0.536290
-0.477103
-0.327162
-0.135673
0.032619
0.122124
0.107609
0.003799
-0.140284
-0.260080
-0.300192
-0.235581
-0.081169
0.113820
0.284627
0.375653
0.361658
0.257365
0.111799
-0.010475
-0.054050
0.006127
0.155150
0.343818
0.665274
0.518517
0.320322
0.151124
0.079682
0.136803
0.303561
0.518511
0.701155
0.782679
0.732237
0.568728
0.353583
0.167304
0.078717
0.118697
0.268386
0.466406
0.632325
0.697395
0.630836
0.451610
0.221212
0.020200
-0.082538
-0.056073
0.080790
0.266725
0.421347
0.475953
0.399804
0.211899
-0.026232
-0.233999
-0.342490
-0.320752
-0.187571
-0.004260
0.148809
0.202937
0.127386
-0.058843
-0.294231
-0.498198
-0.601846
-0.574241
-0.434193
-0.243041
-0.081190
-0.017371
-0.082361
-0.257203
-0.480421
-0.671482
-0.761541
-0.719716
-0.564874
-0.358413
-0.180797
-0.100820
-0.149324
-0.307414
-0.513682
-0.687662
-0.760576
-0.701610
-0.529699
-0.306307
-0.111966
-0.015536
-0.047923
-0.190296
-0.381310
-0.540559
-0.599321
-0.526840
-0.342104
-0.106627
0.099011
0.205906
0.183109
0.049414
-0.133867
-0.286359
-0.339369
-0.262161
-0.073743
0.164358
0.371550
0.478922
0.455526
0.320157
0.134133
-0.022160
-0.080013
-0.008672
0.172879
0.403139
0.601548
0.699230
0.665274
0.518517
0.320322
0.151124
0.079682
0.136803
0.303561
0.518511
0.701155
0.782679
0.732237
0.568728
0.353583
0.167304
0.078717
0.118697
0.268386
0.466406
0.632325
0.697395
0.630836
0.451610
0.221212
0.020200
-0.082538
-0.056073
0.080790
0.266725
0.421347
0.475953
0.399804
0.211899
-0.026232
-0.233999
-0.342490
-0.320752
-0.187571
-0.004260
0.148809
0.202937
0.127386
-0.058843
-0.294231
-0.498198
-0.601846
-0.574241
-0.434193
-0.243041
-0.081190
-0.017371
-0.082361
-0.257203
-0.480421
-0.671482
-0.761541
-0.719716
-0.564874
-0.358413
-0.180797
-0.100820
-0.149324
-0.307414
-0.513682
-0.687662
-0.760576
-0.701610
-0.529699
-0.306307
-0.111966
-0.015536
-0.047923
-0.190296
-0.381310
-0.540559
-0.599321
-0.526840
-0.342104
-0.106627
0.099011
0.205906
0.183109
0.049414
-0.133867
-0.286359
-0.339369
-0.262161
-0.073743
0.164358
0.371550
0.478922
0.455526
0.320157
0.134133
-0.022160
-0.080013
-0.008672
0.172879
0.403139
0.601548
0.699230