0.315736
0.472349
0.554173
0.536491
0.432151
0.286637
0.160668
0.106991
0.150211
0.277377
0.442919
0.586035
0.653913
0.621891
0.502875
0.342405
0.201261
0.132248
0.160032
0.271725
0.421814
0.549562
0.602215
0.555172
0.421399
0.246494
0.091292
0.008656
0.023305
0.122401
0.260484
0.376862
0.418826
0.361819
0.218845
0.035537
-0.127234
-0.216577
-0.207747
-0.113557
0.020551
0.133900
0.173795
0.115686
-0.027420
-0.209887
-0.370848
-0.457421
-0.444869
-0.346022
-0.206339
-0.086520
-0.039285
-0.089213
-0.223329
-0.396034
-0.546498
-0.621880
-0.597488
-0.486199
-0.333522
-0.200205
-0.139024
-0.174613
-0.294053
-0.451802
-0.587091
-0.647137
-0.607310
-0.480547
-0.312417
-0.163732
-0.087326
-0.107895
-0.212577
-0.355890
-0.477122
-0.523545
-0.470582
-0.331223
-0.151087
0.008968
0.096062
0.085458
-0.010023
-0.144934
-0.258595
-0.298311
-0.239531
-0.095265
0.088846
0.251930
0.341093
0.331592
0.236242
0.100490
-0.014981
-0.057468
-0.002409
0.137200
0.315736
0.472349
0.554173
0.536491
0.432151
0.286637
0.160668
0.106991
0.150211
0.277377
0.442919
0.586035
0.653913
0.621891
0.502875
0.342405
0.201261
0.132248
0.160032
0.271725
0.421814
0.549562
0.602215
0.555172
0.421399
0.246494
0.091292
0.008656
0.023305
0.122401
0.260484
0.376862
0.418826
0.361819
0.218845
0.035537
-0.127234
-0.216577
-0.207747
-0.113557
0.020551
0.133900
0.173795
0.115686
-0.027420
-0.209887
-0.370848
-0.457421
-0.444869
-0.346022
-0.206339
-0.086520
-0.039285
-0.089213
-0.223329
-0.396034
-0.546498
-0.621880
-0.597488
-0.486199
-0.333522
-0.200205
-0.139024
-0.174613
-0.294053
-0.451802
-0.587091
-0.647137
-0.607310
-0.480547
-0.312417
-0.163732
-0.087326
-0.107895
-0.212577
-0.355890
-0.477122
-0.523545
-0.470582
-0.331223
-0.151087
0.008968
0.096062
0.085458
-0.010023
-0.144934
-0.258595
-0.298311
-0.239531
-0.095265
0.088846
0.251930
0.341093
0.331592
0.236242
0.100490
-0.014981
-0.057468
-0.002409
0.137200
0.560468
0.351848
0.168239
0.083795
0.134148
0.302783
0.527337
0.723409
0.816798
0.771836
0.605016
0.378694
0.177278
0.074992
0.107537
0.258469
0.465494
0.644283
0.720700
0.659146
0.476178
0.234217
0.017732
-0.098994
-0.080202
0.057718
0.252525
0.419935
0.485858
0.414736
0.223166
-0.026398
-0.249459
-0.371706
-0.357358
-0.222788
-0.030226
0.136056
0.201972
0.131964
-0.057378
-0.303606
-0.522236
-0.638976
-0.618067
-0.475907
-0.274755
-0.098919
-0.022521
-0.081163
-0.258295
-0.491522
-0.696409
-0.798718
-0.762748
-0.604956
-0.387663
-0.195239
-0.101875
-0.143235
-0.302843
-0.518368
-0.705448
-0.789915
-0.736137
-0.560642
-0.325821
-0.116113
-0.005777
-0.030545
-0.174005
-0.373891
-0.545902
-0.615929
-0.548398
-0.359892
-0.112851
0.108236
0.229066
0.213864
0.079007
-0.113276
-0.278711
-0.343218
-0.271242
-0.079385
0.169899
0.392114
0.512951
0.496637
0.359551
0.163932
-0.005934
-0.075947
-0.010533
0.173734
0.414429
0.627089
0.737445
0.709763
0.560468
0.351848
0.168239
0.083795
0.134148
0.302783
0.527337
0.723409
0.816798
0.771836
0.605016
0.378694
0.177278
0.074992
0.107537
0.258469
0.465494
0.644283
0.720700
0.659146
0.476178
0.234217
0.017732
-0.098994
-0.080202
0.057718
0.252525
0.419935
0.485858
0.414736
0.223166
-0.026398
-0.249459
-0.371706
-0.357358
-0.222788
-0.030226
0.136056
0.201972
0.131964
-0.057378
-0.303606
-0.522236
-0.638976
-0.618067
-0.475907
-0.274755
-0.098919
-0.022521
-0.081163
-0.258295
-0.491522
-0.696409
-0.798718
-0.762748
-0.604956
-0.387663
-0.195239
-0.101875
-0.143235
-0.302843
-0.518368
-0.705448
-0.789915
-0.736137
-0.560642
-0.325821
-0.116113
-0.005777
-0.030545
-0.174005
-0.373891
-0.545902
-0.615929
-0.548398
-0.359892
-0.112851
0.108236
0.229066
0.213864
0.079007
-0.113276
-0.278711
-0.343218
-0.271242
-0.079385
0.169899
0.392114
0.512951
0.496637
0.359551
0.163932
-0.005934
-0.075947
-0.010533
0.173734
0.414429
0.627089
0.737445
0.709763