-0.195557
-0.148247
-0.094648
-0.036026
0.025663
0.087768
0.147161
0.200646
0.245450
0.279666
0.302506
0.314310
0.316317
0.310288
0.298116
0.281554
0.262108
0.241120
0.219934
0.200048
0.183133
0.170878
0.164686
0.165309
0.172565
0.185237
0.201221
0.217895
0.232590
0.243056
0.247753
0.245934
0.237503
0.222744
0.202046
0.175736
0.144091
0.107504
0.066725
0.023064
-0.021573
-0.064840
-0.104301
-0.137851
-0.164088
-0.182514
-0.193501
-0.198036
-0.197363
-0.192618
-0.184616
-0.173830
-0.160566
-0.145232
-0.128589
-0.111856
-0.096627
-0.084593
-0.077189
-0.075271
-0.078951
-0.087646
-0.100322
-0.115836
-0.133261
-0.152055
-0.172037
-0.193173
-0.215271
-0.237718
-0.259358
-0.278604
-0.293722
-0.303230
-0.306250
-0.302710
-0.293326
-0.279372
-0.262333
-0.243573
-0.224120
-0.204648
-0.185626
-0.167564
-0.151211
-0.137621
-0.128019
-0.123491
-0.124608
-0.131110
-0.141770
-0.154506
-0.166705
-0.175681
-0.179118
-0.175366
-0.163540
-0.143402
-0.115129
-0.079075
-0.035645
0.014673
0.071120
0.132426
0.196632
0.261086
0.322657
0.378147
0.424781
0.460650
0.484964
0.498062
0.501181
0.496082
0.484658
0.468658
0.449590
0.428795
0.407617
0.387554
0.370276
0.357474
0.350550
0.350259
0.356418
0.367811
0.382336
0.397372
0.410253
0.418729
0.421262
0.417109
0.406174
0.388745
0.365213
0.335909
0.301111
0.261216
0.216977
0.169708
0.121319
0.074159
0.030667
-0.007047
-0.037578
-0.060422
-0.075947
-0.085137
-0.089230
-0.089357
-0.086329
-0.080615
-0.072514
-0.062431
-0.051119
-0.039795
-0.030045
-0.023557
-0.021758
-0.025501
-0.034890
-0.049338
-0.067805
-0.089142
-0.112416
-0.137079
-0.162945
-0.189975
-0.217970
-0.246310
-0.273836
-0.298953
-0.319923
-0.335256
-0.344069
-0.346286
-0.342615
-0.334326
-0.322897
-0.309688
-0.295720
-0.281662
-0.267980
-0.255175
-0.243993
-0.235483
-0.230864
-0.231217
-0.237108
-0.248274
-0.263483
-0.280647
-0.297150
-0.310301
-0.317780
-0.317933
-0.309872
-0.293354
-0.268553
-0.235821
0.599729
0.531474
0.461719
0.393288
0.329257
0.272955
0.227596
0.195641
0.178093
0.174005
0.180409
0.192753
0.205737
0.214327
0.214636
0.204432
0.183157
0.151508
0.110798
0.062363
0.007234
-0.053805
-0.119841
-0.189337
-0.259762
-0.327569
-0.388581
-0.438712
-0.474794
-0.495235
-0.500275
-0.491765
-0.472531
-0.445563
-0.413301
-0.377263
-0.338119
-0.296142
-0.251834
-0.206445
-0.162178
-0.121964
-0.088888
-0.065467
-0.053059
-0.051604
-0.059819
-0.075736
-0.097410
-0.123490
-0.153462
-0.187459
-0.225717
-0.267908
-0.312609
-0.357144
-0.397892
-0.430970
-0.453084
-0.462255
-0.458183
-0.442143
-0.416478
-0.383892
-0.346805
-0.307007
-0.265702
-0.223870
-0.182767
-0.144284
-0.110976
-0.085672
-0.070767
-0.067424
-0.074958
-0.090656
-0.110103
-0.127945
-0.138866
-0.138473
-0.123851
-0.093670
-0.047879
0.012799
0.087343
0.174643
0.273374
0.381584
0.496224
0.612852
0.725733
0.828392
0.914521
0.979005
1.018759
1.033136
1.023809
0.994169
0.948486
0.891098
0.825871
0.756065
0.684537
0.614113
0.547872
0.489143
0.441144
0.406339
0.385732
0.378381
0.381320
0.390001
0.399127
0.403668
0.399741
0.385119
0.359247
0.322827
0.277178
0.223640
0.163247
0.096792
0.025190
-0.050014
-0.126286
-0.200071
-0.267186
-0.323541
-0.365960
-0.392845
-0.404430
-0.402560
-0.390055
-0.369897
-0.344519
-0.315433
-0.283302
-0.248393
-0.211198
-0.172964
-0.135885
-0.102885
-0.077041
-0.060864
-0.055704
-0.061495
-0.076946
-0.100083
-0.128952
-0.162196
-0.199294
-0.240371
-0.285658
-0.334818
-0.386422
-0.437788
-0.485286
-0.525029
-0.553715
-0.569359
-0.571653
-0.561868
-0.542340
-0.515766
-0.484561
-0.450510
-0.414809
-0.378435
-0.342637
-0.309301
-0.280977
-0.260490
-0.250230
-0.251353
-0.263173
-0.282970
-0.306327
-0.327886
-0.342326
-0.345251
-0.333743
-0.306469
-0.263375
-0.205181
-0.132906
-0.047658
0.049240
0.155839
0.269090
0.384554
0.496496
0.598442
0.684086
0.748312
0.788034
0.802609
0.793706
0.764718
0.719913
0.663628