-0.022484
-0.019829
-0.015291
-0.012435
-0.014737
-0.016334
-0.013441
-0.012888
-0.013006
-0.008018
-0.004577
-0.004643
-0.007379
-0.009533
-0.009311
-0.007906
-0.008749
-0.013300
-0.014495
-0.007957
-0.002423
0.003644
0.010362
-0.001329
-0.010938
0.004365
0.010490
0.000018
0.002046
0.001727
-0.012593
-0.000694
0.031478
0.037309
0.028608
0.011319
-0.010751
-0.029405
-0.032402
-0.022333
0.004839
0.009660
0.009036
0.041463
0.030033
0.000257
-0.025464
-0.079280
-0.073786
0.004614
0.005931
-0.000740
0.047700
-0.019887
-0.098163
-0.059431
-0.057854
-0.097384
-0.081003
-0.022491
-0.014225
-0.036297
-0.001021
0.056919
0.013158
-0.052446
-0.039476
-0.030266
-0.016202
0.043349
0.056675
0.050656
0.074911
0.052914
0.019361
0.025963
0.027113
-0.003332
-0.016089
-0.005420
-0.001382
-0.018309
-0.013709
0.015915
0.022699
0.014933
0.017822
0.023791
0.025547
0.021896
0.019231
0.017318
0.019326
0.021555
0.015581
0.008142
0.003168
0.000341
0.001878
0.008803
0.011905
0.011454
0.009989
0.005280
0.003273
0.003450
0.001252
0.007366
0.011843
0.011138
0.009734
0.006073
0.006687
0.006458
0.002444
0.000606
0.000743
0.000563
0.003305
0.005421
0.004174
0.002561
0.000084
-0.004165
-0.001511
0.007445
0.015419
0.011830
0.008841
0.009105
-0.000038
-0.007865
-0.003975
0.009715
0.026397
0.020739
0.003105
0.014389
0.027714
-0.002253
0.003960
0.030802
-0.016148
-0.007566
0.063320
0.055996
0.001602
-0.029608
-0.059881
-0.086843
-0.070898
0.002403
0.059104
0.014469
0.001160
0.053951
0.000194
-0.051338
-0.008114
-0.047614
-0.122596
-0.050546
0.075956
0.101903
0.069106
0.076967
0.102207
0.079179
0.034805
0.028705
0.004207
-0.032677
-0.009380
0.021284
0.014202
-0.021049
-0.016380
0.006464
-0.009331
-0.011204
0.019402
0.022924
0.002090
0.023113
0.029361
0.002085
-0.001635
0.000293
-0.012358
-0.025629
-0.021840
-0.016667
-0.019747
-0.016325
-0.009212
-0.013121
-0.022273
-0.023484
-0.022889
-0.024715
-0.023993
-0.016377
-0.009248
-0.009604
-0.012331
-0.013092
-0.016331
-0.018853
-0.022010
-0.024754
-0.021559
-0.017496
-0.013735
-0.014019
-0.016127
-0.014365
-0.013024
-0.012240
-0.015473
-0.019478
-0.017877
-0.016934
-0.014548
-0.010710
-0.005088
-0.005778
-0.016781
-0.016533
-0.007589
-0.006391
-0.012956
-0.009393
0.006871
0.005637
0.001407
0.017126
0.025531
0.016372
0.027156
0.058124
0.054118
0.014155
-0.016396
-0.019147
-0.015965
-0.014464
-0.003332
-0.023329
-0.067488
-0.081313
-0.043169
-0.002261
0.007552
0.015816
-0.031261
-0.052978
-0.016669
-0.041132
-0.086914
-0.062099
-0.039248
-0.102681
-0.091620
-0.028418
-0.024497
-0.000172
0.069084
0.088688
0.041194
0.036469
0.054104
0.059994
0.049337
0.033044
0.009337
-0.013033
0.002306
0.020488
0.019272
0.032839
0.057192
0.043958
0.015906
0.022910
0.020619
-0.003919
-0.004558
0.011632
0.011262
0.007879
0.015254
0.017137
0.011361
0.009381
0.009411
0.004918
0.003542
-0.000409
-0.006490
-0.011029
-0.007646
-0.003571
-0.005343
-0.003654
-0.003392
-0.007376
-0.009607
-0.011066
-0.009284
-0.004997
-0.003786
-0.006399
-0.011062
-0.012003
-0.010164
-0.005810
-0.006521
-0.004193
0.001342
-0.005581
-0.010021
-0.000948
-0.008590
-0.018626
-0.001340
-0.001332
-0.017034
-0.011714
-0.007160
-0.017263
-0.022759
-0.025612
-0.013040
-0.018343
-0.023101
0.006053
-0.027369
-0.055522
-0.004384
0.003551
-0.051122
-0.048811
-0.055058
-0.074127
-0.021864
0.033251
0.054475
0.023062
-0.031455
-0.041253
-0.019199
-0.054180
-0.070518
-0.016459
-0.015132
-0.069100
-0.065816
-0.044756
-0.072291
-0.072080
-0.010422
0.029188
0.026102
0.019065
0.019947
0.022014
-0.018685
-0.029010
0.005477
-0.000392
-0.020215
0.010469
0.023316
0.000417
0.011749
0.030728
0.035076
0.037098
0.031008
0.016154
0.009651
0.028327
0.050397
0.048676
0.042807
0.052441
0.046353
0.034337
0.040748
0.031808
0.019618
0.020383
0.025220
0.028965
0.031552
0.029258
0.026869
0.025438
0.025253
0.024620
0.020353
0.022085
0.022316
0.023386
0.022340
0.018089
0.014797
0.013673
0.013054
0.013236
0.013587
0.012504
0.013592
0.012905
0.008475
0.006658
0.009505
0.009882
0.005148
0.004270
0.011755
0.007068
0.000850
0.008686
0.002064
-0.008461
0.007429
0.010856
0.000307
0.010621
0.005067
0.001980
0.004011
-0.029430
-0.036419
-0.024407
-0.025950
0.027574
0.075361
0.051278
0.032108
0.016304
-0.016104
-0.030524
0.017990
0.059754
0.069483
0.104667
0.129989
0.066418
-0.010789
0.010783
0.024707
0.006879
0.040442
0.055146
-0.022520
-0.024407
0.043485
0.024079
-0.002645
-0.009159
-0.000430
0.007683
-0.002608
0.020690
0.035186
0.033142
0.027259
0.012290
-0.015498
-0.035410
-0.041293
-0.029123
-0.012920
-0.031065
-0.053600
-0.042765
-0.022036
-0.024410
-0.039018
-0.045610
-0.044436
-0.049085
-0.042861
-0.023023
-0.016236
-0.021299
-0.019493
-0.020016
-0.017130
-0.017206
-0.027313
-0.029018
-0.024091
-0.020889
-0.021143
-0.019991
-0.017754
-0.024208
-0.028053
-0.024738
-0.018639
-0.013251
-0.013707
-0.012508
-0.012265
-0.012000
-0.010536
-0.014961
-0.013102
-0.008823
-0.009771
-0.008660
-0.011191
-0.010787
-0.014341
-0.013976
-0.004560
-0.006130
-0.006251
-0.002543
-0.007677
-0.013518
-0.013569
-0.009238
-0.003791
-0.005572
-0.000417
0.010591
0.001534
-0.002047
0.024305
0.018501
0.018562
0.025698
-0.013516
-0.031939
-0.009436
0.016845
0.033534
0.045894
0.028776
0.014913
0.011114
-0.022392
-0.058803
-0.070087
-0.060186
-0.024711
0.009855
0.006446
-0.019088
-0.038965
-0.056008
-0.070882
-0.116958
-0.144204
-0.099634
-0.057480
-0.030703
0.002898
0.009724
0.017573
0.030330
0.007544
-0.022879
-0.048998
-0.061840
-0.033213
0.028577
0.062412
0.057538
0.048985
0.048915
0.050731
0.042757
0.032072
0.025828
0.020087
0.030500
0.045773
0.036883
0.021905
0.022173
0.014791
0.007823
0.017461
0.018058
0.012622
0.017527
0.024938
0.027196
0.027407
0.027495
0.023225
0.018304
0.015895
0.015477
0.016373
0.014285
0.012599
0.013255
0.011147
0.005817
0.000855
-0.001388
0.000682
0.005137
0.007339
0.009092
0.010528
0.009079
0.010741
0.009173
0.002500
0.002162
0.002217
0.001230
0.003081
0.006300
0.009256
0.013919
0.002693
-0.009299
-0.010309
-0.014284
-0.007611
0.015874
0.022718
-0.008606
-0.017269
-0.008387
-0.009679
0.020551
0.050115
0.020212
-0.006504
-0.005253
-0.008368
-0.013456
-0.000243
0.037115
0.031101
0.001138
0.023287
0.003452
-0.077551
-0.047283
-0.012011
-0.020637
0.044033
0.027182
-0.031175
0.005825
0.022771
-0.025847
0.013510
0.035152
-0.041265
-0.012478
0.053889
0.055522
0.015102
-0.008919
0.014183
0.044994
0.053102
0.056817
0.060052
0.040856
0.053290
0.067223
0.040366
0.010525
-0.009869
-0.020498
-0.025542
-0.023551
-0.005890
0.013191
0.016092
0.022845
0.033261
0.022362
0.001923
-0.003744
-0.014314
-0.029110
-0.025302
-0.017754
-0.017667
-0.014645
-0.007163
-0.014059
-0.022283
-0.023160
-0.025352
-0.022818
-0.024816
-0.024472
-0.018874
-0.022134
-0.023974
-0.021534
-0.023264
-0.022175
-0.024005
-0.025819
-0.025018
-0.021773
-0.018797
-0.021683
-0.024252
-0.023369
-0.021642
-0.025234
-0.025032
-0.021735
-0.017197
-0.017760
-0.019600
-0.020738
-0.030352
-0.028743
-0.010165
-0.014645
-0.028980
-0.023222
-0.047352
-0.063440
-0.029241
0.007646
0.002169
-0.003431
-0.005108
-0.042602
-0.048877
-0.010598
-0.010960
-0.049547
-0.055360
-0.013451
0.028876
0.006182
0.007237
0.045077
0.004136
-0.014404
0.070708
0.038156
-0.015980
0.107811
0.147143
0.074819
0.090642
0.084849
0.028839
0.058664
0.062912
-0.034243
-0.081863
-0.071933
-0.058745
-0.051807
-0.062683
-0.029778
-0.000545
0.000148
0.026220
0.050928
0.016499
-0.005282
0.013810
0.027105
0.040447
0.034558
0.027257
0.031435
0.016900
0.002029
0.015879
0.007199
-0.016789
-0.010674
-0.006088
-0.024018
-0.023951
-0.009608
-0.008384
-0.007542
-0.003339
0.001649
0.001050
-0.008633
-0.011105
-0.007133
-0.011538
-0.015717
-0.016935
-0.022889
-0.022636
-0.015217
-0.020639
-0.024847
-0.021651
-0.018981
-0.016153
-0.017185
-0.018943
-0.019562
-0.019024
-0.016946
-0.017386
-0.018660
-0.016245
-0.013541
-0.011123
-0.013710
-0.016777
-0.015948
-0.013350
-0.009603
-0.014340
-0.018169
-0.007195
-0.006092
-0.017296
-0.023243
-0.029095
-0.026782
-0.010810
0.015691
0.019758
-0.033208
-0.040971
-0.009243
-0.021285
-0.002444
0.017360
-0.011427
-0.003697
0.037786
0.013526
-0.023702
0.003116
-0.010478
-0.022750
0.033476
0.034394
0.017868
0.085000
0.123639
0.065565
0.020459
-0.013222
-0.004070
0.051131
0.069139
0.058408
0.015516
-0.032285
-0.018394
-0.001360
-0.069558
-0.090449
-0.028223
-0.007481
-0.001792
0.023866
0.013068
-0.034017
-0.036739
0.007604
0.017580
-0.019555
-0.040471
-0.044347
-0.058886
-0.054740
-0.047987
-0.056279
-0.056756
-0.045929
-0.045239
-0.043481
-0.031772
-0.025838
-0.018889
-0.009487
-0.000834
-0.003146
-0.014348
-0.015595
-0.013822
-0.012054
-0.009610
-0.010960
-0.008415
-0.007154
-0.007990
-0.003462
-0.005282
-0.009596
-0.007245
-0.004141
0.002839
0.007184
0.003635
0.004649
0.007086
0.005724
0.003493
-0.000464
-0.001159
0.001824
0.005963
0.006643
0.001949
-0.002766
0.000645
0.006598
0.008297
0.003439
-0.003759
-0.008134
-0.010697
0.002383
0.015299
0.014751
0.015117
0.010101
-0.003834
-0.007241
0.008954
0.020732
0.030228
0.041079
0.019608
-0.024281
-0.016373
0.017479
0.017431
0.029192
0.064294
0.046463
0.015462
0.059786
0.057074
0.006892
0.041201
0.065710
0.033691
0.044453
0.052471
-0.055917
-0.100356
-0.001520
-0.011435
-0.056690
0.023269
0.042125
-0.051011
-0.019402
0.046298
-0.004166
-0.029927
0.009126
0.013586
-0.021892
-0.025323
-0.023139
-0.042572
-0.049934
-0.037628
-0.025500
-0.014836
0.009828
0.015714
0.003183
0.015176
0.016993
-0.003268
-0.016051
-0.016287
-0.018397
-0.026561
-0.028946
-0.016425
-0.006876
-0.005003
-0.003858
-0.002207
-0.003640
-0.008877
-0.010391
-0.008905
-0.005865
-0.006825
-0.007649
-0.003257
-0.001176
-0.002746
-0.005163
-0.008213
-0.008809
-0.008845
-0.006008
-0.005379
-0.005868
-0.002567
-0.003621
-0.004262
-0.001772
-0.003094
-0.003453
-0.000619
-0.002374
-0.002645
-0.001666
-0.002573
-0.000711
0.001821
0.000500
-0.004333
-0.004267
-0.006561
-0.011169
-0.004997
0.000886
-0.002216
-0.003880
-0.004251
-0.009005
-0.009244
-0.005126
-0.004731
-0.004631
-0.002221
-0.000288
-0.000164
-0.000483
0.000278
0.000769
-0.000140
0.000898
0.001828
0.001487
0.001204
0.000089
-0.000604
-0.000300
-0.000105
0.000921
0.001402
0.002402
0.001142
0.000432
0.001755
0.001877
0.002134
0.002715
0.003109
0.002831
0.002769
0.001902
0.001892
0.001323
0.000954
0.000628
0.000761
0.001277
0.001870
0.001768
0.001830
0.001721
0.001618
0.001349
0.001661
0.001683
0.001475
0.001330
0.001142
0.001043
0.001075
0.001113
0.001145
0.001147
0.001162
0.001028
0.000912
0.000905
0.000927
0.000877
0.000859
0.000748
0.000674
0.000700
0.000739
0.000747
0.000670
0.000566
0.000480
0.000423
0.000383
0.000434
0.000459
0.000436
0.000399
0.000368
0.000270
0.000190
0.000150
0.000126
0.000154
0.000221
0.000269
0.000280
0.000275
0.000217
0.000153
0.000050
0.000048
0.000131
0.000207
0.000210
0.000229
0.000111
-0.019380
-0.004445
0.010460
-0.002899
0.035177
0.029213
-0.057076
-0.002175
0.098565
-0.004155
-0.066663
0.028765
-0.001836
-0.032332
0.083102
0.093102
0.052995
0.033912
-0.026057
-0.086041
-0.086960
-0.068608
-0.050580
0.046740
-0.052965
0.109001
0.198869
-0.045112
-0.114391
-0.149495
-0.283399
0.076876
0.171290
-0.338581
0.093928
0.364133
-0.325149
-0.307566
0.003401
-0.143241
-0.236830
-0.116678
0.006700
0.063101
0.023375
0.186310
0.168140
-0.187770
0.001138
0.053763
-0.087742
0.128725
0.242571
0.063401
0.196896
0.266443
0.068742
-0.021407
0.083273
0.027683
-0.086300
-0.075229
-0.074998
-0.068834
-0.080090
0.012077
0.035350
0.005205
0.047398
0.086327
0.052502
0.011486
0.012353
0.013584
0.021798
0.035679
0.030074
0.030174
0.017253
0.012816
0.003545
-0.010077
-0.011804
-0.003929
-0.016376
-0.026102
-0.017832
-0.013638
-0.008019
-0.005541
-0.000563
0.005162
0.006870
0.005642
0.005956
0.014116
0.024201
0.006272
-0.010035
0.000589
0.011214
0.014495
-0.000730
-0.022023
0.001931
-0.007640
-0.022525
0.004250
0.043539
0.043541
0.000375
0.009845
0.026111
-0.006515
-0.030724
0.009932
0.082002
0.115280
-0.046031
-0.071512
0.177597
0.100047
-0.180913
0.049385
0.050721
-0.126914
0.180798
0.212440
-0.150251
-0.130830
-0.036055
-0.216097
-0.262823
-0.128395
0.266715
0.158985
-0.312641
0.167231
0.383294
-0.214201
-0.239145
-0.022324
-0.259493
-0.133963
0.249380
0.262279
0.107761
0.181191
0.411309
0.334498
-0.032739
-0.101056
0.047194
-0.052292
-0.099748
-0.096367
-0.005022
-0.044445
-0.103039
0.059196
0.004130
-0.117486
-0.019867
0.124894
-0.068607
-0.058848
0.097043
-0.026138
-0.040350
0.021041
0.013215
-0.052516
-0.022523
-0.026498
-0.052584
-0.029731
-0.041173
-0.026719
-0.047456
-0.061214
-0.052221
-0.050682
-0.050535
-0.045852
-0.034089
-0.029871
-0.013298
-0.003949
0.002500
-0.003243
-0.006743
-0.007270
-0.012932
-0.019710
-0.019831
-0.013992
-0.018169
-0.019646
-0.020312
-0.004667
0.003535
-0.037950
-0.037963
-0.015228
-0.007726
-0.009481
-0.004047
0.012128
0.001305
-0.029021
0.017653
0.044835
-0.025295
-0.048349
0.051740
0.101929
0.003074
-0.017923
0.102240
0.107963
0.021768
0.106862
0.160019
0.047020
-0.100888
-0.119298
0.013717
-0.009657
-0.075692
-0.121519
-0.215269
-0.165448
-0.069181
0.003986
-0.092837
0.013730
0.062172
-0.188774
-0.038454
0.064903
-0.267283
-0.316966
0.157055
-0.096264
-0.382384
0.015199
0.110597
0.112206
0.180536
0.323417
0.080607
0.138549
0.287146
0.124197
0.055268
0.037601
0.088194
-0.047404
-0.036862
0.039661
0.075370
0.025751
0.095450
0.148443
-0.022340
-0.024783
0.018339
-0.067903
-0.118381
-0.027721
0.009113
-0.036850
0.020505
0.057444
0.023789
0.015126
0.042043
0.008246
-0.018882
-0.014590
-0.034250
-0.052734
-0.048632
-0.027952
-0.032559
-0.029094
-0.023604
-0.028192
-0.033283
-0.026926
-0.018062
-0.013194
-0.010801
-0.013152
-0.019753
-0.021020
-0.008274
0.010998
-0.005679
-0.024256
0.024754
0.027465
-0.053807
-0.003328
0.054121
-0.058839
-0.024234
0.058069
-0.041310
-0.049662
0.040032
-0.031617
-0.059489
-0.059957
-0.033779
0.048514
-0.111270
0.011242
0.084640
-0.230982
-0.063631
0.265054
-0.136300
-0.304292
0.000427
-0.132801
0.020382
0.087393
0.049145
0.139850
0.029431
-0.145242
-0.014384
-0.017845
-0.306016
-0.096262
0.129456
-0.084103
-0.307477
-0.023709
0.003467
-0.198488
-0.032112
0.130276
0.114010
0.129393
0.014991
0.090084
0.119474
-0.120579
-0.020374
0.103861
-0.038279
0.020378
0.184096
-0.011091
0.006675
0.135162
0.115084
0.045179
0.005213
0.055472
0.006212
0.039908
0.104757
0.064408
0.041982
0.115964
0.124334
0.056466
0.069362
0.054127
0.017191
0.000186
0.020472
0.005072
-0.003067
0.031293
0.017963
0.019706
0.014333
0.005686
0.000664
0.005422
0.008309
0.013846
0.009016
0.008886
0.015889
0.007669
0.011881
0.010307
0.003569
0.004138
0.000050
0.000955
0.003111
-0.016900
-0.001910
0.022948
-0.005052
-0.035768
0.021963
0.036298
-0.033873
-0.019845
0.031565
-0.038467
-0.017232
0.073124
-0.040033
-0.006999
0.079127
-0.040085
0.021984
-0.030719
-0.201362
0.000244
-0.019134
-0.057648
0.301594
0.169097
-0.038929
0.113236
0.038834
-0.101495
-0.040336
0.127590
0.186584
0.179673
0.334221
0.290140
-0.250474
-0.042686
0.250589
-0.077840
-0.164160
0.060702
0.023117
-0.196871
0.099011
0.071538
-0.186746
-0.061841
0.009345
0.013971
-0.029836
-0.070550
0.016605
0.185181
0.031667
-0.024587
-0.091546
-0.102431
0.054537
-0.154512
-0.085371
-0.058394
-0.148945
-0.078451
-0.066392
-0.066313
-0.061880
-0.128903
-0.069147
-0.053314
-0.107107
-0.030342
-0.015349
-0.031588
0.019949
0.032235
0.015454
0.027575
-0.001057
-0.012657
-0.016521
-0.010868
-0.017233
-0.033192
-0.015200
-0.024962
-0.032671
-0.016186
-0.019908
-0.009569
-0.007131
-0.011921
-0.004804
-0.006576
-0.001416
0.006014
-0.000276
0.006996
0.012347
-0.000436
-0.006046
-0.000204
-0.013515
-0.031172
0.000225
0.010265
-0.015736
-0.004583
0.003937
-0.025132
-0.033502
-0.024695
-0.003180
-0.006647
-0.015744
0.046607
0.065300
-0.053757
0.048381
0.134687
-0.006903
0.086712
-0.008552
-0.157778
-0.003169
0.138483
0.009664
0.044759
0.066925
0.038811
0.137372
-0.084440
-0.274719
-0.218704
-0.061044
-0.045990
-0.086865
-0.035935
-0.012369
0.022315
-0.078466
-0.212398
-0.245320
-0.351265
-0.223786
-0.025193
-0.068907
0.004758
0.158356
0.121007
0.238848
0.156640
-0.095940
-0.065591
-0.053771
-0.041106
0.110121
0.145065
0.139720
0.188841
0.196817
0.219815
0.090793
0.011358
0.059387
0.003851
0.010956
0.045739
0.023014
-0.008236
0.019054
0.066019
-0.005628
-0.014364
0.032167
-0.014624
-0.015375
0.029143
0.004009
0.020030
0.039548
0.029884
0.043448
0.027341
0.007960
0.002616
-0.006980
-0.007988
-0.004708
-0.010416
-0.012205
-0.015089
-0.014449
-0.009425
-0.015450
-0.015292
-0.012859
-0.008197
-0.008011
0.001910
0.018313
0.002013
-0.005381
0.008639
0.013516
-0.004240
0.004689
0.013806
0.039821
0.034691
-0.070728
-0.040263
0.010583
-0.014455
-0.003004
0.088186
-0.022387
-0.093170
0.043703
0.005186
-0.005010
0.158903
0.096973
-0.118078
0.010972
0.083304
-0.036567
-0.114415
0.034600
0.223300
0.009966
-0.114970
0.113287
-0.163484
-0.281783
0.138173
-0.193363
-0.004674
0.341081
-0.243137
-0.169916
0.388487
-0.009228
-0.261470
0.174491
-0.101102
-0.028121
0.236199
0.123064
-0.058040
-0.039567
0.182288
0.125487
0.099150
-0.012267
0.137638
0.188967
0.079924
0.092218
0.027100
-0.013514
-0.073125
-0.080003
-0.106092
-0.106547
-0.083235
0.017495
0.028399
-0.013925
0.071903
0.065268
-0.042467
-0.037678
-0.022144
-0.101766
-0.096118
-0.056596
-0.045795
-0.033622
-0.000990
0.000216
-0.030615
-0.029737
-0.038874
-0.049824
-0.059576
-0.061470
-0.057216
-0.056541
-0.042515
-0.024970
-0.018260
-0.021368
-0.020515
-0.023948
-0.020960
-0.020082
-0.019387
-0.016639
-0.024324
-0.024846
-0.012931
-0.028067
-0.036071
-0.018845
-0.007814
-0.018518
-0.040690
-0.019485
-0.023524
-0.064006
0.003368
0.062106
-0.082642
-0.044372
-0.011559
-0.182445
-0.084093
0.124994
0.058813
-0.087294
0.035319
0.003873
-0.093840
-0.024033
0.046507
-0.162505
-0.189639
0.043497
0.225035
0.094315
-0.208967
0.141566
0.389209
-0.121798
-0.025166
0.324200
-0.190201
0.222839
0.694868
-0.069087
-0.080747
0.489043
0.124360
-0.092460
0.125722
-0.181987
-0.321930
-0.150641
-0.218720
-0.224291
-0.248882
-0.146493
0.036859
0.068675
0.011358
0.081938
0.127258
-0.054311
0.053610
0.090469
0.093667
0.098157
0.065097
0.131242
0.145508
-0.001035
-0.011330
0.074642
-0.082060
-0.101659
-0.046770
-0.104467
-0.128364
-0.069238
-0.058138
-0.040126
-0.021654
-0.017575
0.013282
-0.008056
-0.000655
0.020539
-0.004398
-0.018897
-0.012221
-0.007608
-0.014900
-0.015818
-0.031420
-0.041034
-0.040038
-0.039953
-0.034865
-0.040640
-0.035832
-0.033108
-0.025055
-0.024619
-0.016177
-0.019219
-0.014498
-0.000228
0.001250
-0.002970
-0.020026
-0.008741
0.001956
0.013069
-0.014387
-0.058876
0.000371
0.060607
-0.039535
-0.109862
-0.065632
-0.019361
0.014013
0.008153
0.066702
-0.024092
-0.183679
0.091714
0.059854
-0.150616
0.069278
0.044636
-0.076502
0.230718
0.148683
-0.256799
0.012620
0.211046
-0.068362
-0.059830
0.125270
0.034125
0.180368
0.533020
0.040113
-0.202676
0.112832
0.009269
0.113953
0.045055
-0.091379
0.100272
0.027245
-0.202836
-0.000402
-0.167063
-0.451600
-0.055589
0.101154
-0.041038
-0.096288
0.034444
0.019702
-0.094736
0.030746
0.054160
-0.093920
-0.094355
0.008010
-0.112798
-0.123129
-0.087810
-0.119861
-0.096717
-0.054445
-0.032379
-0.083050
-0.052525
-0.013565
-0.003321
0.003780
0.018785
0.015294
0.013439
0.031646
0.044019
0.040847
0.018451
0.016262
0.023595
0.019976
0.021828
0.017215
0.002257
-0.003591
0.000433
-0.001667
-0.000872
0.004471
0.008625
0.011873
0.020375
0.027273
0.016235
0.009284
0.016188
0.014947
0.017356
0.019591
0.000533
-0.020703
-0.004573
0.024592
0.023384
-0.019481
-0.045146
-0.006843
-0.027216
-0.033102
0.029276
0.023471
0.027339
0.042303
-0.019260
-0.055145
0.031020
0.081090
0.031364
0.052671
0.105324
-0.053205
-0.136861
0.117212
0.112520
-0.059407
0.096783
0.226050
0.000619
0.075387
0.246567
-0.110147
-0.061915
0.329308
0.075114
-0.167349
0.197450
-0.006552
-0.546782
-0.025650
0.241680
-0.339380
-0.258042
0.371396
-0.020640
-0.310542
0.223504
0.007669
-0.172112
0.048572
0.060159
-0.095888
-0.045690
0.008593
-0.089238
-0.130918
-0.046523
0.009567
-0.058000
0.028209
0.092691
0.037679
0.047202
0.026080
-0.000674
-0.039225
-0.055382
-0.032316
-0.050497
-0.056639
-0.019191
0.023800
0.014606
0.015960
0.021738
0.013786
-0.009165
-0.007500
-0.014057
-0.027316
-0.018287
-0.013691
-0.007186
0.010466
0.012805
0.007822
0.007396
0.002125
0.000221
-0.005857
-0.012224
-0.008630
-0.006023
-0.009474
-0.007478
0.000969
-0.001397
-0.005122
0.000093
-0.005630
-0.013246
0.001997
0.003727
-0.010420
0.011444
0.024089
-0.013660
-0.020066
-0.000232
-0.030839
-0.027653
0.014254
-0.005859
-0.026999
0.000129
-0.001671
-0.021848
-0.004758
-0.000221
-0.006288
-0.000388
0.008020
0.010136
0.007004
0.010458
0.012928
0.011314
0.008055
0.009737
0.007963
0.003007
0.003913
0.004887
0.000935
0.001216
0.006811
0.003516
-0.000184
0.002600
0.001037
-0.000971
0.002629
0.005078
0.002232
0.002654
0.004758
0.002994
0.004755
0.006283
0.003567
0.001265
0.001647
0.000180
-0.001178
0.001777
0.000384
-0.000819
0.000611
0.000576
0.000812
0.001490
0.001854
0.001252
0.001328
0.000842
0.001159
0.001153
0.001387
0.001011
0.000713
0.000835
0.000552
0.000172
0.000666
0.000572
0.000354
0.000202
0.000168
-0.000026
0.000309
0.000609
0.000478
0.000378
0.000311
0.000218
0.000288
0.000476
0.000643
0.000683
0.000582
0.000489
0.000468
0.000329
0.000307
0.000352
0.000181
0.000030
0.000142
0.000079
0.000093
0.000215
0.000009
-0.000188
-0.000042
-0.000084
-0.000159
0.000018
-0.000087
-0.000384
-0.000333
-0.000226
-0.000311
-0.000223
-0.000176
-0.000408
-0.000539
-0.000405
-0.000398
-0.000300
-0.000101
-0.000172
-0.000229
-0.000149
-0.000112
-0.000123
0.000013
-0.000005
-0.000042