-0.022202
-0.019567
-0.021170
-0.025083
-0.021301
-0.017815
-0.014940
-0.013819
-0.013049
-0.013386
-0.009630
-0.006892
-0.007143
-0.006450
-0.006525
-0.006079
-0.004734
-0.005596
-0.007211
-0.010564
-0.008375
-0.003073
0.000699
0.010993
0.003557
-0.000640
0.001645
0.001602
0.009479
0.001276
-0.004797
-0.001251
-0.002228
0.016802
0.036774
0.037989
0.013424
-0.004806
-0.021966
-0.032926
-0.026247
-0.005598
0.008814
0.019506
0.045594
0.027697
0.030434
-0.021886
-0.082466
-0.061724
-0.046198
-0.004838
0.040765
0.025698
0.000017
-0.021646
-0.090748
-0.086847
-0.059739
-0.121024
-0.052013
-0.005078
-0.015537
0.016766
0.004091
0.013418
-0.023618
-0.096515
-0.065343
-0.013796
0.002776
0.052369
0.073012
0.067268
0.068023
0.048567
0.008449
0.015103
0.008499
-0.005324
0.004204
0.009625
0.010573
0.007227
0.013289
0.026558
0.026939
0.019064
0.023553
0.022287
0.011206
0.010713
0.008614
0.006440
0.013612
0.016956
0.020712
0.019885
0.015883
0.011458
0.011581
0.008995
0.007001
0.008034
0.007061
0.004799
0.004976
0.005814
0.005123
0.005534
0.004407
0.005430
0.006103
0.003331
0.004777
0.003840
0.004142
0.004484
-0.000367
0.001283
0.001344
0.000089
0.002131
-0.001283
-0.002592
0.001887
0.003610
0.014832
0.011541
0.008970
0.007813
-0.002106
-0.001257
-0.008009
0.001999
0.024847
0.021326
0.014908
0.014739
0.015967
0.010907
0.010297
0.008459
-0.004304
0.019098
0.017761
0.052712
0.051290
-0.040513
-0.049550
-0.069645
-0.083129
-0.012023
0.033090
0.039574
0.038097
0.017743
0.007805
-0.009588
-0.078445
-0.078416
-0.074252
-0.092820
0.023651
0.121826
0.106217
0.091619
0.069059
0.077727
0.051811
-0.008248
-0.015839
-0.020154
-0.007472
0.028031
0.057168
0.022929
0.008147
0.012236
0.002212
0.013064
-0.009829
0.005262
0.012870
-0.003606
0.003747
0.009626
0.000028
-0.018793
-0.010927
-0.014302
-0.011338
-0.005810
-0.012955
-0.013136
-0.016220
-0.011307
-0.016555
-0.025302
-0.028960
-0.028285
-0.025730
-0.024238
-0.020062
-0.021759
-0.016207
-0.013867
-0.017162
-0.017290
-0.019567
-0.022647
-0.023743
-0.022603
-0.022836
-0.019686
-0.017116
-0.017208
-0.015151
-0.010342
-0.011790
-0.014474
-0.017233
-0.022684
-0.015468
-0.014159
-0.007588
-0.003525
-0.014110
-0.011834
-0.011269
-0.007970
-0.006606
-0.017246
-0.001910
0.005375
0.007217
0.016544
0.016575
0.025701
0.025622
0.038224
0.054273
0.030490
-0.005545
-0.019507
-0.013644
-0.005934
0.001295
-0.014312
-0.032558
-0.059542
-0.053347
-0.005011
0.005399
0.019764
-0.031252
-0.042485
-0.030220
-0.066019
-0.053724
-0.099396
-0.078533
-0.065430
-0.082018
-0.056223
-0.023885
0.015729
0.018973
0.067841
0.051844
0.022494
0.012821
0.033999
0.044236
0.018258
0.025325
0.006528
0.020897
0.037489
0.050660
0.062976
0.058930
0.064173
0.038036
0.017779
0.011436
0.000021
-0.010917
-0.005787
0.012428
0.018380
0.027022
0.025020
0.023110
0.015642
0.009579
0.004786
-0.004778
-0.006634
-0.006865
-0.005021
-0.007649
-0.007626
-0.004030
-0.003140
-0.003126
-0.005022
-0.008162
-0.010209
-0.010782
-0.011864
-0.011517
-0.011236
-0.013213
-0.016019
-0.016352
-0.012223
-0.012103
-0.007031
-0.002438
-0.005907
-0.006394
-0.006878
-0.011049
-0.007976
-0.008785
-0.009171
-0.001341
-0.012718
-0.013849
-0.005823
-0.020568
-0.026923
-0.008223
-0.019993
-0.013371
0.005053
-0.033878
-0.017691
-0.030505
-0.029151
-0.002851
-0.061338
-0.074088
-0.044995
-0.040841
-0.001109
0.063838
0.019552
-0.008271
-0.039700
-0.055637
-0.038188
-0.072003
-0.052890
-0.021371
-0.027052
-0.039956
-0.051946
-0.052701
-0.054604
-0.053960
-0.002665
0.034571
0.011466
0.005806
0.016739
-0.023706
-0.025946
-0.030224
-0.014933
0.013561
-0.002329
0.034805
0.046264
0.023387
0.023234
0.029341
0.029041
0.029055
0.014106
0.010785
0.031852
0.037113
0.056328
0.056167
0.044369
0.054360
0.049416
0.045132
0.038368
0.030540
0.024249
0.028183
0.035085
0.033072
0.034262
0.034520
0.031745
0.027748
0.029163
0.025187
0.020237
0.018760
0.018662
0.020962
0.020052
0.017958
0.014897
0.013189
0.014414
0.013130
0.011698
0.010424
0.010821
0.008620
0.008642
0.009458
0.007469
0.007255
0.003128
0.005210
0.004956
0.002763
0.002752
-0.001375
-0.001451
0.002147
0.000921
0.011545
0.011122
-0.005768
0.012428
-0.003130
-0.030517
-0.014965
-0.045514
-0.025147
0.031726
0.031320
0.074488
0.049362
-0.013297
0.007254
-0.043741
-0.017931
0.043788
0.048983
0.119033
0.118667
0.094167
0.054304
-0.011055
-0.006111
0.028055
0.021559
0.045356
0.039242
0.012828
0.029348
0.032635
0.040117
-0.034298
-0.021064
0.015837
-0.018804
0.038181
0.012966
0.030382
0.038379
-0.014072
0.002158
-0.033227
-0.048008
-0.019925
-0.023106
-0.016946
-0.018341
-0.053951
-0.028021
-0.018562
-0.048608
-0.042418
-0.056133
-0.058817
-0.045051
-0.049523
-0.024986
-0.025444
-0.036091
-0.026170
-0.024141
-0.019052
-0.022908
-0.032477
-0.031350
-0.027163
-0.023802
-0.020279
-0.021192
-0.020341
-0.019829
-0.017433
-0.016054
-0.017365
-0.016535
-0.014564
-0.013711
-0.012861
-0.013508
-0.012526
-0.011018
-0.010227
-0.007789
-0.006232
-0.007627
-0.009919
-0.013132
-0.012428
-0.007926
-0.003387
0.000500
-0.003084
-0.006162
-0.010242
-0.017538
-0.012914
-0.007515
-0.007940
0.000539
0.006456
0.006881
0.006228
0.013241
0.008725
0.027574
0.014014
-0.011808
-0.000215
-0.031243
0.015080
0.042630
0.034704
0.049096
0.023912
0.012246
-0.009489
-0.044358
-0.067672
-0.064069
-0.030751
0.006648
0.025160
0.008434
-0.023825
-0.055211
-0.073936
-0.116806
-0.147122
-0.128072
-0.090383
-0.019179
-0.000936
0.002640
0.028507
0.000509
-0.016105
-0.030992
-0.087693
-0.073192
-0.050052
-0.009776
0.071889
0.075670
0.072598
0.067611
0.044616
0.049575
0.030025
0.014697
0.020988
0.025418
0.049030
0.062874
0.049150
0.035648
0.026806
0.026716
0.026676
0.021187
0.022573
0.014700
0.018603
0.029814
0.026751
0.026191
0.023448
0.018537
0.020964
0.019309
0.015902
0.014185
0.010018
0.012415
0.014194
0.011674
0.009684
0.004625
0.002697
0.003363
0.002742
0.002640
0.002539
0.002849
0.004220
0.005641
0.005235
0.002633
0.000530
0.000974
-0.001340
0.001206
0.003520
0.010801
0.004291
-0.003652
-0.006479
-0.016301
-0.001693
0.004375
0.015230
0.007502
-0.009975
-0.014771
-0.008283
0.018733
0.025915
0.027923
0.013302
-0.017178
-0.005447
-0.003441
-0.014103
0.027810
0.026645
0.022050
0.029495
-0.011969
-0.030600
-0.044715
-0.072822
0.001711
0.041830
-0.012794
0.046028
-0.009369
-0.020523
0.032019
-0.038044
-0.006559
-0.008708
-0.018624
0.012553
0.066489
0.050467
-0.002221
0.005526
0.017138
0.062796
0.052598
0.053983
0.059106
0.048274
0.065807
0.059420
0.024209
-0.012777
-0.009689
-0.014686
-0.008084
0.012006
0.013455
0.031759
0.034403
0.020213
0.020546
0.006982
-0.022037
-0.033284
-0.032173
-0.029394
-0.019180
-0.013228
-0.011438
-0.007446
-0.003203
-0.009527
-0.023309
-0.030268
-0.031846
-0.032906
-0.032753
-0.030413
-0.028972
-0.026763
-0.023171
-0.022435
-0.024146
-0.023625
-0.025658
-0.028779
-0.026684
-0.025544
-0.025700
-0.024820
-0.025045
-0.026144
-0.025223
-0.024384
-0.024222
-0.018714
-0.020530
-0.021035
-0.018797
-0.026872
-0.024180
-0.017183
-0.017006
-0.015244
-0.025225
-0.048990
-0.043644
-0.046591
-0.014797
0.016895
-0.001570
-0.002088
-0.030562
-0.038282
-0.033923
-0.029173
-0.028697
-0.058733
-0.036681
0.026519
0.014090
0.020041
0.020670
-0.008552
0.011285
0.013185
0.012410
0.045299
0.053361
0.086508
0.163341
0.094562
0.057227
0.093319
0.040558
0.050400
0.032038
-0.047983
-0.057252
-0.042078
-0.019034
-0.030289
-0.022110
-0.008257
0.011339
0.014506
0.008799
0.012066
-0.028227
-0.033405
-0.010386
0.013577
0.025078
0.039932
0.031674
0.028492
0.035791
0.018480
0.013814
0.003354
-0.019186
-0.010264
0.005097
-0.014371
-0.017914
-0.006549
-0.008171
-0.003978
-0.005356
-0.008856
-0.009953
-0.017544
-0.017513
-0.014407
-0.017985
-0.021799
-0.020568
-0.022357
-0.017934
-0.017378
-0.021157
-0.019417
-0.020018
-0.019950
-0.017342
-0.018010
-0.021054
-0.019518
-0.020826
-0.020162
-0.019424
-0.019039
-0.017630
-0.015058
-0.014812
-0.016050
-0.014813
-0.015022
-0.009898
-0.013791
-0.015873
-0.010452
-0.013369
-0.011424
-0.023407
-0.033835
-0.022806
-0.020877
0.004737
0.019729
-0.019871
-0.022529
-0.032795
-0.027688
0.019249
-0.020448
0.003038
0.018751
-0.001356
0.041646
-0.001398
-0.018606
-0.013858
-0.015022
0.018767
0.015309
0.049316
0.068928
0.082439
0.104416
0.043383
-0.030011
0.001514
0.024974
0.047633
0.100316
0.030743
0.012915
0.006888
-0.020407
-0.018621
-0.075470
-0.072355
-0.005148
0.015823
0.018757
0.023522
-0.022892
-0.040821
-0.035970
-0.025598
-0.003191
-0.044505
-0.057524
-0.041482
-0.043180
-0.044829
-0.047223
-0.058735
-0.060788
-0.041876
-0.035267
-0.033541
-0.037529
-0.038891
-0.030983
-0.021604
-0.014946
-0.022740
-0.025150
-0.016348
-0.010179
-0.006597
-0.005765
-0.007684
-0.009278
-0.003953
-0.000677
-0.001114
-0.002813
-0.003273
-0.001247
0.002448
0.004825
0.004460
0.005073
0.006576
0.007899
0.007624
0.007841
0.004837
0.003299
0.006253
0.006032
0.005941
0.002355
0.001219
0.007787
0.010666
0.007278
0.001453
-0.006889
-0.010208
-0.001096
0.004972
0.016281
0.017856
0.005399
0.004752
-0.006637
-0.001530
0.014566
0.020995
0.035748
0.022433
-0.004113
-0.009240
-0.004515
0.021683
0.035190
0.037938
0.054680
0.042402
0.048537
0.041588
0.035124
0.037172
0.022412
0.066729
0.054040
0.032358
0.005631
-0.059962
-0.039193
-0.023041
0.007225
-0.000313
0.003267
0.031201
-0.014652
-0.021440
0.015709
-0.018933
-0.059009
-0.002319
-0.007400
-0.024787
-0.024186
-0.038744
-0.033595
-0.049727
-0.029682
-0.005646
-0.007208
0.015324
0.011597
0.000468
0.005530
-0.004647
-0.032145
-0.029936
-0.023755
-0.024419
-0.013736
-0.007924
-0.000336
0.003495
0.005988
-0.002104
-0.009479
-0.012119
-0.016883
-0.015250
-0.011643
-0.010372
-0.007381
-0.002961
-0.000495
-0.001307
0.000248
-0.000768
-0.004784
-0.006341
-0.006188
-0.006759
-0.006473
-0.006046
-0.005506
-0.003251
-0.001082
-0.001201
-0.001911
-0.001242
-0.002360
-0.003285
-0.002191
-0.002224
-0.001054
0.000669
0.000058
-0.001109
-0.004288
-0.008107
-0.009819
-0.008222
-0.004287
0.000799
-0.000743
-0.004039
-0.003323
-0.006210
-0.007163
-0.004906
-0.004503
-0.004498
-0.002825
-0.000499
0.001169
0.001162
-0.000228
0.000228
-0.000505
-0.000090
0.001530
0.000670
0.001085
0.000951
0.000728
0.001366
0.001910
0.002016
0.001133
0.001026
0.001363
0.001139
0.000964
0.001306
0.001961
0.002597
0.002685
0.002424
0.002756
0.002615
0.002386
0.002083
0.001771
0.001695
0.001673
0.001775
0.001952
0.002061
0.002031
0.001751
0.001637
0.001634
0.001604
0.001501
0.001446
0.001328
0.001229
0.001217
0.001160
0.001041
0.001013
0.000919
0.000869
0.000873
0.000825
0.000796
0.000809
0.000782
0.000733
0.000686
0.000604
0.000565
0.000550
0.000546
0.000523
0.000468
0.000431
0.000443
0.000474
0.000509
0.000509
0.000447
0.000405
0.000354
0.000293
0.000277
0.000279
0.000220
0.000163
0.000149
0.000128
0.000129
0.000117
0.000039
-0.000047
-0.000050
-0.000020
0.000016
0.000080
0.000048
0.017279
0.030629
0.074952
0.040943
-0.059214
-0.040463
0.104824
0.069593
-0.072482
-0.010039
-0.033068
-0.041342
0.127160
0.144993
0.115009
0.037623
-0.117525
-0.212456
-0.126507
-0.065810
-0.015288
0.145821
-0.003734
0.110050
0.228836
0.015855
-0.266962
-0.330772
-0.414092
0.042844
0.524413
-0.205039
-0.035076
0.415824
-0.368478
-0.585594
-0.129769
-0.144100
-0.133003
0.089747
-0.146601
0.230051
0.284567
0.012103
0.273188
-0.184035
-0.297129
0.002174
0.026949
0.273441
0.507109
0.165777
0.137955
0.260745
-0.092284
-0.181053
0.087920
0.001178
-0.081352
-0.022652
-0.120902
-0.077797
-0.081924
-0.089814
0.020373
0.032721
-0.003197
0.121989
0.146027
0.020031
0.080015
0.022900
-0.040655
0.004402
0.017609
0.047173
0.037719
-0.005161
0.012046
0.071054
0.029168
0.000578
-0.023683
-0.042343
-0.029949
-0.040158
-0.017317
0.022413
0.007701
-0.014910
0.001530
0.001500
-0.013057
0.006690
0.036212
0.038039
-0.019866
-0.039197
-0.000300
0.022686
0.012646
-0.033380
-0.021950
0.001579
-0.011008
0.008464
0.079313
0.071612
0.016050
-0.021424
-0.018430
-0.001041
-0.051396
0.008608
0.129173
0.186604
-0.010865
-0.184525
0.120304
0.193918
-0.149622
-0.042783
0.010811
-0.098440
0.196053
0.375992
-0.110597
-0.300302
-0.201857
-0.446827
-0.225854
-0.032397
0.344269
0.538853
-0.261289
-0.187051
0.399128
-0.024218
-0.401799
-0.162741
-0.370941
-0.111408
0.548117
0.442350
0.347270
0.248892
0.102685
0.342243
0.100059
-0.325778
-0.135002
0.020995
-0.003938
-0.098852
-0.040940
-0.111639
-0.148251
-0.096902
-0.092497
0.034174
-0.006069
0.169633
0.056150
0.012116
0.061479
-0.111861
-0.080049
-0.083046
-0.043004
-0.039234
0.107932
-0.011714
-0.082520
0.092842
0.008308
-0.040881
-0.120359
-0.116957
-0.056930
-0.030219
-0.067281
-0.028746
0.021808
-0.053694
-0.000512
-0.007603
-0.042337
-0.014054
0.007046
-0.003545
-0.030741
-0.033929
-0.025201
0.000153
-0.030696
-0.042299
-0.023947
0.002878
0.022873
-0.024710
-0.053042
-0.040691
0.002714
0.003356
0.014464
0.010544
-0.013590
-0.030609
-0.014168
0.073330
0.014375
-0.077445
0.042902
0.132451
0.078449
-0.016957
0.051351
0.155002
0.060707
0.114199
0.181683
0.073998
-0.160780
-0.311311
-0.082230
0.093003
0.038045
-0.168156
-0.337386
-0.322395
-0.107246
0.133492
0.033634
0.121687
-0.010119
-0.256454
-0.135403
0.053362
-0.147599
-0.479935
0.178187
-0.025627
-0.388178
-0.014462
0.091837
0.371189
0.389140
0.428578
0.025055
0.141224
0.203490
0.119771
0.219954
-0.042220
-0.004050
-0.161208
-0.071267
-0.049042
0.142118
0.118097
0.030420
0.199221
-0.080406
-0.055093
-0.035866
-0.133448
-0.169943
-0.024023
0.022763
-0.053542
0.066842
0.052956
0.064643
0.044356
0.052116
0.030242
0.010844
0.019379
-0.027200
-0.042604
-0.087691
-0.047855
0.000066
-0.008589
-0.027581
-0.042885
-0.027676
-0.005959
0.010823
-0.010342
-0.012294
-0.014221
-0.054600
-0.079951
-0.049854
0.019882
0.017062
-0.014665
0.026041
0.044606
-0.047102
-0.038214
0.050138
-0.036626
-0.047324
0.052498
-0.029795
-0.074511
0.036741
-0.042393
-0.075745
-0.066465
-0.081902
0.055848
-0.025243
-0.021958
0.059556
-0.173520
-0.232455
0.320311
0.043890
-0.445297
-0.114157
-0.241081
0.084582
0.363650
0.141644
0.121518
0.110159
-0.388268
-0.221417
0.137957
-0.346673
-0.099174
0.192522
-0.014445
-0.318099
-0.207245
-0.090741
-0.115847
0.068440
0.111293
0.285488
0.326174
-0.058989
-0.058149
0.163649
-0.106507
-0.206145
0.114387
0.029427
0.017755
0.277172
-0.023975
0.017475
0.163461
0.061889
0.129799
0.039783
-0.100056
-0.061708
0.162039
0.135266
0.099159
0.061077
0.073568
0.101162
0.012137
0.076775
0.070064
0.055148
-0.023453
0.029020
0.032225
-0.050794
0.018515
0.016597
0.016845
0.014305
0.025348
0.028611
0.029678
0.000994
0.023506
0.042139
-0.021352
-0.004827
0.001183
0.016350
0.026696
-0.005209
-0.001031
0.014905
0.016337
0.004739
-0.016832
-0.017721
0.022701
0.007694
-0.055665
0.004306
0.043022
-0.016795
-0.032907
0.002347
-0.040274
-0.026124
0.081471
-0.008975
-0.017122
0.074605
-0.027235
-0.016336
-0.022632
-0.267128
-0.131425
0.083454
-0.000956
0.395953
0.441497
-0.118798
-0.033739
-0.014030
-0.283299
0.071625
0.211092
0.260242
0.472811
0.337485
0.269329
-0.369116
-0.400798
0.148792
0.115182
-0.038967
0.027233
-0.045271
-0.232061
0.084437
0.047622
-0.116503
-0.180323
-0.094716
-0.011359
0.078209
0.127756
-0.136548
0.371173
0.109244
-0.171018
-0.132257
-0.359926
0.072053
-0.017528
-0.079650
0.031432
-0.085479
-0.221248
-0.095684
-0.032620
-0.079324
-0.112229
-0.195454
-0.015877
-0.031341
-0.011722
0.064933
-0.061391
-0.028995
0.005820
0.029618
0.061171
-0.020691
-0.032844
0.011352
0.008287
-0.028271
-0.060371
-0.022052
-0.033114
-0.059716
-0.028629
-0.022047
-0.005539
0.023376
0.000899
-0.009767
-0.027994
-0.044419
0.021885
0.020246
-0.013080
0.011178
0.011373
-0.006660
-0.003645
-0.025504
-0.027962
0.015675
0.023311
0.007086
0.001514
0.001654
-0.033365
-0.054376
-0.026469
0.000582
0.019771
0.006523
0.047104
0.105111
-0.042357
0.014659
0.149732
0.069126
0.079391
-0.031836
-0.243485
-0.149241
0.266737
0.106144
0.120498
0.102448
-0.123301
0.156344
-0.092803
-0.434700
-0.383938
-0.099775
0.053628
0.078416
0.040189
-0.107623
0.000538
-0.140119
-0.325280
-0.333477
-0.412997
-0.285515
0.087528
0.214295
0.107347
0.244927
0.133520
0.176373
0.259440
-0.157308
-0.226842
-0.042642
-0.059034
0.281398
0.437516
0.160964
0.148310
0.056077
0.083513
0.154957
-0.010266
0.008339
0.028228
0.047561
0.076414
0.020561
-0.107792
-0.138509
-0.030182
-0.004553
-0.001926
0.046391
0.042269
0.041764
0.107657
0.010910
-0.019118
0.040897
-0.015045
0.033879
0.072136
0.022873
0.044298
0.039224
0.015776
0.040029
-0.010480
-0.057118
-0.033636
-0.028731
-0.009305
-0.000924
-0.005370
-0.011045
-0.008984
-0.011874
-0.012902
0.008848
0.003719
-0.012468
-0.004813
0.008106
-0.013390
0.002299
0.008334
0.054285
0.055741
-0.087319
-0.108218
-0.024484
0.034928
0.025219
0.148176
-0.008616
-0.166939
-0.024085
-0.009287
0.075564
0.248710
0.181431
-0.175359
-0.131785
0.034098
-0.026690
-0.050076
0.035202
0.228070
0.175091
-0.153022
-0.085906
-0.165970
-0.387275
0.068906
-0.022400
0.036152
0.475095
-0.114651
-0.534130
0.427435
0.178838
-0.374943
0.301404
-0.272212
-0.046576
0.465521
0.185471
-0.037442
-0.057053
-0.018656
0.043209
0.454006
-0.094522
0.047004
0.324139
0.058585
0.101765
0.027567
-0.112188
-0.249196
-0.111252
-0.259534
-0.066200
0.038717
-0.034183
0.148916
0.046442
0.018674
0.042967
-0.050831
-0.110754
-0.042916
-0.086001
-0.056383
-0.019502
-0.098136
-0.008792
0.068866
-0.008485
-0.075354
-0.044857
-0.018709
0.000808
-0.032476
-0.072680
-0.061645
-0.066564
-0.069351
-0.049925
-0.041601
-0.034042
-0.003510
-0.011894
-0.028009
-0.017171
-0.003749
-0.009203
-0.039033
-0.063195
-0.045460
-0.035803
-0.043297
-0.019849
0.011243
-0.000331
-0.035179
-0.035320
-0.038324
-0.063895
-0.003413
0.094962
-0.048291
-0.097282
-0.071924
-0.221005
-0.154783
0.213190
0.217256
-0.034371
0.000096
-0.149794
-0.116927
-0.000690
0.067510
-0.102592
-0.270676
-0.032062
0.318430
0.339089
-0.142247
-0.080722
0.410051
0.067871
-0.120300
0.308133
-0.116811
0.200409
0.949203
0.116722
-0.293393
0.374324
0.011592
-0.153422
0.313484
-0.438288
-0.537397
-0.122235
-0.431181
-0.174570
-0.066831
-0.267293
-0.044984
0.285595
0.042580
0.148585
0.302098
-0.191952
0.042144
0.200135
0.119527
0.211660
0.129470
-0.025126
0.174400
0.140604
-0.143091
0.073297
-0.053224
-0.143052
-0.016272
-0.151184
-0.215203
-0.083839
-0.090379
-0.061355
0.024177
-0.120568
-0.026914
0.067560
0.002180
0.006410
0.011767
-0.021339
-0.031537
-0.030909
-0.049731
0.013686
-0.010613
-0.048176
-0.008667
-0.005412
-0.021474
-0.022082
-0.016658
-0.038702
-0.034391
-0.035136
-0.018219
-0.016726
-0.029105
-0.005738
0.010471
-0.011267
-0.039924
-0.014178
-0.001283
0.026511
-0.012707
-0.079000
-0.027308
0.069201
0.010457
-0.146000
-0.142093
-0.048370
0.054147
0.116817
0.117396
-0.042764
-0.255505
-0.056627
0.134552
-0.009174
0.017298
0.114177
-0.135015
0.242800
0.336389
-0.385344
-0.072226
0.166309
-0.035876
0.068393
0.089070
0.041733
0.255421
0.741382
0.137385
-0.383938
-0.168717
-0.173839
0.231030
0.360087
-0.064368
-0.076232
0.082874
-0.450044
-0.113569
-0.008680
-0.686111
-0.124251
0.232822
0.130912
0.123212
-0.002063
-0.203888
-0.089000
0.042740
0.003580
0.068442
-0.120673
-0.103705
-0.108080
-0.028865
-0.074669
-0.196420
-0.134238
-0.074995
0.038350
-0.067478
-0.051662
0.025806
0.058725
0.058540
0.029934
-0.035998
-0.086612
0.011623
0.068688
0.088116
0.020966
0.002273
0.041795
-0.008169
-0.006133
0.013427
-0.009738
-0.016488
0.001175
0.007985
0.016613
-0.001771
-0.008059
0.017853
0.021372
0.022397
0.019012
0.015467
0.021027
0.013520
0.017372
0.027722
0.005435
-0.037794
-0.016741
0.040253
0.061381
0.006149
-0.069284
-0.038922
-0.029214
-0.018790
0.052581
0.073897
0.051937
0.039136
-0.042240
-0.129872
0.026662
0.138543
0.106812
0.115328
0.078909
-0.103765
-0.240228
0.049033
0.242168
0.068369
0.102635
0.223069
-0.008385
0.073461
0.224727
-0.103989
-0.111866
0.280051
0.216319
-0.176457
0.152421
-0.095779
-0.764882
-0.144398
0.248392
-0.071894
-0.236939
0.254181
0.067652
-0.270473
0.170478
-0.051793
-0.069381
0.092755
-0.022851
-0.108119
0.095777
-0.081800
-0.187525
-0.002671
-0.164575
0.035455
0.037960
0.021849
0.176880
0.103995
0.052442
0.011623
-0.012143
-0.157223
-0.101226
-0.035790
-0.095341
-0.076733
0.010145
0.067969
0.017869
0.024480
-0.005365
-0.019452
-0.036151
-0.019572
0.026087
-0.023932
-0.018558
-0.002649
-0.017637
-0.008650
0.000186
0.017920
0.033016
0.014470
-0.001602
0.019925
0.005829
-0.012107
-0.021280
-0.028929
-0.008406
-0.001313
-0.010855
0.005727
0.018475
0.002613
-0.014186
0.001339
0.007959
-0.008011
0.004004
0.020993
-0.015249
-0.037222
-0.017534
-0.040265
-0.025813
0.028930
0.014145
-0.020080
-0.005735
-0.013631
-0.028976
0.003512
-0.000273
-0.004590
0.010136
0.003373
0.009267
0.020231
0.013622
0.008863
0.015866
0.003389
0.007048
0.012470
0.002043
0.005734
0.006607
-0.002831
-0.002543
0.007461
0.000555
-0.000467
0.006426
0.000849
-0.002319
0.006590
0.012493
0.007875
0.002613
-0.000742
0.000352
0.003164
0.007957
0.008604
0.000185
-0.000745
-0.000289
-0.000758
0.003777
0.004444
0.001843
-0.001877
0.000486
0.001688
0.000334
0.001540
0.002040
0.000730
-0.001259
-0.000418
0.000673
0.002547
0.001984
0.001353
0.000622
0.000704
0.000964
0.000709
0.000560
0.000869
0.000009
-0.000566
-0.000757
0.000374
0.000942
0.000878
0.000409
0.000023
-0.000198
0.000102
0.000612
0.000925
0.000824
0.000441
0.000001
-0.000047
-0.000112
0.000112
0.000387
0.000199
-0.000153
-0.000199
-0.000279
-0.000008
0.000374
0.000127
-0.000301
-0.000366
-0.000364
-0.000083
0.000502
0.000396
-0.000157
-0.000401
-0.000461
-0.000403
0.000006
0.000176
-0.000125
-0.000507
-0.000648
-0.000581
-0.000348
-0.000109
-0.000110
-0.000451
-0.000673
-0.000429
-0.000247
-0.000159
-0.000120
-0.000165
-0.000388
-0.000230