0.147369
0.169525
0.129396
0.052510
-0.021615
-0.054606
-0.023932
0.068453
0.196814
0.321431
0.403731
0.420986
0.374965
0.291217
0.209287
0.167581
0.188663
0.270617
0.387749
0.500383
0.569994
0.573904
0.513934
0.415689
0.318772
0.261645
0.266936
0.332789
0.433576
0.529683
0.582651
0.569870
0.493223
0.378384
0.265019
0.191657
0.180989
0.231222
0.316790
0.398139
0.436869
0.410424
0.320743
0.193550
0.068561
-0.015650
-0.036349
0.004712
0.082000
0.155997
0.188330
0.156469
0.062374
-0.068213
-0.195563
-0.281092
-0.302062
-0.260224
-0.181112
-0.104253
-0.068032
-0.094993
-0.183194
-0.306919
-0.426465
-0.503279
-0.514657
-0.462387
-0.372047
-0.283205
-0.234295
-0.247911
-0.322164
-0.431392
-0.535950
-0.597343
-0.592930
-0.524560
-0.417873
-0.312505
-0.246953
-0.243876
-0.301453
-0.394086
-0.482197
-0.527355
-0.506983
-0.422993
-0.301087
-0.180962
-0.101170
-0.084430
-0.128972
-0.209252
-0.285738
-0.320048
-0.289645
-0.196482
-0.066298
0.061181
0.147369
0.169525
0.129396
0.052510
-0.021615
-0.054606
-0.023932
0.068453
0.196814
0.321431
0.403731
0.420986
0.374965
0.291217
0.209287
0.167581
0.188663
0.270617
0.387749
0.500383
0.569994
0.573904
0.513934
0.415689
0.318772
0.261645
0.266936
0.332789
0.433576
0.529683
0.582651
0.569870
0.493223
0.378384
0.265019
0.191657
0.180989
0.231222
0.316790
0.398139
0.436869
0.410424
0.320743
0.193550
0.068561
-0.015650
-0.036349
0.004712
0.082000
0.155997
0.188330
0.156469
0.062374
-0.068213
-0.195563
-0.281092
-0.302062
-0.260224
-0.181112
-0.104253
-0.068032
-0.094993
-0.183194
-0.306919
-0.426465
-0.503279
-0.514657
-0.462387
-0.372047
-0.283205
-0.234295
-0.247911
-0.322164
-0.431392
-0.535950
-0.597343
-0.592930
-0.524560
-0.417873
-0.312505
-0.246953
-0.243876
-0.301453
-0.394086
-0.482197
-0.527355
-0.506983
-0.422993
-0.301087
-0.180962
-0.101170
-0.084430
-0.128972
-0.209252
-0.285738
-0.320048
-0.289645
-0.196482
-0.066298
0.061181
1.124545
1.393348
1.365226
1.048850
0.562071
0.086923
-0.199900
-0.194508
0.094518
0.549434
0.988333
1.234663
1.184695
0.847184
0.340068
-0.154543
-0.459874
-0.471966
-0.199328
0.240359
0.665250
0.898846
0.837470
0.489922
-0.025823
-0.527617
-0.838660
-0.854969
-0.585036
-0.146531
0.278703
0.514169
0.456180
0.113524
-0.395842
-0.889799
-1.191574
-1.197222
-0.915278
-0.463460
-0.023660
0.227564
0.186465
-0.138237
-0.628656
-1.102746
-1.383815
-1.367998
-1.063914
-0.589370
-0.126347
0.148505
0.131346
-0.169198
-0.635337
-1.085121
-1.341953
-1.302064
-0.974170
-0.476168
0.009865
0.307190
0.311878
0.032468
-0.413334
-0.843655
-1.081979
-1.024606
-0.680324
-0.167094
0.332948
0.643007
0.659102
0.389730
-0.047443
-0.470581
-0.703193
-0.641604
-0.294616
0.219797
0.719495
1.027684
1.040392
0.766127
0.322577
-0.108400
-0.350279
-0.299350
0.035627
0.536725
1.021858
1.314289
1.310107
1.017889
0.555390
0.104548
-0.158038
-0.128575
0.184263
0.662635
1.124545
1.393348
1.365226
1.048850
0.562071
0.086923
-0.199900
-0.194508
0.094518
0.549434
0.988333
1.234663
1.184695
0.847184
0.340068
-0.154543
-0.459874
-0.471966
-0.199328
0.240359
0.665250
0.898846
0.837470
0.489922
-0.025823
-0.527617
-0.838660
-0.854969
-0.585036
-0.146531
0.278703
0.514169
0.456180
0.113524
-0.395842
-0.889799
-1.191574
-1.197222
-0.915278
-0.463460
-0.023660
0.227564
0.186465
-0.138237
-0.628656
-1.102746
-1.383815
-1.367998
-1.063914
-0.589370
-0.126347
0.148505
0.131346
-0.169198
-0.635337
-1.085121
-1.341953
-1.302064
-0.974170
-0.476168
0.009865
0.307190
0.311878
0.032468
-0.413334
-0.843655
-1.081979
-1.024606
-0.680324
-0.167094
0.332948
0.643007
0.659102
0.389730
-0.047443
-0.470581
-0.703193
-0.641604
-0.294616
0.219797
0.719495
1.027684
1.040392
0.766127
0.322577
-0.108400
-0.350279
-0.299350
0.035627
0.536725
1.021858
1.314289
1.310107
1.017889
0.555390
0.104548
-0.158038
-0.128575
0.184263
0.662635