-0.019485
-0.019967
-0.017359
-0.015148
-0.018486
-0.016224
-0.012631
-0.012909
-0.013226
-0.011995
-0.014750
-0.015348
-0.012042
-0.010919
-0.009568
-0.007748
-0.005865
-0.008385
-0.008464
-0.007466
-0.007240
-0.006897
-0.006214
-0.008456
-0.009006
-0.004475
0.000328
0.006796
0.003518
0.000555
-0.001160
0.003959
0.014910
0.009366
-0.003802
-0.010157
0.000609
0.021994
0.033622
0.036163
0.026489
0.011814
-0.015088
-0.026217
-0.025190
-0.015020
-0.001823
0.002686
0.018775
0.026236
0.036898
-0.005043
-0.054346
-0.070888
-0.052276
0.002423
0.021510
-0.004081
-0.019688
-0.018107
-0.060010
-0.094505
-0.108047
-0.097045
-0.035565
-0.064671
-0.066609
0.005319
0.020578
0.012236
-0.012687
-0.050541
-0.035708
0.000988
0.013596
0.060790
0.082201
0.070223
0.079167
0.075181
0.056570
0.055551
0.023751
0.022846
0.027201
-0.008914
-0.023409
-0.017996
-0.011165
-0.006249
-0.003314
0.002355
0.018767
0.029136
0.024264
0.020057
0.013147
0.009517
0.013265
0.009347
0.007631
0.008274
0.010016
0.010858
0.013106
0.011346
0.009428
0.006867
0.007216
0.005702
0.003866
0.004361
0.004372
0.004696
0.006469
0.007281
0.005591
0.003930
0.003804
0.003910
0.004814
0.004649
0.001254
0.002188
0.004096
0.003316
-0.001579
-0.005472
-0.002567
0.002782
0.002849
0.008175
0.010879
0.012644
0.007995
-0.000895
-0.001364
-0.001615
0.002332
0.012572
0.023994
0.026483
0.012838
0.005280
0.017328
0.031177
0.014625
-0.011184
0.007574
0.032823
0.059861
0.032922
-0.022502
-0.045467
-0.078173
-0.075876
-0.045833
-0.015750
0.026398
0.040893
-0.002041
-0.013602
0.019131
-0.012837
-0.066738
-0.113079
-0.092652
0.020700
0.069164
0.070404
0.097235
0.096338
0.118003
0.124139
0.069559
0.027401
0.018599
0.020489
0.017343
0.002385
-0.034553
-0.020635
-0.013929
-0.024176
-0.011833
-0.012592
0.013609
0.019843
0.010273
0.002099
-0.003849
-0.005569
-0.012646
-0.017895
-0.029067
-0.020045
-0.018606
-0.016538
-0.010760
-0.020931
-0.021130
-0.020072
-0.024714
-0.026110
-0.021725
-0.022465
-0.022108
-0.019418
-0.019576
-0.017129
-0.016587
-0.017474
-0.017410
-0.017474
-0.018460
-0.016354
-0.015284
-0.015679
-0.015387
-0.015590
-0.015534
-0.015903
-0.011791
-0.008730
-0.010223
-0.017497
-0.022483
-0.016434
-0.012616
-0.008503
-0.009863
-0.013012
-0.009772
-0.009987
-0.007521
-0.006186
-0.010700
-0.007230
0.000391
0.013775
0.018971
0.016113
0.025962
0.043332
0.058500
0.056639
0.046715
0.026813
-0.001755
-0.020786
-0.014888
0.004734
-0.020034
-0.064684
-0.092785
-0.072823
-0.026257
-0.016309
-0.009308
-0.027803
-0.025737
-0.033292
-0.053199
-0.054686
-0.089074
-0.091000
-0.101370
-0.089841
-0.087373
-0.075232
-0.015240
0.049222
0.092750
0.057045
0.071933
0.089435
0.104200
0.101560
0.061580
0.041831
0.028227
0.027493
0.012305
0.025045
0.045208
0.053254
0.054007
0.042489
0.032260
0.018787
0.007108
-0.007359
-0.011011
-0.016381
-0.017330
-0.004807
-0.002291
0.000727
0.003356
0.004241
0.001538
0.003249
0.000429
-0.003765
-0.005475
-0.007477
-0.010202
-0.012397
-0.009759
-0.009438
-0.007672
-0.007156
-0.007247
-0.008753
-0.010662
-0.008817
-0.008014
-0.009603
-0.011954
-0.012640
-0.010304
-0.007779
-0.003898
-0.002997
-0.001235
-0.000110
-0.004223
-0.010735
-0.009036
-0.007192
-0.007505
-0.005572
-0.010512
-0.010630
-0.013747
-0.019404
-0.021056
-0.019690
-0.023942
-0.011360
-0.007791
-0.030439
-0.023398
-0.039250
-0.028793
-0.012417
-0.046430
-0.079032
-0.085178
-0.048417
0.012960
0.043248
0.005980
0.014932
-0.003025
-0.030429
-0.027090
-0.050319
-0.047213
-0.036678
-0.048712
-0.058774
-0.068472
-0.091676
-0.069004
-0.033193
-0.017945
0.008394
0.035466
0.047064
0.033796
0.002612
0.005921
-0.003394
-0.006111
-0.000820
0.002290
0.033281
0.029350
0.015292
0.029158
0.043474
0.042859
0.046100
0.028767
0.020876
0.043202
0.041030
0.045674
0.049350
0.040963
0.049850
0.055714
0.049837
0.040393
0.033546
0.027940
0.030088
0.025141
0.024869
0.025638
0.021424
0.021467
0.020220
0.020460
0.019286
0.020539
0.018768
0.015923
0.013921
0.013568
0.012071
0.010880
0.010954
0.012049
0.013877
0.013021
0.012236
0.011613
0.008135
0.006028
0.005400
0.006525
0.007412
0.004709
0.002561
0.001680
0.004506
0.003594
-0.002477
-0.003403
0.002542
0.005758
0.008572
0.005793
0.001082
0.008007
-0.000915
-0.015865
-0.027793
-0.049711
-0.030913
0.003107
0.025571
0.063277
0.049210
0.014766
0.011960
-0.015127
0.007491
0.036676
0.049382
0.106694
0.132469
0.112305
0.071455
0.027807
0.008111
0.050926
0.052832
0.026806
0.000349
-0.009819
0.021027
0.008909
-0.009365
-0.030425
-0.023804
-0.014648
-0.000710
0.018450
-0.003074
0.024810
0.032098
0.018093
-0.009032
-0.044281
-0.038724
-0.011352
-0.011456
-0.049384
-0.049892
-0.052182
-0.038806
-0.034175
-0.056199
-0.046736
-0.051473
-0.063451
-0.045469
-0.042491
-0.031891
-0.026464
-0.033390
-0.019929
-0.018678
-0.019525
-0.009122
-0.011759
-0.012553
-0.012128
-0.018688
-0.016869
-0.016376
-0.020827
-0.020434
-0.019057
-0.018065
-0.014057
-0.013525
-0.012256
-0.013394
-0.013378
-0.012188
-0.011797
-0.011367
-0.010487
-0.007476
-0.005011
-0.005558
-0.007748
-0.013433
-0.014337
-0.009797
-0.004372
-0.000341
-0.002590
-0.005810
-0.010564
-0.014215
-0.012892
-0.011045
-0.007467
0.000013
0.003308
0.007138
0.009851
0.014773
0.016422
0.032250
0.027415
0.009101
-0.006488
-0.025358
0.014794
0.037092
0.044043
0.035904
0.016413
0.024798
0.019546
-0.025297
-0.079211
-0.076234
-0.043885
-0.009503
-0.008542
-0.040872
-0.036962
-0.036726
-0.070227
-0.122327
-0.156104
-0.145207
-0.109525
-0.064099
-0.043299
-0.023403
0.004585
0.020326
0.035331
0.020500
-0.031206
-0.037616
-0.021567
0.014699
0.057734
0.056403
0.062698
0.079306
0.080901
0.083412
0.076457
0.055453
0.054562
0.057672
0.049006
0.045031
0.026104
0.012792
0.012264
0.005874
0.008253
0.008373
0.009687
0.013715
0.013071
0.010476
0.009218
0.011308
0.015585
0.014630
0.016139
0.017154
0.016519
0.018857
0.013460
0.009177
0.008068
0.004989
0.004997
0.004366
0.002451
0.003435
0.004682
0.005438
0.006195
0.005587
0.005373
0.005947
0.005610
0.003365
0.000724
0.002375
0.002865
0.003741
0.003193
0.007655
0.008044
0.003174
-0.008628
-0.017888
-0.006021
0.003544
0.011678
0.000960
-0.010579
-0.016853
-0.011667
0.009841
0.027510
0.035032
0.016189
-0.006126
-0.006778
-0.000615
0.006746
0.013297
0.008944
0.034003
0.038030
-0.007654
-0.039834
-0.044760
-0.049638
-0.024289
-0.004833
-0.002518
0.033146
-0.019681
-0.019098
0.019645
0.009896
0.014337
-0.032099
-0.026766
0.038015
0.072303
0.017285
0.010530
0.013330
0.020661
0.088382
0.062609
0.057055
0.079478
0.083224
0.085123
0.064304
0.026853
0.004463
0.001595
-0.027578
-0.038794
-0.028037
-0.016549
0.001279
0.011197
0.007795
0.011878
0.010565
-0.003386
-0.014507
-0.028370
-0.033075
-0.033167
-0.031814
-0.027979
-0.025057
-0.025105
-0.023069
-0.019762
-0.021930
-0.019895
-0.020293
-0.023254
-0.025333
-0.026481
-0.027972
-0.029753
-0.026523
-0.025157
-0.024669
-0.022244
-0.021223
-0.020989
-0.021232
-0.021963
-0.022858
-0.023068
-0.022954
-0.022338
-0.021102
-0.022119
-0.020459
-0.018826
-0.016359
-0.019272
-0.026660
-0.026398
-0.022308
-0.016496
-0.014597
-0.023836
-0.043473
-0.048726
-0.050192
-0.022414
0.004932
0.006735
-0.001376
-0.031851
-0.031319
-0.018716
-0.017197
-0.036023
-0.054639
-0.047399
-0.007377
0.025066
0.026789
-0.002916
-0.004475
0.041896
0.055634
0.026275
0.025131
0.073940
0.140993
0.173387
0.108515
0.090354
0.111471
0.105725
0.104592
0.015354
-0.059792
-0.051246
-0.074728
-0.098456
-0.091717
-0.094817
-0.088069
-0.023851
-0.011969
-0.005569
0.014256
-0.006133
0.007160
0.019683
0.021189
0.031510
0.048359
0.038857
0.041065
0.047243
0.032646
0.027151
0.023699
0.008816
0.001135
-0.007219
-0.023792
-0.019084
-0.021057
-0.028458
-0.020595
-0.017248
-0.014441
-0.012287
-0.017070
-0.019008
-0.015567
-0.020317
-0.023019
-0.020055
-0.025897
-0.024132
-0.021851
-0.022705
-0.022271
-0.020485
-0.020223
-0.018286
-0.018126
-0.021815
-0.021675
-0.019796
-0.016901
-0.018165
-0.017899
-0.015023
-0.010787
-0.007978
-0.009585
-0.013899
-0.013661
-0.006369
-0.006808
-0.011503
-0.014492
-0.011293
-0.004036
-0.017486
-0.036789
-0.037186
-0.019676
0.007325
0.010887
-0.015557
-0.024820
-0.029646
-0.016717
0.010605
-0.005738
-0.001431
0.000394
0.015984
0.042707
0.008926
-0.016075
-0.019455
0.003127
0.025801
0.017427
0.013507
0.056965
0.128428
0.119769
0.063594
0.003677
0.008612
0.061849
0.087846
0.069167
0.005547
0.013735
0.008219
-0.028402
-0.052284
-0.094642
-0.095766
-0.045648
-0.020091
-0.006549
-0.002248
-0.048726
-0.031594
-0.002024
-0.016839
-0.014642
-0.028092
-0.038929
-0.039784
-0.051651
-0.067269
-0.065036
-0.067924
-0.064104
-0.053580
-0.047261
-0.031865
-0.030456
-0.022386
-0.011545
-0.010622
-0.010244
-0.006738
-0.003558
-0.002416
-0.002589
-0.002920
0.000703
0.002101
0.003032
0.003714
0.000899
0.000517
0.000859
0.000797
0.001625
0.003678
0.004519
0.004865
0.002634
0.001526
0.003751
0.003869
0.004497
0.003102
0.002791
0.006091
0.008306
0.006410
0.000120
-0.001847
0.002649
0.009987
0.010779
0.001004
-0.010342
-0.011963
-0.003517
0.000190
0.007835
0.012961
0.012885
0.010685
-0.001817
0.001266
0.016062
0.030994
0.038479
0.025279
0.005001
-0.005379
-0.005738
0.013046
0.036797
0.042615
0.040985
0.041974
0.063879
0.064210
0.051140
0.043428
0.047509
0.073305
0.063151
0.043667
-0.007474
-0.051848
-0.054920
-0.061037
-0.029583
-0.022814
-0.027416
-0.029996
-0.006163
0.005650
-0.021273
-0.020484
-0.006445
0.004370
-0.023648
-0.021394
-0.024052
-0.044071
-0.043633
-0.061230
-0.052189
-0.013154
-0.001942
0.005303
0.025774
0.026143
0.022014
0.016461
-0.002877
-0.003429
-0.014372
-0.027277
-0.023803
-0.021914
-0.016803
-0.010519
-0.004296
-0.002388
-0.003661
-0.004312
-0.002577
-0.006478
-0.007002
-0.007757
-0.010302
-0.009689
-0.006478
-0.006855
-0.008338
-0.006378
-0.005362
-0.005370
-0.002750
-0.001599
-0.003096
-0.004698
-0.003925
-0.003864
-0.003284
-0.000886
-0.000515
-0.000640
-0.000576
-0.001059
-0.002851
-0.002492
-0.001697
-0.000997
0.000781
0.001862
-0.000832
-0.005694
-0.007632
-0.005882
-0.004081
-0.002593
-0.003159
-0.004660
-0.007231
-0.008570
-0.006505
-0.006219
-0.006847
-0.004298
-0.002247
-0.001506
0.001733
0.002240
0.001742
0.003671
0.003716
0.002634
0.002844
0.002382
0.001728
0.001546
0.001065
0.000929
0.001138
0.001325
0.001674
0.001593
0.001343
0.001406
0.001752
0.002029
0.002143
0.002383
0.002322
0.002184
0.002006
0.001976
0.001793
0.001737
0.001837
0.001804
0.001658
0.001636
0.001583
0.001458
0.001443
0.001525
0.001468
0.001439
0.001418
0.001301
0.001137
0.001115
0.001139
0.001113
0.001140
0.001087
0.001009
0.001027
0.001042
0.000901
0.000754
0.000714
0.000708
0.000735
0.000754
0.000678
0.000537
0.000453
0.000443
0.000452
0.000449
0.000440
0.000476
0.000452
0.000406
0.000419
0.000424
0.000385
0.000363
0.000297
0.000162
0.000125
0.000122
0.000107
0.000102
0.000091
0.000028
-0.000034
-0.000047
-0.000053
-0.000042
-0.000013
0.016566
0.040020
0.064711
-0.039717
-0.087715
0.085269
0.132192
-0.068638
-0.032162
-0.006888
-0.043775
0.099311
0.150178
0.094390
0.058529
-0.064624
-0.169279
-0.139826
-0.026931
-0.058877
0.113092
0.006387
-0.025789
0.256900
0.112911
-0.235403
-0.258626
-0.393578
-0.135417
0.622031
-0.103472
-0.360203
0.446130
-0.094275
-0.616032
-0.194392
-0.093818
-0.080421
0.053354
-0.218647
0.066008
0.259856
0.014983
0.292068
-0.181766
-0.254444
0.124941
0.005696
0.201465
0.474238
0.118799
0.050830
0.228758
0.023070
-0.014897
0.072624
0.008103
-0.004239
0.026598
-0.190283
-0.121056
-0.128322
-0.078929
0.052659
-0.023769
0.077413
0.102355
0.093988
0.129031
0.004179
-0.081210
0.007567
0.049056
0.042879
0.047672
0.016396
0.045135
0.046161
0.019424
-0.014454
-0.022010
-0.027806
-0.043132
-0.051699
-0.035698
0.007542
0.000503
0.015932
0.027621
0.016882
-0.000632
-0.007254
0.010880
0.031680
0.014962
-0.030590
-0.021523
0.012222
0.022835
0.023482
-0.029304
-0.033566
0.002007
-0.023514
-0.011199
0.042471
0.078048
0.034775
-0.026371
-0.016849
0.024099
-0.038140
-0.007756
0.065559
0.194888
0.079322
-0.228427
0.007917
0.310246
-0.068781
-0.148662
0.062684
-0.115920
0.091960
0.460215
-0.035622
-0.366318
-0.126310
-0.321805
-0.214214
-0.142615
0.136815
0.663863
-0.202743
-0.442393
0.408150
0.199640
-0.340080
-0.200911
-0.322178
-0.180328
0.432026
0.423097
0.286920
0.115816
0.078052
0.460222
0.243597
-0.282076
-0.082685
0.045692
0.023742
-0.132553
-0.159289
0.001979
-0.184356
-0.132687
0.071188
0.019983
-0.151842
0.204311
0.115775
-0.175671
0.042504
-0.083027
-0.060558
0.008976
0.034512
0.031396
0.020475
-0.032517
-0.007171
0.053312
-0.122885
-0.132587
-0.083911
-0.045325
-0.065423
-0.067635
-0.023042
-0.018811
-0.012178
-0.006944
-0.012911
-0.068616
-0.006900
0.016251
-0.000940
-0.016248
-0.022512
0.002645
-0.019207
-0.023530
-0.029662
-0.031119
-0.037726
-0.020039
0.020184
-0.016885
-0.053999
-0.040924
0.001754
0.007824
0.008783
-0.002862
-0.001123
-0.027224
-0.038152
0.080658
0.044350
-0.078012
-0.016211
0.127539
0.129310
-0.034209
-0.011579
0.165120
0.086071
0.092469
0.171552
0.118505
-0.057734
-0.295060
-0.125620
0.106638
0.064761
-0.106061
-0.351664
-0.345157
-0.128698
0.131610
0.035302
-0.044646
0.057695
-0.169200
-0.241120
0.086189
0.011375
-0.521815
0.010876
0.167210
-0.385559
-0.129788
0.020508
0.304241
0.320021
0.392340
0.048897
-0.009188
0.365200
0.186812
0.203436
-0.017414
0.016264
-0.050047
-0.025622
-0.023094
0.069422
0.123746
0.033104
0.150482
-0.021558
-0.064125
-0.103578
-0.058983
-0.096996
-0.076584
0.004183
-0.023363
0.075062
0.062747
0.064421
0.028542
0.032041
0.001458
0.021256
0.028257
-0.071372
-0.080993
-0.065813
-0.009402
-0.029721
-0.019350
-0.018790
-0.024291
-0.005016
-0.024860
-0.028608
-0.018115
-0.002718
-0.025548
-0.044729
-0.046865
-0.019803
0.021636
0.026990
-0.014003
-0.007767
0.053230
-0.030049
-0.084914
0.052243
-0.003456
-0.084341
0.053040
0.008925
-0.099388
0.033848
-0.006884
-0.088799
-0.050880
-0.125618
0.054219
0.020248
-0.123660
0.119252
-0.092335
-0.358374
0.272087
0.244420
-0.467293
-0.160086
-0.230332
0.005487
0.400626
0.056039
0.062723
0.153536
-0.247234
-0.268771
0.181173
-0.236006
-0.219448
0.119710
0.124449
-0.305637
-0.350532
0.004047
-0.093528
-0.054568
0.108778
0.206336
0.250212
0.090875
-0.112138
0.118813
0.007684
-0.214097
0.117143
0.145826
-0.058876
0.250801
0.077598
-0.127550
0.122893
0.115789
0.113580
-0.009300
-0.040544
0.038572
0.096655
0.093597
0.118520
0.068109
0.044925
0.141931
0.073910
0.107641
0.068785
0.008844
0.016649
0.013247
-0.034106
-0.008215
0.049503
-0.018297
0.032776
0.027596
0.022211
0.007087
0.000709
0.041785
0.021312
-0.006932
-0.009737
0.015714
0.011613
0.026563
0.002808
0.007706
0.022824
0.009136
0.000379
-0.011634
-0.023244
-0.028022
0.019877
0.031624
-0.048548
-0.028696
0.063242
0.020562
-0.055208
-0.007566
-0.015078
-0.065634
0.080344
0.029316
-0.082798
0.092296
0.011067
-0.057990
0.068552
-0.249799
-0.206989
0.139804
-0.087857
0.255896
0.514554
-0.106299
-0.056753
0.041432
-0.177049
0.026665
0.123564
0.253169
0.398659
0.239058
0.433717
-0.222675
-0.534138
0.218432
0.238671
-0.025655
-0.080434
-0.000305
-0.222763
0.001080
0.132349
-0.200145
-0.147151
-0.059377
-0.022685
0.159556
0.065644
-0.232866
0.276214
0.154175
-0.099665
-0.112511
-0.372946
0.198753
0.006114
-0.084768
0.001382
-0.282750
-0.145293
-0.054697
-0.101960
-0.068448
-0.116745
-0.158457
-0.012767
-0.049732
-0.017295
-0.012337
-0.050766
-0.018854
0.057190
0.020912
-0.010049
0.065874
-0.009872
-0.000842
-0.005072
-0.070677
-0.025142
-0.016630
-0.054157
-0.044333
-0.048954
-0.033564
0.033372
0.014449
-0.007975
-0.031316
-0.037714
0.012018
0.005083
-0.011608
0.012417
0.017234
0.020914
0.003232
-0.012102
0.005878
-0.039024
-0.031330
0.034256
0.013820
-0.011951
0.001979
-0.026874
-0.036867
-0.021671
-0.015895
0.031272
-0.001250
0.006132
0.116632
-0.004867
-0.061808
0.172598
0.080875
0.063497
0.066010
-0.225093
-0.215358
0.245606
0.157577
0.054725
0.096847
-0.156918
0.181659
0.066730
-0.357618
-0.444099
-0.168886
0.120002
0.044409
-0.034337
-0.147301
-0.029249
-0.005736
-0.259297
-0.322972
-0.394876
-0.321155
0.054296
0.135106
0.001758
0.150132
0.077290
0.179932
0.357668
-0.053072
-0.208132
-0.051616
-0.026676
0.231469
0.334410
0.075301
0.115339
0.108825
0.204326
0.219985
-0.021111
0.046618
0.053851
0.035291
0.038899
-0.035741
-0.089619
-0.075213
0.056566
0.018317
-0.007662
0.074448
0.048392
0.024420
0.013413
-0.060505
-0.026328
0.022694
0.035168
0.071069
0.065657
0.064886
0.029527
0.042669
0.024327
-0.041781
-0.039568
-0.039421
-0.028266
-0.009476
-0.003448
-0.001586
-0.001184
-0.005469
0.004724
-0.015811
-0.031936
0.005787
0.008749
-0.004673
-0.000895
0.012215
0.009731
0.002955
0.011225
0.031382
0.071149
-0.060723
-0.141591
-0.044273
0.046354
0.004401
0.110871
0.056666
-0.186697
-0.049012
0.028801
0.023605
0.171606
0.257481
-0.127514
-0.198340
0.067994
0.039386
-0.025011
-0.080506
0.167429
0.291520
-0.148230
-0.121399
-0.015871
-0.457291
0.076216
0.066328
-0.250863
0.536880
0.089252
-0.685536
0.262296
0.412166
-0.381580
0.210172
-0.145271
-0.195072
0.466110
0.268785
-0.039028
-0.222663
0.063443
0.098847
0.375154
0.012479
-0.030908
0.288431
0.108683
0.149635
-0.088536
-0.051840
-0.069305
-0.163448
-0.147555
-0.047142
-0.115791
0.019178
0.124173
-0.071887
0.021719
0.035918
-0.006524
-0.072114
-0.004894
-0.046994
-0.109751
-0.087805
-0.028675
0.041166
-0.031496
-0.037268
-0.058240
-0.002854
-0.005062
-0.057301
-0.063657
-0.071815
-0.062073
-0.070133
-0.062793
-0.065394
-0.023910
0.010737
0.007882
-0.025927
-0.026255
-0.008901
-0.021421
-0.032734
-0.046827
-0.053206
-0.038456
-0.019847
-0.033841
-0.022750
0.009284
0.007323
-0.040148
-0.060566
-0.030585
-0.060771
-0.054240
0.103091
0.007797
-0.137015
-0.012238
-0.170463
-0.222330
0.136930
0.261590
-0.033371
-0.061920
-0.099222
-0.094048
-0.017806
0.101053
-0.028316
-0.323377
-0.092686
0.226885
0.447353
-0.079794
-0.334347
0.408996
0.312378
-0.240300
0.297688
-0.011720
-0.087224
0.993845
0.386273
-0.502191
0.241013
0.334741
-0.094831
0.283881
-0.262746
-0.588630
-0.092685
-0.307732
-0.270157
-0.151666
-0.299437
-0.132672
0.213163
0.174710
0.007608
0.170648
-0.031769
0.048761
0.109017
0.143390
0.248968
0.041354
0.097004
0.254841
0.073315
-0.142449
0.065542
0.015961
-0.107424
-0.146171
-0.174276
-0.172153
-0.095940
-0.048822
-0.100761
-0.019605
-0.034736
0.054110
0.044683
-0.027119
0.007032
0.002639
-0.011082
-0.046149
-0.025056
-0.013733
0.003622
-0.029172
-0.027851
-0.020768
-0.062119
-0.038571
-0.032652
-0.045055
-0.046665
-0.026758
-0.030048
-0.018243
-0.013208
-0.005983
0.011373
-0.005549
0.008504
-0.025515
-0.029952
-0.007959
0.023862
0.015702
-0.064900
-0.073365
0.074754
0.077038
-0.135223
-0.168499
-0.075681
0.055453
0.114153
0.059158
0.031879
-0.252129
-0.147024
0.238091
-0.025318
-0.060401
0.165553
-0.177877
0.135373
0.477221
-0.292858
-0.251518
0.181660
0.114319
0.011487
0.033148
0.056311
0.052503
0.750901
0.417170
-0.522014
-0.165631
-0.062144
0.224220
0.444206
-0.118288
-0.198372
0.141723
-0.232406
-0.209460
0.024074
-0.559415
-0.303563
0.203196
0.218742
0.004055
-0.135201
-0.137693
-0.078777
0.040050
0.055743
0.067869
-0.145263
-0.000877
-0.029371
-0.166389
-0.117373
-0.199701
-0.109615
-0.017283
-0.038928
-0.126093
0.007671
-0.016500
0.014689
0.048766
-0.060506
-0.009117
0.018894
0.071722
0.076097
0.036874
0.035736
0.053363
0.001569
0.006497
0.015839
-0.027729
-0.001871
-0.006716
0.002636
-0.005559
-0.021038
0.008775
0.027270
0.014050
0.016162
0.025316
0.015111
0.023662
0.015736
0.022058
0.029815
0.020360
0.013149
-0.025285
-0.027112
0.021384
0.052758
0.028885
-0.065041
-0.054837
-0.009792
-0.028573
0.035343
0.070666
0.032956
0.051213
-0.003523
-0.126530
-0.016672
0.143569
0.125488
0.071507
0.071799
0.000044
-0.249447
-0.035138
0.284607
0.083156
0.006364
0.208029
0.070669
-0.001689
0.271444
0.020638
-0.268873
0.229974
0.401145
-0.191585
0.027526
0.147247
-0.649879
-0.396086
0.305915
0.094041
-0.436662
0.108203
0.287779
-0.394536
0.127506
0.037722
-0.200379
0.153283
0.060203
-0.137857
0.034956
0.037394
-0.165277
-0.080538
-0.128771
-0.029330
0.006325
0.085334
0.105508
0.025354
0.083969
0.002628
-0.071977
-0.052984
0.000521
-0.095263
-0.071337
0.022360
-0.043093
0.014164
0.031287
-0.004113
-0.018353
-0.009140
-0.003700
0.002101
-0.038047
-0.019462
0.011538
-0.040102
-0.014919
0.003437
0.023082
0.036525
0.006608
0.006146
0.019690
0.002894
-0.020918
-0.023056
-0.016308
-0.009632
-0.020542
-0.005441
0.014802
0.009681
0.015985
0.002718
-0.016607
-0.000242
0.010582
-0.015782
-0.005142
0.030552
0.003744
-0.033818
-0.009699
-0.022576
-0.041766
0.016578
0.022934
-0.030827
-0.021567
-0.007642
-0.030091
-0.000415
0.006929
-0.006442
0.007277
0.005870
0.006777
0.012691
0.011924
0.007318
0.011436
0.010310
0.009526
0.011697
0.010459
0.007721
0.001094
-0.001989
-0.003157
0.003984
0.006072
0.005895
0.003226
0.001456
0.001298
0.005721
0.011756
0.004998
0.001931
0.002787
0.001608
0.004924
0.010840
0.006785
0.000245
-0.000285
-0.000362
-0.001425
0.000378
0.003397
0.001306
-0.001136
-0.000813
0.000822
0.001971
0.001546
0.001282
0.000472
-0.000343
-0.000687
0.001106
0.002448
0.002705
0.001854
0.001390
0.001035
0.001089
0.001012
0.000642
0.000113
-0.000053
-0.000683
-0.000628
0.000117
0.000906
0.000744
0.000480
0.000057
-0.000318
-0.000087
0.000314
0.000570
0.000725
0.000436
-0.000042
-0.000105
-0.000068
0.000070
0.000384
0.000260
-0.000213
-0.000216
-0.000182
-0.000029
0.000479
0.000304
-0.000303
-0.000372
-0.000261
-0.000183
0.000399
0.000448
-0.000162
-0.000469
-0.000366
-0.000271
-0.000013
0.000236
-0.000122
-0.000618
-0.000698
-0.000557
-0.000391
-0.000104
-0.000109
-0.000500
-0.000699
-0.000571
-0.000351
-0.000191
-0.000113
-0.000225
-0.000316
-0.000292
-0.000118