-0.195394
-0.148624
-0.094724
-0.035051
0.028401
0.092994
0.155626
0.213065
0.262371
0.301306
0.328606
0.344067
0.348426
0.343090
0.329827
0.310493
0.286895
0.260770
0.233859
0.207980
0.185027
0.166836
0.154944
0.150290
0.152964
0.162095
0.175937
0.192139
0.208136
0.221555
0.230520
0.233797
0.230755
0.221211
0.205226
0.182970
0.154695
0.120829
0.082143
0.039896
-0.004129
-0.047742
-0.088610
-0.124607
-0.154141
-0.176363
-0.191197
-0.199193
-0.201257
-0.198364
-0.191351
-0.180853
-0.167388
-0.151545
-0.134165
-0.116446
-0.099890
-0.086117
-0.076584
-0.072311
-0.073713
-0.080589
-0.092270
-0.107872
-0.126546
-0.147650
-0.170764
-0.195562
-0.221599
-0.248102
-0.273868
-0.297322
-0.316732
-0.330524
-0.337597
-0.337530
-0.330625
-0.317780
-0.300240
-0.279328
-0.256245
-0.231995
-0.207452
-0.183502
-0.161181
-0.141713
-0.126410
-0.116433
-0.112480
-0.114511
-0.121600
-0.131982
-0.143290
-0.152916
-0.158404
-0.157753
-0.149577
-0.133099
-0.108023
-0.074384
-0.032440
0.017313
0.074031
0.136358
0.202292
0.269197
0.333967
0.393368
0.444459
0.484997
0.513720
0.530422
0.535837
0.531373
0.518795
0.499960
0.476674
0.450674
0.423701
0.397572
0.374182
0.355367
0.342665
0.337016
0.338511
0.346280
0.358578
0.373055
0.387149
0.398488
0.405200
0.406050
0.400411
0.388103
0.369190
0.343843
0.312318
0.275047
0.232805
0.186852
0.138976
0.091372
0.046374
0.006114
-0.027811
-0.054549
-0.074019
-0.086767
-0.093694
-0.095771
-0.093828
-0.088497
-0.080290
-0.069790
-0.057835
-0.045615
-0.034629
-0.026490
-0.022650
-0.024123
-0.031319
-0.044030
-0.061583
-0.083086
-0.107687
-0.134736
-0.163807
-0.194570
-0.226572
-0.259036
-0.290753
-0.320140
-0.345460
-0.365134
-0.378056
-0.383797
-0.382654
-0.375520
-0.363634
-0.348315
-0.330755
-0.311955
-0.292783
-0.274121
-0.256997
-0.242631
-0.232332
-0.227254
-0.228090
-0.234796
-0.246442
-0.261258
-0.276871
-0.290671
-0.300197
-0.303444
-0.299023
-0.286152
-0.264532
-0.234194
0.679527
0.622904
0.558608
0.490481
0.421678
0.354995
0.293265
0.239557
0.197025
0.168396
0.155249
0.157355
0.172347
0.195892
0.222363
0.245849
0.261208
0.264854
0.255081
0.231875
0.196350
0.150065
0.094500
0.030883
-0.039598
-0.115338
-0.193834
-0.271472
-0.343717
-0.405722
-0.453206
-0.483298
-0.495091
-0.489707
-0.469856
-0.439045
-0.400716
-0.357606
-0.311507
-0.263501
-0.214487
-0.165779
-0.119487
-0.078495
-0.046030
-0.024944
-0.016988
-0.022346
-0.039604
-0.066176
-0.099044
-0.135526
-0.173814
-0.213091
-0.253196
-0.293999
-0.334750
-0.373672
-0.407988
-0.434401
-0.449878
-0.452452
-0.441782
-0.419249
-0.387583
-0.350148
-0.310155
-0.270066
-0.231403
-0.194966
-0.161333
-0.131397
-0.106665
-0.089155
-0.080892
-0.083140
-0.095679
-0.116370
-0.141232
-0.165013
-0.182127
-0.187647
-0.178082
-0.151712
-0.108445
-0.049325
0.024074
0.110088
0.207073
0.313145
0.425708
0.541011
0.653986
0.758545
0.848315
0.917645
0.962596
0.981613
0.975678
0.947914
0.902795
0.845218
0.779747
0.710226
0.639813
0.571306
0.507537
0.451578
0.406587
0.375292
0.359275
0.358309
0.370032
0.390112
0.412925
0.432567
0.443897
0.443334
0.429175
0.401412
0.361162
0.309990
0.249380
0.180566
0.104738
0.023511
-0.060611
-0.144005
-0.222132
-0.290140
-0.343740
-0.380056
-0.398176
-0.399214
-0.385874
-0.361657
-0.329999
-0.293629
-0.254334
-0.213188
-0.171083
-0.129328
-0.090024
-0.056050
-0.030624
-0.016593
-0.015700
-0.028122
-0.052438
-0.086057
-0.125951
-0.169433
-0.214687
-0.260890
-0.307874
-0.355502
-0.403017
-0.448636
-0.489574
-0.522530
-0.544461
-0.553398
-0.548990
-0.532613
-0.506992
-0.475484
-0.441294
-0.406879
-0.373755
-0.342716
-0.314335
-0.289501
-0.269714
-0.256989
-0.253344
-0.260041
-0.276854
-0.301640
-0.330414
-0.357921
-0.378571
-0.387432
-0.381011
-0.357585
-0.317059
-0.260474
-0.189402
-0.105503
-0.010422
0.093962
0.205053
0.319101
0.431041
0.534784
0.623959
0.692916
0.737716
0.756803
0.751161
0.723911