-0.259083
-0.228585
-0.191133
-0.147123
-0.097183
-0.042375
0.015626
0.074508
0.131487
0.183648
0.228384
0.263805
0.289004
0.304098
0.310058
0.308390
0.300778
0.288815
0.273881
0.257185
0.239902
0.223313
0.208847
0.197973
0.191947
0.191500
0.196575
0.206208
0.218633
0.231581
0.242698
0.249962
0.251975
0.248062
0.238169
0.222630
0.201904
0.176399
0.146448
0.112423
0.074947
0.035073
-0.005643
-0.045256
-0.081710
-0.113190
-0.138466
-0.157081
-0.169348
-0.176143
-0.178586
-0.177710
-0.174242
-0.168556
-0.160813
-0.151197
-0.140162
-0.128564
-0.117627
-0.108736
-0.103142
-0.101664
-0.104527
-0.111366
-0.121418
-0.133803
-0.147815
-0.163085
-0.179572
-0.197388
-0.216522
-0.236577
-0.256643
-0.275345
-0.291085
-0.302383
-0.308220
-0.308250
-0.302829
-0.292859
-0.279499
-0.263872
-0.246864
-0.229081
-0.210959
-0.192973
-0.175821
-0.160500
-0.148199
-0.140045
-0.136757
-0.138339
-0.143928
-0.151841
-0.159840
-0.165525
-0.166736
-0.161854
-0.149920
-0.130573
-0.103862
-0.070034
-0.029408
0.017615
0.070407
0.127900
0.188418
0.249648
0.308802
0.362962
0.409520
0.446585
0.473247
0.489622
0.496681
0.495927
0.489044
0.477624
0.463048
0.446522
0.429222
0.412430
0.397574
0.386123
0.379335
0.377942
0.381886
0.390205
0.401134
0.412407
0.421670
0.426904
0.426711
0.420421
0.407981
0.389726
0.366119
0.337573
0.304420
0.267038
0.226052
0.182519
0.137999
0.094439
0.053902
0.018203
-0.011420
-0.034508
-0.051369
-0.062874
-0.070139
-0.074193
-0.075755
-0.075198
-0.072676
-0.068368
-0.062722
-0.056590
-0.051189
-0.047901
-0.047969
-0.052208
-0.060836
-0.073485
-0.089382
-0.107646
-0.127561
-0.148754
-0.171179
-0.194941
-0.220023
-0.246024
-0.272025
-0.296647
-0.318287
-0.335458
-0.347135
-0.352966
-0.353303
-0.349040
-0.341332
-0.331296
-0.319813
-0.307482
-0.294736
-0.282042
-0.270096
-0.259886
-0.252599
-0.249355
-0.250869
-0.257142
-0.267303
-0.279667
-0.291991
-0.301871
-0.307141
-0.306180
-0.298025
-0.282311
0.628414
0.554575
0.478765
0.404355
0.334405
0.272012
0.220405
0.182657
0.161069
0.156424
0.167418
0.190504
0.220274
0.250335
0.274426
0.287470
0.286266
0.269655
0.238169
0.193370
0.137155
0.071292
-0.002642
-0.082968
-0.167419
-0.252733
-0.334581
-0.407928
-0.467792
-0.510173
-0.532853
-0.535803
-0.521053
-0.492069
-0.452855
-0.407085
-0.357535
-0.305993
-0.253607
-0.201481
-0.151245
-0.105330
-0.066806
-0.038824
-0.023858
-0.023022
-0.035739
-0.059890
-0.092391
-0.130011
-0.170125
-0.211139
-0.252451
-0.293976
-0.335458
-0.375839
-0.412971
-0.443803
-0.464999
-0.473786
-0.468733
-0.450182
-0.420184
-0.381969
-0.339149
-0.294936
-0.251651
-0.210656
-0.172706
-0.138493
-0.109147
-0.086416
-0.072409
-0.068954
-0.076796
-0.094914
-0.120246
-0.147955
-0.172184
-0.187094
-0.187868
-0.171387
-0.136431
-0.083390
-0.013693
0.070798
0.168147
0.276338
0.392935
0.514588
0.636670
0.753279
0.857721
0.943415
1.004970
1.039143
1.045365
1.025700
0.984261
0.926285
0.857180
0.781820
0.704263
0.627885
0.555745
0.490944
0.436714
0.396129
0.371493
0.363592
0.371127
0.390551
0.416463
0.442472
0.462321
0.470938
0.465127
0.443731
0.407289
0.357367
0.295866
0.224561
0.145034
0.058969
-0.031360
-0.122688
-0.210678
-0.290288
-0.356532
-0.405402
-0.434675
-0.444315
-0.436345
-0.414225
-0.381953
-0.343193
-0.300716
-0.256304
-0.211097
-0.166192
-0.123212
-0.084579
-0.053359
-0.032695
-0.025051
-0.031537
-0.051568
-0.083017
-0.122793
-0.167658
-0.214979
-0.263157
-0.311581
-0.360160
-0.408630
-0.455928
-0.499897
-0.537481
-0.565336
-0.580683
-0.582085
-0.569876
-0.546103
-0.513988
-0.477138
-0.438759
-0.401166
-0.365716
-0.333156
-0.304176
-0.279900
-0.262071
-0.252791
-0.253886
-0.266095
-0.288393
-0.317714
-0.349217
-0.377043
-0.395347
-0.399308
-0.385807
-0.353619
-0.303132
-0.235771
-0.153397
-0.057945
0.048573
0.163721
0.284153
0.405240
0.521082
0.624987
0.710373
0.771851
0.806177
0.812781
0.793728
0.753130
0.696223