0.559055
0.562967
0.546456
0.513640
0.469439
0.418546
0.364721
0.310607
0.258045
0.208660
0.164429
0.127908
0.101989
0.089228
0.090985
0.106702
0.133640
0.167200
0.201788
0.231954
0.253455
0.263911
0.262867
0.251308
0.230835
0.202857
0.168112
0.126674
0.078432
0.023809
-0.035605
-0.096802
-0.155632
-0.207567
-0.248698
-0.276626
-0.290932
-0.293070
-0.285719
-0.271848
-0.253825
-0.232904
-0.209252
-0.182474
-0.152416
-0.119900
-0.087083
-0.057280
-0.034282
-0.021424
-0.020717
-0.032377
-0.054907
-0.085689
-0.121864
-0.161148
-0.202293
-0.245019
-0.289465
-0.335401
-0.381527
-0.425169
-0.462538
-0.489487
-0.502535
-0.499784
-0.481444
-0.449750
-0.408341
-0.361316
-0.312312
-0.263914
-0.217585
-0.174062
-0.134023
-0.098679
-0.070017
-0.050537
-0.042531
-0.047173
-0.063738
-0.089286
-0.118949
-0.146776
-0.166896
-0.174606
-0.167096
-0.143586
-0.104917
-0.052811
0.010875
0.084601
0.167126
0.257068
0.352263
0.449240
0.543103
0.627968
0.697873
0.747918
0.775267
0.779693
0.763479
0.730747
0.686417
0.635180
0.580797
0.525912
0.472366
0.421786
0.376150
0.338014
0.310273
0.295485
0.295011
0.308296
0.332603
0.363336
0.394903
0.421857
0.439958
0.446831
0.442024
0.426525
0.401937
0.369678
0.330486
0.284441
0.231436
0.171899
0.107425
0.041027
-0.023140
-0.080543
-0.127268
-0.160908
-0.181041
-0.189115
-0.187803
-0.180066
-0.168269
-0.153658
-0.136394
-0.116076
-0.092544
-0.066612
-0.040433
-0.017313
-0.001038
0.005064
-0.001010
-0.019471
-0.048814
-0.086417
-0.129411
-0.175507
-0.223449
-0.272951
-0.324147
-0.376798
-0.429598
-0.479867
-0.523808
-0.557270
-0.576762
-0.580384
-0.568336
-0.542849
-0.507555
-0.466547
-0.423455
-0.380861
-0.340220
-0.302264
-0.267665
-0.237629
-0.214139
-0.199688
-0.196564
-0.205936
-0.227074
-0.257035
-0.290944
-0.322848
-0.346870
-0.358306
-0.354340
-0.334190
-0.298692
-0.249566
-0.188666
-0.117528
-0.037393
0.050361
0.143573
0.238772
0.331065
0.414569
0.483324
0.532431
0.559055
0.562967
0.546456
0.513640
0.469439
0.418546
0.364721
0.310607
0.258045
0.208660
0.164429
0.127908
0.101989
0.089228
0.090985
0.106702
0.133640
0.167200
0.201788
0.231954
0.253455
0.263911
0.262867
0.251308
0.230835
0.202857
0.168112
0.126674
0.078432
0.023809
-0.035605
-0.096802
-0.155632
-0.207567
-0.248698
-0.276626
-0.290932
-0.293070
-0.285719
-0.271848
-0.253825
-0.232904
-0.209252
-0.182474
-0.152416
-0.119900
-0.087083
-0.057280
-0.034282
-0.021424
-0.020717
-0.032377
-0.054907
-0.085689
-0.121864
-0.161148
-0.202293
-0.245019
-0.289465
-0.335401
-0.381527
-0.425169
-0.462538
-0.489487
-0.502535
-0.499784
-0.481444
-0.449750
-0.408341
-0.361316
-0.312312
-0.263914
-0.217585
-0.174062
-0.134023
-0.098679
-0.070017
-0.050537
-0.042531
-0.047173
-0.063738
-0.089286
-0.118949
-0.146776
-0.166896
-0.174606
-0.167096
-0.143586
-0.104917
-0.052811
0.010875
0.084601
0.167126
0.257068
0.352263
0.449240
0.543103
0.627968
0.697873
0.747918
0.775267
0.779693
0.763479
0.730747
0.686417
0.635180
0.580797
0.525912
0.472366
0.421786
0.376150
0.338014
0.310273
0.295485
0.295011
0.308296
0.332603
0.363336
0.394903
0.421857
0.439958
0.446831
0.442024
0.426525
0.401937
0.369678
0.330486
0.284441
0.231436
0.171899
0.107425
0.041027
-0.023140
-0.080543
-0.127268
-0.160908
-0.181041
-0.189115
-0.187803
-0.180066
-0.168269
-0.153658
-0.136394
-0.116076
-0.092544
-0.066612
-0.040433
-0.017313
-0.001038
0.005064
-0.001010
-0.019471
-0.048814
-0.086417
-0.129411
-0.175507
-0.223449
-0.272951
-0.324147
-0.376798
-0.429598
-0.479867
-0.523808
-0.557270
-0.576762
-0.580384
-0.568336
-0.542849
-0.507555
-0.466547
-0.423455
-0.380861
-0.340220
-0.302264
-0.267665
-0.237629
-0.214139
-0.199688
-0.196564
-0.205936
-0.227074
-0.257035
-0.290944
-0.322848
-0.346870
-0.358306
-0.354340
-0.334190
-0.298692
-0.249566
-0.188666
-0.117528
-0.037393
0.050361
0.143573
0.238772
0.331065
0.414569
0.483324
0.532431