-0.035250
-0.008419
0.087868
0.225145
0.358989
0.445968
0.460192
0.403175
0.303232
0.204635
0.150680
0.167125
0.252335
0.377884
0.499399
0.573494
0.574331
0.503476
0.389300
0.276129
0.207319
0.208685
0.278652
0.388854
0.494979
0.553702
0.539243
0.453233
0.324098
0.196228
0.113032
0.100385
0.156767
0.253864
0.347417
0.394150
0.368332
0.271636
0.132533
-0.004550
-0.096166
-0.116407
-0.066765
0.024476
0.113078
0.155784
0.126880
0.028051
-0.112224
-0.249513
-0.340368
-0.358885
-0.306561
-0.211692
-0.118530
-0.070350
-0.092888
-0.184483
-0.316685
-0.445094
-0.526298
-0.534429
-0.471028
-0.364432
-0.258940
-0.197876
-0.207026
-0.284784
-0.402752
-0.516588
-0.582937
-0.575989
-0.497344
-0.375402
-0.254520
-0.178083
-0.171939
-0.234540
-0.337551
-0.436687
-0.488650
-0.467689
-0.375459
-0.240412
-0.106958
-0.018532
-0.001028
-0.052944
-0.145986
-0.235909
-0.279452
-0.250897
-0.151928
-0.011024
0.127381
0.219835
0.240425
0.190642
0.098771
0.009054
-0.035250
-0.008419
0.087868
0.225145
0.358989
0.445968
0.460192
0.403175
0.303232
0.204635
0.150680
0.167125
0.252335
0.377884
0.499399
0.573494
0.574331
0.503476
0.389300
0.276129
0.207319
0.208685
0.278652
0.388854
0.494979
0.553702
0.539243
0.453233
0.324098
0.196228
0.113032
0.100385
0.156767
0.253864
0.347417
0.394150
0.368332
0.271636
0.132533
-0.004550
-0.096166
-0.116407
-0.066765
0.024476
0.113078
0.155784
0.126880
0.028051
-0.112224
-0.249513
-0.340368
-0.358885
-0.306561
-0.211692
-0.118530
-0.070350
-0.092888
-0.184483
-0.316685
-0.445094
-0.526298
-0.534429
-0.471028
-0.364432
-0.258940
-0.197876
-0.207026
-0.284784
-0.402752
-0.516588
-0.582937
-0.575989
-0.497344
-0.375402
-0.254520
-0.178083
-0.171939
-0.234540
-0.337551
-0.436687
-0.488650
-0.467689
-0.375459
-0.240412
-0.106958
-0.018532
-0.001028
-0.052944
-0.145986
-0.235909
-0.279452
-0.250897
-0.151928
-0.011024
0.127381
0.219835
0.240425
0.190642
0.098771
0.009054
0.558674
0.354115
0.187431
0.126379
0.197669
0.376746
0.597161
0.775947
0.845299
0.778475
0.600011
0.376354
0.190484
0.110234
0.162389
0.322471
0.524106
0.684399
0.735620
0.651097
0.455438
0.215155
0.013296
-0.082243
-0.044618
0.101750
0.290543
0.438916
0.479185
0.384723
0.180176
-0.067909
-0.276453
-0.377533
-0.344284
-0.201109
-0.014314
0.133264
0.173945
0.081099
-0.120634
-0.364718
-0.568088
-0.662845
-0.622146
-0.470424
-0.274020
-0.115808
-0.063510
-0.143801
-0.332093
-0.561900
-0.750216
-0.829199
-0.772070
-0.603327
-0.389376
-0.213163
-0.142480
-0.204074
-0.373430
-0.584139
-0.753269
-0.813054
-0.736791
-0.549052
-0.316321
-0.121615
-0.032800
-0.076696
-0.228856
-0.422940
-0.576081
-0.620576
-0.529783
-0.328332
-0.082758
0.123868
0.223634
0.189678
0.046406
-0.139876
-0.286332
-0.325287
-0.230117
-0.025473
0.222099
0.429520
0.528875
0.493302
0.347216
0.156933
0.005303
-0.039975
0.047745
0.243843
0.481805
0.678592
0.766330
0.718203
0.558674
0.354115
0.187431
0.126379
0.197669
0.376746
0.597161
0.775947
0.845299
0.778475
0.600011
0.376354
0.190484
0.110234
0.162389
0.322471
0.524106
0.684399
0.735620
0.651097
0.455438
0.215155
0.013296
-0.082243
-0.044618
0.101750
0.290543
0.438916
0.479185
0.384723
0.180176
-0.067909
-0.276453
-0.377533
-0.344284
-0.201109
-0.014314
0.133264
0.173945
0.081099
-0.120634
-0.364718
-0.568088
-0.662845
-0.622146
-0.470424
-0.274020
-0.115808
-0.063510
-0.143801
-0.332093
-0.561900
-0.750216
-0.829199
-0.772070
-0.603327
-0.389376
-0.213163
-0.142480
-0.204074
-0.373430
-0.584139
-0.753269
-0.813054
-0.736791
-0.549052
-0.316321
-0.121615
-0.032800
-0.076696
-0.228856
-0.422940
-0.576081
-0.620576
-0.529783
-0.328332
-0.082758
0.123868
0.223634
0.189678
0.046406
-0.139876
-0.286332
-0.325287
-0.230117
-0.025473
0.222099
0.429520
0.528875
0.493302
0.347216
0.156933
0.005303
-0.039975
0.047745
0.243843
0.481805
0.678592
0.766330
0.718203