0.000061
-0.000031
0.000031
0.000000
0.000031
0.000061
0.000031
0.000000
0.000122
-0.000031
0.000336
-0.000366
0.000671
-0.000732
0.001007
-0.001038
0.001190
-0.000763
0.001160
-0.000366
0.049866
0.111664
-0.009369
-0.021454
-0.044769
-0.042999
0.078766
0.073395
0.154266
0.169525
0.050751
0.023193
0.050018
-0.000824
-0.053711
-0.075836
-0.052246
-0.011017
-0.042297
-0.030304
-0.001770
-0.015625
-0.001007
0.000214
-0.014801
-0.009918
-0.003265
-0.015320
-0.015625
-0.014862
0.001648
0.016571
0.020172
0.012054
-0.000183
-0.004059
-0.021301
-0.018219
-0.005219
-0.008545
-0.021240
-0.019348
-0.014984
-0.018707
-0.028564
-0.034760
-0.024872
-0.019318
-0.024445
-0.023865
-0.015900
-0.012146
-0.017487
-0.025574
-0.027039
-0.022095
-0.018158
-0.018402
-0.015930
-0.013916
-0.011841
-0.011749
-0.011230
-0.008484
-0.006561
-0.006104
-0.006775
-0.005920
-0.005890
-0.004730
-0.004333
-0.003937
-0.002960
-0.004120
-0.004333
-0.004303
-0.005096
-0.004913
-0.004730
-0.005066
-0.005676
-0.005005
-0.004547
-0.003662
-0.002930
-0.002625
-0.002777
-0.003693
-0.003021
-0.001892
-0.000763
0.000000
0.000183
-0.000366
-0.000977
-0.000580
-0.000092
-0.000458
-0.001617
-0.002380
-0.002167
-0.001709
-0.000885
0.000793
0.000946
0.000336
0.001251
0.001587
0.001312
-0.002075
0.002747
-0.003967
0.004242
-0.005615
0.006104
-0.006683
0.007019
-0.008514
0.121490
0.357788
-0.038422
-0.166260
-0.244385
0.020660
0.205017
0.111725
0.555786
0.316772
-0.102325
0.010468
0.018372
-0.167450
-0.135559
-0.221344
-0.138184
0.053833
-0.115051
-0.032806
0.044739
-0.070526
-0.005951
-0.029419
-0.042908
-0.011871
-0.005707
-0.041901
-0.026398
-0.032867
0.021759
0.049133
0.022369
0.055481
-0.056305
-0.079315
-0.022766
-0.019440
-0.012024
-0.010010
-0.026184
-0.010803
-0.006531
-0.030121
-0.031799
-0.050842
-0.052307
-0.027985
-0.033661
-0.021667
-0.009552
-0.007202
-0.001587
-0.015198
-0.022858
-0.012024
0.004089
0.004456
0.006653
-0.004089
-0.004822
-0.010223
-0.010620
-0.004578
-0.005035
-0.005310
-0.007812
-0.010559
-0.009247
-0.005188
-0.004089
-0.001434
-0.003448
-0.005493
-0.006012
-0.004944
-0.004059
-0.000610
-0.001862
-0.004028
-0.008209
-0.008942
-0.006805
-0.002533
0.000641
-0.001404
-0.005157
-0.007172
-0.004608
-0.002075
0.000366
0.001648
0.001434
0.000427
0.002289
0.004333
0.004944
0.002411
-0.001709
-0.003845
-0.001099
0.001038
0.004120
0.006012
0.002228
0.000122
-0.000122
0.001923
0.006226
0.006317
0.002075
-0.000275
-0.001160
-0.000397
0.001953
0.004120
0.002533
0.001709