-0.000061
0.000000
0.000000
-0.000061
-0.000031
0.000061
-0.000275
0.000519
-0.000610
0.000793
-0.001068
0.001068
-0.001282
0.001068
-0.000549
0.000427
-0.000031
0.053497
0.161316
-0.023987
-0.014069
-0.048553
-0.114105
0.145752
0.069366
0.167877
0.279449
0.032379
-0.022797
0.093658
-0.001556
-0.123566
-0.097046
-0.057434
-0.033447
-0.059906
-0.032318
0.000000
-0.018555
0.000397
-0.009613
-0.008240
-0.008148
-0.027771
-0.021942
-0.005402
-0.013947
-0.006317
0.011719
0.014618
0.005310
-0.009918
-0.011230
-0.015930
-0.016083
-0.013275
0.006744
0.009766
-0.014313
-0.022552
-0.013977
-0.015747
-0.021881
-0.032532
-0.029175
-0.023529
-0.024872
-0.021179
-0.020905
-0.021393
-0.022919
-0.023621
-0.022736
-0.018341
-0.014984
-0.010712
-0.011139
-0.012360
-0.013092
-0.011841
-0.008209
-0.007141
-0.007538
-0.007507
-0.007782
-0.007751
-0.006256
-0.004242
-0.003174
-0.003815
-0.005341
-0.006287
-0.005280
-0.004791
-0.003326
-0.003937
-0.004425
-0.004517
-0.004120
-0.003540
-0.002808
-0.001617
-0.001434
-0.002167
-0.004059
-0.004730
-0.002594
-0.001160
0.000183
0.000488
-0.000214
-0.000214
0.000153
0.000824
-0.000214
-0.001312
-0.003876
-0.003448
-0.001495
-0.001404
0.001099
0.001251
0.000641
0.001740
0.002411
0.003998
0.004852
0.004089
0.000305
-0.000702
0.001282
-0.001587
0.002045
-0.002411
0.002136
-0.002136
0.001373
0.000000
-0.001343
0.001984
0.077057
0.325714
-0.073853
-0.085022
-0.117218
-0.176575
0.311310
0.070251
0.328888
0.465973
-0.080963
-0.136566
0.137970
-0.044281
-0.239502
-0.145569
-0.086029
0.003937
-0.098907
-0.064880
0.037384
-0.052429
-0.008575
-0.021179
-0.022644
0.009430
-0.011780
-0.043365
-0.018280
-0.032654
-0.006653
0.054413
0.017395
0.021057
-0.008453
-0.036957
-0.043121
-0.041870
-0.020599
-0.012451
-0.010925
0.004333
-0.003326
-0.015167
-0.012207
-0.017426
-0.044800
-0.064148
-0.052032
-0.018219
-0.006012
-0.012268
-0.004547
-0.011993
-0.013794
-0.015808
-0.008911
-0.002747
-0.001190
-0.010925
-0.012970
-0.010651
-0.009857
-0.002106
-0.000397
-0.002319
-0.005493
-0.009064
-0.009827
-0.008026
-0.006317
-0.005707
-0.007050
-0.006561
-0.006714
-0.004028
-0.006195
-0.002167
-0.002167
-0.005249
-0.006958
-0.007111
-0.005554
-0.003082
-0.000702
-0.001312
-0.002045
-0.003510
-0.002899
-0.001251
0.000244
0.000214
0.000031
-0.001007
-0.000366
0.002380
0.004150
0.002747
-0.000397
-0.003662
-0.002502
0.000153
0.002136
0.003815
0.001709
0.000488
0.001282
0.001801
0.004852
0.006348
0.003082
0.000824
0.000763
-0.000336
0.000153
0.003204