-0.104142
-0.157034
-0.099514
0.055993
0.259397
0.442040
0.542884
0.531794
0.421011
0.260448
0.118595
0.056329
0.103631
0.248119
0.439746
0.609899
0.697591
0.672739
0.547637
0.372257
0.215144
0.137237
0.168580
0.296852
0.472070
0.625687
0.696781
0.655333
0.513705
0.321932
0.148626
0.054787
0.070524
0.183577
0.344023
0.483373
0.540762
0.486225
0.332175
0.128697
-0.055552
-0.159528
-0.153082
-0.048438
0.104514
0.237317
0.289129
0.230009
0.072386
-0.133640
-0.319401
-0.423847
-0.416829
-0.310572
-0.154971
-0.018497
0.037997
-0.015451
-0.166432
-0.364874
-0.542139
-0.637210
-0.619974
-0.502698
-0.335320
-0.186356
-0.116710
-0.156396
-0.293059
-0.476683
-0.638688
-0.718118
-0.684923
-0.551430
-0.367644
-0.202144
-0.115900
-0.138991
-0.259127
-0.426358
-0.572169
-0.635668
-0.586867
-0.438155
-0.239597
-0.059830
0.040119
0.030117
-0.077597
-0.233123
-0.367991
-0.421353
-0.363260
-0.206140
-0.000088
0.186226
0.291752
0.286334
0.182192
0.029214
-0.104142
-0.157034
-0.099514
0.055993
0.259397
0.442040
0.542884
0.531794
0.421011
0.260448
0.118595
0.056329
0.103631
0.248119
0.439746
0.609899
0.697591
0.672739
0.547637
0.372257
0.215144
0.137237
0.168580
0.296852
0.472070
0.625687
0.696781
0.655333
0.513705
0.321932
0.148626
0.054787
0.070524
0.183577
0.344023
0.483373
0.540762
0.486225
0.332175
0.128697
-0.055552
-0.159528
-0.153082
-0.048438
0.104514
0.237317
0.289129
0.230009
0.072386
-0.133640
-0.319401
-0.423847
-0.416829
-0.310572
-0.154971
-0.018497
0.037997
-0.015451
-0.166432
-0.364874
-0.542139
-0.637210
-0.619974
-0.502698
-0.335320
-0.186356
-0.116710
-0.156396
-0.293059
-0.476683
-0.638688
-0.718118
-0.684923
-0.551430
-0.367644
-0.202144
-0.115900
-0.138991
-0.259127
-0.426358
-0.572169
-0.635668
-0.586867
-0.438155
-0.239597
-0.059830
0.040119
0.030117
-0.077597
-0.233123
-0.367991
-0.421353
-0.363260
-0.206140
-0.000088
0.186226
0.291752
0.286334
0.182192
0.029214
-0.143188
0.359732
0.940814
1.378673
1.505778
1.272442
0.765807
0.176568
-0.273858
-0.417890
-0.205774
0.275431
0.835131
1.252025
1.358664
1.105443
0.579583
-0.028147
-0.496256
-0.657093
-0.460838
0.005512
0.551422
0.955647
1.050786
0.787280
0.252391
-0.363077
-0.837603
-1.003508
-0.810956
-0.346926
0.198056
0.602746
0.699743
0.439481
-0.090793
-0.700290
-1.167515
-1.324817
-1.122393
-0.647263
-0.089995
0.328117
0.439621
0.194892
-0.318884
-0.910983
-1.359977
-1.498290
-1.276192
-0.780780
-0.202705
0.236660
0.369778
0.146938
-0.344759
-0.914677
-1.341476
-1.457666
-1.213606
-0.696480
-0.097022
0.363309
0.516892
0.313937
-0.158534
-0.709962
-1.119078
-1.218463
-0.958542
-0.426560
0.186686
0.659687
0.824770
0.632099
0.168658
-0.375032
-0.777731
-0.872048
-0.608424
-0.074123
0.540053
1.012588
1.175813
0.979899
0.511842
-0.037818
-0.447819
-0.550739
-0.296987
0.226214
0.828104
1.287217
1.435935
1.224488
0.739932
0.172874
-0.255357
-0.377266
-0.143188
0.359732
0.940814
1.378673
1.505778
1.272442
0.765807
0.176568
-0.273858
-0.417890
-0.205774
0.275431
0.835131
1.252025
1.358664
1.105443
0.579583
-0.028147
-0.496256
-0.657093
-0.460838
0.005512
0.551422
0.955647
1.050786
0.787280
0.252391
-0.363077
-0.837603
-1.003508
-0.810956
-0.346926
0.198056
0.602746
0.699743
0.439481
-0.090793
-0.700290
-1.167515
-1.324817
-1.122393
-0.647263
-0.089995
0.328117
0.439621
0.194892
-0.318884
-0.910983
-1.359977
-1.498290
-1.276192
-0.780780
-0.202705
0.236660
0.369778
0.146938
-0.344759
-0.914677
-1.341476
-1.457666
-1.213606
-0.696480
-0.097022
0.363309
0.516892
0.313937
-0.158534
-0.709962
-1.119078
-1.218463
-0.958542
-0.426560
0.186686
0.659687
0.824770
0.632099
0.168658
-0.375032
-0.777731
-0.872048
-0.608424
-0.074123
0.540053
1.012588
1.175813
0.979899
0.511842
-0.037818
-0.447819
-0.550739
-0.296987
0.226214
0.828104
1.287217
1.435935
1.224488
0.739932
0.172874
-0.255357
-0.377266