-0.016344
-0.015234
-0.016266
-0.016409
-0.014017
-0.014302
-0.012806
-0.012672
-0.012540
-0.011018
-0.010722
-0.009231
-0.008249
-0.006907
-0.008681
-0.010409
-0.009257
-0.008110
-0.011132
-0.012603
-0.012177
-0.010572
-0.004860
0.005336
0.011952
0.000210
-0.007520
0.004479
0.005089
-0.001366
0.003622
-0.000189
-0.013056
0.002228
0.031474
0.037220
0.028679
0.012991
-0.007149
-0.023628
-0.026759
-0.019638
0.001973
0.006588
0.014442
0.036917
0.025858
0.007305
-0.020955
-0.072164
-0.063636
-0.004694
-0.006287
0.009039
0.042115
-0.032457
-0.085935
-0.048688
-0.051642
-0.098753
-0.085798
-0.018769
-0.015152
-0.044422
-0.006471
0.038640
0.000122
-0.040008
-0.046441
-0.045188
-0.006164
0.040921
0.036850
0.044783
0.071013
0.047841
0.022143
0.038658
0.044381
0.009551
0.000436
0.014254
0.001644
-0.018632
-0.007567
0.017366
0.025876
0.022468
0.025631
0.028655
0.028511
0.019464
0.003693
-0.000959
0.003844
0.004093
0.004790
0.010021
0.011826
0.009344
0.008079
0.010927
0.014371
0.011508
0.005720
0.005596
0.004605
0.003169
0.004366
0.006842
0.012019
0.013117
0.009585
0.007250
0.004394
0.006532
0.004681
-0.001159
-0.001206
-0.000395
0.001607
0.005280
0.004388
0.005212
0.001941
-0.002304
0.000479
0.006690
0.012468
0.007719
0.006592
0.006619
-0.000658
-0.006541
-0.002771
0.011944
0.024060
0.015866
0.003891
0.018574
0.023134
-0.005671
0.010344
0.028525
-0.013177
0.000096
0.055612
0.051116
0.006189
-0.026915
-0.057483
-0.082428
-0.059076
0.011064
0.042114
0.004893
0.019159
0.047925
-0.015716
-0.045311
-0.012399
-0.056395
-0.115273
-0.055890
0.056068
0.089829
0.069479
0.076323
0.087083
0.076014
0.056111
0.034807
-0.001681
-0.022226
-0.003353
0.018638
0.015825
-0.012027
-0.004460
0.022485
0.019719
0.012394
0.021948
0.018102
0.002902
0.007041
-0.003101
-0.020616
-0.014015
-0.006989
-0.017768
-0.018920
-0.007696
-0.010826
-0.017153
-0.018566
-0.019065
-0.019921
-0.021196
-0.022439
-0.025137
-0.020920
-0.014911
-0.014928
-0.014016
-0.011561
-0.014946
-0.017985
-0.017878
-0.020766
-0.021531
-0.020959
-0.021988
-0.019510
-0.013935
-0.011806
-0.013283
-0.014463
-0.013256
-0.009527
-0.013379
-0.017368
-0.019496
-0.019403
-0.014885
-0.011449
-0.005816
-0.007187
-0.015559
-0.013768
-0.006466
-0.008432
-0.014317
-0.006996
0.005285
0.002589
0.001413
0.016891
0.022430
0.014262
0.026946
0.054870
0.049896
0.014550
-0.010259
-0.009116
-0.007964
-0.008646
-0.000824
-0.018632
-0.055185
-0.072036
-0.041550
-0.002580
0.012867
0.009648
-0.040148
-0.046996
-0.019271
-0.051794
-0.092087
-0.063833
-0.054861
-0.110284
-0.084534
-0.032249
-0.029457
-0.005334
0.063536
0.078084
0.035133
0.033893
0.043108
0.049605
0.050875
0.034624
-0.000689
-0.004224
0.026327
0.033979
0.033675
0.058564
0.077679
0.052739
0.031356
0.032186
0.018405
-0.003162
-0.006860
0.000912
-0.001054
0.004240
0.014152
0.014302
0.011267
0.008375
0.005114
-0.001801
-0.002492
-0.005828
-0.014519
-0.015622
-0.010514
-0.008339
-0.006315
0.000185
0.001975
-0.001920
-0.006259
-0.007460
-0.009688
-0.010369
-0.007255
-0.010329
-0.011705
-0.011706
-0.008521
-0.004473
-0.003722
0.001845
0.002330
-0.008267
-0.010314
-0.002028
-0.012416
-0.018404
-0.003098
-0.003201
-0.013317
-0.008408
-0.007384
-0.015805
-0.020913
-0.020569
-0.011656
-0.023054
-0.016469
0.002829
-0.034460
-0.046517
-0.004512
-0.009967
-0.049331
-0.042709
-0.058533
-0.070489
-0.025698
0.028912
0.049852
0.013643
-0.030940
-0.037032
-0.022948
-0.051464
-0.063741
-0.025816
-0.020450
-0.061965
-0.059523
-0.040113
-0.066337
-0.060963
-0.006092
0.023921
0.020061
0.010764
0.014674
0.012149
-0.026663
-0.033624
-0.007849
-0.002981
-0.007292
0.011914
0.025682
0.022010
0.022682
0.028375
0.036299
0.039341
0.037292
0.018194
0.009913
0.032560
0.047119
0.042776
0.045135
0.050534
0.043572
0.042796
0.045859
0.036069
0.022325
0.023782
0.027457
0.023267
0.028317
0.030114
0.028057
0.031064
0.030744
0.025666
0.023209
0.021078
0.017221
0.014597
0.015379
0.015889
0.013003
0.012474
0.014926
0.014518
0.014505
0.013811
0.011276
0.012259
0.009247
0.006402
0.008362
0.007518
0.002669
0.006198
0.011210
0.004949
0.003443
0.009658
0.001599
-0.008062
0.006155
0.008255
0.002295
0.009872
0.001088
0.002234
0.001857
-0.027705
-0.032048
-0.028713
-0.023768
0.029561
0.062917
0.047286
0.032041
0.011783
-0.016247
-0.028070
0.014985
0.052695
0.061722
0.097200
0.121555
0.059963
0.007291
0.026940
0.020399
0.015551
0.056613
0.055041
-0.017808
-0.010435
0.044037
0.025249
0.002594
-0.002464
0.000187
0.002360
0.008716
0.017324
0.015887
0.019217
0.012905
-0.003043
-0.020713
-0.029507
-0.041784
-0.024808
-0.001310
-0.028632
-0.056446
-0.043812
-0.021698
-0.023708
-0.040517
-0.043680
-0.039647
-0.045134
-0.043106
-0.032564
-0.026107
-0.028281
-0.031458
-0.027449
-0.018791
-0.015471
-0.022005
-0.027072
-0.022523
-0.023576
-0.023579
-0.020299
-0.016856
-0.017037
-0.022550
-0.018603
-0.013878
-0.012497
-0.011203
-0.012261
-0.011935
-0.012962
-0.014611
-0.014241
-0.014375
-0.011093
-0.008959
-0.010475
-0.007982
-0.010722
-0.015874
-0.011372
-0.006370
-0.004063
-0.005053
-0.005156
-0.007267
-0.013001
-0.012554
-0.007194
-0.006162
-0.005253
0.001892
0.009288
0.000369
0.001514
0.021863
0.014620
0.019355
0.019365
-0.010605
-0.022563
-0.005894
0.015426
0.032755
0.048326
0.031412
0.016314
0.009266
-0.014488
-0.043845
-0.061931
-0.057641
-0.028893
0.007313
0.011416
-0.018981
-0.043364
-0.049329
-0.063988
-0.113914
-0.140428
-0.107239
-0.068128
-0.038674
-0.011911
-0.007700
0.007058
0.021287
0.000926
-0.022202
-0.048970
-0.063795
-0.037942
0.016001
0.051613
0.051577
0.049429
0.060727
0.066312
0.061139
0.054324
0.041401
0.028417
0.034371
0.040155
0.031289
0.024438
0.026193
0.023873
0.026798
0.035153
0.029121
0.016667
0.015531
0.015658
0.009852
0.010653
0.013263
0.015589
0.017895
0.017467
0.017283
0.016564
0.014164
0.009683
0.005353
0.005226
0.004901
0.002040
0.001547
0.004999
0.008990
0.012818
0.013424
0.009807
0.008405
0.009024
0.006288
0.003075
0.000572
0.001215
0.000871
0.001674
0.007408
0.009556
0.013478
0.002758
-0.007269
-0.007245
-0.013762
-0.008319
0.014400
0.016989
-0.008787
-0.013083
-0.009053
-0.007118
0.020987
0.040394
0.014173
-0.005463
-0.004461
-0.010427
-0.015941
0.006119
0.039620
0.021638
0.003362
0.029924
-0.001706
-0.068200
-0.038474
-0.022331
-0.013896
0.042133
0.012047
-0.023239
0.015609
0.015072
-0.030306
0.010889
0.027311
-0.036367
-0.021960
0.042673
0.055819
0.010489
-0.001869
0.013009
0.033826
0.063243
0.068834
0.051645
0.043850
0.061623
0.062650
0.042633
0.016518
-0.007538
-0.013742
-0.007722
-0.009872
-0.003107
0.017799
0.021547
0.023805
0.026836
0.012526
-0.000904
-0.005227
-0.020849
-0.037295
-0.030663
-0.025098
-0.027197
-0.020804
-0.013811
-0.012131
-0.014680
-0.015504
-0.020900
-0.026217
-0.023715
-0.026104
-0.030579
-0.027660
-0.025296
-0.024283
-0.019212
-0.019362
-0.019815
-0.020650
-0.022743
-0.023188
-0.024042
-0.021997
-0.024936
-0.026114
-0.024347
-0.023699
-0.020186
-0.017830
-0.016773
-0.018954
-0.017468
-0.020230
-0.032351
-0.029447
-0.012649
-0.017985
-0.024767
-0.023754
-0.047780
-0.056449
-0.025426
0.002565
-0.003309
-0.000275
-0.005918
-0.042022
-0.046189
-0.012672
-0.016512
-0.050112
-0.049336
-0.012770
0.017269
0.005515
0.020026
0.037737
-0.008487
-0.006259
0.067341
0.028403
-0.003618
0.095545
0.119358
0.086931
0.102595
0.075729
0.034418
0.075946
0.083563
-0.015368
-0.068749
-0.048757
-0.039745
-0.048712
-0.043801
-0.021928
-0.012511
0.008243
0.030557
0.026465
-0.000568
-0.014960
-0.015692
-0.004349
0.012006
0.010075
0.015059
0.029043
0.020511
0.012142
0.030599
0.021899
-0.000528
0.003018
0.000951
-0.010990
-0.013562
-0.008828
-0.004434
-0.000493
0.002416
0.002487
-0.000526
-0.007152
-0.012967
-0.018916
-0.021152
-0.024266
-0.028780
-0.027783
-0.024789
-0.020674
-0.016761
-0.017380
-0.020112
-0.019213
-0.019228
-0.018103
-0.019455
-0.023352
-0.022715
-0.019494
-0.014848
-0.016145
-0.017157
-0.013077
-0.011346
-0.012453
-0.015327
-0.016172
-0.013021
-0.010036
-0.014727
-0.015520
-0.006542
-0.007735
-0.015237
-0.020293
-0.026483
-0.026334
-0.012035
0.015702
0.014971
-0.032724
-0.032655
-0.013898
-0.022234
0.001097
0.009911
-0.013814
-0.001354
0.032387
0.008187
-0.014168
0.007429
-0.015116
-0.019982
0.034784
0.035815
0.018137
0.078669
0.113388
0.064554
0.028031
-0.006084
-0.003398
0.047719
0.079320
0.065224
0.010489
-0.022840
0.001002
0.001514
-0.057144
-0.069290
-0.031866
-0.005368
0.002725
0.013322
0.003547
-0.042779
-0.043799
-0.004814
-0.000579
-0.027945
-0.041253
-0.050597
-0.060573
-0.051645
-0.054382
-0.061882
-0.051323
-0.038657
-0.039984
-0.035181
-0.021349
-0.024628
-0.029942
-0.016155
-0.008862
-0.017155
-0.018766
-0.016920
-0.012795
-0.007308
-0.007622
-0.006842
-0.007058
-0.005047
-0.003489
-0.003657
0.001685
0.000501
-0.002737
-0.000377
0.003620
0.006229
0.005539
0.002623
0.003721
0.005991
0.003558
0.002220
-0.000531
-0.001585
0.003267
0.004757
0.002270
-0.000153
0.002102
0.008120
0.007735
0.002322
-0.000931
-0.009014
-0.010959
0.002947
0.012543
0.014141
0.014179
0.008271
-0.001684
-0.003594
0.008595
0.018188
0.027897
0.040049
0.016021
-0.022038
-0.008087
0.017523
0.014529
0.030619
0.063315
0.041885
0.020620
0.060805
0.049718
0.015266
0.048216
0.058578
0.031625
0.052869
0.051455
-0.055615
-0.075337
0.007477
-0.020227
-0.046704
0.035136
0.033264
-0.052581
-0.009282
0.038418
-0.019454
-0.035507
0.002237
-0.006192
-0.030711
-0.022384
-0.035052
-0.054340
-0.037665
-0.030405
-0.039823
-0.008321
0.024039
0.007400
0.002800
0.019597
0.012238
-0.009539
-0.017815
-0.017033
-0.022148
-0.021733
-0.020617
-0.013161
-0.001945
-0.000234
-0.000537
0.001315
-0.001717
-0.008441
-0.009880
-0.008513
-0.009319
-0.010658
-0.011731
-0.010444
-0.004370
-0.002706
-0.004943
-0.003035
-0.003961
-0.006947
-0.008903
-0.007667
-0.006015
-0.008153
-0.004294
-0.002090
-0.001415
0.001106
0.000284
-0.001057
-0.002290
-0.002801
-0.002902
-0.004586
-0.001943
0.002447
0.000109
-0.003116
-0.002321
-0.005419
-0.008058
-0.001979
0.000585
-0.002436
-0.003638
-0.005286
-0.009703
-0.009920
-0.004529
-0.003981
-0.005278
-0.002890
-0.000613
-0.000281
0.000345
0.000673
-0.000370
0.000149
0.001048
0.001355
0.000579
0.000113
0.000282
-0.000255
0.000658
0.001171
0.002203
0.002436
0.002061
0.002562
0.002274
0.002160
0.001998
0.002304
0.001963
0.001940
0.001556
0.001598
0.001471
0.001668
0.001648
0.001592
0.001552
0.001600
0.001370
0.001656
0.001782
0.001775
0.001499
0.001453
0.001318
0.001384
0.001550
0.001560
0.001345
0.001310
0.001184
0.001099
0.001096
0.001046
0.001024
0.001048
0.001081
0.001046
0.000962
0.000940
0.000884
0.000791
0.000708
0.000630
0.000645
0.000717
0.000727
0.000658
0.000545
0.000462
0.000423
0.000418
0.000398
0.000392
0.000376
0.000320
0.000286
0.000227
0.000206
0.000176
0.000156
0.000177
0.000199
0.000207
0.000191
0.000186
0.000089
0.000054
0.000078
0.000110
0.000087
0.000103
0.000061
-0.004572
0.016786
0.002624
0.040586
0.026379
-0.069399
-0.000727
0.117573
0.002582
-0.075611
0.013505
0.001892
-0.007074
0.097446
0.096773
0.055593
0.021232
-0.046868
-0.097805
-0.078202
-0.054683
-0.036342
0.048185
-0.078284
0.124566
0.217709
-0.063850
-0.154638
-0.193401
-0.277940
0.174124
0.199690
-0.415502
0.069800
0.372279
-0.321241
-0.351537
-0.039131
-0.072744
-0.181933
-0.169989
-0.031220
0.088850
0.067839
0.205848
0.104397
-0.215062
0.035371
0.084024
-0.044980
0.137006
0.258240
0.073727
0.160538
0.243032
0.100349
-0.012785
0.078402
0.032315
-0.080383
-0.074672
-0.115236
-0.089407
-0.069200
0.011775
0.025112
0.016165
0.061793
0.098125
0.051775
0.006402
0.008330
0.009981
0.016292
0.039995
0.049628
0.031837
0.013292
0.012928
0.013425
-0.003093
-0.021288
-0.011707
-0.018277
-0.028500
-0.024152
-0.016745
-0.005505
-0.007720
-0.002028
0.009811
0.013548
0.008091
0.009052
0.020262
0.031685
0.000341
-0.022039
-0.003727
0.013065
0.022052
-0.003090
-0.030839
0.001490
-0.006828
-0.021763
-0.002007
0.045386
0.050996
-0.006225
0.000791
0.026783
-0.000426
-0.027749
0.007644
0.098626
0.134989
-0.074938
-0.103284
0.206321
0.135691
-0.196673
0.019851
0.028508
-0.092658
0.234551
0.201765
-0.194545
-0.174210
-0.049230
-0.187697
-0.264562
-0.129917
0.350217
0.167451
-0.413582
0.130527
0.446475
-0.151709
-0.292717
-0.114731
-0.232385
-0.038208
0.294095
0.265265
0.049674
0.155410
0.457761
0.370637
-0.046632
-0.151996
0.057408
0.001574
-0.113313
-0.151364
-0.009697
-0.056244
-0.120604
0.069173
0.012239
-0.103526
-0.001934
0.132939
-0.085696
-0.082548
0.081572
-0.011408
-0.047926
0.007450
0.041296
-0.022421
-0.024069
-0.046316
-0.037877
-0.021489
-0.056605
-0.051749
-0.054885
-0.057576
-0.055514
-0.050855
-0.061239
-0.044069
-0.027131
-0.022991
-0.014293
-0.008830
0.008436
0.006278
-0.001295
-0.017596
-0.018272
-0.016559
-0.016585
-0.013411
-0.023306
-0.021627
-0.021077
-0.002385
0.000333
-0.048308
-0.046574
-0.017686
0.003576
-0.000171
-0.008727
0.009103
0.002483
-0.029989
0.024460
0.053242
-0.026508
-0.061025
0.054179
0.128246
0.008889
-0.038339
0.098156
0.127729
0.039341
0.108662
0.158510
0.052941
-0.128631
-0.152245
0.034578
0.030294
-0.065225
-0.178303
-0.278916
-0.158224
-0.016673
0.042795
-0.122271
-0.010234
0.060229
-0.209650
-0.037079
0.080048
-0.279033
-0.335345
0.167344
-0.087344
-0.376559
-0.010102
0.135428
0.185576
0.201970
0.296221
0.029458
0.163492
0.328421
0.149261
0.031127
0.012110
0.098439
-0.033261
-0.049777
0.031566
0.123492
0.025185
0.082713
0.130710
-0.017969
-0.030503
-0.010390
-0.072903
-0.123638
-0.018475
0.003038
-0.034309
0.029042
0.064903
0.032962
0.022014
0.044244
0.009369
-0.008246
-0.020874
-0.047157
-0.063475
-0.054847
-0.022202
-0.027401
-0.030826
-0.031834
-0.023438
-0.023742
-0.025151
-0.020859
-0.015614
-0.010100
-0.014202
-0.027314
-0.023930
-0.000930
0.022610
-0.002779
-0.030249
0.026126
0.026438
-0.063305
-0.007060
0.054936
-0.061748
-0.024578
0.052605
-0.047710
-0.046973
0.037655
-0.034149
-0.059644
-0.079470
-0.028754
0.065942
-0.128315
0.017485
0.076766
-0.261773
-0.049449
0.302591
-0.138092
-0.341986
-0.056179
-0.105823
0.114047
0.083584
0.027728
0.121634
0.019074
-0.153172
-0.012965
-0.001201
-0.301027
-0.104150
0.144847
-0.087152
-0.365537
-0.029064
0.007088
-0.170623
-0.016992
0.124547
0.146243
0.140314
-0.032903
0.084478
0.134886
-0.128141
-0.003647
0.100212
-0.035336
0.044834
0.191931
-0.032284
-0.009539
0.149005
0.157861
0.030980
-0.034165
0.055562
0.029612
0.064034
0.090264
0.055889
0.052076
0.117674
0.125148
0.082017
0.073363
0.052766
0.025297
-0.008704
0.017164
-0.005457
-0.004550
0.035544
0.015175
0.017940
0.016924
0.012638
-0.003213
0.000573
0.010221
0.019702
0.006347
0.005245
0.017873
0.012964
0.016289
0.006331
0.003604
0.007214
0.000570
-0.000625
-0.001328
-0.023279
-0.003166
0.026590
-0.008474
-0.047637
0.021826
0.048059
-0.030756
-0.028500
0.025704
-0.040137
-0.009385
0.076851
-0.053558
-0.003859
0.079518
-0.044449
0.034227
-0.055989
-0.223759
0.022026
-0.019266
-0.031362
0.339930
0.150826
-0.057370
0.075730
0.040251
-0.059207
-0.039650
0.152326
0.216441
0.181355
0.356180
0.253335
-0.330173
-0.031073
0.299872
-0.008661
-0.188333
-0.018681
0.025448
-0.182174
0.110609
0.051978
-0.207456
-0.070092
0.013241
0.045694
-0.012644
-0.103986
0.015895
0.206196
0.023347
-0.039510
-0.146676
-0.074270
0.101363
-0.144745
-0.087874
-0.114716
-0.153830
-0.068280
-0.084716
-0.066927
-0.061457
-0.141918
-0.060367
-0.070218
-0.094895
-0.002475
-0.047702
-0.035604
0.023821
0.053402
0.034578
0.008048
-0.000605
-0.000905
-0.018246
-0.015659
-0.028492
-0.030554
-0.013853
-0.035074
-0.035027
-0.020233
-0.021082
-0.005317
-0.004339
-0.015704
-0.012095
-0.006762
0.009069
0.013773
-0.004646
0.002319
0.017223
0.005735
-0.008277
-0.000119
-0.011197
-0.032060
0.004749
0.012458
-0.016028
-0.009608
-0.000653
-0.022714
-0.031818
-0.021796
0.004535
-0.002963
-0.017391
0.052952
0.071487
-0.065308
0.056627
0.146414
0.004323
0.096884
-0.045542
-0.181111
0.015706
0.176961
0.031113
0.021380
0.019889
0.053279
0.169314
-0.104915
-0.333014
-0.252091
-0.003900
0.002808
-0.104700
-0.094251
-0.034832
0.052397
-0.074659
-0.251634
-0.269716
-0.345388
-0.194642
0.005001
-0.076894
0.005100
0.151554
0.121638
0.277315
0.160139
-0.103727
-0.081769
-0.056002
0.015808
0.144903
0.136283
0.112096
0.159656
0.217763
0.258348
0.092432
0.015114
0.049985
0.003619
0.023884
0.025691
-0.000377
-0.030340
0.012023
0.090792
0.007917
-0.015770
0.038796
-0.009529
-0.010376
0.016020
-0.013969
0.022047
0.038749
0.034054
0.050777
0.030668
0.016150
0.005937
-0.000682
-0.005335
-0.010495
-0.014076
-0.015581
-0.016938
-0.010934
-0.012042
-0.017451
-0.014774
-0.011238
-0.003219
-0.009850
0.000707
0.020329
0.003468
-0.007558
0.002592
0.013485
-0.004282
0.006875
0.015908
0.048225
0.034777
-0.093539
-0.053531
0.016193
-0.000888
0.002430
0.083007
-0.045342
-0.107344
0.046834
0.018316
0.015570
0.178666
0.084273
-0.156195
-0.001296
0.104371
0.001315
-0.136305
0.017803
0.262402
0.019400
-0.148576
0.084184
-0.186209
-0.244932
0.168410
-0.232331
0.049443
0.351130
-0.306046
-0.192722
0.406849
0.050190
-0.243868
0.100054
-0.125785
0.055555
0.281351
0.118130
-0.141844
-0.062930
0.232737
0.167415
0.108946
-0.060784
0.141048
0.227015
0.089351
0.052397
0.023527
-0.027043
-0.084238
-0.078760
-0.119414
-0.093203
-0.076542
0.031307
0.008423
-0.021298
0.071619
0.071996
-0.038102
-0.061633
-0.012793
-0.085436
-0.105242
-0.074032
-0.038314
-0.018417
-0.000042
-0.011784
-0.035054
-0.017282
-0.031312
-0.055379
-0.074395
-0.070954
-0.060735
-0.056518
-0.046992
-0.030934
-0.013737
-0.008922
-0.016192
-0.028393
-0.022987
-0.017052
-0.014348
-0.020471
-0.032857
-0.032738
-0.012675
-0.025995
-0.039038
-0.019518
-0.004383
-0.016229
-0.049997
-0.023156
-0.024167
-0.068554
0.012869
0.068588
-0.097366
-0.049770
-0.022698
-0.192034
-0.068065
0.158488
0.079552
-0.115329
-0.006568
-0.002200
-0.065999
-0.000662
0.050642
-0.195573
-0.208658
0.056442
0.302481
0.121112
-0.297891
0.128371
0.462091
-0.094695
-0.038550
0.288356
-0.197262
0.337226
0.734847
-0.140022
-0.139200
0.489881
0.204099
-0.059749
0.044492
-0.236083
-0.305754
-0.152441
-0.237722
-0.239824
-0.253124
-0.163837
0.035383
0.108294
0.020014
0.080222
0.127501
-0.069233
0.063606
0.125856
0.122294
0.093339
0.058140
0.136156
0.182702
0.004852
-0.030720
0.072412
-0.075168
-0.104329
-0.080875
-0.123945
-0.150667
-0.067258
-0.052129
-0.054280
-0.030809
-0.004021
0.033437
-0.001166
-0.000614
0.017218
0.004426
-0.021536
-0.022579
-0.006549
-0.012635
-0.018568
-0.030186
-0.040319
-0.048022
-0.045065
-0.039197
-0.043399
-0.040068
-0.040255
-0.025487
-0.023766
-0.014760
-0.015981
-0.008715
0.005668
0.006024
-0.003426
-0.020787
-0.005144
0.005110
0.016098
-0.020040
-0.072394
0.000644
0.079775
-0.039605
-0.133567
-0.086040
-0.000788
0.050510
0.007277
0.058738
-0.055821
-0.208177
0.130204
0.075262
-0.146403
0.065439
0.012482
-0.056122
0.276123
0.140970
-0.298245
-0.014835
0.247859
-0.016823
-0.076915
0.089080
0.029624
0.259155
0.598332
-0.036327
-0.278777
0.096870
0.076252
0.221644
0.004943
-0.171459
0.104327
0.029880
-0.208059
-0.001017
-0.198729
-0.452051
-0.052875
0.140649
0.001755
-0.152461
-0.005685
-0.005574
-0.073910
0.076571
0.054414
-0.108231
-0.101426
0.001024
-0.098113
-0.116507
-0.127558
-0.117041
-0.089093
-0.056547
-0.023526
-0.084766
-0.060749
-0.015854
0.009936
0.003245
0.004748
0.001810
0.030634
0.057998
0.050468
0.036633
0.018349
0.026364
0.022245
0.014777
0.021694
0.017332
0.000292
-0.004498
-0.004989
-0.009946
-0.006803
0.001815
0.012317
0.016776
0.021449
0.028778
0.021164
0.012747
0.017601
0.015731
0.021255
0.022730
-0.001884
-0.021077
-0.002624
0.032425
0.030364
-0.029083
-0.060052
-0.008484
-0.020843
-0.021630
0.036994
0.023475
0.032846
0.039429
-0.033603
-0.060172
0.049422
0.111786
0.037696
0.036588
0.099178
-0.072815
-0.147557
0.146638
0.140039
-0.055029
0.076053
0.217797
0.008591
0.095047
0.250666
-0.147275
-0.062292
0.372079
0.091670
-0.193036
0.171545
-0.035478
-0.578481
-0.009218
0.292499
-0.330038
-0.302299
0.355525
-0.009668
-0.283814
0.197938
-0.019679
-0.126101
0.053074
0.047111
-0.092178
-0.044112
0.009213
-0.083826
-0.157963
-0.047642
0.036781
-0.038708
0.024289
0.066026
0.068323
0.044879
-0.008863
-0.006576
-0.035703
-0.045751
-0.038783
-0.060019
-0.042146
-0.007358
0.014512
0.013008
0.015209
0.014962
0.014872
-0.007484
-0.006191
-0.021299
-0.032195
-0.021735
-0.017716
-0.008663
0.008188
0.021848
0.017365
0.009462
0.001481
0.003007
-0.003428
-0.015909
-0.014509
-0.008053
-0.008469
-0.004398
0.000145
0.000238
-0.000675
-0.000254
-0.007554
-0.012274
0.006026
0.003887
-0.010299
0.014010
0.024970
-0.014892
-0.022060
-0.002332
-0.032826
-0.021877
0.017952
-0.007461
-0.029852
-0.005937
-0.005399
-0.021107
-0.003453
-0.000829
-0.004930
0.001202
0.008852
0.011171
0.007452
0.009837
0.012517
0.011561
0.007886
0.011391
0.011102
0.003519
0.001534
0.004441
0.000261
0.001732
0.009290
0.004046
0.001680
0.002794
0.000266
-0.000217
0.005950
0.007752
0.002486
0.003617
0.005301
0.002406
0.005125
0.007157
0.002280
-0.000070
0.001747
-0.000212
-0.000900
0.001881
0.000818
-0.002107
0.000306
0.001926
0.000406
0.001711
0.001887
0.000878
-0.000102
-0.000178
0.000441
0.001699
0.001891
0.001908
0.001345
0.001717
0.001345
0.000772
0.000451
0.000471
-0.000134
-0.000439
-0.000584
-0.000176
0.000347
0.000761
0.000659
0.000586
0.000232
0.000081
0.000150
0.000391
0.000544
0.000614
0.000417
0.000279
0.000307
0.000221
0.000296
0.000305
0.000017
-0.000135
0.000032
0.000059
0.000236
0.000392
0.000027
-0.000312
-0.000144
-0.000064
0.000015
0.000245
-0.000038
-0.000514
-0.000467
-0.000265
-0.000208
-0.000015
0.000015
-0.000425
-0.000663
-0.000547
-0.000565
-0.000398
-0.000123
-0.000174
-0.000367
-0.000232
-0.000209
-0.000288
-0.000174
-0.000134
-0.000236
-0.000124