-0.013143
-0.014108
-0.014548
-0.015431
-0.017715
-0.016609
-0.013557
-0.012527
-0.013270
-0.010518
-0.010589
-0.010303
-0.008089
-0.010850
-0.012899
-0.012149
-0.008911
-0.008917
-0.008345
-0.006438
-0.010154
-0.011527
-0.010007
-0.007424
-0.005125
0.004156
0.010686
0.000234
-0.003237
0.002676
0.000405
0.000869
0.007591
0.000130
-0.013780
0.005518
0.035253
0.039221
0.031938
0.014303
-0.008532
-0.023405
-0.028447
-0.020592
0.005047
0.012256
0.017616
0.032437
0.021251
0.007246
-0.026234
-0.075650
-0.064480
-0.017132
0.001590
0.028585
0.036973
-0.047377
-0.080398
-0.037928
-0.071298
-0.119704
-0.073865
-0.013163
-0.034348
-0.050668
-0.008905
0.031673
0.012387
-0.048068
-0.064206
-0.037915
0.000557
0.036919
0.040106
0.067432
0.087964
0.049771
0.039610
0.060742
0.041374
0.011877
0.014074
0.017580
-0.001638
-0.014616
0.000711
0.018698
0.024291
0.020245
0.011502
0.011584
0.011094
0.000120
-0.004965
0.000332
0.009478
0.013468
0.017781
0.017624
0.013090
0.010475
0.008903
0.006710
0.004829
0.007896
0.008383
0.006995
0.009144
0.008853
0.007959
0.007686
0.007105
0.007434
0.006760
0.004928
0.003681
0.003764
0.004019
0.002779
0.001666
0.001165
0.002172
0.004736
0.005629
0.003604
-0.002011
-0.003524
0.002256
0.008856
0.009442
0.005320
0.007936
0.006976
-0.003598
-0.006293
-0.000610
0.013426
0.022545
0.013875
0.011348
0.020037
0.012828
-0.004764
0.022320
0.029620
-0.017235
0.004609
0.057608
0.050090
0.012047
-0.027697
-0.066354
-0.084563
-0.048491
0.005819
0.025145
0.018226
0.029377
0.024701
-0.038857
-0.047605
-0.006819
-0.061330
-0.124032
-0.053565
0.060308
0.097226
0.083493
0.071903
0.082145
0.088733
0.058158
0.029924
0.006901
-0.007865
0.013912
0.040373
0.033125
-0.001339
0.003399
0.024778
0.002351
-0.016714
-0.003317
0.001989
-0.010626
-0.008827
-0.010572
-0.008138
0.005888
-0.001975
-0.014127
-0.017500
-0.018912
-0.021795
-0.019440
-0.020268
-0.025777
-0.017906
-0.012356
-0.017591
-0.021099
-0.018199
-0.019287
-0.022938
-0.019885
-0.016677
-0.015953
-0.017694
-0.017579
-0.016526
-0.018437
-0.019182
-0.020346
-0.019939
-0.015893
-0.012202
-0.010231
-0.011448
-0.012119
-0.010822
-0.012073
-0.014884
-0.019229
-0.023624
-0.019125
-0.009604
-0.003131
-0.006712
-0.016292
-0.011951
-0.006304
-0.009214
-0.013380
-0.007522
0.003353
-0.001339
0.005746
0.021565
0.018205
0.015427
0.034511
0.060468
0.050263
0.017729
0.002661
-0.001942
-0.008933
-0.006862
0.006050
-0.011053
-0.058123
-0.084915
-0.052335
-0.006453
0.010331
-0.003006
-0.051469
-0.046217
-0.031111
-0.070768
-0.083139
-0.057051
-0.065108
-0.111648
-0.076694
-0.037211
-0.050085
-0.001089
0.066467
0.067974
0.036844
0.030845
0.042210
0.068377
0.076682
0.044303
0.022943
0.031095
0.043849
0.035393
0.043833
0.069604
0.070750
0.049038
0.022146
0.015869
0.005348
-0.004454
-0.001144
-0.001365
-0.001403
0.004253
0.008113
0.003571
0.003509
0.001725
-0.006346
-0.007853
-0.008147
-0.009897
-0.010800
-0.007309
-0.004173
-0.003683
0.000950
-0.000211
-0.004094
-0.006715
-0.009007
-0.011098
-0.012326
-0.011315
-0.010239
-0.007560
-0.006620
-0.006391
-0.006307
-0.005975
-0.005077
-0.001202
-0.000073
-0.009588
-0.008155
-0.002939
-0.013458
-0.014203
-0.001179
-0.003801
-0.011568
-0.005947
-0.008810
-0.018864
-0.020724
-0.020340
-0.015574
-0.021684
-0.012250
-0.003446
-0.037218
-0.040023
-0.012763
-0.021671
-0.043923
-0.040048
-0.062868
-0.081661
-0.025283
0.036523
0.046727
0.013476
-0.034151
-0.039242
-0.021384
-0.054680
-0.061585
-0.007797
-0.018878
-0.060282
-0.050074
-0.049676
-0.075224
-0.062597
-0.007842
0.012901
0.006483
0.005958
0.014417
0.010328
-0.025242
-0.026792
0.011802
0.017031
-0.003599
0.015160
0.037059
0.023522
0.021824
0.027436
0.035867
0.047731
0.031661
0.014082
0.019863
0.035672
0.045428
0.050128
0.050910
0.048934
0.044954
0.047946
0.045201
0.025722
0.024832
0.028471
0.025615
0.027755
0.030508
0.033289
0.030641
0.027965
0.024962
0.019300
0.017158
0.016169
0.012372
0.012094
0.014428
0.015075
0.016878
0.016488
0.014128
0.013281
0.011963
0.011120
0.009762
0.009104
0.008732
0.007680
0.009377
0.008606
0.004593
0.006111
0.007931
0.001418
0.003255
0.009860
-0.001629
-0.006821
0.005776
0.006493
0.005459
0.009968
0.000270
0.001076
-0.001946
-0.027302
-0.033023
-0.033094
-0.020105
0.030110
0.059699
0.049192
0.028934
0.008142
-0.026921
-0.031797
0.027561
0.051100
0.068940
0.118240
0.116780
0.067370
0.024815
0.021347
0.019147
0.028685
0.076781
0.050913
-0.024404
0.001922
0.037385
0.017969
0.009923
-0.015305
-0.013934
-0.006219
-0.010045
0.003417
0.005619
0.025639
0.014421
-0.002358
-0.004924
-0.042748
-0.044028
-0.010580
-0.003301
-0.033994
-0.064767
-0.040272
-0.016521
-0.032733
-0.042926
-0.042671
-0.047071
-0.052228
-0.057255
-0.040802
-0.025628
-0.030166
-0.026543
-0.023384
-0.017201
-0.014696
-0.023577
-0.020449
-0.018479
-0.023454
-0.019999
-0.014552
-0.013379
-0.012725
-0.012811
-0.015548
-0.015547
-0.017095
-0.014896
-0.015090
-0.016602
-0.012799
-0.013226
-0.011260
-0.010521
-0.012283
-0.010124
-0.008962
-0.007606
-0.009360
-0.015645
-0.013274
-0.006528
-0.003755
0.000650
-0.001852
-0.009870
-0.013843
-0.013348
-0.008317
-0.006628
-0.004282
0.004051
0.007794
0.000250
0.004624
0.018816
0.013794
0.023487
0.020845
-0.008337
-0.017649
-0.007308
0.016871
0.041316
0.056727
0.035041
0.009042
0.010797
-0.014984
-0.044137
-0.061331
-0.066871
-0.023356
0.019141
0.008106
-0.029967
-0.050983
-0.052684
-0.074697
-0.132298
-0.152155
-0.115589
-0.072975
-0.038993
-0.019817
-0.008579
0.007854
0.012655
-0.002235
-0.028073
-0.051921
-0.060745
-0.030585
0.037167
0.071850
0.069361
0.075287
0.073257
0.069127
0.065284
0.048869
0.038545
0.031218
0.039733
0.052892
0.043062
0.040440
0.038991
0.026900
0.025846
0.019402
0.006797
0.001033
0.000349
0.003808
0.006102
0.013289
0.021031
0.020563
0.021513
0.015620
0.006936
0.009525
0.009366
0.006276
0.007512
0.008456
0.010192
0.010708
0.009031
0.007302
0.005243
0.005923
0.008420
0.007753
0.006599
0.007143
0.005204
0.004805
0.004851
0.002382
0.000265
0.001167
0.005469
0.009231
0.010703
0.002932
-0.003595
-0.008106
-0.015120
-0.006578
0.015514
0.014969
-0.010060
-0.014321
-0.012926
-0.010168
0.022929
0.036620
0.014234
0.002081
-0.007349
-0.018797
-0.011855
0.020658
0.039428
0.016723
0.014979
0.031757
-0.014595
-0.066331
-0.042317
-0.024910
-0.001107
0.034211
0.002378
-0.012385
0.014580
-0.007086
-0.040582
0.026790
0.033018
-0.057606
-0.015421
0.050794
0.047622
0.030667
0.001091
0.004642
0.043672
0.072273
0.063872
0.051979
0.055118
0.066254
0.069501
0.051348
0.020447
-0.000840
0.003520
-0.007529
-0.022376
-0.007558
0.014261
0.018558
0.010507
0.010608
0.005670
-0.004822
-0.014011
-0.030243
-0.038804
-0.031548
-0.023667
-0.021775
-0.015761
-0.012614
-0.016698
-0.015996
-0.020560
-0.026432
-0.028777
-0.030527
-0.029830
-0.028739
-0.021235
-0.018003
-0.019245
-0.018736
-0.019323
-0.022383
-0.025492
-0.027210
-0.027930
-0.024845
-0.021806
-0.019467
-0.019787
-0.021242
-0.021655
-0.019916
-0.017562
-0.019277
-0.021806
-0.020065
-0.022513
-0.030729
-0.025266
-0.012981
-0.018622
-0.020261
-0.024126
-0.051849
-0.056192
-0.027089
-0.002329
0.000003
0.007329
-0.007645
-0.051402
-0.042705
-0.013332
-0.022373
-0.039856
-0.043941
-0.015861
0.009352
0.011796
0.032198
0.023929
-0.020419
0.005790
0.065589
0.022513
0.004141
0.097420
0.130251
0.115189
0.120069
0.069280
0.047001
0.113438
0.089922
-0.026446
-0.047121
-0.039955
-0.053942
-0.042197
-0.051366
-0.047301
-0.021149
-0.009191
-0.008460
-0.009822
-0.020834
-0.032409
-0.024561
-0.000211
0.017403
0.025048
0.040290
0.045594
0.031429
0.028080
0.037553
0.026374
0.002946
0.006601
0.008243
-0.009088
-0.010083
-0.002945
-0.002275
-0.004340
-0.008965
-0.011831
-0.010765
-0.017586
-0.027122
-0.026382
-0.024069
-0.024035
-0.023305
-0.020760
-0.019010
-0.022035
-0.020343
-0.016164
-0.020218
-0.023270
-0.022030
-0.020468
-0.019776
-0.020170
-0.020175
-0.018773
-0.017093
-0.015148
-0.014824
-0.015049
-0.013067
-0.013495
-0.013076
-0.013752
-0.012430
-0.008224
-0.011143
-0.011146
-0.007181
-0.011141
-0.013368
-0.016799
-0.028260
-0.030873
-0.010592
0.020551
0.011211
-0.032767
-0.032034
-0.023604
-0.021680
0.007038
0.006330
-0.009797
0.003073
0.027208
0.010450
-0.005849
0.009318
-0.027721
-0.012804
0.051386
0.023653
0.020479
0.085909
0.107837
0.077878
0.035908
-0.012862
-0.006146
0.064503
0.101941
0.065312
0.012799
-0.007832
-0.001012
-0.003427
-0.062448
-0.081670
-0.029987
-0.020477
-0.015545
0.005173
-0.017762
-0.052606
-0.044336
-0.013313
-0.004760
-0.023919
-0.045014
-0.051599
-0.053499
-0.049570
-0.053675
-0.052863
-0.037508
-0.044710
-0.049721
-0.035848
-0.033079
-0.035081
-0.029040
-0.018211
-0.012589
-0.014639
-0.011446
-0.005627
-0.007203
-0.005878
-0.004779
-0.004970
0.000180
0.000628
-0.000199
0.001330
0.001916
0.005033
0.003379
0.000628
0.000728
0.001608
0.004401
0.004766
0.002622
0.002033
0.003168
0.002283
0.001628
0.000616
0.001149
0.003249
0.002684
0.002393
0.004069
0.007205
0.008514
0.004431
-0.001668
-0.011480
-0.013452
0.002771
0.013001
0.014102
0.014839
0.008176
-0.001523
-0.004308
0.005879
0.018136
0.035507
0.043598
0.010642
-0.018459
-0.003517
0.011007
0.015858
0.041840
0.063952
0.035870
0.023802
0.060870
0.044109
0.027335
0.058242
0.050528
0.045097
0.070947
0.039884
-0.059012
-0.054503
0.003224
-0.044487
-0.029797
0.042511
-0.005412
-0.061020
-0.006293
0.013920
-0.035634
-0.028711
-0.002192
-0.016422
-0.018796
-0.022598
-0.047931
-0.034773
-0.023409
-0.052298
-0.036090
0.004983
0.013327
-0.000512
0.004269
0.020396
0.005673
-0.004718
-0.005368
-0.014376
-0.016351
-0.014946
-0.016582
-0.010725
-0.001065
-0.000824
-0.003160
-0.003351
-0.006695
-0.010711
-0.013189
-0.010448
-0.010841
-0.010057
-0.005389
-0.005998
-0.005171
-0.003004
-0.004201
-0.005891
-0.006744
-0.008887
-0.010029
-0.008611
-0.005499
-0.003335
-0.002365
0.001880
0.001672
0.000165
0.000369
-0.003323
-0.005922
-0.005181
-0.003164
-0.002728
0.000425
0.003927
0.001670
-0.000436
-0.001266
-0.006252
-0.008783
-0.002931
-0.000210
-0.003240
-0.003077
-0.005483
-0.010197
-0.009089
-0.005945
-0.005309
-0.004817
-0.003385
-0.001985
-0.000593
0.000989
0.000835
0.001067
0.001877
0.000991
0.000735
0.001429
0.001177
0.000570
0.000940
0.002395
0.002435
0.002141
0.002891
0.002824
0.002071
0.001715
0.001596
0.001537
0.001645
0.001426
0.001493
0.001646
0.001926
0.001890
0.001771
0.001817
0.001761
0.001560
0.001589
0.001560
0.001599
0.001607
0.001690
0.001611
0.001461
0.001372
0.001246
0.001232
0.001356
0.001351
0.001233
0.001223
0.001204
0.001123
0.001067
0.000987
0.000950
0.000964
0.001038
0.001021
0.000912
0.000841
0.000747
0.000672
0.000630
0.000628
0.000650
0.000629
0.000580
0.000509
0.000417
0.000372
0.000386
0.000381
0.000325
0.000330
0.000316
0.000242
0.000205
0.000192
0.000179
0.000158
0.000164
0.000150
0.000121
0.000119
0.000113
0.000096
0.000069
0.000024
0.000033
0.000024
0.023299
0.009233
0.032678
0.045591
-0.066992
-0.039167
0.122345
0.054806
-0.081591
-0.013244
-0.000045
-0.004179
0.099565
0.113091
0.061514
0.033670
-0.054228
-0.110978
-0.088249
-0.036349
-0.045058
0.067795
-0.074871
0.051761
0.267988
-0.010473
-0.186001
-0.208521
-0.332399
0.108891
0.393110
-0.383586
-0.140463
0.428096
-0.210322
-0.433398
-0.117680
-0.058819
-0.071576
-0.163665
-0.142126
0.099700
0.108532
0.172013
0.160822
-0.253752
-0.026346
0.132755
-0.002347
0.147680
0.283499
0.085103
0.108683
0.225593
0.111801
0.024063
0.047174
0.062856
-0.038772
-0.070159
-0.141976
-0.119588
-0.090670
0.004385
0.016968
0.006487
0.072508
0.106992
0.084921
0.017970
-0.014013
-0.004370
0.023632
0.031540
0.051206
0.040083
0.021676
0.030352
0.022848
-0.002506
-0.021584
-0.017755
-0.019936
-0.039249
-0.034534
-0.019281
0.001338
-0.005796
-0.004875
0.012459
0.016532
0.010210
0.009531
0.020833
0.034805
0.007792
-0.030174
-0.011465
0.011191
0.025081
0.006940
-0.035537
-0.009667
-0.001552
-0.022985
-0.004381
0.036187
0.063970
0.000534
-0.016308
0.017013
0.011338
-0.023237
-0.001596
0.081792
0.173446
-0.029524
-0.177334
0.144932
0.239178
-0.160966
-0.066063
0.051427
-0.111568
0.220794
0.292160
-0.173932
-0.243201
-0.086815
-0.175108
-0.220055
-0.200473
0.298025
0.371111
-0.423057
-0.118965
0.495832
0.033728
-0.314156
-0.199528
-0.271907
-0.027832
0.336585
0.307020
0.093468
0.048554
0.380436
0.469392
0.055779
-0.206378
-0.002734
0.059470
-0.049515
-0.190126
-0.081724
-0.018928
-0.156735
0.020050
0.055726
-0.085384
-0.027323
0.167469
-0.047565
-0.135033
0.041802
-0.015020
-0.023192
-0.007723
0.036978
0.009601
0.006164
-0.033047
-0.038698
-0.020105
-0.083594
-0.067329
-0.062327
-0.056354
-0.069335
-0.054078
-0.042334
-0.041935
-0.026029
-0.029509
-0.015149
-0.013819
0.008009
0.007955
0.002241
-0.011797
-0.022162
-0.013599
-0.020412
-0.015818
-0.022154
-0.023365
-0.024894
-0.011275
0.010834
-0.040099
-0.057430
-0.029129
0.000557
0.010855
-0.006930
-0.002301
0.007370
-0.031058
0.008869
0.070038
-0.005544
-0.072079
0.016139
0.145065
0.057973
-0.057534
0.056082
0.149882
0.068004
0.092690
0.154596
0.090307
-0.101368
-0.210658
-0.008886
0.086246
-0.013973
-0.169055
-0.339767
-0.222000
-0.016111
0.096431
-0.084127
-0.083639
0.077207
-0.195402
-0.113902
0.127487
-0.190637
-0.415692
0.099296
0.027799
-0.383651
-0.085264
0.103930
0.246313
0.238873
0.291344
0.019693
0.104557
0.368952
0.192679
0.073988
-0.038737
0.092932
-0.004980
-0.040821
-0.013567
0.129915
0.081751
0.045260
0.133557
-0.021442
-0.040090
-0.030879
-0.054333
-0.131001
-0.050631
0.014490
-0.026857
0.034885
0.061020
0.043539
0.027926
0.049207
0.018547
-0.005441
-0.014517
-0.060413
-0.065055
-0.060522
-0.026462
-0.025491
-0.027870
-0.029327
-0.022202
-0.015422
-0.027881
-0.018402
-0.014580
-0.014640
-0.023643
-0.032112
-0.027886
-0.002435
0.027731
0.013082
-0.030370
0.010825
0.041099
-0.056449
-0.039979
0.064188
-0.042601
-0.051787
0.054622
-0.031637
-0.065178
0.035698
-0.023439
-0.061470
-0.075811
-0.077467
0.092651
-0.089801
-0.056391
0.130857
-0.235306
-0.163656
0.328611
-0.003007
-0.395707
-0.121002
-0.148517
0.142516
0.186852
-0.025910
0.104430
0.049645
-0.166791
-0.072669
0.073625
-0.266977
-0.161168
0.120819
0.011615
-0.385000
-0.152165
0.050577
-0.142344
-0.032754
0.095661
0.153848
0.199986
-0.010687
-0.023245
0.180519
-0.086269
-0.064477
0.127996
-0.005331
0.012129
0.224619
-0.000564
-0.053525
0.124805
0.161000
0.078275
-0.056165
0.026146
0.042670
0.079277
0.098903
0.062260
0.039245
0.102801
0.131017
0.095673
0.100290
0.050104
0.031312
-0.000083
0.000869
-0.007205
-0.012884
0.033503
0.018395
0.021015
0.015714
0.020321
0.002029
-0.002628
0.013716
0.014556
0.008829
0.000225
0.018578
0.014159
0.017087
0.006511
0.009380
0.014042
0.000662
-0.005652
-0.000640
-0.022440
-0.016073
0.025353
0.005033
-0.051381
0.001247
0.060172
-0.010285
-0.044756
0.014043
-0.028419
-0.031421
0.089991
-0.033936
-0.041473
0.097298
-0.039362
0.012097
-0.002624
-0.267845
-0.025555
0.044969
-0.080750
0.339928
0.244329
-0.098356
0.039455
0.025020
-0.028871
-0.024204
0.117375
0.256232
0.202669
0.310874
0.339355
-0.322627
-0.197912
0.333429
0.116238
-0.143879
-0.114188
0.013576
-0.165836
0.074480
0.087186
-0.215396
-0.098515
-0.021563
0.056936
0.059839
-0.099122
-0.056127
0.224883
0.063784
-0.054895
-0.168680
-0.149818
0.178418
-0.083393
-0.095577
-0.123690
-0.195931
-0.067325
-0.091550
-0.093618
-0.056003
-0.126202
-0.090875
-0.037106
-0.114617
-0.004367
-0.027283
-0.060880
0.015262
0.050410
0.042028
0.025803
0.005471
-0.002974
-0.013647
-0.022499
-0.028347
-0.028429
-0.021622
-0.043736
-0.041363
-0.023088
-0.014323
-0.005025
-0.002071
-0.017198
-0.020146
-0.010495
0.008547
0.013936
-0.000719
0.000662
0.018578
0.013220
-0.006887
-0.001324
-0.003880
-0.035846
-0.006723
0.023095
-0.007858
-0.012940
-0.004936
-0.021288
-0.028180
-0.026271
-0.002622
0.012255
-0.018096
0.037265
0.094195
-0.049522
0.003577
0.175310
0.019645
0.092828
-0.002290
-0.224854
-0.034745
0.209427
0.087824
0.019032
-0.002061
-0.009112
0.212222
-0.031094
-0.352238
-0.344578
-0.031999
0.080049
-0.066403
-0.128535
-0.100247
0.055139
-0.021182
-0.257770
-0.300091
-0.349174
-0.224441
0.032102
-0.033421
-0.040452
0.139607
0.098631
0.265433
0.243006
-0.101413
-0.098283
-0.056417
0.022130
0.180514
0.154569
0.086012
0.128101
0.184415
0.279643
0.146329
0.014352
0.064814
0.013351
0.017274
0.016571
-0.017909
-0.044623
-0.016156
0.079031
0.036046
-0.000312
0.050306
0.013882
-0.017430
0.001512
-0.026943
0.003979
0.038603
0.029345
0.055040
0.049155
0.034108
0.019356
0.008765
-0.004910
-0.021458
-0.020615
-0.019527
-0.018608
-0.013036
-0.008143
-0.013520
-0.011002
-0.011204
-0.005044
-0.010738
-0.005943
0.018936
0.009605
-0.007113
-0.002813
0.013243
0.001747
0.001884
0.014609
0.040024
0.059246
-0.085897
-0.094210
0.006989
0.017343
0.002460
0.081290
-0.018718
-0.146462
0.021295
0.041112
0.015351
0.175022
0.143181
-0.171773
-0.071980
0.105857
0.052637
-0.094365
-0.073920
0.256025
0.131508
-0.181778
0.024225
-0.118230
-0.322954
0.191915
-0.166310
-0.088975
0.472365
-0.236059
-0.369438
0.371325
0.198611
-0.238296
0.070425
-0.166279
0.009994
0.367393
0.163880
-0.125154
-0.165436
0.192352
0.211631
0.192267
-0.073254
0.065722
0.257199
0.135150
0.051063
-0.027041
0.004200
-0.099572
-0.084083
-0.117471
-0.093486
-0.072234
0.030025
0.020845
-0.062156
0.054879
0.071409
-0.001745
-0.066799
-0.027839
-0.062854
-0.102837
-0.080086
-0.039766
-0.015005
-0.013469
-0.010522
-0.030129
-0.012294
-0.025808
-0.059169
-0.071855
-0.072523
-0.070843
-0.070086
-0.052809
-0.035397
-0.011986
-0.002961
-0.009997
-0.022763
-0.020712
-0.017527
-0.018420
-0.022278
-0.039137
-0.041972
-0.018130
-0.022511
-0.037757
-0.019072
-0.001911
-0.007114
-0.051036
-0.041343
-0.017886
-0.068587
-0.014089
0.094096
-0.069176
-0.092750
-0.005139
-0.193587
-0.112163
0.157558
0.151227
-0.097862
-0.067925
-0.021455
-0.051989
0.001946
0.076304
-0.154614
-0.268346
-0.001559
0.298550
0.286120
-0.301415
-0.079489
0.516447
0.076410
-0.138778
0.293179
-0.163968
0.196587
0.894866
-0.013543
-0.316678
0.411121
0.309974
0.003815
0.063520
-0.283152
-0.343356
-0.125702
-0.249220
-0.260851
-0.244589
-0.224922
-0.006041
0.144195
0.052193
0.036898
0.155257
-0.041434
0.029134
0.121133
0.151512
0.132871
0.052899
0.123216
0.186109
0.062722
-0.056339
0.079132
-0.045483
-0.118685
-0.112078
-0.130817
-0.149204
-0.097254
-0.061931
-0.070371
-0.026280
-0.004530
0.042926
0.007640
0.001552
0.018874
0.006585
-0.019230
-0.037044
-0.013500
-0.001695
-0.015649
-0.030167
-0.032991
-0.046256
-0.054190
-0.039602
-0.048018
-0.041968
-0.044620
-0.034800
-0.022734
-0.015624
-0.015414
-0.008874
0.010998
0.005456
0.005728
-0.022657
-0.012506
0.005157
0.020558
-0.005165
-0.078012
-0.033205
0.094202
0.006292
-0.143512
-0.124601
-0.026208
0.082044
0.036630
0.036171
-0.018501
-0.257984
0.060820
0.173470
-0.142537
0.034306
0.035517
-0.108314
0.264593
0.248982
-0.297695
-0.133239
0.247195
0.084199
-0.076560
0.048039
0.016674
0.203968
0.691497
0.092942
-0.409142
0.013091
0.079560
0.298331
0.140593
-0.258888
0.009139
0.114075
-0.221562
-0.058703
-0.115891
-0.495749
-0.119815
0.156653
0.084928
-0.137496
-0.096534
-0.014065
-0.077112
0.067308
0.082877
-0.064967
-0.117984
0.005073
-0.096062
-0.117835
-0.118420
-0.150316
-0.080310
-0.074776
-0.036863
-0.061230
-0.045271
-0.032292
0.004522
-0.003311
-0.009758
0.008022
0.020477
0.069048
0.063627
0.048499
0.029331
0.025873
0.016300
0.009206
0.017784
0.016084
0.005619
-0.007917
-0.007379
-0.013441
-0.013782
0.001925
0.013363
0.017785
0.019352
0.028904
0.027277
0.014450
0.015674
0.019087
0.023202
0.026608
0.004199
-0.025196
-0.010111
0.030689
0.044193
-0.009874
-0.073904
-0.024676
-0.009295
-0.023261
0.039379
0.030289
0.025918
0.049537
-0.027153
-0.080271
0.028739
0.135365
0.074863
0.020438
0.085754
-0.036406
-0.193058
0.102251
0.210606
-0.015277
0.021890
0.202414
0.046085
0.051798
0.284786
-0.092530
-0.165654
0.357752
0.212337
-0.205351
0.091771
0.052852
-0.582044
-0.178168
0.363208
-0.172205
-0.415310
0.247736
0.109942
-0.303161
0.158301
-0.008252
-0.121542
0.072765
0.028365
-0.085849
-0.024454
0.014575
-0.080804
-0.141259
-0.109655
0.044792
-0.005903
0.027209
0.048533
0.059377
0.074317
-0.021832
-0.027912
-0.028729
-0.047726
-0.043096
-0.045085
-0.036249
-0.012760
0.019003
0.002730
0.010846
0.008323
0.007000
0.001945
-0.006976
-0.018491
-0.033210
-0.024123
-0.027530
-0.010339
0.004398
0.026772
0.026968
0.011910
0.005777
0.006503
-0.001943
-0.021071
-0.020376
-0.009075
-0.009552
-0.010239
0.001516
0.006799
0.003798
0.001468
-0.004782
-0.012008
0.005143
0.007264
-0.013356
0.006232
0.030636
-0.007800
-0.029342
-0.002565
-0.024678
-0.029152
0.018528
0.001695
-0.034303
-0.014483
-0.006221
-0.019203
-0.002553
-0.001244
-0.005981
0.001335
0.006026
0.011233
0.009687
0.011164
0.011145
0.011896
0.007977
0.009446
0.012831
0.007182
0.003185
0.003742
0.000429
-0.000592
0.006876
0.006164
0.001942
0.003118
0.002279
-0.000202
0.006178
0.008487
0.003288
0.002668
0.005114
0.004176
0.006281
0.009302
0.003148
-0.001696
-0.000180
-0.000028
-0.000991
0.001924
0.002173
-0.000881
-0.001924
0.000672
0.001673
0.001294
0.002103
0.001469
0.000240
-0.000330
0.000052
0.000864
0.002027
0.001685
0.001421
0.001611
0.001939
0.001513
0.000996
0.000583
0.000112
-0.000538
-0.000804
-0.000691
0.000193
0.000699
0.000598
0.000387
0.000219
0.000044
0.000198
0.000434
0.000602
0.000538
0.000259
0.000024
0.000129
0.000102
0.000275
0.000391
0.000134
-0.000189
-0.000108
-0.000083
0.000140
0.000433
0.000163
-0.000247
-0.000179
-0.000093
-0.000009
0.000281
0.000109
-0.000383
-0.000506
-0.000275
-0.000248
-0.000007
0.000052
-0.000349
-0.000660
-0.000576
-0.000475
-0.000364
-0.000139
-0.000268
-0.000523
-0.000470
-0.000218
-0.000168
-0.000155
-0.000182
-0.000298
-0.000342
-0.000146