-0.235153
-0.196778
-0.151107
-0.098910
-0.041412
0.019554
0.081527
0.141566
0.196585
0.243776
0.281024
0.307198
0.322224
0.326958
0.322898
0.311840
0.295594
0.275837
0.254098
0.231863
0.210680
0.192188
0.178013
0.169534
0.167582
0.172177
0.182405
0.196496
0.212102
0.226695
0.237992
0.244267
0.244493
0.238295
0.225750
0.207163
0.182889
0.153289
0.118823
0.080225
0.038667
-0.004173
-0.046222
-0.085261
-0.119283
-0.146829
-0.167203
-0.180502
-0.187448
-0.189102
-0.186544
-0.180641
-0.171978
-0.160948
-0.147957
-0.133640
-0.118992
-0.105344
-0.094175
-0.086832
-0.084246
-0.086751
-0.094066
-0.105455
-0.119993
-0.136840
-0.155423
-0.175462
-0.196827
-0.219302
-0.242344
-0.264950
-0.285699
-0.302958
-0.315209
-0.321378
-0.321056
-0.314556
-0.302777
-0.286950
-0.268343
-0.248054
-0.226929
-0.205643
-0.184867
-0.165432
-0.148402
-0.134987
-0.126308
-0.123074
-0.125291
-0.132089
-0.141762
-0.152002
-0.160268
-0.164197
-0.161914
-0.152193
-0.134438
-0.108532
-0.074651
-0.033137
0.015512
0.070522
0.130665
0.194107
0.258384
0.320552
0.377524
0.426488
0.465331
0.492916
0.509170
0.514948
0.511746
0.501360
0.485600
0.466140
0.444511
0.422198
0.400749
0.381803
0.366987
0.357681
0.354716
0.358114
0.366960
0.379489
0.393350
0.406021
0.415218
0.419218
0.416998
0.408182
0.392852
0.371315
0.343929
0.311058
0.273165
0.230988
0.185703
0.138989
0.092927
0.049737
0.011430
-0.020530
-0.045443
-0.063400
-0.075120
-0.081659
-0.084091
-0.083281
-0.079806
-0.074055
-0.066429
-0.057557
-0.048430
-0.040371
-0.034856
-0.033226
-0.036407
-0.044724
-0.057893
-0.075172
-0.095630
-0.118421
-0.142966
-0.168980
-0.196326
-0.224782
-0.253799
-0.282370
-0.309066
-0.332249
-0.350396
-0.362426
-0.367924
-0.367198
-0.361141
-0.350978
-0.337973
-0.323215
-0.307549
-0.291642
-0.276160
-0.261928
-0.250007
-0.241600
-0.237824
-0.239383
-0.246278
-0.257635
-0.271743
-0.286289
-0.298730
-0.306696
-0.308310
-0.302341
-0.288191
-0.265737
0.657811
0.591417
0.520326
0.448075
0.377676
0.312029
0.254210
0.207434
0.174635
0.157768
0.157087
0.170684
0.194512
0.222945
0.249746
0.269187
0.276976
0.270752
0.250051
0.215811
0.169668
0.113335
0.048289
-0.024140
-0.102351
-0.183974
-0.265546
-0.342575
-0.410060
-0.463326
-0.498944
-0.515410
-0.513376
-0.495328
-0.464851
-0.425721
-0.381132
-0.333310
-0.283606
-0.232966
-0.182560
-0.134265
-0.090788
-0.055344
-0.030988
-0.019846
-0.022531
-0.037973
-0.063728
-0.096670
-0.133810
-0.172954
-0.212958
-0.253522
-0.294605
-0.335729
-0.375451
-0.411240
-0.439838
-0.457996
-0.463322
-0.454964
-0.433864
-0.402514
-0.364302
-0.322686
-0.280503
-0.239622
-0.201056
-0.165406
-0.133436
-0.106480
-0.086468
-0.075527
-0.075242
-0.085868
-0.105765
-0.131311
-0.157348
-0.178060
-0.188026
-0.183111
-0.160976
-0.121073
-0.064221
0.008005
0.093816
0.191437
0.298953
0.413873
0.532640
0.650362
0.760969
0.857851
0.934845
0.987294
1.012870
1.011900
0.987119
0.942947
0.884529
0.816870
0.744293
0.670333
0.598006
0.530215
0.470035
0.420686
0.385104
0.365245
0.361367
0.371566
0.391799
0.416441
0.439261
0.454533
0.457970
0.447216
0.421811
0.382696
0.331515
0.269984
0.199584
0.121653
0.037796
-0.049611
-0.137099
-0.220173
-0.293823
-0.353368
-0.395373
-0.418330
-0.422881
-0.411508
-0.387790
-0.355493
-0.317807
-0.276951
-0.234268
-0.190698
-0.147404
-0.106255
-0.069953
-0.041703
-0.024555
-0.020627
-0.030526
-0.053174
-0.086120
-0.126230
-0.170510
-0.216757
-0.263821
-0.311395
-0.359431
-0.407444
-0.453983
-0.496513
-0.531768
-0.556491
-0.568285
-0.566292
-0.551447
-0.526236
-0.494041
-0.458314
-0.421885
-0.386620
-0.353524
-0.323194
-0.296389
-0.274435
-0.259262
-0.252987
-0.257195
-0.272133
-0.296159
-0.325645
-0.355430
-0.379696
-0.393016
-0.391254
-0.372065
-0.334900
-0.280576
-0.210664
-0.126951
-0.031210
0.074646
0.188127
0.305678
0.422407
0.532246
0.628587
0.705266
0.757627
0.783340
0.782734
0.758544
0.715188