0.099525
0.172397
0.240140
0.298333
0.343385
0.373183
0.387395
0.387336
0.375473
0.354747
0.327951
0.297358
0.264700
0.231422
0.199074
0.169594
0.145342
0.128796
0.122001
0.125956
0.140170
0.162559
0.189768
0.217824
0.242924
0.262115
0.273668
0.277050
0.272562
0.260806
0.242231
0.216917
0.184698
0.145554
0.100090
0.049895
-0.002407
-0.053472
-0.099844
-0.138654
-0.168193
-0.188148
-0.199447
-0.203758
-0.202862
-0.198101
-0.190123
-0.178983
-0.164553
-0.147043
-0.127431
-0.107584
-0.090033
-0.077440
-0.071955
-0.074702
-0.085555
-0.103306
-0.126138
-0.152232
-0.180265
-0.209630
-0.240293
-0.272353
-0.305505
-0.338621
-0.369636
-0.395822
-0.414355
-0.423007
-0.420713
-0.407819
-0.385935
-0.357460
-0.324947
-0.290549
-0.255730
-0.221330
-0.187898
-0.156149
-0.127309
-0.103164
-0.085771
-0.076893
-0.077360
-0.086583
-0.102417
-0.121445
-0.139606
-0.152967
-0.158420
-0.154067
-0.139231
-0.114139
-0.079443
-0.035799
0.016307
0.076425
0.143754
0.216694
0.292544
0.367524
0.437182
0.497095
0.543671
0.574796
0.590136
0.591005
0.579868
0.559667
0.533193
0.502720
0.469979
0.436417
0.403581
0.373412
0.348269
0.330632
0.322547
0.325015
0.337544
0.358054
0.383192
0.408985
0.431633
0.448186
0.456918
0.457298
0.449629
0.434519
0.412418
0.383409
0.347332
0.304169
0.254529
0.200006
0.143228
0.087542
0.036412
-0.007292
-0.041853
-0.066957
-0.083523
-0.093216
-0.097811
-0.098645
-0.096359
-0.091005
-0.082446
-0.070890
-0.057306
-0.043556
-0.032166
-0.025791
-0.026575
-0.035636
-0.052841
-0.076976
-0.106218
-0.138742
-0.173218
-0.209034
-0.246147
-0.284652
-0.324238
-0.363768
-0.401173
-0.433717
-0.458571
-0.473501
-0.477435
-0.470712
-0.454938
-0.432505
-0.405959
-0.377448
-0.348432
-0.319741
-0.291922
-0.265685
-0.242247
-0.223391
-0.211168
-0.207336
-0.212721
-0.226728
-0.247208
-0.270740
-0.293256
-0.310822
-0.320323
-0.319858
-0.308747
-0.287213
-0.255903
-0.215472
-0.166401
-0.109139
-0.044482
0.025973
0.606079
0.529301
0.450203
0.371949
0.296495
0.225630
0.161907
0.109009
0.071325
0.052835
0.055707
0.079147
0.118985
0.168212
0.218361
0.261298
0.290868
0.303850
0.299981
0.281111
0.249879
0.208448
0.157797
0.097823
0.028171
-0.050583
-0.135929
-0.223056
-0.305364
-0.375734
-0.428142
-0.459073
-0.468237
-0.458331
-0.433963
-0.400126
-0.360788
-0.318101
-0.272474
-0.223437
-0.170914
-0.116345
-0.063198
-0.016605
0.017758
0.035178
0.033226
0.012423
-0.024008
-0.071195
-0.124100
-0.178857
-0.233502
-0.287831
-0.342491
-0.397680
-0.452025
-0.502100
-0.542824
-0.568651
-0.575130
-0.560278
-0.525282
-0.474256
-0.413156
-0.348237
-0.284615
-0.225417
-0.171779
-0.123626
-0.080832
-0.044258
-0.016177
0.000126
0.001477
-0.013744
-0.044403
-0.086136
-0.131829
-0.172961
-0.201377
-0.210931
-0.198475
-0.163926
-0.109477
-0.038332
0.046513
0.142946
0.249644
0.365279
0.487407
0.611574
0.731082
0.837655
0.922857
0.979849
1.004911
0.998218
0.963625
0.907529
0.837246
0.759427
0.679062
0.599314
0.522143
0.449337
0.383452
0.328173
0.287893
0.266593
0.266444
0.286655
0.323059
0.368651
0.414966
0.453877
0.479230
0.487809
0.479355
0.455724
0.419558
0.373025
0.317110
0.251715
0.176491
0.092017
0.000811
-0.092310
-0.180743
-0.257360
-0.316131
-0.353537
-0.369279
-0.366050
-0.348449
-0.321463
-0.289054
-0.253367
-0.214804
-0.172888
-0.127535
-0.080180
-0.034282
0.005033
0.032097
0.042203
0.032931
0.004808
-0.038934
-0.093419
-0.153600
-0.215603
-0.277459
-0.338955
-0.400731
-0.462979
-0.524319
-0.581317
-0.628886
-0.661474
-0.674620
-0.666339
-0.637809
-0.593138
-0.538274
-0.479469
-0.421832
-0.368482
-0.320552
-0.277960
-0.240575
-0.209251
-0.186258
-0.174876
-0.178272
-0.198063
-0.233111
-0.279046
-0.328750
-0.373699
-0.405735
-0.418707
-0.409463
-0.377918
-0.326262
-0.257696
-0.175214
-0.080925
0.023851
0.137785
0.258438
0.381355
0.499841
0.605620
0.690257
0.746913
0.771869
0.765301
0.731061
0.675549