-0.146541
-0.089790
-0.027593
0.037914
0.103666
0.165956
0.220994
0.265586
0.297711
0.316834
0.323862
0.320761
0.310003
0.294011
0.274799
0.253889
0.232489
0.211802
0.193294
0.178761
0.170122
0.168998
0.176197
0.191320
0.212633
0.237292
0.261866
0.283005
0.298049
0.305404
0.304572
0.295888
0.280077
0.257831
0.229574
0.195492
0.155812
0.111186
0.062999
0.013458
-0.034636
-0.078362
-0.115262
-0.143847
-0.163834
-0.176053
-0.182056
-0.183565
-0.181974
-0.178062
-0.172018
-0.163738
-0.153258
-0.141144
-0.128659
-0.117635
-0.110083
-0.107679
-0.111315
-0.120889
-0.135399
-0.153316
-0.173096
-0.193620
-0.214428
-0.235635
-0.257585
-0.280383
-0.303496
-0.325587
-0.344669
-0.358537
-0.365330
-0.364032
-0.354734
-0.338575
-0.317381
-0.293163
-0.267637
-0.241950
-0.216694
-0.192169
-0.168770
-0.147310
-0.129115
-0.115830
-0.108977
-0.109408
-0.116856
-0.129763
-0.145441
-0.160561
-0.171785
-0.176370
-0.172551
-0.159601
-0.137607
-0.107083
-0.068604
-0.022612
0.030507
0.090132
0.155025
0.223049
0.291135
0.355574
0.412574
0.458938
0.492645
0.513158
0.521380
0.519280
0.509327
0.493944
0.475143
0.454445
0.433060
0.412190
0.393302
0.378191
0.368778
0.366683
0.372716
0.386479
0.406239
0.429155
0.451796
0.470815
0.483554
0.488420
0.484918
0.473387
0.454554
0.429113
0.397492
0.359880
0.316509
0.268033
0.215841
0.162144
0.109747
0.061577
0.020093
-0.013208
-0.038041
-0.055230
-0.066322
-0.073035
-0.076756
-0.078260
-0.077731
-0.075058
-0.070273
-0.063936
-0.057305
-0.052205
-0.050641
-0.054284
-0.064020
-0.079740
-0.100437
-0.124576
-0.150605
-0.177401
-0.204498
-0.232002
-0.260254
-0.289351
-0.318754
-0.347119
-0.372455
-0.392548
-0.405534
-0.410389
-0.407199
-0.397095
-0.381899
-0.363615
-0.343954
-0.324056
-0.304507
-0.285604
-0.267735
-0.251706
-0.238839
-0.230775
-0.229029
-0.234448
-0.246761
-0.264405
-0.284687
-0.304273
-0.319821
-0.328586
-0.328795
-0.319719
-0.301441
-0.274472
-0.239382
-0.196611
0.506500
0.419593
0.335418
0.255748
0.183357
0.122466
0.078231
0.055421
0.056740
0.081457
0.124897
0.179064
0.234253
0.281159
0.312788
0.325573
0.319386
0.296516
0.260110
0.212673
0.155254
0.087578
0.009052
-0.079822
-0.176251
-0.274712
-0.367558
-0.446518
-0.504610
-0.537806
-0.545868
-0.532065
-0.501886
-0.461232
-0.414756
-0.364924
-0.312113
-0.255644
-0.195285
-0.132585
-0.071475
-0.017839
0.021813
0.042113
0.040388
0.017421
-0.022855
-0.074636
-0.131997
-0.190493
-0.248009
-0.304580
-0.361294
-0.418746
-0.475679
-0.528399
-0.571232
-0.597909
-0.603390
-0.585473
-0.545599
-0.488554
-0.421180
-0.350564
-0.282353
-0.219784
-0.163723
-0.113624
-0.068946
-0.030403
-0.000489
0.016982
0.018213
0.001121
-0.033222
-0.080013
-0.131271
-0.177392
-0.209212
-0.219912
-0.206145
-0.168078
-0.108433
-0.030972
0.060939
0.165119
0.280427
0.405783
0.538827
0.674810
0.806301
0.923935
1.018068
1.080845
1.107973
1.099640
1.060250
0.997093
0.918441
0.831710
0.742320
0.653538
0.567257
0.485253
0.410301
0.346624
0.299383
0.273349
0.271228
0.292294
0.331875
0.381978
0.432904
0.475350
0.502327
0.510274
0.499066
0.470998
0.429222
0.376248
0.313130
0.239599
0.155070
0.060046
-0.042669
-0.147548
-0.246939
-0.332562
-0.397429
-0.437506
-0.452548
-0.445818
-0.422795
-0.389377
-0.350208
-0.307745
-0.262361
-0.213367
-0.160526
-0.105378
-0.051846
-0.005808
0.026235
0.038921
0.029585
-0.000982
-0.048841
-0.108178
-0.173062
-0.239042
-0.303992
-0.367942
-0.431974
-0.496673
-0.560777
-0.620583
-0.670412
-0.703986
-0.716260
-0.705025
-0.671714
-0.621108
-0.560042
-0.495597
-0.433415
-0.376724
-0.326388
-0.281853
-0.242573
-0.209255
-0.184392
-0.171788
-0.175240
-0.196823
-0.235461
-0.286348
-0.341499
-0.391305
-0.426599
-0.440558
-0.429832
-0.394587
-0.337539
-0.262450
-0.172681
-0.070413
0.043214
0.167126
0.298959
0.433969
0.564724
0.681860
0.775735
0.838492
0.865840
0.857967
0.819273
0.757052
0.679571
0.594249