-0.267694
-0.273667
-0.277658
-0.278021
-0.273327
-0.262368
-0.244139
-0.217853
-0.183004
-0.139497
-0.087795
-0.029041
0.034917
0.101614
0.168196
0.231711
0.289440
0.339157
0.379295
0.408984
0.427984
0.436565
0.435386
0.425417
0.407917
0.384448
0.356873
0.327305
0.297971
0.270995
0.248137
0.230562
0.218687
0.212161
0.209977
0.210689
0.212664
0.214313
0.214245
0.211317
0.204618
0.193416
0.177126
0.155328
0.127862
0.094937
0.057243
0.015977
-0.027223
-0.070455
-0.111791
-0.149524
-0.182354
-0.209476
-0.230541
-0.245545
-0.254675
-0.258189
-0.256365
-0.249535
-0.238179
-0.223023
-0.205096
-0.185704
-0.166305
-0.148334
-0.133016
-0.121229
-0.113469
-0.109898
-0.110470
-0.115073
-0.123622
-0.136074
-0.152351
-0.172206
-0.195086
-0.220056
-0.245812
-0.270809
-0.293456
-0.312340
-0.326396
-0.334995
-0.337931
-0.335323
-0.327501
-0.314905
-0.298054
-0.277582
-0.254317
-0.229351
-0.204045
-0.179945
-0.158593
-0.141284
-0.128834
-0.121410
-0.118478
-0.118889
-0.121055
-0.123179
-0.123471
-0.120287
-0.112201
-0.098009
-0.076710
-0.047519
-0.009933
0.036141
0.090236
0.151207
0.217203
0.285761
0.354020
0.419030
0.478068
0.528908
0.569982
0.600419
0.619978
0.628928
0.627929
0.617950
0.600250
0.576390
0.548235
0.517899
0.487609
0.459489
0.435301
0.416212
0.402639
0.394234
0.389991
0.388466
0.388029
0.387094
0.384270
0.378418
0.368631
0.354180
0.334480
0.309119
0.277936
0.241148
0.199446
0.154031
0.106546
0.058897
0.013017
-0.029384
-0.067001
-0.099022
-0.125096
-0.145213
-0.159556
-0.168376
-0.171946
-0.170595
-0.164794
-0.155266
-0.143035
-0.129399
-0.115812
-0.103703
-0.094290
-0.088448
-0.086664
-0.089095
-0.095691
-0.106332
-0.120928
-0.139429
-0.161752
-0.187643
-0.216545
-0.247516
-0.279245
-0.310181
-0.338730
-0.363470
-0.383333
-0.397682
-0.406305
-0.409318
-0.407044
-0.399917
-0.388451
-0.373275
-0.355212
-0.335347
-0.315040
-0.295828
-0.279248
-0.266594
-0.258675
-0.255653
-0.256992
-0.261536
0.335883
0.253040
0.186103
0.139530
0.116273
0.116929
0.139230
0.178116
0.226429
0.276078
0.319355
0.350047
0.364061
0.359458
0.336003
0.294477
0.236084
0.162179
0.074407
-0.024846
-0.131972
-0.241886
-0.348232
-0.444098
-0.523053
-0.580245
-0.613199
-0.622074
-0.609308
-0.578788
-0.534835
-0.481348
-0.421360
-0.357120
-0.290562
-0.223924
-0.160196
-0.103165
-0.056980
-0.025383
-0.010853
-0.014004
-0.033452
-0.066219
-0.108551
-0.156836
-0.208334
-0.261438
-0.315427
-0.369810
-0.423579
-0.474653
-0.519796
-0.555052
-0.576581
-0.581605
-0.569136
-0.540239
-0.497732
-0.445467
-0.387436
-0.327044
-0.266772
-0.208319
-0.153097
-0.102819
-0.059871
-0.027256
-0.008044
-0.004491
-0.017119
-0.044083
-0.081090
-0.121925
-0.159452
-0.186806
-0.198408
-0.190552
-0.161455
-0.110861
-0.039455
0.051614
0.160879
0.286313
0.424801
0.571629
0.720251
0.862580
0.989822
1.093691
1.167686
1.208082
1.214350
1.188931
1.136465
1.062771
0.973906
0.875562
0.772922
0.670865
0.574298
0.488318
0.418013
0.367844
0.340765
0.337377
0.355417
0.389828
0.433457
0.478218
0.516408
0.541818
0.550361
0.540103
0.510815
0.463283
0.398718
0.318479
0.224221
0.118332
0.004430
-0.112394
-0.225780
-0.328805
-0.415033
-0.479605
-0.520038
-0.536484
-0.531374
-0.508586
-0.472435
-0.426811
-0.374741
-0.318464
-0.259907
-0.201301
-0.145627
-0.096664
-0.058554
-0.035030
-0.028564
-0.039761
-0.067229
-0.107984
-0.158262
-0.214445
-0.273783
-0.334663
-0.396354
-0.458362
-0.519667
-0.578182
-0.630665
-0.673150
-0.701792
-0.713806
-0.708196
-0.686021
-0.650092
-0.604254
-0.552494
-0.498211
-0.443878
-0.391190
-0.341552
-0.296672
-0.258931
-0.231326
-0.216922
-0.217972
-0.234992
-0.266133
-0.307098
-0.351667
-0.392703
-0.423335
-0.437981
-0.432933
-0.406405
-0.358138
-0.288815
-0.199584
-0.091907
0.032187
0.169587
0.315578
0.463615
0.605613
0.732778
0.836823
0.911248
0.952327
0.959530
0.935297
0.884268
0.812261
0.725328
0.629163
0.528944
0.429550