-0.008215
-0.007117
-0.003719
-0.004019
-0.012467
-0.016847
-0.008834
-0.007040
-0.016647
-0.016894
-0.008674
-0.002054
0.004130
0.023971
0.022512
-0.019995
-0.013414
0.033490
0.009852
-0.009614
0.006149
-0.020117
-0.022418
0.045226
0.068902
0.043274
0.022761
-0.017911
-0.058558
-0.067301
-0.055501
-0.013517
0.040973
-0.000130
0.038804
0.095184
0.006003
-0.052418
-0.110335
-0.197685
-0.013575
0.115078
-0.043815
0.034174
0.080470
-0.165370
-0.145346
-0.059066
-0.159345
-0.112767
-0.002101
0.008687
-0.026438
-0.028669
0.117062
0.114505
-0.093801
-0.077740
0.011021
0.003319
0.068995
0.129979
0.093891
0.128796
0.103191
0.027807
0.042142
0.053495
0.004618
-0.017770
-0.010206
-0.027280
-0.067480
-0.069304
0.002085
0.035016
0.015615
0.010602
0.030013
0.030662
0.009991
-0.007878
-0.004027
0.004765
0.006678
0.018873
0.017877
0.008812
0.006237
0.005017
0.005080
0.010958
0.017480
0.010174
0.005939
0.006244
0.000539
-0.003462
0.005717
0.016417
0.017915
0.010398
0.003488
-0.000593
-0.002724
0.002191
-0.000296
-0.005702
-0.002831
-0.000336
0.009387
0.013313
-0.000211
-0.000471
-0.004880
-0.004147
0.009524
0.022191
0.027265
0.016472
0.012106
0.004054
-0.014601
-0.011081
0.008644
0.040695
0.066324
0.013242
-0.021968
0.040406
0.036393
-0.029235
0.044356
0.007278
-0.083281
0.091974
0.156406
-0.017740
-0.081988
-0.102987
-0.146815
-0.134843
-0.070913
0.113571
0.134064
-0.053666
0.019591
0.079101
-0.093638
-0.058811
-0.022546
-0.209283
-0.130647
0.147145
0.238860
0.130469
0.064876
0.169641
0.208528
0.070358
-0.015366
0.004230
-0.029379
-0.037740
-0.001654
0.012970
-0.045066
-0.085518
0.010788
0.036328
-0.053619
-0.016932
0.057679
-0.014235
-0.030474
0.014979
-0.011117
-0.027196
-0.012359
-0.017248
-0.020550
-0.016105
-0.031745
-0.025259
-0.020288
-0.026927
-0.019627
-0.010982
-0.018732
-0.026475
-0.017314
-0.015432
-0.017901
-0.010153
0.000593
-0.008408
-0.023792
-0.020236
-0.013531
-0.016918
-0.025266
-0.025230
-0.016479
-0.012402
-0.012256
-0.010692
-0.011245
-0.016673
-0.012084
-0.000246
-0.016066
-0.026390
-0.021248
-0.015162
-0.005331
-0.002347
0.000447
-0.011024
-0.030367
-0.007194
0.011936
-0.009077
-0.021063
0.008754
0.036974
0.019204
0.015759
0.045800
0.039638
0.031628
0.082053
0.098975
0.036398
-0.039389
-0.065323
-0.040930
-0.028706
-0.007459
-0.015228
-0.120438
-0.175992
-0.100925
0.015441
0.018705
0.002383
-0.005985
-0.097945
-0.056100
-0.012193
-0.147427
-0.151462
-0.005323
-0.087105
-0.169610
-0.030109
0.008594
0.017898
0.154837
0.228746
0.095053
0.049070
0.109979
0.133995
0.103636
0.046925
0.016914
-0.000099
-0.002206
0.003167
0.036854
0.048106
0.079581
0.071259
0.003520
-0.016076
-0.002816
-0.032740
-0.062034
-0.024402
-0.005334
-0.020995
-0.007917
0.013381
0.006194
-0.003902
-0.003918
-0.004700
-0.004039
-0.002347
-0.011471
-0.021238
-0.015623
-0.006419
0.000278
0.004091
0.007801
0.002357
-0.006666
-0.012870
-0.012649
-0.009854
-0.008132
-0.001856
-0.009531
-0.017775
-0.016700
-0.002548
0.002316
-0.006979
0.007833
0.007858
-0.022357
-0.009211
0.009797
-0.027879
-0.010649
0.026207
-0.018718
-0.027150
0.007195
-0.017043
-0.029238
-0.035849
-0.033833
0.005284
-0.040855
-0.005712
0.030612
-0.108911
-0.065087
0.079915
-0.042210
-0.110890
-0.062691
-0.138200
-0.036418
0.094308
0.091282
0.072990
-0.016271
-0.098430
-0.025071
-0.040199
-0.150379
-0.058215
0.050615
-0.046492
-0.149978
-0.062857
-0.070707
-0.127638
-0.014842
0.094123
0.076598
0.068698
0.034605
0.031618
0.017893
-0.080454
-0.010774
0.070118
-0.018816
-0.003082
0.098391
0.030803
-0.017462
0.029959
0.073982
0.076262
0.039866
0.020063
0.010345
0.026516
0.056048
0.058116
0.043531
0.062010
0.059488
0.043218
0.043236
0.020646
0.004876
0.008830
0.014323
0.010987
0.020698
0.028492
0.021846
0.021467
0.023965
0.018661
0.009425
0.011841
0.017069
0.017023
0.013084
0.010798
0.009899
0.007946
0.009587
0.016410
0.016445
0.012318
0.010665
0.012805
0.011342
-0.000803
0.005805
0.020831
0.010581
-0.005587
0.011998
0.019562
-0.002301
0.002549
0.011928
-0.021971
-0.010906
0.036693
-0.001673
-0.001217
0.030907
-0.013068
0.012365
-0.013099
-0.106348
-0.035469
-0.022839
-0.013867
0.163944
0.133493
0.026173
0.036903
-0.026531
-0.064508
-0.005162
0.089096
0.133997
0.144334
0.219894
0.173141
-0.080428
-0.084463
0.046884
0.022491
0.031640
0.079022
-0.029880
-0.121305
0.027350
0.048496
-0.062954
-0.044163
-0.023480
0.010526
0.019908
-0.034988
0.006552
0.058808
0.022161
0.016907
-0.039322
-0.075963
-0.049822
-0.041800
0.007554
-0.035588
-0.111073
-0.069445
-0.014136
-0.024164
-0.037817
-0.061923
-0.042891
-0.043549
-0.071224
-0.024756
0.004114
-0.021992
-0.022105
-0.001309
0.001448
-0.002940
-0.016708
-0.016992
-0.009256
-0.013408
-0.021576
-0.013659
-0.010260
-0.014254
-0.017855
-0.025247
-0.015771
-0.008476
-0.005531
-0.008275
-0.014755
-0.013978
-0.015561
-0.016994
-0.015951
-0.010250
-0.006032
-0.006809
-0.011556
-0.011360
-0.019381
-0.026262
-0.005584
0.003855
-0.004987
-0.004316
-0.006048
-0.017579
-0.021707
-0.016848
-0.005565
-0.003610
-0.005577
0.017816
0.029108
-0.014563
0.015828
0.056725
0.013674
0.052545
0.014124
-0.086482
-0.036077
0.041798
0.052746
0.082711
0.044216
-0.001540
0.037423
-0.005081
-0.119326
-0.160450
-0.109822
-0.035981
0.032387
0.016836
-0.050156
-0.060689
-0.062167
-0.103683
-0.172636
-0.245044
-0.175346
-0.033656
-0.015744
0.010705
0.057889
0.039999
0.096489
0.088931
-0.006800
-0.038571
-0.078732
-0.049534
0.082837
0.138447
0.114218
0.091523
0.098157
0.121534
0.090274
0.047884
0.038171
0.020373
0.022146
0.043107
0.023969
-0.013548
-0.008277
0.009888
0.000132
-0.000345
0.004372
-0.012173
-0.011781
0.000475
-0.003533
0.002419
0.014462
0.020975
0.027735
0.025547
0.015417
0.015709
0.014116
0.004105
0.004335
0.008948
0.006935
0.001772
0.000479
0.002984
0.006712
0.009892
0.013636
0.014145
0.006600
0.004185
0.006953
0.002842
-0.000491
-0.001235
0.001036
0.000556
0.006051
0.011230
0.019662
0.021503
-0.020589
-0.030976
-0.016372
-0.016517
0.018846
0.064171
0.006281
-0.048159
-0.009913
-0.004869
0.007614
0.097561
0.078986
-0.030068
-0.023061
-0.010722
-0.017180
-0.012337
0.023887
0.086801
0.034137
-0.006237
0.035400
-0.124218
-0.178346
0.031749
-0.043677
0.005764
0.156913
-0.065215
-0.081078
0.088490
-0.037789
-0.034787
0.109855
-0.072757
-0.086499
0.132804
0.142584
0.009723
-0.047333
-0.000815
0.097980
0.129599
0.064453
0.074420
0.084378
0.079900
0.075998
0.050972
-0.004370
-0.051228
-0.045030
-0.040920
-0.065192
-0.061054
0.014577
0.018927
-0.002474
0.030522
0.031616
-0.013939
-0.029042
-0.031111
-0.054550
-0.054379
-0.038307
-0.032820
-0.023053
-0.004034
-0.008625
-0.015750
-0.018745
-0.021464
-0.023416
-0.024049
-0.025676
-0.026443
-0.018152
-0.021463
-0.026361
-0.020388
-0.008433
-0.012733
-0.023013
-0.026300
-0.027338
-0.020838
-0.020486
-0.022699
-0.025166
-0.021909
-0.024116
-0.025031
-0.015370
-0.012504
-0.012273
-0.020633
-0.023725
-0.032517
-0.048093
-0.013013
0.017452
-0.034991
-0.033097
-0.034283
-0.111781
-0.071739
0.036886
0.046984
0.004944
0.004222
-0.045246
-0.090488
-0.025989
0.029209
-0.062797
-0.106094
-0.039889
0.076679
0.094580
-0.030504
0.025338
0.103037
-0.023797
0.061044
0.165803
-0.087393
0.070975
0.385026
0.141263
0.024533
0.144378
0.034237
0.058780
0.131765
-0.089024
-0.205812
-0.131450
-0.132737
-0.122666
-0.117261
-0.115709
-0.019592
0.032635
0.015280
0.052504
0.046438
-0.031790
-0.013735
0.040405
0.070815
0.059402
0.046623
0.071118
0.074060
0.019787
0.022137
0.046031
-0.009243
-0.012662
0.006745
-0.031079
-0.055676
-0.030751
-0.016389
-0.008691
-0.012697
-0.013972
0.000774
-0.016702
-0.040307
-0.033341
-0.023664
-0.030819
-0.036285
-0.032553
-0.021791
-0.019221
-0.016214
-0.012038
-0.019089
-0.021000
-0.012197
-0.008959
-0.010906
-0.013621
-0.016402
-0.012860
-0.012499
-0.014991
-0.011230
-0.007679
-0.007132
-0.009993
-0.018006
-0.022234
-0.017409
-0.002893
-0.003324
-0.028515
-0.020413
0.012779
-0.009690
-0.039855
-0.051887
-0.054307
-0.011117
0.028682
0.054399
-0.012681
-0.117071
-0.015892
0.018571
-0.039692
0.047222
0.011918
-0.048819
0.090243
0.090821
-0.062818
-0.036250
0.028795
-0.021281
0.039290
0.098128
-0.012665
0.079228
0.292807
0.143114
-0.036476
-0.045121
-0.070069
0.080144
0.154931
0.029695
0.005500
-0.038330
-0.105129
-0.012878
-0.094840
-0.234959
-0.087828
0.035105
0.012559
0.001403
0.009470
-0.056619
-0.098120
-0.000142
0.068711
-0.013947
-0.071683
-0.041559
-0.064817
-0.078483
-0.077504
-0.083296
-0.052802
-0.024919
-0.029148
-0.023732
-0.019736
-0.026954
-0.010387
0.010683
0.024012
0.012194
-0.000983
0.003427
0.004905
-0.000603
-0.000132
-0.001005
0.002425
0.001315
-0.002208
0.003878
0.002145
-0.001127
-0.002990
-0.003634
-0.000105
0.010083
0.012700
0.004665
0.001964
0.003590
0.000641
-0.007647
-0.004172
-0.001021
-0.000328
0.005499
0.001099
-0.010358
-0.010722
0.005105
0.019473
0.008179
-0.014852
-0.017453
-0.022995
-0.011606
0.024918
0.022891
0.018903
0.025454
-0.005878
-0.031570
-0.005874
0.035557
0.051683
0.059861
0.054916
-0.032225
-0.078122
0.022417
0.057793
0.031255
0.091611
0.111701
0.011818
0.046710
0.137038
-0.004336
-0.026071
0.135675
0.080537
0.009803
0.087626
-0.046021
-0.262772
-0.088694
0.064719
-0.105461
-0.055625
0.130162
-0.053162
-0.118541
0.086855
0.000824
-0.095701
0.015012
0.043674
-0.018927
-0.037995
-0.054343
-0.049093
-0.059863
-0.069623
-0.028217
0.021804
0.048562
0.031015
0.029705
0.049894
0.029220
-0.003139
-0.013115
-0.021211
-0.018841
-0.022905
-0.042933
-0.029130
0.000941
-0.005592
-0.007043
0.009071
0.002493
-0.012231
-0.013360
-0.013672
-0.014550
-0.009799
-0.007396
-0.009551
-0.003036
0.004876
-0.000927
-0.008081
-0.003373
-0.007409
-0.012319
-0.008622
-0.004624
-0.003137
-0.006222
-0.000620
0.003342
-0.000340
-0.000226
0.001653
-0.000460
-0.008434
-0.005754
-0.002126
-0.005776
0.000678
0.005688
-0.005506
-0.010775
-0.007573
-0.019456
-0.014877
0.005996
0.000547
-0.009702
-0.005287
-0.010326
-0.015874
-0.006094
-0.001218
-0.002019
0.000519
0.002398
0.003389
0.003421
0.003464
0.005459
0.007007
0.006010
0.004663
0.005322
0.004860
0.002178
0.000894
0.000941
0.000080
0.001773
0.003525
0.002551
0.001348
0.000151
-0.000849
0.000025
0.002120
0.003359
0.002017
0.001314
0.000587
0.001028
0.001391
0.000593
0.000655
0.000981
0.001079
0.000430
0.001006
0.001854
0.002337
0.001559
0.001440
0.001755
0.002019
0.002056
0.001974
0.001578
0.000990
0.000343
0.000435
0.000684
0.001027
0.001023
0.001123
0.000886
0.000678
0.000788
0.000913
0.000856
0.000764
0.000627
0.000461
0.000455
0.000711
0.000855
0.000806
0.000616
0.000428
0.000347
0.000414
0.000583
0.000691
0.000701
0.000617
0.000477
0.000315
0.000270
0.000365
0.000444
0.000407
0.000317
0.000167
0.000095
0.000177
0.000221
0.000117
0.000002
-0.000089
-0.000100
-0.000002
0.000064
-0.000014
-0.000164
-0.000258
-0.000249
-0.000120
-0.000045
-0.000039
-0.000112
-0.000164
-0.000181
-0.000084
0.002240
-0.006184
-0.007895
-0.009681
-0.004243
-0.001891
-0.015617
-0.020073
-0.013736
-0.002012
0.001589
0.019375
0.026048
-0.015023
-0.021664
0.030310
0.016848
-0.014708
0.007594
-0.018326
-0.032798
0.042163
0.078970
0.051878
0.028153
-0.013062
-0.064399
-0.079914
-0.061464
-0.023478
0.043895
0.008792
0.032205
0.106495
0.030920
-0.060046
-0.109924
-0.223440
-0.064977
0.148964
-0.025513
0.009808
0.115320
-0.148063
-0.188936
-0.063721
-0.167975
-0.148547
0.002815
0.009280
-0.019114
-0.025943
0.111235
0.153055
-0.092681
-0.103049
0.007226
0.003394
0.064336
0.147221
0.111378
0.139252
0.136011
0.037161
0.019345
0.065120
0.018922
-0.037891
-0.010523
-0.024213
-0.064959
-0.073331
-0.014898
0.037723
0.030648
0.010370
0.033171
0.042726
0.014144
-0.007383
-0.009910
0.012126
0.018836
0.012917
0.017773
0.015917
0.005872
-0.002961
-0.002995
-0.002329
0.011814
0.013837
0.001519
-0.002293
-0.003384
-0.002782
0.000557
0.005420
0.012800
0.012691
0.007556
0.004008
-0.001016
0.003484
0.006132
0.000481
-0.002141
-0.001156
0.008026
0.015069
0.001453
-0.001193
-0.004074
-0.008680
0.006249
0.024088
0.030900
0.021479
0.011879
0.005016
-0.012265
-0.018076
0.007001
0.036270
0.073987
0.031702
-0.027318
0.033057
0.049189
-0.031797
0.033658
0.022232
-0.096331
0.063163
0.194738
0.007379
-0.096394
-0.101120
-0.172647
-0.157737
-0.096757
0.094622
0.179520
-0.032072
-0.001928
0.095999
-0.081452
-0.081238
-0.011029
-0.225212
-0.187517
0.150353
0.279178
0.164648
0.074130
0.168458
0.229651
0.093955
-0.021081
-0.009302
-0.034081
-0.043643
-0.009722
0.020181
-0.038764
-0.089766
-0.005012
0.023349
-0.046062
-0.023000
0.067685
-0.008641
-0.044157
0.025380
0.005623
-0.031033
-0.016112
-0.009460
-0.037220
-0.015942
-0.019918
-0.035629
-0.033991
-0.032669
-0.012620
-0.013462
-0.029496
-0.035208
-0.024340
-0.027131
-0.024492
-0.013654
-0.012140
-0.010153
-0.012522
-0.009184
-0.012476
-0.020525
-0.019882
-0.015374
-0.018014
-0.016837
-0.011370
-0.008746
-0.008895
-0.012085
-0.011107
-0.004927
-0.013412
-0.024217
-0.023785
-0.019483
-0.007213
0.005698
0.002608
-0.008229
-0.028247
-0.011490
0.016966
-0.005515
-0.022866
0.004366
0.038502
0.029958
0.016551
0.046112
0.047919
0.030177
0.085581
0.113140
0.049829
-0.035359
-0.080031
-0.056778
-0.036459
-0.010677
-0.005304
-0.115368
-0.197396
-0.127013
0.006869
0.026960
0.008221
-0.001752
-0.093047
-0.079725
-0.004251
-0.129546
-0.197681
-0.007852
-0.068177
-0.190480
-0.044272
0.013616
0.021189
0.139353
0.265347
0.127589
0.049049
0.113668
0.135809
0.114412
0.056657
0.026735
-0.007083
0.001872
-0.003781
0.038693
0.054170
0.087349
0.092681
0.000530
-0.014283
0.005703
-0.028719
-0.074211
-0.037261
-0.000594
-0.008883
-0.004595
0.008839
0.008378
0.001209
0.002287
-0.008353
-0.006628
-0.008303
-0.015922
-0.022274
-0.024690
-0.020784
-0.014321
-0.003211
-0.000232
-0.002316
-0.011977
-0.017804
-0.018026
-0.010284
-0.003614
-0.005225
-0.009256
-0.015002
-0.014250
-0.004858
0.001321
-0.004101
0.007643
0.017081
-0.016427
-0.014356
0.015387
-0.020240
-0.016020
0.029120
-0.011135
-0.034212
0.008795
-0.013421
-0.035826
-0.036137
-0.041707
0.003769
-0.032834
-0.018711
0.040612
-0.094618
-0.102481
0.086055
-0.014241
-0.133640
-0.058729
-0.151360
-0.070873
0.101175
0.110636
0.082956
0.004383
-0.104473
-0.050012
-0.031627
-0.161837
-0.082416
0.049450
-0.017862
-0.161588
-0.077906
-0.060017
-0.150317
-0.036287
0.094895
0.094022
0.095889
0.052418
0.028075
0.026639
-0.076158
-0.024412
0.075648
-0.011794
-0.009010
0.113097
0.045866
-0.014230
0.025099
0.068143
0.085279
0.052743
0.029257
0.000168
0.019292
0.066213
0.066392
0.042886
0.064828
0.073407
0.051821
0.045497
0.028961
0.013782
-0.003322
0.011611
0.018608
0.016699
0.027632
0.018120
0.017385
0.022914
0.013838
0.006723
0.012024
0.008715
0.014301
0.015842
0.011453
0.009145
0.004504
0.009414
0.012859
0.012509
0.012742
0.009223
0.005441
0.010198
0.003133
0.003331
0.018540
0.011346
-0.007366
0.007218
0.020356
-0.000881
-0.001785
0.014722
-0.017989
-0.020754
0.037025
0.007274
-0.009273
0.036964
-0.004954
0.002420
0.002362
-0.110659
-0.061536
-0.013933
-0.033376
0.158732
0.181211
0.032839
0.044028
-0.018315
-0.088626
-0.015902
0.079082
0.146630
0.163549
0.228478
0.233971
-0.067090
-0.125222
0.031790
0.014524
0.028198
0.086118
-0.002838
-0.133555
-0.002430
0.071483
-0.063784
-0.072962
-0.010381
-0.009014
0.019593
-0.010352
-0.019522
0.080580
0.021980
0.011252
-0.018890
-0.100908
-0.045032
-0.059831
-0.013794
-0.020409
-0.119317
-0.086702
-0.022099
-0.040145
-0.036719
-0.061996
-0.055130
-0.046800
-0.088832
-0.029014
0.007130
-0.012497
-0.014092
-0.013553
0.007404
0.019178
-0.009495
-0.020850
-0.017587
-0.008872
-0.010848
-0.020466
-0.006803
-0.013819
-0.022559
-0.016490
-0.016942
-0.011319
-0.008873
-0.010874
-0.007655
-0.007264
-0.014053
-0.014150
-0.013183
-0.007172
-0.000736
-0.007199
-0.011137
-0.009294
-0.017140
-0.025509
-0.011035
0.003235
-0.002731
-0.003532
-0.004589
-0.022224
-0.025955
-0.018724
-0.008862
-0.004523
-0.007695
0.014865
0.036332
-0.008102
0.007910
0.065821
0.022071
0.049230
0.033944
-0.087871
-0.065350
0.047107
0.053513
0.091944
0.067013
-0.007509
0.041006
0.001516
-0.118554
-0.186181
-0.138036
-0.046853
0.030278
0.036515
-0.041950
-0.066209
-0.061848
-0.113519
-0.186293
-0.261641
-0.212734
-0.046942
-0.006497
0.004589
0.084314
0.054750
0.089892
0.110222
-0.007324
-0.041019
-0.071537
-0.078503
0.069798
0.158589
0.142509
0.118332
0.095609
0.125825
0.101045
0.052041
0.047002
0.015522
0.019657
0.049133
0.039331
0.006313
-0.010485
0.004468
-0.000373
-0.002085
0.020759
-0.006585
-0.026886
0.005590
0.001177
0.009268
0.022064
0.011281
0.024126
0.025213
0.014184
0.010344
0.000216
-0.004560
0.001625
0.007099
0.006505
-0.003494
-0.007389
-0.002759
-0.000877
0.002495
0.006558
0.009652
0.006698
0.006463
0.011535
0.005721
-0.000695
0.001773
0.004529
0.000372
0.007065
0.012466
0.020990
0.030509
-0.012963
-0.034800
-0.021963
-0.016709
0.011702
0.070514
0.020039
-0.054254
-0.017743
-0.005857
0.001098
0.095199
0.108226
-0.020732
-0.035314
-0.009828
-0.025460
-0.017606
0.017907
0.084770
0.056192
-0.008243
0.039544
-0.100891
-0.228274
0.011437
-0.023223
-0.034382
0.182691
-0.015699
-0.129077
0.090588
-0.013574
-0.071576
0.132254
-0.053840
-0.116851
0.116845
0.186976
0.035316
-0.064129
-0.003449
0.076595
0.153839
0.082049
0.069472
0.093945
0.085193
0.080875
0.057263
-0.001750
-0.050653
-0.046510
-0.073227
-0.063654
-0.057370
0.001677
0.028570
-0.007915
0.026747
0.051531
-0.004410
-0.043469
-0.036168
-0.061043
-0.059496
-0.038754
-0.036452
-0.034663
-0.008372
-0.000066
-0.017748
-0.025808
-0.030469
-0.027486
-0.031816
-0.030515
-0.028811
-0.028002
-0.028242
-0.025512
-0.014679
-0.012737
-0.016299
-0.023313
-0.022261
-0.022080
-0.022672
-0.018022
-0.018524
-0.020202
-0.017455
-0.023831
-0.029326
-0.019347
-0.009432
-0.010744
-0.021119
-0.022836
-0.028192
-0.046711
-0.023121
0.022928
-0.024091
-0.040436
-0.028119
-0.114166
-0.098505
0.032235
0.061746
0.012093
0.012186
-0.041426
-0.096348
-0.045120
0.038239
-0.050187
-0.125610
-0.052005
0.067874
0.122873
-0.007038
0.002617
0.116528
-0.005487
0.030350
0.202210
-0.066732
0.013209
0.423908
0.209201
0.006085
0.161697
0.057913
0.025853
0.148730
-0.064664
-0.232955
-0.154648
-0.143672
-0.148220
-0.132859
-0.113271
-0.031892
0.034410
0.011928
0.049631
0.083430
-0.029202
-0.032714
0.033469
0.075547
0.087887
0.063403
0.055889
0.080082
0.027815
0.006854
0.056930
-0.021444
-0.044860
0.005921
-0.025702
-0.069704
-0.042563
-0.027618
-0.023564
-0.007293
-0.003792
0.003446
-0.018531
-0.032275
-0.018068
-0.011875
-0.025877
-0.032027
-0.027920
-0.020253
-0.013392
-0.019995
-0.022295
-0.024315
-0.020553
-0.018199
-0.019319
-0.016674
-0.016749
-0.016293
-0.020860
-0.017759
-0.015085
-0.014223
-0.008979
-0.005844
-0.006064
-0.015852
-0.020134
-0.015202
-0.000393
0.000377
-0.025627
-0.023919
0.011779
-0.001853
-0.038974
-0.054337
-0.061905
-0.019302
0.032253
0.059336
0.005070
-0.119904
-0.042256
0.032722
-0.042275
0.035770
0.046263
-0.063308
0.079582
0.129076
-0.060814
-0.047171
0.024363
-0.018280
0.026013
0.109020
0.015748
0.041246
0.315093
0.205924
-0.045312
-0.044342
-0.088624
0.044733
0.180647
0.048445
0.003301
-0.013914
-0.127277
-0.031750
-0.083408
-0.260756
-0.113154
0.019479
0.016849
0.012171
0.027221
-0.041983
-0.124010
-0.031589
0.073960
0.011813
-0.067156
-0.053751
-0.081469
-0.082913
-0.079432
-0.084247
-0.069918
-0.051177
-0.024100
-0.023112
-0.019373
-0.026819
-0.026968
-0.002509
0.034870
0.028410
0.008608
-0.000335
0.001112
0.018544
0.012637
0.001581
0.001080
0.006391
0.009479
0.010459
0.006423
-0.000057
-0.004824
-0.003939
0.006317
0.007838
0.007476
0.008027
0.006597
0.007986
0.004100
-0.003809
-0.003242
-0.001198
0.001587
0.007851
0.001402
-0.012538
-0.012688
0.003262
0.019566
0.010134
-0.017121
-0.023628
-0.028039
-0.019427
0.021901
0.028836
0.018957
0.028459
-0.001202
-0.039317
-0.013794
0.034567
0.057859
0.066144
0.066248
-0.015896
-0.092215
0.005055
0.066622
0.032212
0.091980
0.136881
0.025754
0.034357
0.147393
0.018244
-0.055080
0.126112
0.118044
-0.001609
0.095242
-0.007239
-0.291133
-0.144950
0.065431
-0.085588
-0.096721
0.145011
-0.009246
-0.166303
0.083418
0.030439
-0.119425
-0.003154
0.057963
-0.020336
-0.034153
-0.048043
-0.057141
-0.073795
-0.083336
-0.028716
0.007134
0.058338
0.042993
0.017589
0.052392
0.039712
-0.000727
-0.024517
-0.027255
-0.016656
-0.021605
-0.039917
-0.033405
-0.003668
0.011045
0.001305
0.000544
0.014599
-0.004234
-0.019398
-0.012896
-0.009497
-0.011924
-0.011551
-0.007184
0.001238
0.002342
-0.001118
-0.002119
-0.006771
-0.006684
-0.007508
-0.011387
-0.009259
-0.005246
-0.004537
-0.004218
0.000428
0.000258
-0.000950
0.000008
-0.002981
-0.008420
-0.006021
0.000220
-0.004284
0.000023
0.010018
-0.002007
-0.012646
-0.009889
-0.022163
-0.020374
0.005612
0.005597
-0.008641
-0.004846
-0.007838
-0.018220
-0.008547
-0.000172
-0.001345
0.000989
0.003930
0.004851
0.003834
0.003749
0.005565
0.006179
0.006440
0.006680
0.007718
0.005424
0.002131
0.001369
-0.000681
-0.000003
0.002463
0.003837
0.002657
0.001532
0.000426
-0.002285
-0.000183
0.001559
0.003105
0.004123
0.003212
0.002412
0.000622
0.001992
0.001462
0.000287
0.000439
0.000594
0.000459
0.001093
0.001943
0.001661
0.001898
0.001187
0.001106
0.001530
0.001710
0.001703
0.001163
0.000873
0.000649
0.000342
0.000648
0.000813
0.001061
0.001010
0.000854
0.000601
0.000781
0.001026
0.000912
0.000805
0.000652
0.000365
0.000344
0.000622
0.000870
0.000855
0.000731
0.000458
0.000236
0.000328
0.000578
0.000777
0.000858
0.000746
0.000543
0.000312
0.000224
0.000306
0.000364
0.000371
0.000321
0.000200
0.000107
0.000175
0.000130
-0.000075
-0.000148
-0.000226
-0.000204
0.000023
0.000110
-0.000019
-0.000205
-0.000293
-0.000379
-0.000251
-0.000056
-0.000044
-0.000106
-0.000164
-0.000159
-0.000175
-0.000050
0.000026