-0.277919
-0.278608
-0.276240
-0.269845
-0.258498
-0.241265
-0.217226
-0.185611
-0.146021
-0.098656
-0.044471
0.014810
0.076838
0.138928
0.198408
0.252938
0.300724
0.340586
0.371889
0.394402
0.408152
0.413346
0.410393
0.399994
0.383254
0.361741
0.337428
0.312499
0.289062
0.268826
0.252848
0.241412
0.234077
0.229867
0.227541
0.225854
0.223726
0.220297
0.214866
0.206778
0.195339
0.179803
0.159478
0.133909
0.103080
0.067563
0.028531
-0.012367
-0.053258
-0.092345
-0.128162
-0.159726
-0.186533
-0.208437
-0.225458
-0.237611
-0.244829
-0.246997
-0.244090
-0.236352
-0.224429
-0.209405
-0.192696
-0.175845
-0.160267
-0.147042
-0.136809
-0.129801
-0.125991
-0.125292
-0.127721
-0.133459
-0.142792
-0.155937
-0.172835
-0.192984
-0.215392
-0.238661
-0.261203
-0.281507
-0.298368
-0.311029
-0.319174
-0.322818
-0.322130
-0.317288
-0.308411
-0.295609
-0.279123
-0.259490
-0.237648
-0.214937
-0.192942
-0.173236
-0.157077
-0.145155
-0.137462
-0.133324
-0.131565
-0.130755
-0.129451
-0.126350
-0.120343
-0.110461
-0.095785
-0.075384
-0.048341
-0.013888
0.028370
0.078231
0.134738
0.196163
0.260157
0.324032
0.385114
0.441062
0.490080
0.530988
0.563148
0.586330
0.600559
0.606043
0.603190
0.592699
0.575678
0.553694
0.528720
0.502943
0.478468
0.457008
0.439620
0.426590
0.417478
0.411310
0.406847
0.402846
0.398230
0.392140
0.383878
0.372793
0.358193
0.339335
0.315531
0.286328
0.251716
0.212268
0.169164
0.124054
0.078816
0.035252
-0.005168
-0.041456
-0.073104
-0.099961
-0.122041
-0.139356
-0.151833
-0.159352
-0.161882
-0.159662
-0.153334
-0.143974
-0.132994
-0.121930
-0.112193
-0.104856
-0.100553
-0.099510
-0.101696
-0.107017
-0.115483
-0.127271
-0.142660
-0.161861
-0.184809
-0.210997
-0.239425
-0.268690
-0.297200
-0.323435
-0.346187
-0.364691
-0.378626
-0.388001
-0.392981
-0.393736
-0.390380
-0.383019
-0.371888
-0.357517
-0.340842
-0.323196
-0.306158
-0.291298
-0.279869
-0.272555
-0.269344
-0.269558
-0.272017
-0.275287
0.337182
0.253061
0.183939
0.134617
0.108579
0.106982
0.127987
0.166700
0.215851
0.267019
0.312096
0.344555
0.360184
0.357144
0.335446
0.296130
0.240519
0.169852
0.085415
-0.010924
-0.116074
-0.225300
-0.332326
-0.430010
-0.511481
-0.571373
-0.606794
-0.617700
-0.606569
-0.577503
-0.535084
-0.483358
-0.425304
-0.362892
-0.297639
-0.231376
-0.166852
-0.107881
-0.058928
-0.024245
-0.006869
-0.007845
-0.025978
-0.058208
-0.100498
-0.148894
-0.200405
-0.253378
-0.307264
-0.361897
-0.416592
-0.469449
-0.517161
-0.555441
-0.579944
-0.587365
-0.576333
-0.547785
-0.504698
-0.451284
-0.391960
-0.330457
-0.269371
-0.210283
-0.154328
-0.102919
-0.058277
-0.023470
-0.001885
0.003747
-0.007584
-0.034373
-0.072398
-0.115232
-0.155324
-0.185331
-0.199299
-0.193364
-0.165826
-0.116680
-0.046895
0.042216
0.149246
0.272461
0.409191
0.555168
0.704131
0.848013
0.977748
1.084574
1.161460
1.204262
1.212261
1.187962
1.136260
1.063278
0.975276
0.877945
0.776249
0.674707
0.577871
0.490644
0.418181
0.365286
0.335448
0.329828
0.346588
0.380843
0.425322
0.471613
0.511611
0.538794
0.548954
0.540260
0.512727
0.467401
0.405611
0.328602
0.237667
0.134678
0.022736
-0.093420
-0.207505
-0.312372
-0.401142
-0.468442
-0.511373
-0.529882
-0.526441
-0.505145
-0.470566
-0.426744
-0.376651
-0.322247
-0.265043
-0.206860
-0.150441
-0.099591
-0.058767
-0.032214
-0.022959
-0.032041
-0.058255
-0.098535
-0.148835
-0.205193
-0.264611
-0.325428
-0.387086
-0.449413
-0.511715
-0.572085
-0.627209
-0.672792
-0.704483
-0.718969
-0.714871
-0.693122
-0.656689
-0.609780
-0.556804
-0.501487
-0.446417
-0.393172
-0.342878
-0.296944
-0.257586
-0.227867
-0.211167
-0.210214
-0.226014
-0.257055
-0.299112
-0.345755
-0.389429
-0.422786
-0.439870
-0.436814
-0.411914
-0.365163
-0.297529
-0.210321
-0.104944
0.016868
0.152448
0.297527
0.445848
0.589341
0.718943
0.825892
0.903157
0.946591
0.955477
0.932319
0.882010
0.810672
0.724562
0.629372
0.530062
0.431149