-0.015724
-0.013108
-0.014299
-0.008433
-0.004456
-0.011640
-0.006806
-0.010692
-0.001154
0.013481
0.013822
0.048197
0.001456
-0.002892
0.019139
-0.006208
0.031584
-0.003010
-0.035503
0.014896
0.002129
0.026414
0.097139
0.108685
-0.022025
-0.067035
-0.076230
-0.097368
-0.076104
0.005093
0.031323
0.059570
0.155511
-0.002070
0.065835
-0.097413
-0.315591
-0.060861
-0.037638
-0.055140
0.187192
0.113012
-0.089844
-0.025738
-0.281427
-0.224096
0.101643
-0.289019
-0.095401
0.195917
0.071642
0.085887
0.000867
0.130430
0.123323
-0.260540
-0.149452
0.163880
0.108502
0.113082
0.156420
0.160687
0.126894
0.059103
-0.070448
0.006234
-0.006039
-0.109667
-0.105459
-0.072144
-0.027961
-0.065997
-0.044018
0.084825
0.078368
0.003586
0.010953
0.031125
-0.002893
-0.035350
-0.029270
0.027994
0.055254
0.038212
0.042001
0.043588
0.020625
-0.003323
0.011140
0.021552
0.022741
0.016573
0.023413
0.020673
0.016675
0.005477
-0.000180
0.012992
0.009351
-0.003845
-0.008724
-0.012546
-0.000354
-0.008219
-0.010475
0.002355
-0.003515
0.011495
0.007628
-0.002341
0.014004
-0.006098
-0.017669
0.003597
0.001951
0.055527
0.025469
0.007556
0.022378
-0.015447
-0.004495
-0.037315
0.006747
0.109748
0.033470
-0.016547
0.031234
0.042140
-0.012969
-0.006532
-0.009279
-0.044748
0.122653
-0.022154
0.063430
0.187831
-0.229444
-0.211423
-0.157337
-0.221745
0.070390
0.173637
0.069720
0.113340
0.054238
-0.007205
0.019609
-0.275528
-0.199714
0.045208
-0.171726
0.050877
0.447325
0.318942
0.175398
0.074543
0.192040
0.116049
-0.170829
-0.109926
-0.064335
-0.092411
-0.061429
0.071957
-0.012520
-0.053787
-0.025631
-0.014407
0.072421
-0.114627
-0.041600
0.082457
-0.029761
-0.057222
0.021427
0.037189
-0.027086
0.010323
-0.025741
-0.050509
-0.023532
-0.014940
-0.015954
-0.018914
0.013929
0.019751
0.011152
-0.011158
-0.014613
-0.017284
-0.027572
-0.030925
-0.021844
-0.007942
-0.025504
-0.027343
-0.020751
-0.023279
-0.028419
-0.029046
-0.027382
-0.022058
-0.013310
-0.013606
-0.013518
-0.017967
-0.003211
-0.015593
-0.027802
-0.026261
-0.041269
-0.003799
-0.016417
-0.000121
0.021874
-0.032432
-0.013274
-0.007867
-0.003587
0.006361
-0.042680
0.034174
0.044897
0.015268
0.045330
0.040854
0.083231
0.045777
0.056910
0.133406
0.033034
-0.126235
-0.125276
-0.031061
-0.019067
-0.045704
-0.117210
-0.077157
-0.132877
-0.163794
0.022500
0.063888
0.139975
-0.121239
-0.098099
0.027347
-0.194210
-0.058943
-0.185781
-0.095823
-0.011105
-0.113997
-0.081661
0.115113
0.286237
0.088105
0.238642
0.253079
0.107508
-0.022940
0.092167
0.138881
-0.027850
-0.036330
-0.095414
0.000670
0.021738
0.004265
0.045606
0.071972
0.072514
-0.009514
-0.071607
-0.088640
-0.043488
-0.073018
-0.074378
-0.003352
0.032326
0.018021
0.005338
0.046644
0.012206
-0.007057
0.014093
0.021548
0.007839
0.004883
0.010989
0.012078
0.022309
0.020634
0.020470
0.018071
-0.000922
-0.018668
-0.021130
-0.014593
-0.015468
-0.008705
-0.007621
-0.009665
-0.011144
-0.018566
-0.011428
-0.020430
-0.002212
0.003215
-0.026464
-0.015417
-0.006330
-0.029243
0.004496
-0.004940
-0.031751
0.030171
-0.023285
-0.057742
0.010547
-0.042416
-0.093960
0.021782
-0.049814
-0.025005
0.082037
-0.149902
0.012484
-0.003943
-0.096770
0.079155
-0.146598
-0.222781
0.037773
-0.003802
-0.025435
0.298730
0.089253
-0.052994
-0.111805
-0.138702
-0.029495
-0.157208
-0.102670
0.025318
0.006495
-0.101138
-0.174338
-0.059626
0.011052
-0.113485
0.085718
0.286110
0.029258
-0.032640
0.112890
-0.070325
-0.054688
-0.081391
-0.029081
0.180653
-0.028965
-0.022868
0.127378
0.043779
-0.007128
0.056816
0.080654
0.065170
-0.008136
-0.022145
0.053359
0.019326
0.081662
0.069110
0.023466
0.084234
0.047897
0.014567
0.006938
-0.004189
-0.018422
0.015917
0.031223
0.042610
0.043065
0.039841
0.046190
0.021262
0.014040
0.007327
0.016657
0.020370
0.016647
0.022815
0.028500
0.027100
0.020836
0.017131
0.019073
0.020683
0.012415
0.007305
0.018135
0.001286
0.005333
0.019543
0.013420
0.014521
0.001298
0.010647
0.005823
-0.002181
-0.000944
-0.019948
-0.005813
0.010414
-0.030919
0.040782
0.053031
-0.069115
0.057268
0.001143
-0.152438
0.015765
-0.130553
-0.073715
0.226100
0.059696
0.197619
0.166909
-0.160645
0.044350
-0.124128
-0.070600
0.187056
0.122053
0.339789
0.212586
0.050612
0.024246
-0.166322
-0.125732
0.082104
-0.032533
0.012438
0.035039
-0.072912
-0.054000
-0.032321
0.152181
-0.174755
-0.093893
0.151151
-0.106288
0.085964
-0.031365
0.074921
0.142886
-0.122852
0.005534
-0.020281
-0.122940
-0.030486
-0.040293
-0.024138
-0.010902
-0.168752
0.002209
0.091998
-0.072328
-0.065566
-0.067596
-0.054111
-0.006584
-0.101850
-0.018582
0.059401
-0.031348
-0.007760
0.010756
-0.003673
-0.004649
-0.057071
-0.039461
-0.010475
-0.030753
-0.022516
-0.015897
-0.012615
-0.017885
-0.038507
-0.024958
-0.010606
-0.025406
-0.024478
-0.022415
-0.024643
-0.019538
-0.020941
-0.015499
-0.003186
-0.014007
-0.013565
-0.009931
-0.012323
-0.026249
-0.021013
-0.003786
0.006887
0.024042
-0.000699
-0.006880
-0.004299
-0.037327
-0.015041
0.007254
-0.007581
0.020732
0.031492
0.016781
0.017025
0.050821
-0.006086
0.105007
0.019105
-0.121926
0.044704
-0.115172
0.030039
0.140135
0.030433
0.102991
0.045727
-0.032428
-0.110347
-0.164073
-0.178353
-0.141583
-0.041676
0.039727
0.085081
0.045942
-0.077659
-0.171236
-0.126080
-0.227412
-0.296411
-0.176911
-0.073403
0.155954
0.143623
0.047835
0.228621
0.143901
0.007525
0.026720
-0.189441
-0.095579
-0.003101
0.010639
0.254988
0.195459
0.141778
0.152881
0.059402
0.077031
-0.020059
-0.082429
-0.021019
-0.032851
-0.010510
0.029745
-0.001385
-0.008474
-0.017026
-0.009273
-0.009024
-0.045350
-0.018616
-0.020678
-0.016222
0.037599
0.045875
0.048695
0.081072
0.064591
0.041766
0.025888
0.005489
0.018531
0.015004
0.011935
0.027610
0.030882
0.031746
0.021392
0.011399
0.011385
0.004020
0.001939
0.005875
0.002667
0.002512
-0.001545
-0.004214
-0.004447
-0.007193
-0.001180
-0.011606
-0.000653
0.009144
0.041385
-0.011849
-0.037218
-0.015333
-0.057014
0.019577
0.024306
0.039767
0.021581
-0.030902
-0.057490
-0.015118
0.109196
0.062183
0.037051
0.046326
-0.086105
-0.033953
-0.003717
-0.087099
0.129345
0.095652
0.008041
0.055419
-0.118964
-0.099672
-0.059198
-0.298471
0.095389
0.323301
-0.216462
0.145873
0.033340
-0.136219
0.177170
-0.151796
-0.052087
0.104410
0.038303
-0.071674
0.179477
0.174937
-0.088325
-0.011162
0.060515
0.188837
0.081757
0.075016
0.090609
0.048060
0.062518
0.028836
-0.031587
-0.113248
-0.108396
-0.087670
-0.044760
-0.055419
-0.021053
0.073257
0.087530
0.010714
0.013036
0.021618
-0.049506
-0.065289
-0.082393
-0.076180
-0.032530
0.009315
0.017976
0.008436
0.023861
0.019013
-0.014176
-0.033924
-0.025250
-0.025978
-0.033718
-0.029763
-0.016233
-0.009168
-0.013902
-0.019146
-0.024331
-0.029625
-0.035681
-0.048028
-0.045576
-0.032604
-0.028596
-0.021702
-0.017492
-0.026698
-0.029629
-0.022003
-0.029839
-0.015392
-0.028770
-0.037969
-0.021766
-0.055943
-0.032193
0.004798
-0.021025
0.001273
-0.026066
-0.146377
-0.052974
-0.063384
0.002487
0.121307
0.006720
0.002634
-0.070278
-0.056762
-0.056245
-0.061263
-0.000788
-0.111073
-0.046175
0.198999
0.023280
0.055021
0.131663
-0.024245
0.087162
0.036450
-0.055536
0.245908
0.180309
-0.017128
0.443353
0.175854
-0.171285
0.177912
-0.026562
-0.101325
-0.034344
-0.293363
-0.332805
-0.161371
-0.031105
-0.153783
-0.061345
0.050337
0.121956
0.119102
0.035076
0.050082
0.007017
-0.017484
0.020797
0.132657
0.102833
0.099366
0.113792
0.089931
0.041003
-0.005480
0.014743
0.018782
-0.057596
-0.083029
0.009898
-0.048171
-0.083596
-0.019158
-0.008659
-0.012702
-0.053370
-0.044138
-0.023580
-0.059333
-0.075015
-0.040263
-0.028541
-0.025426
-0.007126
-0.015133
0.002478
-0.001072
-0.012274
-0.005036
-0.007621
-0.013896
-0.000690
0.000371
-0.007523
-0.003317
-0.013853
-0.014777
-0.017401
-0.013912
-0.016244
-0.015366
-0.022471
-0.034373
-0.024538
-0.020093
-0.004078
-0.029278
-0.028361
0.012115
-0.017322
-0.018646
-0.058082
-0.081747
-0.001159
-0.028004
0.034991
0.100786
-0.086175
-0.024044
-0.065025
-0.089018
0.175270
-0.107012
-0.000132
0.175815
-0.055670
0.082238
-0.013697
-0.050938
-0.018602
-0.015220
0.076220
-0.019207
0.198466
0.232287
0.084442
0.218322
0.059874
-0.266519
0.002492
0.062236
-0.024054
0.259189
-0.067992
-0.152480
-0.026502
-0.166197
-0.121883
-0.188039
-0.207426
0.087423
0.158430
-0.019259
0.017184
-0.025895
-0.018179
-0.051301
-0.023982
0.130982
-0.085641
-0.144144
-0.027867
-0.065481
-0.104593
-0.044476
-0.031329
0.002895
0.014775
-0.042088
0.000900
-0.005334
-0.019003
0.001178
0.009333
0.025320
0.002713
-0.021971
-0.009260
-0.013876
-0.029556
-0.025794
-0.014890
0.003190
-0.000768
-0.015584
-0.001811
-0.000789
-0.008880
-0.011086
-0.008472
-0.000336
0.004679
0.001046
0.001962
0.002670
-0.011528
-0.007277
-0.002660
0.000472
0.013114
0.000051
0.002845
0.000720
0.001226
0.024199
0.021539
0.004841
-0.001725
-0.020389
-0.027847
0.010550
0.014975
0.059965
0.064551
-0.016358
-0.001288
-0.021574
-0.001055
0.048277
0.052632
0.103649
0.024897
-0.073895
-0.032908
-0.024603
0.064758
0.109824
0.056325
0.125270
0.087821
0.070845
-0.026554
0.037213
0.119624
-0.081840
0.138083
0.112792
-0.072170
-0.115933
-0.240047
-0.116636
-0.105622
0.084906
0.006619
-0.058073
0.187662
-0.033024
-0.206171
0.137041
0.097029
-0.227247
0.050816
0.099975
-0.047085
-0.094736
-0.102463
0.009876
-0.047302
-0.047518
0.059685
0.089456
0.110970
0.047770
-0.010846
0.034819
0.016256
-0.087392
-0.054534
-0.051344
-0.056077
-0.038323
-0.053834
-0.007014
0.023630
-0.002735
-0.010784
0.004259
-0.009744
-0.030803
-0.034926
-0.016666
-0.011954
-0.016201
0.001166
0.014593
0.006828
-0.001827
-0.006380
-0.002473
-0.009818
-0.015106
-0.007367
0.005372
0.005366
0.005123
0.006445
0.009560
0.008169
-0.005498
-0.010004
-0.008997
-0.009697
-0.009868
-0.007672
0.006576
0.009977
0.001747
0.000134
-0.010355
-0.023460
-0.020383
-0.012095
-0.011641
0.011609
0.004265
-0.019720
-0.006212
-0.006882
-0.013408
-0.000956
0.007084
-0.001018
0.000273
0.007623
0.007385
0.004583
0.004269
0.007907
0.007295
0.006725
0.005904
0.003139
0.003757
0.000405
-0.001328
0.003312
0.004191
0.001976
0.001653
-0.001833
-0.004218
-0.003725
-0.001278
0.001003
0.002822
0.004432
0.002646
0.001356
0.002501
0.001027
-0.000040
0.000387
-0.000279
0.000545
0.000947
0.001513
0.002598
0.003030
0.002817
0.003447
0.003343
0.003629
0.003457
0.002882
0.002009
0.001175
0.000373
0.000303
0.000630
0.000833
0.000946
0.001095
0.000984
0.000979
0.001006
0.001068
0.000991
0.000737
0.000497
0.000435
0.000472
0.000565
0.000749
0.000701
0.000491
0.000339
0.000173
0.000220
0.000461
0.000651
0.000622
0.000416
0.000105
-0.000013
0.000062
0.000152
0.000284
0.000221
0.000057
0.000070
0.000139
0.000178
0.000192
0.000124
0.000083
0.000089
0.000150
0.000241
0.000173
-0.000035
-0.000175
-0.000275
-0.000335
-0.000171
-0.000130
-0.000208
-0.000258
-0.000370
-0.000413
-0.000274
-0.000156
-0.000059
-0.009415
-0.007637
0.000694
-0.006098
-0.004206
-0.009292
-0.013948
0.019214
0.009202
0.055859
0.021870
-0.030283
0.020839
-0.007214
0.030867
0.016490
-0.059860
0.015012
0.001676
0.004100
0.103623
0.145286
0.007358
-0.091516
-0.080324
-0.130583
-0.088579
-0.018412
0.057000
0.035861
0.197907
0.033241
0.029137
-0.000354
-0.407497
-0.138286
0.005462
-0.096463
0.197881
0.193456
-0.092627
-0.012304
-0.274056
-0.429979
0.210778
-0.212385
-0.302870
0.307083
0.074883
0.106014
0.039403
0.045929
0.223149
-0.199495
-0.302543
0.165256
0.169572
0.142177
0.184154
0.146422
0.121194
0.128389
-0.082824
-0.062347
0.074557
-0.106335
-0.137928
-0.090272
-0.053091
-0.060507
-0.076088
0.054174
0.134443
0.039150
0.002661
0.042814
0.014724
-0.043351
-0.053349
-0.009461
0.069233
0.069675
0.054313
0.051033
0.027132
-0.010274
0.008890
0.003522
0.000141
0.017093
0.023887
0.020391
0.015763
0.007619
0.003206
0.015019
0.001593
-0.013293
-0.013513
-0.020029
-0.001971
0.001828
-0.011112
0.009254
-0.009971
0.010233
0.024162
-0.005426
0.009742
0.005257
-0.023969
0.007685
-0.008340
0.047357
0.059780
-0.006022
0.031872
-0.014671
-0.004675
-0.028894
-0.034108
0.122552
0.082832
-0.032523
0.010279
0.043992
0.022523
-0.035027
-0.000921
-0.072134
0.122554
0.038779
-0.034728
0.303463
-0.195788
-0.330969
-0.112290
-0.332506
0.005891
0.282640
0.100110
0.099191
0.088148
-0.031953
0.069503
-0.258334
-0.360690
0.114431
-0.141983
-0.112751
0.542876
0.423650
0.204306
0.110206
0.115583
0.196490
-0.147847
-0.163930
-0.074072
-0.101932
-0.104140
0.059427
0.040002
-0.111424
0.000343
-0.048941
0.080507
-0.055703
-0.108017
0.114635
-0.027541
-0.079672
0.010182
0.041092
-0.026829
0.046739
0.006811
-0.095142
-0.018112
-0.020836
-0.033569
-0.032389
-0.012041
0.021385
0.032794
0.004509
-0.014245
-0.020902
-0.045627
-0.025360
-0.030010
-0.035415
-0.033902
-0.024788
-0.005950
-0.015691
-0.028609
-0.024951
-0.022744
-0.026669
-0.013549
-0.012831
-0.020717
-0.016164
0.001605
-0.000074
-0.035222
-0.024175
-0.044633
-0.008855
-0.005444
-0.016343
0.046419
-0.023683
-0.031153
0.000832
-0.019000
0.028253
-0.050392
0.005105
0.086697
0.009041
0.047575
0.039153
0.091252
0.075387
0.023608
0.148920
0.087855
-0.124246
-0.182680
-0.061557
-0.008337
-0.026991
-0.116353
-0.120962
-0.105337
-0.231991
-0.001025
0.064253
0.169779
-0.009612
-0.232664
0.072378
-0.206544
-0.071556
-0.149012
-0.218072
0.090155
-0.146141
-0.124706
0.067352
0.371154
0.127077
0.201112
0.344300
0.113454
0.016302
0.036835
0.175376
-0.009873
-0.017962
-0.118862
-0.063495
0.064047
-0.005928
0.048385
0.060357
0.097364
0.030658
-0.088640
-0.120354
-0.054161
-0.050137
-0.101791
-0.011627
0.038666
0.038654
0.014598
0.041938
0.013323
-0.023205
0.019833
0.026470
0.014140
-0.000049
0.000562
0.006638
0.016855
0.023032
0.015239
0.011088
-0.008453
-0.022999
-0.027480
-0.032229
-0.021064
-0.008078
0.001378
-0.013374
-0.014388
-0.020291
-0.004212
-0.011727
-0.015282
0.010362
-0.020328
-0.025018
-0.004418
-0.025756
0.003242
0.017552
-0.041840
0.037348
0.004710
-0.086022
0.008295
-0.018740
-0.129164
0.009867
-0.001449
-0.100261
0.141434
-0.124626
-0.080844
0.080501
-0.171284
0.119043
-0.087166
-0.337732
0.016675
0.065666
-0.117691
0.333263
0.221324
-0.104257
-0.066548
-0.239913
-0.034284
-0.104571
-0.180602
0.021915
0.061415
-0.094795
-0.218015
-0.097032
0.037298
-0.119127
0.031802
0.347371
0.126430
-0.075945
0.126579
-0.049953
-0.103962
-0.038565
-0.120589
0.232809
0.058860
-0.093228
0.144913
0.060037
-0.017877
0.063821
0.075855
0.058228
0.047534
-0.038645
0.030732
0.040536
0.072148
0.099433
0.006687
0.084376
0.061626
0.017067
0.013122
0.007841
-0.019431
-0.014773
0.033285
0.040136
0.044889
0.041299
0.054669
0.027664
0.011658
-0.001796
0.007768
0.018321
0.005329
0.021644
0.033322
0.028022
0.028091
0.017092
0.015700
0.013498
0.008535
0.008257
0.016754
-0.001250
-0.008327
0.025654
0.014899
0.019594
0.000112
0.005608
0.020250
-0.007281
-0.008764
-0.020284
-0.015825
0.017966
-0.026591
0.016339
0.094936
-0.072746
0.018601
0.077873
-0.203159
-0.007339
-0.072512
-0.201748
0.272023
0.120010
0.137949
0.330002
-0.220301
-0.008300
-0.023617
-0.245728
0.254743
0.141428
0.326565
0.342216
0.041549
0.033562
-0.188053
-0.205783
0.094988
-0.002249
-0.035895
0.109826
-0.101096
-0.082011
-0.077753
0.167959
-0.089278
-0.258482
0.262923
-0.133219
0.057026
0.062604
-0.069834
0.281296
-0.144185
-0.072896
0.044275
-0.159544
-0.031906
-0.020553
-0.073912
0.026597
-0.185726
-0.101066
0.141946
-0.048645
-0.085872
-0.055294
-0.085532
0.022969
-0.090311
-0.096089
0.074426
-0.002538
-0.012824
0.020661
-0.000992
0.016549
-0.032133
-0.064987
-0.022359
-0.027958
-0.025651
-0.007846
-0.002096
-0.018373
-0.043498
-0.026614
-0.003421
-0.014102
-0.026757
-0.035225
-0.024559
-0.017053
-0.016564
-0.013302
-0.000635
-0.009087
-0.007817
-0.009534
-0.019063
-0.027191
-0.030875
0.001409
0.006696
0.024752
0.011920
-0.013886
-0.000081
-0.040658
-0.037467
0.018643
-0.010616
0.013508
0.042624
0.027669
0.004134
0.052112
0.005960
0.076659
0.113981
-0.186335
0.041819
-0.088887
-0.071085
0.236817
0.010431
0.104354
0.096884
-0.043994
-0.102601
-0.191556
-0.216440
-0.177771
-0.048238
0.027867
0.094427
0.097885
-0.059221
-0.203319
-0.160767
-0.209841
-0.350428
-0.209864
-0.118337
0.149549
0.245687
0.022301
0.217618
0.236781
-0.011082
0.073547
-0.190522
-0.195722
0.059430
-0.041981
0.253314
0.288935
0.117952
0.197832
0.069744
0.072334
0.022117
-0.107878
-0.026615
-0.032813
-0.031293
0.021236
0.000109
-0.001876
0.001202
-0.007767
-0.004213
-0.046858
-0.012419
-0.018339
-0.046961
0.020695
0.045917
0.058541
0.105971
0.083359
0.047257
0.033715
-0.002494
0.005455
0.003060
-0.010384
0.013479
0.026248
0.037125
0.032535
0.012628
0.008027
-0.001523
-0.003598
-0.001974
-0.012523
-0.007864
0.003178
0.000882
0.002577
-0.008170
0.001298
-0.007687
-0.003184
0.010324
0.043587
0.018170
-0.059657
-0.005084
-0.068101
0.003492
0.041592
0.031747
0.062186
-0.034852
-0.065881
-0.048602
0.106606
0.106165
0.037856
0.072124
-0.095282
-0.086380
0.049610
-0.140570
0.086557
0.202515
-0.022071
0.073863
-0.097822
-0.169986
-0.023008
-0.321506
-0.093267
0.515881
-0.176919
0.022354
0.207706
-0.330472
0.293502
-0.100158
-0.221312
0.196064
0.072046
-0.103838
0.127263
0.304229
-0.131522
-0.005970
0.036306
0.144506
0.197734
0.054200
0.097362
0.056927
0.056382
0.024413
-0.008413
-0.136424
-0.137507
-0.091041
-0.074471
-0.042522
-0.032444
0.058767
0.111351
0.014193
-0.007383
0.043004
-0.043463
-0.061211
-0.073316
-0.114599
-0.052005
0.012347
0.019037
0.009078
0.016762
0.023767
-0.004444
-0.031828
-0.030719
-0.040851
-0.049417
-0.028241
-0.012724
-0.022750
-0.018167
-0.014379
-0.016116
-0.023674
-0.044143
-0.053489
-0.049943
-0.033534
-0.029756
-0.021830
-0.015572
-0.018082
-0.021693
-0.016647
-0.031792
-0.019756
-0.017830
-0.050706
-0.022365
-0.052026
-0.048013
0.013264
-0.005436
-0.005625
0.006588
-0.158708
-0.096798
-0.048871
-0.059863
0.187080
0.025067
-0.012531
-0.041464
-0.099147
-0.051209
-0.079752
0.014553
-0.089850
-0.136452
0.234181
0.103296
-0.021933
0.194359
-0.014237
0.067915
0.080708
-0.105089
0.222298
0.312508
-0.084140
0.426426
0.367994
-0.300641
0.205418
0.043345
-0.244153
0.089209
-0.301192
-0.464690
-0.200066
-0.023284
-0.165403
-0.101476
0.055268
0.094070
0.221169
0.026776
0.032671
0.050692
-0.040889
-0.006786
0.153063
0.121514
0.103790
0.162209
0.089603
0.047760
-0.026131
-0.014263
0.039568
-0.047902
-0.136719
-0.012717
-0.031245
-0.106605
-0.006948
-0.020706
-0.029238
-0.034822
-0.050047
-0.017683
-0.058500
-0.086476
-0.046959
-0.015403
-0.020609
-0.002432
-0.012737
0.007308
0.020307
-0.013205
-0.013756
-0.012378
-0.019594
-0.005546
-0.000980
-0.011761
0.001421
-0.012141
-0.017976
-0.013405
-0.016496
-0.024376
-0.022653
-0.018692
-0.039875
-0.029047
-0.024693
-0.003427
-0.013904
-0.044223
0.018175
-0.002285
-0.023028
-0.041066
-0.114431
-0.010029
-0.009089
-0.009436
0.159232
-0.047359
-0.092484
-0.006947
-0.178567
0.201258
-0.013440
-0.137181
0.282036
-0.075490
0.065303
0.066932
-0.149287
0.033103
-0.036596
0.074583
-0.016626
0.162323
0.328319
0.070380
0.238260
0.137634
-0.325163
-0.088622
0.140225
-0.110205
0.317487
0.054188
-0.283986
0.010702
-0.209495
-0.154151
-0.145934
-0.311655
0.038268
0.278037
-0.015227
-0.016036
0.013486
-0.069271
-0.029239
-0.065449
0.143807
-0.005757
-0.177738
-0.046614
-0.084832
-0.130346
-0.067056
-0.023435
-0.011382
0.041360
-0.039390
-0.027112
0.021652
-0.009731
-0.010946
-0.015171
0.018823
0.036495
-0.000727
-0.012902
-0.012825
-0.015454
-0.023209
-0.017321
-0.002895
-0.006399
-0.008621
0.007820
0.014654
0.001693
-0.014966
-0.013801
0.002649
0.002743
0.002481
0.004603
0.003097
-0.003724
-0.004342
0.000544
-0.007465
0.008045
0.005932
0.005619
0.003671
-0.011751
0.019901
0.029774
0.007791
-0.006199
-0.019789
-0.041533
-0.001784
0.016262
0.051179
0.098509
-0.014127
-0.013706
-0.015109
-0.032923
0.062981
0.049860
0.105289
0.080690
-0.083671
-0.068726
-0.037718
0.050541
0.158224
0.046054
0.137083
0.124614
0.055804
0.013076
-0.026217
0.163370
-0.080791
0.086803
0.208595
-0.121117
-0.042058
-0.307207
-0.224930
-0.074272
0.056437
0.069394
-0.132092
0.240975
0.041292
-0.311716
0.097107
0.218295
-0.272363
-0.005753
0.163784
-0.079758
-0.039592
-0.142936
-0.048363
-0.001534
-0.075854
0.041044
0.094070
0.143977
0.088782
-0.019298
0.003016
0.036165
-0.068248
-0.090913
-0.055958
-0.065291
-0.020947
-0.053565
-0.027330
0.030055
0.010225
-0.020701
0.003908
0.008771
-0.027490
-0.034377
-0.011595
-0.012807
-0.018944
-0.008050
0.015041
0.011842
0.007798
0.000933
-0.003823
-0.014720
-0.016964
-0.007383
-0.003440
0.005586
0.006400
0.008800
0.011814
0.006878
-0.006457
-0.008324
-0.013269
-0.019251
-0.012135
-0.007573
0.003945
0.013632
0.006212
0.007255
-0.008173
-0.026113
-0.025373
-0.016951
-0.016063
0.007943
0.013560
-0.022106
-0.005553
-0.001730
-0.018881
-0.001194
0.010455
-0.000646
0.001499
0.009743
0.007923
0.006577
0.004824
0.006956
0.007730
0.006788
0.007306
0.004233
0.004395
0.001305
-0.003359
0.000155
0.004078
0.003182
0.002979
0.000457
-0.004116
-0.003817
-0.001340
0.000333
0.001998
0.004420
0.002671
0.001181
0.004156
0.003162
-0.000890
0.000133
0.000961
0.000190
0.000484
0.001838
0.003511
0.003526
0.002810
0.002390
0.002337
0.002580
0.003294
0.002534
0.002237
0.001401
0.000340
0.000141
0.000613
0.000650
0.000893
0.000829
0.000707
0.000704
0.000914
0.000948
0.001006
0.000949
0.000774
0.000557
0.000518
0.000585
0.000741
0.000801
0.000620
0.000450
0.000314
0.000324
0.000462
0.000584
0.000555
0.000418
0.000196
0.000077
0.000114
0.000171
0.000237
0.000225
0.000058
-0.000030
0.000047
0.000139
0.000186
0.000134
0.000031
-0.000019
-0.000007
0.000160
0.000248
0.000041
-0.000150
-0.000314
-0.000462
-0.000281
-0.000093
-0.000205
-0.000209
-0.000277
-0.000433
-0.000324
-0.000146
-0.000146
-0.000078
0.000000