0.403706
0.450310
0.477541
0.485231
0.475392
0.451554
0.417842
0.378080
0.335240
0.291357
0.247875
0.206216
0.168260
0.136505
0.113775
0.102548
0.104155
0.118138
0.142051
0.171806
0.202481
0.229361
0.248856
0.259031
0.259593
0.251402
0.235716
0.213498
0.185054
0.150118
0.108357
0.060044
0.006622
-0.049118
-0.103352
-0.151958
-0.191434
-0.219684
-0.236391
-0.242859
-0.241388
-0.234420
-0.223777
-0.210257
-0.193735
-0.173698
-0.149985
-0.123433
-0.096135
-0.071220
-0.052173
-0.041978
-0.042353
-0.053383
-0.073650
-0.100825
-0.132468
-0.166748
-0.202789
-0.240548
-0.280259
-0.321708
-0.363614
-0.403421
-0.437590
-0.462333
-0.474553
-0.472650
-0.456932
-0.429479
-0.393528
-0.352616
-0.309771
-0.267052
-0.225554
-0.185832
-0.148521
-0.114858
-0.086842
-0.066932
-0.057343
-0.059201
-0.071857
-0.092645
-0.117202
-0.140270
-0.156741
-0.162617
-0.155586
-0.135076
-0.101831
-0.057226
-0.002622
0.060968
0.132788
0.211875
0.296441
0.383411
0.468359
0.545952
0.610822
0.658599
0.686798
0.695251
0.685966
0.662475
0.628901
0.589069
0.545951
0.501582
0.457407
0.414847
0.375785
0.342720
0.318475
0.305532
0.305222
0.317090
0.338692
0.365941
0.393919
0.417912
0.434335
0.441255
0.438383
0.426580
0.407109
0.380938
0.348375
0.309159
0.262961
0.210059
0.151899
0.091278
0.032025
-0.021734
-0.066492
-0.100147
-0.122377
-0.134480
-0.138751
-0.137627
-0.132923
-0.125432
-0.115022
-0.101175
-0.083724
-0.063499
-0.042588
-0.024111
-0.011550
-0.007880
-0.014816
-0.032432
-0.059306
-0.093102
-0.131375
-0.172284
-0.214950
-0.259321
-0.305627
-0.353645
-0.402089
-0.448395
-0.489019
-0.520166
-0.538733
-0.543115
-0.533612
-0.512297
-0.482403
-0.447460
-0.410491
-0.373549
-0.337722
-0.303561
-0.271694
-0.243353
-0.220533
-0.205687
-0.201026
-0.207669
-0.224964
-0.250240
-0.279129
-0.306369
-0.326848
-0.336565
-0.333203
-0.316187
-0.286257
-0.244784
-0.193129
-0.132299
-0.063047
0.013664
0.096050
0.181037
0.264203
0.340215
0.633086
0.595853
0.543983
0.483166
0.418205
0.352608
0.288777
0.228616
0.174225
0.128311
0.094082
0.074618
0.071912
0.085964
0.114283
0.152054
0.192956
0.230423
0.258940
0.274982
0.277321
0.266647
0.244714
0.213372
0.173859
0.126621
0.071701
0.009499
-0.058443
-0.129001
-0.197606
-0.258973
-0.308212
-0.341934
-0.358977
-0.360496
-0.349393
-0.329298
-0.303477
-0.274064
-0.241867
-0.206791
-0.168685
-0.128227
-0.087496
-0.049959
-0.019855
-0.001178
0.003373
-0.006906
-0.030627
-0.064842
-0.106002
-0.150976
-0.197756
-0.245588
-0.294510
-0.344497
-0.394585
-0.442345
-0.483961
-0.514924
-0.531128
-0.529987
-0.511193
-0.476827
-0.430814
-0.377907
-0.322573
-0.268171
-0.216670
-0.168967
-0.125595
-0.087486
-0.056419
-0.034917
-0.025585
-0.030106
-0.048270
-0.077419
-0.112557
-0.147140
-0.174324
-0.188283
-0.185195
-0.163607
-0.124139
-0.068706
0.000382
0.081085
0.171796
0.270975
0.376455
0.484759
0.590788
0.688118
0.769890
0.830067
0.864673
0.872608
0.855769
0.818464
0.766302
0.704974
0.639283
0.572738
0.507741
0.446199
0.390212
0.342488
0.306238
0.284544
0.279401
0.290810
0.316286
0.351013
0.388676
0.422709
0.447603
0.459836
0.458184
0.443340
0.417062
0.381206
0.337013
0.284933
0.225016
0.157666
0.084429
0.008435
-0.065742
-0.132810
-0.187876
-0.227542
-0.250642
-0.258326
-0.253489
-0.239754
-0.220382
-0.197500
-0.171908
-0.143508
-0.112139
-0.078474
-0.044586
-0.013934
0.009250
0.020978
0.018558
0.001293
-0.029423
-0.070633
-0.118782
-0.170732
-0.224470
-0.279234
-0.335054
-0.391898
-0.448797
-0.503314
-0.551628
-0.589222
-0.611982
-0.617320
-0.604917
-0.576849
-0.537036
-0.490224
-0.440876
-0.392341
-0.346586
-0.304499
-0.266610
-0.233845
-0.207978
-0.191526
-0.187089
-0.196346
-0.219082
-0.252635
-0.292004
-0.330640
-0.361696
-0.379342
-0.379753
-0.361472
-0.325115
-0.272596
-0.206220
-0.128025
-0.039616
0.057470
0.161068
0.267701
0.372275
0.468365
0.549114
0.608485
0.642505
0.650073