0.188802
0.261585
0.327148
0.381831
0.422956
0.449195
0.460638
0.458563
0.445012
0.422308
0.392692
0.358163
0.320526
0.281592
0.243356
0.208057
0.178021
0.155310
0.141285
0.136222
0.139143
0.147936
0.159737
0.171493
0.180513
0.184865
0.183508
0.176159
0.162984
0.144262
0.120159
0.090711
0.056016
0.016537
-0.026624
-0.071612
-0.115952
-0.156917
-0.192019
-0.219465
-0.238445
-0.249139
-0.252468
-0.249683
-0.241941
-0.230032
-0.214336
-0.195028
-0.172407
-0.147236
-0.120916
-0.095426
-0.073027
-0.055820
-0.045333
-0.042247
-0.046385
-0.056937
-0.072836
-0.093128
-0.117202
-0.144782
-0.175699
-0.209538
-0.245307
-0.281283
-0.315117
-0.344183
-0.366072
-0.379080
-0.382517
-0.376758
-0.363027
-0.343006
-0.318419
-0.290742
-0.261118
-0.230490
-0.199853
-0.170491
-0.144053
-0.122409
-0.107282
-0.099780
-0.099976
-0.106700
-0.117615
-0.129585
-0.139219
-0.143438
-0.139894
-0.127150
-0.104601
-0.072230
-0.030319
0.020718
0.080327
0.147616
0.221075
0.298344
0.376184
0.450696
0.517801
0.573837
0.616126
0.643339
0.655564
0.654079
0.640924
0.618424
0.588818
0.554105
0.516092
0.476587
0.437588
0.401335
0.370154
0.346109
0.330561
0.323788
0.324815
0.331530
0.341071
0.350389
0.356795
0.358359
0.354042
0.343564
0.327096
0.304919
0.277202
0.243985
0.205370
0.161823
0.114451
0.065114
0.016289
-0.029292
-0.069135
-0.101445
-0.125404
-0.141188
-0.149715
-0.152229
-0.149882
-0.143458
-0.133334
-0.119676
-0.102781
-0.083404
-0.062941
-0.043366
-0.026932
-0.015737
-0.011301
-0.014299
-0.024549
-0.041235
-0.063282
-0.089733
-0.119969
-0.153708
-0.190776
-0.230750
-0.272633
-0.314697
-0.354586
-0.389666
-0.417526
-0.436455
-0.445755
-0.445797
-0.437799
-0.423436
-0.404429
-0.382246
-0.358027
-0.332708
-0.307279
-0.283019
-0.261572
-0.244803
-0.234430
-0.231556
-0.236251
-0.247339
-0.262479
-0.278531
-0.292100
-0.300103
-0.300189
-0.290917
-0.271679
-0.242452
-0.203519
-0.155288
-0.098311
-0.033479
0.037703
0.112876
0.561676
0.587725
0.594287
0.583263
0.557674
0.520978
0.476492
0.427085
0.375190
0.323041
0.272976
0.227591
0.189626
0.161571
0.145100
0.140529
0.146524
0.160175
0.177479
0.194076
0.206054
0.210565
0.206103
0.192388
0.169966
0.139703
0.102393
0.058623
0.008945
-0.045762
-0.103899
-0.162951
-0.219593
-0.270137
-0.311183
-0.340285
-0.356402
-0.359987
-0.352697
-0.336820
-0.314638
-0.287942
-0.257853
-0.224992
-0.189892
-0.153465
-0.117317
-0.083752
-0.055450
-0.034921
-0.023923
-0.023063
-0.031732
-0.048378
-0.071039
-0.097912
-0.127766
-0.160035
-0.194581
-0.231224
-0.269241
-0.307050
-0.342223
-0.371854
-0.393166
-0.404163
-0.404096
-0.393586
-0.374389
-0.348868
-0.319408
-0.287947
-0.255806
-0.223826
-0.192728
-0.163511
-0.137668
-0.117116
-0.103791
-0.099057
-0.103111
-0.114625
-0.130754
-0.147549
-0.160657
-0.166088
-0.160843
-0.143207
-0.112690
-0.069679
-0.015007
0.050375
0.125479
0.209080
0.299350
0.393498
0.487627
0.576944
0.656306
0.720999
0.767521
0.794143
0.801074
0.790214
0.764585
0.727646
0.682712
0.632654
0.579904
0.526699
0.475377
0.428535
0.388914
0.359008
0.340490
0.333680
0.337244
0.348277
0.362776
0.376387
0.385198
0.386366
0.378386
0.360984
0.334708
0.300430
0.258945
0.210846
0.156688
0.097356
0.034452
-0.029503
-0.091180
-0.146885
-0.193214
-0.227716
-0.249343
-0.258545
-0.256971
-0.246905
-0.230622
-0.209909
-0.185880
-0.159149
-0.130244
-0.100072
-0.070231
-0.043019
-0.021111
-0.007010
-0.002466
-0.008083
-0.023243
-0.046389
-0.075551
-0.108921
-0.145261
-0.183999
-0.224990
-0.268049
-0.312444
-0.356590
-0.398050
-0.433913
-0.461396
-0.478498
-0.484460
-0.479902
-0.466570
-0.446824
-0.423042
-0.397158
-0.370485
-0.343859
-0.317998
-0.293893
-0.273035
-0.257334
-0.248721
-0.248556
-0.257032
-0.272816
-0.293058
-0.313807
-0.330704
-0.339757
-0.337962
-0.323602
-0.296181
-0.256087
-0.204147
-0.141311
-0.068564
0.012873
0.101172
0.193543
0.286094
0.374032
0.452214
0.515929