0.202107
0.272258
0.331801
0.376933
0.405511
0.417366
0.414128
0.398638
0.374173
0.343747
0.309718
0.273783
0.237311
0.201808
0.169261
0.142179
0.123256
0.114740
0.117745
0.131739
0.154451
0.182230
0.210787
0.236077
0.255048
0.266029
0.268668
0.263481
0.251245
0.232461
0.207133
0.174924
0.135618
0.089694
0.038735
-0.014498
-0.066429
-0.113345
-0.152193
-0.181205
-0.200155
-0.210157
-0.213100
-0.210921
-0.205001
-0.195897
-0.183485
-0.167451
-0.147900
-0.125847
-0.103356
-0.083264
-0.068569
-0.061695
-0.063897
-0.075029
-0.093732
-0.117988
-0.145801
-0.175763
-0.207284
-0.240409
-0.275312
-0.311679
-0.348231
-0.382620
-0.411742
-0.432406
-0.442118
-0.439721
-0.425661
-0.401805
-0.370878
-0.335738
-0.298748
-0.261460
-0.224702
-0.188979
-0.155003
-0.124079
-0.098172
-0.079563
-0.070208
-0.071012
-0.081290
-0.098627
-0.119214
-0.138569
-0.152422
-0.157474
-0.151822
-0.134937
-0.107272
-0.069697
-0.023014
0.032239
0.095627
0.166365
0.242799
0.322054
0.400062
0.472016
0.533165
0.579703
0.609488
0.622349
0.619914
0.605024
0.580955
0.550722
0.516681
0.480529
0.443638
0.407511
0.374137
0.346026
0.325872
0.315927
0.317303
0.329472
0.350163
0.375728
0.401880
0.424576
0.440768
0.448786
0.448282
0.439775
0.424044
0.401595
0.372436
0.336231
0.292772
0.242538
0.187120
0.129280
0.072601
0.020799
-0.023067
-0.057224
-0.081442
-0.096829
-0.105269
-0.108693
-0.108477
-0.105172
-0.098649
-0.088587
-0.075087
-0.059156
-0.042853
-0.029010
-0.020616
-0.020090
-0.028682
-0.046238
-0.071394
-0.102125
-0.136429
-0.172891
-0.210914
-0.250538
-0.291930
-0.334769
-0.377772
-0.418582
-0.454089
-0.481096
-0.497104
-0.500948
-0.493068
-0.475327
-0.450441
-0.421265
-0.390153
-0.358654
-0.327588
-0.297457
-0.268964
-0.243412
-0.222759
-0.209280
-0.204928
-0.210602
-0.225612
-0.247538
-0.272568
-0.296215
-0.314203
-0.323231
-0.321392
-0.308152
-0.283962
-0.249686
-0.206126
-0.153814
-0.093184
-0.025018
0.049033
0.126097
0.629410
0.561816
0.488224
0.413020
0.339055
0.268295
0.202741
0.145138
0.099124
0.068668
0.056982
0.065290
0.091953
0.132322
0.179445
0.225449
0.263166
0.287498
0.296083
0.289122
0.268486
0.236506
0.194941
0.144507
0.085133
0.016802
-0.059408
-0.140558
-0.221724
-0.296646
-0.358981
-0.403745
-0.428446
-0.433515
-0.421891
-0.397916
-0.365958
-0.329255
-0.289389
-0.246543
-0.200393
-0.151245
-0.100933
-0.053081
-0.012597
0.015457
0.027206
0.021030
-0.002032
-0.038696
-0.084494
-0.135098
-0.187404
-0.239995
-0.292826
-0.346294
-0.400089
-0.452313
-0.499255
-0.535955
-0.557401
-0.559929
-0.542351
-0.506382
-0.456226
-0.397478
-0.335720
-0.275334
-0.218909
-0.167410
-0.120967
-0.079905
-0.045532
-0.020325
-0.007379
-0.009285
-0.026858
-0.058202
-0.098502
-0.140685
-0.176766
-0.199476
-0.203634
-0.186863
-0.149469
-0.093611
-0.022159
0.062295
0.157886
0.263228
0.376616
0.495079
0.613721
0.725747
0.823262
0.898681
0.946302
0.963544
0.951432
0.914174
0.858002
0.789667
0.715110
0.638717
0.563341
0.490948
0.423541
0.363867
0.315567
0.282611
0.268214
0.273602
0.297139
0.334181
0.377777
0.420058
0.453860
0.474089
0.478387
0.466959
0.441680
0.404887
0.358343
0.302768
0.238097
0.164318
0.082515
-0.004369
-0.091404
-0.172322
-0.240777
-0.291777
-0.322824
-0.334344
-0.329269
-0.311934
-0.286700
-0.256800
-0.223809
-0.187902
-0.148749
-0.106650
-0.063430
-0.022707
0.010617
0.031490
0.036041
0.022659
-0.007612
-0.051479
-0.104467
-0.162241
-0.221690
-0.281391
-0.341291
-0.401780
-0.462542
-0.521670
-0.575448
-0.618910
-0.647035
-0.656153
-0.645071
-0.615496
-0.571628
-0.519052
-0.463347
-0.408888
-0.358258
-0.312416
-0.271488
-0.235792
-0.206631
-0.186478
-0.178421
-0.185047
-0.207166
-0.242879
-0.287366
-0.333549
-0.373440
-0.399766
-0.407342
-0.393788
-0.359407
-0.306355
-0.237499
-0.155428
-0.062005
0.041385
0.153041
0.269992
0.387344
0.498304
0.594977
0.669779
0.717010
0.734088
0.722037
0.685068