-0.077944
-0.015062
0.052133
0.120766
0.187410
0.248483
0.300740
0.341728
0.370087
0.385615
0.389107
0.382036
0.366201
0.343454
0.315569
0.284283
0.251406
0.218934
0.189043
0.163928
0.145498
0.135006
0.132756
0.137966
0.148872
0.163042
0.177822
0.190777
0.200015
0.204304
0.203002
0.195842
0.182715
0.163521
0.138187
0.106826
0.069962
0.028730
-0.015071
-0.059117
-0.100874
-0.138002
-0.168736
-0.192111
-0.207983
-0.216847
-0.219525
-0.216853
-0.209481
-0.197838
-0.182282
-0.163340
-0.141933
-0.119487
-0.097846
-0.079023
-0.064846
-0.056632
-0.054984
-0.059790
-0.070407
-0.085950
-0.105582
-0.128688
-0.154867
-0.183762
-0.214802
-0.246966
-0.278686
-0.307949
-0.332583
-0.350646
-0.360792
-0.362506
-0.356132
-0.342695
-0.323605
-0.300330
-0.274184
-0.246262
-0.217538
-0.189045
-0.162040
-0.138034
-0.118656
-0.105347
-0.098997
-0.099614
-0.106176
-0.116703
-0.128552
-0.138845
-0.144916
-0.144641
-0.136584
-0.119953
-0.094436
-0.060008
-0.016828
0.034726
0.093895
0.159321
0.228888
0.299718
0.368382
0.431297
0.485216
0.527684
0.557339
0.573979
0.578395
0.572063
0.556779
0.534395
0.506685
0.475385
0.442305
0.409441
0.378971
0.353091
0.333707
0.322076
0.318503
0.322206
0.331422
0.343724
0.356456
0.367189
0.374029
0.375749
0.371708
0.361643
0.345447
0.323024
0.294304
0.259401
0.218847
0.173777
0.125994
0.077828
0.031815
-0.009700
-0.044947
-0.072958
-0.093583
-0.107313
-0.114964
-0.117370
-0.115173
-0.108799
-0.098599
-0.085095
-0.069205
-0.052347
-0.036360
-0.023251
-0.014845
-0.012450
-0.016664
-0.027372
-0.043921
-0.065422
-0.091034
-0.120133
-0.152313
-0.187213
-0.224255
-0.262410
-0.300106
-0.335324
-0.365887
-0.389845
-0.405847
-0.413374
-0.412761
-0.405031
-0.391585
-0.373888
-0.353247
-0.330752
-0.307371
-0.284133
-0.262289
-0.243345
-0.228925
-0.220466
-0.218851
-0.224086
-0.235143
-0.250037
-0.266121
-0.280514
-0.290546
-0.294087
-0.289699
-0.276586
-0.254432
-0.223210
-0.183074
-0.134400
0.684630
0.655226
0.611694
0.558318
0.498913
0.436651
0.374230
0.314222
0.259381
0.212681
0.177024
0.154653
0.146490
0.151633
0.167235
0.188865
0.211270
0.229337
0.238964
0.237607
0.224364
0.199637
0.164552
0.120385
0.068229
0.009001
-0.056229
-0.125783
-0.197013
-0.266257
-0.329184
-0.381482
-0.419671
-0.441791
-0.447720
-0.439038
-0.418467
-0.389111
-0.353741
-0.314369
-0.272238
-0.228172
-0.183115
-0.138614
-0.097005
-0.061221
-0.034249
-0.018448
-0.014952
-0.023400
-0.042100
-0.068544
-0.100126
-0.134762
-0.171219
-0.209037
-0.248086
-0.287964
-0.327484
-0.364473
-0.395999
-0.418954
-0.430811
-0.430290
-0.417694
-0.394810
-0.364413
-0.329556
-0.292911
-0.256375
-0.221062
-0.187633
-0.156788
-0.129672
-0.107993
-0.093751
-0.088648
-0.093370
-0.107021
-0.126915
-0.148856
-0.167822
-0.178872
-0.177990
-0.162632
-0.131836
-0.085939
-0.026062
0.046391
0.130007
0.223296
0.324354
0.430406
0.537494
0.640509
0.733639
0.811181
0.868482
0.902743
0.913440
0.902247
0.872503
0.828416
0.774271
0.713885
0.650429
0.586602
0.524980
0.468316
0.419588
0.381697
0.356891
0.346094
0.348406
0.360982
0.379395
0.398395
0.412872
0.418728
0.413423
0.396059
0.367041
0.327499
0.278715
0.221785
0.157632
0.087331
0.012564
-0.064017
-0.138742
-0.207275
-0.265300
-0.309332
-0.337402
-0.349385
-0.346853
-0.332524
-0.309495
-0.280530
-0.247636
-0.212048
-0.174584
-0.136184
-0.098385
-0.063518
-0.034507
-0.014337
-0.005357
-0.008694
-0.023982
-0.049521
-0.082797
-0.121197
-0.162629
-0.205856
-0.250410
-0.296153
-0.342678
-0.388791
-0.432313
-0.470305
-0.499652
-0.517822
-0.523527
-0.517066
-0.500219
-0.475754
-0.446720
-0.415782
-0.384832
-0.354978
-0.326876
-0.301221
-0.279151
-0.262372
-0.252878
-0.252364
-0.261515
-0.279428
-0.303415
-0.329275
-0.351981
-0.366589
-0.369080
-0.356906
-0.329104
-0.286005
-0.228729
-0.158676
-0.077259
0.014036
0.113307
0.217779
0.323499
0.425355
0.517539
0.594349
0.651132
0.685089
0.695697