-0.159995
-0.238881
-0.266216
-0.221500
-0.111634
0.031669
0.163964
0.245004
0.254076
0.197871
0.107887
0.028361
-0.000669
0.041304
0.147390
0.285891
0.412380
0.486634
0.487966
0.423098
0.323563
0.233634
0.193391
0.223386
0.316774
0.441909
0.554417
0.614128
0.600416
0.520058
0.404651
0.298531
0.241840
0.255195
0.331819
0.440130
0.535821
0.578789
0.548472
0.451716
0.320179
0.198263
0.126172
0.124583
0.186778
0.281234
0.363696
0.394115
0.351977
0.244175
0.102413
-0.028871
-0.109432
-0.118561
-0.062947
0.025913
0.103787
0.130644
0.085984
-0.023290
-0.165470
-0.296113
-0.374979
-0.381365
-0.321971
-0.228308
-0.144629
-0.110986
-0.147906
-0.248517
-0.381145
-0.501385
-0.569039
-0.563446
-0.491355
-0.384326
-0.286665
-0.238480
-0.260355
-0.345477
-0.462234
-0.566282
-0.617488
-0.595256
-0.506400
-0.382548
-0.268069
-0.203141
-0.208412
-0.277135
-0.377762
-0.466014
-0.501820
-0.464644
-0.361359
-0.223651
-0.095944
-0.018466
-0.011916
-0.069594
-0.159995
-0.238881
-0.266216
-0.221500
-0.111634
0.031669
0.163964
0.245004
0.254076
0.197871
0.107887
0.028361
-0.000669
0.041304
0.147390
0.285891
0.412380
0.486634
0.487966
0.423098
0.323563
0.233634
0.193391
0.223386
0.316774
0.441909
0.554417
0.614128
0.600416
0.520058
0.404651
0.298531
0.241840
0.255195
0.331819
0.440130
0.535821
0.578789
0.548472
0.451716
0.320179
0.198263
0.126172
0.124583
0.186778
0.281234
0.363696
0.394115
0.351977
0.244175
0.102413
-0.028871
-0.109432
-0.118561
-0.062947
0.025913
0.103787
0.130644
0.085984
-0.023290
-0.165470
-0.296113
-0.374979
-0.381365
-0.321971
-0.228308
-0.144629
-0.110986
-0.147906
-0.248517
-0.381145
-0.501385
-0.569039
-0.563446
-0.491355
-0.384326
-0.286665
-0.238480
-0.260355
-0.345477
-0.462234
-0.566282
-0.617488
-0.595256
-0.506400
-0.382548
-0.268069
-0.203141
-0.208412
-0.277135
-0.377762
-0.466014
-0.501820
-0.464644
-0.361359
-0.223651
-0.095944
-0.018466
-0.011916
-0.069594
0.965072
0.921838
0.771956
0.569196
0.386573
0.288471
0.306075
0.425481
0.593039
0.735873
0.789756
0.723678
0.551734
0.327782
0.124920
0.007611
0.007116
0.109603
0.261488
0.389959
0.430843
0.353184
0.171120
-0.061450
-0.271394
-0.394221
-0.398647
-0.298490
-0.147325
-0.017961
0.025427
-0.048129
-0.224506
-0.449827
-0.650990
-0.763537
-0.756226
-0.642921
-0.477248
-0.332075
-0.271638
-0.326972
-0.484027
-0.689002
-0.868875
-0.959272
-0.929039
-0.792129
-0.602263
-0.432402
-0.346883
-0.376837
-0.508316
-0.687618
-0.841824
-0.906661
-0.851076
-0.689121
-0.474616
-0.280622
-0.171566
-0.178678
-0.288094
-0.446204
-0.580171
-0.625800
-0.552116
-0.373243
-0.143066
0.065292
0.187346
0.191817
0.092520
-0.056972
-0.183857
-0.223969
-0.146353
0.034850
0.265747
0.473212
0.592762
0.593130
0.488146
0.331405
0.195739
0.145347
0.211226
0.379281
0.595671
0.787326
0.889827
0.871973
0.747667
0.570580
0.413624
0.341082
0.384038
0.528489
0.720685
0.887653
0.965072
0.921838
0.771956
0.569196
0.386573
0.288471
0.306075
0.425481
0.593039
0.735873
0.789756
0.723678
0.551734
0.327782
0.124920
0.007611
0.007116
0.109603
0.261488
0.389959
0.430843
0.353184
0.171120
-0.061450
-0.271394
-0.394221
-0.398647
-0.298490
-0.147325
-0.017961
0.025427
-0.048129
-0.224506
-0.449827
-0.650990
-0.763537
-0.756226
-0.642921
-0.477248
-0.332075
-0.271638
-0.326972
-0.484027
-0.689002
-0.868875
-0.959272
-0.929039
-0.792129
-0.602263
-0.432402
-0.346883
-0.376837
-0.508316
-0.687618
-0.841824
-0.906661
-0.851076
-0.689121
-0.474616
-0.280622
-0.171566
-0.178678
-0.288094
-0.446204
-0.580171
-0.625800
-0.552116
-0.373243
-0.143066
0.065292
0.187346
0.191817
0.092520
-0.056972
-0.183857
-0.223969
-0.146353
0.034850
0.265747
0.473212
0.592762
0.593130
0.488146
0.331405
0.195739
0.145347
0.211226
0.379281
0.595671
0.787326
0.889827
0.871973
0.747667
0.570580
0.413624
0.341082
0.384038
0.528489
0.720685
0.887653