-0.014815
-0.013347
-0.014770
-0.017216
-0.016814
-0.014295
-0.014243
-0.012065
-0.011678
-0.011303
-0.011147
-0.009426
-0.007743
-0.010614
-0.011017
-0.010256
-0.008645
-0.009090
-0.008027
-0.009737
-0.013056
-0.011375
-0.008817
-0.004022
0.004398
0.011084
0.000357
-0.005957
0.004548
0.002594
-0.001624
0.004817
0.000368
-0.012753
0.004019
0.032158
0.037211
0.030980
0.013245
-0.005837
-0.021723
-0.028472
-0.020407
0.002877
0.007520
0.016848
0.039168
0.024210
0.004211
-0.022508
-0.071797
-0.063885
-0.010310
-0.006642
0.015135
0.042996
-0.038050
-0.079479
-0.041352
-0.064978
-0.105924
-0.078229
-0.021580
-0.020289
-0.043904
-0.014465
0.034027
0.004532
-0.046583
-0.047695
-0.040453
-0.012276
0.035438
0.041811
0.051874
0.068522
0.053980
0.041852
0.042283
0.038959
0.019135
0.009441
0.013286
-0.000587
-0.015214
-0.003190
0.020289
0.028321
0.021406
0.023780
0.026821
0.016256
0.002871
-0.001424
-0.003477
-0.001251
0.008474
0.015112
0.015643
0.012600
0.011514
0.010891
0.009340
0.008432
0.008107
0.006583
0.005552
0.006595
0.006014
0.007368
0.009223
0.009693
0.010257
0.007691
0.006475
0.004376
0.004084
0.003994
0.000969
-0.000185
-0.000333
0.002811
0.005313
0.004810
0.004921
0.000731
-0.003240
0.000830
0.007865
0.011135
0.006279
0.006353
0.006239
-0.001037
-0.006188
-0.001905
0.011998
0.022845
0.015576
0.006853
0.018864
0.019620
-0.006199
0.015838
0.028088
-0.015753
0.005264
0.056859
0.046481
0.008497
-0.024054
-0.059260
-0.080106
-0.054897
0.005730
0.037995
0.008032
0.020498
0.047508
-0.024818
-0.055334
-0.013091
-0.058121
-0.115979
-0.053361
0.054874
0.089401
0.071394
0.077175
0.091450
0.077815
0.050964
0.037281
0.000623
-0.024926
0.006129
0.037068
0.021339
-0.012181
0.011947
0.037958
0.010852
-0.000399
0.012873
0.005760
-0.008001
-0.002581
-0.012082
-0.021440
-0.006484
-0.000021
-0.009584
-0.016728
-0.013308
-0.013170
-0.020034
-0.023769
-0.022029
-0.017898
-0.020138
-0.020904
-0.018157
-0.018840
-0.017990
-0.015621
-0.017510
-0.018559
-0.015172
-0.015712
-0.019333
-0.019518
-0.019089
-0.019595
-0.020867
-0.019809
-0.015550
-0.012673
-0.011796
-0.012605
-0.012205
-0.009515
-0.012924
-0.016136
-0.019056
-0.020842
-0.017339
-0.012066
-0.004627
-0.007233
-0.014949
-0.012741
-0.006579
-0.008075
-0.014616
-0.007803
0.004398
0.001242
0.003049
0.017852
0.020377
0.013400
0.030156
0.057211
0.048309
0.015043
-0.003293
-0.003329
-0.006788
-0.008788
0.002682
-0.013389
-0.054473
-0.071908
-0.041650
-0.008482
0.006595
0.004501
-0.041034
-0.046247
-0.027709
-0.061544
-0.090564
-0.064194
-0.059369
-0.106131
-0.076075
-0.037670
-0.040552
-0.000903
0.060870
0.071574
0.035580
0.026938
0.042065
0.056732
0.052943
0.034279
0.018520
0.015671
0.031126
0.044299
0.045927
0.057358
0.076577
0.060705
0.028227
0.021310
0.011204
-0.007500
-0.006921
0.002264
-0.000272
0.003624
0.014176
0.012962
0.005298
0.002771
0.002194
-0.004058
-0.009083
-0.011694
-0.011805
-0.012605
-0.010521
-0.004611
-0.000153
0.001920
-0.000425
-0.002549
-0.008124
-0.010224
-0.009960
-0.012190
-0.010142
-0.010371
-0.008982
-0.009065
-0.006272
-0.003021
-0.004645
0.000329
0.000448
-0.008543
-0.010567
-0.002730
-0.012693
-0.016826
-0.002236
-0.004542
-0.011532
-0.006440
-0.007526
-0.016870
-0.020964
-0.021398
-0.012657
-0.021389
-0.016687
0.001012
-0.034315
-0.045655
-0.007053
-0.014861
-0.049484
-0.041137
-0.058906
-0.072869
-0.024602
0.025659
0.047111
0.015683
-0.034224
-0.033237
-0.021749
-0.060881
-0.063121
-0.015400
-0.022138
-0.058151
-0.047637
-0.043517
-0.073876
-0.059616
-0.002546
0.015647
0.011775
0.006705
0.012207
0.011352
-0.032866
-0.035144
0.006389
0.003911
-0.007253
0.023614
0.032083
0.017141
0.024769
0.031035
0.034648
0.040762
0.034760
0.018969
0.013465
0.030715
0.047186
0.046409
0.046624
0.049181
0.046737
0.048577
0.043724
0.031767
0.023494
0.022702
0.028209
0.026711
0.025961
0.031463
0.034315
0.030888
0.027591
0.023572
0.020940
0.017025
0.013401
0.013949
0.012920
0.014617
0.015372
0.014998
0.015531
0.014633
0.013623
0.011841
0.010711
0.010813
0.007962
0.006919
0.009017
0.007853
0.003398
0.007219
0.010174
0.003325
0.003264
0.009130
0.000399
-0.007523
0.006316
0.007153
0.003250
0.009857
0.001070
0.002382
-0.000153
-0.028590
-0.031251
-0.028439
-0.024756
0.030237
0.062566
0.043846
0.031491
0.013639
-0.022921
-0.029103
0.017212
0.046651
0.066402
0.104690
0.119908
0.066122
0.013810
0.026504
0.020852
0.020313
0.064680
0.052443
-0.012606
-0.002757
0.037399
0.026739
0.004377
-0.010573
0.002325
0.002745
-0.004567
0.006415
0.010682
0.014695
0.008261
0.007325
-0.014323
-0.041873
-0.035107
-0.016044
-0.006191
-0.031790
-0.057080
-0.039902
-0.023617
-0.025740
-0.039123
-0.045410
-0.038992
-0.048081
-0.049842
-0.036409
-0.033697
-0.031516
-0.027035
-0.023985
-0.017249
-0.017324
-0.022161
-0.023158
-0.022908
-0.024453
-0.021074
-0.017555
-0.015958
-0.015551
-0.016111
-0.013620
-0.014741
-0.014481
-0.012948
-0.013572
-0.014414
-0.014882
-0.014788
-0.012405
-0.011041
-0.012453
-0.009421
-0.009770
-0.008451
-0.009038
-0.016272
-0.011437
-0.007167
-0.005289
-0.001998
-0.003103
-0.007649
-0.013326
-0.012817
-0.008143
-0.006447
-0.005474
0.002860
0.010074
0.000433
0.001745
0.019927
0.013521
0.019964
0.020718
-0.009252
-0.019959
-0.005194
0.014390
0.036295
0.050803
0.032218
0.018581
0.011973
-0.018206
-0.042262
-0.061007
-0.062554
-0.024335
0.012311
0.008971
-0.021757
-0.043033
-0.050344
-0.069373
-0.119698
-0.147098
-0.112836
-0.070248
-0.040939
-0.016811
-0.009503
0.005361
0.018865
0.000492
-0.027769
-0.054668
-0.065568
-0.033546
0.023058
0.053018
0.059945
0.066532
0.070663
0.073263
0.063588
0.051524
0.039444
0.026554
0.035663
0.043972
0.036134
0.032085
0.033776
0.033777
0.032665
0.029533
0.020156
0.008060
0.005432
0.007560
0.004317
0.008813
0.015199
0.019772
0.023278
0.017285
0.013923
0.012466
0.008485
0.007145
0.006327
0.005294
0.005997
0.007353
0.007248
0.008043
0.008774
0.009659
0.010397
0.007845
0.007464
0.007903
0.005360
0.003568
0.002549
0.002432
0.001066
0.001230
0.006276
0.009511
0.011965
0.002449
-0.005574
-0.007043
-0.013645
-0.007350
0.014087
0.014695
-0.008519
-0.011862
-0.009901
-0.009465
0.020668
0.036508
0.013191
-0.000803
-0.004868
-0.013006
-0.014719
0.009183
0.037727
0.023530
0.009747
0.029067
-0.004315
-0.066964
-0.041195
-0.022883
-0.009666
0.039260
0.008625
-0.017277
0.017825
0.001855
-0.034517
0.019537
0.017924
-0.042292
-0.006360
0.036599
0.045404
0.023781
-0.002163
0.012882
0.042626
0.061713
0.063790
0.057034
0.046743
0.056431
0.073379
0.048801
0.006698
-0.000586
0.004879
-0.006508
-0.014647
-0.002503
0.014170
0.020912
0.022283
0.017464
0.005820
-0.002767
-0.009073
-0.025760
-0.039803
-0.033670
-0.025891
-0.024026
-0.018414
-0.012272
-0.010413
-0.014231
-0.018845
-0.022705
-0.026388
-0.029858
-0.029796
-0.030070
-0.028536
-0.021322
-0.018318
-0.017344
-0.019809
-0.019727
-0.021112
-0.026348
-0.025780
-0.026118
-0.023176
-0.023468
-0.022765
-0.021931
-0.022421
-0.018162
-0.017659
-0.017746
-0.020117
-0.019280
-0.022235
-0.031423
-0.027213
-0.013547
-0.017684
-0.023268
-0.023022
-0.048189
-0.056061
-0.025732
-0.001340
-0.002688
0.002931
-0.006802
-0.043611
-0.043124
-0.016147
-0.021187
-0.045673
-0.047073
-0.010473
0.016365
0.004662
0.021133
0.035714
-0.011686
-0.004412
0.068342
0.022843
-0.005696
0.098655
0.122086
0.094555
0.111835
0.073519
0.044699
0.093801
0.079609
-0.011737
-0.050993
-0.051995
-0.037500
-0.033138
-0.055698
-0.033823
-0.003554
0.000947
0.009796
0.012820
-0.018536
-0.036589
-0.016130
-0.003778
-0.001015
0.015060
0.032350
0.035419
0.026407
0.024019
0.036002
0.023482
0.001689
0.006333
0.005840
-0.009994
-0.012285
-0.004818
-0.000545
0.000194
-0.000948
-0.002244
-0.006193
-0.014398
-0.018327
-0.022863
-0.027930
-0.027350
-0.025491
-0.023933
-0.021962
-0.019267
-0.018016
-0.017492
-0.019503
-0.020178
-0.021435
-0.020203
-0.019880
-0.022943
-0.021151
-0.018512
-0.015940
-0.015608
-0.015772
-0.013381
-0.012676
-0.013300
-0.014785
-0.014559
-0.012266
-0.010242
-0.013303
-0.012855
-0.005781
-0.009499
-0.014619
-0.018811
-0.026759
-0.026246
-0.012003
0.016088
0.012838
-0.031051
-0.030771
-0.017297
-0.023543
0.001142
0.007706
-0.012431
0.002465
0.031361
0.006439
-0.009728
0.007259
-0.022162
-0.009862
0.038676
0.025059
0.024698
0.081326
0.105980
0.070197
0.033412
-0.009679
-0.003349
0.058262
0.079948
0.064100
0.022868
-0.019154
0.003598
0.009872
-0.065968
-0.076514
-0.023236
-0.010599
-0.004669
0.008426
-0.011324
-0.050343
-0.042632
-0.006969
-0.007362
-0.031846
-0.040857
-0.047692
-0.056869
-0.055119
-0.056738
-0.052556
-0.045386
-0.040745
-0.034377
-0.034425
-0.034704
-0.029867
-0.027460
-0.021275
-0.013136
-0.016825
-0.017693
-0.011623
-0.006703
-0.005245
-0.009464
-0.005890
-0.003058
-0.003734
-0.000234
0.000545
0.000574
0.001723
0.002280
0.001690
0.002585
0.002529
0.004101
0.004603
0.003131
0.004774
0.002419
0.002445
0.000636
-0.000946
0.002694
0.003379
0.002316
0.001014
0.003671
0.007806
0.007933
0.003391
-0.001136
-0.008967
-0.012044
0.002002
0.012211
0.014373
0.014233
0.008677
-0.001257
-0.003050
0.007252
0.016205
0.030187
0.040607
0.014952
-0.018075
-0.005748
0.013897
0.013993
0.034982
0.063047
0.040100
0.024729
0.060262
0.043900
0.019776
0.051567
0.055180
0.039819
0.059069
0.045622
-0.052705
-0.061594
0.003231
-0.029072
-0.033288
0.033666
0.016280
-0.046658
-0.010178
0.019481
-0.025768
-0.034030
-0.007774
-0.005935
-0.021299
-0.035520
-0.037422
-0.034857
-0.043255
-0.039123
-0.022833
-0.008975
0.009790
0.013860
0.007643
0.008046
0.007214
-0.002056
-0.017523
-0.017136
-0.013851
-0.020713
-0.018320
-0.006822
-0.003116
-0.001115
0.002056
-0.000002
-0.006279
-0.010515
-0.009687
-0.010010
-0.012573
-0.012967
-0.008673
-0.006334
-0.005344
-0.002789
-0.002541
-0.002825
-0.006611
-0.008108
-0.008845
-0.010335
-0.006625
-0.006022
-0.003701
0.000173
0.001647
0.001035
0.000355
-0.000881
-0.004754
-0.004560
-0.003714
-0.003414
-0.001831
0.002810
0.002013
-0.002090
-0.001039
-0.005420
-0.007957
-0.002333
-0.000306
-0.002680
-0.003871
-0.005085
-0.009466
-0.009155
-0.005297
-0.005013
-0.005249
-0.003237
-0.001086
0.000038
0.000011
0.000080
0.000777
0.000595
0.001045
0.001339
0.000469
0.000335
0.000618
0.000627
0.000790
0.002298
0.002692
0.002251
0.002779
0.002720
0.002139
0.001762
0.001850
0.001753
0.001713
0.001385
0.001522
0.001608
0.001817
0.001846
0.001785
0.001716
0.001604
0.001420
0.001590
0.001625
0.001697
0.001665
0.001582
0.001415
0.001400
0.001408
0.001352
0.001424
0.001364
0.001243
0.001194
0.001165
0.001141
0.001023
0.001041
0.001010
0.000991
0.001033
0.001027
0.000935
0.000836
0.000788
0.000681
0.000628
0.000657
0.000688
0.000676
0.000618
0.000530
0.000427
0.000413
0.000405
0.000386
0.000380
0.000319
0.000282
0.000261
0.000236
0.000212
0.000175
0.000157
0.000165
0.000154
0.000163
0.000180
0.000118
0.000084
0.000086
0.000071
0.000042
0.000068
0.000042
0.011109
0.014090
0.013183
0.055182
-0.022343
-0.072991
0.070400
0.103376
-0.058389
-0.044226
0.016338
-0.014272
0.045878
0.122291
0.072577
0.048801
-0.016087
-0.082244
-0.107022
-0.046600
-0.062109
0.029282
-0.006628
-0.049795
0.239801
0.110437
-0.148658
-0.169257
-0.284515
-0.134170
0.386410
-0.106663
-0.380452
0.358695
0.092108
-0.459518
-0.207250
-0.038903
-0.084750
-0.169161
-0.154996
0.025329
0.108565
0.110738
0.238985
-0.111420
-0.159280
0.133527
0.018825
0.029147
0.247788
0.178092
0.063889
0.221567
0.178219
0.045076
0.015644
0.087437
-0.024048
-0.067158
-0.106933
-0.122745
-0.092994
-0.033507
0.029650
0.004902
0.041929
0.093233
0.091447
0.030819
0.000848
-0.000209
0.013455
0.024561
0.047360
0.050227
0.021819
0.017368
0.019704
0.010024
-0.013854
-0.022068
-0.013348
-0.028058
-0.032009
-0.024419
-0.007368
-0.004147
-0.008377
0.004110
0.015715
0.013428
0.007304
0.014154
0.030573
0.024492
-0.019454
-0.020044
0.004149
0.020833
0.018791
-0.023756
-0.022905
0.005835
-0.018982
-0.013790
0.013790
0.062924
0.025770
-0.016261
0.010589
0.022433
-0.016763
-0.016697
0.039508
0.150844
0.069002
-0.160239
0.009221
0.276396
-0.033815
-0.164585
0.085158
-0.080740
0.046618
0.329382
0.008042
-0.267152
-0.105460
-0.108889
-0.220166
-0.250406
0.069807
0.457946
-0.166879
-0.347477
0.401349
0.254893
-0.291462
-0.220917
-0.197324
-0.182723
0.184795
0.337567
0.171181
0.018640
0.278427
0.499181
0.217990
-0.171702
-0.076782
0.073098
-0.026807
-0.152920
-0.132463
0.013805
-0.128038
-0.052779
0.082655
-0.046265
-0.087641
0.103150
0.068407
-0.156676
0.004358
0.040521
-0.033545
-0.028327
0.027590
0.026263
-0.012827
-0.024406
-0.055371
-0.015580
-0.047938
-0.067571
-0.059735
-0.056804
-0.058857
-0.058531
-0.049013
-0.055390
-0.032166
-0.027333
-0.016506
-0.015570
-0.001437
0.010710
0.005687
-0.006139
-0.023787
-0.016295
-0.017626
-0.014581
-0.017405
-0.025655
-0.022108
-0.018777
0.008826
-0.019942
-0.059485
-0.037729
-0.008552
0.010097
-0.003662
-0.006476
0.011468
-0.016801
-0.017623
0.056296
0.028962
-0.059510
-0.031813
0.113034
0.103153
-0.038690
0.001048
0.141166
0.092478
0.057275
0.145043
0.130497
-0.021764
-0.192959
-0.086636
0.078208
0.006275
-0.102077
-0.276084
-0.268409
-0.087153
0.058989
-0.007871
-0.140671
0.074672
-0.072546
-0.203285
0.081758
-0.034278
-0.410041
-0.117541
0.181826
-0.314153
-0.230172
0.069071
0.187751
0.211044
0.270587
0.177225
-0.006425
0.318964
0.259402
0.108426
-0.020139
0.060289
0.055331
-0.056007
-0.027748
0.080790
0.117028
0.015146
0.132292
0.051687
-0.040440
-0.023641
-0.035035
-0.109300
-0.093537
0.014090
-0.023030
-0.005234
0.056985
0.054790
0.025193
0.039300
0.034566
-0.003963
-0.006360
-0.039513
-0.060640
-0.067377
-0.038651
-0.020023
-0.029231
-0.030863
-0.030182
-0.017710
-0.023116
-0.023513
-0.018376
-0.013851
-0.014037
-0.023235
-0.031730
-0.013907
0.014478
0.023977
-0.021970
-0.013819
0.044750
-0.015934
-0.067624
0.042971
0.011661
-0.078703
0.030216
0.017440
-0.076597
0.003639
0.016895
-0.060679
-0.058877
-0.096459
0.047166
-0.000379
-0.133905
0.122886
-0.082443
-0.275295
0.180331
0.206895
-0.344587
-0.212058
-0.097257
-0.016687
0.205918
0.005880
0.071114
0.097402
-0.075378
-0.149112
0.074630
-0.147314
-0.271458
0.039235
0.114368
-0.270167
-0.290906
0.064620
-0.093142
-0.117250
0.062345
0.136162
0.180197
0.076563
-0.060658
0.165319
0.018302
-0.125217
0.084812
0.054022
-0.044103
0.160453
0.116312
-0.085836
0.071830
0.166218
0.131578
-0.032972
-0.005833
0.053103
0.047011
0.093964
0.073187
0.044565
0.075255
0.136690
0.102408
0.090826
0.067883
0.039161
0.011127
-0.003171
0.010067
-0.020853
0.021550
0.028301
0.015140
0.018101
0.017180
0.011124
-0.007847
0.007351
0.014831
0.016515
0.000190
0.013032
0.015906
0.017163
0.012300
0.003639
0.009911
0.006226
-0.003436
0.001100
-0.012529
-0.023357
0.013586
0.021633
-0.035357
-0.031660
0.052671
0.021269
-0.047303
-0.001583
0.005456
-0.055622
0.055110
0.032718
-0.077330
0.069315
0.021742
-0.036707
0.052960
-0.190152
-0.146187
0.078202
-0.093612
0.158580
0.354464
-0.016713
-0.011701
0.065826
-0.003953
-0.056579
0.039207
0.220211
0.209296
0.229464
0.411804
-0.048731
-0.357187
0.216633
0.222136
-0.099386
-0.166794
0.034023
-0.098098
-0.078453
0.172702
-0.125900
-0.166776
-0.028033
0.028113
0.060492
-0.054073
-0.105769
0.137168
0.160568
-0.039134
-0.080163
-0.205011
0.086572
0.018687
-0.150344
-0.068223
-0.186822
-0.106385
-0.069329
-0.097172
-0.053505
-0.099053
-0.127233
-0.031645
-0.109372
-0.043848
-0.004782
-0.066564
-0.009279
0.042345
0.054107
0.025826
0.002258
0.000911
-0.007043
-0.019954
-0.021290
-0.036195
-0.018579
-0.027789
-0.043177
-0.027049
-0.021284
-0.012703
-0.001475
-0.009878
-0.018331
-0.014387
0.000510
0.017465
0.005529
-0.005876
0.010616
0.016835
0.000286
-0.008253
0.002043
-0.025786
-0.023443
0.020005
0.000424
-0.016854
-0.004842
-0.010956
-0.029017
-0.027773
-0.014014
0.012324
-0.013371
0.003277
0.088696
0.012517
-0.061754
0.149690
0.074207
0.038514
0.080367
-0.164051
-0.130915
0.135305
0.149831
0.002703
0.032198
-0.022805
0.147015
0.099307
-0.253129
-0.365214
-0.148497
0.068976
-0.034890
-0.117609
-0.103906
0.006959
0.042536
-0.180936
-0.279995
-0.315006
-0.313225
-0.056605
0.000620
-0.083809
0.094189
0.124261
0.179455
0.304685
0.010266
-0.119942
-0.065157
-0.033096
0.107909
0.170173
0.105187
0.118291
0.166686
0.260115
0.216228
0.029919
0.043444
0.032537
0.005702
0.030381
0.002983
-0.024437
-0.036451
0.057579
0.072351
-0.014315
0.022266
0.030203
-0.019569
0.006000
-0.008265
-0.011204
0.036856
0.031352
0.045857
0.049293
0.029577
0.018152
0.005373
0.001473
-0.011831
-0.017346
-0.016460
-0.017830
-0.015071
-0.008235
-0.015417
-0.014267
-0.013572
-0.006032
-0.004762
-0.011468
0.012198
0.017058
-0.003814
-0.005434
0.007814
0.008679
-0.004546
0.014263
0.022814
0.067418
-0.026606
-0.109887
-0.017285
0.019930
-0.005845
0.044709
0.054641
-0.125735
-0.042240
0.061258
-0.002162
0.094421
0.199667
-0.061301
-0.144127
0.076514
0.082258
-0.048458
-0.132733
0.155236
0.232435
-0.118919
-0.064244
0.033589
-0.342155
0.010832
0.052613
-0.275177
0.360329
0.084898
-0.446477
0.118488
0.388727
-0.182896
-0.065164
0.004531
-0.141849
0.265854
0.244245
-0.001362
-0.211811
0.093462
0.233915
0.179297
0.022481
-0.038195
0.240314
0.169826
0.079648
0.005963
0.011223
-0.063647
-0.086629
-0.101091
-0.109801
-0.086946
-0.028580
0.053408
-0.044647
0.015976
0.085207
0.033577
-0.064728
-0.041468
-0.033525
-0.100633
-0.095304
-0.060160
-0.021970
-0.011674
-0.001482
-0.029516
-0.024582
-0.015181
-0.044627
-0.067411
-0.077639
-0.068634
-0.064700
-0.055008
-0.042548
-0.022306
-0.008480
-0.005398
-0.021629
-0.026752
-0.019742
-0.016452
-0.015707
-0.029362
-0.040542
-0.026881
-0.012934
-0.036947
-0.030073
-0.010245
-0.002629
-0.033494
-0.051366
-0.012983
-0.049811
-0.053780
0.070308
0.007258
-0.123311
0.000460
-0.115297
-0.182604
0.056633
0.188986
-0.025252
-0.105144
0.004527
-0.041838
-0.041276
0.057380
-0.035511
-0.276392
-0.104703
0.180447
0.348119
-0.109902
-0.259312
0.389580
0.302758
-0.209873
0.196885
0.067780
-0.124670
0.752741
0.403546
-0.364395
0.171654
0.468184
0.038321
0.024930
-0.090267
-0.356749
-0.199587
-0.178809
-0.270016
-0.237938
-0.250056
-0.082230
0.097401
0.094707
0.007751
0.141993
0.032446
-0.040286
0.115307
0.126224
0.144084
0.059744
0.083877
0.176807
0.136271
-0.055952
0.036196
0.021687
-0.111314
-0.096375
-0.110591
-0.146463
-0.128806
-0.050009
-0.065812
-0.043312
-0.023609
0.026241
0.026923
-0.006065
0.011200
0.013212
-0.006065
-0.030597
-0.019248
-0.005101
-0.013099
-0.024816
-0.033895
-0.040818
-0.053556
-0.043272
-0.042723
-0.043440
-0.042457
-0.038302
-0.024267
-0.020147
-0.013177
-0.015859
0.003954
0.005995
0.006941
-0.013779
-0.017624
0.000332
0.013097
0.010800
-0.052465
-0.065838
0.057208
0.056261
-0.103484
-0.134848
-0.060834
0.046625
0.050304
0.014152
0.049139
-0.190380
-0.097025
0.212971
-0.068251
-0.070019
0.092644
-0.086091
0.088617
0.338132
-0.108872
-0.275776
0.166367
0.179576
-0.080873
-0.002586
0.066611
0.056275
0.529643
0.425332
-0.334330
-0.117155
0.096428
0.168160
0.239091
-0.167041
-0.097688
0.148301
-0.114969
-0.154400
-0.000350
-0.402599
-0.312172
0.093169
0.125748
-0.075015
-0.141843
0.017847
-0.069756
-0.001717
0.105150
-0.011363
-0.137410
-0.038930
-0.032713
-0.125252
-0.106921
-0.148635
-0.098409
-0.081275
-0.035081
-0.051071
-0.073164
-0.039823
-0.006323
0.012187
-0.006027
0.002124
0.007312
0.053659
0.066360
0.048436
0.027801
0.023913
0.025944
0.013593
0.016222
0.019660
0.010896
-0.004148
-0.005441
-0.009071
-0.013825
-0.005385
0.008881
0.015960
0.018987
0.024739
0.028232
0.018596
0.013802
0.018403
0.017756
0.025979
0.015402
-0.015033
-0.019350
0.015166
0.042061
0.013547
-0.058166
-0.046048
-0.002052
-0.030954
0.012014
0.040712
0.018357
0.047546
0.010687
-0.068713
-0.025269
0.106236
0.099816
0.018656
0.067433
0.050990
-0.169810
-0.032404
0.219378
0.050226
-0.039479
0.166710
0.142054
-0.019160
0.235747
0.100474
-0.236280
0.175751
0.354078
-0.111690
-0.073320
0.203419
-0.370150
-0.456738
0.280225
0.077417
-0.467885
-0.001230
0.327905
-0.267393
-0.037758
0.156918
-0.143662
-0.012404
0.071589
-0.030155
-0.087056
0.012815
-0.033255
-0.124847
-0.143739
0.015432
0.010288
-0.013721
0.052742
0.053194
0.079784
0.014421
-0.026795
-0.017288
-0.043966
-0.039042
-0.050882
-0.049447
-0.024088
0.007985
0.011169
0.010798
0.013182
0.011593
0.005918
-0.006394
-0.010379
-0.032726
-0.026930
-0.023702
-0.015837
-0.002330
0.015823
0.027386
0.016319
0.005219
0.003427
0.002537
-0.011146
-0.020279
-0.012929
-0.007298
-0.009563
-0.001624
0.002544
0.002402
0.000456
-0.001705
-0.012534
-0.003997
0.011261
-0.006748
-0.004495
0.026228
0.011149
-0.028293
-0.010598
-0.010964
-0.038292
0.001804
0.015114
-0.024971
-0.024066
-0.001840
-0.015760
-0.013584
0.001199
-0.005393
-0.001850
0.004098
0.011022
0.010074
0.008745
0.011273
0.012051
0.009350
0.008206
0.012879
0.009515
0.002360
0.003038
0.002612
-0.001733
0.005301
0.007930
0.003092
0.002230
0.002701
-0.000522
0.002294
0.009053
0.005057
0.002480
0.004885
0.005014
0.004107
0.007522
0.005388
-0.000895
0.000390
0.001085
-0.001096
0.000486
0.002465
0.000007
-0.002441
0.000639
0.001809
0.001074
0.001958
0.001705
0.000609
-0.000303
-0.000200
0.000335
0.001783
0.001930
0.001646
0.001541
0.001903
0.001642
0.000987
0.000555
0.000310
-0.000415
-0.000662
-0.000747
-0.000072
0.000574
0.000726
0.000583
0.000461
0.000156
0.000120
0.000263
0.000509
0.000562
0.000495
0.000200
0.000215
0.000184
0.000210
0.000383
0.000236
-0.000127
-0.000117
-0.000004
0.000064
0.000382
0.000341
-0.000145
-0.000269
-0.000074
-0.000083
0.000177
0.000253
-0.000203
-0.000548
-0.000377
-0.000258
-0.000138
0.000104
-0.000144
-0.000556
-0.000588
-0.000501
-0.000482
-0.000279
-0.000172
-0.000372
-0.000398
-0.000180
-0.000193
-0.000237
-0.000193
-0.000228
-0.000311
-0.000148