0.476546
0.588913
0.598316
0.507829
0.358169
0.212125
0.130551
0.149101
0.264593
0.436208
0.601072
0.698257
0.692047
0.585576
0.419626
0.257050
0.158766
0.160495
0.259120
0.413891
0.561998
0.642581
0.619988
0.497419
0.315718
0.137802
0.024648
0.012036
0.096907
0.238564
0.374249
0.443150
0.409663
0.277029
0.086134
-0.100071
-0.220574
-0.239568
-0.160086
-0.022804
0.109538
0.176140
0.141409
0.008589
-0.181433
-0.365708
-0.483234
-0.498213
-0.413697
-0.270379
-0.131024
-0.056459
-0.082311
-0.205367
-0.384781
-0.557647
-0.663005
-0.665107
-0.567054
-0.409596
-0.255551
-0.165804
-0.176042
-0.283115
-0.446239
-0.602572
-0.691219
-0.676501
-0.561582
-0.387278
-0.216477
-0.110127
-0.103982
-0.194957
-0.342331
-0.483323
-0.557102
-0.528042
-0.399369
-0.211951
-0.028727
0.089303
0.106343
0.025432
-0.112747
-0.245451
-0.311879
-0.276438
-0.142376
0.049417
0.235984
0.356313
0.374597
0.293873
0.154820
0.020187
-0.049219
-0.017792
0.111235
0.296991
0.476546
0.588913
0.598316
0.507829
0.358169
0.212125
0.130551
0.149101
0.264593
0.436208
0.601072
0.698257
0.692047
0.585576
0.419626
0.257050
0.158766
0.160495
0.259120
0.413891
0.561998
0.642581
0.619988
0.497419
0.315718
0.137802
0.024648
0.012036
0.096907
0.238564
0.374249
0.443150
0.409663
0.277029
0.086134
-0.100071
-0.220574
-0.239568
-0.160086
-0.022804
0.109538
0.176140
0.141409
0.008589
-0.181433
-0.365708
-0.483234
-0.498213
-0.413697
-0.270379
-0.131024
-0.056459
-0.082311
-0.205367
-0.384781
-0.557647
-0.663005
-0.665107
-0.567054
-0.409596
-0.255551
-0.165804
-0.176042
-0.283115
-0.446239
-0.602572
-0.691219
-0.676501
-0.561582
-0.387278
-0.216477
-0.110127
-0.103982
-0.194957
-0.342331
-0.483323
-0.557102
-0.528042
-0.399369
-0.211951
-0.028727
0.089303
0.106343
0.025432
-0.112747
-0.245451
-0.311879
-0.276438
-0.142376
0.049417
0.235984
0.356313
0.374597
0.293873
0.154820
0.020187
-0.049219
-0.017792
0.111235
0.296991
0.476546
0.588913
0.598316
0.507829
0.358169
0.212125
0.130551
0.149101
0.264593
0.436208
0.601072
0.698257
0.692047
0.585576
0.419626
0.257050
0.158766
0.160495
0.259120
0.413891
0.561998
0.642581
0.619988
0.497419
0.315718
0.137802
0.024648
0.012036
0.096907
0.238564
0.374249
0.443150
0.409663
0.277029
0.086134
-0.100071
-0.220574
-0.239568
-0.160086
-0.022804
0.109538
0.176140
0.141409
0.008589
-0.181433
-0.365708
-0.483234
-0.498213
-0.413697
-0.270379
-0.131024
-0.056459
-0.082311
-0.205367
-0.384781
-0.557647
-0.663005
-0.665107
-0.567054
-0.409596
-0.255551
-0.165804
-0.176042
-0.283115
-0.446239
-0.602572
-0.691219
-0.676501
-0.561582
-0.387278
-0.216477
-0.110127
-0.103982
-0.194957
-0.342331
-0.483323
-0.557102
-0.528042
-0.399369
-0.211951
-0.028727
0.089303
0.106343
0.025432
-0.112747
-0.245451
-0.311879
-0.276438
-0.142376
0.049417
0.235984
0.356313
0.374597
0.293873
0.154820
0.020187
-0.049219
-0.017792
0.111235
0.296991
0.476546
0.588913
0.598316
0.507829
0.358169
0.212125
0.130551
0.149101
0.264593
0.436208
0.601072
0.698257
0.692047
0.585576
0.419626
0.257050
0.158766
0.160495
0.259120
0.413891
0.561998
0.642581
0.619988
0.497419
0.315718
0.137802
0.024648
0.012036
0.096907
0.238564
0.374249
0.443150
0.409663
0.277029
0.086134
-0.100071
-0.220574
-0.239568
-0.160086
-0.022804
0.109538
0.176140
0.141409
0.008589
-0.181433
-0.365708
-0.483234
-0.498213
-0.413697
-0.270379
-0.131024
-0.056459
-0.082311
-0.205367
-0.384781
-0.557647
-0.663005
-0.665107
-0.567054
-0.409596
-0.255551
-0.165804
-0.176042
-0.283115
-0.446239
-0.602572
-0.691219
-0.676501
-0.561582
-0.387278
-0.216477
-0.110127
-0.103982
-0.194957
-0.342331
-0.483323
-0.557102
-0.528042
-0.399369
-0.211951
-0.028727
0.089303
0.106343
0.025432
-0.112747
-0.245451
-0.311879
-0.276438
-0.142376
0.049417
0.235984
0.356313
0.374597
0.293873
0.154820
0.020187
-0.049219
-0.017792
0.111235
0.296991