0.135720
0.009188
-0.095654
-0.128769
-0.067656
0.074016
0.251590
0.406445
0.488346
0.474600
0.378689
0.245090
0.132249
0.090237
0.141588
0.272671
0.438874
0.581617
0.650716
0.623527
0.513585
0.365422
0.237543
0.180077
0.215620
0.330603
0.480476
0.606726
0.659232
0.615417
0.488882
0.324222
0.180009
0.106436
0.126162
0.225682
0.360506
0.472181
0.510642
0.453369
0.314015
0.137227
-0.018377
-0.102557
-0.092614
-0.002014
0.124789
0.229373
0.261702
0.199279
0.055778
-0.124138
-0.281838
-0.367076
-0.357145
-0.265514
-0.136639
-0.028952
0.007499
-0.049799
-0.187191
-0.360040
-0.509742
-0.586081
-0.566389
-0.464169
-0.323923
-0.204125
-0.154871
-0.198725
-0.322087
-0.480373
-0.615036
-0.675922
-0.640421
-0.522101
-0.365525
-0.229234
-0.163388
-0.190616
-0.297384
-0.439173
-0.557502
-0.602281
-0.550964
-0.417180
-0.245556
-0.094689
-0.014798
-0.028568
-0.122517
-0.252177
-0.359116
-0.393287
-0.332187
-0.189484
-0.009839
0.148119
0.234142
0.225522
0.135720
0.009188
-0.095654
-0.128769
-0.067656
0.074016
0.251590
0.406445
0.488346
0.474600
0.378689
0.245090
0.132249
0.090237
0.141588
0.272671
0.438874
0.581617
0.650716
0.623527
0.513585
0.365422
0.237543
0.180077
0.215620
0.330603
0.480476
0.606726
0.659232
0.615417
0.488882
0.324222
0.180009
0.106436
0.126162
0.225682
0.360506
0.472181
0.510642
0.453369
0.314015
0.137227
-0.018377
-0.102557
-0.092614
-0.002014
0.124789
0.229373
0.261702
0.199279
0.055778
-0.124138
-0.281838
-0.367076
-0.357145
-0.265514
-0.136639
-0.028952
0.007499
-0.049799
-0.187191
-0.360040
-0.509742
-0.586081
-0.566389
-0.464169
-0.323923
-0.204125
-0.154871
-0.198725
-0.322087
-0.480373
-0.615036
-0.675922
-0.640421
-0.522101
-0.365525
-0.229234
-0.163388
-0.190616
-0.297384
-0.439173
-0.557502
-0.602281
-0.550964
-0.417180
-0.245556
-0.094689
-0.014798
-0.028568
-0.122517
-0.252177
-0.359116
-0.393287
-0.332187
-0.189484
-0.009839
0.148119
0.234142
0.225522
0.541207
1.090609
1.450597
1.482780
1.173083
0.637133
0.076102
-0.300119
-0.353075
-0.068609
0.437750
0.964948
1.303228
1.314284
0.984125
0.428459
-0.151464
-0.545680
-0.615660
-0.347184
0.144286
0.657753
0.983514
0.983312
0.643202
0.078931
-0.508219
-0.908252
-0.982621
-0.717083
-0.227093
0.286361
0.613574
0.616284
0.280535
-0.277945
-0.857894
-1.249347
-1.313789
-1.037018
-0.534531
-0.007369
0.334713
0.353393
0.034650
-0.505853
-1.066925
-1.438677
-1.482670
-1.184784
-0.660599
-0.111241
0.253447
0.295053
-0.000533
-0.517740
-1.055470
-1.403925
-1.424758
-1.103940
-0.557143
0.014420
0.400816
0.463549
0.188425
-0.309066
-0.827904
-1.158364
-1.162172
-0.825366
-0.263679
0.321616
0.720530
0.794520
0.529347
0.040462
-0.471150
-0.795792
-0.795212
-0.455467
0.107700
0.693008
1.090470
1.161548
0.892015
0.397337
-0.121475
-0.454697
-0.464044
-0.135532
0.415139
0.986737
1.369331
1.424440
1.137900
0.625245
0.087557
-0.265367
-0.295162
0.012235
0.541207
1.090609
1.450597
1.482780
1.173083
0.637133
0.076102
-0.300119
-0.353075
-0.068609
0.437750
0.964948
1.303228
1.314284
0.984125
0.428459
-0.151464
-0.545680
-0.615660
-0.347184
0.144286
0.657753
0.983514
0.983312
0.643202
0.078931
-0.508219
-0.908252
-0.982621
-0.717083
-0.227093
0.286361
0.613574
0.616284
0.280535
-0.277945
-0.857894
-1.249347
-1.313789
-1.037018
-0.534531
-0.007369
0.334713
0.353393
0.034650
-0.505853
-1.066925
-1.438677
-1.482670
-1.184784
-0.660599
-0.111241
0.253447
0.295053
-0.000533
-0.517740
-1.055470
-1.403925
-1.424758
-1.103940
-0.557143
0.014420
0.400816
0.463549
0.188425
-0.309066
-0.827904
-1.158364
-1.162172
-0.825366
-0.263679
0.321616
0.720530
0.794520
0.529347
0.040462
-0.471150
-0.795792
-0.795212
-0.455467
0.107700
0.693008
1.090470
1.161548
0.892015
0.397337
-0.121475
-0.454697
-0.464044
-0.135532
0.415139
0.986737
1.369331
1.424440
1.137900
0.625245
0.087557
-0.265367
-0.295162
0.012235