0.046283
0.148616
0.187079
0.157250
0.080784
-0.002907
-0.051742
-0.037090
0.045261
0.173451
0.307863
0.406215
0.439681
0.403859
0.320425
0.228822
0.171159
0.176104
0.247907
0.364748
0.487056
0.572599
0.592597
0.542705
0.444653
0.337940
0.264738
0.253775
0.309362
0.409746
0.515419
0.584214
0.587419
0.520754
0.406016
0.282770
0.193251
0.166255
0.206154
0.291257
0.382116
0.436624
0.426124
0.346391
0.219273
0.084383
-0.015995
-0.053026
-0.022296
0.054539
0.138065
0.186203
0.170322
0.086216
-0.044247
-0.181442
-0.283077
-0.320310
-0.288728
-0.209988
-0.123514
-0.071396
-0.082280
-0.160392
-0.283889
-0.413170
-0.505978
-0.533504
-0.491373
-0.401285
-0.302708
-0.237779
-0.235197
-0.299238
-0.408116
-0.522289
-0.599557
-0.611175
-0.552828
-0.446283
-0.331070
-0.249394
-0.230019
-0.277287
-0.369479
-0.467118
-0.528071
-0.523655
-0.449620
-0.327793
-0.197767
-0.101804
-0.068724
-0.102924
-0.182736
-0.268732
-0.318824
-0.304374
-0.221170
-0.091076
0.046283
0.148616
0.187079
0.157250
0.080784
-0.002907
-0.051742
-0.037090
0.045261
0.173451
0.307863
0.406215
0.439681
0.403859
0.320425
0.228822
0.171159
0.176104
0.247907
0.364748
0.487056
0.572599
0.592597
0.542705
0.444653
0.337940
0.264738
0.253775
0.309362
0.409746
0.515419
0.584214
0.587419
0.520754
0.406016
0.282770
0.193251
0.166255
0.206154
0.291257
0.382116
0.436624
0.426124
0.346391
0.219273
0.084383
-0.015995
-0.053026
-0.022296
0.054539
0.138065
0.186203
0.170322
0.086216
-0.044247
-0.181442
-0.283077
-0.320310
-0.288728
-0.209988
-0.123514
-0.071396
-0.082280
-0.160392
-0.283889
-0.413170
-0.505978
-0.533504
-0.491373
-0.401285
-0.302708
-0.237779
-0.235197
-0.299238
-0.408116
-0.522289
-0.599557
-0.611175
-0.552828
-0.446283
-0.331070
-0.249394
-0.230019
-0.277287
-0.369479
-0.467118
-0.528071
-0.523655
-0.449620
-0.327793
-0.197767
-0.101804
-0.068724
-0.102924
-0.182736
-0.268732
-0.318824
-0.304374
-0.221170
-0.091076
1.256979
1.374705
1.205586
0.811676
0.339960
-0.033774
-0.172062
-0.028252
0.335703
0.772936
1.107794
1.202968
1.011975
0.596955
0.104977
-0.288092
-0.444711
-0.318157
0.029687
0.452016
0.773238
0.856095
0.654155
0.229599
-0.270465
-0.670137
-0.831853
-0.708867
-0.363050
0.058803
0.381100
0.466580
0.268800
-0.150074
-0.642959
-1.033982
-1.185613
-1.051145
-0.692495
-0.256510
0.081164
0.183205
0.003103
-0.397043
-0.870226
-1.240650
-1.370865
-1.214252
-0.832812
-0.373484
-0.012005
0.114208
-0.041448
-0.416974
-0.865457
-1.211200
-1.316851
-1.135886
-0.730405
-0.247439
0.137180
0.285945
0.152163
-0.202253
-0.630474
-0.956882
-1.044202
-0.845982
-0.424389
0.073481
0.471736
0.632818
0.509984
0.165103
-0.255032
-0.574836
-0.657060
-0.455271
-0.031652
0.466694
0.863874
1.022333
0.895338
0.544777
0.117462
-0.210992
-0.303301
-0.112993
0.297793
0.782007
1.163810
1.305709
1.161035
0.791745
0.344729
-0.004324
-0.118048
0.050113
0.438110
0.898981
1.256979
1.374705
1.205586
0.811676
0.339960
-0.033774
-0.172062
-0.028252
0.335703
0.772936
1.107794
1.202968
1.011975
0.596955
0.104977
-0.288092
-0.444711
-0.318157
0.029687
0.452016
0.773238
0.856095
0.654155
0.229599
-0.270465
-0.670137
-0.831853
-0.708867
-0.363050
0.058803
0.381100
0.466580
0.268800
-0.150074
-0.642959
-1.033982
-1.185613
-1.051145
-0.692495
-0.256510
0.081164
0.183205
0.003103
-0.397043
-0.870226
-1.240650
-1.370865
-1.214252
-0.832812
-0.373484
-0.012005
0.114208
-0.041448
-0.416974
-0.865457
-1.211200
-1.316851
-1.135886
-0.730405
-0.247439
0.137180
0.285945
0.152163
-0.202253
-0.630474
-0.956882
-1.044202
-0.845982
-0.424389
0.073481
0.471736
0.632818
0.509984
0.165103
-0.255032
-0.574836
-0.657060
-0.455271
-0.031652
0.466694
0.863874
1.022333
0.895338
0.544777
0.117462
-0.210992
-0.303301
-0.112993
0.297793
0.782007
1.163810
1.305709
1.161035
0.791745
0.344729
-0.004324
-0.118048
0.050113
0.438110
0.898981