-0.018770
-0.017819
-0.017808
-0.016971
-0.014781
-0.014472
-0.014453
-0.014532
-0.013078
-0.011818
-0.013586
-0.014527
-0.013023
-0.012052
-0.010583
-0.007948
-0.006827
-0.008485
-0.010046
-0.008269
-0.006989
-0.006488
-0.004559
-0.007448
-0.012067
-0.009501
-0.001980
0.005778
0.006599
0.007374
-0.000548
-0.008504
0.011243
0.022052
0.002660
-0.017357
-0.008843
0.014550
0.027109
0.044175
0.048043
0.025565
-0.010834
-0.040087
-0.037657
-0.024607
-0.005974
0.009197
0.018769
0.020601
0.047440
0.034999
-0.040388
-0.091266
-0.104292
-0.029106
0.056806
0.031982
-0.029626
-0.005863
-0.012070
-0.122104
-0.155762
-0.090708
-0.029410
-0.067214
-0.085779
0.002786
0.033718
0.017946
0.004013
-0.024223
-0.062071
-0.051158
0.010288
0.056360
0.096050
0.097459
0.070048
0.081101
0.072703
0.043075
0.026124
0.026178
0.035250
-0.002113
-0.029521
-0.024030
-0.016117
-0.012982
-0.004397
0.011960
0.014227
0.022175
0.029859
0.021621
0.011054
0.007335
0.008190
0.010383
0.009275
0.010738
0.012853
0.010448
0.010389
0.011830
0.008684
0.006479
0.007573
0.007970
0.006372
0.004291
0.003727
0.004634
0.005462
0.006333
0.007035
0.004685
0.003459
0.002726
0.005430
0.007449
0.002780
0.000445
0.002085
0.004523
0.002075
-0.004571
-0.005050
0.000270
0.002098
0.004302
0.010773
0.019320
0.013251
-0.003887
-0.003294
-0.001097
-0.002464
0.000165
0.019877
0.046796
0.027229
-0.013106
0.000038
0.046414
0.032303
-0.022001
-0.004781
0.023988
0.045941
0.070085
0.024014
-0.044046
-0.100448
-0.094713
-0.068793
-0.055394
0.034133
0.101572
0.027963
-0.063773
0.003944
0.053050
-0.060747
-0.146703
-0.116884
-0.031075
0.044071
0.105260
0.141102
0.098903
0.084138
0.133552
0.120494
0.029043
-0.020754
0.024044
0.029446
-0.004299
-0.019234
-0.014429
-0.014798
-0.042633
-0.016572
0.000473
-0.000354
0.015135
0.021626
0.008035
-0.015642
-0.001350
-0.004216
-0.022012
-0.028753
-0.025150
-0.014648
-0.018975
-0.015816
-0.014995
-0.019151
-0.021648
-0.023707
-0.022751
-0.022273
-0.021362
-0.023844
-0.022624
-0.019294
-0.018378
-0.015874
-0.015821
-0.017353
-0.016880
-0.016165
-0.016454
-0.016157
-0.016769
-0.016430
-0.014421
-0.014934
-0.015260
-0.012519
-0.009732
-0.007436
-0.012187
-0.024130
-0.023709
-0.016240
-0.008811
-0.006743
-0.009263
-0.006636
-0.013895
-0.015359
-0.003297
-0.002364
-0.013265
-0.015927
0.014484
0.031755
0.010493
0.013958
0.042314
0.061217
0.055087
0.054651
0.059065
0.008925
-0.046328
-0.038586
0.011145
0.015124
-0.045664
-0.098997
-0.105456
-0.058695
-0.013939
0.009220
-0.004260
-0.017447
-0.037098
-0.075227
-0.041937
-0.061065
-0.113338
-0.115962
-0.076528
-0.074308
-0.127457
-0.044485
0.056011
0.101223
0.087814
0.068737
0.085176
0.084013
0.107680
0.089294
0.052773
0.027603
0.019242
0.005910
0.006808
0.048763
0.063942
0.058879
0.050787
0.041313
0.016275
-0.002194
-0.002489
-0.013359
-0.022620
-0.018851
-0.007865
-0.002962
-0.001660
0.006607
0.006230
-0.000094
0.000145
0.001167
-0.002693
-0.004226
-0.005317
-0.010623
-0.013191
-0.011062
-0.008128
-0.007413
-0.006034
-0.006530
-0.009161
-0.010428
-0.009671
-0.007972
-0.006811
-0.009005
-0.012763
-0.012876
-0.008509
-0.003252
-0.003736
-0.002348
0.005404
-0.000939
-0.015590
-0.011114
-0.004183
-0.010151
-0.006286
-0.002861
-0.011952
-0.017058
-0.014901
-0.017674
-0.027659
-0.029779
-0.010476
-0.001540
-0.027669
-0.018122
-0.032527
-0.059751
-0.012676
0.000289
-0.063267
-0.128066
-0.084250
0.002852
0.048130
0.039520
0.030814
0.020385
-0.042797
-0.061788
-0.036371
-0.031340
-0.064349
-0.045108
-0.016233
-0.067947
-0.117164
-0.087909
-0.032228
-0.028798
-0.015346
0.051615
0.080149
0.033487
-0.008614
0.009230
0.008089
-0.028663
-0.011182
0.014011
0.030699
0.029164
0.026823
0.027621
0.024427
0.047487
0.055432
0.040402
0.016304
0.024281
0.041866
0.046694
0.051442
0.046740
0.044809
0.052956
0.056397
0.042947
0.034821
0.029578
0.023138
0.024403
0.026189
0.026361
0.022795
0.021607
0.021185
0.019290
0.020080
0.019463
0.018287
0.015084
0.014055
0.014841
0.012236
0.010288
0.011976
0.013008
0.013188
0.013550
0.012391
0.011283
0.009294
0.007225
0.005240
0.004209
0.009490
0.010035
0.001307
-0.003507
0.005034
0.010503
-0.002846
-0.005844
0.001633
0.001904
0.008621
0.011185
0.001676
0.006470
0.004991
-0.007804
-0.019215
-0.055784
-0.054839
-0.014627
0.013031
0.066868
0.090446
0.044105
-0.004931
-0.029238
-0.007380
0.007826
0.035001
0.113478
0.138922
0.145499
0.113173
0.032732
-0.032303
-0.001912
0.089491
0.057014
-0.006157
0.000180
0.007056
-0.006251
0.003047
-0.006629
-0.029993
-0.040185
-0.018137
0.037072
0.001524
0.001929
0.039243
0.040792
0.016474
-0.062300
-0.054952
-0.017558
-0.008648
-0.026168
-0.056016
-0.043355
-0.051130
-0.053490
-0.035371
-0.037125
-0.048814
-0.068167
-0.061775
-0.039816
-0.035616
-0.027085
-0.023154
-0.025165
-0.022724
-0.016233
-0.009784
-0.006933
-0.011389
-0.015165
-0.015349
-0.018989
-0.018014
-0.018700
-0.018763
-0.017691
-0.018391
-0.016311
-0.014618
-0.013911
-0.012964
-0.013262
-0.012533
-0.012792
-0.012032
-0.010045
-0.009821
-0.005789
-0.003301
-0.007380
-0.012093
-0.014680
-0.014913
-0.008831
0.001038
0.003954
-0.002371
-0.009871
-0.014545
-0.016792
-0.016371
-0.008089
0.002160
0.000895
0.004042
0.014786
0.014992
0.007752
0.025959
0.041103
0.021991
0.003853
-0.036279
-0.024366
0.029737
0.062697
0.060174
0.016095
0.019862
0.027279
0.003291
-0.067987
-0.120218
-0.070912
-0.010946
0.010433
-0.016351
-0.036556
-0.028427
-0.057103
-0.114585
-0.156893
-0.168594
-0.149429
-0.084692
-0.026737
-0.010030
0.002515
0.014769
0.040146
0.044594
-0.010099
-0.055489
-0.054332
-0.010925
0.047688
0.077741
0.089340
0.077881
0.073546
0.084817
0.081187
0.067482
0.044967
0.049266
0.054241
0.043152
0.040787
0.020274
0.002119
0.004173
0.006875
0.008704
0.007475
0.010113
0.012419
0.007089
0.007780
0.011759
0.014915
0.016344
0.015381
0.018428
0.017975
0.015424
0.013489
0.008841
0.007928
0.007817
0.006095
0.005565
0.004109
0.003307
0.004677
0.004152
0.004862
0.006881
0.006925
0.006447
0.005671
0.005470
0.002313
0.000907
0.002870
0.003860
0.001126
0.003579
0.012399
0.013908
-0.001678
-0.027321
-0.018163
0.001577
0.011422
0.013460
0.001597
-0.019666
-0.032830
-0.003153
0.023326
0.044058
0.048180
0.002749
-0.030825
-0.016083
0.013555
0.013135
-0.006242
0.037983
0.072179
0.005783
-0.043822
-0.048342
-0.061182
-0.053090
-0.014542
0.008831
0.055936
0.018677
-0.061905
-0.015359
0.044477
0.034827
-0.047181
-0.036801
0.015104
0.052139
0.072385
0.022192
0.004267
-0.013200
0.054465
0.105186
0.064966
0.064006
0.085047
0.097684
0.068210
0.039098
0.019091
-0.004813
-0.030695
-0.048264
-0.034693
-0.019350
-0.007224
0.014982
0.017937
0.009409
0.013281
0.007196
-0.016342
-0.032398
-0.034205
-0.037018
-0.034617
-0.029678
-0.024448
-0.020641
-0.021755
-0.020181
-0.020268
-0.020864
-0.019624
-0.022155
-0.026299
-0.027413
-0.027468
-0.027516
-0.026877
-0.025786
-0.023768
-0.021347
-0.020787
-0.022249
-0.023157
-0.021884
-0.020667
-0.021875
-0.023010
-0.021309
-0.020382
-0.024230
-0.024121
-0.017830
-0.013069
-0.017606
-0.028078
-0.027051
-0.026237
-0.023061
-0.007233
-0.010811
-0.038934
-0.050964
-0.059214
-0.053682
-0.005682
0.034617
0.025488
-0.031455
-0.042620
-0.029789
-0.027753
-0.016947
-0.036092
-0.064061
-0.055713
0.021197
0.079880
0.011854
-0.046938
0.033156
0.079191
0.022955
0.005736
0.056740
0.108170
0.183849
0.184770
0.085895
0.070630
0.115301
0.123517
0.047202
-0.032066
-0.064186
-0.098921
-0.106893
-0.096975
-0.081447
-0.095178
-0.066530
0.004955
0.004524
0.006991
0.008011
0.000455
-0.000371
0.007216
0.038184
0.057317
0.048153
0.033175
0.051232
0.050108
0.021664
0.018428
0.023747
0.002512
-0.012145
-0.016032
-0.019523
-0.023904
-0.031629
-0.021859
-0.013396
-0.015962
-0.016739
-0.012979
-0.017810
-0.021880
-0.018779
-0.019726
-0.022355
-0.024790
-0.025293
-0.021760
-0.021334
-0.023039
-0.021786
-0.019408
-0.018424
-0.019063
-0.020908
-0.021566
-0.019509
-0.017670
-0.018125
-0.019352
-0.016481
-0.011300
-0.006441
-0.008280
-0.013795
-0.016280
-0.009147
-0.003037
-0.006299
-0.015747
-0.019829
-0.001100
0.000394
-0.032048
-0.053246
-0.036253
0.004122
0.019070
0.005860
-0.009252
-0.045435
-0.048090
0.007471
0.012777
0.001245
-0.003597
0.000106
0.040014
0.039780
0.004330
-0.051720
-0.022864
0.045411
0.012872
0.008724
0.035362
0.100104
0.163926
0.119660
0.020815
-0.046359
0.008253
0.096046
0.106791
0.041611
0.011020
0.011554
-0.033749
-0.059878
-0.070634
-0.098612
-0.108963
-0.034340
0.034702
0.015044
-0.039883
-0.050124
-0.018868
-0.019557
-0.013273
-0.003663
-0.026228
-0.056288
-0.057465
-0.056464
-0.066335
-0.067422
-0.070265
-0.059309
-0.042996
-0.031991
-0.029347
-0.026339
-0.015112
-0.010224
-0.007549
-0.005151
-0.004675
-0.003281
-0.002666
-0.000356
0.000793
0.000358
0.003015
0.003816
0.002000
0.001469
0.001730
0.000639
0.000590
0.002955
0.004635
0.003284
0.001174
0.001544
0.003095
0.004242
0.004146
0.002010
0.002271
0.005481
0.007152
0.007454
0.002496
-0.003682
-0.001878
0.007452
0.016738
0.010109
-0.009706
-0.017944
-0.010248
-0.003939
0.004887
0.017107
0.021208
0.017693
0.000141
-0.011902
0.000027
0.030130
0.050102
0.036081
0.020762
-0.000422
-0.031205
-0.015871
0.040597
0.062028
0.040151
0.039590
0.066150
0.058665
0.055400
0.056064
0.025353
0.060103
0.092716
0.059537
0.009513
-0.029456
-0.069160
-0.123518
-0.036303
0.029821
-0.043021
-0.046117
0.009289
0.017229
-0.042512
-0.029025
0.015760
-0.005229
-0.025782
-0.016253
-0.012128
-0.039039
-0.052466
-0.062363
-0.060489
-0.031200
0.000303
0.012385
0.021902
0.037652
0.027164
0.014851
0.006520
-0.006854
-0.015086
-0.026570
-0.026762
-0.023135
-0.021389
-0.011095
-0.001730
0.000364
-0.003320
-0.003335
-0.003916
-0.006918
-0.007686
-0.008237
-0.010446
-0.009809
-0.007739
-0.007822
-0.007696
-0.006789
-0.005737
-0.004538
-0.003480
-0.002165
-0.003024
-0.005122
-0.004157
-0.003876
-0.003213
-0.001190
0.000202
0.000193
-0.000701
-0.001832
-0.003417
-0.004079
-0.001932
-0.000224
0.001093
0.004479
0.002218
-0.005098
-0.008779
-0.008200
-0.007632
-0.003245
0.001862
-0.002182
-0.008632
-0.010287
-0.007888
-0.006793
-0.007347
-0.004471
-0.002288
-0.001491
0.000132
0.002581
0.003612
0.002838
0.003595
0.003057
0.002628
0.002541
0.001507
0.001762
0.001378
0.000726
0.001086
0.001704
0.001771
0.001924
0.001558
0.001239
0.001604
0.001665
0.001914
0.002300
0.002418
0.002224
0.001901
0.001842
0.001766
0.001801
0.001856
0.001745
0.001707
0.001582
0.001489
0.001455
0.001524
0.001575
0.001496
0.001402
0.001330
0.001235
0.001148
0.001151
0.001198
0.001202
0.001141
0.001085
0.001067
0.001062
0.001031
0.000937
0.000784
0.000726
0.000759
0.000805
0.000807
0.000698
0.000546
0.000466
0.000448
0.000446
0.000489
0.000494
0.000458
0.000425
0.000377
0.000351
0.000437
0.000452
0.000367
0.000287
0.000168
0.000092
0.000084
0.000139
0.000156
0.000121
0.000040
-0.000013
-0.000035
-0.000066
-0.000019
0.000011
0.015843
0.036310
0.061674
-0.038416
-0.089332
0.088215
0.133732
-0.071013
-0.034730
-0.005930
-0.036773
0.097791
0.147409
0.086912
0.055611
-0.057270
-0.158354
-0.132386
-0.023009
-0.058030
0.103084
-0.004850
-0.034634
0.261739
0.111635
-0.228723
-0.245188
-0.382089
-0.131184
0.616442
-0.119147
-0.383661
0.439503
-0.073109
-0.595554
-0.187936
-0.089664
-0.069676
0.033461
-0.228525
0.054950
0.240271
0.031027
0.284993
-0.205307
-0.229944
0.147470
0.004992
0.204882
0.442612
0.104380
0.041970
0.212544
0.057516
0.014356
0.048344
0.025772
0.026266
0.001351
-0.193091
-0.122174
-0.140295
-0.052283
0.036949
-0.026203
0.092379
0.090865
0.115533
0.119742
-0.027588
-0.069692
0.014901
0.041216
0.049323
0.041841
0.021690
0.059294
0.044127
0.008352
-0.020249
-0.022745
-0.025686
-0.047107
-0.054526
-0.025561
0.004435
-0.003778
0.016067
0.026173
0.015879
0.002681
-0.001840
0.017311
0.029834
0.010297
-0.029541
-0.018767
0.011285
0.020980
0.023749
-0.027951
-0.032839
0.002073
-0.023822
-0.011466
0.038309
0.075816
0.031935
-0.027714
-0.013582
0.024724
-0.033484
-0.007186
0.060480
0.192030
0.078284
-0.228752
0.009692
0.316239
-0.065619
-0.155907
0.065795
-0.116786
0.097426
0.456707
-0.050513
-0.362048
-0.114379
-0.294934
-0.200994
-0.160202
0.131906
0.644662
-0.227535
-0.436413
0.416223
0.211116
-0.326198
-0.204047
-0.320585
-0.175615
0.423798
0.413817
0.258506
0.074571
0.104957
0.486760
0.225606
-0.251865
-0.063635
0.031336
0.032480
-0.137991
-0.165553
-0.002960
-0.193706
-0.098975
0.092296
-0.012792
-0.137838
0.225465
0.083919
-0.190408
0.033270
-0.087457
-0.041610
0.014555
0.043760
0.029779
0.006825
-0.002900
0.000410
0.017158
-0.133626
-0.125747
-0.072494
-0.046091
-0.075713
-0.068127
-0.011938
-0.024749
-0.016727
-0.006302
-0.026648
-0.054684
0.003410
0.012389
-0.002368
-0.014298
-0.018042
-0.000024
-0.021208
-0.025411
-0.026375
-0.029246
-0.034776
-0.021542
0.017428
-0.015108
-0.056722
-0.041727
-0.000015
0.009347
0.007204
-0.005704
0.000006
-0.025469
-0.033695
0.080318
0.040899
-0.077258
-0.018646
0.126343
0.128688
-0.037731
-0.011980
0.164272
0.088308
0.091926
0.164608
0.118922
-0.051617
-0.282725
-0.117709
0.106903
0.065402
-0.109575
-0.355547
-0.339041
-0.111701
0.137598
0.020641
-0.070396
0.058314
-0.163454
-0.238941
0.099071
0.013609
-0.520511
-0.002986
0.171484
-0.381000
-0.137588
0.026475
0.295364
0.304147
0.373578
0.037438
-0.011205
0.384316
0.199150
0.192181
-0.035568
0.029806
-0.029997
-0.023291
-0.016977
0.065463
0.136717
0.029267
0.140954
-0.007793
-0.081190
-0.092263
-0.038984
-0.101976
-0.091659
0.002866
-0.011119
0.066242
0.067588
0.061541
0.028105
0.029935
0.012186
0.018416
0.011415
-0.070551
-0.082267
-0.057817
-0.017202
-0.033061
-0.022130
-0.017485
-0.016157
-0.006072
-0.028040
-0.028381
-0.013109
-0.009548
-0.031296
-0.042852
-0.039786
-0.013842
0.020636
0.030739
-0.015044
-0.009431
0.052303
-0.030229
-0.084054
0.052871
-0.003084
-0.087152
0.053949
0.007137
-0.098659
0.033720
-0.005175
-0.086150
-0.051011
-0.125437
0.056782
0.017216
-0.130667
0.126613
-0.097407
-0.355906
0.279246
0.238594
-0.464929
-0.160872
-0.222255
0.017866
0.387590
0.034442
0.055290
0.138366
-0.224245
-0.241312
0.173840
-0.230029
-0.215630
0.102976
0.120944
-0.308942
-0.347142
0.028915
-0.099673
-0.064938
0.117215
0.170892
0.238221
0.117769
-0.128238
0.118941
0.014427
-0.203673
0.128369
0.132203
-0.068110
0.269120
0.072308
-0.132371
0.128437
0.107803
0.111457
-0.022471
-0.020414
0.050307
0.076990
0.098210
0.125167
0.045735
0.042744
0.152922
0.081322
0.120642
0.064878
0.007614
0.025769
-0.004837
-0.033790
0.000148
0.035994
-0.005822
0.035098
0.023348
0.023936
0.002685
0.001998
0.043697
0.009560
-0.005942
-0.004119
0.013607
0.018297
0.019183
0.000681
0.016974
0.022475
0.007098
-0.003603
-0.010489
-0.021119
-0.029750
0.018198
0.031648
-0.048277
-0.028942
0.065949
0.019413
-0.054671
-0.007874
-0.013018
-0.065487
0.081552
0.027781
-0.087537
0.095189
0.009622
-0.057156
0.072877
-0.250429
-0.197788
0.142577
-0.096514
0.249815
0.493839
-0.115049
-0.046457
0.045749
-0.150692
0.028403
0.109213
0.253973
0.367222
0.227812
0.443563
-0.218625
-0.513615
0.248957
0.239572
-0.039867
-0.092327
-0.005346
-0.210695
0.012080
0.126627
-0.200964
-0.149953
-0.063264
0.006082
0.151285
0.042680
-0.208780
0.246990
0.147007
-0.094619
-0.125657
-0.338365
0.204271
0.020572
-0.075967
-0.045525
-0.286711
-0.117276
-0.064421
-0.109123
-0.072152
-0.106489
-0.148606
-0.016551
-0.049510
-0.040071
-0.007230
-0.049354
-0.023266
0.069890
0.001846
0.009139
0.072871
-0.016806
0.003979
-0.024768
-0.060054
-0.013249
-0.029849
-0.052014
-0.040714
-0.054343
-0.017812
0.026734
0.005331
-0.005364
-0.039092
-0.026758
0.014810
-0.003030
-0.005789
0.012995
0.015784
0.023902
-0.001287
-0.008226
0.009675
-0.044037
-0.030182
0.035606
0.010548
-0.012188
-0.001853
-0.024571
-0.032625
-0.024243
-0.016095
0.031194
-0.003767
0.005600
0.113868
-0.004544
-0.061790
0.173758
0.077417
0.060572
0.070249
-0.224584
-0.202515
0.245875
0.155522
0.044678
0.079876
-0.150213
0.193157
0.072517
-0.344300
-0.441099
-0.162812
0.127127
0.031256
-0.054820
-0.156065
-0.022350
0.010958
-0.247573
-0.325117
-0.390072
-0.304310
0.045233
0.113511
-0.016236
0.122338
0.085004
0.182822
0.356217
-0.047474
-0.202444
-0.038591
-0.013033
0.222842
0.295220
0.056866
0.116727
0.122606
0.219775
0.221340
-0.010278
0.061167
0.055957
0.021038
0.027005
-0.039673
-0.082951
-0.056018
0.054326
0.022319
0.007848
0.073742
0.055316
0.015054
-0.010171
-0.052921
-0.031576
0.018736
0.044872
0.060668
0.071893
0.066316
0.028449
0.048648
0.009961
-0.048657
-0.034739
-0.038659
-0.023458
-0.009645
-0.006005
-0.000086
-0.002720
-0.005469
0.002350
-0.018293
-0.025616
0.008177
0.009807
-0.002895
-0.003780
0.012827
0.011536
0.001246
0.012421
0.029498
0.071806
-0.056682
-0.142115
-0.039833
0.045603
0.002154
0.103408
0.050606
-0.186625
-0.043027
0.036738
0.021137
0.163212
0.251606
-0.131660
-0.193728
0.078286
0.049652
-0.023299
-0.095590
0.165127
0.287520
-0.152470
-0.108459
-0.007193
-0.449026
0.089621
0.056577
-0.271619
0.532214
0.080826
-0.673475
0.261803
0.411244
-0.358954
0.187382
-0.155627
-0.178768
0.464039
0.262781
-0.044571
-0.237407
0.076337
0.120854
0.351143
0.016824
-0.023680
0.267800
0.129030
0.144439
-0.110264
-0.020074
-0.074411
-0.160969
-0.101460
-0.080701
-0.110580
0.042055
0.088859
-0.074386
0.013191
0.039421
0.003774
-0.062209
-0.002254
-0.054875
-0.119305
-0.082133
-0.011653
0.016396
-0.039569
-0.031087
-0.044950
0.005062
-0.015463
-0.064247
-0.062691
-0.067832
-0.070979
-0.073982
-0.065404
-0.060229
-0.015185
0.010905
0.003897
-0.023464
-0.018917
-0.011562
-0.024550
-0.034224
-0.046452
-0.052477
-0.036350
-0.017550
-0.034596
-0.019737
0.008415
0.004324
-0.041117
-0.060423
-0.028557
-0.061483
-0.054476
0.102966
0.005357
-0.140063
-0.006473
-0.166235
-0.216024
0.135870
0.251827
-0.039959
-0.072242
-0.090361
-0.081369
-0.014503
0.102547
-0.034687
-0.329628
-0.087949
0.225442
0.447539
-0.095260
-0.341252
0.416223
0.317736
-0.240493
0.294614
-0.013898
-0.095727
0.996645
0.377150
-0.526586
0.247222
0.373002
-0.073308
0.264780
-0.263946
-0.556158
-0.093866
-0.285881
-0.264487
-0.186722
-0.300480
-0.116550
0.202008
0.168884
-0.014407
0.160542
-0.000368
0.031348
0.094419
0.153545
0.222560
0.045476
0.135795
0.218186
0.069653
-0.108425
0.064906
0.022780
-0.122945
-0.155481
-0.160061
-0.167232
-0.093577
-0.059393
-0.111636
-0.014431
-0.016421
0.055010
0.034976
-0.019378
0.011939
0.004879
-0.019129
-0.047209
-0.021401
-0.008421
-0.002362
-0.026445
-0.021962
-0.031149
-0.065050
-0.037185
-0.037478
-0.050135
-0.044285
-0.032148
-0.028881
-0.017919
-0.013810
-0.004191
0.009753
-0.002034
0.012864
-0.025031
-0.028998
-0.006183
0.024024
0.016672
-0.066162
-0.075884
0.079667
0.077469
-0.136243
-0.165491
-0.075265
0.061009
0.110001
0.046197
0.030050
-0.252108
-0.136710
0.250310
-0.039778
-0.061857
0.157930
-0.181090
0.142220
0.469604
-0.285530
-0.256833
0.185411
0.133002
-0.002606
0.024345
0.054215
0.052052
0.746417
0.405551
-0.527038
-0.154028
-0.025398
0.240648
0.422496
-0.140803
-0.210602
0.157558
-0.200484
-0.218992
0.032528
-0.551126
-0.301053
0.213539
0.194832
-0.019727
-0.147870
-0.116188
-0.071695
0.025176
0.071737
0.051552
-0.148384
0.032980
-0.041083
-0.189742
-0.102441
-0.194423
-0.103584
-0.027689
-0.065027
-0.093588
0.012094
-0.030735
0.015613
0.019018
-0.065655
0.007546
0.023986
0.076265
0.075696
0.034747
0.052511
0.042777
-0.005896
0.017911
0.006807
-0.018767
0.006377
-0.009641
0.000829
-0.010779
-0.024639
0.011557
0.026513
0.011507
0.018518
0.023667
0.021716
0.022345
0.011207
0.026173
0.028022
0.020817
0.014296
-0.025557
-0.025988
0.021150
0.051857
0.028490
-0.066797
-0.055507
-0.006646
-0.027373
0.034829
0.064928
0.026334
0.052917
-0.001573
-0.121540
-0.013754
0.143650
0.123541
0.059840
0.066389
0.007598
-0.241630
-0.027131
0.285843
0.073147
-0.005452
0.200574
0.076745
-0.000501
0.277967
0.024942
-0.277283
0.236254
0.400449
-0.194225
0.020698
0.157503
-0.618974
-0.401622
0.317200
0.091750
-0.461084
0.104893
0.286283
-0.389820
0.130272
0.034980
-0.199793
0.143147
0.058313
-0.129855
0.022085
0.050197
-0.151340
-0.086351
-0.141467
-0.029856
0.025760
0.071946
0.090181
0.030802
0.081701
-0.006778
-0.076647
-0.026013
-0.015312
-0.102143
-0.036277
0.017617
-0.054195
0.023777
0.024353
-0.013096
-0.007309
-0.010824
0.004227
-0.001819
-0.037015
-0.013078
-0.005948
-0.038979
-0.013957
0.000773
0.032014
0.035739
0.002734
0.013832
0.019430
-0.004040
-0.021752
-0.025841
-0.014242
-0.009029
-0.024224
-0.001794
0.016991
0.010740
0.012466
0.001732
-0.013214
0.000120
0.007738
-0.015058
-0.004234
0.029301
0.005932
-0.033993
-0.008434
-0.019624
-0.041779
0.015814
0.021460
-0.032133
-0.022799
-0.007451
-0.027738
-0.001338
0.006122
-0.006886
0.005813
0.004833
0.008285
0.012504
0.010727
0.008002
0.011352
0.010077
0.008637
0.012805
0.011898
0.006741
0.000961
-0.001114
-0.003755
0.003374
0.008024
0.005436
0.001871
0.002848
0.000972
0.005616
0.011205
0.004128
0.001681
0.003445
0.002580
0.005575
0.010795
0.006251
0.000035
-0.000545
-0.000202
-0.001692
0.000298
0.003654
0.000986
-0.001620
-0.000714
0.000947
0.002003
0.001618
0.001234
0.000399
-0.000184
-0.000536
0.001105
0.002332
0.002726
0.001779
0.001354
0.001209
0.001230
0.001014
0.000681
0.000143
-0.000130
-0.000688
-0.000642
0.000083
0.000861
0.000693
0.000403
0.000024
-0.000266
-0.000040
0.000300
0.000609
0.000669
0.000369
-0.000046
-0.000080
-0.000088
0.000103
0.000446
0.000243
-0.000225
-0.000200
-0.000159
-0.000006
0.000482
0.000317
-0.000310
-0.000366
-0.000217
-0.000157
0.000381
0.000428
-0.000180
-0.000505
-0.000348
-0.000276
-0.000013
0.000248
-0.000153
-0.000659
-0.000682
-0.000534
-0.000382
-0.000086
-0.000124
-0.000525
-0.000675
-0.000516
-0.000321
-0.000180
-0.000116
-0.000231
-0.000317
-0.000278
-0.000108