-0.034234
0.066268
0.127833
0.136517
0.098590
0.038103
-0.012335
-0.024050
0.016706
0.103469
0.211995
0.309485
0.367079
0.370847
0.327080
0.259850
0.201795
0.181617
0.213100
0.289814
0.387555
0.473567
0.519036
0.510080
0.453038
0.372038
0.299768
0.264990
0.281543
0.343057
0.425388
0.495841
0.525663
0.501034
0.428354
0.331813
0.244162
0.194222
0.195892
0.242862
0.311044
0.367799
0.384428
0.347163
0.262456
0.154541
0.056217
-0.003655
-0.011136
0.027499
0.088197
0.138347
0.149278
0.107242
0.018710
-0.092066
-0.192280
-0.253060
-0.260465
-0.220770
-0.158032
-0.104870
-0.089968
-0.127088
-0.209780
-0.313814
-0.406410
-0.458728
-0.456859
-0.407114
-0.333592
-0.268952
-0.241926
-0.266321
-0.335738
-0.426001
-0.504383
-0.542101
-0.525302
-0.460357
-0.371425
-0.291226
-0.248553
-0.257275
-0.311054
-0.385777
-0.448777
-0.471333
-0.439651
-0.360162
-0.257080
-0.163184
-0.107317
-0.103404
-0.145155
-0.208505
-0.260832
-0.273455
-0.232623
-0.144799
-0.034234
0.066268
0.127833
0.136517
0.098590
0.038103
-0.012335
-0.024050
0.016706
0.103469
0.211995
0.309485
0.367079
0.370847
0.327080
0.259850
0.201795
0.181617
0.213100
0.289814
0.387555
0.473567
0.519036
0.510080
0.453038
0.372038
0.299768
0.264990
0.281543
0.343057
0.425388
0.495841
0.525663
0.501034
0.428354
0.331813
0.244162
0.194222
0.195892
0.242862
0.311044
0.367799
0.384428
0.347163
0.262456
0.154541
0.056217
-0.003655
-0.011136
0.027499
0.088197
0.138347
0.149278
0.107242
0.018710
-0.092066
-0.192280
-0.253060
-0.260465
-0.220770
-0.158032
-0.104870
-0.089968
-0.127088
-0.209780
-0.313814
-0.406410
-0.458728
-0.456859
-0.407114
-0.333592
-0.268952
-0.241926
-0.266321
-0.335738
-0.426001
-0.504383
-0.542101
-0.525302
-0.460357
-0.371425
-0.291226
-0.248553
-0.257275
-0.311054
-0.385777
-0.448777
-0.471333
-0.439651
-0.360162
-0.257080
-0.163184
-0.107317
-0.103404
-0.145155
-0.208505
-0.260832
-0.273455
-0.232623
-0.144799
0.455275
0.700877
0.908770
0.998669
0.934452
0.737968
0.480699
0.256476
0.145648
0.184421
0.351045
0.574155
0.760058
0.828552
0.743602
0.527137
0.250721
0.008257
-0.119831
-0.097271
0.054252
0.263433
0.436632
0.493699
0.398643
0.173434
-0.110330
-0.358717
-0.491281
-0.471730
-0.321738
-0.112606
0.062030
0.122012
0.031338
-0.188039
-0.464546
-0.704277
-0.826821
-0.795927
-0.633311
-0.410326
-0.220662
-0.144537
-0.218015
-0.419213
-0.676628
-0.896430
-0.998286
-0.946028
-0.761457
-0.516009
-0.303466
-0.204135
-0.254172
-0.431786
-0.665567
-0.861780
-0.940183
-0.864701
-0.657227
-0.389287
-0.154754
-0.034017
-0.063322
-0.220956
-0.435589
-0.613562
-0.674704
-0.583009
-0.360434
-0.078565
0.168673
0.300836
0.281637
0.132747
-0.074538
-0.246587
-0.303254
-0.208550
0.015557
0.297473
0.543274
0.672523
0.648942
0.494221
0.279678
0.098973
0.032286
0.115646
0.327130
0.595194
0.825967
0.939071
0.898295
0.725395
0.491760
0.291126
0.203752
0.265748
0.455275
0.700877
0.908770
0.998669
0.934452
0.737968
0.480699
0.256476
0.145648
0.184421
0.351045
0.574155
0.760058
0.828552
0.743602
0.527137
0.250721
0.008257
-0.119831
-0.097271
0.054252
0.263433
0.436632
0.493699
0.398643
0.173434
-0.110330
-0.358717
-0.491281
-0.471730
-0.321738
-0.112606
0.062030
0.122012
0.031338
-0.188039
-0.464546
-0.704277
-0.826821
-0.795927
-0.633311
-0.410326
-0.220662
-0.144537
-0.218015
-0.419213
-0.676628
-0.896430
-0.998286
-0.946028
-0.761457
-0.516009
-0.303466
-0.204135
-0.254172
-0.431786
-0.665567
-0.861780
-0.940183
-0.864701
-0.657227
-0.389287
-0.154754
-0.034017
-0.063322
-0.220956
-0.435589
-0.613562
-0.674704
-0.583009
-0.360434
-0.078565
0.168673
0.300836
0.281637
0.132747
-0.074538
-0.246587
-0.303254
-0.208550
0.015557
0.297473
0.543274
0.672523
0.648942
0.494221
0.279678
0.098973
0.032286
0.115646
0.327130
0.595194
0.825967
0.939071
0.898295
0.725395
0.491760
0.291126
0.203752
0.265748