-0.252791
-0.261391
-0.268864
-0.273100
-0.272462
-0.265818
-0.252413
-0.231679
-0.203098
-0.166205
-0.120752
-0.066978
-0.005886
0.060602
0.129695
0.198020
0.262068
0.318700
0.365561
0.401300
0.425550
0.438720
0.441679
0.435482
0.421212
0.399993
0.373127
0.342255
0.309440
0.277091
0.247687
0.223396
0.205665
0.194939
0.190591
0.191096
0.194399
0.198347
0.201083
0.201251
0.198016
0.190902
0.179563
0.163607
0.142550
0.115945
0.083633
0.046011
0.004204
-0.039950
-0.084131
-0.125911
-0.163184
-0.194487
-0.219151
-0.237213
-0.249162
-0.255609
-0.257024
-0.253624
-0.245450
-0.232601
-0.215508
-0.195127
-0.172969
-0.150933
-0.130978
-0.114766
-0.103377
-0.097201
-0.096041
-0.099371
-0.106646
-0.117544
-0.132037
-0.150273
-0.172309
-0.197807
-0.225821
-0.254767
-0.282606
-0.307189
-0.326661
-0.339782
-0.346080
-0.345784
-0.339592
-0.328367
-0.312888
-0.293744
-0.271407
-0.246431
-0.219686
-0.192493
-0.166590
-0.143886
-0.126089
-0.114291
-0.108667
-0.108377
-0.111712
-0.116425
-0.120155
-0.120793
-0.116708
-0.106771
-0.090230
-0.066520
-0.035126
0.004414
0.052346
0.108428
0.171655
0.240102
0.310979
0.380907
0.446378
0.504251
0.552171
0.588783
0.613723
0.627396
0.630672
0.624605
0.610279
0.588819
0.561523
0.530036
0.496421
0.463087
0.432515
0.406874
0.387611
0.375173
0.368936
0.367376
0.368439
0.369977
0.370132
0.367553
0.361407
0.351220
0.336651
0.317309
0.292715
0.262424
0.226281
0.184688
0.138774
0.090379
0.041829
-0.004445
-0.046331
-0.082363
-0.111866
-0.134874
-0.151868
-0.163458
-0.170107
-0.172025
-0.169250
-0.161877
-0.150328
-0.135555
-0.119066
-0.102750
-0.088564
-0.078162
-0.072620
-0.072320
-0.077062
-0.086312
-0.099520
-0.116357
-0.136792
-0.160964
-0.188925
-0.220333
-0.254234
-0.289040
-0.322704
-0.353073
-0.378285
-0.397096
-0.409027
-0.414302
-0.413613
-0.407818
-0.397691
-0.383815
-0.366657
-0.346766
-0.325007
-0.302697
-0.281567
-0.263524
-0.250269
-0.242890
-0.241559
-0.245430
0.388833
0.304786
0.234362
0.181530
0.149131
0.138304
0.148021
0.174942
0.213689
0.257526
0.299313
0.332488
0.351855
0.354000
0.337312
0.301685
0.248083
0.178173
0.094153
-0.001194
-0.104317
-0.210737
-0.315100
-0.411522
-0.494220
-0.558299
-0.600464
-0.619475
-0.616189
-0.593197
-0.554172
-0.503144
-0.443915
-0.379768
-0.313506
-0.247714
-0.185075
-0.128555
-0.081317
-0.046367
-0.026035
-0.021477
-0.032389
-0.057060
-0.092750
-0.136291
-0.184702
-0.235611
-0.287367
-0.338822
-0.388894
-0.436123
-0.478405
-0.513047
-0.537141
-0.548165
-0.544577
-0.526233
-0.494458
-0.451777
-0.401388
-0.346578
-0.290276
-0.234872
-0.182314
-0.134399
-0.093054
-0.060445
-0.038795
-0.029922
-0.034623
-0.052117
-0.079758
-0.113136
-0.146594
-0.174020
-0.189709
-0.189074
-0.169042
-0.128095
-0.066051
0.016269
0.117282
0.234698
0.365368
0.505027
0.648129
0.787921
0.916885
1.027502
1.113196
1.169234
1.193353
1.185944
1.149794
1.089473
1.010580
0.919047
0.820687
0.720999
0.625175
0.538146
0.464509
0.408237
0.372175
0.357463
0.363081
0.385690
0.419916
0.459030
0.495894
0.523953
0.538014
0.534669
0.512315
0.470847
0.411238
0.335159
0.244816
0.142997
0.033261
-0.079910
-0.191152
-0.294575
-0.384390
-0.455693
-0.505185
-0.531616
-0.535838
-0.520432
-0.489066
-0.445760
-0.394310
-0.337991
-0.279599
-0.221709
-0.166998
-0.118425
-0.079143
-0.052152
-0.039772
-0.043153
-0.061983
-0.094542
-0.138084
-0.189432
-0.245598
-0.304201
-0.363584
-0.422590
-0.480130
-0.534738
-0.584302
-0.626120
-0.657280
-0.675250
-0.678484
-0.666829
-0.641604
-0.605328
-0.561193
-0.512479
-0.462109
-0.412467
-0.365497
-0.322989
-0.286864
-0.259284
-0.242467
-0.238226
-0.247353
-0.269064
-0.300707
-0.337869
-0.374890
-0.405653
-0.424451
-0.426693
-0.409303
-0.370762
-0.310883
-0.230488
-0.131156
-0.015175
0.114306
0.253024
0.395433
0.534782
0.663553
0.774227
0.860227
0.916822
0.941746
0.935391
0.900542
0.841768
0.764666
0.675167
0.579083
0.481908