-0.021617
-0.022485
-0.026461
-0.023286
-0.022071
-0.021074
-0.018184
-0.014346
-0.008341
-0.002311
-0.001901
-0.006258
-0.004324
-0.001569
-0.006788
-0.005716
-0.009145
-0.004439
0.000966
0.006157
0.015658
-0.000629
0.000881
0.007018
0.005218
0.011463
-0.001636
-0.005696
0.000885
0.003440
0.021895
0.041983
0.040189
0.001762
-0.019949
-0.035305
-0.038401
-0.030802
-0.000356
0.009444
0.031591
0.052203
0.016422
0.024638
-0.051611
-0.103473
-0.041917
-0.022753
0.000918
0.054442
0.030322
-0.021859
-0.050258
-0.129775
-0.084941
-0.040215
-0.119165
-0.030836
0.014603
0.008230
0.021556
-0.005630
0.025220
-0.001153
-0.100165
-0.055513
0.031061
0.043514
0.048094
0.056717
0.071969
0.060617
0.023145
-0.010117
0.007806
0.000080
-0.024157
-0.031091
-0.020158
-0.009536
-0.019544
-0.008273
0.033485
0.033877
0.019938
0.029765
0.035037
0.029439
0.016524
0.015227
0.035698
0.035147
0.025572
0.017522
0.010720
0.010116
0.007206
0.008028
0.012170
0.020689
0.016832
0.014387
0.009052
0.000487
-0.001273
0.001180
0.003441
0.003163
0.005386
0.006104
0.004356
0.007180
0.001191
-0.000747
-0.000205
-0.002694
0.003163
0.000377
-0.002433
0.001841
-0.003434
-0.004151
0.000675
0.005711
0.022476
0.014419
0.011732
0.009082
-0.000834
-0.002048
-0.011755
0.009624
0.038678
0.018285
0.005353
0.015339
0.022396
0.004562
0.005281
0.000420
-0.003041
0.037800
0.015650
0.051040
0.039183
-0.069326
-0.071856
-0.092286
-0.081831
0.019384
0.050389
0.038383
0.046779
0.021467
0.008973
-0.014283
-0.096591
-0.073221
-0.044151
-0.064068
0.048428
0.144928
0.121883
0.089754
0.062987
0.094889
0.058195
-0.020772
-0.022133
-0.016498
-0.020452
-0.012174
0.009340
-0.015527
-0.018715
-0.019919
-0.005749
0.017500
-0.004723
0.027228
0.038135
0.018354
0.010092
0.015131
0.013080
-0.001175
-0.014067
-0.027867
-0.015205
-0.011528
-0.004720
-0.005872
-0.012357
-0.003581
-0.003499
-0.013412
-0.030803
-0.032574
-0.033018
-0.025548
-0.018130
-0.018625
-0.013887
-0.013996
-0.012477
-0.018105
-0.024573
-0.027047
-0.028520
-0.024912
-0.023813
-0.021697
-0.020099
-0.019111
-0.017087
-0.013949
-0.017709
-0.019965
-0.020315
-0.019390
-0.010521
-0.012406
-0.002871
-0.000879
-0.017448
-0.012663
-0.011162
-0.006228
-0.007802
-0.016992
0.010065
0.010864
0.008032
0.017480
0.021174
0.034671
0.028797
0.044290
0.060060
0.020959
-0.028847
-0.037113
-0.016770
-0.009419
-0.021173
-0.047344
-0.048217
-0.072333
-0.058263
-0.006337
0.022356
0.042291
-0.042690
-0.028121
-0.017288
-0.065562
-0.057749
-0.097617
-0.056127
-0.064446
-0.084157
-0.060596
0.008065
0.056552
0.044822
0.085938
0.080051
0.059714
0.021275
0.045518
0.045082
0.008983
-0.015093
-0.031109
0.002008
-0.003220
0.009639
0.031988
0.050075
0.053580
0.022817
0.002947
-0.001209
0.009732
-0.010305
-0.009792
0.013920
0.024290
0.026084
0.023699
0.029261
0.021651
0.025434
0.027099
0.021263
0.014039
0.003350
-0.000522
-0.001787
-0.004480
-0.005677
-0.006389
-0.003822
-0.005223
-0.008273
-0.010468
-0.009934
-0.006492
-0.008300
-0.011112
-0.015583
-0.020620
-0.019288
-0.016177
-0.019261
-0.011333
-0.004563
-0.011382
-0.008838
-0.006731
-0.013817
-0.005694
-0.009928
-0.012023
-0.002438
-0.017000
-0.017690
-0.007896
-0.025008
-0.029722
-0.003762
-0.026806
-0.004636
0.006648
-0.052050
-0.011088
-0.025809
-0.025697
-0.007818
-0.078129
-0.082944
-0.024821
-0.025629
0.013839
0.082817
0.023497
-0.010538
-0.057624
-0.054201
-0.040048
-0.079374
-0.049044
-0.016441
-0.034468
-0.070273
-0.086623
-0.058656
-0.043795
-0.045167
0.026442
0.077447
0.027749
0.015365
0.017195
-0.028310
-0.022873
-0.045235
-0.005589
0.036245
-0.014898
0.003883
0.031672
0.014373
0.016045
0.028891
0.034975
0.042556
0.015432
0.006531
0.030655
0.031337
0.047467
0.045290
0.048472
0.057326
0.046742
0.042272
0.030612
0.026749
0.021385
0.026477
0.032699
0.038244
0.033447
0.031119
0.033452
0.023612
0.024358
0.027929
0.028917
0.030328
0.029430
0.026928
0.025950
0.021682
0.015275
0.012767
0.013206
0.014060
0.014743
0.012869
0.011992
0.006523
0.007811
0.011575
0.008934
0.004214
0.001084
0.006474
0.003721
0.000809
0.002487
-0.003509
0.000685
0.005713
-0.003506
0.014793
0.011773
-0.011276
0.017998
-0.012288
-0.043192
-0.016341
-0.057295
-0.012373
0.059513
0.042227
0.091267
0.043941
-0.022020
0.010414
-0.053400
0.004715
0.065982
0.076823
0.152278
0.112214
0.059664
0.017453
-0.034039
-0.008495
0.030345
0.019139
0.040413
0.011564
-0.000522
-0.000815
0.001511
0.038148
-0.045217
0.005031
0.038513
0.001955
0.046304
0.006857
0.066901
0.047683
-0.022662
0.003645
-0.024298
-0.038486
-0.020895
-0.036003
-0.022968
-0.030687
-0.062837
-0.014948
-0.012937
-0.044619
-0.050075
-0.057148
-0.037535
-0.041058
-0.057537
-0.020172
-0.004745
-0.021271
-0.024369
-0.022756
-0.021749
-0.022720
-0.038606
-0.037540
-0.026604
-0.027834
-0.024519
-0.024916
-0.028629
-0.030982
-0.032248
-0.021853
-0.015859
-0.017544
-0.017911
-0.013541
-0.008782
-0.011231
-0.011516
-0.012665
-0.009255
-0.008969
-0.009526
-0.008532
-0.011571
-0.013239
-0.009729
-0.005880
-0.000687
0.001482
-0.004316
-0.006266
-0.011267
-0.018065
-0.008799
-0.004448
-0.004447
0.005971
0.010648
0.006452
0.008067
0.018586
0.010093
0.041471
0.004631
-0.025455
-0.003815
-0.033882
0.025169
0.041053
0.030778
0.046686
0.022851
0.001796
-0.037180
-0.073345
-0.078419
-0.059509
-0.023603
0.009482
0.021360
0.003237
-0.040606
-0.072295
-0.082204
-0.132742
-0.140311
-0.105594
-0.055834
0.018098
0.010580
0.008596
0.057808
0.030746
-0.003214
-0.027441
-0.081600
-0.046980
-0.028245
0.003554
0.071198
0.058025
0.058355
0.050921
0.028212
0.034258
0.007208
0.005108
0.021217
0.018832
0.028828
0.027921
0.021532
0.017125
0.002680
0.007453
0.013497
0.018782
0.031069
0.028169
0.030963
0.041629
0.047326
0.044456
0.040253
0.031151
0.023727
0.022619
0.022334
0.023183
0.020544
0.020100
0.021416
0.019131
0.012333
0.002429
-0.003367
-0.003983
-0.000624
0.002569
0.003314
0.004701
0.006120
0.004171
0.001176
-0.002256
-0.004189
-0.003332
-0.002911
0.000826
0.005693
0.015722
-0.004219
-0.010569
-0.012021
-0.018979
0.002686
0.009671
0.018490
0.003713
-0.012116
-0.020312
-0.002060
0.037129
0.034435
0.026440
0.011386
-0.019546
-0.004031
-0.014103
-0.016729
0.047776
0.030582
0.019918
0.018812
-0.041788
-0.043196
-0.048611
-0.094688
0.035978
0.073310
-0.029558
0.043078
-0.015496
-0.002485
0.027731
-0.044390
0.008167
0.017237
0.009950
0.011945
0.065976
0.038788
-0.006958
-0.000547
0.029976
0.084335
0.056061
0.052561
0.060643
0.057834
0.041560
0.031602
0.006423
-0.028279
-0.029050
-0.033221
-0.022822
-0.012890
0.015472
0.034126
0.034425
0.032716
0.024779
0.020904
0.002159
-0.022971
-0.035506
-0.025036
-0.012595
-0.007197
-0.003270
-0.009460
-0.007943
-0.005259
-0.017811
-0.023635
-0.025645
-0.026784
-0.023364
-0.024503
-0.026002
-0.030807
-0.029748
-0.029095
-0.028666
-0.029416
-0.032948
-0.028564
-0.026131
-0.024630
-0.023946
-0.025683
-0.026257
-0.028750
-0.031444
-0.032511
-0.027729
-0.020146
-0.023422
-0.020182
-0.020168
-0.029276
-0.020514
-0.011659
-0.019087
-0.014885
-0.031310
-0.063835
-0.043892
-0.041490
0.001946
0.022912
-0.001407
-0.005264
-0.040600
-0.035950
-0.032179
-0.033977
-0.031099
-0.058962
-0.015180
0.045354
0.000847
0.021504
0.028066
0.002467
0.031424
0.015139
0.008923
0.087559
0.083972
0.080478
0.165316
0.078924
0.034730
0.079460
0.021207
0.022281
-0.022499
-0.100210
-0.094651
-0.068366
-0.051820
-0.063694
-0.029244
0.009359
0.054449
0.044731
0.029127
0.043629
0.029867
0.010594
0.030390
0.056650
0.042849
0.052954
0.040681
0.017286
0.004209
0.001326
0.001796
-0.002951
-0.022393
-0.037641
-0.017119
-0.023626
-0.037290
-0.027298
-0.020154
-0.012386
-0.011635
-0.003700
-0.004625
-0.015089
-0.014165
-0.007719
-0.007466
-0.014409
-0.019715
-0.018631
-0.015044
-0.020419
-0.021489
-0.019397
-0.016631
-0.012704
-0.010162
-0.013341
-0.011116
-0.014307
-0.020630
-0.017544
-0.020335
-0.019040
-0.016140
-0.015352
-0.018595
-0.019528
-0.019862
-0.017981
-0.011649
-0.022750
-0.020287
-0.009250
-0.016609
-0.018758
-0.035743
-0.037555
-0.016481
-0.016267
0.016429
0.021376
-0.033291
-0.017488
-0.037015
-0.019734
0.035318
-0.031545
0.014154
0.034737
0.006945
0.029037
-0.022754
-0.009837
-0.012045
-0.007832
0.024499
0.010701
0.074781
0.097648
0.083046
0.091237
0.018010
-0.048427
0.020053
0.027465
0.051793
0.087549
-0.008801
-0.009330
-0.021893
-0.056973
-0.057410
-0.089571
-0.059466
0.035149
0.041366
0.005297
0.017383
-0.009136
-0.010752
-0.017805
-0.004290
0.023401
-0.028160
-0.050685
-0.053687
-0.059293
-0.062300
-0.057257
-0.048349
-0.038376
-0.045176
-0.047226
-0.025694
-0.028724
-0.030098
-0.024710
-0.018156
-0.000583
-0.007019
-0.027507
-0.026122
-0.022548
-0.022596
-0.015297
-0.013501
-0.012213
-0.009126
-0.009254
-0.007578
-0.009219
-0.013328
-0.010901
-0.003571
0.003429
0.008011
0.007278
0.008779
0.008895
0.006713
0.007377
0.005648
0.008210
0.010545
0.008158
0.007570
0.001313
0.002708
0.011596
0.010397
0.004117
-0.000187
-0.008591
-0.008833
0.004003
0.009977
0.026798
0.023403
0.003544
0.001227
-0.008272
0.005974
0.020399
0.029654
0.046318
0.013821
-0.021589
-0.015056
-0.004153
0.028315
0.040061
0.045003
0.060194
0.047801
0.054000
0.018963
0.033779
0.051545
0.020903
0.070848
0.049595
0.013361
-0.050391
-0.092506
-0.040177
-0.038302
0.007944
0.005229
0.010276
0.042512
-0.011137
-0.031732
0.035950
0.012219
-0.033693
0.011171
0.007245
-0.004518
-0.050911
-0.059882
-0.024984
-0.048957
-0.036007
0.005357
0.023767
0.025651
0.011507
-0.002184
0.002401
0.001138
-0.032747
-0.038019
-0.032321
-0.025910
-0.033242
-0.031089
-0.008379
-0.005497
-0.005868
0.000120
-0.001449
-0.007550
-0.011225
-0.015262
-0.013279
-0.007406
-0.008500
-0.005335
0.002162
0.000620
-0.001151
-0.003608
-0.002156
-0.001854
-0.003507
-0.001639
-0.000168
-0.002496
-0.003879
-0.003407
-0.004630
-0.004818
-0.003753
-0.004260
-0.004012
-0.002868
-0.001035
-0.000845
0.001642
0.002797
-0.001672
-0.003159
-0.007913
-0.013369
-0.011453
-0.008003
-0.003922
0.001933
-0.001503
-0.005908
-0.005436
-0.007133
-0.007476
-0.003905
-0.001248
-0.000595
0.000206
0.001221
0.002664
0.001110
-0.000082
0.001449
0.000884
0.000563
0.000999
0.000549
-0.000462
-0.001668
-0.001810
-0.000737
0.000985
0.001298
0.000637
0.000203
0.000684
0.000574
0.000668
0.001814
0.002292
0.002685
0.003091
0.002879
0.002594
0.002271
0.001903
0.001721
0.001971
0.002106
0.002098
0.002385
0.002475
0.002398
0.002095
0.001847
0.001873
0.001914
0.001968
0.001951
0.001738
0.001444
0.001303
0.001242
0.001100
0.001072
0.001017
0.000831
0.000747
0.000694
0.000658
0.000711
0.000748
0.000665
0.000635
0.000587
0.000542
0.000632
0.000678
0.000671
0.000629
0.000518
0.000433
0.000406
0.000468
0.000524
0.000533
0.000487
0.000391
0.000289
0.000195
0.000198
0.000222
0.000199
0.000188
0.000170
0.000171
0.000186
0.000162
0.000102
0.000028
0.000002
0.000037
0.000107
0.000140
0.000102
0.000057
0.000020
0.000001
-0.013655
0.017342
0.015931
0.071903
0.063124
-0.030301
-0.044665
0.051557
0.078623
-0.049986
-0.042851
-0.008341
-0.059186
0.073928
0.158056
0.131727
0.055463
-0.075961
-0.211399
-0.168936
-0.091146
-0.051576
0.124042
0.063393
0.125269
0.193061
0.094433
-0.215725
-0.370650
-0.372440
-0.131934
0.377677
0.069848
-0.069355
0.340363
-0.129263
-0.637496
-0.229751
-0.040564
-0.306806
0.067480
0.020912
0.100567
0.367820
0.025970
0.195810
0.057683
-0.344803
-0.155141
0.028088
0.155586
0.479851
0.227346
0.126340
0.364394
0.030245
-0.213583
-0.023521
-0.069382
-0.050596
-0.048312
-0.178107
-0.060976
-0.013787
-0.076420
0.037827
0.058539
0.021921
0.045279
0.068311
0.081770
0.021015
-0.033614
0.047225
0.068743
-0.005180
0.019286
0.021209
0.050227
0.015593
-0.004903
0.039214
0.064036
0.025936
-0.031084
-0.047772
-0.043953
-0.029128
-0.033035
0.003092
0.016607
-0.004753
-0.011150
-0.007936
0.013452
0.019350
0.006958
-0.000925
-0.008991
-0.006756
-0.001232
0.012510
0.002094
-0.008604
-0.007536
-0.006477
-0.000196
0.078233
0.076316
0.018231
-0.005549
-0.028124
-0.008723
-0.053556
-0.018808
0.123948
0.176253
0.038713
-0.128662
0.044572
0.175777
-0.094338
-0.085180
0.016688
-0.043614
0.061403
0.347605
0.075636
-0.315920
-0.200982
-0.410041
-0.379883
-0.007619
0.265415
0.484817
0.034974
-0.191062
0.264568
0.085411
-0.467550
-0.204146
-0.224482
-0.317719
0.373171
0.575920
0.424754
0.364123
0.101293
0.272449
0.208385
-0.317531
-0.243957
-0.081013
-0.107398
-0.045596
0.034404
-0.051882
-0.121073
-0.086476
-0.022905
0.006318
-0.123330
0.152882
0.107061
-0.087063
0.079678
-0.027979
-0.079429
-0.045898
-0.057109
-0.107560
0.022302
0.050465
0.017731
0.052289
-0.063906
0.033885
0.030560
-0.088654
-0.151448
-0.101282
-0.026279
-0.043992
-0.009724
-0.018379
0.001652
-0.017543
-0.006227
-0.013790
-0.049527
-0.028792
-0.027916
-0.017956
-0.033556
-0.012682
0.006350
-0.004749
-0.023953
-0.008722
0.014629
-0.020694
-0.044600
-0.057450
-0.010687
-0.002937
0.011186
0.033455
-0.007152
-0.027862
-0.022396
0.045123
0.035931
-0.074767
0.018025
0.125293
0.081987
0.013091
0.037553
0.140230
0.078067
0.079486
0.186132
0.100858
-0.140979
-0.298941
-0.154276
0.033122
0.044387
-0.119197
-0.245640
-0.294174
-0.205520
0.082531
0.062123
0.164883
0.046852
-0.230451
-0.157262
-0.039517
-0.073107
-0.469001
-0.008528
0.114240
-0.313265
-0.091182
0.121169
0.332292
0.364369
0.483656
0.141718
0.136483
0.175852
0.010761
0.150286
0.013594
-0.017461
-0.166520
-0.076369
-0.028401
0.048634
0.152683
0.074955
0.203529
-0.013114
-0.116932
-0.099881
-0.073127
-0.141806
-0.161027
0.004920
0.005447
0.101045
0.037323
0.047675
0.067426
0.051920
0.037908
0.021483
0.029300
-0.049987
-0.031037
-0.037445
-0.037297
-0.036116
-0.007073
0.018208
-0.013705
-0.034671
-0.051985
-0.019626
0.002226
-0.007149
-0.029821
-0.048340
-0.053870
-0.057694
-0.017890
0.000212
0.008235
0.032982
0.040926
-0.020626
-0.038095
0.027699
-0.014242
-0.054454
0.023539
0.014179
-0.077338
0.005573
0.000990
-0.081113
-0.070986
-0.053333
0.002113
-0.003899
0.011477
-0.005955
-0.076059
-0.226558
0.136938
0.189107
-0.383094
-0.209348
-0.128042
-0.070380
0.266919
0.300109
0.108272
0.167220
-0.271575
-0.380152
0.104900
-0.282132
-0.241806
0.205350
0.060276
-0.237401
-0.225050
-0.097427
-0.102566
-0.023189
0.141209
0.311714
0.283708
0.054892
-0.039199
-0.023901
-0.012868
-0.212978
0.022659
0.156031
-0.065734
0.197572
0.137502
-0.042830
0.158250
0.130873
0.029259
0.118165
-0.011392
-0.129864
0.030917
0.063304
0.160220
0.133220
0.013366
0.136603
0.065226
0.027531
0.022964
0.006304
0.017929
0.021610
0.005173
0.022986
0.051435
-0.023598
0.034442
0.028136
0.006554
0.012090
0.019083
0.040720
0.005100
0.001615
0.015167
0.017919
-0.010952
-0.004698
0.013048
0.023275
0.024817
-0.007547
0.010257
0.014252
-0.000374
-0.005079
0.007918
0.010978
-0.048879
-0.012730
0.041385
-0.003212
-0.036890
-0.000017
-0.023940
-0.031323
0.047260
0.023726
-0.005528
0.035374
0.017878
-0.026973
-0.044538
-0.162604
-0.212101
0.022549
0.083678
0.241550
0.506734
0.076424
-0.151932
0.062038
-0.295332
-0.129862
0.267104
0.200842
0.478146
0.430419
0.251383
-0.161330
-0.461149
-0.069629
0.141461
-0.090928
0.064862
0.071851
-0.266540
0.023541
0.044227
-0.054602
-0.107724
-0.143177
0.004209
0.007599
0.114822
-0.125407
0.237108
0.264782
-0.142759
-0.094758
-0.252869
-0.083977
-0.044642
-0.085732
-0.014816
-0.013708
-0.144490
-0.060552
-0.004848
-0.126383
-0.060108
-0.187599
-0.107470
-0.000847
-0.092325
0.040600
0.047458
-0.000651
0.000483
-0.025811
0.007972
0.081566
-0.044255
-0.082492
0.022008
-0.012476
0.004702
-0.017363
-0.060346
-0.024174
-0.038728
-0.047218
0.011532
-0.008710
-0.013948
-0.002122
-0.013518
-0.008920
-0.027178
-0.020141
0.022595
0.015164
-0.004936
-0.007518
-0.005408
-0.003569
-0.034651
-0.007893
0.046150
0.027908
-0.010505
-0.003941
-0.025863
-0.054653
-0.035548
-0.011919
0.012265
0.019690
0.032377
0.094364
-0.002743
0.000113
0.104137
0.098391
0.068102
-0.030785
-0.150534
-0.232853
0.165833
0.172311
0.079348
0.189477
-0.045534
0.042426
-0.025626
-0.397012
-0.426961
-0.161382
-0.013864
0.077462
0.138094
-0.022476
-0.018572
-0.137130
-0.286438
-0.338791
-0.447407
-0.322577
-0.028092
0.243930
0.190918
0.223401
0.242409
0.205501
0.215387
-0.070095
-0.314603
-0.122004
-0.048588
0.099075
0.431498
0.288303
0.221858
0.199973
0.025579
0.068204
-0.009632
-0.061521
0.014238
-0.009758
0.022754
0.072205
-0.037692
-0.076310
-0.048726
-0.089980
-0.006901
0.049506
0.033687
0.021088
0.050075
0.068709
0.055231
0.046739
0.011880
0.011624
0.030504
0.031259
0.021523
0.048897
0.036012
0.012474
0.038994
0.007207
-0.037258
-0.049022
-0.049884
-0.023321
0.000983
-0.003147
0.001870
-0.004143
-0.010809
0.012883
-0.001293
-0.022825
-0.021368
-0.006937
-0.015266
-0.000160
0.013686
0.061173
0.063408
-0.049889
-0.087718
-0.057632
0.026960
0.014113
0.122728
0.061794
-0.136302
-0.064955
-0.010932
0.050754
0.204098
0.220399
-0.071209
-0.165570
-0.002263
-0.040549
-0.107198
0.063838
0.205182
0.179690
-0.037026
-0.124182
-0.138283
-0.340406
-0.165573
0.045634
0.109236
0.299959
0.153585
-0.477001
0.127026
0.376580
-0.435640
0.162312
0.029979
-0.233975
0.327333
0.301485
-0.024817
0.006251
0.012594
-0.084701
0.411620
0.101909
-0.012340
0.233863
0.062592
0.120492
0.018862
-0.055968
-0.204531
-0.197746
-0.217070
-0.127636
-0.033713
0.017633
0.174542
0.043336
0.082116
0.061255
-0.043192
-0.095470
-0.106355
-0.125129
-0.131855
0.000070
0.014024
-0.001452
-0.012584
0.034501
0.033259
-0.022420
-0.073560
-0.073595
-0.012417
-0.026521
-0.063932
-0.073805
-0.056106
-0.053556
-0.030275
-0.025612
-0.036838
-0.030696
-0.022610
-0.015941
-0.020301
-0.013752
-0.017005
-0.036190
-0.047694
-0.047954
-0.045443
-0.028819
0.011969
0.002184
-0.029254
-0.019810
-0.036692
-0.059947
-0.021748
0.062947
-0.008093
-0.084079
-0.097408
-0.167502
-0.192966
0.117589
0.266364
0.007601
0.029360
-0.090594
-0.169902
-0.054056
0.029528
-0.055762
-0.222882
-0.101529
0.275246
0.317529
-0.004203
-0.058261
0.262163
0.158832
-0.127283
0.168792
0.082845
0.042408
0.676231
0.471918
-0.230089
0.189195
0.192258
-0.301161
0.182693
-0.150306
-0.681055
-0.197603
-0.329998
-0.283146
-0.012600
-0.170500
-0.086844
0.331786
0.137859
0.000485
0.251670
-0.019973
-0.031313
0.049224
0.131967
0.214508
0.163133
0.090401
0.114147
0.066024
-0.063343
0.093409
0.012822
-0.168097
-0.107776
-0.073147
-0.134435
-0.144963
-0.113424
-0.113239
0.017314
-0.014840
-0.071557
-0.015356
-0.030374
0.009494
0.019808
-0.015261
-0.038456
-0.000717
-0.031982
-0.006757
0.010779
-0.007836
-0.001569
-0.017431
0.010243
0.003054
-0.022339
-0.038217
-0.031583
-0.053786
-0.041175
-0.025629
-0.022353
-0.009267
-0.008943
-0.002326
-0.025389
-0.028937
-0.013142
0.022405
-0.002012
-0.069499
-0.037463
0.046078
0.031295
-0.115383
-0.148393
-0.045936
0.008892
0.088518
0.150633
-0.007744
-0.187685
-0.120954
0.035763
0.081191
-0.036828
0.116661
-0.001273
0.064024
0.380603
-0.222251
-0.216456
0.184418
-0.045024
0.005003
0.133319
0.083929
0.201841
0.608665
0.304603
-0.250632
-0.246983
-0.172334
0.027960
0.247513
0.179847
-0.131753
0.057315
-0.230066
-0.332633
0.003576
-0.491421
-0.355678
0.249286
0.195593
0.030998
0.110162
-0.105857
-0.129575
0.009500
-0.075729
0.110915
-0.052028
-0.135600
-0.107770
-0.153778
-0.036728
-0.058460
-0.104381
-0.058329
-0.014641
-0.067444
0.030810
-0.020862
-0.030099
0.070597
0.009555
0.055216
-0.005245
-0.077968
-0.035708
0.031753
0.065445
0.043683
-0.001994
0.009179
0.045703
-0.011526
0.005803
0.001592
-0.021140
-0.009629
-0.003405
0.026456
0.022507
-0.006724
0.000542
0.026249
0.013019
0.010381
0.006906
0.008563
0.023975
0.011594
0.012196
-0.009700
-0.018762
0.029207
0.055085
0.023210
-0.039329
-0.052539
-0.045672
-0.022777
0.029921
0.079278
0.069737
0.027878
-0.012268
-0.117916
-0.028043
0.115238
0.094537
0.129815
0.114404
-0.068704
-0.214462
-0.048988
0.191298
0.121227
0.083025
0.256236
0.069250
0.019865
0.173377
-0.047320
-0.112428
0.160753
0.258729
-0.096801
0.058638
0.024867
-0.696460
-0.327442
0.184345
0.014561
-0.181945
0.199785
0.193289
-0.255582
0.025576
0.047500
-0.094137
0.022104
0.053814
-0.147120
0.073386
0.014779
-0.301091
-0.007772
-0.050184
-0.059403
0.101345
0.085449
0.134986
0.095272
0.052916
0.001437
0.012201
-0.109437
-0.129255
-0.137836
-0.079031
0.002051
-0.097293
0.024558
0.095121
0.049724
0.011697
-0.001403
-0.025227
-0.038628
-0.043725
-0.018662
0.020435
-0.025305
-0.012212
0.021519
0.011834
0.013471
-0.001958
0.018836
0.023453
-0.008902
-0.010542
0.006956
0.000571
-0.016540
-0.023575
-0.009651
0.010722
-0.003388
-0.003229
0.002136
-0.005026
-0.000440
-0.002924
-0.009362
0.007303
0.017583
-0.011108
-0.035380
-0.025491
-0.036152
-0.033064
0.017151
0.033016
-0.005496
-0.010583
-0.006513
-0.032253
-0.009527
0.003022
-0.006390
0.009383
0.012567
0.007058
0.017838
0.018130
0.005405
0.014125
0.009895
0.005055
0.009914
0.003813
0.003746
-0.000243
-0.000730
0.001874
0.005942
0.006367
0.000286
-0.003266
-0.004418
-0.001940
0.001425
0.006735
0.009282
0.006485
0.003336
-0.001017
0.000324
0.004431
0.003661
0.003064
0.003719
0.001173
0.000140
0.001956
0.006197
0.002634
0.000267
0.001917
0.000505
0.000419
0.001132
0.001266
0.000167
0.000077
-0.001104
0.000799
0.001682
0.002091
0.001613
0.000839
0.000374
0.000229
-0.000053
0.000945
0.000866
0.000558
-0.000320
-0.000151
0.000043
0.000722
0.000897
0.000737
0.000296
-0.000110
-0.000158
0.000434
0.000865
0.001127
0.000879
0.000427
0.000028
-0.000040
0.000150
0.000324
0.000305
0.000035
-0.000110
-0.000110
0.000054
0.000290
0.000078
-0.000343
-0.000496
-0.000465
-0.000149
0.000327
0.000457
-0.000001
-0.000373
-0.000584
-0.000495
-0.000133
0.000078
-0.000021
-0.000383
-0.000651
-0.000602
-0.000395
-0.000102
0.000045
-0.000213
-0.000323
-0.000306
-0.000285
-0.000258
-0.000035
-0.000106
-0.000122