-0.143281
-0.088124
-0.026765
0.038703
0.105490
0.170318
0.229781
0.280797
0.321028
0.349153
0.364937
0.369095
0.363012
0.348423
0.327158
0.301021
0.271793
0.241317
0.211571
0.184651
0.162613
0.147191
0.139478
0.139659
0.146900
0.159454
0.174948
0.190794
0.204596
0.214454
0.219089
0.217795
0.210261
0.196383
0.176140
0.149598
0.117037
0.079142
0.037158
-0.007082
-0.051292
-0.093026
-0.130051
-0.160682
-0.183995
-0.199844
-0.208700
-0.211369
-0.208713
-0.201456
-0.190143
-0.175261
-0.157431
-0.137606
-0.117151
-0.097769
-0.081279
-0.069309
-0.063004
-0.062859
-0.068720
-0.079949
-0.095686
-0.115110
-0.137589
-0.162688
-0.190017
-0.219006
-0.248701
-0.277678
-0.304135
-0.326137
-0.341964
-0.350433
-0.351102
-0.344303
-0.330983
-0.312442
-0.290052
-0.265062
-0.238538
-0.211442
-0.184787
-0.159769
-0.137791
-0.120331
-0.108675
-0.103586
-0.105015
-0.111968
-0.122573
-0.134343
-0.144568
-0.150708
-0.150707
-0.143130
-0.127146
-0.102387
-0.068798
-0.026546
0.023949
0.081872
0.145830
0.213725
0.282767
0.349675
0.411041
0.463782
0.505556
0.535042
0.552004
0.557156
0.551881
0.537912
0.517082
0.491193
0.462024
0.431419
0.401357
0.373934
0.351206
0.334908
0.326133
0.325068
0.330880
0.341824
0.355528
0.369406
0.381063
0.388602
0.390747
0.386792
0.376431
0.359563
0.336168
0.306315
0.270290
0.228780
0.183032
0.134885
0.086627
0.040709
-0.000631
-0.035706
-0.063585
-0.084120
-0.097775
-0.105353
-0.107712
-0.105567
-0.099463
-0.089878
-0.077431
-0.063066
-0.048145
-0.034366
-0.023541
-0.017293
-0.016761
-0.022435
-0.034155
-0.051277
-0.072936
-0.098303
-0.126742
-0.157812
-0.191117
-0.226081
-0.261743
-0.296676
-0.329068
-0.356982
-0.378691
-0.393004
-0.399477
-0.398432
-0.390814
-0.377915
-0.361104
-0.341622
-0.320530
-0.298785
-0.277396
-0.257552
-0.240650
-0.228166
-0.221380
-0.221049
-0.227120
-0.238595
-0.253597
-0.269635
-0.283993
-0.294130
-0.297983
-0.294116
-0.281692
-0.260342
-0.230005
-0.190845
0.689080
0.644699
0.589453
0.527504
0.462314
0.396769
0.333527
0.275379
0.225361
0.186517
0.161335
0.151042
0.155022
0.170602
0.193332
0.217729
0.238271
0.250367
0.251014
0.238981
0.214529
0.178818
0.133275
0.079169
0.017548
-0.050483
-0.123280
-0.198244
-0.271698
-0.339165
-0.396046
-0.438465
-0.464048
-0.472346
-0.464780
-0.444124
-0.413712
-0.376643
-0.335259
-0.291035
-0.244889
-0.197735
-0.151019
-0.107003
-0.068641
-0.039069
-0.020893
-0.015526
-0.022825
-0.041174
-0.067978
-0.100400
-0.136066
-0.173488
-0.212067
-0.251686
-0.292086
-0.332274
-0.370235
-0.403068
-0.427544
-0.440885
-0.441506
-0.429450
-0.406373
-0.375084
-0.338823
-0.300525
-0.262337
-0.225533
-0.190802
-0.158764
-0.130442
-0.107465
-0.091865
-0.085512
-0.089363
-0.102809
-0.123370
-0.146887
-0.168175
-0.181956
-0.183788
-0.170712
-0.141464
-0.096237
-0.036160
0.037258
0.122483
0.217963
0.321811
0.431333
0.542643
0.650607
0.749239
0.832482
0.895205
0.934095
0.948195
0.938924
0.909589
0.864574
0.808476
0.745459
0.678986
0.611944
0.546993
0.486926
0.434779
0.393600
0.365878
0.352844
0.353883
0.366326
0.385726
0.406603
0.423439
0.431646
0.428225
0.411950
0.383084
0.342793
0.292508
0.233504
0.166832
0.093603
0.015465
-0.064977
-0.144039
-0.217242
-0.279978
-0.328367
-0.360028
-0.374507
-0.373219
-0.358932
-0.334971
-0.304433
-0.269650
-0.232092
-0.192670
-0.152291
-0.112396
-0.075239
-0.043767
-0.021109
-0.009866
-0.011441
-0.025688
-0.050981
-0.084720
-0.124060
-0.166620
-0.210907
-0.256313
-0.302716
-0.349850
-0.396715
-0.441288
-0.480665
-0.511607
-0.531332
-0.538247
-0.532389
-0.515409
-0.490110
-0.459725
-0.427183
-0.394627
-0.363324
-0.333958
-0.307144
-0.283900
-0.265848
-0.255018
-0.253274
-0.261568
-0.279287
-0.303947
-0.331384
-0.356411
-0.373745
-0.378940
-0.369036
-0.342763
-0.300312
-0.242810
-0.171764
-0.088704
0.004819
0.106921
0.214909
0.324898
0.431757
0.529499
0.612069
0.674337
0.712989
0.727070
0.717997