0.089977
0.034182
-0.014139
-0.026754
0.010807
0.093695
0.199550
0.297007
0.357644
0.366797
0.329134
0.266836
0.211093
0.190167
0.218561
0.291463
0.386550
0.472503
0.520942
0.517253
0.466154
0.389878
0.319673
0.283856
0.296990
0.354321
0.433590
0.503539
0.535852
0.515978
0.448698
0.356311
0.270128
0.218527
0.216136
0.258261
0.322703
0.378262
0.396679
0.363459
0.283436
0.178957
0.081382
0.019134
0.006883
0.039973
0.096243
0.144523
0.156583
0.117954
0.033491
-0.074442
-0.174471
-0.238162
-0.250842
-0.217163
-0.159290
-0.108398
-0.092727
-0.126763
-0.205666
-0.307095
-0.399702
-0.455083
-0.458596
-0.414931
-0.346291
-0.283894
-0.256025
-0.277218
-0.342686
-0.430137
-0.508282
-0.548772
-0.537025
-0.477789
-0.393331
-0.314930
-0.270935
-0.275943
-0.325230
-0.396571
-0.458737
-0.483444
-0.456171
-0.381729
-0.282443
-0.189653
-0.131763
-0.123424
-0.159968
-0.219217
-0.269991
-0.284051
-0.246918
-0.163441
-0.055983
0.044087
0.108333
0.122081
0.089977
0.034182
-0.014139
-0.026754
0.010807
0.093695
0.199550
0.297007
0.357644
0.366797
0.329134
0.266836
0.211093
0.190167
0.218561
0.291463
0.386550
0.472503
0.520942
0.517253
0.466154
0.389878
0.319673
0.283856
0.296990
0.354321
0.433590
0.503539
0.535852
0.515978
0.448698
0.356311
0.270128
0.218527
0.216136
0.258261
0.322703
0.378262
0.396679
0.363459
0.283436
0.178957
0.081382
0.019134
0.006883
0.039973
0.096243
0.144523
0.156583
0.117954
0.033491
-0.074442
-0.174471
-0.238162
-0.250842
-0.217163
-0.159290
-0.108398
-0.092727
-0.126763
-0.205666
-0.307095
-0.399702
-0.455083
-0.458596
-0.414931
-0.346291
-0.283894
-0.256025
-0.277218
-0.342686
-0.430137
-0.508282
-0.548772
-0.537025
-0.477789
-0.393331
-0.314930
-0.270935
-0.275943
-0.325230
-0.396571
-0.458737
-0.483444
-0.456171
-0.381729
-0.282443
-0.189653
-0.131763
-0.123424
-0.159968
-0.219217
-0.269991
-0.284051
-0.246918
-0.163441
-0.055983
0.044087
0.108333
0.122081
1.009521
1.017761
0.859526
0.593243
0.317740
0.134509
0.108955
0.245429
0.485590
0.730714
0.879427
0.866462
0.687620
0.401408
0.106734
-0.094836
-0.137824
-0.017810
0.206930
0.437732
0.573281
0.548359
0.358815
0.063200
-0.239544
-0.447816
-0.496113
-0.379994
-0.157720
0.072055
0.208019
0.184956
-0.001296
-0.292198
-0.588826
-0.789604
-0.829058
-0.702783
-0.469077
-0.226643
-0.076840
-0.084940
-0.255164
-0.529037
-0.807700
-0.989649
-1.009486
-0.862880
-0.608213
-0.344268
-0.172489
-0.158238
-0.305820
-0.556851
-0.812562
-0.971541
-0.968478
-0.799135
-0.521983
-0.235891
-0.042396
-0.006939
-0.133914
-0.365016
-0.601556
-0.742196
-0.721699
-0.535896
-0.243323
0.057090
0.263751
0.311164
0.194890
-0.026808
-0.255279
-0.389216
-0.363410
-0.173712
0.121328
0.422767
0.629012
0.674567
0.555002
0.328591
0.094004
-0.047428
-0.030465
0.149077
0.432685
0.721465
0.913871
0.944463
0.808870
0.565429
0.312878
0.152618
0.149963
0.309174
0.571821
0.839090
1.009521
1.017761
0.859526
0.593243
0.317740
0.134509
0.108955
0.245429
0.485590
0.730714
0.879427
0.866462
0.687620
0.401408
0.106734
-0.094836
-0.137824
-0.017810
0.206930
0.437732
0.573281
0.548359
0.358815
0.063200
-0.239544
-0.447816
-0.496113
-0.379994
-0.157720
0.072055
0.208019
0.184956
-0.001296
-0.292198
-0.588826
-0.789604
-0.829058
-0.702783
-0.469077
-0.226643
-0.076840
-0.084940
-0.255164
-0.529037
-0.807700
-0.989649
-1.009486
-0.862880
-0.608213
-0.344268
-0.172489
-0.158238
-0.305820
-0.556851
-0.812562
-0.971541
-0.968478
-0.799135
-0.521983
-0.235891
-0.042396
-0.006939
-0.133914
-0.365016
-0.601556
-0.742196
-0.721699
-0.535896
-0.243323
0.057090
0.263751
0.311164
0.194890
-0.026808
-0.255279
-0.389216
-0.363410
-0.173712
0.121328
0.422767
0.629012
0.674567
0.555002
0.328591
0.094004
-0.047428
-0.030465
0.149077
0.432685
0.721465
0.913871
0.944463
0.808870
0.565429
0.312878
0.152618
0.149963
0.309174
0.571821
0.839090