-0.030048
-0.018427
-0.013984
-0.011738
-0.024311
-0.004712
0.009864
0.020087
0.046270
-0.000359
-0.001116
-0.000146
0.020715
0.041958
-0.021936
-0.016091
0.004167
-0.011656
0.058616
0.108022
0.078747
-0.018317
-0.048246
-0.104441
-0.086041
-0.053147
0.005880
0.041242
0.062550
0.104991
0.025405
0.083192
-0.169162
-0.239546
-0.100490
-0.066779
0.105803
0.133116
-0.003560
0.006078
-0.075936
-0.353525
-0.083243
-0.007743
-0.295971
0.096681
0.074903
0.025108
0.131775
0.007806
0.135380
0.018195
-0.258487
-0.049931
0.132851
0.108883
0.209406
0.125200
0.094053
0.142626
0.019360
-0.081620
0.061209
-0.037488
-0.056726
-0.037974
-0.108912
-0.065845
-0.062704
-0.040063
0.055898
0.042008
0.011529
0.050393
0.023434
-0.001384
-0.004738
-0.044383
-0.027562
0.018071
0.025638
0.044839
0.037785
0.019500
0.041402
0.034414
-0.007405
0.013219
0.014838
0.019698
0.021540
0.008142
0.018952
0.038372
0.031393
0.012453
0.009991
-0.003682
-0.011349
-0.004319
-0.009354
-0.000644
-0.004212
-0.010948
0.011759
0.003333
-0.000794
0.003722
-0.015075
-0.006494
0.004027
0.005920
0.054822
0.019636
0.014472
0.005376
-0.019266
-0.005653
-0.035409
0.024841
0.089540
0.044709
0.008382
-0.006880
0.034131
0.024462
-0.006489
-0.020826
-0.013034
0.060752
-0.012925
0.190830
0.056388
-0.259280
-0.125947
-0.232215
-0.171899
0.103717
0.144214
0.132428
0.078538
-0.041450
0.045846
-0.001060
-0.289621
-0.097082
-0.082657
-0.204197
0.245667
0.404768
0.232057
0.186929
0.055183
0.200179
0.109997
-0.153999
-0.100052
-0.055944
-0.055106
-0.017631
0.039726
-0.088957
-0.037154
-0.023594
0.020185
0.059160
-0.109392
0.058050
0.046616
-0.074597
-0.040776
-0.005003
-0.028053
-0.018388
0.005182
-0.038393
0.027796
-0.015389
-0.034429
0.006283
-0.043742
-0.039153
0.006275
0.010977
-0.011744
0.006484
0.002182
0.010576
0.003428
-0.017531
-0.011173
-0.036527
-0.028433
-0.010251
-0.018873
-0.032084
-0.030445
-0.022995
-0.018500
-0.021758
-0.031064
-0.018431
-0.016524
-0.006261
-0.007288
-0.018595
-0.033165
-0.036162
-0.008482
-0.029553
0.001569
0.004050
-0.033554
-0.012870
-0.020714
0.014582
0.005021
-0.044665
0.035348
0.034398
0.030134
0.031841
0.038337
0.080738
0.039597
0.085755
0.119330
0.015527
-0.111495
-0.119565
-0.044456
-0.010494
-0.015387
-0.106014
-0.113889
-0.187449
-0.110826
0.064764
0.060276
0.108141
-0.125535
-0.065631
-0.057338
-0.114686
-0.048588
-0.265070
-0.015751
-0.060144
-0.146875
-0.055415
0.123426
0.206147
0.159818
0.318612
0.101196
0.096132
0.056193
0.126836
0.107664
0.000718
-0.031546
-0.101682
0.019502
-0.001554
0.045487
0.066709
0.066755
0.060628
-0.026015
-0.079336
-0.089365
-0.043487
-0.079518
-0.060942
-0.022479
-0.004966
0.034342
0.024389
0.026102
-0.010434
0.005256
0.001411
-0.013711
-0.000384
0.003414
0.004270
0.008927
0.024994
0.028236
0.035474
0.031881
0.016943
0.012713
-0.001291
-0.012843
-0.012491
-0.004672
-0.002352
-0.014354
-0.020399
-0.015738
0.007095
-0.004772
-0.002565
0.003608
-0.011748
-0.019293
-0.028595
-0.024331
-0.009408
-0.027459
-0.004210
0.014740
-0.052917
-0.020377
0.001752
-0.067018
-0.060102
0.006816
-0.060384
0.015774
0.025750
-0.115180
0.022841
-0.109264
0.012760
0.065573
-0.225400
-0.139750
-0.007798
-0.045741
0.124392
0.267162
-0.019128
0.018408
-0.161015
-0.138871
0.013499
-0.177704
-0.094746
0.058658
-0.018871
-0.151885
-0.130313
-0.061183
-0.037538
-0.044812
0.129491
0.190636
0.034058
0.029778
0.044520
-0.084926
-0.023161
-0.121059
0.027849
0.126583
-0.064177
0.086278
0.104950
-0.009376
0.013080
0.070174
0.038117
0.055003
-0.009984
-0.012795
0.071792
0.038346
0.086943
0.054268
0.032702
0.060277
0.033337
0.037469
0.007340
-0.017037
-0.013326
0.026041
0.000589
0.020796
0.047494
0.033254
0.042585
0.029686
0.031870
0.022485
0.021826
0.012729
0.021897
0.020457
0.011023
0.023221
0.023350
0.024019
0.031843
0.024923
0.019216
0.020098
0.017100
0.001623
0.008070
0.014145
0.021086
0.018470
-0.006645
0.018452
0.016652
0.002367
-0.005005
-0.013814
-0.008006
-0.001461
0.001319
0.043326
0.006876
-0.029110
0.055925
-0.051619
-0.084578
-0.027646
-0.165027
0.029540
0.146991
0.076626
0.276049
0.026676
-0.126353
0.065459
-0.192277
0.021091
0.175158
0.125573
0.326971
0.191279
0.098441
-0.056269
-0.185817
-0.040052
0.099361
-0.038962
0.056375
-0.020874
-0.123208
0.007786
0.023650
0.040205
-0.190850
0.003812
0.032495
-0.018285
0.127092
-0.103461
0.155645
0.066842
-0.116977
-0.014466
-0.103770
-0.059348
0.023684
-0.016762
-0.023323
-0.050168
-0.162921
0.031539
0.040759
-0.079606
-0.025667
-0.067183
-0.036405
0.011850
-0.080876
0.018009
0.025350
-0.054934
0.010496
-0.004860
-0.020694
0.018916
-0.029693
-0.035211
-0.023091
-0.052728
-0.020903
-0.020403
-0.032076
-0.022268
-0.021518
-0.016583
-0.014117
-0.014368
-0.022607
-0.031289
-0.031911
-0.030320
-0.022020
-0.023644
-0.016213
-0.004388
-0.000958
-0.016015
-0.024493
-0.034499
-0.023285
-0.003711
0.003511
0.016856
-0.004075
-0.002567
-0.014884
-0.039379
-0.005542
0.004013
-0.001192
0.021772
0.027270
0.028444
0.015187
0.032972
0.018940
0.103996
-0.015559
-0.054399
-0.014908
-0.142743
0.130898
0.094269
0.054329
0.099624
-0.018854
-0.012990
-0.065479
-0.180026
-0.216951
-0.102288
-0.017359
0.059404
0.084586
-0.022569
-0.087804
-0.124302
-0.138250
-0.248682
-0.284819
-0.180531
-0.021842
0.168711
0.082032
0.074635
0.176860
0.092919
0.080999
-0.011267
-0.203158
-0.036434
-0.022455
0.077529
0.267975
0.121930
0.132428
0.128370
0.062841
0.100358
0.003492
-0.038553
-0.003327
-0.026937
-0.004085
0.006303
-0.052135
-0.035811
-0.003496
-0.012246
-0.010353
-0.015595
-0.010100
-0.021076
-0.025860
-0.014819
0.006363
0.034584
0.051880
0.048296
0.061438
0.050530
0.032317
0.031192
0.003926
0.006195
0.017670
0.020108
0.032182
0.026753
0.028881
0.035340
0.025605
0.023395
0.013744
-0.000218
0.003997
0.003093
0.005389
0.002568
-0.003197
0.002262
-0.007248
-0.000551
0.001881
0.029277
-0.015674
-0.031845
-0.042212
-0.046359
0.028333
0.013309
0.065408
0.001759
-0.058389
-0.052006
0.007479
0.083146
0.075742
0.080713
-0.021874
-0.096099
0.010751
-0.027108
-0.045705
0.129461
0.051504
0.055215
0.017339
-0.117480
-0.082376
-0.138916
-0.192647
0.157558
0.128930
-0.068914
0.190373
-0.206870
0.053713
0.162515
-0.232960
0.083503
0.013615
-0.073224
0.069759
0.257483
-0.010361
-0.034729
0.007723
0.005817
0.262883
0.068059
0.067465
0.096472
0.063500
0.072399
0.028665
-0.072058
-0.125610
-0.075795
-0.074974
-0.039199
-0.059761
0.014985
0.097269
0.031948
-0.009655
0.034149
-0.008406
-0.053515
-0.047122
-0.091585
-0.048725
-0.010673
-0.028213
0.009422
0.014682
0.000670
0.015815
-0.002610
-0.018130
-0.014367
-0.025636
-0.025843
-0.018657
-0.018986
-0.016577
-0.013406
-0.015746
0.002254
-0.004748
-0.032560
-0.041430
-0.038830
-0.033602
-0.039448
-0.039607
-0.037546
-0.027399
-0.023229
-0.026098
-0.022594
-0.006769
-0.026493
-0.035020
-0.038988
-0.064388
-0.033458
-0.008652
-0.007201
-0.006599
-0.058788
-0.113692
-0.063009
-0.100030
0.071779
0.110649
-0.015310
0.009473
-0.095366
-0.067153
-0.044620
-0.003861
-0.040834
-0.144981
-0.012554
0.169960
0.058057
0.071226
0.023094
0.027821
0.103512
-0.008614
0.045040
0.164144
0.075934
0.237836
0.415100
-0.075493
0.017260
0.158767
-0.121004
0.099038
-0.105199
-0.408335
-0.206116
-0.138559
-0.124139
-0.105043
-0.061444
-0.034729
0.181128
0.099188
0.016917
0.081667
-0.020799
-0.002805
0.039710
0.094015
0.084899
0.119706
0.085412
0.098388
0.046735
0.005719
0.043745
0.003826
-0.053967
-0.033788
-0.010024
-0.064228
-0.023669
-0.015355
-0.006226
0.007875
-0.043330
-0.008963
-0.013360
-0.083138
-0.069726
-0.040907
-0.047208
-0.048924
-0.045873
-0.032900
0.007529
-0.010243
-0.015583
-0.003484
-0.018368
-0.008094
0.007437
-0.011751
-0.011441
0.000961
-0.010303
-0.002809
-0.012454
-0.009112
-0.002350
-0.004657
-0.025751
-0.024663
-0.021102
-0.021709
0.001053
-0.026612
-0.027600
-0.008514
-0.012929
-0.008715
-0.075506
-0.082916
-0.019707
-0.026080
0.070312
0.073895
-0.088741
-0.049019
-0.096633
0.003390
0.117967
-0.114541
0.086757
0.033590
-0.003551
0.164930
-0.109975
-0.054913
0.011964
-0.002414
0.048634
0.044718
0.149258
0.135384
0.253605
0.199615
-0.096142
-0.196232
0.018511
0.036504
0.143078
0.198403
-0.177812
-0.043010
-0.090182
-0.158308
-0.068315
-0.267253
-0.183244
0.163545
0.107929
-0.025495
0.044136
-0.091533
-0.028174
-0.018105
0.000681
0.075966
-0.098782
-0.071077
-0.042774
-0.082487
-0.075468
-0.060460
-0.069275
0.011835
0.012951
-0.030310
0.044148
0.003517
-0.009135
0.021183
-0.002183
0.001009
0.008042
-0.005558
-0.006468
-0.005934
-0.014582
-0.008596
-0.016773
-0.039422
-0.023627
-0.007682
-0.011055
-0.013262
-0.012213
-0.008714
-0.000914
0.000074
0.000691
-0.003261
-0.010880
-0.007142
-0.007774
-0.007004
-0.005471
-0.003268
0.003477
-0.000578
0.000493
-0.012112
-0.003906
0.024172
0.028656
0.011502
-0.009241
-0.022988
-0.017992
0.011451
0.023024
0.065729
0.041036
-0.001072
0.006822
-0.042612
0.016465
0.061113
0.063313
0.094476
0.013883
-0.067804
-0.063571
-0.007296
0.108070
0.084235
0.067434
0.129519
0.040691
0.070353
0.035635
0.048224
0.017750
0.009016
0.179357
-0.017242
0.009741
-0.104483
-0.315387
-0.096833
-0.014034
0.057088
-0.080591
0.071780
0.106152
-0.121919
-0.021330
0.103020
-0.062154
-0.091268
0.098599
-0.051341
0.007030
-0.050875
-0.129675
0.003908
-0.053975
-0.043404
0.072129
0.097176
0.088771
0.060822
0.024907
0.025788
-0.003207
-0.073623
-0.036616
-0.066143
-0.038826
-0.013650
-0.046760
-0.000850
0.002941
-0.010076
-0.004187
-0.018465
-0.039477
-0.016689
-0.020408
-0.033547
-0.011973
-0.005047
-0.011918
-0.003248
0.001843
0.004610
-0.000499
-0.007605
-0.014215
-0.008895
-0.010752
-0.007759
-0.003230
-0.002030
0.012508
0.012397
0.007542
0.008792
0.008219
-0.002616
-0.011816
-0.010785
-0.007319
0.000187
-0.000301
0.003280
-0.000290
-0.012715
-0.015664
-0.018589
-0.014484
-0.001565
0.010736
-0.009975
-0.016051
-0.005474
-0.014459
-0.005893
0.001465
-0.002346
0.000657
0.004592
0.003435
0.008599
0.007020
0.003775
0.008045
0.005414
0.004376
0.004721
0.004201
0.003610
0.002184
0.001032
0.002546
0.002879
0.004470
0.005574
0.001044
-0.001860
-0.001631
-0.002213
-0.000328
0.001015
-0.000707
0.000585
0.001338
0.000341
0.002087
0.002140
0.001332
-0.000490
0.000435
0.001063
-0.000153
0.001105
0.002110
0.002278
0.001490
0.002512
0.003212
0.004292
0.003539
0.003276
0.002156
0.002056
0.001870
0.001471
0.001053
0.001452
0.000970
0.000789
0.000506
0.000984
0.001209
0.001301
0.000977
0.000853
0.000711
0.000623
0.000629
0.000641
0.000391
0.000201
0.000189
0.000258
0.000389
0.000551
0.000684
0.000532
0.000309
0.000163
0.000083
0.000120
0.000298
0.000333
0.000227
0.000095
-0.000014
0.000029
0.000124
0.000156
0.000075
0.000034
0.000024
0.000073
0.000205
0.000224
0.000118
-0.000059
-0.000238
-0.000281
-0.000170
-0.000094
-0.000119
-0.000215
-0.000424
-0.000403
-0.000303
-0.000255
-0.000246
-0.000165
-0.000235
-0.000146
-0.016019
-0.013155
-0.016254
-0.016912
0.013784
0.011221
0.059220
0.030904
-0.012152
0.003629
-0.001213
0.055979
0.003980
-0.052816
0.007446
-0.017310
0.029168
0.126045
0.127464
-0.000328
-0.071896
-0.104133
-0.143584
-0.064810
-0.016185
0.079683
0.038951
0.148284
0.036343
0.083037
-0.069811
-0.373670
-0.156098
-0.075503
0.072616
0.225241
0.048523
-0.053706
0.012629
-0.354862
-0.346197
0.140059
-0.280234
-0.085826
0.255099
-0.018022
0.159522
0.048979
0.097213
0.125326
-0.282439
-0.216409
0.202942
0.120582
0.228730
0.257160
0.093518
0.116211
0.085257
-0.154044
-0.006952
0.044004
-0.098652
-0.007365
-0.078214
-0.093476
-0.074571
-0.068846
0.021669
0.071847
-0.011308
0.040710
0.096916
0.024339
-0.025851
-0.024294
-0.033462
-0.013471
-0.010295
0.030170
0.062542
0.051317
0.024771
0.053470
0.035954
-0.011341
0.002466
-0.000036
-0.008980
0.007935
0.020033
0.030110
0.055836
0.031575
0.007300
0.006044
-0.019124
-0.022380
-0.011816
-0.011012
0.001502
-0.017318
-0.006051
0.013363
0.004252
0.006627
-0.003960
-0.015693
0.011843
-0.001620
0.051398
0.050238
0.001157
0.018836
-0.028595
-0.001261
-0.031403
-0.012353
0.106845
0.089075
0.011151
-0.017196
0.004920
0.054033
-0.001668
-0.009732
-0.063306
0.073828
0.002003
0.114642
0.254720
-0.289997
-0.254206
-0.166257
-0.305263
0.024975
0.232100
0.193875
0.124864
-0.043396
-0.040703
0.111471
-0.277632
-0.276468
0.013058
-0.260132
0.082396
0.593072
0.326789
0.191508
0.084858
0.144309
0.210913
-0.180185
-0.177499
-0.050023
-0.052941
-0.052707
0.085743
-0.063242
-0.137121
0.004832
-0.039179
0.103980
-0.081531
-0.012070
0.143559
-0.057706
-0.085173
-0.029283
-0.025882
-0.082814
0.023329
-0.017705
-0.005340
0.070851
-0.015080
-0.027835
-0.045965
-0.042838
-0.041634
-0.030447
-0.023648
0.001494
0.039609
0.022697
0.031884
-0.002289
-0.022243
-0.030811
-0.043677
-0.042361
-0.036700
-0.024001
-0.020317
-0.023756
-0.030605
-0.013088
-0.013924
-0.029501
-0.026189
-0.004562
-0.001274
-0.015131
-0.016595
-0.057005
-0.010955
-0.012141
-0.011933
0.026640
-0.037556
-0.028281
-0.009973
-0.000394
0.033337
-0.050940
0.003372
0.071143
0.033954
0.044446
0.021477
0.087161
0.064170
0.058517
0.151048
0.073114
-0.111400
-0.182052
-0.082639
-0.016637
0.012675
-0.081949
-0.148403
-0.189290
-0.221751
0.078204
0.085221
0.139451
-0.044757
-0.183911
0.002931
-0.197401
-0.011986
-0.247588
-0.153759
0.074593
-0.178267
-0.105196
0.051332
0.324909
0.137890
0.357293
0.239462
0.029094
0.053129
0.096856
0.210790
-0.024322
-0.003226
-0.111171
-0.029207
0.012639
0.020752
0.102034
0.069780
0.090138
-0.019711
-0.096673
-0.108040
-0.072797
-0.081554
-0.098799
-0.002273
0.004928
0.036224
0.032660
0.047879
0.017082
-0.025873
0.003081
-0.009768
-0.027164
-0.020982
0.015246
-0.000593
0.009858
0.030746
0.046132
0.050184
0.022524
0.004079
-0.003565
-0.008333
-0.021558
-0.017989
-0.014290
-0.025103
-0.021848
-0.027986
-0.001098
0.007613
0.009076
0.016081
-0.005273
-0.019773
-0.037472
-0.036177
-0.010169
-0.017986
-0.032717
0.040591
-0.025071
-0.054611
0.024084
-0.042276
-0.105714
-0.001128
-0.021342
-0.056452
0.102855
-0.120893
-0.027902
-0.037805
-0.114579
0.185537
-0.168528
-0.285735
-0.020795
0.004275
0.008986
0.382185
0.093251
-0.061599
-0.076630
-0.277522
0.019992
-0.133214
-0.178855
0.061772
0.072747
-0.157212
-0.192396
-0.097753
-0.019768
-0.071466
0.086642
0.289728
0.114167
-0.035077
0.094485
-0.075055
-0.079108
-0.070642
-0.085881
0.199958
-0.025381
0.028326
0.174692
0.021082
-0.020717
0.072222
0.059844
0.052000
0.002216
-0.069008
0.083153
0.067511
0.105893
0.110490
-0.001227
0.078627
0.046033
-0.000976
0.021943
0.001065
-0.038309
0.014974
0.033472
-0.005455
0.028590
0.028143
0.052444
0.039518
0.030268
0.032448
0.037732
0.021581
-0.004267
0.012429
0.012637
0.004672
0.015973
0.030693
0.032266
0.036045
0.025399
0.009175
0.018961
0.001720
-0.003339
0.018457
0.007677
0.025503
-0.001770
0.003236
0.026785
0.011042
-0.003976
-0.011715
-0.013093
-0.008098
-0.008918
0.032737
0.048679
-0.057388
0.042176
0.027915
-0.148011
-0.015499
-0.144014
-0.112936
0.227887
0.092531
0.252088
0.235207
-0.241680
0.028856
-0.101908
-0.177567
0.267583
0.129692
0.341898
0.312925
0.111679
-0.016141
-0.257323
-0.182501
0.156234
0.026923
-0.031084
0.090848
-0.175732
-0.053264
0.015799
0.103353
-0.176151
-0.172066
0.169361
-0.106862
0.153108
-0.022818
0.025209
0.234543
-0.161104
-0.067123
-0.104477
-0.137894
0.011549
0.048520
-0.036283
-0.002690
-0.172737
-0.083160
0.093646
-0.095913
-0.073936
-0.035024
-0.076906
0.037000
-0.034895
-0.022705
0.075326
-0.056762
-0.054446
0.008769
-0.005492
0.009770
-0.007364
-0.041335
0.000122
-0.045094
-0.049882
-0.021330
-0.035512
-0.026526
-0.018651
-0.010416
0.003048
-0.018585
-0.013739
-0.013272
-0.040380
-0.038895
-0.036357
-0.017599
-0.004059
-0.015658
-0.001931
-0.002889
-0.017957
-0.030765
-0.038336
-0.010342
0.005996
0.021189
-0.000205
-0.009347
-0.008813
-0.042690
-0.020713
0.013579
-0.001591
0.018153
0.030401
0.040806
0.008980
0.028830
0.018011
0.089953
0.081947
-0.129542
0.022910
-0.176322
0.017540
0.226989
0.029589
0.123829
0.012398
-0.033971
-0.052761
-0.174233
-0.286249
-0.175101
-0.009699
0.067889
0.121338
0.012030
-0.091086
-0.141557
-0.156594
-0.235704
-0.359354
-0.224009
-0.075974
0.192980
0.184210
0.048860
0.200856
0.149672
0.049780
0.071368
-0.219987
-0.146418
0.040485
0.011851
0.325393
0.241671
0.085525
0.156486
0.056719
0.079150
0.057912
-0.049300
0.001162
0.000451
-0.029754
0.019284
-0.038021
-0.098445
-0.034792
-0.007132
0.011821
0.007232
0.008991
-0.014121
-0.023354
-0.010071
-0.026968
-0.006465
0.038915
0.051453
0.072143
0.085429
0.049900
0.048465
0.024453
-0.010795
0.004437
-0.005887
-0.005287
0.020486
0.023226
0.039276
0.046783
0.029383
0.025454
0.004004
-0.013560
-0.003887
-0.007469
-0.006800
-0.004244
0.007024
-0.006510
0.000827
0.003058
0.029594
0.016638
-0.053414
-0.034892
-0.082649
0.023338
0.032587
0.060665
0.057226
-0.068880
-0.069489
-0.029545
0.098069
0.099352
0.105128
0.038042
-0.137692
-0.059135
0.039263
-0.099309
0.096654
0.140542
0.034642
0.068210
-0.125486
-0.141870
-0.110409
-0.256146
0.029366
0.344528
-0.142908
0.176717
-0.027061
-0.274167
0.367194
-0.185995
-0.080515
0.121723
-0.075013
-0.025905
0.299516
0.164755
-0.183146
0.039727
-0.038908
0.257090
0.163549
0.011089
0.148164
0.063794
0.076426
0.045984
-0.046773
-0.179156
-0.114976
-0.104832
-0.057913
-0.017831
-0.031906
0.108253
0.107964
-0.029722
-0.006938
0.016509
-0.087913
-0.070650
-0.056066
-0.090492
-0.005310
0.018757
-0.032220
0.003952
0.025089
-0.005158
-0.008159
-0.021962
-0.022874
-0.004387
-0.028202
-0.034963
-0.027532
-0.030182
-0.019699
0.000614
-0.005403
-0.007201
-0.005004
-0.035105
-0.045599
-0.043922
-0.050730
-0.039547
-0.043714
-0.045781
-0.030035
-0.013192
-0.018956
0.005160
-0.003019
-0.044010
-0.026583
-0.065772
-0.061466
-0.016691
-0.001857
0.001585
-0.024917
-0.138575
-0.083575
-0.093972
-0.016387
0.218054
0.009772
-0.006417
-0.084662
-0.113973
-0.055560
-0.015491
0.014157
-0.144965
-0.129512
0.207431
0.155291
0.030019
0.072581
-0.019040
0.133064
0.037129
-0.022363
0.170182
0.156292
0.118701
0.565608
0.110255
-0.260565
0.260834
-0.051909
-0.072118
0.070374
-0.437618
-0.371470
-0.154545
-0.110811
-0.142862
-0.081052
-0.040866
0.134470
0.198872
-0.001886
0.135329
-0.005956
-0.042045
0.029010
0.110248
0.100328
0.117876
0.107161
0.088261
0.098887
-0.020612
0.043411
0.038332
-0.094686
-0.086020
0.027132
-0.088093
-0.087980
0.012608
-0.020172
0.029527
0.002707
-0.058824
-0.000464
-0.045205
-0.097087
-0.045185
-0.059071
-0.082933
-0.031276
-0.047945
-0.017041
0.021971
-0.014496
0.006740
0.009651
-0.015732
-0.007117
0.004878
-0.024680
-0.007122
-0.010878
-0.012161
0.005732
-0.001756
-0.008996
-0.001476
-0.010303
-0.045600
-0.028636
-0.026186
-0.003190
-0.013686
-0.044964
-0.011620
-0.008698
0.000525
-0.051974
-0.123392
-0.032327
-0.017067
0.037032
0.144939
-0.061319
-0.110314
-0.068105
-0.101454
0.197958
-0.064246
-0.036582
0.178297
-0.093281
0.189140
0.007732
-0.186871
0.021531
0.002584
0.070991
0.016650
0.147175
0.181733
0.225439
0.329045
-0.006622
-0.336930
-0.100451
0.134061
0.047969
0.324317
-0.082524
-0.192105
-0.017766
-0.239138
-0.085594
-0.221735
-0.323942
0.093203
0.263290
-0.020616
0.040141
-0.055882
-0.121577
0.005506
-0.051182
0.127674
-0.046048
-0.163063
-0.004738
-0.061025
-0.122254
-0.047507
-0.075348
-0.072050
0.050620
-0.021508
0.021702
0.044014
-0.006790
0.029118
0.028224
0.005974
-0.023459
-0.028622
0.003073
0.019869
0.014772
-0.010020
-0.017319
-0.018415
-0.032340
-0.043265
-0.012380
-0.010851
-0.015505
0.010147
0.012125
0.012162
0.003905
-0.003489
-0.003220
-0.005732
-0.016423
-0.002284
0.002998
-0.008853
0.006489
-0.005507
-0.004003
-0.008849
-0.018939
0.022623
0.041419
0.022379
-0.008557
-0.029083
-0.037822
0.004440
0.022733
0.061953
0.082845
-0.008861
0.002085
-0.044221
-0.037143
0.078644
0.074653
0.110826
0.060996
-0.075094
-0.097914
-0.051268
0.092454
0.158251
0.047885
0.148498
0.086687
0.036605
0.060949
0.023321
0.061600
-0.065928
0.196074
0.105034
-0.101498
-0.001442
-0.363719
-0.234020
-0.023650
0.113100
-0.029747
-0.067358
0.232551
-0.082497
-0.164042
0.123820
0.075786
-0.232849
0.095768
0.065533
-0.093842
-0.005046
-0.139675
-0.029992
-0.037023
-0.073141
0.064506
0.100065
0.108160
0.080267
0.032801
0.029690
0.021081
-0.093492
-0.069652
-0.036831
-0.083725
0.000350
-0.039757
-0.013528
0.040970
-0.004161
-0.035101
-0.008154
-0.042860
-0.058455
-0.014796
-0.001243
-0.015263
-0.012402
0.010815
0.003487
-0.010410
0.000216
0.003822
0.006019
-0.007961
-0.017288
-0.007885
-0.011427
-0.014875
-0.009476
0.000638
0.013995
0.023807
0.013208
0.014451
0.007377
-0.013445
-0.014792
-0.014746
-0.010503
-0.003607
0.000881
0.002935
-0.010506
-0.020742
-0.020629
-0.013877
-0.007290
0.016208
0.003051
-0.026816
-0.007722
-0.014917
-0.015844
0.004350
0.005558
-0.000824
0.005483
0.009047
0.008576
0.009717
0.002465
0.007147
0.006966
0.003621
0.008105
0.005723
0.006597
0.004961
0.000141
0.002776
0.004033
0.002488
0.003937
0.004055
-0.000824
-0.000839
-0.000335
-0.000777
0.002270
0.001473
-0.001122
-0.001602
0.000784
0.001786
0.002362
0.004032
0.001087
-0.001011
-0.001518
-0.000173
0.001232
0.001173
0.002227
0.003255
0.003156
0.002801
0.004018
0.003332
0.002801
0.001923
0.001186
0.001454
0.002293
0.001791
0.001468
0.001003
0.000487
0.000266
0.000577
0.000878
0.001303
0.001091
0.000698
0.000584
0.000557
0.000681
0.000903
0.000788
0.000434
0.000144
-0.000000
0.000224
0.000529
0.000819
0.000823
0.000484
0.000187
0.000084
0.000166
0.000320
0.000456
0.000255
0.000018
-0.000048
0.000050
0.000234
0.000310
0.000144
-0.000047
-0.000156
-0.000070
0.000172
0.000347
0.000224
-0.000007
-0.000180
-0.000384
-0.000291
-0.000156
-0.000176
-0.000277
-0.000433
-0.000586
-0.000541
-0.000300
-0.000245
-0.000223
-0.000248
-0.000278
-0.000249
-0.000103