0.505829
0.517490
0.513677
0.496861
0.469698
0.434632
0.393790
0.349154
0.302853
0.257403
0.215729
0.180879
0.155502
0.141247
0.138282
0.145139
0.158941
0.175976
0.192445
0.205149
0.211930
0.211748
0.204426
0.190213
0.169358
0.141888
0.107667
0.066725
0.019677
-0.031929
-0.085538
-0.137846
-0.185345
-0.224993
-0.254787
-0.274057
-0.283386
-0.284201
-0.278197
-0.266797
-0.250857
-0.230690
-0.206396
-0.178331
-0.147515
-0.115807
-0.085741
-0.060075
-0.041212
-0.030679
-0.028876
-0.035156
-0.048214
-0.066622
-0.089300
-0.115755
-0.145979
-0.180077
-0.217754
-0.257894
-0.298405
-0.336412
-0.368766
-0.392696
-0.406393
-0.409338
-0.402266
-0.386804
-0.364941
-0.338513
-0.308912
-0.277088
-0.243818
-0.210101
-0.177468
-0.148043
-0.124280
-0.108429
-0.101900
-0.104731
-0.115379
-0.130886
-0.147412
-0.160947
-0.168000
-0.166054
-0.153678
-0.130338
-0.096026
-0.050904
0.004853
0.070947
0.146611
0.230194
0.318855
0.408561
0.494445
0.571470
0.635223
0.682614
0.712273
0.724550
0.721149
0.704540
0.677379
0.642110
0.600861
0.555613
0.508496
0.462028
0.419133
0.382861
0.355864
0.339791
0.334812
0.339461
0.350862
0.365308
0.379001
0.388744
0.392384
0.388882
0.378065
0.360187
0.335499
0.304030
0.265653
0.220396
0.168884
0.112665
0.054301
-0.002900
-0.055425
-0.100227
-0.135299
-0.159964
-0.174801
-0.181232
-0.180944
-0.175358
-0.165320
-0.151141
-0.132913
-0.110986
-0.086375
-0.060933
-0.037186
-0.017887
-0.005433
-0.001345
-0.006015
-0.018791
-0.038361
-0.063290
-0.092494
-0.125470
-0.162207
-0.202801
-0.246952
-0.293537
-0.340457
-0.384833
-0.423507
-0.453703
-0.473607
-0.482692
-0.481688
-0.472215
-0.456257
-0.435644
-0.411762
-0.385555
-0.357795
-0.329477
-0.302124
-0.277855
-0.259121
-0.248167
-0.246395
-0.253842
-0.268958
-0.288782
-0.309468
-0.327004
-0.337895
-0.339618
-0.330740
-0.310723
-0.279557
-0.237399
-0.184422
-0.120922
-0.047661
0.033709
0.120352
0.208235
0.292495
0.368094
0.430623
0.476990
0.505829
0.517490
0.513677
0.496861
0.469698
0.434632
0.393790
0.349154
0.302853
0.257403
0.215729
0.180879
0.155502
0.141247
0.138282
0.145139
0.158941
0.175976
0.192445
0.205149
0.211930
0.211748
0.204426
0.190213
0.169358
0.141888
0.107667
0.066725
0.019677
-0.031929
-0.085538
-0.137846
-0.185345
-0.224993
-0.254787
-0.274057
-0.283386
-0.284201
-0.278197
-0.266797
-0.250857
-0.230690
-0.206396
-0.178331
-0.147515
-0.115807
-0.085741
-0.060075
-0.041212
-0.030679
-0.028876
-0.035156
-0.048214
-0.066622
-0.089300
-0.115755
-0.145979
-0.180077
-0.217754
-0.257894
-0.298405
-0.336412
-0.368766
-0.392696
-0.406393
-0.409338
-0.402266
-0.386804
-0.364941
-0.338513
-0.308912
-0.277088
-0.243818
-0.210101
-0.177468
-0.148043
-0.124280
-0.108429
-0.101900
-0.104731
-0.115379
-0.130886
-0.147412
-0.160947
-0.168000
-0.166054
-0.153678
-0.130338
-0.096026
-0.050904
0.004853
0.070947
0.146611
0.230194
0.318855
0.408561
0.494445
0.571470
0.635223
0.682614
0.712273
0.724550
0.721149
0.704540
0.677379
0.642110
0.600861
0.555613
0.508496
0.462028
0.419133
0.382861
0.355864
0.339791
0.334812
0.339461
0.350862
0.365308
0.379001
0.388744
0.392384
0.388882
0.378065
0.360187
0.335499
0.304030
0.265653
0.220396
0.168884
0.112665
0.054301
-0.002900
-0.055425
-0.100227
-0.135299
-0.159964
-0.174801
-0.181232
-0.180944
-0.175358
-0.165320
-0.151141
-0.132913
-0.110986
-0.086375
-0.060933
-0.037186
-0.017887
-0.005433
-0.001345
-0.006015
-0.018791
-0.038361
-0.063290
-0.092494
-0.125470
-0.162207
-0.202801
-0.246952
-0.293537
-0.340457
-0.384833
-0.423507
-0.453703
-0.473607
-0.482692
-0.481688
-0.472215
-0.456257
-0.435644
-0.411762
-0.385555
-0.357795
-0.329477
-0.302124
-0.277855
-0.259121
-0.248167
-0.246395
-0.253842
-0.268958
-0.288782
-0.309468
-0.327004
-0.337895
-0.339618
-0.330740
-0.310723
-0.279557
-0.237399
-0.184422
-0.120922
-0.047661
0.033709
0.120352
0.208235
0.292495
0.368094
0.430623
0.476990