-0.015884
-0.015326
-0.016152
-0.016088
-0.016138
-0.015099
-0.015083
-0.016084
-0.015557
-0.011353
-0.006836
-0.009139
-0.011235
-0.012477
-0.013219
-0.010989
-0.009079
-0.012260
-0.014830
-0.008120
-0.001952
0.003348
0.007525
0.001706
-0.013778
-0.009193
0.020377
0.018496
-0.010357
-0.018379
-0.006837
0.015410
0.038098
0.044421
0.033067
0.013131
-0.017731
-0.040337
-0.028931
-0.008303
0.011522
0.017090
0.009336
0.025003
0.049120
0.012286
-0.062024
-0.094494
-0.071938
0.031939
0.080613
-0.015350
-0.043220
0.011558
-0.045615
-0.136073
-0.111557
-0.050374
-0.014097
-0.043362
-0.081238
-0.026161
0.026363
0.023725
-0.022444
-0.073887
-0.053358
-0.006518
0.008491
0.045766
0.081721
0.060549
0.040524
0.052223
0.052092
0.042123
0.040159
0.040216
0.033224
-0.002341
-0.038796
-0.039309
-0.008294
0.014159
0.011492
0.012834
0.020292
0.035132
0.030320
0.008486
0.000381
0.005095
0.008904
0.006492
0.005725
0.011047
0.018744
0.016124
0.012941
0.011846
0.010821
0.010725
0.009709
0.004664
0.003862
0.004945
0.004052
0.006298
0.009645
0.011328
0.009351
0.005834
0.004813
0.006341
0.008862
0.007973
0.001768
0.001279
0.005358
0.008795
0.002749
-0.006024
-0.003494
0.004097
0.003421
0.003997
0.013010
0.016838
0.005877
-0.008141
-0.006230
-0.000612
-0.001818
0.004983
0.029547
0.042672
0.005849
-0.026087
0.018200
0.053022
0.013637
-0.015370
-0.001873
0.025168
0.073391
0.070357
-0.024108
-0.076246
-0.070060
-0.068985
-0.059928
-0.014590
0.081691
0.087463
-0.037608
-0.066948
0.032364
0.027367
-0.075188
-0.129006
-0.109203
-0.003355
0.093495
0.090297
0.055033
0.059685
0.110650
0.133121
0.066414
0.003111
0.011399
0.041550
0.023156
-0.017786
-0.025421
-0.018870
-0.008983
0.001590
0.012370
0.004280
0.019705
0.038820
0.004937
-0.020911
-0.015284
-0.004890
-0.012780
-0.016208
-0.015878
-0.014978
-0.003863
-0.006627
-0.015153
-0.019792
-0.021968
-0.020456
-0.017852
-0.022987
-0.026282
-0.020381
-0.017442
-0.018777
-0.018971
-0.019644
-0.019292
-0.016339
-0.015956
-0.016171
-0.017095
-0.017362
-0.016769
-0.016821
-0.016155
-0.015577
-0.015816
-0.016265
-0.015258
-0.008974
-0.006304
-0.017041
-0.029283
-0.025117
-0.012089
-0.007472
-0.011702
-0.015211
-0.014742
-0.016042
-0.012251
-0.002384
-0.010206
-0.022012
-0.006497
0.019581
0.017325
-0.002547
0.012487
0.043823
0.051594
0.051093
0.050917
0.036287
-0.010050
-0.042545
-0.014754
0.030340
0.016958
-0.056404
-0.111114
-0.089878
-0.012307
0.022908
0.002212
-0.009105
-0.016741
-0.046629
-0.062844
-0.036654
-0.071948
-0.111840
-0.072634
-0.073679
-0.113521
-0.102710
-0.019463
0.056931
0.095962
0.065888
0.014207
0.044754
0.094508
0.096486
0.046911
0.023451
0.021929
0.012025
-0.000266
0.013498
0.064696
0.081994
0.066755
0.045329
0.025057
0.012815
0.012695
0.002477
-0.011652
-0.011887
-0.008874
-0.006588
0.000511
0.010779
0.011464
0.008557
0.006254
0.005666
0.000801
-0.004107
-0.008330
-0.009219
-0.009657
-0.011980
-0.009292
-0.003534
0.001157
0.000280
-0.002802
-0.007407
-0.009606
-0.008481
-0.007441
-0.008267
-0.011078
-0.013012
-0.010977
-0.002553
0.001021
-0.002799
0.001904
0.003851
-0.009379
-0.014944
-0.005278
-0.008228
-0.010845
-0.001746
-0.010059
-0.017602
-0.012035
-0.015473
-0.022906
-0.026434
-0.017997
-0.004745
-0.010831
-0.019341
-0.018679
-0.050746
-0.046570
0.018953
-0.016844
-0.101865
-0.112427
-0.057100
0.026033
0.060594
0.020875
-0.000437
-0.005604
-0.051007
-0.047757
-0.027444
-0.041706
-0.038875
-0.014627
-0.044401
-0.108416
-0.101661
-0.055859
-0.030685
-0.011615
0.014313
0.037282
0.045526
0.003954
-0.026658
-0.007786
-0.008389
-0.016282
0.001846
0.003296
0.020931
0.041636
0.010097
0.001552
0.033270
0.059313
0.045075
0.020147
0.014226
0.026509
0.037991
0.042744
0.041364
0.035739
0.048981
0.054650
0.051984
0.045119
0.036268
0.030775
0.027299
0.024803
0.024414
0.026780
0.029747
0.028947
0.025996
0.026137
0.023540
0.022919
0.023558
0.019175
0.015917
0.015530
0.013174
0.014120
0.013833
0.013961
0.019196
0.021000
0.017482
0.013964
0.011779
0.009939
0.006767
0.007894
0.014010
0.009918
-0.000846
0.003422
0.012709
0.006562
-0.004006
-0.002684
0.000627
0.007630
0.017376
0.007004
-0.000032
0.009452
0.003734
-0.008370
-0.027381
-0.058906
-0.038112
0.004301
0.027036
0.075242
0.070676
-0.003857
-0.027705
-0.020225
-0.011836
0.023558
0.061584
0.104626
0.121661
0.119532
0.070304
-0.029200
-0.024942
0.078743
0.105867
0.039676
-0.001629
-0.013742
-0.001289
0.020802
0.013289
-0.016026
-0.022358
0.003727
0.011050
0.019154
0.000169
0.003652
0.048229
0.034486
-0.019067
-0.062391
-0.039839
0.015802
0.017752
-0.030664
-0.059376
-0.053817
-0.038014
-0.030610
-0.039098
-0.034074
-0.037518
-0.055103
-0.056599
-0.049257
-0.031912
-0.021779
-0.033064
-0.029770
-0.023262
-0.021367
-0.012848
-0.012184
-0.011902
-0.017848
-0.024446
-0.024417
-0.021149
-0.019891
-0.022194
-0.023237
-0.019344
-0.015174
-0.016658
-0.014731
-0.016672
-0.018040
-0.016527
-0.017686
-0.016922
-0.013625
-0.010012
-0.005473
-0.005705
-0.010739
-0.014615
-0.018107
-0.015651
-0.003764
0.004477
-0.000911
-0.010348
-0.014606
-0.016480
-0.017670
-0.013732
-0.005570
0.000341
-0.001495
0.006352
0.011387
0.000778
0.009215
0.031309
0.033624
0.017129
-0.011747
-0.046235
-0.009828
0.060348
0.063845
0.036371
0.006651
0.014186
0.037727
-0.004587
-0.090401
-0.102029
-0.022576
0.030741
0.010308
-0.038370
-0.042471
-0.019665
-0.045449
-0.114296
-0.156722
-0.144340
-0.098342
-0.048658
-0.035291
-0.034924
-0.013338
0.006832
0.029025
0.025158
-0.038295
-0.070568
-0.044337
-0.000634
0.046772
0.053565
0.039856
0.048832
0.067382
0.080858
0.072486
0.057387
0.056038
0.052535
0.039592
0.029747
0.020004
0.010789
0.014454
0.021953
0.024046
0.021881
0.023864
0.019772
0.009944
0.006774
0.003938
0.006531
0.016968
0.017604
0.018864
0.023351
0.020270
0.019971
0.015002
0.007152
0.006481
0.008151
0.009301
0.007947
0.006484
0.007464
0.009412
0.010839
0.010963
0.009345
0.006019
0.007420
0.010144
0.008377
0.003199
0.002159
0.005549
0.006046
0.004695
0.007478
0.015498
0.011376
-0.012779
-0.027525
-0.007761
0.010204
0.015433
0.013847
-0.012718
-0.032603
-0.019434
0.005315
0.025476
0.051470
0.033865
-0.027559
-0.037563
0.002244
0.019846
0.004195
0.011242
0.053895
0.049839
-0.016026
-0.048625
-0.059184
-0.046718
-0.004347
-0.004932
0.010655
0.059832
-0.019177
-0.087177
0.021367
0.055438
0.005436
-0.031345
-0.048865
0.013287
0.088636
0.056347
-0.036499
-0.028438
0.030031
0.082189
0.080179
0.044635
0.061219
0.092842
0.087380
0.040856
0.022169
0.017528
0.003614
-0.013910
-0.029288
-0.022323
-0.000983
0.016257
0.018381
0.009336
0.013590
0.022912
0.002698
-0.015262
-0.022023
-0.030072
-0.034111
-0.028383
-0.025578
-0.024267
-0.017776
-0.016028
-0.011649
-0.013723
-0.019206
-0.021059
-0.021679
-0.025049
-0.029275
-0.032421
-0.032910
-0.026392
-0.020632
-0.018710
-0.018904
-0.019443
-0.021529
-0.022607
-0.023096
-0.025114
-0.025597
-0.026482
-0.024454
-0.022003
-0.022407
-0.020689
-0.017009
-0.016812
-0.023779
-0.028302
-0.029732
-0.030765
-0.016180
-0.004902
-0.024505
-0.047235
-0.053886
-0.063417
-0.040710
0.024808
0.035771
-0.008697
-0.043919
-0.047569
-0.031479
-0.011593
-0.009275
-0.052219
-0.077866
-0.027995
0.051990
0.048075
-0.040980
-0.041679
0.056006
0.056096
0.002964
0.003076
0.023605
0.127424
0.218703
0.103768
0.002113
0.097197
0.146754
0.107540
0.044634
-0.043430
-0.063690
-0.049116
-0.068344
-0.085857
-0.069198
-0.053101
-0.020638
0.014569
0.003015
-0.000731
0.004569
-0.008028
-0.010868
0.008673
0.028873
0.032881
0.031579
0.032830
0.043234
0.033301
0.022967
0.035348
0.024356
0.001143
-0.006224
-0.015733
-0.020747
-0.015819
-0.021999
-0.015523
-0.004380
-0.002786
-0.007448
-0.014320
-0.018188
-0.015016
-0.015694
-0.024559
-0.024216
-0.023638
-0.022065
-0.019229
-0.017985
-0.019801
-0.021066
-0.022247
-0.021028
-0.019416
-0.021659
-0.026235
-0.025813
-0.021674
-0.021014
-0.019689
-0.018239
-0.013605
-0.006964
-0.009779
-0.016401
-0.016438
-0.007659
-0.000380
-0.008511
-0.021516
-0.015082
0.006426
-0.007128
-0.046516
-0.054718
-0.021013
0.015880
0.018706
-0.003403
-0.037955
-0.057677
-0.021552
0.018521
0.000572
-0.005420
-0.001874
-0.003965
0.046149
0.036947
-0.047660
-0.049769
0.018722
0.038581
0.005636
-0.002068
0.026843
0.114429
0.173391
0.064387
-0.060978
-0.033589
0.069346
0.126465
0.096419
0.007629
-0.001511
0.021973
-0.031343
-0.049532
-0.058450
-0.084457
-0.041179
0.021689
0.019813
-0.020958
-0.048912
-0.044492
-0.016211
0.003204
0.005022
-0.022572
-0.036820
-0.038123
-0.059339
-0.070014
-0.063464
-0.055958
-0.052187
-0.047150
-0.040344
-0.029390
-0.029168
-0.029721
-0.024311
-0.019080
-0.015296
-0.016642
-0.012450
-0.007740
-0.008306
-0.005566
-0.003931
-0.005682
-0.001706
-0.002788
-0.003162
0.001607
0.000986
-0.001906
-0.004036
-0.003484
-0.000156
0.003952
0.001607
-0.002163
-0.001645
0.000318
0.002269
0.000289
0.000467
0.003053
0.006164
0.007853
0.001255
-0.004916
-0.000682
0.011430
0.019307
0.005954
-0.014241
-0.015552
-0.005806
0.001721
0.009904
0.016056
0.016611
0.011407
-0.008318
-0.016490
0.013426
0.045483
0.045600
0.025863
0.009269
-0.018045
-0.033396
0.012374
0.058393
0.046734
0.034687
0.040880
0.039284
0.053938
0.065127
0.030889
0.025928
0.095244
0.092019
0.019891
0.008798
-0.028809
-0.097422
-0.058800
0.032548
0.004857
-0.047024
-0.001905
0.003820
-0.019068
-0.010669
-0.013582
-0.011119
0.015569
-0.003965
-0.043286
-0.029049
-0.029000
-0.050391
-0.065550
-0.051826
-0.009699
0.011620
0.011103
0.012676
0.023532
0.022558
0.001202
-0.013219
-0.008934
-0.013747
-0.021999
-0.023042
-0.022006
-0.016396
-0.008386
-0.004429
-0.001497
0.000831
-0.000742
-0.005297
-0.009500
-0.008006
-0.011013
-0.015440
-0.015059
-0.011603
-0.007072
-0.005230
-0.005817
-0.004297
-0.004590
-0.006159
-0.005730
-0.007324
-0.006996
-0.004791
-0.006848
-0.005495
-0.000492
0.001229
-0.000159
-0.000472
-0.000738
-0.003558
-0.002221
-0.002452
-0.003393
0.000308
0.004448
-0.000484
-0.007020
-0.006676
-0.006956
-0.003839
0.002471
-0.000207
-0.006652
-0.007825
-0.008479
-0.007934
-0.004627
-0.004152
-0.005830
-0.003860
-0.001259
-0.000695
0.000911
0.002051
0.002060
0.002406
0.001957
0.001130
0.001119
0.002085
0.001101
0.000737
0.001048
0.000604
0.000576
0.001458
0.002833
0.001782
0.000979
0.001717
0.001723
0.001321
0.001457
0.001779
0.001928
0.002104
0.001639
0.001954
0.002371
0.002318
0.001936
0.001497
0.001436
0.001635
0.001529
0.001488
0.001494
0.001506
0.001400
0.001573
0.001607
0.001482
0.001369
0.001222
0.001134
0.001230
0.001353
0.001361
0.001357
0.001391
0.001181
0.001014
0.000960
0.000969
0.001038
0.001044
0.000893
0.000700
0.000585
0.000525
0.000531
0.000585
0.000518
0.000479
0.000497
0.000488
0.000461
0.000493
0.000492
0.000365
0.000299
0.000292
0.000276
0.000284
0.000254
0.000150
0.000078
0.000032
0.000015
-0.000000
0.000028
0.000061
0.000019
-0.000019
-0.000044
-0.000062
-0.000061
0.000029
0.000041
0.052281
0.022018
-0.072720
-0.000138
0.134455
-0.010223
-0.082932
0.007120
-0.008085
0.018032
0.098150
0.108393
0.074104
0.005803
-0.080286
-0.139637
-0.061467
-0.064232
-0.000085
0.043262
-0.038439
0.149730
0.210931
-0.094280
-0.241127
-0.230142
-0.302183
0.278002
0.194438
-0.415008
0.159082
0.338553
-0.383326
-0.459004
-0.048020
-0.053349
-0.109325
-0.207153
-0.028384
0.274446
0.057493
0.203835
0.033285
-0.213235
0.037049
0.002012
0.004233
0.244121
0.296238
0.100127
0.173942
0.262989
0.056191
-0.093686
0.038021
0.017829
-0.066885
-0.116649
-0.091335
-0.059585
-0.055945
-0.001045
-0.034487
0.012276
0.010324
0.077724
0.071654
0.014432
0.037722
0.035017
0.041734
0.043420
0.029352
0.008805
0.030044
0.021096
0.022810
0.016159
0.019978
0.019579
-0.007961
-0.037235
-0.036738
-0.031714
-0.028046
-0.010396
0.002204
0.009498
0.005772
-0.001279
0.003515
0.012467
0.025236
0.003339
-0.017277
0.008684
0.020566
0.024636
-0.008171
-0.036190
0.000468
-0.001478
-0.020487
0.010507
0.057359
0.050694
-0.010708
-0.027924
0.028622
-0.012793
-0.033703
0.019386
0.126015
0.156496
-0.109411
-0.106439
0.245715
0.114969
-0.203483
-0.019368
0.044359
-0.040557
0.256024
0.193857
-0.253026
-0.145857
-0.139910
-0.245597
-0.237663
-0.105146
0.489713
0.147985
-0.429982
0.142927
0.451986
-0.179859
-0.391456
-0.174955
-0.204527
0.090667
0.324946
0.289266
0.165796
0.169942
0.421620
0.309394
-0.122337
-0.154912
-0.005371
0.045029
-0.102875
-0.155749
0.035623
-0.079705
-0.110357
-0.043549
-0.027900
-0.118701
0.033066
0.139687
-0.093046
0.018841
0.046412
0.012460
-0.068933
-0.031719
-0.005594
-0.063904
0.021146
-0.008171
0.020434
-0.007178
-0.022839
-0.025466
-0.049335
-0.073981
-0.091950
-0.065663
-0.067689
-0.023435
-0.016133
-0.024713
-0.024729
-0.013985
-0.009172
-0.011184
-0.017214
-0.026035
-0.007332
-0.009988
-0.004250
-0.001107
-0.016030
-0.028753
-0.029442
0.000840
-0.003204
-0.046929
-0.059956
-0.017192
0.000947
-0.004467
-0.007936
-0.003608
0.004886
-0.041441
0.025875
0.064541
-0.040545
-0.049010
0.066326
0.143814
0.017103
-0.057270
0.125977
0.136093
0.049516
0.109041
0.148067
0.061989
-0.187653
-0.187076
0.039536
0.067926
-0.066767
-0.244968
-0.283099
-0.162454
0.019027
0.000432
-0.088916
0.040881
0.011527
-0.207283
-0.094743
0.140036
-0.349698
-0.314199
0.207019
-0.155893
-0.288238
-0.086685
0.268133
0.241271
0.252979
0.266954
0.021051
0.286679
0.238033
0.167003
-0.023889
0.056032
0.063522
-0.079183
-0.059522
0.002184
0.165819
-0.014719
0.104374
0.092308
-0.041952
-0.055413
-0.017298
-0.075947
-0.150193
-0.021941
-0.024867
-0.007392
0.029303
0.068468
0.029470
0.029851
0.052549
0.028176
0.028989
-0.006187
-0.022954
-0.041227
-0.032990
-0.021456
-0.030383
-0.030949
-0.028283
-0.019142
-0.037099
-0.030572
-0.017729
-0.016097
-0.011520
-0.018336
-0.029803
-0.039119
-0.012560
0.012474
-0.007909
-0.021227
0.039195
0.035092
-0.066410
-0.003958
0.047661
-0.070534
-0.028347
0.044573
-0.054779
-0.036601
0.030125
-0.050017
-0.061892
-0.093133
-0.015892
0.057344
-0.110307
0.009275
0.067211
-0.280141
-0.037932
0.352090
-0.221393
-0.317818
-0.113344
-0.060158
0.191377
0.083351
0.053917
0.153050
0.024443
-0.261771
-0.002909
-0.051301
-0.256828
-0.089929
0.147200
-0.064333
-0.403365
-0.032844
-0.022028
-0.140432
-0.017056
0.116534
0.221440
0.185003
-0.077818
0.040990
0.144618
-0.148424
-0.043824
0.112328
-0.039956
0.113214
0.157591
-0.063294
0.076542
0.130972
0.154672
0.014183
-0.013583
0.039327
0.004824
0.058366
0.090625
0.075044
0.048027
0.143473
0.093988
0.072177
0.033108
0.042244
0.043137
-0.006217
0.043434
0.022835
0.021311
0.023741
0.010843
-0.005813
0.011202
0.009453
0.005877
0.032033
0.014532
0.018217
0.000251
0.006678
0.016588
0.006629
0.012093
0.015710
0.019107
0.011907
0.008534
0.002588
0.003607
-0.017322
-0.000667
0.031016
-0.023570
-0.053174
0.025480
0.046591
-0.033129
-0.038823
0.020833
-0.037706
0.002986
0.069531
-0.053813
0.010179
0.075871
-0.049522
0.020935
-0.074612
-0.250115
0.034534
0.000989
0.005794
0.417062
0.139062
-0.085195
0.075919
-0.040526
-0.061573
-0.007026
0.145046
0.347345
0.195551
0.403337
0.173938
-0.430405
-0.007618
0.245307
0.009905
-0.201628
0.001195
0.027442
-0.132470
0.058851
0.004551
-0.194279
-0.112313
0.025348
-0.030588
0.069936
-0.137892
0.074684
0.280332
-0.028600
-0.005174
-0.275785
-0.004748
0.087476
-0.175574
-0.081981
-0.108913
-0.049831
-0.065428
-0.089147
-0.068457
-0.074113
-0.184160
-0.101456
-0.064305
-0.076260
0.015762
-0.025876
-0.016085
0.035007
0.001488
-0.001928
0.029716
-0.003829
0.015581
-0.018485
-0.006995
-0.001043
-0.032885
-0.015930
-0.045062
-0.055162
-0.035031
-0.024218
-0.008807
-0.005117
-0.029076
-0.011047
-0.005571
-0.007434
-0.002328
-0.007853
-0.000509
0.023225
0.007823
-0.002749
0.007627
-0.021283
-0.026232
0.015474
0.027797
-0.008973
-0.011960
-0.003132
-0.029877
-0.034302
-0.028865
0.007525
0.005589
-0.017306
0.070244
0.063770
-0.065417
0.067120
0.138966
0.036452
0.059500
-0.057665
-0.230277
0.061787
0.206795
0.012027
0.079320
-0.036450
0.111177
0.126961
-0.192908
-0.382338
-0.281617
0.067807
0.003771
-0.077871
-0.084445
-0.002071
0.056265
-0.169928
-0.318610
-0.312994
-0.319395
-0.166460
0.067259
-0.003669
0.068543
0.192306
0.129507
0.281145
0.120881
-0.186962
-0.085750
-0.026455
0.063843
0.229731
0.156959
0.182002
0.171342
0.162864
0.205827
-0.002817
0.002019
0.040823
0.018137
0.055280
0.017322
0.009110
-0.048897
-0.031826
0.006927
-0.052819
-0.032217
0.053548
0.020204
0.018111
0.047541
0.015212
0.041091
0.044813
0.016755
0.030637
0.028672
0.021233
0.039756
0.030386
0.016314
0.015572
-0.004378
-0.010051
-0.024850
-0.030287
-0.025246
-0.019610
-0.002012
0.004578
0.001308
-0.014013
-0.007288
0.009523
-0.004023
-0.020974
-0.002008
0.008707
-0.002524
0.010908
0.020417
0.063366
0.015345
-0.100698
-0.071653
0.039424
0.003830
0.012937
0.090578
-0.076913
-0.090619
0.014637
0.027848
0.042171
0.205002
0.072830
-0.191586
0.006100
0.093171
-0.012119
-0.127332
0.041470
0.312059
0.027935
-0.198448
0.065744
-0.225184
-0.215140
0.119648
-0.213960
0.144848
0.384868
-0.384224
-0.213050
0.507566
-0.068029
-0.161222
-0.015761
-0.095612
0.190153
0.211559
0.153475
-0.210146
0.044137
0.149706
0.190311
0.119636
-0.082105
0.216308
0.174574
0.126196
-0.023744
0.043882
-0.037836
-0.124536
-0.123462
-0.189524
-0.074505
-0.041615
0.042109
0.017446
0.023228
0.061004
0.066673
-0.066274
-0.075399
-0.039104
-0.099101
-0.078198
-0.026900
0.006980
-0.027890
0.001924
-0.019024
-0.026216
-0.019000
-0.041183
-0.046772
-0.054136
-0.040797
-0.049694
-0.060636
-0.064350
-0.046880
-0.030996
-0.026172
-0.029020
-0.032702
-0.021032
-0.008516
-0.009143
-0.015686
-0.032190
-0.038188
-0.025609
-0.038024
-0.039403
-0.016520
0.001425
-0.020695
-0.049543
-0.026054
-0.026837
-0.072368
0.017343
0.064838
-0.107478
-0.060737
-0.051507
-0.203751
-0.047797
0.213917
0.067475
-0.084211
-0.045418
-0.014806
-0.055907
-0.025486
0.057643
-0.231680
-0.182594
0.094857
0.344053
0.121617
-0.326639
0.155109
0.500725
-0.138556
-0.044343
0.246511
-0.124891
0.468370
0.693323
-0.212454
-0.101158
0.531536
0.093045
-0.057708
-0.039501
-0.320804
-0.237876
-0.248226
-0.236445
-0.243511
-0.225231
-0.146342
0.028938
0.152827
-0.041253
0.122598
0.118584
-0.036682
0.090293
0.132214
0.170072
0.125600
0.114990
0.119209
0.184205
-0.005721
-0.023611
0.105410
-0.050065
-0.117716
-0.093604
-0.117448
-0.147053
-0.079602
-0.129703
-0.071517
-0.047632
-0.026190
-0.007061
-0.027417
0.003454
0.003388
0.020714
-0.010028
0.000938
-0.002452
-0.007184
-0.008589
-0.013388
-0.023185
-0.034978
-0.021500
-0.025687
-0.031547
-0.036897
-0.047855
-0.044037
-0.042501
-0.027581
-0.017460
-0.009891
-0.006104
0.006595
-0.009416
-0.022696
-0.005548
0.013028
0.022258
-0.030118
-0.070445
0.012504
0.092783
-0.059887
-0.163776
-0.085204
0.015108
0.068346
0.013655
0.045600
-0.073624
-0.209574
0.107729
0.091552
-0.157479
0.092981
0.012307
-0.058100
0.364051
0.029423
-0.298050
0.012555
0.215589
0.036952
-0.143949
0.132903
0.075926
0.355110
0.603241
-0.178044
-0.263467
0.043345
0.108321
0.223560
-0.001328
-0.165350
0.160902
0.018655
-0.321889
0.002821
-0.281269
-0.430325
-0.027128
0.151605
0.047777
-0.128453
-0.009359
-0.014744
-0.038562
0.010775
0.044421
-0.107519
-0.041488
-0.017034
-0.137960
-0.065042
-0.118457
-0.068097
-0.093458
-0.062138
-0.036018
-0.073208
-0.055226
0.010376
0.025129
-0.019773
0.033596
0.004102
0.014409
0.012045
0.001031
0.030271
0.030122
0.043506
0.042375
0.022563
0.013998
0.012205
-0.010722
-0.007606
-0.014347
-0.016711
0.005680
0.014309
0.009933
-0.000802
-0.002217
0.010682
0.014279
0.014246
0.024049
0.021530
0.020255
0.027434
0.004353
-0.017818
0.008461
0.040050
0.043233
-0.029868
-0.060084
-0.007126
-0.022007
-0.016620
0.040470
0.039646
0.037566
0.033196
-0.067390
-0.064158
0.078127
0.115614
0.057097
0.037998
0.093365
-0.101935
-0.164385
0.165616
0.156688
-0.041545
0.102140
0.201676
0.026729
0.110124
0.178219
-0.145807
-0.048613
0.410618
0.048106
-0.195303
0.207199
-0.178691
-0.557020
-0.038054
0.308587
-0.296609
-0.300189
0.423324
-0.070976
-0.201562
0.111332
-0.032242
-0.035289
0.037352
0.005005
-0.082677
0.030616
-0.042528
-0.092833
-0.170932
-0.010476
0.074081
-0.040171
0.067681
0.080517
0.084072
0.014764
-0.003579
-0.001529
-0.058623
-0.084331
-0.066278
-0.066062
-0.068113
-0.002343
0.009593
0.025068
0.025665
0.006011
0.012017
-0.021693
-0.031487
-0.015732
-0.015771
-0.010354
-0.006414
-0.008379
0.003305
0.012055
-0.003145
0.004048
0.004499
0.011577
0.003780
-0.003229
0.005367
-0.002734
-0.018375
-0.011229
0.000542
-0.004434
-0.001583
0.000909
-0.006878
-0.007631
0.007276
0.001002
-0.012086
0.012856
0.022444
-0.024604
-0.022276
-0.006475
-0.033326
-0.014512
0.023471
-0.006325
-0.031917
-0.004009
-0.013275
-0.021540
-0.006347
-0.005550
-0.001919
0.001503
0.010725
0.011233
0.011538
0.012704
0.011474
0.011012
0.008161
0.011518
0.009182
0.006183
0.003591
0.004199
0.000902
0.004589
0.009601
0.005659
0.003174
0.001411
-0.000133
0.002492
0.007519
0.004707
0.004402
0.004347
0.002578
0.002885
0.004617
0.005248
0.002584
0.002080
0.002813
0.001417
0.001519
0.002497
0.001326
-0.000580
-0.000666
-0.000556
-0.001110
0.000678
0.001324
0.000436
0.000246
0.000662
0.001255
0.001970
0.002190
0.001742
0.001677
0.001241
0.001203
0.001378
0.001417
0.001103
0.000263
-0.000139
-0.000351
-0.000136
0.000302
0.000344
0.000322
0.000227
-0.000012
-0.000117
0.000227
0.000541
0.000623
0.000597
0.000295
0.000079
0.000116
0.000193
0.000349
0.000318
0.000113
-0.000080
0.000059
0.000184
0.000374
0.000342
0.000033
-0.000214
-0.000189
-0.000076
0.000250
0.000443
0.000184
-0.000104
-0.000271
-0.000340
-0.000217
0.000021
-0.000149
-0.000444
-0.000574
-0.000573
-0.000510
-0.000392
-0.000382
-0.000574
-0.000711
-0.000601
-0.000470
-0.000392
-0.000264
-0.000233
-0.000294
-0.000261
-0.000155
-0.000147
-0.000074