0.518622
0.510524
0.411099
0.266235
0.138738
0.084309
0.130244
0.264977
0.442480
0.599820
0.681177
0.659149
0.545207
0.385298
0.242286
0.171933
0.201597
0.319779
0.480515
0.620937
0.685292
0.646247
0.515339
0.338581
0.178904
0.092137
0.105702
0.208163
0.353619
0.479261
0.529396
0.476746
0.332902
0.143927
-0.027197
-0.124599
-0.120813
-0.027237
0.110262
0.228909
0.273036
0.215390
0.067581
-0.124311
-0.297295
-0.395489
-0.391427
-0.296507
-0.156601
-0.034495
0.014132
-0.037993
-0.179281
-0.363677
-0.528220
-0.617063
-0.602775
-0.496795
-0.345038
-0.210338
-0.148423
-0.186618
-0.313389
-0.482740
-0.631768
-0.704687
-0.674129
-0.551597
-0.383073
-0.231454
-0.152538
-0.173716
-0.283521
-0.436023
-0.568386
-0.624891
-0.578234
-0.439981
-0.256177
-0.089779
0.003358
-0.004215
-0.101084
-0.241369
-0.362285
-0.408155
-0.351719
-0.204581
-0.012820
0.160574
0.259718
0.257142
0.164237
0.026869
-0.092188
-0.137265
-0.081104
0.064689
0.254043
0.423977
0.518622
0.510524
0.411099
0.266235
0.138738
0.084309
0.130244
0.264977
0.442480
0.599820
0.681177
0.659149
0.545207
0.385298
0.242286
0.171933
0.201597
0.319779
0.480515
0.620937
0.685292
0.646247
0.515339
0.338581
0.178904
0.092137
0.105702
0.208163
0.353619
0.479261
0.529396
0.476746
0.332902
0.143927
-0.027197
-0.124599
-0.120813
-0.027237
0.110262
0.228909
0.273036
0.215390
0.067581
-0.124311
-0.297295
-0.395489
-0.391427
-0.296507
-0.156601
-0.034495
0.014132
-0.037993
-0.179281
-0.363677
-0.528220
-0.617063
-0.602775
-0.496795
-0.345038
-0.210338
-0.148423
-0.186618
-0.313389
-0.482740
-0.631768
-0.704687
-0.674129
-0.551597
-0.383073
-0.231454
-0.152538
-0.173716
-0.283521
-0.436023
-0.568386
-0.624891
-0.578234
-0.439981
-0.256177
-0.089779
0.003358
-0.004215
-0.101084
-0.241369
-0.362285
-0.408155
-0.351719
-0.204581
-0.012820
0.160574
0.259718
0.257142
0.164237
0.026869
-0.092188
-0.137265
-0.081104
0.064689
0.254043
0.423977
0.637382
1.020034
1.211530
1.139761
0.832391
0.406287
0.022880
-0.173486
-0.110686
0.183655
0.592721
0.955146
1.126671
1.035267
0.708675
0.263835
-0.137744
-0.351649
-0.305684
-0.027409
0.366424
0.714509
0.872644
0.768853
0.430924
-0.024156
-0.434839
-0.656675
-0.617437
-0.344659
0.044929
0.390039
0.546478
0.442278
0.105230
-0.347684
-0.754924
-0.972054
-0.926866
-0.646916
-0.248963
0.105671
0.272757
0.180284
-0.144004
-0.583172
-0.975739
-1.177323
-1.115779
-0.818728
-0.402997
-0.029976
0.156033
0.082943
-0.221577
-0.640673
-1.012938
-1.194076
-1.112019
-0.794469
-0.358335
0.034912
0.240891
0.187437
-0.097860
-0.498221
-0.852315
-1.015914
-0.917021
-0.583405
-0.132038
0.275549
0.494918
0.453851
0.179891
-0.210230
-0.555220
-0.710888
-0.605268
-0.266156
0.189457
0.600020
0.821085
0.780426
0.505585
0.113298
-0.235134
-0.395508
-0.295839
0.036102
0.483349
0.884388
1.094806
1.042420
0.754818
0.348787
-0.014320
-0.190239
-0.106925
0.207914
0.637382
1.020034
1.211530
1.139761
0.832391
0.406287
0.022880
-0.173486
-0.110686
0.183655
0.592721
0.955146
1.126671
1.035267
0.708675
0.263835
-0.137744
-0.351649
-0.305684
-0.027409
0.366424
0.714509
0.872644
0.768853
0.430924
-0.024156
-0.434839
-0.656675
-0.617437
-0.344659
0.044929
0.390039
0.546478
0.442278
0.105230
-0.347684
-0.754924
-0.972054
-0.926866
-0.646916
-0.248963
0.105671
0.272757
0.180284
-0.144004
-0.583172
-0.975739
-1.177323
-1.115779
-0.818728
-0.402997
-0.029976
0.156033
0.082943
-0.221577
-0.640673
-1.012938
-1.194076
-1.112019
-0.794469
-0.358335
0.034912
0.240891
0.187437
-0.097860
-0.498221
-0.852315
-1.015914
-0.917021
-0.583405
-0.132038
0.275549
0.494918
0.453851
0.179891
-0.210230
-0.555220
-0.710888
-0.605268
-0.266156
0.189457
0.600020
0.821085
0.780426
0.505585
0.113298
-0.235134
-0.395508
-0.295839
0.036102
0.483349
0.884388
1.094806
1.042420
0.754818
0.348787
-0.014320
-0.190239
-0.106925
0.207914