0.252554
0.312427
0.360361
0.394687
0.415063
0.422254
0.417746
0.403320
0.380762
0.351754
0.317979
0.281311
0.243982
0.208580
0.177834
0.154209
0.139422
0.134055
0.137378
0.147480
0.161658
0.176966
0.190750
0.201005
0.206496
0.206618
0.201112
0.189777
0.172311
0.148356
0.117739
0.080790
0.038609
-0.006854
-0.052982
-0.096886
-0.135921
-0.168140
-0.192563
-0.209172
-0.218649
-0.221977
-0.220043
-0.213404
-0.202287
-0.186803
-0.167284
-0.144588
-0.120233
-0.096290
-0.075061
-0.058630
-0.048466
-0.045192
-0.048614
-0.057971
-0.072322
-0.090897
-0.113292
-0.139425
-0.169272
-0.202504
-0.238170
-0.274563
-0.309347
-0.339922
-0.363918
-0.379645
-0.386381
-0.384380
-0.374650
-0.358572
-0.337526
-0.312654
-0.284841
-0.254885
-0.223777
-0.192925
-0.164199
-0.139745
-0.121582
-0.111113
-0.108695
-0.113439
-0.123293
-0.135400
-0.146620
-0.154055
-0.155419
-0.149174
-0.134440
-0.110754
-0.077840
-0.035497
0.016310
0.077195
0.146023
0.220673
0.298013
0.374145
0.444903
0.506456
0.555879
0.591501
0.612979
0.621077
0.617279
0.603368
0.581125
0.552236
0.518381
0.481436
0.443632
0.407559
0.375945
0.351256
0.335212
0.328393
0.330074
0.338342
0.350498
0.363599
0.374990
0.382671
0.385409
0.382601
0.373992
0.359383
0.338475
0.310915
0.276532
0.235660
0.189405
0.139717
0.089221
0.040807
-0.002873
-0.039868
-0.069194
-0.090828
-0.105447
-0.114028
-0.117454
-0.116276
-0.110716
-0.100879
-0.087092
-0.070207
-0.051736
-0.033746
-0.018531
-0.008169
-0.004125
-0.007015
-0.016637
-0.032227
-0.052835
-0.077687
-0.106373
-0.138803
-0.174947
-0.214471
-0.256418
-0.299073
-0.340094
-0.376878
-0.407044
-0.428901
-0.441716
-0.445740
-0.441975
-0.431796
-0.416576
-0.397452
-0.375303
-0.350923
-0.325296
-0.299823
-0.276372
-0.257082
-0.243968
-0.238425
-0.240809
-0.250225
-0.264615
-0.281119
-0.296593
-0.308133
-0.313449
-0.311002
-0.299905
-0.279694
-0.250087
-0.210881
-0.162038
-0.103942
-0.037723
0.034499
0.109594
0.183668
0.590079
0.549073
0.499674
0.444797
0.387006
0.328861
0.273240
0.223425
0.182837
0.154455
0.140105
0.139862
0.151810
0.172269
0.196461
0.219419
0.236880
0.245890
0.244976
0.233898
0.213123
0.183274
0.144793
0.097933
0.043085
-0.018730
-0.085434
-0.153761
-0.219520
-0.278237
-0.325965
-0.360038
-0.379493
-0.385042
-0.378624
-0.362697
-0.339535
-0.310781
-0.277386
-0.239924
-0.199128
-0.156396
-0.114035
-0.075121
-0.042989
-0.020531
-0.009546
-0.010377
-0.021969
-0.042313
-0.069121
-0.100465
-0.135159
-0.172738
-0.213072
-0.255777
-0.299677
-0.342552
-0.381294
-0.412465
-0.433048
-0.441167
-0.436511
-0.420324
-0.394990
-0.363358
-0.328073
-0.291135
-0.253829
-0.217004
-0.181555
-0.148845
-0.120873
-0.100047
-0.088617
-0.087940
-0.097835
-0.116281
-0.139584
-0.162973
-0.181475
-0.190770
-0.187803
-0.170980
-0.139956
-0.095176
-0.037384
0.032658
0.114124
0.205784
0.305510
0.409896
0.514191
0.612667
0.699372
0.769074
0.818129
0.845012
0.850365
0.836582
0.807088
0.765578
0.715462
0.659655
0.600722
0.541224
0.484040
0.432455
0.389890
0.359326
0.342592
0.339766
0.348933
0.366418
0.387442
0.407045
0.420966
0.426254
0.421441
0.406288
0.381268
0.347010
0.303957
0.252368
0.192638
0.125795
0.053919
-0.019717
-0.090918
-0.155202
-0.208620
-0.248499
-0.273869
-0.285438
-0.285139
-0.275421
-0.258556
-0.236179
-0.209234
-0.178289
-0.144071
-0.107971
-0.072291
-0.040098
-0.014722
0.000952
0.005132
-0.002519
-0.020937
-0.048110
-0.081740
-0.119895
-0.161380
-0.205724
-0.252791
-0.302189
-0.352737
-0.402206
-0.447485
-0.485127
-0.512109
-0.526550
-0.528131
-0.518091
-0.498806
-0.473122
-0.443677
-0.412464
-0.380763
-0.349418
-0.319319
-0.291822
-0.268923
-0.253023
-0.246369
-0.250311
-0.264666
-0.287407
-0.314836
-0.342178
-0.364456
-0.377346
-0.377791
-0.364192
-0.336202
-0.294261
-0.239112
-0.171515
-0.092291
-0.002670
0.095223
0.197983
0.300862
0.398132
0.483843
0.552763
0.601250
0.627779
0.632993
0.619285