0.488110
0.451741
0.408160
0.360403
0.310796
0.261276
0.213851
0.170945
0.135397
0.110089
0.097274
0.097859
0.110918
0.133635
0.161760
0.190444
0.215209
0.232760
0.241380
0.240840
0.231898
0.215617
0.192781
0.163648
0.128103
0.086138
0.038437
-0.013203
-0.065836
-0.115757
-0.159235
-0.193333
-0.216547
-0.229019
-0.232281
-0.228598
-0.220187
-0.208568
-0.194294
-0.177141
-0.156651
-0.132818
-0.106616
-0.080154
-0.056390
-0.038475
-0.028987
-0.029309
-0.039391
-0.057967
-0.083130
-0.113032
-0.146449
-0.182970
-0.222758
-0.265977
-0.312116
-0.359505
-0.405224
-0.445495
-0.476429
-0.494909
-0.499295
-0.489731
-0.467956
-0.436719
-0.399016
-0.357438
-0.313842
-0.269442
-0.225224
-0.182463
-0.143089
-0.109685
-0.085065
-0.071545
-0.070141
-0.080007
-0.098309
-0.120626
-0.141771
-0.156767
-0.161700
-0.154193
-0.133403
-0.099627
-0.053718
0.003405
0.070952
0.148082
0.233441
0.324643
0.417956
0.508402
0.590311
0.658222
0.707869
0.736949
0.745436
0.735365
0.710171
0.673818
0.630034
0.581856
0.531609
0.481231
0.432732
0.388534
0.351481
0.324454
0.309708
0.308154
0.318865
0.339029
0.364399
0.390127
0.411740
0.425944
0.431026
0.426762
0.413913
0.393544
0.366445
0.332878
0.292731
0.246002
0.193380
0.136664
0.078809
0.023522
-0.025458
-0.065191
-0.094166
-0.112520
-0.121778
-0.124202
-0.122000
-0.116687
-0.108810
-0.098137
-0.084206
-0.067004
-0.047496
-0.027789
-0.010830
0.000234
0.002834
-0.004408
-0.021434
-0.046973
-0.079109
-0.115988
-0.156379
-0.199865
-0.246600
-0.296743
-0.349776
-0.404021
-0.456554
-0.503586
-0.541225
-0.566345
-0.577302
-0.574231
-0.558866
-0.533949
-0.502471
-0.467014
-0.429432
-0.390933
-0.352494
-0.315388
-0.281537
-0.253519
-0.234145
-0.225722
-0.229263
-0.243917
-0.266846
-0.293624
-0.319058
-0.338169
-0.347037
-0.343283
-0.326059
-0.295658
-0.252932
-0.198795
-0.134034
-0.059488
0.023492
0.112522
0.203872
0.292567
0.372937
0.439524
0.488064
0.516252
0.524066
0.513541
0.488110
0.451741
0.408160
0.360403
0.310796
0.261276
0.213851
0.170945
0.135397
0.110089
0.097274
0.097859
0.110918
0.133635
0.161760
0.190444
0.215209
0.232760
0.241380
0.240840
0.231898
0.215617
0.192781
0.163648
0.128103
0.086138
0.038437
-0.013203
-0.065836
-0.115757
-0.159235
-0.193333
-0.216547
-0.229019
-0.232281
-0.228598
-0.220187
-0.208568
-0.194294
-0.177141
-0.156651
-0.132818
-0.106616
-0.080154
-0.056390
-0.038475
-0.028987
-0.029309
-0.039391
-0.057967
-0.083130
-0.113032
-0.146449
-0.182970
-0.222758
-0.265977
-0.312116
-0.359505
-0.405224
-0.445495
-0.476429
-0.494909
-0.499295
-0.489731
-0.467956
-0.436719
-0.399016
-0.357438
-0.313842
-0.269442
-0.225224
-0.182463
-0.143089
-0.109685
-0.085065
-0.071545
-0.070141
-0.080007
-0.098309
-0.120626
-0.141771
-0.156767
-0.161700
-0.154193
-0.133403
-0.099627
-0.053718
0.003405
0.070952
0.148082
0.233441
0.324643
0.417956
0.508402
0.590311
0.658222
0.707869
0.736949
0.745436
0.735365
0.710171
0.673818
0.630034
0.581856
0.531609
0.481231
0.432732
0.388534
0.351481
0.324454
0.309708
0.308154
0.318865
0.339029
0.364399
0.390127
0.411740
0.425944
0.431026
0.426762
0.413913
0.393544
0.366445
0.332878
0.292731
0.246002
0.193380
0.136664
0.078809
0.023522
-0.025458
-0.065191
-0.094166
-0.112520
-0.121778
-0.124202
-0.122000
-0.116687
-0.108810
-0.098137
-0.084206
-0.067004
-0.047496
-0.027789
-0.010830
0.000234
0.002834
-0.004408
-0.021434
-0.046973
-0.079109
-0.115988
-0.156379
-0.199865
-0.246600
-0.296743
-0.349776
-0.404021
-0.456554
-0.503586
-0.541225
-0.566345
-0.577302
-0.574231
-0.558866
-0.533949
-0.502471
-0.467014
-0.429432
-0.390933
-0.352494
-0.315388
-0.281537
-0.253519
-0.234145
-0.225722
-0.229263
-0.243917
-0.266846
-0.293624
-0.319058
-0.338169
-0.347037
-0.343283
-0.326059
-0.295658
-0.252932
-0.198795
-0.134034
-0.059488
0.023492
0.112522
0.203872
0.292567
0.372937
0.439524
0.488064
0.516252
0.524066
0.513541