-0.018829
-0.018379
-0.015078
-0.014355
-0.013203
-0.011293
-0.008153
-0.007801
-0.010076
-0.011706
-0.011485
-0.008350
-0.012479
-0.014495
-0.014320
-0.011226
-0.005120
-0.001750
0.008848
0.000421
-0.012032
0.001763
0.013818
0.007818
-0.002637
-0.011364
-0.012923
0.008419
0.035940
0.039040
0.030453
0.010127
-0.017207
-0.037147
-0.034105
-0.015986
0.009721
0.014701
0.008156
0.040703
0.040140
-0.000058
-0.041041
-0.098879
-0.074872
0.035797
0.044986
-0.004189
0.007046
-0.020986
-0.069578
-0.086289
-0.105619
-0.074385
-0.035129
-0.027001
-0.035147
-0.043419
0.019435
0.052680
-0.023847
-0.060174
-0.030422
-0.012125
0.010222
0.052096
0.065062
0.057723
0.050753
0.043437
0.044890
0.027875
0.024011
0.018601
0.007647
-0.003901
-0.040524
-0.050882
-0.022606
0.007223
0.017348
0.016242
0.024596
0.033876
0.027817
0.014401
0.007280
0.013361
0.014203
0.015634
0.020791
0.016910
0.015260
0.012114
0.007090
0.006515
0.005700
0.005325
0.009206
0.011320
0.009046
0.003792
0.002342
0.006618
0.011559
0.007437
0.006196
0.010148
0.006844
0.007792
0.007517
0.006895
0.006462
0.000254
0.001511
0.007199
0.003673
-0.002215
-0.003016
-0.000047
0.006627
0.009102
0.015701
0.015782
0.008054
0.001858
-0.004508
-0.005823
-0.002145
0.005643
0.029000
0.034861
0.002620
-0.008355
0.021259
0.024738
0.015344
0.010401
-0.024429
0.012693
0.084116
0.055857
-0.014179
-0.063075
-0.074596
-0.075062
-0.072769
-0.005528
0.079039
0.048052
-0.014231
0.001003
0.002263
-0.008181
-0.028545
-0.107054
-0.114299
-0.007871
0.100254
0.108560
0.044922
0.067163
0.119947
0.108800
0.061431
0.016829
-0.003383
-0.000285
0.013773
0.001259
-0.024134
-0.049430
-0.026949
0.015619
-0.003471
-0.005794
0.026626
0.025886
0.003414
0.000917
0.008102
0.000455
-0.002145
0.001559
-0.007173
-0.011101
-0.009504
-0.008533
-0.018475
-0.024442
-0.018397
-0.018109
-0.016043
-0.016908
-0.019347
-0.021040
-0.024372
-0.022053
-0.013817
-0.013284
-0.019373
-0.014230
-0.008460
-0.010591
-0.015138
-0.019966
-0.021759
-0.020782
-0.021793
-0.019392
-0.015977
-0.015275
-0.014240
-0.009673
-0.007624
-0.014498
-0.022106
-0.022965
-0.016134
-0.010258
-0.008656
-0.009693
-0.019024
-0.020802
-0.008425
-0.005788
-0.012354
-0.018500
-0.002336
0.016079
0.012568
0.011554
0.015873
0.027871
0.045316
0.058478
0.050134
0.019536
-0.015549
-0.035877
-0.021968
0.002194
0.008859
-0.043336
-0.104598
-0.091472
-0.027800
0.015936
0.001970
-0.000025
-0.020089
-0.049528
-0.024367
-0.040405
-0.083105
-0.080241
-0.057585
-0.080887
-0.089404
-0.062788
-0.034939
0.038038
0.101968
0.086261
0.028881
0.040109
0.089694
0.082928
0.048476
0.023969
0.007996
-0.000037
-0.009341
0.007352
0.030508
0.047488
0.057491
0.034865
0.014565
0.006536
0.005271
-0.006024
-0.007428
0.001810
0.000901
-0.000428
0.009382
0.021740
0.015429
0.012177
0.011658
0.010298
0.005970
-0.000283
-0.003928
-0.007087
-0.008301
-0.009627
-0.007699
-0.003190
0.001518
0.000231
-0.003417
-0.003331
-0.007272
-0.008260
-0.007421
-0.007485
-0.008397
-0.014058
-0.011267
-0.005178
-0.004286
-0.004212
0.003206
0.002351
-0.007870
-0.003624
-0.008002
-0.011412
-0.000538
-0.003969
-0.017491
-0.013797
-0.011148
-0.020094
-0.024551
-0.031671
-0.012733
-0.009048
-0.021073
0.003732
-0.028059
-0.061822
-0.016577
0.002666
-0.035088
-0.068306
-0.098220
-0.069931
0.016072
0.048901
0.043370
0.008710
-0.027591
-0.032412
-0.033945
-0.051202
-0.055527
-0.030753
-0.013298
-0.057793
-0.088925
-0.077929
-0.086435
-0.053684
0.005740
0.026147
0.035496
0.041596
0.014587
0.001388
-0.022331
-0.021166
0.009481
-0.007140
-0.006139
0.025162
0.030182
0.000244
-0.006176
0.023907
0.046638
0.035539
0.024768
0.020418
0.015260
0.032514
0.044353
0.034362
0.036391
0.048988
0.054153
0.051689
0.039364
0.031538
0.021484
0.020853
0.023594
0.022526
0.026098
0.026246
0.026668
0.029538
0.028540
0.022958
0.024610
0.025044
0.025492
0.021767
0.018681
0.018577
0.014831
0.016576
0.016823
0.017731
0.017926
0.014821
0.013612
0.015018
0.010380
0.008257
0.015338
0.016303
0.008868
0.002159
0.006866
0.010504
0.003822
0.003311
-0.000642
-0.006045
0.012952
0.015631
0.001270
0.011371
0.006183
0.000961
0.003132
-0.037882
-0.047430
-0.026548
-0.022395
0.039842
0.083087
0.054737
0.025441
-0.013695
-0.022342
-0.013068
0.015367
0.069451
0.088682
0.116399
0.141304
0.058657
-0.037008
-0.010254
0.039965
0.059816
0.053810
0.013866
-0.029143
-0.017534
0.030093
0.007066
-0.026006
-0.015914
0.004320
0.026446
0.017461
0.008997
0.020795
0.033037
0.040081
0.007143
-0.040222
-0.034709
-0.005787
0.006763
-0.013211
-0.060265
-0.065024
-0.032223
-0.033443
-0.027867
-0.030104
-0.045241
-0.036833
-0.055946
-0.043078
-0.020566
-0.029339
-0.021860
-0.019695
-0.014897
-0.010319
-0.017724
-0.016291
-0.014100
-0.022357
-0.025625
-0.028273
-0.027755
-0.021604
-0.022983
-0.023758
-0.020132
-0.019940
-0.018610
-0.019550
-0.019603
-0.015665
-0.016268
-0.016325
-0.015332
-0.014412
-0.010118
-0.009260
-0.010782
-0.009428
-0.015855
-0.019274
-0.016017
-0.005707
0.002228
-0.003610
-0.005630
-0.012392
-0.018810
-0.017673
-0.012995
-0.004703
-0.004108
-0.001465
0.010567
0.008022
-0.002283
0.019405
0.021856
0.027142
0.031208
-0.022135
-0.040884
-0.007952
0.035710
0.058124
0.038758
0.012210
0.017094
0.027203
-0.015225
-0.083761
-0.097801
-0.044115
0.014050
0.015457
-0.020406
-0.040438
-0.033898
-0.042844
-0.094562
-0.143211
-0.149384
-0.091273
-0.039470
-0.026986
-0.005392
-0.005914
0.013619
0.046406
0.021091
-0.018744
-0.057294
-0.057563
-0.000121
0.042492
0.052789
0.041785
0.036975
0.060776
0.069061
0.051615
0.040945
0.030370
0.026277
0.035426
0.029080
0.012685
0.003742
0.006513
0.018947
0.018710
0.016709
0.018355
0.008794
0.012725
0.014738
0.010756
0.020768
0.024786
0.029951
0.029921
0.024107
0.024470
0.017480
0.011487
0.009024
0.009872
0.014342
0.011814
0.008252
0.008813
0.005231
0.002629
0.004679
0.006781
0.009609
0.009088
0.008918
0.012523
0.011422
0.008423
0.006350
0.003463
0.003505
0.005792
0.006635
0.016544
0.008084
-0.013236
-0.016290
-0.012462
0.003741
0.021846
0.017882
-0.013378
-0.026056
-0.012417
-0.003605
0.028020
0.056365
0.023218
-0.017011
-0.021799
-0.005373
0.006079
-0.003724
0.021427
0.045746
0.026549
0.012542
-0.029981
-0.092156
-0.040825
-0.005588
-0.027105
0.048986
0.036848
-0.035094
-0.023669
0.001959
0.020815
0.027199
-0.011531
-0.048779
0.015340
0.085412
0.058721
-0.021300
-0.033929
0.031915
0.068664
0.073875
0.060799
0.047226
0.071041
0.073557
0.051562
0.026682
-0.004820
-0.007775
-0.014138
-0.022471
-0.031958
-0.013554
0.013697
0.007943
0.017351
0.027039
0.021646
0.007552
-0.002664
-0.014206
-0.026157
-0.024701
-0.018018
-0.019776
-0.019914
-0.010667
-0.011143
-0.014616
-0.012890
-0.016318
-0.021601
-0.023561
-0.028296
-0.025558
-0.022686
-0.029226
-0.026055
-0.018333
-0.016695
-0.016716
-0.022996
-0.024690
-0.023859
-0.024363
-0.022537
-0.026045
-0.023202
-0.023543
-0.025842
-0.025096
-0.022057
-0.016482
-0.019011
-0.024065
-0.025726
-0.029038
-0.027976
-0.009356
-0.012143
-0.031457
-0.032842
-0.058291
-0.070129
-0.033397
0.013525
0.022734
-0.003180
-0.026145
-0.048335
-0.040641
-0.003862
-0.013201
-0.059604
-0.067588
-0.019902
0.049121
0.027610
-0.025584
0.000750
0.025868
0.028627
0.058589
0.007673
-0.012719
0.147413
0.187687
0.085567
0.051907
0.064678
0.091745
0.096557
0.039287
-0.050626
-0.092280
-0.072770
-0.068011
-0.082464
-0.082598
-0.050168
-0.010169
0.016759
0.032019
0.025563
0.014406
0.003901
0.017160
0.042039
0.045507
0.041071
0.040962
0.045436
0.034424
0.016902
0.021229
0.007564
-0.005213
-0.001480
-0.014092
-0.026483
-0.030245
-0.021838
-0.017678
-0.016969
-0.006105
0.001988
-0.002476
-0.008122
-0.011922
-0.011185
-0.009551
-0.016130
-0.018580
-0.018239
-0.020354
-0.018658
-0.016139
-0.022357
-0.021897
-0.017012
-0.018224
-0.016887
-0.018325
-0.018762
-0.018792
-0.022510
-0.022118
-0.021122
-0.017237
-0.014855
-0.014256
-0.014867
-0.018566
-0.015374
-0.010244
-0.003933
-0.010775
-0.022302
-0.011062
-0.001160
-0.013262
-0.035526
-0.047222
-0.026294
0.004815
0.019625
0.012435
-0.043579
-0.054726
-0.007855
-0.007750
0.006800
0.010012
-0.021984
0.005318
0.051136
0.024438
-0.038585
-0.033908
0.001542
0.017631
0.034127
0.009547
0.010174
0.110537
0.160576
0.061826
-0.027574
-0.036797
0.025162
0.111703
0.082027
0.022029
0.001061
-0.025170
-0.014722
-0.031636
-0.091671
-0.089439
-0.037591
0.018533
0.027363
-0.004738
-0.024153
-0.047334
-0.023201
0.035069
0.020394
-0.023190
-0.025039
-0.033422
-0.051472
-0.062331
-0.067596
-0.061153
-0.056644
-0.042478
-0.029481
-0.031857
-0.035052
-0.031530
-0.025490
-0.010226
-0.007226
-0.010034
-0.003528
-0.006366
-0.005754
-0.009228
-0.012141
-0.010208
-0.010672
-0.008714
-0.009771
-0.006095
-0.003775
-0.008699
-0.008646
-0.005657
-0.003510
0.000693
0.001392
0.000079
0.003157
0.001798
-0.001348
0.001988
0.002318
0.002615
0.001709
0.000511
-0.000913
-0.004844
-0.000832
0.010651
0.015603
0.004147
-0.009390
-0.013313
-0.008634
0.004797
0.013663
0.014713
0.018504
0.011972
-0.006543
-0.012760
0.008485
0.036020
0.040402
0.037592
0.016594
-0.027082
-0.024484
0.016707
0.037576
0.043991
0.052920
0.040915
0.028542
0.068296
0.060555
0.004468
0.037993
0.083967
0.064777
0.041616
0.022982
-0.058847
-0.109521
-0.026624
0.002211
-0.031142
-0.000609
0.008748
-0.027337
-0.000830
0.021572
-0.025027
-0.016052
0.027178
0.014056
-0.018587
-0.028613
-0.022889
-0.046478
-0.067780
-0.040278
-0.016438
0.007428
0.014377
0.008291
0.022596
0.018217
0.000044
-0.006017
-0.011341
-0.016589
-0.015793
-0.024238
-0.026702
-0.018714
-0.013102
-0.010790
-0.007793
0.001161
-0.001870
-0.010168
-0.009415
-0.009028
-0.011599
-0.011117
-0.009342
-0.007550
-0.003588
-0.003841
-0.004853
-0.002601
-0.003803
-0.007133
-0.010726
-0.007907
-0.007869
-0.009451
-0.006201
-0.004944
-0.001383
-0.001058
-0.001067
0.001031
-0.001379
-0.004782
-0.002814
-0.001302
-0.001087
0.002485
0.000186
-0.002693
-0.005547
-0.010504
-0.012051
-0.005090
0.002353
-0.000504
-0.003573
-0.004581
-0.007178
-0.006998
-0.005298
-0.005355
-0.004346
-0.001837
-0.000932
-0.000414
0.000518
0.001794
0.002006
0.002317
0.002328
0.002214
0.002706
0.001753
0.000115
-0.000919
-0.001297
-0.001341
0.000450
0.001487
0.001093
0.001368
0.001125
0.000761
0.000794
0.001490
0.002289
0.002475
0.002533
0.002358
0.002173
0.001673
0.001503
0.001124
0.001292
0.001475
0.001398
0.001641
0.001983
0.001948
0.001880
0.001727
0.001515
0.001386
0.001515
0.001424
0.001349
0.001302
0.001204
0.001348
0.001428
0.001356
0.001305
0.001121
0.001004
0.000946
0.001082
0.001183
0.001157
0.001068
0.000950
0.000837
0.000745
0.000729
0.000707
0.000706
0.000601
0.000534
0.000512
0.000478
0.000533
0.000543
0.000481
0.000433
0.000412
0.000316
0.000252
0.000249
0.000248
0.000192
0.000153
0.000117
0.000107
0.000171
0.000151
0.000055
-0.000039
-0.000066
-0.000009
0.000095
0.000135
0.000065
0.000004
-0.000048
-0.000042
-0.000021
-0.000011
0.007674
0.010113
0.039449
0.020032
-0.050017
0.007785
0.079641
-0.023510
-0.029287
0.021005
-0.038267
-0.010891
0.092432
0.093393
0.058226
0.025674
-0.046584
-0.109594
-0.084175
-0.082322
-0.006719
0.045320
-0.021156
0.121691
0.165499
-0.061573
-0.113821
-0.198482
-0.308130
0.141683
0.111545
-0.233825
0.197535
0.168948
-0.354077
-0.196431
-0.054408
-0.238039
-0.133029
-0.054965
0.014274
0.061819
0.008701
0.273472
0.086798
-0.186582
0.011902
-0.007736
-0.039289
0.183602
0.200662
0.117279
0.245997
0.195724
0.021090
0.028674
0.054935
-0.040743
-0.058356
-0.068588
-0.069975
-0.089325
-0.078370
0.034258
0.012839
0.001714
0.048207
0.062874
0.024312
0.008539
0.020094
0.020549
0.030130
0.017221
0.046167
0.045986
0.019072
0.013210
0.029595
0.007187
0.000181
-0.000890
-0.004962
-0.015798
-0.027794
-0.024118
-0.013857
-0.003544
-0.004394
0.001703
0.005790
-0.000793
-0.010504
-0.002585
0.016853
0.011111
-0.000091
0.009441
0.011947
0.023294
0.002589
-0.016553
0.002225
-0.012819
-0.015257
0.016606
0.041423
0.038045
0.006351
0.003157
0.013783
-0.031382
-0.020101
0.019067
0.084295
0.107672
-0.043668
-0.031668
0.153894
0.029973
-0.104737
0.080523
-0.014708
-0.110517
0.236667
0.176891
-0.153909
-0.079822
-0.147198
-0.246425
-0.213556
-0.085448
0.310277
0.102744
-0.202980
0.195214
0.192228
-0.231698
-0.116256
-0.094225
-0.341532
-0.040348
0.285721
0.293288
0.169440
0.170480
0.366539
0.270924
-0.040508
-0.060547
-0.035736
-0.080174
-0.079065
-0.052080
0.010742
-0.071414
-0.084351
0.024706
0.003666
-0.128184
0.017967
0.097425
-0.100513
-0.004816
0.055590
-0.014099
-0.024005
0.006922
-0.029698
-0.026768
0.015479
-0.039255
-0.024879
-0.014901
-0.015252
-0.026101
-0.043087
-0.045526
-0.051025
-0.056121
-0.052839
-0.038441
-0.038437
-0.024975
-0.026124
-0.016712
-0.018230
-0.018633
-0.006940
-0.008938
-0.014341
-0.015165
-0.005187
-0.010047
-0.015408
-0.016046
-0.017356
-0.003026
-0.003292
-0.029974
-0.035018
-0.020728
-0.020083
-0.006918
-0.002445
0.000025
-0.007992
-0.036323
0.021961
0.033819
-0.031624
-0.023937
0.047770
0.083438
0.013442
0.010306
0.108225
0.067560
0.049901
0.140302
0.136067
0.029488
-0.114210
-0.112335
-0.023170
-0.029629
-0.035576
-0.104685
-0.222216
-0.204875
-0.060256
0.010454
-0.028382
0.031607
-0.000563
-0.175256
-0.042103
0.031097
-0.326208
-0.186380
0.111990
-0.206493
-0.225159
0.018851
0.100523
0.088769
0.291193
0.316877
0.059063
0.163633
0.196528
0.145045
0.048223
0.062593
0.026327
-0.041678
-0.028520
0.013391
0.080779
0.040900
0.129949
0.073381
-0.022554
-0.021711
-0.021487
-0.091036
-0.104518
-0.012780
-0.017879
-0.015146
0.026374
0.063125
0.016994
0.032636
0.044144
0.006803
-0.004501
-0.006449
-0.010038
-0.034966
-0.031550
-0.026350
-0.017254
-0.013820
-0.024152
-0.029753
-0.029662
-0.032223
-0.034374
-0.022460
-0.013612
-0.012207
-0.019591
-0.028636
-0.013974
0.003468
-0.007838
-0.014808
0.032297
0.018158
-0.046916
0.010622
0.027506
-0.060973
0.002783
0.044126
-0.057457
-0.021305
0.023910
-0.051189
-0.048437
-0.068561
-0.028147
0.025981
-0.091278
0.034269
0.045914
-0.238988
0.002772
0.212363
-0.202025
-0.159193
-0.065168
-0.174332
0.069900
0.124907
0.102669
0.142764
-0.023695
-0.164817
0.014134
-0.116136
-0.250457
-0.041242
0.097922
-0.117364
-0.254822
-0.007523
-0.094047
-0.180617
0.024608
0.137390
0.120939
0.119995
0.017575
0.065497
0.045367
-0.135554
0.022744
0.090246
-0.064680
0.072940
0.159716
-0.003373
0.032635
0.092149
0.127985
0.063003
0.020635
0.022035
-0.008554
0.048428
0.087186
0.059549
0.060670
0.133456
0.079439
0.057885
0.066642
0.035353
-0.002464
0.018191
0.040760
0.008244
0.025977
0.028434
0.023332
0.014284
0.008708
0.013564
0.014905
0.001801
0.004896
0.019286
0.007105
0.007278
0.005020
0.009471
0.020133
0.012602
0.011361
0.010804
0.003609
0.002156
0.003298
-0.010993
0.006475
0.025450
-0.009913
-0.024798
0.021546
0.020833
-0.029496
-0.005110
0.015657
-0.053346
0.002438
0.063263
-0.042238
0.020225
0.059908
-0.047189
0.037878
-0.059394
-0.195325
0.018297
-0.054249
0.002795
0.346433
0.116514
0.008113
0.102579
-0.074132
-0.085644
-0.004776
0.127780
0.234750
0.182662
0.395016
0.187277
-0.269295
-0.001154
0.113090
-0.068900
-0.044164
0.089918
-0.081421
-0.165880
0.114907
0.016237
-0.165869
-0.034224
-0.026002
-0.027100
0.029590
-0.110863
0.079281
0.146228
-0.002644
0.054786
-0.154292
-0.047027
-0.022689
-0.137327
-0.002687
-0.085703
-0.138205
-0.054085
-0.056258
-0.061449
-0.064534
-0.130324
-0.066673
-0.091071
-0.107892
-0.003044
-0.005965
-0.028156
0.001063
0.014112
0.018246
0.022172
-0.012496
0.001126
-0.001862
-0.007870
-0.019988
-0.022383
-0.009727
-0.039173
-0.024457
-0.017183
-0.022643
-0.020084
-0.014444
-0.010309
-0.012323
-0.023913
-0.008085
-0.003382
-0.007837
0.002617
0.010846
0.010640
0.000969
-0.004280
-0.017667
-0.022607
0.006984
0.014105
-0.005917
0.008136
-0.003193
-0.036130
-0.030278
-0.023387
-0.005898
-0.008864
-0.014253
0.053080
0.040447
-0.046243
0.069970
0.094307
0.007567
0.089676
-0.026579
-0.178244
0.027476
0.093788
0.033436
0.125032
0.017490
0.053209
0.079897
-0.106147
-0.256622
-0.238408
-0.078667
-0.046232
0.001840
-0.004093
-0.030336
-0.015084
-0.111111
-0.199733
-0.276505
-0.352913
-0.188047
0.001611
-0.036954
0.088841
0.160664
0.111302
0.239837
0.104592
-0.090256
-0.047500
-0.115276
-0.033289
0.166669
0.166009
0.199537
0.171564
0.167122
0.191976
0.046945
0.030128
0.024947
-0.027206
0.017736
0.044443
0.027303
-0.029022
0.003739
0.027959
-0.018209
0.003049
0.018274
-0.024733
0.008030
0.022238
0.009143
0.042805
0.042259
0.037007
0.045606
0.035657
0.023871
0.013717
-0.001153
0.001871
0.002233
-0.002997
-0.005200
-0.016804
-0.012138
-0.011571
-0.015136
-0.009113
-0.007381
-0.005622
-0.013627
-0.005334
0.004272
-0.006287
-0.003138
0.009499
0.006654
0.000435
0.009686
0.013870
0.044221
0.017935
-0.060161
-0.040926
0.002055
-0.023009
0.036212
0.090732
-0.049133
-0.068074
0.012705
-0.010831
0.021321
0.182755
0.069434
-0.101198
0.021244
0.016380
-0.043508
-0.052184
0.062528
0.192632
-0.002342
-0.047658
0.092316
-0.270148
-0.200868
0.114830
-0.199921
0.112048
0.290850
-0.289542
-0.048837
0.298641
-0.173917
-0.031825
0.116150
-0.167013
0.011223
0.221916
0.154902
-0.085862
0.007832
0.077594
0.153102
0.115127
0.028688
0.157598
0.098028
0.112693
0.070227
0.032108
-0.032836
-0.093048
-0.111116
-0.097059
-0.109400
-0.086880
0.062603
0.019459
0.005475
0.080002
0.054855
-0.047210
-0.038841
-0.070508
-0.093811
-0.050128
-0.050440
-0.033031
-0.019131
0.021835
-0.004544
-0.028170
-0.026444
-0.033546
-0.043580
-0.058013
-0.051725
-0.053574
-0.051266
-0.044375
-0.032608
-0.031399
-0.022303
-0.021233
-0.029619
-0.028148
-0.026753
-0.020292
-0.015807
-0.024791
-0.025383
-0.012404
-0.028510
-0.033809
-0.013373
-0.007051
-0.018974
-0.035975
-0.024625
-0.037402
-0.064721
0.016654
0.039344
-0.080187
-0.023500
-0.050949
-0.194627
-0.048848
0.125913
0.036118
-0.013309
0.015605
-0.045527
-0.106422
-0.001134
0.045220
-0.179404
-0.136955
0.035016
0.198489
0.097141
-0.138131
0.164670
0.251849
-0.142537
0.133526
0.218044
-0.222157
0.344673
0.598154
-0.074518
0.075756
0.364101
-0.034013
0.049542
0.098955
-0.274396
-0.277557
-0.203720
-0.217536
-0.221898
-0.192057
-0.110771
0.023654
0.065556
0.013829
0.129049
0.058749
-0.034843
0.045161
0.074324
0.143678
0.116936
0.086989
0.150794
0.127940
0.005868
0.061533
0.045010
-0.097298
-0.056165
-0.045436
-0.115479
-0.126250
-0.081674
-0.075436
-0.033214
-0.053332
-0.025210
-0.004056
-0.039560
-0.017759
-0.008835
-0.000202
-0.005994
0.001461
-0.008218
0.009684
0.002224
-0.017761
-0.015102
-0.020950
-0.027031
-0.026186
-0.029808
-0.034911
-0.032615
-0.038789
-0.034776
-0.025882
-0.031204
-0.020993
-0.005407
-0.006109
-0.017812
-0.020059
-0.009465
0.002790
0.014578
-0.009114
-0.040436
0.006737
0.048530
-0.044078
-0.084382
-0.066173
-0.045969
0.019439
0.034041
0.071373
-0.062178
-0.177015
0.075442
0.011693
-0.118411
0.126636
-0.019057
-0.057691
0.271054
0.036818
-0.173151
0.033830
0.093872
-0.048481
0.007687
0.153922
-0.025856
0.250289
0.508749
-0.018150
-0.096664
0.006841
-0.060501
0.149239
0.100069
-0.045559
0.095559
-0.067049
-0.182741
0.025188
-0.263505
-0.358769
-0.038405
0.055542
-0.005298
-0.029460
0.034732
-0.050523
-0.105492
0.035158
0.079722
-0.093343
-0.062563
-0.036296
-0.128418
-0.073685
-0.080348
-0.098635
-0.087269
-0.026457
-0.048159
-0.050059
-0.034596
-0.041308
-0.009800
0.015242
0.029188
0.003911
0.001641
0.005842
0.024142
0.018440
0.015787
0.033503
0.027195
0.018806
0.017284
0.019206
0.001249
-0.006797
-0.002421
0.007382
0.004137
0.003660
0.006968
0.006273
0.008472
0.003566
0.007056
0.009581
0.012906
0.014930
0.018449
0.019928
0.000322
-0.014935
0.003068
0.029023
0.031205
-0.010686
-0.031448
-0.015202
-0.037244
-0.017198
0.039073
0.023866
0.030371
0.035906
-0.042251
-0.050734
0.028495
0.065716
0.056707
0.071263
0.081523
-0.092877
-0.111484
0.112073
0.068091
-0.004629
0.163195
0.162864
-0.012602
0.118787
0.186644
-0.122228
-0.006241
0.303918
0.000867
-0.055113
0.203673
-0.190624
-0.450403
0.009090
0.136847
-0.307178
-0.065953
0.332899
-0.193742
-0.130333
0.207698
-0.085892
-0.117766
0.084004
0.021710
-0.077980
-0.012313
-0.040055
-0.082960
-0.118168
-0.030978
-0.003648
-0.000512
0.083067
0.040725
0.044930
0.061898
0.014987
-0.031436
-0.038620
-0.058740
-0.058657
-0.058426
-0.066987
-0.015959
0.013174
0.013750
0.017134
0.032868
-0.000405
-0.021910
-0.009440
-0.017721
-0.026328
-0.011900
0.000214
0.005623
0.000741
0.002910
0.011128
0.004967
-0.006197
0.000826
-0.001362
-0.005590
-0.008316
-0.007744
-0.005593
-0.003591
0.000015
-0.004858
-0.000846
0.001976
-0.008112
-0.014140
0.002201
-0.002428
-0.009031
0.012454
0.016265
-0.013508
-0.012582
-0.010457
-0.036990
-0.017217
0.013772
-0.009062
-0.019237
0.000087
-0.015878
-0.020450
-0.001319
-0.003088
-0.005036
0.001389
0.007205
0.006911
0.007071
0.010963
0.010378
0.010042
0.010409
0.010816
0.008495
0.006555
0.004244
0.003074
0.003821
0.005730
0.006687
0.006602
0.005161
0.003417
0.000662
-0.000464
0.002721
0.003721
0.003815
0.003521
0.004037
0.002166
0.002807
0.004065
0.002603
0.002139
0.002244
0.001520
0.000859
0.002172
0.001233
0.000216
-0.000299
0.000432
0.000874
0.000052
0.000365
0.000262
0.000305
0.000056
0.000420
0.001205
0.002127
0.002112
0.002025
0.001725
0.001453
0.000992
0.000651
0.000498
0.000571
0.000299
0.000182
0.000065
0.000441
0.000676
0.000640
0.000434
0.000205
-0.000045
-0.000077
0.000127
0.000458
0.000641
0.000577
0.000435
0.000380
0.000275
0.000393
0.000470
0.000405
0.000289
0.000312
0.000296
0.000379
0.000382
0.000157
-0.000009
-0.000080
-0.000131
0.000046
0.000188
0.000059
-0.000083
-0.000186
-0.000300
-0.000320
-0.000164
-0.000218
-0.000351
-0.000466
-0.000534
-0.000594
-0.000540
-0.000433
-0.000455
-0.000477
-0.000465
-0.000372
-0.000348
-0.000299
-0.000255
-0.000222
-0.000210
-0.000096