-0.021964
-0.015819
-0.006920
-0.003181
-0.005775
-0.011833
-0.010134
-0.007577
-0.013975
-0.020330
-0.015829
-0.004040
0.000768
0.008151
0.014842
-0.008659
-0.017813
0.013738
0.018737
0.001537
-0.002917
-0.013704
-0.011751
0.028723
0.053746
0.040905
0.026117
-0.006025
-0.042486
-0.053278
-0.036773
-0.010928
0.024166
0.004408
0.010396
0.071101
0.032419
-0.027328
-0.079639
-0.150779
-0.049653
0.090702
0.016167
-0.012025
0.038898
-0.064992
-0.111389
-0.093948
-0.130424
-0.075413
-0.017092
-0.028409
-0.038595
-0.008315
0.081917
0.070470
-0.071317
-0.088548
-0.010132
0.005469
0.032336
0.102086
0.107757
0.088076
0.071737
0.041929
0.042286
0.038139
0.005374
-0.002167
0.005827
-0.023034
-0.050702
-0.043620
-0.014070
-0.000286
-0.004946
0.001155
0.018013
0.022214
0.014274
0.015020
0.011083
0.006987
0.012768
0.019498
0.013558
0.007955
0.007355
0.013286
0.018824
0.014571
0.021100
0.026637
0.017513
0.006864
0.001377
-0.004096
-0.003295
0.001017
0.008214
0.014027
0.011499
0.008657
0.009626
0.007207
0.002330
-0.000021
-0.002742
-0.001760
0.004988
0.009796
0.002188
-0.002882
-0.002348
-0.001292
0.005451
0.012070
0.022170
0.019331
0.008462
0.001934
-0.007026
-0.003549
0.002024
0.015789
0.049479
0.031991
-0.014030
0.004768
0.037991
0.009848
0.014555
0.002306
-0.047683
0.054390
0.127001
0.022296
-0.055243
-0.083858
-0.101453
-0.102454
-0.077952
0.049125
0.126063
0.003707
-0.036424
0.031392
-0.005580
-0.030489
-0.056590
-0.167918
-0.121560
0.080237
0.181053
0.120941
0.056463
0.112775
0.161160
0.097672
0.014037
0.008384
0.008404
-0.008892
0.001568
0.007576
-0.025011
-0.063779
-0.026331
0.000743
-0.037551
-0.011779
0.049041
0.019708
-0.026259
0.001380
0.015153
-0.015617
-0.031689
-0.027290
-0.017861
-0.010972
-0.013470
-0.001802
0.008489
-0.002713
-0.010995
-0.006382
-0.015818
-0.031148
-0.028525
-0.028547
-0.028690
-0.015606
-0.003715
-0.004020
-0.011450
-0.015034
-0.009300
-0.013055
-0.026173
-0.026661
-0.017984
-0.012943
-0.014202
-0.014420
-0.014742
-0.015592
-0.018671
-0.012384
-0.015576
-0.026560
-0.023129
-0.017613
-0.005313
-0.001341
-0.004794
-0.008838
-0.024517
-0.019177
-0.003648
-0.006194
-0.017834
-0.014979
0.014511
0.022417
0.013457
0.021871
0.027508
0.037733
0.063872
0.074383
0.047553
-0.002154
-0.042343
-0.044874
-0.020173
0.008286
-0.001938
-0.094338
-0.147105
-0.089537
0.004962
0.020799
-0.014822
-0.004819
-0.056224
-0.067559
-0.018769
-0.076838
-0.115214
-0.066325
-0.068685
-0.117330
-0.067245
-0.021786
0.008879
0.108453
0.158047
0.081075
0.034165
0.091423
0.120140
0.089316
0.039038
0.019418
0.014742
-0.010749
-0.010627
0.032066
0.054556
0.057948
0.049363
0.017948
-0.001593
-0.002184
-0.019161
-0.042284
-0.034942
-0.023759
-0.021157
-0.009958
0.007679
0.010614
0.013959
0.015387
0.011610
0.012601
0.012905
0.007128
-0.006409
-0.009145
-0.008458
-0.006334
-0.005089
-0.000788
0.003049
0.004304
0.002939
-0.004638
-0.001832
-0.000356
-0.001617
-0.007506
-0.016271
-0.017455
-0.012015
-0.004341
-0.008661
-0.003073
0.008132
-0.006025
-0.011608
0.000087
-0.014397
-0.011411
0.009864
-0.011311
-0.023332
-0.004713
-0.012050
-0.024437
-0.029563
-0.035250
-0.002893
-0.020753
-0.024678
0.015100
-0.061463
-0.071868
0.025670
0.000109
-0.072628
-0.084617
-0.116695
-0.044955
0.067380
0.066681
0.045517
0.000555
-0.052431
-0.041515
-0.030108
-0.078554
-0.062479
0.005055
-0.028650
-0.105264
-0.078312
-0.069766
-0.097362
-0.040148
0.028174
0.042940
0.057530
0.043979
0.018324
0.007343
-0.047432
-0.016545
0.028085
-0.022272
-0.007994
0.068989
0.048141
-0.009537
0.012621
0.058585
0.061830
0.021620
0.010891
0.016006
0.020749
0.034513
0.041476
0.039314
0.040136
0.046755
0.050836
0.050911
0.034636
0.020286
0.021054
0.019631
0.013291
0.022226
0.031436
0.022233
0.013785
0.019390
0.023742
0.018641
0.016572
0.022600
0.028638
0.025996
0.019224
0.016819
0.015899
0.011227
0.012422
0.016978
0.017273
0.018861
0.017630
0.016472
0.009237
0.005970
0.015205
0.015395
0.001279
0.001180
0.016826
0.011437
0.004776
0.006758
-0.008740
-0.006234
0.024460
0.007571
-0.004302
0.020409
-0.001597
0.003259
-0.002088
-0.070388
-0.046488
-0.019733
-0.017849
0.094129
0.112577
0.040206
0.017739
-0.024061
-0.032852
-0.008546
0.052002
0.104501
0.113330
0.167680
0.159888
0.001403
-0.067406
0.009587
0.050103
0.047968
0.039648
-0.001463
-0.058890
0.005777
0.046659
-0.040330
-0.044372
-0.034188
-0.011445
0.026711
-0.003052
0.019670
0.049399
0.031687
0.021259
-0.027704
-0.058546
-0.032242
-0.008607
0.010234
-0.027003
-0.071370
-0.045529
-0.018868
-0.026715
-0.036528
-0.044380
-0.042833
-0.062166
-0.068776
-0.023135
-0.003034
-0.019448
-0.025757
-0.010647
-0.003639
-0.012057
-0.016593
-0.011820
-0.015213
-0.018492
-0.016923
-0.015390
-0.010739
-0.022486
-0.027718
-0.026941
-0.028657
-0.022927
-0.013794
-0.012158
-0.016269
-0.015597
-0.013152
-0.015391
-0.023965
-0.020454
-0.011985
-0.008941
-0.012292
-0.014281
-0.013297
-0.020308
-0.012494
0.000867
-0.002185
-0.002635
-0.008463
-0.018353
-0.017561
-0.017503
-0.006803
-0.000570
-0.006560
0.004586
0.018371
0.001670
0.003927
0.036783
0.020310
0.035922
0.022771
-0.057350
-0.043150
0.020335
0.057885
0.068090
0.032694
0.000502
0.024792
0.021296
-0.064652
-0.130369
-0.100068
-0.028882
0.024222
0.010647
-0.042646
-0.043940
-0.039321
-0.087762
-0.145053
-0.190847
-0.158127
-0.057319
-0.028269
-0.007656
0.032969
0.021426
0.045047
0.059199
0.005224
-0.031236
-0.061377
-0.039898
0.050905
0.101649
0.092916
0.064649
0.061307
0.077856
0.070126
0.051603
0.037644
0.026929
0.028043
0.037146
0.031656
-0.001799
-0.019826
-0.008992
-0.013952
-0.014374
0.006283
0.007766
0.008797
0.013838
0.009427
0.015684
0.017424
0.011301
0.011712
0.014974
0.018848
0.025226
0.028702
0.025054
0.023001
0.024901
0.019500
0.010529
0.003459
0.000619
0.003689
0.005208
0.009483
0.016270
0.014470
0.009766
0.010250
0.006149
0.000485
-0.001089
-0.001181
0.001993
0.005981
0.009975
0.017482
0.024468
-0.002230
-0.027015
-0.021849
-0.012473
0.009878
0.035482
0.012113
-0.032724
-0.020299
-0.003852
0.003441
0.060540
0.071085
-0.003282
-0.030100
-0.016850
0.001492
0.006292
-0.001476
0.047231
0.051093
0.008876
0.011539
-0.065347
-0.124071
-0.004821
-0.022249
-0.029521
0.103174
0.007872
-0.069725
0.007347
0.007497
0.005990
0.043776
-0.046385
-0.077036
0.084582
0.131116
0.028447
-0.036704
-0.015592
0.058165
0.100047
0.068083
0.062150
0.084428
0.077330
0.069970
0.052937
0.009328
-0.021612
-0.030151
-0.044024
-0.052717
-0.037456
0.010548
0.020544
-0.004945
0.008975
0.036974
0.012153
-0.024636
-0.028886
-0.032566
-0.035091
-0.031504
-0.024172
-0.013241
-0.000907
-0.008108
-0.009646
-0.007375
-0.015042
-0.013516
-0.016684
-0.023130
-0.020688
-0.015719
-0.025319
-0.030297
-0.030138
-0.022508
-0.014898
-0.023552
-0.022383
-0.017228
-0.013476
-0.015113
-0.023532
-0.027422
-0.026519
-0.029600
-0.033561
-0.028315
-0.019714
-0.013799
-0.018066
-0.022673
-0.025828
-0.035682
-0.024892
0.002078
-0.021846
-0.039223
-0.034487
-0.080485
-0.072533
-0.002466
0.038216
0.017922
-0.013348
-0.041214
-0.067185
-0.029738
0.015403
-0.034962
-0.087209
-0.064500
0.025535
0.092618
0.004371
-0.027262
0.045118
0.018239
0.032231
0.094140
-0.026337
0.028533
0.270679
0.181630
0.034891
0.082493
0.080483
0.082128
0.093715
-0.027578
-0.122201
-0.097512
-0.101815
-0.111807
-0.091716
-0.097091
-0.055238
-0.003381
-0.001257
0.026016
0.042930
-0.003739
-0.012030
0.025733
0.055308
0.071865
0.055212
0.051321
0.066447
0.046751
0.033682
0.047163
0.019388
0.001379
0.011270
-0.014832
-0.043061
-0.034271
-0.028987
-0.035445
-0.035214
-0.022935
-0.000948
-0.008361
-0.029574
-0.019319
-0.007107
-0.020614
-0.026299
-0.026902
-0.024798
-0.019383
-0.017767
-0.016802
-0.016379
-0.016684
-0.012834
-0.005858
-0.012190
-0.015273
-0.013171
-0.014541
-0.017849
-0.020981
-0.016480
-0.009534
-0.009595
-0.011208
-0.015211
-0.018665
-0.018300
-0.010711
-0.005584
-0.024195
-0.027594
0.000687
0.000693
-0.025807
-0.050134
-0.052395
-0.010516
0.019924
0.028254
-0.001226
-0.080390
-0.041870
0.013160
-0.019507
0.021721
0.008693
-0.037376
0.038983
0.075451
-0.008536
-0.057280
-0.008633
0.005443
0.020048
0.055691
-0.000131
0.048241
0.212330
0.156765
-0.003272
-0.044926
-0.044664
0.068300
0.138023
0.041949
0.009621
-0.007319
-0.054888
-0.031586
-0.061906
-0.149092
-0.104210
-0.012731
0.011105
0.014748
0.009983
-0.035369
-0.075065
-0.020814
0.037855
0.006249
-0.037638
-0.035617
-0.036960
-0.050767
-0.055705
-0.054276
-0.052764
-0.050102
-0.040811
-0.023518
-0.015904
-0.026386
-0.025577
-0.007135
-0.000382
-0.007495
-0.002663
-0.001161
-0.006776
-0.011326
-0.005295
0.000923
-0.001605
-0.002320
-0.002627
0.003892
-0.001380
-0.011702
-0.012221
-0.015225
-0.013518
-0.003817
0.000950
0.001457
0.001969
0.000632
0.001754
-0.003592
-0.005780
-0.001033
0.002309
0.006233
0.003468
-0.004336
-0.006263
0.001510
0.011604
0.010250
-0.008278
-0.016133
-0.013498
-0.006882
0.016094
0.020252
0.018592
0.024617
0.003067
-0.021029
-0.009424
0.028851
0.049908
0.043238
0.037587
-0.004499
-0.051864
-0.007133
0.041334
0.040677
0.057443
0.070617
0.034421
0.037891
0.103878
0.039139
-0.019925
0.080345
0.092351
0.035943
0.048723
0.002157
-0.139793
-0.121010
0.013252
-0.028873
-0.050865
0.040674
-0.010944
-0.062161
0.033185
0.009234
-0.057102
-0.001882
0.026132
-0.007901
-0.029790
-0.020785
-0.019213
-0.055151
-0.071946
-0.032070
0.019516
0.032750
0.018909
0.029808
0.043255
0.022148
-0.007923
-0.014259
-0.017180
-0.025444
-0.030176
-0.028704
-0.020509
-0.013050
-0.006483
-0.003016
-0.000739
-0.003987
-0.006792
-0.009556
-0.016481
-0.020015
-0.015321
-0.013321
-0.016900
-0.009241
-0.002544
-0.000184
-0.001411
-0.003908
-0.002678
-0.001548
-0.001922
-0.006035
-0.003721
-0.003163
-0.008691
-0.006127
-0.005867
-0.006154
-0.002178
-0.001098
-0.002393
-0.000829
0.002096
0.001313
0.000461
0.002262
-0.002274
-0.008527
-0.008815
-0.015099
-0.014659
0.000937
0.003683
-0.005719
-0.006792
-0.008927
-0.012344
-0.007810
-0.003794
-0.003130
-0.001567
0.000176
0.001732
0.002797
0.002382
0.002067
0.001980
0.003040
0.003657
0.004094
0.004369
0.003404
0.001320
0.000384
0.000417
0.001307
0.001035
0.001204
0.001071
-0.000644
-0.000554
-0.000007
0.000168
0.001639
0.002761
0.002711
0.000656
0.001351
0.002331
0.000421
0.000232
0.001136
0.001721
0.001172
0.001501
0.001780
0.002343
0.001805
0.001395
0.001186
0.001829
0.002209
0.001951
0.001739
0.001819
0.001224
0.001092
0.000908
0.001109
0.001124
0.001208
0.001176
0.001055
0.000971
0.001054
0.000982
0.000893
0.000788
0.000708
0.000736
0.000806
0.000839
0.000831
0.000784
0.000623
0.000491
0.000453
0.000502
0.000586
0.000610
0.000560
0.000445
0.000307
0.000231
0.000248
0.000311
0.000317
0.000256
0.000232
0.000249
0.000234
0.000179
0.000108
0.000039
-0.000007
0.000045
0.000140
0.000138
0.000080
0.000025
-0.000062
-0.000154
-0.000080
-0.000029
-0.000035
-0.000032
-0.000020
-0.000119
-0.000086
-0.006492
-0.012324
-0.010189
-0.001189
0.004964
0.026159
0.026449
-0.024109
-0.022576
0.034830
0.019279
-0.003221
-0.004271
-0.040938
-0.022876
0.065471
0.088968
0.057487
0.034349
-0.020663
-0.087828
-0.102685
-0.071612
-0.013121
0.046531
0.003195
0.054270
0.130130
0.025134
-0.063441
-0.169360
-0.287752
-0.020752
0.164974
-0.030705
0.024955
0.084316
-0.143025
-0.148203
-0.143773
-0.244871
-0.095416
0.019753
-0.011604
-0.049931
0.013587
0.234997
0.144711
-0.149934
-0.100708
0.002782
-0.021708
0.091811
0.197005
0.150615
0.175608
0.149605
0.054053
0.030394
0.044364
-0.025189
-0.040624
-0.007491
-0.050740
-0.094424
-0.075223
0.023835
0.041107
-0.003860
0.003254
0.046083
0.045686
0.017377
0.003261
0.000618
0.013124
0.027183
0.031242
0.024745
0.023984
0.015578
0.013062
0.006860
0.001191
0.000712
-0.001813
-0.008924
-0.012570
-0.008088
-0.009801
0.001502
0.009725
0.007943
0.000553
-0.006913
-0.007643
-0.002743
0.010144
0.011115
0.005093
0.003750
0.002981
0.015700
0.016563
-0.005078
-0.009037
-0.008009
-0.000503
0.014001
0.023778
0.034673
0.023161
0.006572
-0.003900
-0.020743
-0.008860
0.010097
0.043527
0.093641
0.034990
-0.033129
0.027132
0.053021
-0.003325
0.041381
-0.029180
-0.101323
0.141897
0.210270
-0.022239
-0.115254
-0.149488
-0.185488
-0.172658
-0.113485
0.139146
0.198815
-0.023721
0.011333
0.051359
-0.080669
-0.022590
-0.099298
-0.346427
-0.147281
0.237053
0.318972
0.164079
0.114069
0.243602
0.256629
0.071305
-0.052348
-0.067457
-0.075161
-0.011144
0.018954
-0.016491
-0.067212
-0.051276
0.027122
-0.004785
-0.093424
-0.031372
0.061876
-0.004318
-0.025699
0.016577
-0.005556
-0.017707
0.008701
-0.014994
-0.038627
-0.019315
-0.013830
-0.023903
-0.029817
-0.018356
-0.028470
-0.029920
-0.033246
-0.032295
-0.040431
-0.040675
-0.025360
-0.026075
-0.015063
-0.025595
-0.028614
-0.023321
-0.011500
-0.007535
-0.017537
-0.014792
-0.017323
-0.007836
-0.007206
-0.013138
-0.013972
-0.015340
-0.009593
0.000938
-0.009537
-0.031080
-0.034836
-0.024721
-0.001608
0.004988
-0.001416
-0.009483
-0.027080
-0.000758
0.016985
-0.006980
-0.022107
-0.001080
0.044582
0.044452
0.030461
0.049465
0.048136
0.063668
0.118704
0.109876
0.041064
-0.039668
-0.093135
-0.080926
-0.039823
0.019227
-0.015877
-0.186575
-0.238714
-0.108667
0.036281
0.024483
-0.009655
-0.000395
-0.103743
-0.079807
-0.024103
-0.177785
-0.177714
-0.022376
-0.103337
-0.175448
-0.051207
0.000088
0.060115
0.253598
0.305775
0.090573
0.030506
0.159925
0.193422
0.098234
0.033229
0.011922
0.007699
-0.012498
0.003747
0.036899
0.056042
0.129620
0.076869
-0.011006
-0.028671
-0.004629
-0.056333
-0.074270
-0.021544
-0.018031
-0.009508
0.006423
0.044522
0.020352
0.009863
0.007106
-0.002575
0.002029
-0.008635
-0.008329
-0.031342
-0.023547
-0.009865
-0.011110
-0.012656
-0.012663
-0.017298
-0.030249
-0.026105
-0.026324
-0.019766
-0.010718
-0.005840
-0.011439
-0.021130
-0.018501
-0.005304
0.005250
-0.004191
0.007623
0.014359
-0.018835
-0.009113
0.010946
-0.026882
-0.004430
0.031156
-0.022509
-0.026095
0.011160
-0.023091
-0.039108
-0.051842
-0.047427
0.007597
-0.040892
-0.001450
0.037061
-0.132537
-0.074995
0.101035
-0.035385
-0.111527
-0.107304
-0.195520
-0.013341
0.160326
0.126714
0.073829
-0.014869
-0.087223
-0.044662
-0.100244
-0.172742
-0.066212
0.045431
-0.042705
-0.160119
-0.089643
-0.115171
-0.128767
0.001584
0.089514
0.068720
0.103527
0.075056
0.039774
-0.001661
-0.085183
0.023736
0.051612
-0.037680
0.035874
0.132560
0.042266
0.002395
0.048262
0.097117
0.096298
0.027749
-0.000292
-0.000656
0.036734
0.088931
0.077661
0.049609
0.080442
0.083521
0.054684
0.040393
0.036839
0.007375
0.010934
0.033476
0.012439
0.015766
0.031916
0.030307
0.016501
0.018976
0.010764
0.004952
0.010634
0.010997
0.014346
0.005685
0.007599
0.009125
0.014514
0.014612
0.011824
0.013912
0.009672
0.007337
0.004153
0.005536
-0.004703
0.002392
0.021574
0.013792
-0.008133
0.001472
0.017535
0.001348
-0.000238
0.002003
-0.033820
-0.009110
0.049500
-0.000910
-0.003355
0.037540
-0.011998
0.016716
-0.018814
-0.139220
-0.054129
-0.033282
-0.001424
0.218785
0.170247
0.052228
0.040040
-0.063983
-0.075224
-0.011529
0.085799
0.173104
0.191183
0.304024
0.237429
-0.109646
-0.128596
0.021072
0.033056
0.041696
0.045182
-0.070872
-0.137802
0.065993
0.080876
-0.116377
-0.077884
-0.029513
-0.021565
0.017857
-0.043934
0.019847
0.080157
0.063731
0.069173
-0.096941
-0.142533
-0.050559
-0.024940
0.005528
-0.070959
-0.151349
-0.061310
-0.012595
-0.050965
-0.066400
-0.099376
-0.051450
-0.079843
-0.090449
-0.018535
-0.006639
-0.012572
-0.018395
0.004434
0.009757
0.006150
-0.008626
-0.000335
0.000149
-0.013069
-0.022180
-0.024146
-0.002775
-0.015358
-0.024246
-0.024338
-0.020991
-0.007802
-0.008877
-0.011808
-0.016675
-0.023310
-0.013104
-0.007396
-0.007820
-0.001085
0.001987
0.002023
-0.003689
-0.007876
-0.018762
-0.029234
-0.007071
0.012639
0.004817
0.003366
-0.008161
-0.027336
-0.027136
-0.026757
-0.013769
-0.006057
-0.007849
0.024310
0.038267
-0.012232
0.019070
0.063007
0.022753
0.074780
0.015895
-0.127509
-0.061189
0.054527
0.092680
0.118935
0.034793
-0.006732
0.053669
0.005712
-0.157345
-0.252180
-0.163483
-0.008240
0.076042
0.011971
-0.074031
-0.052435
-0.032864
-0.129945
-0.252412
-0.340645
-0.218858
-0.015254
-0.006480
0.045972
0.103773
0.080045
0.157299
0.129028
-0.026107
-0.091847
-0.130231
-0.054426
0.135099
0.185831
0.163601
0.133896
0.135254
0.162583
0.084830
0.025875
0.011736
0.004221
0.031736
0.049026
0.033899
-0.006102
-0.000300
0.027913
-0.004236
-0.015062
0.004657
-0.016080
0.000831
0.019564
0.001084
0.013875
0.031940
0.041447
0.040428
0.025763
0.014801
0.012760
0.007527
0.000588
-0.003240
-0.004804
-0.003104
-0.005817
-0.004689
-0.005393
-0.005247
-0.003765
-0.002103
0.003832
-0.005381
-0.007689
0.002757
0.003080
0.005217
0.006198
0.001783
0.001538
0.009062
0.012174
0.026827
0.033370
-0.019256
-0.044549
-0.026918
-0.012800
0.033148
0.072601
-0.002497
-0.060999
-0.018132
-0.006637
0.013371
0.127423
0.110212
-0.029524
-0.042030
-0.027415
-0.007392
-0.002933
0.017276
0.100714
0.068891
0.013475
0.030017
-0.184212
-0.216305
0.056341
-0.073044
-0.012966
0.207648
-0.046526
-0.103139
0.067051
-0.028124
0.012316
0.083054
-0.141576
-0.103884
0.179699
0.217901
0.005002
-0.086081
0.009278
0.146028
0.145351
0.059669
0.070603
0.091914
0.122938
0.117783
0.032685
-0.056210
-0.032817
-0.062663
-0.093054
-0.095562
-0.077664
0.032043
0.047305
0.019897
0.021030
0.045214
-0.017391
-0.041174
-0.040483
-0.081936
-0.065400
-0.040810
-0.022925
-0.024177
0.008093
-0.006548
-0.030841
-0.020926
-0.030600
-0.036876
-0.045477
-0.043216
-0.037546
-0.032628
-0.035112
-0.033118
-0.026701
-0.015993
-0.014038
-0.027843
-0.033521
-0.030394
-0.020621
-0.015651
-0.018880
-0.022979
-0.018231
-0.021092
-0.023671
-0.016230
-0.011712
-0.013111
-0.027171
-0.029374
-0.034763
-0.051713
-0.011063
0.030476
-0.030141
-0.037327
-0.046947
-0.141400
-0.091850
0.046557
0.077480
0.032701
-0.002134
-0.066248
-0.103939
-0.018454
0.047032
-0.087258
-0.142425
-0.055038
0.107993
0.160902
-0.010950
0.001576
0.106259
0.013415
0.108744
0.144116
-0.161157
0.131096
0.529436
0.202139
0.006949
0.128606
0.065121
0.119843
0.124588
-0.170973
-0.291813
-0.180349
-0.132029
-0.164842
-0.187092
-0.127535
0.003372
0.037159
0.031216
0.083326
0.036136
-0.032503
0.027738
0.052913
0.072441
0.114974
0.086809
0.098709
0.119401
0.026672
0.021194
0.038063
-0.035807
-0.038574
-0.020325
-0.083084
-0.102853
-0.034691
-0.036844
-0.036184
-0.034210
-0.024575
-0.007511
-0.023474
-0.032874
-0.022937
-0.005759
-0.016467
-0.009069
-0.011027
-0.011654
-0.004622
-0.008327
-0.014232
-0.019525
-0.022875
-0.026049
-0.021169
-0.022719
-0.025958
-0.028877
-0.028579
-0.023887
-0.021766
-0.016914
-0.012291
-0.008264
-0.012606
-0.021156
-0.019747
-0.010817
0.005791
0.005037
-0.027458
-0.023554
0.023608
0.004151
-0.043849
-0.080569
-0.077394
0.004751
0.053411
0.062507
-0.024697
-0.147829
-0.020880
0.026808
-0.046543
0.060060
0.004746
-0.058407
0.132948
0.123071
-0.064952
-0.075770
0.011507
0.014821
0.054282
0.091495
-0.031759
0.116129
0.419336
0.214686
-0.077182
-0.119258
-0.093463
0.146950
0.199772
0.006608
-0.008575
-0.046213
-0.072400
-0.012731
-0.193897
-0.299658
-0.112832
0.018177
0.030779
0.028333
-0.001908
-0.072183
-0.086403
0.017593
0.069452
-0.055306
-0.085922
-0.032470
-0.057951
-0.094688
-0.095704
-0.073104
-0.075273
-0.036255
-0.037403
-0.056592
-0.038831
-0.017222
-0.007762
0.007922
0.027086
-0.004581
-0.005156
0.011382
0.020924
0.010821
0.009484
0.017968
0.019298
0.019334
0.002333
0.005077
0.006492
0.005308
0.004637
0.001806
0.001288
0.006836
0.012240
0.005920
0.003271
0.000478
0.002988
0.004135
0.007884
0.008902
0.005802
0.010077
0.002710
-0.010167
-0.008475
0.007272
0.025937
0.015436
-0.018596
-0.030451
-0.035408
-0.017331
0.025627
0.023941
0.025474
0.036529
-0.011685
-0.050875
-0.017201
0.048700
0.075493
0.066672
0.055538
-0.040144
-0.097304
0.018465
0.070763
0.055639
0.115484
0.118846
0.017027
0.070555
0.170502
-0.008477
-0.052629
0.160103
0.113712
0.016241
0.086981
-0.066550
-0.306482
-0.134997
0.064234
-0.101671
-0.067103
0.138869
-0.060545
-0.110702
0.117892
-0.019498
-0.136024
0.034773
0.072820
-0.050809
-0.081908
-0.020911
-0.020628
-0.110251
-0.074446
-0.022241
0.006078
0.060709
0.049003
0.028083
0.051248
0.049682
-0.025122
-0.041315
-0.030892
-0.037266
-0.055956
-0.052509
-0.017940
0.003127
0.018536
0.003489
0.012142
0.009310
-0.017689
-0.017814
-0.014157
-0.010748
-0.009080
-0.000418
-0.002498
-0.001014
0.005473
0.001516
-0.002369
-0.004097
-0.004306
-0.009551
-0.007179
-0.005322
-0.004898
-0.005254
-0.006970
-0.000543
-0.000014
-0.000727
-0.000756
-0.006068
-0.011952
-0.006243
-0.002345
-0.004589
0.003961
0.010453
-0.001539
-0.009002
-0.010999
-0.028496
-0.022419
0.004689
-0.000850
-0.012802
-0.006195
-0.011492
-0.015978
-0.004528
-0.001106
-0.004584
-0.001333
0.005109
0.006317
0.004421
0.006699
0.009247
0.008443
0.008084
0.007505
0.005879
0.006345
0.006988
0.006444
0.004323
0.004931
0.005718
0.005424
0.005518
0.002202
-0.001477
-0.002618
0.000035
0.001931
0.003542
0.003515
0.002099
0.001774
0.001704
0.002922
0.003122
0.002452
0.002274
0.000736
-0.000174
-0.000120
0.001017
0.001042
0.000160
0.000334
0.000557
0.001141
0.001431
0.001735
0.001348
0.001310
0.000820
0.001083
0.001660
0.001910
0.001370
0.000808
0.000309
0.000330
0.000464
0.000915
0.000980
0.001035
0.000755
0.000569
0.000595
0.000683
0.000607
0.000556
0.000342
0.000129
0.000103
0.000303
0.000554
0.000768
0.000746
0.000510
0.000358
0.000306
0.000405
0.000614
0.000655
0.000475
0.000357
0.000263
0.000206
0.000276
0.000278
0.000166
0.000045
-0.000093
-0.000092
0.000075
0.000166
0.000103
-0.000090
-0.000369
-0.000495
-0.000353
-0.000200
-0.000237
-0.000371
-0.000540
-0.000652
-0.000560
-0.000383
-0.000259
-0.000262
-0.000265
-0.000289
-0.000246
-0.000175
-0.000071