0.448181
0.442732
0.424055
0.395523
0.360366
0.321264
0.280284
0.239138
0.199569
0.163662
0.133874
0.112740
0.102314
0.103540
0.115805
0.136842
0.163078
0.190320
0.214590
0.232842
0.243351
0.245685
0.240309
0.228019
0.209437
0.184765
0.153894
0.116795
0.074019
0.027082
-0.021476
-0.068389
-0.110287
-0.144410
-0.169184
-0.184463
-0.191354
-0.191691
-0.187372
-0.179784
-0.169532
-0.156555
-0.140566
-0.121621
-0.100584
-0.079291
-0.060320
-0.046457
-0.040024
-0.042328
-0.053413
-0.072211
-0.097013
-0.126081
-0.158155
-0.192665
-0.229576
-0.268925
-0.310255
-0.352180
-0.392272
-0.427357
-0.454132
-0.469911
-0.473251
-0.464240
-0.444376
-0.416077
-0.382030
-0.344603
-0.305527
-0.265936
-0.226693
-0.188842
-0.153942
-0.124106
-0.101680
-0.088646
-0.085936
-0.092927
-0.107299
-0.125331
-0.142580
-0.154716
-0.158269
-0.151072
-0.132297
-0.102143
-0.061339
-0.010708
0.049036
0.117160
0.192544
0.273223
0.356100
0.436982
0.511024
0.573475
0.620522
0.649980
0.661607
0.656965
0.638883
0.610733
0.575747
0.536602
0.495367
0.453754
0.413507
0.376710
0.345822
0.323379
0.311435
0.310938
0.321274
0.340180
0.364084
0.388796
0.410340
0.425673
0.433073
0.432110
0.423253
0.407302
0.384882
0.356199
0.321148
0.279702
0.232421
0.180820
0.127449
0.075574
0.028572
-0.010791
-0.040937
-0.061715
-0.074225
-0.080298
-0.081825
-0.080187
-0.075982
-0.069145
-0.059383
-0.046745
-0.032089
-0.017244
-0.004782
0.002517
0.002337
-0.006621
-0.024396
-0.049912
-0.081454
-0.117278
-0.156116
-0.197393
-0.241065
-0.287164
-0.335227
-0.383859
-0.430628
-0.472351
-0.505720
-0.528042
-0.537868
-0.535280
-0.521767
-0.499744
-0.471890
-0.440567
-0.407501
-0.373819
-0.340378
-0.308218
-0.278890
-0.254503
-0.237398
-0.229550
-0.231887
-0.243783
-0.262909
-0.285542
-0.307234
-0.323651
-0.331318
-0.328063
-0.313057
-0.286492
-0.249096
-0.201687
-0.144979
-0.079697
-0.006961
0.071266
0.151891
0.230722
0.302917
0.363726
0.409339
0.437570
0.462570
0.405705
0.346614
0.287242
0.229842
0.177400
0.133584
0.102168
0.086085
0.086478
0.102088
0.129253
0.162573
0.196043
0.224308
0.243644
0.252362
0.250573
0.239449
0.220309
0.193917
0.160246
0.118798
0.069323
0.012613
-0.048979
-0.111559
-0.170297
-0.220442
-0.258415
-0.282583
-0.293461
-0.293274
-0.285041
-0.271530
-0.254472
-0.234296
-0.210475
-0.182313
-0.149846
-0.114486
-0.079135
-0.047699
-0.024175
-0.011626
-0.011431
-0.023075
-0.044545
-0.073169
-0.106567
-0.143351
-0.183301
-0.226955
-0.274790
-0.326321
-0.379495
-0.430652
-0.475099
-0.508142
-0.526217
-0.527735
-0.513366
-0.485674
-0.448265
-0.404775
-0.358067
-0.309914
-0.261242
-0.212776
-0.165778
-0.122513
-0.086200
-0.060391
-0.047975
-0.050132
-0.065647
-0.090825
-0.120101
-0.147146
-0.166122
-0.172705
-0.164568
-0.141233
-0.103442
-0.052356
0.011059
0.086205
0.172501
0.268692
0.372115
0.478302
0.581146
0.673686
0.749305
0.802994
0.832284
0.837545
0.821599
0.788785
0.743838
0.690950
0.633310
0.573219
0.512624
0.453778
0.399669
0.353967
0.320447
0.302045
0.299906
0.312773
0.336987
0.367151
0.397263
0.421973
0.437557
0.442333
0.436414
0.420976
0.397343
0.366284
0.327775
0.281324
0.226686
0.164658
0.097597
0.029404
-0.035086
-0.091118
-0.135104
-0.165407
-0.182536
-0.188709
-0.186939
-0.179989
-0.169581
-0.156139
-0.139130
-0.117850
-0.092329
-0.063971
-0.035672
-0.011331
0.005062
0.010452
0.003465
-0.015375
-0.044050
-0.079878
-0.120473
-0.164442
-0.211555
-0.262344
-0.317279
-0.375868
-0.436052
-0.494163
-0.545501
-0.585366
-0.610186
-0.618366
-0.610570
-0.589355
-0.558321
-0.521098
-0.480541
-0.438419
-0.395650
-0.352955
-0.311590
-0.273814
-0.242840
-0.222217
-0.214825
-0.221843
-0.242049
-0.271744
-0.305359
-0.336559
-0.359504
-0.369865
-0.365312
-0.345361
-0.310754
-0.262648
-0.202004
-0.129419
-0.045471
0.048586
0.150092
0.254582
0.355950
0.447236
0.521824
0.574707
0.603416
0.608323
0.592247
0.559531
0.514908