-0.010159
-0.012009
-0.013727
-0.014549
-0.009294
-0.009140
-0.014244
-0.015068
-0.011757
-0.006247
-0.000730
0.012776
0.017659
-0.015034
-0.017936
0.024658
0.019598
-0.002269
-0.004859
-0.022201
-0.012111
0.044616
0.065537
0.042502
0.024091
-0.015017
-0.057459
-0.063372
-0.041273
-0.007414
0.034518
0.001044
0.018336
0.088193
0.025950
-0.044680
-0.109623
-0.183670
-0.024626
0.126866
-0.007998
-0.014888
0.054910
-0.092099
-0.129035
-0.107483
-0.150618
-0.067460
-0.007729
-0.032446
-0.036625
0.007123
0.124946
0.083052
-0.109410
-0.089583
0.001689
0.003241
0.061928
0.126106
0.115413
0.114759
0.086559
0.033637
0.038960
0.035059
-0.000847
-0.001090
0.002775
-0.025579
-0.058931
-0.049735
0.005240
0.002036
-0.021541
0.000814
0.030611
0.035665
0.013333
0.002383
0.009725
0.014557
0.001735
0.001050
0.010436
0.014186
0.014795
0.014739
0.012143
0.015897
0.018018
0.013486
0.008746
0.002209
0.003675
0.007096
0.009772
0.009710
0.010172
0.011392
0.009028
-0.000758
-0.002695
0.005763
0.006944
0.000698
-0.001457
0.000111
0.008228
0.010295
-0.004453
-0.006503
-0.003766
0.000381
0.010318
0.018625
0.028188
0.018614
0.005044
0.001023
-0.009152
-0.005555
0.004096
0.027066
0.063930
0.026467
-0.028297
0.014496
0.051229
0.001841
0.014719
-0.003799
-0.057213
0.087960
0.149402
-0.006127
-0.080060
-0.099188
-0.119158
-0.113917
-0.082418
0.085516
0.156299
-0.021735
-0.041782
0.039548
-0.020486
-0.036765
-0.082529
-0.218549
-0.106844
0.144034
0.216936
0.124409
0.056308
0.141732
0.190050
0.078058
-0.013401
-0.009018
0.001298
0.010295
0.005371
-0.001996
-0.026310
-0.064364
-0.020492
-0.001946
-0.058476
-0.013524
0.068595
0.014555
-0.031474
0.001669
0.003633
-0.009608
-0.026861
-0.043710
-0.031001
-0.006381
-0.005434
-0.010540
-0.012263
-0.017639
-0.012171
-0.010014
-0.023674
-0.032398
-0.022700
-0.008063
-0.014158
-0.017100
-0.007298
-0.010890
-0.016383
-0.017665
-0.017296
-0.017877
-0.015677
-0.015430
-0.018133
-0.018945
-0.016072
-0.012107
-0.017766
-0.022793
-0.017107
-0.002303
-0.009750
-0.024914
-0.025021
-0.018861
-0.003357
-0.001886
-0.007854
-0.014500
-0.028256
-0.010491
0.006593
-0.008606
-0.023011
-0.009311
0.027225
0.026693
0.009801
0.025988
0.037344
0.046690
0.075478
0.080122
0.044960
-0.012307
-0.057421
-0.049996
-0.014919
0.015898
-0.012682
-0.128708
-0.173701
-0.086909
0.024095
0.019680
-0.020587
-0.006257
-0.071529
-0.067169
-0.016376
-0.106962
-0.138688
-0.052930
-0.078709
-0.141736
-0.062221
-0.012135
0.033522
0.152532
0.190618
0.069695
0.033957
0.123608
0.142585
0.092857
0.033905
0.024558
0.018045
-0.007065
-0.011345
0.028197
0.070213
0.075259
0.046312
-0.000252
-0.006732
0.006441
-0.025030
-0.051362
-0.035268
-0.019518
-0.019912
-0.009744
0.009270
0.002287
0.004230
0.008304
0.004161
-0.001420
0.000885
0.000847
-0.005654
-0.005612
-0.010328
-0.005434
-0.000708
0.003348
-0.001236
-0.003918
-0.000741
-0.002880
-0.002339
-0.003116
-0.001882
-0.007499
-0.014926
-0.015611
-0.008790
-0.003013
-0.007927
0.003233
0.009354
-0.014851
-0.013532
0.005086
-0.018401
-0.013957
0.015076
-0.013861
-0.022717
0.001298
-0.016686
-0.028540
-0.033965
-0.038392
0.002808
-0.025811
-0.019077
0.023197
-0.086257
-0.074442
0.053381
-0.012191
-0.093600
-0.092681
-0.133548
-0.018259
0.103600
0.072256
0.046736
-0.007872
-0.067102
-0.042455
-0.042701
-0.102756
-0.059093
0.020091
-0.031351
-0.126864
-0.088185
-0.067602
-0.101535
-0.031430
0.045026
0.047731
0.073402
0.051126
0.010980
0.006834
-0.049562
-0.008899
0.039081
-0.024745
-0.003927
0.087388
0.047510
-0.009418
0.019428
0.067025
0.072188
0.020731
0.007836
0.013588
0.035370
0.059278
0.053024
0.039192
0.048179
0.050877
0.041742
0.043832
0.028311
0.012492
0.020823
0.023424
0.015150
0.020173
0.026557
0.021848
0.014848
0.016082
0.018320
0.022265
0.022895
0.022331
0.018589
0.017462
0.017914
0.012955
0.010791
0.012725
0.018024
0.018957
0.017718
0.013140
0.010913
0.012799
0.006591
0.009026
0.018849
0.014423
0.000975
0.005862
0.017511
0.006692
0.003761
0.009109
-0.013084
-0.007324
0.033378
0.005021
-0.005223
0.025959
-0.007789
0.005299
-0.007978
-0.094553
-0.045847
-0.016412
-0.011763
0.133533
0.127431
0.030796
0.015349
-0.037027
-0.039106
-0.002281
0.065809
0.127852
0.133919
0.199022
0.173208
-0.044713
-0.088728
0.030734
0.051930
0.042317
0.036517
-0.023995
-0.073793
0.031776
0.045709
-0.067327
-0.049474
-0.038125
-0.009186
0.025207
-0.013057
0.023236
0.062077
0.038990
0.013526
-0.064085
-0.081087
-0.024804
-0.012897
0.004704
-0.039475
-0.088752
-0.038406
-0.015229
-0.041194
-0.048575
-0.048652
-0.041104
-0.056740
-0.070838
-0.018782
0.017732
-0.018643
-0.032319
-0.017146
-0.011517
-0.000142
-0.012434
-0.011093
-0.007543
-0.017074
-0.016090
-0.018019
-0.017707
-0.024771
-0.025811
-0.019748
-0.015293
-0.016234
-0.013617
-0.011847
-0.013731
-0.018370
-0.020888
-0.016190
-0.017256
-0.014892
-0.011883
-0.009791
-0.009775
-0.014025
-0.019357
-0.025782
-0.013499
0.004098
-0.000308
-0.003343
-0.008378
-0.019733
-0.018802
-0.015720
-0.007886
-0.001923
-0.005652
0.010313
0.025614
-0.006293
0.006298
0.048708
0.018885
0.041644
0.015206
-0.081342
-0.041672
0.040143
0.069264
0.078037
0.028269
-0.006154
0.036770
0.013960
-0.099449
-0.161841
-0.099058
-0.004650
0.037313
0.000677
-0.056747
-0.042614
-0.042487
-0.109622
-0.182032
-0.224383
-0.153096
-0.037272
-0.023950
0.000891
0.048463
0.037725
0.070107
0.068324
-0.015903
-0.045103
-0.066068
-0.029475
0.083726
0.123180
0.109205
0.083236
0.075789
0.093299
0.069242
0.046721
0.048051
0.030010
0.027406
0.042390
0.034202
-0.000750
-0.018383
-0.015172
-0.019074
-0.009364
0.006708
0.000643
0.001050
0.007383
0.004492
0.007370
0.013185
0.012105
0.014565
0.021733
0.022116
0.024829
0.022638
0.015065
0.012675
0.013000
0.012721
0.007527
0.005589
0.008404
0.008694
0.011060
0.013845
0.012947
0.008116
0.003871
0.007385
0.006373
0.002388
0.003501
0.004646
0.004579
0.006366
0.006993
0.015359
0.022809
-0.013339
-0.034699
-0.019742
-0.007456
0.021123
0.048084
0.005513
-0.046001
-0.019374
-0.001268
0.008413
0.079699
0.078715
-0.020079
-0.036069
-0.012668
0.004736
0.006445
0.002420
0.066951
0.056480
0.000087
0.007566
-0.101565
-0.144377
0.024958
-0.036603
-0.025036
0.144055
-0.016458
-0.089980
0.032668
0.000874
0.001106
0.051779
-0.084856
-0.081264
0.125646
0.150186
0.012876
-0.059034
-0.000520
0.088399
0.106232
0.058839
0.064410
0.091241
0.096536
0.077706
0.033487
0.011519
-0.023228
-0.048156
-0.052041
-0.067140
-0.041369
0.024642
0.027687
-0.008111
0.009633
0.034732
0.000578
-0.026877
-0.043504
-0.049251
-0.033936
-0.025123
-0.022071
-0.024527
-0.010998
-0.009222
-0.015351
-0.016177
-0.017531
-0.017792
-0.013197
-0.014875
-0.025024
-0.023398
-0.025585
-0.025969
-0.023871
-0.019525
-0.017601
-0.020009
-0.018312
-0.022014
-0.023015
-0.019144
-0.019844
-0.026326
-0.027873
-0.027804
-0.027896
-0.021241
-0.016916
-0.014334
-0.022060
-0.026516
-0.027911
-0.041864
-0.022110
0.010946
-0.025090
-0.040065
-0.038654
-0.099514
-0.074523
0.019931
0.051091
0.012637
-0.019574
-0.049946
-0.073417
-0.020378
0.025269
-0.054018
-0.105885
-0.057283
0.054217
0.113827
-0.011505
-0.027800
0.072269
0.020670
0.042893
0.103793
-0.060510
0.068166
0.355882
0.167074
0.005293
0.102506
0.082934
0.090557
0.093648
-0.083307
-0.159782
-0.099067
-0.109096
-0.133107
-0.117733
-0.093308
-0.036122
0.000457
0.002005
0.032131
0.044440
0.000919
-0.006567
0.018780
0.062327
0.081735
0.053995
0.060207
0.060866
0.034879
0.039631
0.051853
0.005200
-0.012825
0.005696
-0.015734
-0.035997
-0.031911
-0.027645
-0.021158
-0.022700
-0.017607
-0.007552
-0.021497
-0.030295
-0.022434
-0.015897
-0.027165
-0.033804
-0.027769
-0.020659
-0.026050
-0.024443
-0.015199
-0.015584
-0.018928
-0.015226
-0.008543
-0.009704
-0.010699
-0.015831
-0.015036
-0.012919
-0.014190
-0.013533
-0.010935
-0.009908
-0.011111
-0.019506
-0.023234
-0.016462
-0.004633
-0.002836
-0.027045
-0.027842
0.007208
-0.000056
-0.036636
-0.060551
-0.055907
0.000457
0.033298
0.036180
-0.012308
-0.104924
-0.030358
0.026121
-0.030492
0.026964
0.002115
-0.048056
0.068843
0.087737
-0.039034
-0.064961
0.008177
0.012999
0.027719
0.060069
-0.010318
0.077007
0.279137
0.156064
-0.048350
-0.062501
-0.034179
0.107756
0.151650
0.018805
-0.002291
-0.007018
-0.062071
-0.044978
-0.098231
-0.188669
-0.095681
0.002151
0.013661
0.013380
0.001847
-0.036031
-0.079340
-0.018849
0.043332
-0.013078
-0.049313
-0.030678
-0.054842
-0.064067
-0.051254
-0.059189
-0.058307
-0.055194
-0.049572
-0.018867
-0.003775
-0.017294
-0.019773
0.002239
0.015571
0.001215
-0.009107
-0.005252
0.001484
-0.001570
0.002113
0.003128
0.000198
-0.000549
-0.004210
-0.003247
-0.005302
-0.006952
-0.007508
-0.004745
-0.003049
0.002932
0.005621
-0.000849
-0.001919
-0.002995
-0.002372
-0.001796
0.000310
0.001071
0.001076
0.004780
-0.000187
-0.011944
-0.012131
0.004397
0.018923
0.011012
-0.013638
-0.020084
-0.016945
-0.007355
0.021072
0.022106
0.020257
0.028015
-0.001436
-0.029966
-0.009908
0.039502
0.059464
0.047088
0.036690
-0.021005
-0.067269
0.007062
0.057509
0.042104
0.067439
0.081497
0.028798
0.046620
0.124272
0.020524
-0.028964
0.115000
0.101188
0.022145
0.053416
-0.018134
-0.189411
-0.118718
0.039478
-0.051606
-0.061198
0.072660
-0.026238
-0.080111
0.060573
-0.005517
-0.077349
0.016708
0.031864
-0.028675
-0.038416
-0.015161
-0.029013
-0.067555
-0.076242
-0.032545
0.024007
0.044945
0.024092
0.023162
0.056847
0.034884
-0.015105
-0.014504
-0.017221
-0.026689
-0.031011
-0.035405
-0.021384
-0.004025
-0.004296
-0.004828
0.002784
-0.006540
-0.014651
-0.015495
-0.012302
-0.014294
-0.012829
-0.008018
-0.010091
-0.007165
-0.006855
-0.006924
-0.006019
-0.002474
-0.002106
-0.005288
-0.001791
-0.002066
-0.006319
-0.007760
-0.006849
-0.003995
-0.002745
0.000130
0.000673
-0.002497
-0.006517
-0.001624
0.000085
-0.005267
0.001079
0.007206
-0.001205
-0.009607
-0.009596
-0.017410
-0.014911
0.002029
0.000555
-0.008603
-0.006147
-0.010265
-0.014943
-0.006117
-0.002651
-0.004403
-0.001475
0.001414
0.002898
0.002959
0.003975
0.003678
0.003369
0.005061
0.005018
0.006178
0.006066
0.002736
0.000565
0.002498
0.003055
0.002637
0.002909
0.003095
0.001941
0.000210
-0.001125
-0.001727
0.000012
0.002435
0.002725
0.002290
0.000961
0.000906
0.000148
0.000943
0.001743
0.000876
0.001587
0.001000
0.000531
0.000410
0.000931
0.000570
0.001304
0.001584
0.002531
0.003096
0.003214
0.002488
0.001691
0.000962
0.001024
0.000695
0.000896
0.000859
0.000984
0.000821
0.000908
0.001034
0.001203
0.001193
0.001084
0.000854
0.000612
0.000551
0.000717
0.000849
0.000907
0.000723
0.000490
0.000427
0.000435
0.000495
0.000618
0.000653
0.000539
0.000415
0.000280
0.000216
0.000295
0.000422
0.000385
0.000294
0.000262
0.000252
0.000301
0.000274
0.000134
0.000063
0.000080
0.000169
0.000228
0.000165
0.000055
-0.000079
-0.000234
-0.000314
-0.000255
-0.000180
-0.000011
0.000004
-0.000154
-0.000324
-0.000323
-0.000289
-0.000132
0.001197
-0.002291
-0.014451
-0.018825
-0.015633
-0.003243
0.003386
0.021691
0.022923
-0.021212
-0.019674
0.033396
0.021712
-0.005651
-0.008503
-0.036432
-0.014290
0.065951
0.079059
0.047715
0.025991
-0.024703
-0.084048
-0.088852
-0.053604
-0.001631
0.046065
0.001160
0.041631
0.115398
0.023085
-0.072775
-0.167044
-0.247330
-0.000160
0.172239
-0.026964
-0.002450
0.072980
-0.126024
-0.154065
-0.149355
-0.205566
-0.064206
0.023610
-0.035778
-0.050757
0.038465
0.209495
0.097861
-0.157704
-0.087097
0.000586
-0.002528
0.108786
0.168952
0.137760
0.160909
0.110980
0.047233
0.042221
0.016759
-0.012388
-0.012592
-0.012257
-0.044069
-0.093849
-0.054557
0.039193
0.021350
-0.015389
0.011052
0.036832
0.045776
0.015320
-0.015456
0.000804
0.025929
0.023802
0.019600
0.014281
0.016832
0.019204
0.005370
-0.003863
-0.002170
0.011085
0.011120
-0.000481
-0.007626
-0.002681
0.004875
0.003280
0.000836
0.005149
0.005599
0.000594
-0.004068
0.004251
0.016703
0.011433
0.001378
-0.002017
-0.000947
0.009042
0.008696
-0.008324
-0.005068
-0.002109
0.000748
0.014640
0.027355
0.036048
0.020643
0.002568
-0.003251
-0.015167
-0.008326
0.007831
0.042300
0.087441
0.028383
-0.042053
0.023514
0.063033
0.000952
0.022843
-0.030936
-0.077527
0.143799
0.190836
-0.036783
-0.120781
-0.135592
-0.160293
-0.147252
-0.088912
0.135807
0.193034
-0.032850
-0.027463
0.039730
-0.042788
-0.026859
-0.127879
-0.313251
-0.100399
0.234459
0.291123
0.142011
0.080442
0.217233
0.233083
0.058066
-0.048629
-0.062485
-0.037666
0.022571
0.003766
-0.023830
-0.040128
-0.058681
0.018107
0.000518
-0.102791
-0.019475
0.079617
-0.001458
-0.026273
0.008405
-0.008970
-0.002892
-0.000307
-0.032677
-0.048473
-0.020656
-0.007154
-0.015449
-0.030316
-0.029518
-0.016003
-0.009303
-0.023814
-0.049602
-0.039898
-0.024317
-0.025943
-0.023468
-0.017740
-0.017886
-0.009787
-0.003822
-0.013568
-0.014966
-0.012780
-0.018027
-0.023133
-0.022903
-0.017161
-0.009842
-0.012401
-0.016781
-0.007990
0.004610
-0.009365
-0.029145
-0.032388
-0.022877
0.001362
0.006275
-0.003898
-0.014611
-0.028777
-0.002984
0.013064
-0.010089
-0.026272
-0.002658
0.044813
0.042179
0.022207
0.038245
0.047901
0.064167
0.103131
0.094209
0.034826
-0.036736
-0.089968
-0.071504
-0.015347
0.029160
-0.024875
-0.184438
-0.218497
-0.083345
0.046747
0.020023
-0.019419
-0.012499
-0.099893
-0.079162
-0.024167
-0.148837
-0.165384
-0.031089
-0.093557
-0.164968
-0.053193
-0.005642
0.068917
0.242133
0.255319
0.051755
0.034512
0.169122
0.176353
0.087244
0.026453
0.016742
0.012406
0.005355
-0.007318
0.031329
0.084087
0.109065
0.061281
-0.014743
-0.025472
-0.008416
-0.034379
-0.065040
-0.034624
-0.014990
-0.010751
0.012760
0.027556
0.007766
0.001855
0.011873
-0.000708
-0.005586
-0.004072
-0.014378
-0.025903
-0.016003
-0.017389
-0.016902
-0.006038
-0.005661
-0.010355
-0.016943
-0.017172
-0.015363
-0.004540
-0.001573
-0.008435
-0.015275
-0.019667
-0.017189
-0.009519
-0.001693
-0.004079
0.012174
0.015888
-0.019432
-0.008153
0.012064
-0.020584
-0.005616
0.022683
-0.022857
-0.027821
0.004916
-0.025058
-0.035319
-0.042467
-0.040854
0.010592
-0.030394
-0.005236
0.025057
-0.122716
-0.072829
0.088938
-0.028023
-0.118007
-0.118126
-0.174046
0.012741
0.160627
0.100008
0.053817
-0.018952
-0.082597
-0.050948
-0.083517
-0.141568
-0.055935
0.035279
-0.036972
-0.162057
-0.105280
-0.083029
-0.115907
0.004396
0.080795
0.049688
0.101939
0.076877
0.005707
-0.004977
-0.057798
0.004513
0.053145
-0.032137
0.022204
0.123940
0.042148
-0.008772
0.045199
0.092949
0.082558
0.018709
0.006009
0.003519
0.034762
0.090029
0.068616
0.043417
0.075536
0.067038
0.049299
0.054917
0.019873
0.007426
0.023620
0.020694
0.009760
0.014908
0.023520
0.026670
0.021220
0.015557
0.012479
0.011287
0.017218
0.016102
0.011860
0.011104
0.014115
0.014953
0.013408
0.008925
0.008498
0.010881
0.012666
0.009276
0.004333
0.010124
0.006215
0.008141
0.019940
0.010899
-0.005562
0.003306
0.015943
0.002539
0.001060
0.004929
-0.024957
-0.003482
0.047702
0.001558
-0.004310
0.034660
-0.010971
0.009852
-0.021846
-0.130786
-0.051265
-0.018039
0.006340
0.198228
0.158507
0.033449
0.017358
-0.059716
-0.061668
0.002109
0.090384
0.168753
0.182955
0.265771
0.200392
-0.117355
-0.124528
0.047019
0.047278
0.049456
0.032409
-0.080775
-0.095244
0.072827
0.048743
-0.100740
-0.069112
-0.034442
-0.008264
0.012510
-0.028372
0.014957
0.083405
0.073914
0.029848
-0.107338
-0.125000
-0.031615
-0.011634
0.000528
-0.083465
-0.131964
-0.035344
-0.007456
-0.059407
-0.066042
-0.072729
-0.049941
-0.061707
-0.089615
-0.021647
0.011098
-0.020184
-0.012294
-0.000402
-0.002207
0.013002
-0.001658
-0.012764
-0.010521
-0.025904
-0.019496
-0.011216
-0.010489
-0.014302
-0.024884
-0.021473
-0.010959
-0.017497
-0.012889
-0.007748
-0.017848
-0.013401
-0.014481
-0.012290
-0.006799
-0.006693
-0.002588
-0.006255
-0.012747
-0.012021
-0.019285
-0.027777
-0.008192
0.011115
0.005602
0.000303
-0.013625
-0.028178
-0.024991
-0.021094
-0.011106
-0.005914
-0.002374
0.022275
0.033146
-0.010281
0.016115
0.060732
0.022950
0.059647
0.003811
-0.121327
-0.049590
0.065253
0.094458
0.100766
0.021452
-0.011796
0.057051
0.005856
-0.157054
-0.232908
-0.126541
0.023048
0.064454
-0.006634
-0.075437
-0.045122
-0.031002
-0.134038
-0.260849
-0.300682
-0.172677
-0.009256
0.003007
0.027413
0.080229
0.072655
0.130969
0.096886
-0.041722
-0.092835
-0.104747
-0.018874
0.135044
0.165989
0.142303
0.120733
0.119919
0.133646
0.066295
0.020609
0.033871
0.020799
0.031291
0.053452
0.029421
0.002695
0.006046
0.002646
-0.013749
-0.013353
-0.000385
-0.006399
-0.006165
0.010393
0.009320
0.016565
0.030951
0.029163
0.023317
0.018825
0.009122
0.007090
0.010643
0.004773
0.004936
0.007381
0.007222
0.004034
-0.003622
-0.004463
-0.005335
-0.004343
0.002398
0.002449
0.000135
0.005030
0.011258
0.010949
0.006930
0.003936
0.003703
-0.000618
0.003512
0.009329
0.024007
0.031644
-0.018908
-0.043344
-0.022708
-0.004905
0.034403
0.062859
-0.007597
-0.060876
-0.015936
0.000063
0.021534
0.118589
0.095691
-0.039074
-0.049945
-0.017799
0.002678
0.002993
0.012723
0.091334
0.070011
0.008397
0.001531
-0.169234
-0.177469
0.056166
-0.062267
-0.011890
0.193612
-0.048993
-0.110724
0.060904
-0.007491
0.014108
0.064732
-0.142580
-0.082769
0.188667
0.188515
-0.015093
-0.092861
0.029402
0.135642
0.125979
0.063829
0.054484
0.090467
0.144546
0.088841
0.005162
-0.010971
-0.044010
-0.055967
-0.069418
-0.101325
-0.054902
0.051755
0.036844
-0.000093
0.024158
0.024679
-0.007134
-0.031465
-0.050850
-0.072460
-0.056360
-0.033009
-0.021799
-0.018779
-0.010020
-0.010356
-0.014103
-0.017738
-0.033062
-0.039933
-0.035419
-0.026726
-0.033302
-0.034071
-0.031481
-0.023789
-0.014726
-0.019506
-0.022643
-0.024756
-0.022331
-0.025686
-0.024147
-0.015028
-0.015219
-0.021324
-0.024538
-0.026757
-0.028423
-0.019120
-0.012131
-0.015282
-0.024332
-0.026425
-0.028692
-0.043354
-0.011916
0.024761
-0.031270
-0.043701
-0.053272
-0.133374
-0.081506
0.049395
0.075283
0.022971
-0.014642
-0.068334
-0.090672
-0.009973
0.036463
-0.085426
-0.136805
-0.046283
0.104849
0.149862
-0.020812
-0.025595
0.100230
0.037419
0.083861
0.107713
-0.123671
0.141066
0.497685
0.167858
-0.027471
0.118805
0.090964
0.119633
0.096143
-0.175904
-0.257210
-0.124959
-0.111442
-0.168188
-0.167242
-0.094362
-0.010813
0.032028
0.035390
0.033527
0.027493
0.008685
0.003055
0.033708
0.090098
0.090889
0.085531
0.099395
0.069938
0.019741
0.029134
0.034786
-0.019355
-0.030473
-0.026925
-0.052053
-0.057580
-0.036955
-0.031345
-0.032231
-0.027760
-0.010590
-0.004810
-0.033581
-0.027739
-0.004784
-0.009408
-0.021473
-0.024929
-0.020313
-0.013352
-0.022456
-0.025612
-0.014667
-0.020303
-0.021776
-0.020307
-0.017115
-0.012788
-0.015715
-0.022061
-0.022477
-0.018015
-0.019955
-0.017737
-0.013265
-0.009072
-0.010197
-0.020382
-0.020337
-0.010729
0.005565
0.000871
-0.034924
-0.026319
0.020335
0.003551
-0.047988
-0.080992
-0.066579
0.015690
0.056695
0.049848
-0.033047
-0.136403
-0.016917
0.032736
-0.035992
0.046611
-0.000763
-0.055714
0.119294
0.111288
-0.079004
-0.079026
0.018987
0.024420
0.053412
0.067805
-0.026492
0.128346
0.395204
0.178917
-0.112775
-0.110907
-0.046114
0.153960
0.194487
-0.009013
-0.033649
-0.007659
-0.061548
-0.049955
-0.170282
-0.263389
-0.093327
0.031530
0.030796
0.006108
-0.013014
-0.053377
-0.081404
0.011129
0.056133
-0.056485
-0.067378
-0.013439
-0.082100
-0.091589
-0.069383
-0.079267
-0.048536
-0.044367
-0.064087
-0.033460
-0.015572
-0.021919
-0.009435
0.005030
0.022245
0.007896
-0.002094
0.008715
0.010537
0.013551
0.014857
0.006998
0.007375
0.009277
0.000868
0.004254
0.001609
0.001678
0.005259
-0.003774
-0.002266
0.003949
0.006960
0.006158
0.004929
0.004763
0.005726
0.004706
0.002910
0.000726
0.001855
0.006574
-0.002521
-0.014178
-0.009579
0.008624
0.024667
0.009320
-0.022520
-0.029414
-0.027738
-0.008842
0.027175
0.024014
0.023808
0.032285
-0.011266
-0.047308
-0.011836
0.053142
0.074837
0.059391
0.041711
-0.042506
-0.089008
0.020969
0.075896
0.055552
0.097745
0.099602
0.017468
0.073452
0.154857
-0.014052
-0.040698
0.157395
0.116261
0.014694
0.064923
-0.064962
-0.277535
-0.112663
0.066965
-0.084848
-0.059210
0.109633
-0.059906
-0.090754
0.104388
-0.034735
-0.113840
0.054902
0.048910
-0.068282
-0.054363
-0.013442
-0.039084
-0.087211
-0.075245
-0.028888
0.021290
0.063401
0.027704
0.021183
0.068783
0.032136
-0.024554
-0.023059
-0.032171
-0.040828
-0.034136
-0.043833
-0.016830
0.011523
0.003978
0.006842
0.007181
-0.008172
-0.013631
-0.016154
-0.016098
-0.009062
-0.009924
-0.007764
-0.006790
0.000514
0.003484
-0.002206
-0.000411
-0.000643
-0.005611
-0.007931
-0.009279
-0.010001
-0.004171
-0.004268
-0.009299
-0.003814
0.000662
0.002384
-0.003068
-0.008691
-0.007539
-0.000670
0.001513
-0.005360
0.003893
0.011131
-0.004335
-0.014952
-0.015503
-0.024742
-0.017026
0.005261
0.001126
-0.008250
-0.005086
-0.012144
-0.015770
-0.004328
-0.001902
-0.006527
-0.002462
0.002976
0.003016
0.004417
0.008032
0.009369
0.008854
0.007444
0.005064
0.005796
0.007572
0.005244
0.003241
0.004097
0.003787
0.004333
0.005268
0.003608
0.001103
0.000009
-0.000527
0.001883
0.002574
0.002502
0.002688
0.000933
0.001160
0.001907
0.001770
0.001948
0.001887
0.001066
-0.001726
0.000264
0.002469
0.000816
0.000923
0.001336
0.000971
0.000161
0.000674
0.000993
0.002178
0.001747
0.001859
0.001552
0.001903
0.001941
0.001342
0.000651
0.000623
0.000176
0.000310
0.000517
0.001073
0.001127
0.001113
0.000861
0.000801
0.000714
0.000715
0.000699
0.000605
0.000420
0.000308
0.000322
0.000460
0.000607
0.000773
0.000716
0.000488
0.000338
0.000243
0.000270
0.000481
0.000554
0.000459
0.000377
0.000264
0.000206
0.000308
0.000316
0.000162
0.000057
0.000003
0.000071
0.000195
0.000192
0.000009
-0.000180
-0.000315
-0.000343
-0.000256
-0.000266
-0.000357
-0.000411
-0.000473
-0.000502
-0.000297
-0.000213
-0.000272
-0.000286
-0.000241
-0.000318
-0.000171