0.050412
0.112036
0.168926
0.217914
0.256581
0.283640
0.299057
0.303903
0.299984
0.289399
0.274166
0.256018
0.236414
0.216696
0.198290
0.182805
0.171960
0.167323
0.169932
0.179933
0.196381
0.217290
0.239941
0.261374
0.278915
0.290590
0.295314
0.292812
0.283366
0.267474
0.245591
0.218044
0.185140
0.147407
0.105854
0.062111
0.018357
-0.022964
-0.059576
-0.089801
-0.112858
-0.128926
-0.138945
-0.144247
-0.146128
-0.145533
-0.142940
-0.138475
-0.132198
-0.124419
-0.115921
-0.107975
-0.102147
-0.099939
-0.102416
-0.109945
-0.122146
-0.138072
-0.156552
-0.176558
-0.197468
-0.219119
-0.241634
-0.265100
-0.289226
-0.313117
-0.335274
-0.353835
-0.366970
-0.373322
-0.372320
-0.364281
-0.350258
-0.331720
-0.310167
-0.286834
-0.262584
-0.238007
-0.213651
-0.190289
-0.169058
-0.151401
-0.138794
-0.132338
-0.132350
-0.138112
-0.147858
-0.159033
-0.168751
-0.174298
-0.173552
-0.165180
-0.148617
-0.123846
-0.091130
-0.050806
-0.003245
0.051001
0.110944
0.174918
0.240470
0.304496
0.363598
0.414606
0.455100
0.483788
0.500638
0.506717
0.503831
0.494079
0.479476
0.461755
0.442376
0.422679
0.404091
0.388220
0.376788
0.371361
0.372979
0.381788
0.396845
0.416165
0.437032
0.456485
0.471853
0.481166
0.483339
0.478102
0.465737
0.446745
0.421586
0.390590
0.354066
0.312546
0.267044
0.219193
0.171175
0.125439
0.084266
0.049338
0.021441
0.000401
-0.014719
-0.025244
-0.032465
-0.037323
-0.040289
-0.041485
-0.040964
-0.039032
-0.036464
-0.034528
-0.034781
-0.038721
-0.047406
-0.061198
-0.079710
-0.101989
-0.126857
-0.153281
-0.180632
-0.208740
-0.237722
-0.267660
-0.298254
-0.328605
-0.357207
-0.382190
-0.401721
-0.414433
-0.419752
-0.417985
-0.410183
-0.397807
-0.382349
-0.365041
-0.346739
-0.328026
-0.309445
-0.291764
-0.276115
-0.263933
-0.256691
-0.255482
-0.260621
-0.271383
-0.285996
-0.301904
-0.316212
-0.326206
-0.329754
-0.325524
-0.312944
-0.291994
-0.262933
-0.226094
-0.181846
-0.130736
-0.073750
-0.012551
0.280703
0.210148
0.149001
0.101534
0.072042
0.063521
0.076391
0.107780
0.151703
0.200147
0.244744
0.278513
0.297105
0.299178
0.285861
0.259572
0.222681
0.176566
0.121399
0.056718
-0.017482
-0.099631
-0.185933
-0.270537
-0.346513
-0.407365
-0.448552
-0.468486
-0.468661
-0.452883
-0.425887
-0.391859
-0.353405
-0.311303
-0.265122
-0.214381
-0.159794
-0.104052
-0.051800
-0.008785
0.019550
0.029509
0.020117
-0.006758
-0.047136
-0.096247
-0.149942
-0.205655
-0.262585
-0.321048
-0.381300
-0.442318
-0.501067
-0.552595
-0.590967
-0.610758
-0.608573
-0.584060
-0.540056
-0.481819
-0.415633
-0.347284
-0.280947
-0.218836
-0.161673
-0.109707
-0.063799
-0.026075
0.000186
0.011450
0.005290
-0.018267
-0.055975
-0.101487
-0.146416
-0.182005
-0.200893
-0.198407
-0.173019
-0.125890
-0.059766
0.022280
0.117757
0.224966
0.342458
0.468036
0.597754
0.725441
0.843039
0.941781
1.013875
1.054167
1.061236
1.037562
0.988717
0.921879
0.844178
0.761439
0.677673
0.595409
0.516589
0.443570
0.379730
0.329342
0.296704
0.284816
0.294100
0.321689
0.361600
0.405825
0.446000
0.475149
0.488926
0.485995
0.467490
0.435833
0.393401
0.341577
0.280537
0.209826
0.129445
0.040971
-0.051797
-0.142998
-0.225696
-0.293391
-0.341532
-0.368526
-0.375860
-0.367333
-0.347671
-0.321056
-0.290083
-0.255526
-0.216944
-0.173850
-0.126951
-0.078928
-0.034420
0.000834
0.021397
0.023585
0.006425
-0.028203
-0.076313
-0.133127
-0.194489
-0.257826
-0.322327
-0.388303
-0.456000
-0.524391
-0.590432
-0.649163
-0.694643
-0.721439
-0.726151
-0.708418
-0.671072
-0.619364
-0.559570
-0.497472
-0.437237
-0.381074
-0.329699
-0.283355
-0.242898
-0.210448
-0.189279
-0.182921
-0.193793
-0.221868
-0.263892
-0.313514
-0.362344
-0.401622
-0.423981
-0.424747
-0.402387
-0.358060
-0.294509
-0.214804
-0.121434
-0.016096
0.099764
0.223947
0.352513
0.479289
0.596219
0.694538
0.766452
0.806807
0.814184
0.791062
0.743013
0.677212
0.600790
0.519571
0.437563
0.357294