0.240453
0.288553
0.323712
0.344905
0.352530
0.348154
0.334058
0.312744
0.286560
0.257538
0.227454
0.198028
0.171117
0.148770
0.133069
0.125779
0.127906
0.139326
0.158635
0.183292
0.210035
0.235471
0.256651
0.271471
0.278807
0.278374
0.270399
0.255273
0.233316
0.204752
0.169897
0.129450
0.084760
0.037911
-0.008429
-0.051404
-0.088476
-0.117897
-0.138983
-0.152106
-0.158417
-0.159404
-0.156441
-0.150492
-0.142061
-0.131383
-0.118757
-0.104875
-0.091000
-0.078893
-0.070515
-0.067595
-0.071221
-0.081600
-0.098079
-0.119408
-0.144151
-0.171088
-0.199454
-0.228936
-0.259434
-0.290693
-0.321959
-0.351806
-0.378235
-0.399007
-0.412131
-0.416326
-0.411314
-0.397835
-0.377411
-0.351925
-0.323206
-0.292730
-0.261556
-0.230483
-0.200328
-0.172180
-0.147505
-0.127994
-0.115209
-0.110113
-0.112654
-0.121561
-0.134438
-0.148137
-0.159311
-0.164980
-0.162939
-0.151915
-0.131468
-0.101717
-0.063040
-0.015897
0.039164
0.101298
0.169073
0.240239
0.311690
0.379692
0.440369
0.490303
0.527097
0.549724
0.558581
0.555233
0.541961
0.521267
0.495496
0.466681
0.436598
0.406966
0.379644
0.356679
0.340155
0.331838
0.332733
0.342721
0.360397
0.383220
0.407934
0.431145
0.449906
0.462117
0.466656
0.463241
0.452101
0.433631
0.408153
0.375897
0.337180
0.292706
0.243827
0.192634
0.141796
0.094176
0.052314
0.017964
-0.008185
-0.026499
-0.038126
-0.044547
-0.047131
-0.046838
-0.044166
-0.039342
-0.032661
-0.024810
-0.017044
-0.011119
-0.008990
-0.012380
-0.022370
-0.039162
-0.062096
-0.089915
-0.121177
-0.154656
-0.189579
-0.225629
-0.262698
-0.300525
-0.338348
-0.374738
-0.407686
-0.434948
-0.454526
-0.465135
-0.466487
-0.459319
-0.445144
-0.425841
-0.403232
-0.378786
-0.353558
-0.328341
-0.303944
-0.281453
-0.262325
-0.248249
-0.240781
-0.240878
-0.248482
-0.262319
-0.279986
-0.298331
-0.314004
-0.324020
-0.326168
-0.319172
-0.302588
-0.276530
-0.241375
-0.197577
-0.145682
-0.086533
-0.021556
0.047000
0.116031
0.181807
0.361622
0.289866
0.222081
0.161649
0.112891
0.080253
0.067026
0.074114
0.099302
0.137373
0.181080
0.222704
0.255689
0.275834
0.281692
0.274093
0.255056
0.226551
0.189599
0.144064
0.089192
0.024642
-0.048435
-0.126752
-0.205000
-0.276749
-0.335853
-0.377894
-0.401153
-0.406765
-0.398030
-0.379134
-0.353764
-0.324122
-0.290690
-0.252789
-0.209687
-0.161789
-0.111403
-0.062767
-0.021271
0.007850
0.020889
0.016604
-0.003617
-0.036409
-0.077649
-0.123763
-0.172637
-0.223787
-0.277756
-0.334992
-0.394677
-0.454006
-0.508236
-0.551556
-0.578490
-0.585355
-0.571264
-0.538326
-0.490981
-0.434724
-0.374704
-0.314671
-0.256646
-0.201340
-0.149117
-0.101007
-0.059332
-0.027597
-0.009646
-0.008340
-0.024253
-0.054876
-0.094678
-0.136041
-0.170809
-0.191944
-0.194772
-0.177454
-0.140603
-0.086289
-0.016881
0.065790
0.160609
0.266667
0.382282
0.504037
0.626281
0.741425
0.841022
0.917366
0.965090
0.982252
0.970560
0.934675
0.880854
0.815429
0.743618
0.669044
0.594025
0.520417
0.450551
0.387812
0.336526
0.301137
0.284942
0.288847
0.310640
0.345107
0.385006
0.422620
0.451397
0.467142
0.468411
0.456038
0.432049
0.398416
0.356167
0.305171
0.244678
0.174353
0.095355
0.010974
-0.073474
-0.151552
-0.217109
-0.265720
-0.295660
-0.308057
-0.306205
-0.294282
-0.275968
-0.253460
-0.227231
-0.196595
-0.160815
-0.120287
-0.077311
-0.036119
-0.002094
0.019538
0.025076
0.013286
-0.014437
-0.054720
-0.103433
-0.156995
-0.213283
-0.271808
-0.333104
-0.397613
-0.464509
-0.530980
-0.592276
-0.642579
-0.676406
-0.690067
-0.682670
-0.656316
-0.615437
-0.565524
-0.511719
-0.457766
-0.405679
-0.356165
-0.309580
-0.266951
-0.230592
-0.204005
-0.191027
-0.194516
-0.215039
-0.250085
-0.294117
-0.339513
-0.378113
-0.402875
-0.409122
-0.395012
-0.361155
-0.309616
-0.242763
-0.162425
-0.069712
0.034466
0.148431
0.268766
0.389823
0.504012
0.602889
0.678749
0.726223
0.743371
0.731902
0.696474
0.643346
0.578848
0.508198
0.435017