0.556596
0.428378
0.254499
0.108600
0.053141
0.115514
0.277561
0.482482
0.656515
0.737090
0.696713
0.553457
0.364046
0.202183
0.130390
0.176125
0.321294
0.509165
0.666043
0.729424
0.671884
0.511563
0.305253
0.126723
0.038560
0.068287
0.197875
0.370651
0.512981
0.562418
0.491594
0.318699
0.100577
-0.088958
-0.187274
-0.166808
-0.045555
0.119848
0.255794
0.299863
0.224706
0.048532
-0.171803
-0.362476
-0.460851
-0.439364
-0.316014
-0.147446
-0.007281
0.042045
-0.026837
-0.195743
-0.407847
-0.589357
-0.677673
-0.645272
-0.510195
-0.329134
-0.175759
-0.112558
-0.166955
-0.320822
-0.517394
-0.682940
-0.754922
-0.705883
-0.553928
-0.355818
-0.185287
-0.104892
-0.142126
-0.278929
-0.458601
-0.607479
-0.663092
-0.598045
-0.430509
-0.217304
-0.032225
0.062114
0.038164
-0.086065
-0.253925
-0.391799
-0.437258
-0.362950
-0.187079
0.033500
0.224962
0.324669
0.305052
0.184102
0.018455
-0.118280
-0.163682
-0.090394
0.083379
0.300794
0.488038
0.582487
0.556596
0.428378
0.254499
0.108600
0.053141
0.115514
0.277561
0.482482
0.656515
0.737090
0.696713
0.553457
0.364046
0.202183
0.130390
0.176125
0.321294
0.509165
0.666043
0.729424
0.671884
0.511563
0.305253
0.126723
0.038560
0.068287
0.197875
0.370651
0.512981
0.562418
0.491594
0.318699
0.100577
-0.088958
-0.187274
-0.166808
-0.045555
0.119848
0.255794
0.299863
0.224706
0.048532
-0.171803
-0.362476
-0.460851
-0.439364
-0.316014
-0.147446
-0.007281
0.042045
-0.026837
-0.195743
-0.407847
-0.589357
-0.677673
-0.645272
-0.510195
-0.329134
-0.175759
-0.112558
-0.166955
-0.320822
-0.517394
-0.682940
-0.754922
-0.705883
-0.553928
-0.355818
-0.185287
-0.104892
-0.142126
-0.278929
-0.458601
-0.607479
-0.663092
-0.598045
-0.430509
-0.217304
-0.032225
0.062114
0.038164
-0.086065
-0.253925
-0.391799
-0.437258
-0.362950
-0.187079
0.033500
0.224962
0.324669
0.305052
0.184102
0.018455
-0.118280
-0.163682
-0.090394
0.083379
0.300794
0.488038
0.582487
0.327052
0.720857
1.028985
1.135799
1.001801
0.678712
0.289716
-0.017590
-0.127573
-0.000723
0.311267
0.685255
0.973708
1.061064
0.907902
0.566020
0.158678
-0.166459
-0.293686
-0.183423
0.112700
0.471607
0.745819
0.819835
0.654285
0.301016
-0.116668
-0.451059
-0.586418
-0.483131
-0.192801
0.161517
0.432366
0.504255
0.337823
-0.015078
-0.431147
-0.762683
-0.893955
-0.785369
-0.488547
-0.126569
0.153076
0.234864
0.079394
-0.261525
-0.664641
-0.982300
-1.098830
-0.974693
-0.661572
-0.282613
0.014629
0.114560
-0.022291
-0.344191
-0.727961
-1.026025
-1.122786
-0.978786
-0.645787
-0.247011
0.069907
0.189296
0.071608
-0.231500
-0.596922
-0.877155
-0.956674
-0.796087
-0.447221
-0.033362
0.297795
0.430525
0.325224
0.033504
-0.321576
-0.592555
-0.663942
-0.496378
-0.141719
0.276727
0.611249
0.746105
0.641686
0.349598
-0.007097
-0.280932
-0.356404
-0.194140
0.154027
0.564813
0.890539
1.015496
0.900115
0.596046
0.226396
-0.061314
-0.151530
-0.004817
0.327052
0.720857
1.028985
1.135799
1.001801
0.678712
0.289716
-0.017590
-0.127573
-0.000723
0.311267
0.685255
0.973708
1.061064
0.907902
0.566020
0.158678
-0.166459
-0.293686
-0.183423
0.112700
0.471607
0.745819
0.819835
0.654285
0.301016
-0.116668
-0.451059
-0.586418
-0.483131
-0.192801
0.161517
0.432366
0.504255
0.337823
-0.015078
-0.431147
-0.762683
-0.893955
-0.785369
-0.488547
-0.126569
0.153076
0.234864
0.079394
-0.261525
-0.664641
-0.982300
-1.098830
-0.974693
-0.661572
-0.282613
0.014629
0.114560
-0.022291
-0.344191
-0.727961
-1.026025
-1.122786
-0.978786
-0.645787
-0.247011
0.069907
0.189296
0.071608
-0.231500
-0.596922
-0.877155
-0.956674
-0.796087
-0.447221
-0.033362
0.297795
0.430525
0.325224
0.033504
-0.321576
-0.592555
-0.663942
-0.496378
-0.141719
0.276727
0.611249
0.746105
0.641686
0.349598
-0.007097
-0.280932
-0.356404
-0.194140
0.154027
0.564813
0.890539
1.015496
0.900115
0.596046
0.226396
-0.061314
-0.151530
-0.004817