-0.026372
-0.031043
-0.024934
-0.018515
-0.015188
-0.016226
-0.018436
-0.015453
-0.009992
-0.007136
-0.012662
-0.014595
-0.011426
-0.002240
0.001793
0.011282
0.010227
0.000767
-0.003289
0.002989
0.020351
0.006917
-0.006695
-0.001525
-0.003701
0.018181
0.045672
0.050344
0.026510
-0.000140
-0.032316
-0.050270
-0.033375
-0.020802
0.008871
0.016688
0.038334
0.034892
0.044494
-0.010778
-0.085904
-0.087708
-0.069329
0.022238
0.059159
0.013216
0.005109
-0.007949
-0.114235
-0.118767
-0.049183
-0.108381
-0.049783
-0.002342
-0.024629
0.030574
0.016179
0.020664
0.010741
-0.063238
-0.073669
-0.007653
0.023979
0.075606
0.078472
0.039181
0.061087
0.063192
-0.002948
0.011696
0.017073
-0.012368
-0.004482
-0.035582
-0.045701
-0.035926
-0.024610
-0.000214
0.030874
0.023745
0.025318
0.041360
0.028823
0.011973
0.004653
0.004577
0.024118
0.023134
0.015364
0.026139
0.027320
0.016604
0.012302
0.008087
0.012898
0.022142
0.013945
0.012647
0.017425
0.012956
0.009989
0.012984
0.011607
0.010367
0.008330
0.004800
0.005256
0.003850
0.000278
0.002487
-0.000631
-0.000578
0.000852
0.000916
0.002601
-0.002795
-0.005427
-0.002614
-0.003114
0.010764
0.015500
0.011184
0.007571
-0.002589
0.001421
-0.005742
-0.001103
0.021979
0.035645
0.027083
0.001690
0.001439
0.023764
0.016137
0.003558
-0.003582
0.013719
0.012329
0.066738
0.071461
-0.045479
-0.067337
-0.096088
-0.110405
-0.035471
0.033893
0.072974
0.057825
0.003787
0.002280
0.028033
-0.057973
-0.085683
-0.074871
-0.114790
0.004927
0.138657
0.126755
0.112841
0.077624
0.086508
0.111229
0.038699
-0.017855
-0.031716
-0.020346
-0.012768
0.012179
-0.026619
-0.043805
-0.015528
-0.011070
0.025805
0.000272
0.015047
0.032264
0.004964
0.004179
0.005354
-0.001335
-0.006606
0.011402
-0.019604
-0.018513
0.007525
-0.011156
-0.018534
-0.023791
-0.017232
-0.000886
-0.001234
-0.017198
-0.016372
-0.007876
-0.011975
-0.012106
-0.021158
-0.022685
-0.014942
-0.014720
-0.017781
-0.023253
-0.023792
-0.018346
-0.019386
-0.024751
-0.023241
-0.020682
-0.020006
-0.019991
-0.021024
-0.021690
-0.020844
-0.024970
-0.032440
-0.022364
-0.016800
-0.007522
-0.001473
-0.011280
-0.013675
-0.017071
-0.010673
-0.004606
-0.019196
-0.012464
0.004990
0.014667
0.016090
0.013824
0.031406
0.034439
0.043228
0.060438
0.049435
0.003910
-0.041053
-0.042319
-0.018778
0.003122
-0.022025
-0.060769
-0.089857
-0.086877
-0.014455
0.014081
0.039824
0.003475
-0.038727
-0.035315
-0.047278
-0.024730
-0.110011
-0.091628
-0.051061
-0.088202
-0.079869
-0.041835
0.033741
0.047805
0.123461
0.087843
0.051679
0.057560
0.051728
0.068657
0.032774
0.013354
-0.036880
-0.023511
-0.007413
0.006809
0.030813
0.039393
0.054693
0.031822
0.002204
-0.006680
-0.001619
-0.013826
-0.023820
-0.007710
0.003649
0.015684
0.015021
0.017457
0.018864
0.016971
0.019892
0.015776
0.012712
0.010136
0.011323
0.009417
0.007574
0.001232
0.003074
0.010299
0.010618
0.001678
-0.006541
-0.005803
-0.003803
-0.001573
-0.005426
-0.007989
-0.006950
-0.011101
-0.009825
-0.010731
-0.010421
-0.009494
-0.009674
-0.013756
-0.022212
-0.018207
-0.014292
-0.015423
-0.011514
-0.000439
-0.017240
-0.019713
-0.009352
-0.024929
-0.031980
-0.020741
-0.021680
-0.017247
0.003834
-0.025504
-0.019084
-0.043797
-0.030585
0.023387
-0.056941
-0.091270
-0.068824
-0.047235
0.006504
0.090270
0.040026
0.012685
-0.022385
-0.081455
-0.027468
-0.051328
-0.076224
-0.035865
-0.014456
-0.066118
-0.086072
-0.079223
-0.068700
-0.044889
0.005291
0.051270
0.057508
0.034936
0.016031
-0.019955
-0.019373
-0.034515
-0.034463
0.016619
-0.007381
0.017261
0.028768
0.008148
0.007986
0.024178
0.027492
0.037361
0.037191
0.004347
0.015196
0.031679
0.050525
0.044950
0.028301
0.045300
0.050920
0.046019
0.038942
0.027831
0.014748
0.021695
0.029425
0.028448
0.035368
0.031935
0.033950
0.036743
0.032479
0.023096
0.027091
0.027609
0.024020
0.027991
0.027558
0.028029
0.026440
0.021014
0.020777
0.026146
0.022041
0.016036
0.013220
0.010879
0.012298
0.010301
0.009692
0.014848
0.006731
0.005948
0.010627
0.007972
0.001489
-0.000486
-0.000984
-0.002345
0.003255
0.011571
0.010287
-0.001040
0.010933
-0.002122
-0.024670
-0.025008
-0.062180
-0.037476
0.023333
0.036529
0.098270
0.076718
-0.015245
0.004523
-0.036737
-0.035385
0.049852
0.065509
0.122411
0.138285
0.117923
0.042842
-0.036766
-0.032957
0.033826
0.036820
0.029444
0.033412
-0.031957
-0.011526
0.019144
0.024564
-0.028281
-0.021063
0.014705
0.003533
0.062936
0.008089
0.027516
0.063839
0.007829
0.000140
-0.032916
-0.031057
-0.009522
-0.001089
-0.025264
-0.029490
-0.057427
-0.048465
-0.007510
-0.026574
-0.027671
-0.036428
-0.054222
-0.030734
-0.040421
-0.036523
-0.009644
-0.024321
-0.025603
-0.023088
-0.017422
-0.009173
-0.021639
-0.040468
-0.034829
-0.029074
-0.029309
-0.031457
-0.033082
-0.032871
-0.028899
-0.024676
-0.024739
-0.024679
-0.024426
-0.020965
-0.014898
-0.015960
-0.021809
-0.017572
-0.012231
-0.007921
-0.008334
-0.014658
-0.013185
-0.015509
-0.018577
-0.013034
-0.004299
0.004273
-0.002242
-0.006135
-0.010420
-0.017873
-0.014998
-0.008164
-0.002549
0.002583
0.005847
0.012413
0.008868
0.009912
0.014415
0.032270
0.027947
-0.004411
-0.007514
-0.052965
0.004239
0.050397
0.038468
0.052434
0.019024
0.009901
0.000988
-0.041272
-0.101959
-0.088859
-0.040102
-0.000432
0.032385
0.003822
-0.028957
-0.047368
-0.073085
-0.109644
-0.151955
-0.146275
-0.097318
-0.009972
0.016854
0.012518
0.036458
0.034149
0.039886
0.019603
-0.063848
-0.068320
-0.045192
-0.021746
0.061146
0.067601
0.053601
0.057927
0.045545
0.049973
0.044419
0.018829
0.009810
0.009309
0.006894
0.019713
0.013439
-0.004356
-0.000325
0.002142
0.012002
0.023507
0.018174
0.003457
0.007349
0.020659
0.024966
0.032442
0.035136
0.035020
0.042698
0.042311
0.031572
0.028110
0.018250
0.013665
0.021959
0.021925
0.021315
0.018477
0.014385
0.018213
0.017525
0.014266
0.011746
0.007976
0.008064
0.008841
0.005755
-0.000273
-0.003123
-0.000445
-0.001494
0.000706
0.000536
0.008718
0.011138
-0.004163
-0.017325
-0.031163
-0.010343
-0.002349
0.017089
0.016570
-0.016212
-0.024871
-0.014267
0.017105
0.037340
0.054194
0.020820
-0.027631
-0.014655
-0.001073
-0.014828
0.019622
0.035344
0.039486
0.031708
-0.014712
-0.039382
-0.068505
-0.080092
-0.017513
0.040053
0.014252
0.062850
-0.032526
-0.044784
0.072318
-0.027482
-0.004889
0.009222
-0.028129
0.002721
0.094395
0.051042
-0.018051
0.010622
-0.016981
0.082232
0.096047
0.053661
0.061547
0.058014
0.062974
0.048492
0.018057
-0.027994
-0.030403
-0.037125
-0.029854
-0.011267
-0.010398
0.017660
0.034218
0.020972
0.033596
0.026383
-0.003109
-0.002119
-0.021493
-0.040604
-0.017291
-0.008559
-0.019798
-0.011366
-0.004401
0.000197
0.001683
-0.015803
-0.022704
-0.015352
-0.015594
-0.019990
-0.026141
-0.028440
-0.022906
-0.017669
-0.021833
-0.025918
-0.026752
-0.028492
-0.026606
-0.030877
-0.033256
-0.028331
-0.027231
-0.026488
-0.029384
-0.030521
-0.031180
-0.023855
-0.023766
-0.030748
-0.027712
-0.035077
-0.034528
-0.026820
-0.013034
-0.010608
-0.026341
-0.049699
-0.054538
-0.062039
-0.025140
0.035412
0.011245
0.000079
-0.031316
-0.049521
-0.041210
-0.017280
-0.019065
-0.062998
-0.058885
0.010514
0.044731
0.030495
-0.000532
-0.004968
0.034084
0.016924
0.024581
0.042013
0.041765
0.106449
0.200521
0.089738
0.037701
0.099034
0.024880
0.052398
0.043321
-0.104798
-0.122865
-0.086785
-0.081887
-0.070418
-0.045767
-0.046245
0.023168
0.066049
0.028904
0.055390
0.023170
0.005143
0.018018
0.040032
0.051573
0.062690
0.049034
0.037851
0.039671
0.012293
0.023075
0.016712
-0.022029
-0.023556
-0.004041
-0.024783
-0.021951
-0.025521
-0.033918
-0.001346
0.003955
-0.013695
-0.013534
-0.020375
-0.021638
-0.013387
-0.024538
-0.029896
-0.020530
-0.023624
-0.018244
-0.012723
-0.022198
-0.021503
-0.019900
-0.020644
-0.017470
-0.016350
-0.019598
-0.012239
-0.013437
-0.014201
-0.010163
-0.012464
-0.013034
-0.008772
-0.008312
-0.017558
-0.020603
-0.022017
-0.013374
-0.010619
-0.021085
-0.021820
-0.014220
-0.007725
-0.025129
-0.048897
-0.040538
-0.027171
0.001582
0.025984
-0.008320
-0.037802
-0.049404
-0.030193
0.024470
-0.008308
0.005103
0.011734
-0.006867
0.062966
0.008348
-0.044461
-0.018812
-0.004515
0.009282
0.021581
0.049566
0.047101
0.117128
0.145560
0.043622
-0.037772
-0.030228
0.020028
0.065750
0.112005
0.011561
-0.018176
-0.018141
-0.062397
-0.033597
-0.082952
-0.113225
-0.019535
0.049167
0.025646
0.028387
-0.015364
-0.037817
-0.005880
0.003088
0.028719
-0.005819
-0.037674
-0.046455
-0.059505
-0.058020
-0.049396
-0.061947
-0.060097
-0.027091
-0.025440
-0.015359
-0.015453
-0.033056
-0.030301
-0.012634
-0.004177
-0.008610
-0.018790
-0.027412
-0.015633
-0.007345
-0.021198
-0.028228
-0.024274
-0.017629
-0.011546
-0.010273
-0.014330
-0.015283
-0.014428
-0.010702
-0.003965
-0.004997
-0.004608
-0.002285
0.002848
0.004540
0.001880
-0.000436
0.001327
0.008898
0.008843
0.008823
0.002673
-0.000899
0.008699
0.015955
0.016073
0.002093
-0.009837
-0.012227
-0.002610
0.008869
0.022105
0.027608
0.017121
0.013646
-0.007327
-0.006230
0.020012
0.031957
0.043724
0.034750
0.001188
-0.031749
-0.026268
0.021614
0.045985
0.038379
0.059282
0.047291
0.041821
0.054558
0.044259
0.026070
0.023482
0.084585
0.050489
0.025703
0.016281
-0.101322
-0.104264
-0.037088
0.013639
-0.021559
0.000692
0.046070
-0.018836
-0.004186
0.026764
0.002697
-0.025481
0.024449
-0.002259
-0.014255
0.000225
-0.058632
-0.056559
-0.041717
-0.038475
-0.010816
0.019587
0.032850
0.030465
0.020094
0.012302
0.007239
-0.018457
-0.031742
-0.033962
-0.033226
-0.020167
-0.035719
-0.029198
-0.009009
-0.007557
-0.011173
-0.004065
-0.006786
-0.014842
-0.011095
-0.011368
-0.016266
-0.015939
-0.014959
-0.010121
-0.001975
-0.005493
-0.007284
-0.002839
-0.002383
-0.004131
-0.006345
-0.004821
0.000084
-0.000056
-0.001586
0.000559
0.002906
-0.000103
-0.001650
-0.003884
-0.004376
-0.004134
-0.004776
-0.001669
0.000961
0.004697
0.002594
-0.003137
-0.007594
-0.011235
-0.011627
-0.007929
-0.000008
-0.004214
-0.008489
-0.006197
-0.010167
-0.008367
-0.003980
-0.002401
-0.002512
0.000096
0.001826
0.002151
0.003238
0.001072
0.000846
0.001126
0.000794
0.001386
0.001492
0.001072
0.000558
-0.000481
-0.001114
-0.000133
0.000322
0.000873
0.000620
0.000301
0.000773
0.000801
0.000167
0.000932
0.001900
0.001921
0.002166
0.001829
0.001497
0.001731
0.001766
0.001207
0.001400
0.001420
0.001862
0.002505
0.002579
0.002493
0.002492
0.002195
0.002231
0.002207
0.002143
0.002119
0.002061
0.001883
0.001751
0.001686
0.001622
0.001614
0.001519
0.001300
0.001125
0.000886
0.000864
0.000897
0.000895
0.000743
0.000591
0.000509
0.000480
0.000563
0.000601
0.000607
0.000556
0.000462
0.000462
0.000455
0.000465
0.000456
0.000465
0.000413
0.000322
0.000310
0.000300
0.000338
0.000300
0.000264
0.000207
0.000141
0.000161
0.000202
0.000170
0.000117
0.000056
0.000008
0.000049
0.000087
0.000103
0.000070
0.000031
-0.000021
-0.000017
-0.000015
-0.000022
-0.000012
-0.000005
0.037464
0.071336
0.039481
-0.017464
-0.053565
0.074108
0.086825
-0.055076
-0.035372
-0.037117
-0.024226
0.109475
0.147038
0.128878
0.026158
-0.088663
-0.241341
-0.149355
-0.097739
-0.003604
0.113851
0.081290
0.116576
0.186199
0.110436
-0.322121
-0.345731
-0.409712
-0.050965
0.452739
0.000877
-0.063946
0.287290
-0.152497
-0.606688
-0.200675
-0.157920
-0.162469
0.167822
-0.152481
0.236700
0.294474
0.082836
0.242769
-0.104604
-0.285651
-0.071409
0.018498
0.206633
0.433047
0.202530
0.168701
0.264174
-0.008464
-0.137586
0.026128
-0.083980
-0.046707
-0.095133
-0.197161
-0.109672
-0.050135
0.020163
0.068538
0.041183
0.066504
0.059714
0.035660
-0.012581
-0.045088
-0.028058
0.016585
0.038680
0.059143
0.062275
0.071235
0.047740
-0.023713
0.001094
0.016386
0.032427
0.015654
-0.005299
-0.003886
0.013734
0.010698
0.000209
-0.003442
-0.015775
-0.009630
-0.020125
-0.031594
-0.002166
0.012150
0.013159
-0.003698
-0.009848
0.001973
0.010320
0.018420
-0.011587
-0.023853
-0.008711
-0.006980
0.013616
0.082909
0.056773
0.040458
-0.031934
-0.021133
-0.012015
-0.060132
0.011806
0.107038
0.174839
0.039870
-0.150507
0.058521
0.162257
-0.042252
-0.102152
-0.009365
-0.014390
0.094950
0.406920
-0.067357
-0.306252
-0.222919
-0.466186
-0.220767
-0.038091
0.306076
0.540085
-0.033855
-0.233699
0.236057
0.063714
-0.423773
-0.256095
-0.359442
-0.126400
0.507779
0.501331
0.442088
0.296764
0.099374
0.353631
0.088890
-0.339303
-0.289735
-0.077612
-0.008017
-0.079561
-0.000305
-0.047335
-0.034823
-0.090211
0.040491
0.001696
-0.148151
0.121591
-0.012606
-0.035854
-0.009865
-0.021080
0.007040
-0.039339
-0.040633
-0.046623
0.064937
-0.065309
-0.071721
-0.000116
-0.010789
0.041606
0.013875
-0.017660
-0.086051
-0.010134
0.002912
-0.038826
-0.065645
-0.069274
-0.002329
-0.007914
-0.014941
-0.030030
-0.007885
-0.021147
-0.032361
-0.025834
-0.049574
-0.019843
-0.008735
-0.010789
-0.021550
0.005740
0.016691
-0.003368
-0.059543
-0.064392
-0.007664
-0.010805
0.024636
-0.005014
-0.014666
-0.023159
-0.029486
0.065641
0.008852
-0.062466
0.029614
0.104716
0.120440
-0.004238
0.041277
0.140874
0.080781
0.121464
0.144518
0.078584
-0.150841
-0.307175
-0.145540
0.056686
0.070799
-0.149379
-0.281963
-0.345311
-0.106175
0.110125
0.078505
0.140428
-0.062730
-0.116165
-0.236495
-0.000642
-0.118596
-0.475681
0.103884
-0.051453
-0.175824
-0.137456
0.148111
0.371603
0.425301
0.506340
0.014727
0.173257
0.100464
0.141306
0.113241
-0.003826
-0.042157
-0.156974
-0.031713
-0.085672
0.145615
0.127795
0.102211
0.106784
-0.070473
-0.081251
-0.126370
-0.089032
-0.184289
-0.057536
0.005325
0.001103
0.083055
0.011858
0.040313
0.031516
0.051748
-0.014801
-0.001878
0.015456
-0.004895
0.005500
-0.015277
0.002243
-0.006659
0.033825
0.021308
-0.018161
-0.040225
-0.042020
-0.006052
-0.014068
-0.012686
-0.023693
-0.028307
-0.039925
-0.036286
-0.006206
-0.011059
-0.004863
0.000948
0.022625
-0.034289
-0.041687
0.025947
-0.011891
-0.047624
0.034305
-0.003432
-0.076215
0.011513
-0.033409
-0.081387
-0.070390
-0.059698
0.000206
0.048582
-0.033559
0.000684
-0.058189
-0.284165
0.249330
0.084719
-0.354383
-0.196792
-0.193009
0.058127
0.357882
0.243805
0.065698
0.171237
-0.371827
-0.257373
0.001628
-0.278550
-0.140587
0.124967
0.086591
-0.249975
-0.233730
-0.093750
-0.065143
0.024204
0.150835
0.289123
0.254208
0.027876
-0.116712
0.011537
-0.007447
-0.253145
0.115848
0.075536
-0.010145
0.259262
0.044728
-0.015137
0.088117
0.104043
0.117575
0.096689
-0.086328
-0.050929
0.092450
0.072151
0.142484
0.051321
0.058693
0.089068
0.051301
0.067216
-0.005182
-0.021589
-0.018881
0.031863
-0.003640
0.036272
0.056083
0.038300
0.047442
0.009431
0.029293
-0.006753
0.002370
0.017573
0.011219
0.019831
0.018415
0.016088
0.005816
0.014110
0.019880
0.026383
0.000634
-0.009357
0.013427
0.008256
0.018669
-0.008990
0.023224
0.026887
-0.031710
-0.003300
0.025286
-0.002872
-0.042348
-0.014150
-0.028596
-0.020571
0.052012
0.030464
-0.019045
0.045298
0.020074
-0.068921
-0.024216
-0.209021
-0.214027
0.114257
0.050391
0.323620
0.507650
-0.054686
-0.069166
-0.039675
-0.316864
0.056037
0.119797
0.314533
0.488646
0.351401
0.293472
-0.305167
-0.427305
-0.030335
0.151978
-0.032470
0.028302
-0.065349
-0.164515
0.035150
0.041631
-0.038421
-0.195603
-0.019038
-0.102922
0.115368
0.072246
-0.197017
0.348406
0.063116
-0.013909
-0.182979
-0.264762
0.045486
-0.065852
-0.034261
-0.052302
-0.085460
-0.153820
-0.033117
0.006216
-0.029112
-0.044107
-0.146171
-0.093240
-0.077924
-0.047041
0.052211
-0.002889
-0.031710
0.019629
0.025991
0.026668
0.037348
-0.083258
-0.043623
-0.003519
-0.033714
0.001657
-0.039743
-0.029673
0.000544
-0.017319
-0.015707
-0.027588
-0.031616
-0.001400
-0.024517
-0.031958
-0.028153
-0.025967
0.007265
0.009600
0.003587
0.004475
-0.023438
-0.009142
-0.015988
-0.037935
-0.001738
0.047185
0.034651
0.003697
0.004358
-0.035927
-0.045961
-0.035983
-0.017989
0.027611
0.019103
0.037952
0.084079
-0.012711
0.009031
0.086161
0.131095
0.012640
-0.002456
-0.215560
-0.213941
0.259085
0.104896
0.184653
0.086001
-0.064134
0.093819
-0.091588
-0.391573
-0.466411
-0.134535
0.057857
0.128478
0.091771
-0.063398
-0.004470
-0.131299
-0.295710
-0.412273
-0.422342
-0.301522
0.051840
0.267289
0.171600
0.281710
0.217962
0.196542
0.230203
-0.130273
-0.312630
-0.118698
-0.100067
0.225759
0.425447
0.262123
0.261519
0.138395
0.109777
0.094442
-0.047427
-0.072378
-0.077691
-0.039195
0.019270
0.065609
-0.029903
-0.070110
-0.019504
-0.020877
-0.002903
-0.014834
-0.054518
-0.045620
0.025499
0.043158
0.057887
0.067384
0.064370
0.068364
0.083168
0.037785
-0.023634
-0.000178
-0.008994
0.015370
0.049764
0.016196
0.014607
0.007441
0.001334
0.019500
-0.007957
-0.031739
-0.018232
-0.017259
-0.004058
0.015101
0.004902
-0.010386
-0.012875
-0.000883
-0.015547
-0.010242
-0.009085
0.052196
0.030958
-0.044204
-0.120814
-0.045719
0.048153
0.025834
0.151405
0.001696
-0.116006
-0.079731
0.002731
0.079811
0.198121
0.211594
-0.117329
-0.160198
0.003839
-0.039859
-0.029550
0.053658
0.169078
0.251253
-0.091900
-0.154853
-0.167987
-0.352429
-0.082024
0.098471
0.034367
0.375460
0.123161
-0.575282
0.322164
0.152334
-0.267511
0.148119
-0.221861
-0.034124
0.304810
0.356273
-0.114302
-0.008648
-0.032747
0.049078
0.445804
-0.038095
0.082573
0.164467
0.124504
0.076239
-0.020912
-0.082851
-0.205856
-0.154443
-0.201361
-0.069719
-0.058214
0.028590
0.107733
0.067928
0.068277
0.034874
-0.000037
-0.131726
-0.109416
-0.108636
-0.088864
-0.029558
-0.041448
0.006785
0.050444
0.058386
0.008766
-0.023010
-0.075924
-0.049202
-0.001622
-0.039104
-0.072331
-0.063943
-0.020141
-0.003121
-0.012020
-0.035177
-0.032985
-0.039963
-0.052020
-0.039934
-0.041212
-0.023616
-0.016602
-0.029336
-0.030368
-0.026534
-0.034211
-0.026867
-0.000598
-0.026651
-0.040074
-0.044701
-0.048751
-0.045102
-0.013064
0.075250
-0.002102
-0.104392
-0.111794
-0.173069
-0.194068
0.191001
0.213673
0.046955
-0.008143
-0.158136
-0.093707
-0.064819
0.062544
-0.093937
-0.243104
-0.039373
0.275846
0.334008
0.013624
-0.152197
0.298297
0.175504
-0.112267
0.138606
0.008454
0.128538
0.774017
0.374371
-0.306110
0.231877
0.072654
-0.156572
0.213999
-0.415010
-0.557253
-0.221498
-0.352267
-0.211958
-0.037957
-0.095193
-0.054867
0.340999
0.094208
0.092918
0.161316
-0.102885
-0.024609
0.040415
0.175024
0.227381
0.185095
0.037757
0.155015
0.109284
-0.051031
0.029969
-0.031537
-0.134231
-0.066920
-0.017210
-0.132359
-0.098206
-0.083839
-0.040697
0.049593
-0.088861
-0.092555
-0.049181
-0.056960
-0.034231
-0.022968
-0.055252
-0.043808
0.008645
-0.001050
0.025039
-0.011850
-0.012715
-0.005002
-0.013233
-0.003062
0.008633
-0.001971
-0.021089
-0.012975
-0.023866
-0.016580
-0.032376
-0.030919
-0.018944
-0.009098
-0.020899
-0.036669
-0.029250
-0.009619
0.031893
0.000065
-0.054294
-0.039118
0.051279
0.033176
-0.142089
-0.149921
-0.064523
0.035616
0.139945
0.094695
-0.043559
-0.177044
-0.168666
0.124958
0.033322
-0.064278
0.168476
-0.129352
0.213100
0.306921
-0.279725
-0.110947
0.045567
0.092570
0.028518
0.081966
0.109043
0.199945
0.704285
0.217592
-0.324979
-0.292656
-0.137611
0.112754
0.344264
0.045801
-0.163370
0.103552
-0.350974
-0.203722
-0.089025
-0.499563
-0.232566
0.214653
0.201111
0.086924
0.048115
-0.210471
-0.043418
-0.011412
0.010599
0.096100
-0.128149
-0.112068
-0.157802
-0.077066
-0.049043
-0.102053
-0.099139
0.006992
0.033060
0.005451
0.037692
-0.080275
-0.006434
0.049919
0.057326
0.034753
-0.070772
-0.019279
0.029936
0.038664
0.012132
-0.025947
-0.044589
0.001592
0.036595
0.021507
0.010476
-0.025758
0.004494
0.004759
0.003411
0.016056
-0.006967
-0.009786
0.008346
0.016485
0.005816
0.000722
-0.013797
0.010564
0.021508
0.012026
0.010806
-0.029261
-0.009115
0.042955
0.067441
0.029743
-0.045261
-0.056880
-0.031153
-0.001879
0.040613
0.090453
0.052790
0.040252
-0.028462
-0.136452
0.003336
0.101013
0.128508
0.118163
0.052117
-0.076311
-0.215416
-0.024590
0.224249
0.118447
0.117022
0.198838
0.046951
0.082569
0.113676
-0.011408
-0.145542
0.182557
0.280740
-0.148123
0.113191
-0.158042
-0.603582
-0.271461
0.121402
0.126386
-0.229227
0.242168
0.104399
-0.174525
0.074662
-0.041075
-0.093756
0.060206
0.030449
-0.145001
0.111966
-0.086607
-0.192048
-0.041696
-0.098554
0.027359
0.076817
0.130697
0.124868
0.108044
0.071181
0.010078
-0.041985
-0.156934
-0.054410
-0.103542
-0.068443
-0.051654
-0.058770
0.024295
0.025205
0.049848
0.009033
-0.034300
-0.030503
-0.011030
-0.035118
-0.020338
-0.010536
-0.023004
0.006019
0.010224
0.026347
0.010815
-0.004303
0.012781
-0.010200
-0.014362
-0.009983
0.001686
0.004965
0.001653
-0.001691
0.015852
0.015878
-0.003021
-0.003713
-0.014816
-0.012690
-0.005824
-0.006930
-0.002871
0.012570
0.024099
-0.005985
-0.033539
-0.029754
-0.041146
-0.035049
0.008254
0.024645
-0.014071
-0.006258
-0.010442
-0.025896
-0.000697
-0.003304
-0.004489
0.007789
0.008907
0.006993
0.018453
0.016730
0.009180
0.014695
0.009884
0.008555
0.007584
0.005782
0.004913
0.000396
0.000940
0.004021
0.008076
0.007147
0.008825
0.005185
-0.001567
-0.005070
-0.002382
0.002401
0.003843
0.004481
0.001108
-0.001855
0.000461
0.004225
0.005087
0.002322
-0.000807
0.000134
0.001888
0.003362
0.006112
0.003281
-0.000091
-0.000254
0.000882
0.002382
0.001829
0.002081
0.001778
0.000869
0.000063
0.001267
0.001597
0.001870
0.001229
0.000156
0.000244
0.000859
0.000831
0.001264
0.001304
0.000880
0.000050
-0.000140
0.000008
0.000595
0.000646
0.000229
-0.000153
-0.000390
-0.000234
0.000296
0.000659
0.000808
0.000515
0.000186
-0.000017
0.000113
0.000432
0.000718
0.000710
0.000328
0.000016
0.000021
0.000303
0.000540
0.000406
0.000018
-0.000362
-0.000458
-0.000095
0.000351
0.000366
0.000037
-0.000405
-0.000776
-0.000702
-0.000279
0.000002
-0.000016
-0.000319
-0.000704
-0.000774
-0.000595
-0.000373
-0.000238
-0.000357
-0.000544
-0.000504
-0.000286
-0.000179
-0.000086
-0.000128
-0.000199
-0.000208
-0.000094