-0.022396
-0.027958
-0.027777
-0.020114
-0.014239
-0.017123
-0.016883
-0.016896
-0.013517
-0.008212
-0.008315
-0.010650
-0.012967
-0.010914
-0.003920
-0.001384
0.008672
0.009296
0.002781
-0.002710
-0.000077
0.015984
0.007477
-0.004055
-0.002957
-0.004649
0.012227
0.039998
0.048339
0.029426
0.005188
-0.024723
-0.045545
-0.032435
-0.022038
0.007869
0.015774
0.029438
0.030423
0.043306
0.005967
-0.070344
-0.078950
-0.069792
0.008461
0.053039
0.011018
-0.003820
-0.004199
-0.087543
-0.113142
-0.051909
-0.092640
-0.053631
-0.004399
-0.040431
0.005639
0.008621
0.017675
0.018637
-0.050165
-0.073661
-0.012657
0.012795
0.040937
0.062640
0.046290
0.055097
0.052515
0.012496
0.026086
0.028409
-0.004565
-0.000297
-0.026370
-0.041134
-0.039290
-0.021904
0.008477
0.032893
0.028702
0.033009
0.041158
0.027210
0.010473
0.006142
0.006657
0.012455
0.012372
0.015378
0.025319
0.022204
0.016223
0.016325
0.014242
0.015253
0.018740
0.013302
0.012722
0.012581
0.010369
0.010290
0.012581
0.008281
0.009203
0.011807
0.005286
0.001722
0.001064
0.002493
0.003345
-0.001236
-0.000554
0.002691
0.004247
0.003192
-0.001255
-0.004765
-0.002931
-0.001424
0.007613
0.014232
0.009864
0.007975
-0.000979
0.001293
-0.002683
-0.002586
0.016459
0.030425
0.026604
0.005381
-0.002400
0.019472
0.019677
0.009848
0.000539
0.009440
0.010366
0.054957
0.076716
-0.027213
-0.061504
-0.080399
-0.099233
-0.043405
0.014802
0.064013
0.066181
0.005966
-0.012176
0.027906
-0.030678
-0.078215
-0.072331
-0.111538
-0.026442
0.103983
0.110241
0.098273
0.075063
0.089374
0.123760
0.053066
-0.012836
-0.023376
-0.013407
-0.020909
-0.006555
-0.016566
-0.031990
-0.010677
0.002806
0.040184
0.013310
0.014075
0.034682
0.004896
-0.003505
-0.004267
-0.002166
-0.006790
-0.002625
-0.016286
-0.007157
0.004982
-0.020434
-0.017681
-0.013164
-0.015488
-0.007381
-0.005234
-0.015671
-0.015282
-0.007297
-0.013313
-0.017202
-0.023640
-0.022672
-0.016852
-0.018041
-0.022471
-0.023685
-0.019613
-0.018502
-0.019048
-0.023229
-0.021515
-0.018355
-0.018398
-0.020816
-0.023672
-0.019610
-0.019205
-0.021923
-0.029234
-0.023788
-0.015804
-0.008751
-0.000449
-0.010333
-0.015081
-0.017394
-0.013798
-0.004882
-0.018068
-0.015051
0.001381
0.010857
0.015583
0.010968
0.026537
0.032178
0.040423
0.057384
0.050666
0.014075
-0.031242
-0.038424
-0.020620
0.002642
-0.010792
-0.048121
-0.078724
-0.087722
-0.020708
0.017757
0.034612
0.009721
-0.032257
-0.029754
-0.051393
-0.034749
-0.094946
-0.095467
-0.053453
-0.089661
-0.084798
-0.058321
0.011562
0.037877
0.109125
0.093868
0.044594
0.048467
0.041012
0.066329
0.033960
0.007567
-0.029526
-0.019727
-0.009519
0.000532
0.042269
0.055099
0.059466
0.043911
0.021277
0.005342
0.001430
-0.009431
-0.020348
-0.003231
0.000412
0.005041
0.011489
0.017454
0.022162
0.021492
0.024004
0.012866
0.010784
0.008879
0.008130
0.004212
-0.000331
-0.001593
0.002664
0.009801
0.005131
0.000356
-0.003489
-0.005554
-0.004749
-0.006886
-0.007077
-0.007222
-0.007427
-0.010990
-0.010825
-0.009581
-0.013042
-0.009356
-0.007728
-0.012306
-0.019222
-0.018086
-0.012238
-0.014315
-0.010864
0.000220
-0.012637
-0.017859
-0.009838
-0.020754
-0.030729
-0.023184
-0.019889
-0.016739
0.002066
-0.022260
-0.018767
-0.036242
-0.038470
0.019684
-0.039124
-0.084281
-0.074769
-0.054143
-0.004652
0.073438
0.044027
0.011103
-0.010198
-0.073885
-0.031070
-0.043172
-0.073697
-0.039937
-0.015410
-0.061263
-0.089698
-0.078453
-0.063278
-0.043923
0.000784
0.046129
0.051754
0.027459
0.006491
-0.019076
-0.018145
-0.032793
-0.039588
0.017259
-0.009967
0.002129
0.033584
0.013051
0.001480
0.026174
0.043106
0.045776
0.035641
-0.000047
0.015686
0.031731
0.037657
0.040939
0.036568
0.046909
0.048168
0.049618
0.044324
0.027816
0.019292
0.025752
0.031298
0.028711
0.033943
0.031682
0.036255
0.035945
0.030559
0.029778
0.028378
0.026106
0.023034
0.026385
0.024477
0.023091
0.023155
0.021668
0.023905
0.024118
0.019596
0.015146
0.013021
0.011110
0.010470
0.010693
0.009308
0.014303
0.008942
0.005779
0.009406
0.006950
0.003881
0.001694
-0.000752
-0.003452
0.001560
0.010580
0.009605
0.000108
0.009084
0.002783
-0.018038
-0.022331
-0.054206
-0.042619
0.013200
0.027505
0.082843
0.081854
-0.005719
-0.000431
-0.025452
-0.037338
0.038801
0.056369
0.103246
0.127066
0.112239
0.054879
-0.020850
-0.028180
0.034117
0.054136
0.034982
0.030842
-0.028779
-0.014802
0.017100
0.028395
-0.001553
-0.013839
0.017389
0.007713
0.045906
0.004951
0.012920
0.060184
0.013059
0.003157
-0.024966
-0.032605
-0.017422
-0.001672
-0.017698
-0.030180
-0.053695
-0.052714
-0.009706
-0.021061
-0.026464
-0.031789
-0.051492
-0.040040
-0.045909
-0.036806
-0.012111
-0.033753
-0.034535
-0.020483
-0.017785
-0.016259
-0.023657
-0.035184
-0.026510
-0.029458
-0.033442
-0.031634
-0.033362
-0.028812
-0.024301
-0.021172
-0.023867
-0.025431
-0.021578
-0.016563
-0.015467
-0.018634
-0.020837
-0.015778
-0.011956
-0.012499
-0.010708
-0.010651
-0.012679
-0.013389
-0.016942
-0.013293
-0.006169
0.001568
0.000733
-0.005468
-0.009159
-0.017823
-0.015259
-0.007301
-0.004605
0.001078
0.002702
0.008762
0.008026
0.005793
0.012092
0.027064
0.030754
0.000806
-0.004098
-0.046360
-0.011254
0.045307
0.038702
0.052976
0.021752
0.010383
0.010057
-0.024982
-0.085521
-0.087192
-0.041743
-0.004664
0.026385
0.003942
-0.028195
-0.037195
-0.059020
-0.093724
-0.138390
-0.141607
-0.106177
-0.033784
-0.000310
-0.004444
0.022687
0.029170
0.032636
0.025443
-0.042814
-0.069846
-0.058022
-0.042617
0.035472
0.058115
0.045075
0.052480
0.050705
0.060911
0.058916
0.032585
0.016704
0.011086
0.007912
0.018382
0.014591
-0.002577
0.004747
0.015960
0.028339
0.032265
0.019743
0.010495
0.010373
0.017627
0.021601
0.025025
0.030628
0.033533
0.041249
0.042543
0.029167
0.023229
0.017018
0.014202
0.019128
0.017470
0.015638
0.015868
0.015856
0.017749
0.017164
0.013406
0.011699
0.009670
0.007421
0.006101
0.001728
-0.001202
-0.002259
-0.000038
0.001294
0.001329
0.002174
0.008248
0.012677
-0.000658
-0.014538
-0.028554
-0.013143
-0.001636
0.013590
0.017755
-0.011513
-0.022635
-0.015149
0.011889
0.030586
0.049625
0.027641
-0.020545
-0.020469
-0.004455
-0.010824
0.015051
0.031482
0.037162
0.037857
-0.007968
-0.036350
-0.059313
-0.070575
-0.021830
0.033827
0.012481
0.050114
-0.014013
-0.054795
0.054585
-0.009232
-0.000686
0.014261
-0.035670
-0.010878
0.075191
0.053988
-0.019587
0.006410
-0.009803
0.073979
0.096955
0.046582
0.059036
0.062444
0.060110
0.043295
0.030009
-0.010840
-0.027128
-0.023324
-0.022178
-0.016367
-0.009625
0.017941
0.032473
0.028308
0.034753
0.029272
0.006228
-0.007656
-0.023518
-0.032155
-0.020729
-0.024037
-0.026420
-0.010607
-0.004053
-0.001397
-0.002319
-0.010767
-0.015531
-0.012986
-0.018575
-0.026023
-0.030656
-0.031740
-0.023938
-0.021828
-0.024130
-0.024126
-0.024319
-0.025064
-0.027835
-0.030638
-0.032559
-0.027645
-0.025345
-0.028266
-0.027705
-0.029929
-0.029180
-0.023388
-0.022851
-0.027150
-0.027722
-0.032179
-0.033717
-0.027327
-0.016278
-0.011433
-0.021111
-0.043917
-0.051286
-0.059475
-0.035530
0.025704
0.013841
0.001589
-0.027694
-0.048773
-0.040790
-0.020075
-0.013451
-0.053272
-0.060707
-0.008879
0.035782
0.030269
-0.001720
-0.011257
0.032306
0.023610
0.018680
0.033359
0.031341
0.082833
0.185594
0.107287
0.032875
0.091116
0.046754
0.061396
0.058431
-0.076734
-0.103491
-0.074378
-0.082636
-0.064531
-0.032452
-0.037904
0.011225
0.065426
0.029924
0.048104
0.026639
-0.006103
-0.000631
0.027992
0.038714
0.038054
0.036764
0.027142
0.038799
0.027615
0.023777
0.015830
-0.004553
-0.013846
-0.002269
-0.017308
-0.028863
-0.026794
-0.020261
0.002949
0.000232
-0.012859
-0.009461
-0.015558
-0.021824
-0.018895
-0.023642
-0.029155
-0.024381
-0.020540
-0.016554
-0.015826
-0.023413
-0.016573
-0.016435
-0.020693
-0.018296
-0.018510
-0.019576
-0.015429
-0.015790
-0.015496
-0.012290
-0.013992
-0.014067
-0.009996
-0.011732
-0.019351
-0.020477
-0.022298
-0.013934
-0.010619
-0.018105
-0.019591
-0.014038
-0.006062
-0.018660
-0.042144
-0.041674
-0.028499
-0.001869
0.022501
-0.002621
-0.035422
-0.046603
-0.033548
0.017624
-0.002829
-0.001497
0.012806
-0.012136
0.047194
0.018256
-0.039172
-0.021093
-0.007266
0.010774
0.021166
0.036528
0.035204
0.099726
0.145445
0.061011
-0.022024
-0.031792
0.016715
0.063629
0.106990
0.023360
-0.015970
-0.005675
-0.055253
-0.027086
-0.053193
-0.099021
-0.029607
0.042916
0.020989
0.020046
-0.009679
-0.042462
-0.010071
0.006224
0.027682
-0.004197
-0.046555
-0.056455
-0.059833
-0.053659
-0.056080
-0.062588
-0.051248
-0.025893
-0.026951
-0.016744
-0.022423
-0.041391
-0.026263
-0.011477
-0.009260
-0.017793
-0.028508
-0.024981
-0.014356
-0.012887
-0.023589
-0.023183
-0.018796
-0.014398
-0.007303
-0.009383
-0.013757
-0.013074
-0.007959
-0.005103
-0.003658
-0.004769
-0.004067
0.000133
0.002724
0.002127
0.001687
0.001459
0.003509
0.007643
0.007436
0.007337
0.003390
-0.000183
0.007303
0.015988
0.014850
0.003437
-0.007164
-0.011550
-0.004343
0.005397
0.018369
0.026592
0.018020
0.013839
-0.005225
-0.010814
0.013563
0.029800
0.041965
0.034423
0.004599
-0.026994
-0.028090
0.011444
0.042860
0.040293
0.055212
0.047493
0.036748
0.051318
0.046595
0.032070
0.024371
0.075893
0.061090
0.026424
0.019339
-0.076927
-0.093875
-0.039812
0.010471
-0.005174
-0.003077
0.037268
-0.011851
-0.004207
0.020265
0.005495
-0.018254
0.015092
-0.001339
-0.020653
-0.011725
-0.063350
-0.051935
-0.035739
-0.045977
-0.012530
0.023351
0.022527
0.019611
0.023448
0.015188
0.003457
-0.016940
-0.028444
-0.027066
-0.033204
-0.029595
-0.038894
-0.024895
-0.008729
-0.007819
-0.000931
0.002197
-0.006389
-0.010826
-0.007422
-0.014246
-0.017876
-0.016809
-0.014511
-0.010630
-0.007243
-0.005931
-0.004866
-0.001012
-0.001215
-0.003844
-0.003941
-0.004972
-0.002364
-0.003526
-0.002875
0.000498
0.000315
-0.000074
-0.000336
-0.002343
-0.006108
-0.005342
-0.003373
-0.002311
0.000712
0.003835
0.003836
-0.002193
-0.006993
-0.009393
-0.011173
-0.007770
-0.001501
-0.002744
-0.007958
-0.007229
-0.009103
-0.008679
-0.003297
-0.002365
-0.002276
0.000015
-0.000125
0.000534
0.001424
0.000164
0.000139
0.000967
0.001318
0.001007
0.001796
0.000642
0.000352
0.000401
-0.000185
0.000102
0.000092
0.001124
0.000954
0.000995
0.001145
0.000799
0.000906
0.000782
0.001691
0.002224
0.002046
0.001492
0.001495
0.002015
0.001754
0.001446
0.001365
0.001664
0.001855
0.002203
0.002363
0.002494
0.002658
0.002359
0.002206
0.002170
0.001881
0.001922
0.001817
0.001710
0.001688
0.001608
0.001511
0.001546
0.001489
0.001227
0.001080
0.001023
0.000943
0.000944
0.000887
0.000748
0.000627
0.000534
0.000565
0.000617
0.000637
0.000627
0.000591
0.000489
0.000415
0.000408
0.000402
0.000434
0.000476
0.000423
0.000358
0.000318
0.000303
0.000321
0.000312
0.000297
0.000231
0.000194
0.000173
0.000202
0.000176
0.000128
0.000110
0.000044
0.000047
0.000050
0.000056
0.000068
0.000051
0.000006
-0.000026
-0.000026
-0.000062
-0.000038
0.061040
0.061323
0.012027
-0.060630
0.003174
0.133680
-0.003572
-0.062362
-0.024948
-0.049053
0.058179
0.137042
0.140220
0.085299
-0.029785
-0.188821
-0.210069
-0.084954
-0.083952
0.092217
0.081278
0.077387
0.149120
0.223144
-0.146111
-0.370242
-0.357631
-0.341636
0.372374
0.266217
-0.224049
0.192930
0.161945
-0.497585
-0.435147
-0.106273
-0.232491
0.130067
-0.088652
-0.054566
0.460127
0.061372
0.211270
0.109386
-0.280210
-0.152926
0.001486
0.076465
0.384141
0.318109
0.109401
0.258346
0.179391
-0.127752
-0.024936
-0.018098
-0.085330
-0.038458
-0.212445
-0.149905
-0.026111
-0.035656
0.025581
0.074877
0.058357
0.024480
0.059669
0.022693
-0.033097
-0.013191
-0.006720
0.053323
0.051575
0.050707
0.071965
0.044107
-0.032905
-0.003487
0.022721
0.034115
0.034267
-0.004767
0.004065
0.017003
-0.003343
-0.017130
0.000656
-0.009386
-0.011566
-0.016071
-0.028933
-0.007267
0.002446
0.018073
0.013631
-0.014821
-0.001629
0.008348
0.026269
-0.000276
-0.038462
-0.020625
0.000036
-0.007852
0.052345
0.076388
0.054292
0.009572
-0.048787
0.008108
-0.047744
-0.032379
0.057775
0.155526
0.149221
-0.111306
-0.091083
0.197852
0.066529
-0.115435
-0.065990
0.010707
-0.011322
0.334890
0.212445
-0.315061
-0.186980
-0.394952
-0.353927
-0.083429
0.033493
0.564289
0.272454
-0.320813
0.032249
0.323484
-0.256899
-0.367787
-0.287005
-0.346325
0.302993
0.531895
0.407319
0.413804
0.098748
0.263796
0.349482
-0.204742
-0.343576
-0.156840
0.014111
-0.076778
-0.054847
-0.035037
-0.063115
-0.031943
-0.078250
0.056019
-0.137923
0.024408
0.103131
-0.081079
0.037054
-0.008727
0.013151
-0.048906
-0.024240
-0.069543
-0.016889
0.014298
-0.120528
-0.002315
0.005902
0.040643
0.045481
-0.022938
-0.071983
-0.024563
0.001260
-0.082316
-0.054043
-0.059792
-0.018544
-0.007001
-0.020348
-0.014719
-0.007994
-0.010193
-0.030613
-0.026276
-0.052092
-0.017779
-0.004124
-0.022360
-0.029037
-0.014490
0.026895
0.005874
-0.038234
-0.080489
-0.016509
-0.003336
0.008105
0.011667
-0.025594
-0.003834
-0.045233
0.026141
0.067334
-0.055643
-0.021021
0.072854
0.140462
0.057919
-0.029946
0.124165
0.112420
0.093823
0.140865
0.126731
-0.007091
-0.281452
-0.253104
-0.010544
0.116430
-0.051457
-0.263836
-0.336943
-0.253064
0.079798
0.064488
0.113193
0.039466
-0.101617
-0.178558
-0.155910
0.102964
-0.458925
-0.190072
0.138507
-0.198850
-0.138151
-0.091475
0.355564
0.372101
0.533886
0.190159
0.066198
0.239835
0.064238
0.220012
-0.000378
-0.006333
-0.139101
-0.074505
-0.073258
0.005094
0.198349
0.037055
0.144005
0.020560
-0.069233
-0.095336
-0.084972
-0.132186
-0.149693
0.004498
-0.027263
0.055682
0.007395
0.033741
0.054140
0.029445
0.016992
0.000150
0.047310
-0.003418
0.009583
-0.018641
-0.018524
-0.009453
0.011862
0.022776
-0.025918
-0.029717
-0.042224
-0.011449
-0.007970
-0.016020
-0.008342
-0.017076
-0.025191
-0.056752
-0.028524
-0.003471
-0.008823
-0.017982
0.014773
0.010349
-0.052854
0.004154
0.025891
-0.050324
-0.005313
0.035814
-0.073168
-0.023020
0.002028
-0.075400
-0.064471
-0.083377
-0.034527
0.055373
-0.001554
-0.046706
0.053259
-0.278425
-0.025974
0.344099
-0.274305
-0.267755
-0.213845
-0.095225
0.290584
0.321607
0.054817
0.195738
-0.083975
-0.455574
0.029752
-0.168348
-0.264114
0.015702
0.152658
-0.099362
-0.307108
-0.145606
-0.086937
-0.003640
0.075868
0.194953
0.334624
0.162045
-0.102103
-0.054697
0.093956
-0.199435
-0.081494
0.164820
-0.057000
0.204771
0.130961
-0.067152
0.086128
0.100945
0.130841
0.131531
0.002733
-0.098843
0.041500
0.078518
0.113509
0.088230
0.011939
0.122859
0.082126
0.063407
0.003149
0.000097
-0.003461
-0.009011
0.026750
0.021588
0.066490
0.028389
0.035892
0.018300
0.011623
-0.005097
0.006807
0.031517
0.001258
0.033907
0.020283
0.013167
0.007600
0.000575
0.024825
0.023586
0.003095
-0.009886
0.013019
0.010426
0.014874
-0.004924
0.002435
0.053320
-0.017346
-0.035317
0.015516
0.020655
-0.028777
-0.034674
-0.012826
-0.039304
0.025351
0.060780
-0.018011
0.012511
0.058464
-0.053211
-0.021490
-0.099646
-0.305209
0.010689
0.088517
0.106068
0.560992
0.187974
-0.157933
0.056187
-0.255966
-0.114498
0.144986
0.129317
0.506159
0.361319
0.381101
0.010281
-0.499137
-0.203118
0.150918
0.074962
-0.059574
0.002029
-0.163242
-0.035650
0.045185
0.011466
-0.153860
-0.120907
-0.027442
-0.040471
0.238387
-0.242627
0.117233
0.314163
-0.079454
0.003939
-0.341690
-0.058306
0.024672
-0.086295
-0.072683
-0.077661
-0.116656
-0.098758
0.026501
-0.031265
-0.002935
-0.145051
-0.169899
-0.038024
-0.074488
0.012936
0.025879
-0.031410
0.015861
0.021460
0.019833
0.047621
-0.051002
-0.066606
0.005428
-0.019242
-0.013798
-0.037422
-0.021615
-0.005884
-0.024251
-0.033077
-0.028303
-0.013699
-0.006146
-0.023748
-0.024938
-0.026195
-0.028676
0.006783
0.009548
-0.007300
0.007682
-0.011137
-0.007844
-0.006597
-0.045255
-0.015803
0.032601
0.045194
0.010304
-0.000322
-0.007456
-0.046368
-0.041308
-0.031379
0.011278
0.029155
0.003923
0.083053
0.043367
-0.027673
0.054839
0.131018
0.078967
-0.000081
-0.074681
-0.338297
0.105473
0.217738
0.085425
0.206174
-0.094984
0.066101
0.063348
-0.269465
-0.493478
-0.315803
0.020153
0.088141
0.135023
-0.051416
-0.037889
-0.011751
-0.241715
-0.359607
-0.430751
-0.377148
-0.138643
0.232619
0.179711
0.205580
0.267675
0.156184
0.289070
0.088143
-0.319305
-0.169899
-0.111408
0.032716
0.427637
0.289864
0.250693
0.206219
0.084511
0.164673
0.015322
-0.084175
-0.081848
-0.042882
0.022093
0.061860
0.019120
-0.086087
-0.036077
-0.017766
-0.024302
-0.027185
-0.041798
-0.048135
0.021737
0.060767
0.036656
0.073702
0.077874
0.058799
0.078015
0.037277
-0.025846
0.003612
-0.004848
0.004193
0.056268
0.026665
0.019040
0.013309
-0.003211
0.006713
-0.010095
-0.029772
-0.017355
-0.012906
-0.012309
0.007330
0.009876
-0.000649
-0.015662
-0.002534
-0.009779
-0.013251
-0.009047
0.019431
0.059375
-0.011482
-0.099251
-0.109372
0.045526
0.018256
0.098585
0.103586
-0.104262
-0.093920
-0.043468
0.049458
0.129664
0.258206
0.037086
-0.207094
-0.042048
0.002109
-0.036154
0.002192
0.068709
0.290696
0.085041
-0.214643
-0.085820
-0.306828
-0.240690
0.085221
-0.002498
0.198451
0.439525
-0.463518
-0.165900
0.510251
-0.290859
0.068072
-0.071599
-0.222790
0.256946
0.365921
0.081818
-0.140667
0.069566
-0.133168
0.417729
0.208137
-0.117313
0.215151
0.120149
0.139376
-0.006533
-0.026630
-0.171799
-0.143135
-0.186698
-0.183467
-0.030796
-0.062671
0.087054
0.095068
0.055696
0.069160
0.051052
-0.103288
-0.103355
-0.091366
-0.141940
-0.035190
-0.048501
-0.025394
0.036658
0.063515
0.019025
-0.025289
-0.059874
-0.049593
0.009426
-0.045017
-0.064267
-0.056128
-0.032064
-0.017588
-0.030031
-0.034409
-0.032811
-0.031835
-0.053133
-0.048082
-0.034531
-0.018686
-0.002087
-0.027009
-0.041356
-0.025145
-0.028993
-0.042245
-0.019665
-0.014586
-0.033419
-0.040282
-0.044523
-0.040053
-0.042799
0.046915
0.059593
-0.079437
-0.112240
-0.121431
-0.238667
-0.001420
0.284421
0.083071
0.038969
-0.125310
-0.120521
-0.062421
0.008747
0.024183
-0.233407
-0.172021
0.125468
0.385999
0.207852
-0.224120
0.081639
0.403620
-0.075398
0.027556
0.120139
-0.056104
0.555115
0.739299
-0.195105
-0.048018
0.314935
-0.183746
0.170003
-0.097019
-0.670622
-0.250538
-0.330919
-0.315676
-0.069002
-0.089297
-0.183455
0.215657
0.276299
-0.034012
0.244721
-0.004901
-0.093882
0.052258
0.125817
0.224076
0.211414
0.061632
0.075330
0.209396
-0.044293
-0.020779
0.037947
-0.112344
-0.071172
-0.008626
-0.136754
-0.120765
-0.060971
-0.105854
0.038275
-0.053081
-0.126877
-0.028821
-0.047562
-0.039671
-0.031871
-0.033614
-0.035921
0.018473
-0.016604
-0.002296
0.013826
-0.026481
-0.013042
-0.027200
-0.007052
0.010888
0.007009
-0.016732
-0.010269
-0.020192
-0.031797
-0.020831
-0.030821
-0.029130
-0.014585
-0.004673
-0.035466
-0.032055
-0.022141
0.023488
0.028750
-0.039629
-0.061511
0.010629
0.076625
-0.070754
-0.182040
-0.106261
-0.009028
0.112761
0.122068
0.024117
-0.116787
-0.223962
0.009223
0.157408
-0.118106
0.117679
-0.003241
-0.048359
0.461529
-0.082814
-0.265081
0.017854
0.071741
0.102630
-0.000032
0.120886
0.065274
0.549592
0.576381
-0.202795
-0.310514
-0.229692
0.011413
0.321309
0.220135
-0.239761
0.077641
-0.102837
-0.409566
0.032737
-0.383877
-0.458507
0.065176
0.235340
0.140534
0.078895
-0.149924
-0.132759
0.047753
-0.047219
0.119563
-0.058974
-0.139018
-0.125895
-0.130661
-0.035820
-0.112289
-0.099542
-0.058168
0.058941
0.013523
-0.002417
-0.059693
-0.039198
0.068162
0.044764
0.050956
-0.034356
-0.022118
0.010314
0.020887
0.026040
-0.040829
-0.024362
0.013614
0.034900
0.020624
0.011234
-0.009607
-0.002797
-0.006348
-0.008246
0.023284
0.000816
-0.005033
0.003169
0.009590
0.007782
0.001269
-0.003232
0.009283
0.021834
0.012682
0.020637
-0.010962
-0.026774
0.015022
0.058250
0.063221
-0.021867
-0.064417
-0.037732
-0.014450
0.012700
0.073863
0.075096
0.041845
0.024781
-0.117707
-0.077608
0.084425
0.118232
0.132488
0.073266
0.008099
-0.170107
-0.163722
0.156863
0.197812
0.062582
0.181016
0.118790
0.053894
0.127945
0.062530
-0.119468
-0.028248
0.372761
0.003182
-0.055935
0.103792
-0.510207
-0.465164
-0.059783
0.236655
-0.132800
-0.069405
0.306522
-0.138178
0.007874
-0.006380
-0.098320
0.033800
0.077369
-0.126423
0.019808
0.066612
-0.254418
-0.056644
-0.093910
-0.063497
0.098312
0.083241
0.133550
0.114975
0.108682
0.010174
-0.005153
-0.093759
-0.091083
-0.081303
-0.099134
-0.041214
-0.107661
-0.013743
0.039628
0.048550
0.013842
-0.005413
0.000010
-0.029149
-0.030072
-0.025543
-0.015821
-0.023298
-0.005216
0.007961
0.016938
0.012609
-0.006424
0.014518
-0.007340
-0.009544
-0.001290
0.004022
0.015472
-0.004346
-0.008761
0.011212
0.014026
-0.007512
-0.005662
-0.007315
-0.012531
-0.008339
-0.004496
0.001940
0.006729
0.020425
0.013076
-0.028980
-0.029836
-0.035966
-0.048183
-0.010920
0.026695
0.003024
-0.015253
-0.003453
-0.025166
-0.009417
0.001575
-0.010003
0.005302
0.008273
0.004067
0.014543
0.019916
0.009214
0.012626
0.014514
0.007879
0.011064
0.007777
0.004176
0.001364
0.000255
0.000761
0.006313
0.008894
0.009033
0.007458
-0.000340
-0.004109
-0.002955
0.001118
0.004263
0.006806
0.002552
-0.000894
0.000238
0.002948
0.004889
0.002893
0.000567
-0.000417
0.001185
0.003341
0.004740
0.004142
0.000369
0.000882
-0.000223
0.001047
0.002920
0.001962
0.002038
0.000685
-0.000105
0.000564
0.001928
0.001462
0.001750
0.000645
0.000226
0.000641
0.000996
0.001233
0.001466
0.000848
0.000338
-0.000327
-0.000072
0.000212
0.000624
0.000489
0.000112
-0.000300
-0.000366
-0.000014
0.000468
0.000782
0.000829
0.000364
0.000051
-0.000004
0.000207
0.000584
0.000701
0.000397
0.000014
-0.000058
0.000160
0.000503
0.000571
0.000154
-0.000256
-0.000448
-0.000296
0.000254
0.000466
0.000201
-0.000207
-0.000616
-0.000769
-0.000396
-0.000022
-0.000001
-0.000201
-0.000563
-0.000786
-0.000652
-0.000435
-0.000277
-0.000310
-0.000515
-0.000543
-0.000419
-0.000246
-0.000130
-0.000113
-0.000242
-0.000215
-0.000181
-0.000094