-0.033781
0.048450
0.166134
0.283225
0.363652
0.385070
0.347354
0.272623
0.196754
0.155654
0.171515
0.244311
0.351789
0.457940
0.526738
0.535883
0.485299
0.397156
0.307383
0.251942
0.253082
0.310837
0.403009
0.493653
0.546804
0.540221
0.473894
0.370051
0.264686
0.193821
0.179767
0.222616
0.300232
0.376724
0.416185
0.396428
0.317494
0.201661
0.084971
0.003491
-0.020428
0.013347
0.082714
0.151816
0.184774
0.159428
0.075839
-0.043694
-0.163116
-0.246349
-0.271035
-0.237038
-0.166461
-0.095165
-0.059039
-0.080254
-0.158766
-0.272297
-0.384814
-0.460268
-0.476330
-0.432899
-0.352115
-0.269880
-0.222124
-0.231067
-0.296711
-0.396829
-0.495443
-0.556556
-0.557898
-0.499425
-0.403336
-0.305593
-0.242190
-0.235406
-0.285305
-0.369724
-0.452746
-0.498435
-0.484583
-0.411204
-0.300558
-0.188665
-0.111571
-0.091613
-0.128905
-0.201335
-0.273031
-0.308105
-0.284388
-0.201935
-0.083040
0.036244
0.119840
0.145388
0.112749
0.044020
-0.024944
-0.058265
-0.033781
0.048450
0.166134
0.283225
0.363652
0.385070
0.347354
0.272623
0.196754
0.155654
0.171515
0.244311
0.351789
0.457940
0.526738
0.535883
0.485299
0.397156
0.307383
0.251942
0.253082
0.310837
0.403009
0.493653
0.546804
0.540221
0.473894
0.370051
0.264686
0.193821
0.179767
0.222616
0.300232
0.376724
0.416185
0.396428
0.317494
0.201661
0.084971
0.003491
-0.020428
0.013347
0.082714
0.151816
0.184774
0.159428
0.075839
-0.043694
-0.163116
-0.246349
-0.271035
-0.237038
-0.166461
-0.095165
-0.059039
-0.080254
-0.158766
-0.272297
-0.384814
-0.460268
-0.476330
-0.432899
-0.352115
-0.269880
-0.222124
-0.231067
-0.296711
-0.396829
-0.495443
-0.556556
-0.557898
-0.499425
-0.403336
-0.305593
-0.242190
-0.235406
-0.285305
-0.369724
-0.452746
-0.498435
-0.484583
-0.411204
-0.300558
-0.188665
-0.111571
-0.091613
-0.128905
-0.201335
-0.273031
-0.308105
-0.284388
-0.201935
-0.083040
0.036244
0.119840
0.145388
0.112749
0.044020
-0.024944
-0.058265
0.458158
0.726037
0.921351
0.970033
0.853216
0.614437
0.343015
0.139940
0.079308
0.180034
0.398644
0.645898
0.820904
0.849674
0.713419
0.455755
0.166074
-0.054562
-0.131987
-0.047220
0.156327
0.389476
0.551387
0.568127
0.420953
0.153524
-0.144729
-0.372711
-0.456226
-0.376270
-0.176234
0.054715
0.215748
0.232934
0.087530
-0.176815
-0.470679
-0.692985
-0.769562
-0.681429
-0.472014
-0.230517
-0.057811
-0.027873
-0.159495
-0.409082
-0.687273
-0.893052
-0.952310
-0.846139
-0.618034
-0.357272
-0.164800
-0.114674
-0.225766
-0.454561
-0.711781
-0.896491
-0.934667
-0.807484
-0.558520
-0.277133
-0.064353
0.005686
-0.085969
-0.295879
-0.534840
-0.701989
-0.723373
-0.580230
-0.316203
-0.020711
0.205164
0.287233
0.206497
0.006352
-0.224036
-0.383840
-0.399133
-0.251180
0.016358
0.314050
0.540803
0.622425
0.539920
0.336690
0.101914
-0.063565
-0.085798
0.053980
0.312138
0.599283
0.814362
0.883232
0.786945
0.568958
0.318508
0.136501
0.096950
0.218689
0.458158
0.726037
0.921351
0.970033
0.853216
0.614437
0.343015
0.139940
0.079308
0.180034
0.398644
0.645898
0.820904
0.849674
0.713419
0.455755
0.166074
-0.054562
-0.131987
-0.047220
0.156327
0.389476
0.551387
0.568127
0.420953
0.153524
-0.144729
-0.372711
-0.456226
-0.376270
-0.176234
0.054715
0.215748
0.232934
0.087530
-0.176815
-0.470679
-0.692985
-0.769562
-0.681429
-0.472014
-0.230517
-0.057811
-0.027873
-0.159495
-0.409082
-0.687273
-0.893052
-0.952310
-0.846139
-0.618034
-0.357272
-0.164800
-0.114674
-0.225766
-0.454561
-0.711781
-0.896491
-0.934667
-0.807484
-0.558520
-0.277133
-0.064353
0.005686
-0.085969
-0.295879
-0.534840
-0.701989
-0.723373
-0.580230
-0.316203
-0.020711
0.205164
0.287233
0.206497
0.006352
-0.224036
-0.383840
-0.399133
-0.251180
0.016358
0.314050
0.540803
0.622425
0.539920
0.336690
0.101914
-0.063565
-0.085798
0.053980
0.312138
0.599283
0.814362
0.883232
0.786945
0.568958
0.318508
0.136501
0.096950
0.218689