-0.020799
-0.018706
-0.015902
-0.012733
-0.010463
-0.009971
-0.009504
-0.006529
-0.008665
-0.010498
-0.010227
-0.012934
-0.016398
-0.015746
-0.008774
-0.006101
0.000394
0.011564
0.001648
-0.013248
0.000535
0.013882
0.006092
-0.001242
-0.011695
-0.013602
0.012858
0.041874
0.039619
0.027354
0.005778
-0.023159
-0.039788
-0.035054
-0.012898
0.013117
0.009815
0.008503
0.047553
0.037973
-0.005632
-0.047939
-0.110817
-0.072469
0.048622
0.042205
-0.005821
0.015259
-0.030356
-0.080916
-0.086093
-0.109956
-0.075650
-0.031198
-0.027056
-0.031647
-0.034115
0.028763
0.057899
-0.037727
-0.071555
-0.020049
-0.007663
0.015236
0.072278
0.078226
0.059864
0.050906
0.040088
0.044908
0.027032
0.017245
0.018356
0.005695
-0.006286
-0.037512
-0.056236
-0.028263
0.002061
0.007551
0.010453
0.025192
0.038376
0.028964
0.014604
0.007240
0.007738
0.012261
0.018417
0.019991
0.017107
0.021666
0.017919
0.010456
0.006150
0.008100
0.012412
0.006113
0.002128
0.007333
0.006852
0.000282
0.002659
0.009647
0.013445
0.011830
0.006177
0.007967
0.009072
0.006993
0.004290
0.000537
-0.000238
0.003282
0.007339
0.003886
0.000233
-0.001539
-0.000895
0.004604
0.010154
0.015747
0.014746
0.008822
0.003871
-0.002715
-0.004996
-0.001889
0.006942
0.032728
0.034112
-0.001047
-0.006342
0.025694
0.021931
0.014270
0.009565
-0.030775
0.019399
0.093839
0.049835
-0.022863
-0.066412
-0.080556
-0.081047
-0.074087
0.005372
0.090350
0.036362
-0.020681
0.011909
-0.000233
-0.016566
-0.030399
-0.120416
-0.119712
0.015069
0.121184
0.114701
0.047689
0.073145
0.127071
0.099609
0.052098
0.024329
-0.003538
-0.007460
0.015030
0.004167
-0.026318
-0.055330
-0.031327
0.008676
-0.012045
-0.003889
0.033599
0.020522
-0.003766
0.002540
0.002234
-0.010638
-0.006641
0.003056
-0.003438
-0.007588
-0.000640
0.002076
-0.012336
-0.024613
-0.021662
-0.021670
-0.019072
-0.021847
-0.023020
-0.020224
-0.021699
-0.016144
-0.014209
-0.013988
-0.011904
-0.012855
-0.015236
-0.013509
-0.013583
-0.019773
-0.022186
-0.021854
-0.019317
-0.016615
-0.015646
-0.016590
-0.017821
-0.011166
-0.007717
-0.016547
-0.023944
-0.023794
-0.012981
-0.003961
-0.007477
-0.012361
-0.021750
-0.019686
-0.007718
-0.006293
-0.013839
-0.018293
0.002530
0.017757
0.013629
0.012605
0.017517
0.028886
0.047721
0.062252
0.049532
0.016504
-0.020542
-0.038371
-0.022486
0.003178
0.006213
-0.053522
-0.114499
-0.092039
-0.019687
0.015501
-0.002676
-0.002280
-0.030180
-0.054148
-0.022105
-0.043813
-0.088722
-0.078341
-0.057411
-0.085706
-0.080160
-0.049353
-0.025740
0.049830
0.111126
0.084942
0.028969
0.048122
0.096823
0.085291
0.042675
0.024842
0.010828
-0.004175
-0.005740
0.016005
0.033469
0.041305
0.053727
0.030577
0.004077
0.001255
-0.002459
-0.018451
-0.018342
-0.003346
-0.000279
0.001346
0.014439
0.023794
0.017068
0.014782
0.013273
0.008838
0.007615
0.003814
-0.004886
-0.010967
-0.008967
-0.005894
-0.005854
-0.002185
0.004014
0.003019
-0.000890
-0.005767
-0.005600
-0.006036
-0.011580
-0.009336
-0.010030
-0.012383
-0.012499
-0.006245
-0.002859
-0.001160
0.006666
-0.003213
-0.010619
-0.002797
-0.007428
-0.013514
0.000632
-0.004057
-0.017677
-0.010156
-0.013026
-0.020293
-0.025742
-0.031883
-0.010983
-0.011931
-0.022559
0.006685
-0.033056
-0.066612
-0.006746
0.004104
-0.044136
-0.070063
-0.100255
-0.066760
0.027151
0.053939
0.044344
0.007151
-0.034928
-0.031566
-0.030415
-0.058769
-0.053985
-0.023490
-0.021145
-0.062571
-0.083093
-0.076631
-0.089700
-0.055122
0.009286
0.028463
0.038750
0.045792
0.016573
0.001039
-0.027871
-0.022681
0.013833
-0.009014
-0.003829
0.042323
0.034251
-0.003659
-0.000277
0.026616
0.042993
0.028741
0.018907
0.019983
0.014572
0.032514
0.048631
0.034735
0.034786
0.050134
0.051469
0.052843
0.042873
0.026527
0.022945
0.020566
0.020423
0.021341
0.021271
0.025465
0.026656
0.027237
0.028272
0.026525
0.023259
0.024400
0.024907
0.022103
0.017473
0.017512
0.021104
0.016068
0.014482
0.018059
0.019634
0.016832
0.013814
0.014093
0.012206
0.009194
0.011996
0.015213
0.008284
0.001893
0.009010
0.010586
0.005353
0.006858
-0.002508
-0.007329
0.013172
0.014097
0.000712
0.012283
0.005179
0.001739
0.003166
-0.042727
-0.047635
-0.026754
-0.022459
0.049831
0.091395
0.050753
0.023132
-0.013261
-0.026634
-0.010880
0.023568
0.073999
0.095233
0.125915
0.146006
0.051919
-0.046979
-0.008083
0.041257
0.051053
0.053796
0.013892
-0.036756
-0.012136
0.030597
-0.004127
-0.033764
-0.026809
0.003703
0.027185
0.016209
0.020126
0.025023
0.027356
0.034219
0.003450
-0.043226
-0.035576
0.000718
0.011955
-0.014419
-0.057238
-0.062430
-0.034258
-0.034259
-0.033965
-0.034296
-0.048398
-0.039684
-0.051906
-0.038340
-0.013763
-0.030706
-0.026392
-0.017300
-0.014187
-0.006065
-0.013812
-0.014842
-0.013166
-0.023936
-0.023335
-0.026675
-0.026825
-0.021759
-0.025370
-0.023146
-0.023424
-0.023359
-0.018076
-0.016328
-0.018471
-0.017978
-0.016884
-0.015732
-0.017100
-0.015838
-0.011020
-0.011435
-0.009439
-0.010882
-0.011707
-0.017815
-0.019779
-0.003301
0.000119
-0.001763
-0.008454
-0.017722
-0.015724
-0.015143
-0.011229
-0.004809
-0.005173
0.000302
0.012592
0.004770
-0.000422
0.023152
0.021324
0.028603
0.029435
-0.027643
-0.041870
-0.002448
0.039334
0.059818
0.038273
0.007970
0.018113
0.026529
-0.025280
-0.091113
-0.099640
-0.045203
0.016364
0.016054
-0.023577
-0.039788
-0.037795
-0.053956
-0.102743
-0.152051
-0.149694
-0.084560
-0.035718
-0.019503
0.004129
0.000439
0.016756
0.048567
0.020994
-0.019159
-0.055388
-0.052812
0.012558
0.058484
0.060050
0.044530
0.038315
0.059077
0.070396
0.051542
0.038992
0.031343
0.023600
0.032095
0.027643
0.004241
-0.005441
-0.000773
0.010054
0.015704
0.020005
0.021083
0.008915
0.010943
0.012796
0.008731
0.013476
0.018796
0.028592
0.033352
0.028657
0.026900
0.024771
0.018773
0.014617
0.010091
0.009257
0.010081
0.008499
0.006982
0.004072
0.004622
0.006658
0.010090
0.011186
0.007513
0.008238
0.008871
0.007994
0.007678
0.005020
0.003393
0.004941
0.007392
0.011154
0.018400
0.005061
-0.016007
-0.019114
-0.012509
0.004541
0.023729
0.017577
-0.016799
-0.023093
-0.009660
-0.002925
0.033757
0.058553
0.017404
-0.019278
-0.020567
-0.002844
0.007086
-0.004011
0.026510
0.045617
0.021542
0.013576
-0.033994
-0.099479
-0.036163
-0.007983
-0.030674
0.059014
0.035251
-0.043155
-0.018068
0.003113
0.015418
0.032476
-0.019532
-0.054418
0.034264
0.091935
0.056514
-0.020718
-0.037729
0.036779
0.075924
0.069056
0.066041
0.056650
0.066061
0.073586
0.051175
0.022315
-0.011352
-0.015986
-0.020159
-0.031082
-0.027506
-0.004733
0.012231
0.002129
0.015083
0.026146
0.013429
-0.000654
-0.005087
-0.013105
-0.026185
-0.025092
-0.016725
-0.013847
-0.014391
-0.012615
-0.011680
-0.008106
-0.011511
-0.017540
-0.020663
-0.025807
-0.026010
-0.025770
-0.029457
-0.026841
-0.020928
-0.022747
-0.016275
-0.014937
-0.019533
-0.022208
-0.026285
-0.022661
-0.024317
-0.024990
-0.026583
-0.028085
-0.027508
-0.023511
-0.017980
-0.017323
-0.019143
-0.023425
-0.022801
-0.031927
-0.030520
-0.009567
-0.013951
-0.030979
-0.033322
-0.061634
-0.071651
-0.025906
0.018251
0.020279
-0.005652
-0.029726
-0.052699
-0.039041
0.000361
-0.016251
-0.064814
-0.068856
-0.010237
0.059141
0.023956
-0.025356
0.008011
0.020172
0.027219
0.070298
0.004370
-0.008929
0.171304
0.188224
0.072035
0.060259
0.067601
0.084018
0.095498
0.026554
-0.062278
-0.095645
-0.085946
-0.072616
-0.084378
-0.095440
-0.052154
-0.012438
0.007189
0.036930
0.034426
0.006746
-0.000092
0.022053
0.047901
0.053010
0.047790
0.051635
0.053003
0.041085
0.026118
0.026587
0.007593
-0.005974
-0.002611
-0.020855
-0.034869
-0.033972
-0.027410
-0.026312
-0.020680
-0.008631
0.002310
-0.003399
-0.011782
-0.006842
-0.008498
-0.019521
-0.019492
-0.015130
-0.019451
-0.019657
-0.018767
-0.015562
-0.013760
-0.016711
-0.020828
-0.019222
-0.015959
-0.016610
-0.018292
-0.021354
-0.020797
-0.019478
-0.018017
-0.015894
-0.015506
-0.012965
-0.015506
-0.018030
-0.016766
-0.011971
-0.005038
-0.013941
-0.023998
-0.009689
-0.000610
-0.015840
-0.037220
-0.049485
-0.023558
0.008680
0.020423
0.008839
-0.051107
-0.051636
-0.003604
-0.009899
0.009451
0.011383
-0.027301
0.009721
0.058686
0.018099
-0.042579
-0.029527
-0.001063
0.018491
0.039862
0.007802
0.019464
0.126951
0.158599
0.051903
-0.034259
-0.039959
0.033226
0.115119
0.076676
0.020548
-0.000853
-0.034493
-0.019974
-0.031608
-0.108467
-0.097572
-0.031793
0.011992
0.030435
0.004427
-0.029239
-0.056882
-0.028427
0.037509
0.023044
-0.026024
-0.020794
-0.026010
-0.049574
-0.056970
-0.065339
-0.063775
-0.057380
-0.043671
-0.027014
-0.027040
-0.033268
-0.029759
-0.023125
-0.014173
-0.008554
-0.008243
-0.006753
-0.003180
-0.000103
-0.004907
-0.010056
-0.010181
-0.005939
-0.009031
-0.011152
-0.008346
-0.010826
-0.006057
-0.006024
-0.011912
-0.007486
-0.000233
0.002113
0.002882
0.000695
0.000986
0.002970
-0.000141
0.001446
0.001188
0.001282
0.001439
-0.001735
-0.002376
0.000267
0.009394
0.012766
0.001926
-0.010993
-0.013247
-0.009739
0.006895
0.018350
0.015115
0.019796
0.009795
-0.010616
-0.012777
0.012951
0.038932
0.041286
0.037598
0.012681
-0.031194
-0.022031
0.022116
0.036395
0.044592
0.057155
0.040204
0.030653
0.076136
0.056336
-0.002966
0.043460
0.084785
0.059722
0.043068
0.021936
-0.073041
-0.115388
-0.020272
-0.003218
-0.036644
0.005888
0.006464
-0.034976
0.003000
0.020926
-0.029919
-0.018578
0.026586
0.015453
-0.018901
-0.024170
-0.015524
-0.044235
-0.073405
-0.036048
-0.004074
0.004117
0.016708
0.018452
0.021454
0.015058
-0.001212
-0.007698
-0.016466
-0.020246
-0.014469
-0.025085
-0.024070
-0.010910
-0.012103
-0.011193
-0.007820
-0.005276
-0.005696
-0.010260
-0.011218
-0.011883
-0.011803
-0.010326
-0.011618
-0.008156
-0.003456
-0.001644
-0.000602
-0.002557
-0.001805
-0.003909
-0.009608
-0.012261
-0.009305
-0.005284
-0.010813
-0.006924
0.000858
0.000490
-0.000248
-0.001269
-0.002715
-0.002422
-0.000911
-0.003178
-0.001134
0.002078
0.001332
-0.005256
-0.007839
-0.009445
-0.012817
-0.003496
0.002259
-0.000868
-0.003906
-0.006406
-0.008809
-0.008109
-0.005174
-0.004052
-0.003155
-0.002308
0.000594
0.001260
0.000074
0.001350
0.001935
0.001459
0.002311
0.004072
0.003499
0.001832
0.000786
-0.000381
-0.002136
-0.001469
0.000955
0.000443
0.000601
0.001609
0.001009
0.000460
0.000665
0.001565
0.002076
0.002132
0.002316
0.002372
0.002243
0.001978
0.001380
0.001108
0.001348
0.001253
0.001303
0.001673
0.001920
0.002102
0.001983
0.001606
0.001558
0.001550
0.001435
0.001466
0.001632
0.001305
0.001154
0.001319
0.001363
0.001326
0.001166
0.001133
0.001063
0.001079
0.001132
0.001092
0.001042
0.000989
0.000889
0.000794
0.000790
0.000770
0.000822
0.000781
0.000674
0.000542
0.000427
0.000464
0.000532
0.000566
0.000545
0.000509
0.000389
0.000275
0.000265
0.000244
0.000219
0.000220
0.000195
0.000131
0.000183
0.000221
0.000119
0.000048
0.000003
-0.000041
0.000023
0.000138
0.000136
0.000073
0.000018
-0.000028
-0.000042
-0.000040
-0.000013
0.000002
0.002971
0.005513
0.015537
0.041998
0.000938
-0.045091
0.035897
0.048203
-0.033800
0.003176
-0.002342
-0.051126
0.022161
0.101706
0.079257
0.052733
0.011836
-0.066821
-0.106903
-0.087013
-0.070969
0.029741
0.023392
0.002362
0.157545
0.101184
-0.082402
-0.096147
-0.272417
-0.216224
0.202374
-0.018169
-0.109230
0.253516
-0.042407
-0.314037
-0.078204
-0.158903
-0.243060
-0.061952
-0.024573
0.036184
-0.011814
0.089550
0.297671
-0.044605
-0.142002
0.021410
-0.045484
0.023075
0.197195
0.159451
0.166405
0.239793
0.116410
0.024023
0.048775
0.021524
-0.049188
-0.052444
-0.057168
-0.076677
-0.103761
-0.028878
0.034669
0.006726
0.025186
0.044874
0.044316
0.015691
0.017750
0.010907
0.018372
0.021614
0.029784
0.050215
0.031699
0.019446
0.018319
0.018071
0.000110
0.000077
-0.000043
-0.005503
-0.021182
-0.022677
-0.014600
-0.010018
-0.007722
0.000086
0.008114
0.000618
-0.008519
-0.008740
0.004946
0.015548
0.004484
0.005160
0.007532
0.010003
0.021099
-0.001039
-0.006938
-0.000931
-0.017661
-0.000237
0.024536
0.037890
0.027962
0.004154
0.010112
-0.004827
-0.034316
-0.000658
0.029447
0.097112
0.072428
-0.052637
0.022997
0.121427
-0.035660
-0.027627
0.090583
-0.106528
-0.020950
0.283158
0.059299
-0.130255
-0.080871
-0.204639
-0.216786
-0.198177
0.022903
0.299541
-0.020210
-0.081479
0.229076
0.002746
-0.203437
-0.013762
-0.212202
-0.323629
0.075164
0.314410
0.276844
0.123844
0.211707
0.369391
0.167569
-0.051109
-0.046443
-0.067255
-0.079675
-0.059731
-0.008322
-0.005736
-0.104400
-0.040173
0.062347
-0.052566
-0.118552
0.079881
0.026437
-0.088485
0.027378
0.031463
-0.013243
-0.020751
0.003262
-0.027573
-0.007870
-0.012981
-0.039459
-0.015778
-0.026622
-0.015028
-0.026550
-0.038435
-0.051412
-0.047360
-0.042083
-0.048634
-0.043084
-0.030509
-0.017438
-0.025139
-0.021440
-0.021297
-0.012240
-0.007925
-0.014549
-0.016863
-0.012536
-0.007126
-0.008264
-0.011299
-0.014587
-0.012682
0.000721
-0.008254
-0.032500
-0.030670
-0.026504
-0.019253
0.000535
-0.001009
0.002578
-0.020711
-0.023174
0.032640
0.008873
-0.032189
-0.005963
0.053970
0.062816
0.008493
0.049307
0.093996
0.039616
0.084794
0.150565
0.101723
-0.014426
-0.113204
-0.079982
-0.036420
-0.035096
-0.019006
-0.121732
-0.240728
-0.181818
-0.027679
0.016838
-0.011401
0.034931
-0.057073
-0.157625
0.019552
-0.080967
-0.328783
-0.044688
0.015647
-0.247618
-0.122794
0.038676
0.053747
0.129438
0.359142
0.224813
0.054930
0.162811
0.178690
0.134269
0.049424
0.061501
-0.011559
-0.022723
-0.024446
0.037141
0.065921
0.063193
0.137979
0.031906
-0.025028
-0.020595
-0.033674
-0.099501
-0.069663
-0.006809
-0.019420
0.000199
0.037894
0.042853
0.018472
0.042658
0.017804
-0.007339
-0.002461
-0.003408
-0.020545
-0.033527
-0.027115
-0.020354
-0.010515
-0.014011
-0.024024
-0.029143
-0.029944
-0.036074
-0.031891
-0.019166
-0.013370
-0.013349
-0.021022
-0.022102
-0.010965
0.002300
-0.008424
0.000358
0.032557
-0.007663
-0.034347
0.028244
-0.006588
-0.051960
0.036894
0.011901
-0.059763
0.008286
0.001448
-0.052371
-0.042715
-0.072128
0.000832
-0.008632
-0.076987
0.082152
-0.050681
-0.212537
0.117737
0.081769
-0.214577
-0.065806
-0.142895
-0.135363
0.116738
0.118987
0.129627
0.095429
-0.101051
-0.096164
0.003754
-0.198197
-0.186298
0.020656
0.056603
-0.188597
-0.166424
-0.003844
-0.171640
-0.119843
0.092907
0.115901
0.106099
0.098398
0.021374
0.084369
-0.042000
-0.108531
0.097261
0.020412
-0.062309
0.142212
0.112824
-0.012671
0.044002
0.097218
0.124068
0.041877
0.026478
0.007699
-0.000749
0.062784
0.089400
0.055428
0.080397
0.112109
0.065261
0.074949
0.044207
0.015093
0.006464
0.027787
0.023916
0.008854
0.034018
0.030015
0.020650
0.014204
0.016551
0.011325
0.004647
0.000989
0.011529
0.015225
0.004463
0.006944
0.004691
0.013999
0.017502
0.012184
0.012155
0.007626
0.000565
0.005419
-0.000002
-0.009695
0.014077
0.019007
-0.013180
-0.010810
0.022756
0.003247
-0.022145
0.011216
-0.008132
-0.052987
0.038260
0.034108
-0.041400
0.052086
0.015093
-0.030939
0.046923
-0.128305
-0.131957
0.024447
-0.097470
0.131181
0.307757
0.038967
0.072610
0.038781
-0.108909
-0.051615
0.018703
0.173690
0.197215
0.227191
0.404195
0.017378
-0.218681
0.058008
0.027467
-0.053456
0.039821
0.046606
-0.160065
-0.075811
0.132680
-0.053107
-0.132111
-0.019764
-0.045331
0.008628
-0.013923
-0.081372
0.132803
0.067085
0.038075
0.017015
-0.157579
-0.024544
-0.088261
-0.065406
0.005702
-0.135740
-0.121365
-0.034759
-0.058675
-0.052600
-0.080274
-0.111246
-0.053015
-0.124144
-0.072085
0.018174
-0.029964
-0.017719
0.009500
0.008526
0.026592
0.004818
-0.011963
0.003030
-0.008812
-0.004644
-0.024896
-0.016653
-0.016981
-0.028439
-0.014897
-0.020802
-0.026345
-0.016490
-0.006684
-0.013603
-0.018940
-0.019747
-0.004619
-0.006678
-0.005261
0.007467
0.010506
0.003377
-0.002498
-0.005832
-0.022626
-0.017371
0.013238
0.008764
0.000120
0.008004
-0.017944
-0.035390
-0.027106
-0.021925
-0.003416
-0.013278
0.002739
0.059608
0.006695
-0.023797
0.094851
0.044868
0.028941
0.093349
-0.093373
-0.131739
0.062250
0.051706
0.086467
0.110457
-0.003474
0.070892
0.033390
-0.128837
-0.255120
-0.203174
-0.080172
-0.018459
0.037908
-0.019687
-0.039680
-0.038687
-0.115291
-0.203708
-0.313178
-0.332823
-0.114498
-0.000826
-0.018065
0.133209
0.122992
0.134210
0.225302
0.027404
-0.066909
-0.072581
-0.140664
0.037355
0.175427
0.178373
0.198818
0.144044
0.182486
0.152594
0.033268
0.041214
-0.008145
-0.021884
0.039199
0.049162
0.008127
-0.022068
0.019218
0.021151
-0.013340
0.007762
0.000489
-0.027186
0.016514
0.017881
0.015339
0.042419
0.035426
0.042389
0.048700
0.028312
0.017367
0.005961
-0.001930
0.001810
-0.001964
-0.001225
-0.008416
-0.017257
-0.008753
-0.011884
-0.012015
-0.009882
-0.005948
-0.004694
-0.010068
-0.000596
0.001398
-0.005831
0.001719
0.008436
0.000822
0.001074
0.011204
0.020303
0.045442
-0.000740
-0.056107
-0.024618
-0.013598
-0.016707
0.072379
0.055602
-0.070308
-0.038070
0.008978
-0.020145
0.071532
0.179431
0.000205
-0.063328
0.022779
-0.023149
-0.033704
-0.023954
0.106585
0.141387
-0.039883
0.038879
-0.000582
-0.337749
-0.047470
0.035542
-0.180927
0.248158
0.105689
-0.275404
0.131253
0.110432
-0.184007
0.117053
0.001507
-0.174794
0.076196
0.237061
0.094819
-0.080436
0.017073
0.077769
0.170990
0.079780
0.076451
0.120198
0.094102
0.123621
0.058830
0.023371
-0.076244
-0.081221
-0.089068
-0.100039
-0.120400
-0.032171
0.066369
0.000090
0.032468
0.078447
0.022514
-0.048115
-0.047264
-0.076367
-0.072726
-0.058204
-0.044608
-0.028169
-0.005385
0.019105
-0.012699
-0.026157
-0.035193
-0.035780
-0.044767
-0.052466
-0.056084
-0.050154
-0.040127
-0.037489
-0.031118
-0.029236
-0.017047
-0.022375
-0.030134
-0.032506
-0.027720
-0.018028
-0.016845
-0.024393
-0.019025
-0.014010
-0.030939
-0.023873
-0.011006
-0.009765
-0.022121
-0.033654
-0.023520
-0.049881
-0.049479
0.039296
0.002096
-0.072178
-0.004566
-0.107972
-0.172020
0.016243
0.100717
0.020067
0.015172
-0.001923
-0.084884
-0.095331
0.045887
-0.014066
-0.185113
-0.085610
0.059052
0.198840
0.025471
-0.070350
0.218857
0.089406
-0.094409
0.266007
0.024948
-0.162585
0.524852
0.404424
-0.080444
0.219241
0.191669
-0.047690
0.163217
-0.016129
-0.303145
-0.243893
-0.201510
-0.201708
-0.203212
-0.166740
-0.078086
0.051050
0.042582
0.045451
0.123151
0.009104
-0.019171
0.041976
0.095903
0.136520
0.096595
0.102429
0.144386
0.092536
0.011344
0.071399
-0.011664
-0.091403
-0.030208
-0.053736
-0.122977
-0.113910
-0.065233
-0.045994
-0.036474
-0.050889
-0.006183
-0.021042
-0.037289
-0.016479
-0.006897
-0.007252
-0.009277
-0.001168
-0.001619
0.006746
-0.007513
-0.008429
-0.014532
-0.024381
-0.024718
-0.024623
-0.029388
-0.033521
-0.034400
-0.034483
-0.030848
-0.031080
-0.027694
-0.012649
-0.007035
-0.009861
-0.018244
-0.018289
-0.010568
0.004998
0.011715
-0.015943
-0.034842
0.023351
0.026435
-0.053991
-0.066488
-0.075219
-0.035617
0.029505
0.051513
0.059374
-0.128824
-0.116004
0.092419
-0.069692
-0.028533
0.122935
-0.097595
0.054196
0.237477
-0.052527
-0.103601
0.048657
0.032579
-0.040796
0.098407
0.087553
-0.029270
0.381446
0.384047
-0.065518
-0.036047
-0.072007
-0.029251
0.204055
0.060640
-0.013652
0.066482
-0.148113
-0.077270
-0.015935
-0.354799
-0.247682
0.001582
0.030151
-0.006426
0.005003
0.020331
-0.104004
-0.075454
0.088528
0.032221
-0.109990
-0.038680
-0.075407
-0.101845
-0.064994
-0.101509
-0.090603
-0.063712
-0.032027
-0.042906
-0.035986
-0.050927
-0.033495
0.002489
0.028351
0.021085
-0.007054
0.004956
0.012580
0.022536
0.016525
0.019217
0.023235
0.021207
0.020761
0.020191
0.010722
-0.001773
0.000531
0.003506
0.005235
0.002582
0.008159
0.006663
0.007910
0.006850
0.004413
0.005696
0.006708
0.012400
0.013486
0.018713
0.012461
-0.007600
-0.009721
0.009562
0.028808
0.023883
-0.014698
-0.024972
-0.024190
-0.041077
0.004608
0.036851
0.016790
0.041171
0.019246
-0.052345
-0.033587
0.031763
0.063867
0.061931
0.083646
0.037966
-0.127434
-0.040093
0.110334
0.023957
0.054884
0.187873
0.086788
-0.003561
0.179783
0.103425
-0.139169
0.115981
0.228296
-0.059018
0.067359
0.118698
-0.319970
-0.320560
0.101434
-0.012390
-0.281745
0.140624
0.166450
-0.262424
0.049285
0.132528
-0.152531
-0.047798
0.092015
-0.018476
-0.057152
-0.030315
-0.051942
-0.077758
-0.109087
-0.018473
-0.015782
0.034795
0.074664
0.023219
0.063760
0.052875
-0.005226
-0.032003
-0.042212
-0.057624
-0.049440
-0.063212
-0.051218
-0.008650
0.009268
0.021372
0.021192
0.013446
-0.004197
-0.011368
-0.015941
-0.023737
-0.016223
-0.004345
-0.000106
0.004788
0.003011
0.006303
0.008475
-0.001262
-0.006525
-0.001365
-0.004600
-0.009509
-0.007626
-0.002740
-0.005939
-0.002424
0.000358
-0.001576
-0.000945
-0.000528
-0.010743
-0.010415
0.000550
-0.007762
-0.002818
0.016997
0.006638
-0.015286
-0.005934
-0.018462
-0.037274
-0.005023
0.009973
-0.014885
-0.010977
-0.003212
-0.020974
-0.012348
-0.000003
-0.005131
-0.003211
0.003225
0.007394
0.006940
0.009334
0.010874
0.009733
0.009544
0.009621
0.009104
0.007576
0.005924
0.003850
0.005282
0.005567
0.006377
0.006848
0.006070
0.004769
0.002412
-0.000203
0.000434
0.002382
0.002787
0.003849
0.003904
0.002358
0.000757
0.003382
0.003619
0.002091
0.002778
0.002580
0.001047
0.001295
0.001575
0.000414
-0.000304
0.000795
0.000637
-0.000382
0.000491
0.000637
0.000315
0.000206
0.000345
0.000674
0.001876
0.002116
0.002217
0.001939
0.001660
0.000909
0.000422
0.000364
0.000688
0.000530
0.000505
0.000214
0.000327
0.000552
0.000658
0.000532
0.000461
0.000140
-0.000084
-0.000044
0.000208
0.000485
0.000646
0.000505
0.000422
0.000331
0.000316
0.000483
0.000581
0.000478
0.000332
0.000273
0.000232
0.000331
0.000317
0.000144
-0.000004
-0.000096
-0.000109
0.000031
0.000046
-0.000058
-0.000134
-0.000203
-0.000312
-0.000295
-0.000239
-0.000312
-0.000406
-0.000496
-0.000601
-0.000674
-0.000560
-0.000444
-0.000439
-0.000456
-0.000391
-0.000393
-0.000377
-0.000289
-0.000218
-0.000205
-0.000092