0.000061
0.000031
0.000000
0.000000
0.000000
0.000000
0.000031
0.000000
0.000061
-0.000031
0.000000
-0.000031
0.000153
0.000092
0.000153
-0.000214
0.000458
-0.000549
0.000732
-0.000519
0.000580
-0.000031
0.019409
0.054138
0.036346
-0.010406
-0.074524
-0.019073
0.039917
0.073212
0.128326
0.075867
0.045319
0.060547
0.055603
0.019226
0.013733
-0.025421
-0.039734
0.000092
-0.017426
-0.016663
0.003906
0.005371
0.013947
0.010071
-0.000824
-0.001740
-0.004486
-0.019043
-0.019135
-0.016968
-0.018219
-0.012268
-0.010437
-0.003845
-0.007263
-0.011780
-0.016724
-0.020233
-0.017426
-0.015228
-0.020172
-0.019318
-0.016205
-0.018097
-0.016052
-0.015808
-0.019287
-0.020905
-0.020721
-0.022156
-0.021545
-0.020050
-0.018951
-0.015533
-0.015076
-0.017517
-0.016113
-0.014893
-0.014435
-0.015137
-0.014496
-0.014099
-0.013214
-0.012146
-0.011871
-0.009552
-0.008331
-0.008301
-0.007507
-0.006775
-0.007538
-0.006714
-0.006409
-0.006989
-0.007111
-0.006592
-0.005249
-0.003571
-0.003448
-0.003296
-0.002930
-0.003632
-0.004333
-0.003998
-0.003082
-0.003113
-0.003326
-0.003326
-0.003448
-0.002991
-0.002411
-0.001556
-0.001282
-0.001373
-0.001434
-0.001801
-0.000946
-0.000580
-0.000793
-0.000916
-0.000610
-0.000732
-0.000671
0.000397
0.000763
0.001465
-0.002533
0.004608
-0.007629
0.011047
-0.007568
0.245300
0.346649
-0.041809
-0.551208
-0.086243
0.365417
0.058167
0.501434
0.227509
0.022858
0.204681
-0.017517
-0.067749
-0.105621
-0.172272
-0.227539
-0.023773
-0.114410
-0.104034
0.004272
-0.070068
-0.007233
-0.045074
0.007019
-0.023987
-0.023132
-0.022156
-0.013977
-0.011078
-0.029114
0.019623
-0.008606
0.021881
-0.000977
-0.053589
-0.057953
-0.012573
-0.008881
0.009491
0.016052
-0.041199
-0.031250
-0.025146
-0.027893
-0.039398
-0.056885
-0.037109
-0.019714
-0.024048
-0.022858
-0.000122
0.000061
-0.010651
-0.019714
-0.027130
-0.010468
-0.004852
-0.006592
-0.012054
-0.013611
-0.011566
-0.006378
0.006104
0.006683
0.000153
-0.005798
-0.013306
-0.014130
-0.010315
-0.005280
-0.001709
-0.000366
-0.002472
-0.002869
-0.000916
0.000732
0.005951
0.003296
-0.001648
-0.008514
-0.011047
-0.006805
-0.001068
0.002716
0.001831
-0.004333
-0.009583
-0.005798
-0.000275
0.001862
0.001526
-0.003387
-0.005432
-0.003204
0.001434
0.004669
0.005493
0.000458
-0.004730
-0.003693
-0.000732
0.004608
0.007294
0.004028
-0.001465
-0.001617
0.000305
0.004517
0.008392
0.007477
0.004028
0.001495
0.001801
0.004608
0.006165
0.004913
0.003235
0.000946
0.001373
0.003357
0.003265
0.002533
0.002502