-0.012877
-0.011989
-0.013350
-0.010203
-0.007388
-0.012727
-0.017847
-0.016686
-0.004804
0.003045
0.015648
0.019328
-0.017302
-0.018617
0.029702
0.022014
-0.005771
-0.007580
-0.025565
-0.011060
0.051602
0.068349
0.044375
0.025005
-0.018909
-0.065709
-0.069621
-0.041714
-0.004437
0.037542
-0.001582
0.023088
0.098421
0.023468
-0.054537
-0.125246
-0.202087
-0.010871
0.146375
-0.020842
-0.014269
0.062418
-0.106206
-0.136964
-0.115491
-0.164292
-0.060957
0.001430
-0.038638
-0.039409
0.016992
0.145402
0.089405
-0.123887
-0.093445
0.006740
0.003458
0.072255
0.142054
0.117247
0.125358
0.100447
0.031153
0.032127
0.037733
-0.006545
-0.008949
0.004071
-0.034109
-0.059244
-0.043745
0.007178
0.008823
-0.026760
-0.003207
0.039232
0.038353
0.012025
0.002484
0.008378
0.016537
0.004169
-0.002574
0.010832
0.017832
0.007204
0.010440
0.016211
0.015405
0.015562
0.008263
0.005776
0.003686
-0.000581
0.003241
0.010819
0.011593
0.014971
0.010025
0.004424
0.001952
0.000219
0.003970
0.005225
0.000832
-0.000669
-0.002229
0.006413
0.010208
-0.005591
-0.005904
-0.001493
0.001647
0.012350
0.020883
0.029271
0.019121
0.004254
-0.001092
-0.011572
-0.005352
0.007297
0.030728
0.068368
0.025384
-0.032483
0.019308
0.054742
-0.001966
0.016978
-0.009881
-0.063072
0.105650
0.161501
-0.017419
-0.093203
-0.107617
-0.130450
-0.119852
-0.083571
0.101909
0.170051
-0.032144
-0.040995
0.045585
-0.028725
-0.037394
-0.097578
-0.246649
-0.099851
0.176132
0.235108
0.124869
0.065167
0.158076
0.199542
0.074078
-0.031244
-0.019705
-0.003081
0.012780
0.009753
-0.008583
-0.030897
-0.054419
-0.011989
-0.011980
-0.068052
-0.014426
0.075738
0.016630
-0.034739
0.004026
0.002270
-0.013533
-0.020459
-0.046234
-0.039548
-0.002569
-0.002696
-0.016291
-0.016995
-0.015649
-0.012238
-0.017929
-0.035138
-0.031534
-0.019199
-0.016128
-0.013412
-0.011980
-0.004600
-0.007864
-0.015967
-0.016945
-0.016980
-0.018540
-0.017554
-0.018458
-0.020888
-0.014857
-0.013707
-0.017298
-0.018067
-0.018323
-0.011517
-0.000085
-0.012077
-0.026418
-0.024338
-0.016930
-0.001313
-0.001720
-0.009611
-0.013983
-0.027143
-0.009777
0.007066
-0.008881
-0.022537
-0.007006
0.032486
0.030947
0.011932
0.029311
0.040390
0.049224
0.082254
0.084949
0.042238
-0.020861
-0.068011
-0.050667
-0.010657
0.020473
-0.017507
-0.147897
-0.184245
-0.081707
0.030656
0.017143
-0.025140
-0.006730
-0.078112
-0.068457
-0.014133
-0.120303
-0.147940
-0.043492
-0.084221
-0.153051
-0.059882
-0.007206
0.046466
0.174801
0.204259
0.064435
0.034227
0.138521
0.151572
0.091721
0.030532
0.022138
0.023356
-0.004916
-0.008853
0.033462
0.069816
0.086225
0.045098
-0.009008
-0.007185
0.006698
-0.029558
-0.058464
-0.032755
-0.017400
-0.016643
-0.005254
0.014013
0.005010
0.001362
0.004551
0.000527
-0.001887
-0.004576
-0.005643
-0.012145
-0.008536
-0.011165
-0.008938
0.001921
0.004709
-0.002432
-0.004923
-0.002386
-0.005128
-0.004656
-0.002452
-0.002887
-0.008844
-0.017192
-0.018926
-0.009466
0.001835
-0.004126
0.003232
0.011856
-0.013267
-0.011753
0.003774
-0.022783
-0.011626
0.018318
-0.017690
-0.025200
0.003450
-0.017151
-0.029288
-0.036881
-0.040159
0.008297
-0.026443
-0.017728
0.023261
-0.098292
-0.074962
0.067010
-0.018009
-0.105184
-0.097865
-0.143267
-0.004876
0.122906
0.074286
0.045928
-0.009298
-0.073051
-0.044915
-0.050749
-0.115258
-0.058350
0.028195
-0.037105
-0.138065
-0.088181
-0.073958
-0.100056
-0.021683
0.046144
0.053801
0.082876
0.051069
0.012173
0.002860
-0.055587
0.000419
0.040689
-0.026286
0.007184
0.094620
0.042522
-0.008563
0.025640
0.073551
0.076352
0.020436
0.002202
0.006886
0.039506
0.072611
0.057462
0.040530
0.058658
0.057290
0.039895
0.036262
0.027913
0.012212
0.015925
0.025405
0.013860
0.017621
0.026389
0.019495
0.013876
0.016983
0.016952
0.024684
0.024838
0.016849
0.016698
0.016568
0.014946
0.011599
0.009119
0.012267
0.017269
0.016320
0.015493
0.012921
0.009993
0.013463
0.005657
0.006020
0.020914
0.014655
-0.002454
0.003603
0.017685
0.008618
0.004030
0.006881
-0.016321
-0.005082
0.038876
0.003102
-0.007396
0.028465
-0.009089
0.006224
-0.011729
-0.107635
-0.045065
-0.014238
-0.008472
0.154369
0.134203
0.025642
0.016505
-0.042891
-0.045115
0.002272
0.072891
0.138875
0.146664
0.213973
0.179010
-0.067064
-0.096976
0.037364
0.054254
0.041424
0.030759
-0.033028
-0.081172
0.043011
0.052589
-0.085438
-0.053777
-0.033943
-0.014489
0.029553
-0.020098
0.021276
0.076107
0.041629
0.016684
-0.078370
-0.099099
-0.020083
-0.014682
-0.001238
-0.047644
-0.096862
-0.032274
-0.013081
-0.046908
-0.055003
-0.059125
-0.039791
-0.060381
-0.069721
-0.010928
0.014737
-0.010612
-0.033366
-0.017801
-0.005495
-0.001457
-0.007077
-0.014116
-0.009115
-0.012452
-0.021497
-0.018714
-0.010373
-0.023261
-0.027340
-0.020736
-0.013518
-0.012218
-0.012801
-0.009969
-0.012656
-0.018445
-0.018720
-0.015394
-0.016319
-0.014266
-0.010094
-0.008579
-0.010261
-0.012955
-0.021978
-0.026709
-0.009111
0.005860
-0.001081
-0.003495
-0.009304
-0.020122
-0.021216
-0.018114
-0.005834
-0.000041
-0.004485
0.012358
0.026806
-0.006384
0.009383
0.051524
0.017918
0.046101
0.012574
-0.094632
-0.043814
0.050329
0.076965
0.084266
0.025412
-0.009444
0.044464
0.010100
-0.118639
-0.179182
-0.102426
0.006634
0.046880
-0.001897
-0.064161
-0.043458
-0.040198
-0.124082
-0.200219
-0.242306
-0.155884
-0.020313
-0.021249
0.004645
0.057763
0.042056
0.088068
0.074067
-0.028660
-0.055817
-0.072248
-0.024416
0.100645
0.136054
0.117403
0.091609
0.084307
0.100005
0.067682
0.041103
0.045887
0.032225
0.032279
0.044366
0.036398
-0.001554
-0.018745
-0.009410
-0.021423
-0.012561
0.007950
-0.003150
0.003920
0.011488
-0.001845
0.006882
0.014670
0.014283
0.014446
0.014997
0.020301
0.026117
0.022205
0.012942
0.010672
0.012257
0.009769
0.003166
-0.000813
0.004243
0.009092
0.009750
0.012810
0.013707
0.007603
0.005631
0.008209
0.005321
0.002929
0.003037
0.004803
0.004012
0.005638
0.007885
0.016585
0.024783
-0.015383
-0.038896
-0.020472
-0.006237
0.024820
0.052275
0.000493
-0.050077
-0.015871
-0.000328
0.011413
0.090050
0.081689
-0.027750
-0.040081
-0.013768
0.005280
0.006522
0.005411
0.075487
0.061565
-0.003210
0.005992
-0.118458
-0.155707
0.038061
-0.045693
-0.023609
0.163807
-0.027447
-0.098621
0.045551
-0.000719
0.000324
0.055933
-0.102822
-0.082218
0.146614
0.156803
0.001198
-0.064374
0.007073
0.102615
0.117596
0.049850
0.060753
0.100440
0.099768
0.082637
0.031979
-0.003287
-0.014975
-0.050664
-0.067330
-0.067584
-0.047664
0.031214
0.037033
-0.005718
0.008533
0.032378
-0.003481
-0.030636
-0.044100
-0.061343
-0.034446
-0.019796
-0.026377
-0.024386
-0.009415
-0.009799
-0.016048
-0.022621
-0.024164
-0.014893
-0.016692
-0.021256
-0.025361
-0.024359
-0.023998
-0.025336
-0.023234
-0.017510
-0.015873
-0.019088
-0.020914
-0.024081
-0.019302
-0.016065
-0.024050
-0.029671
-0.026163
-0.024850
-0.027592
-0.022564
-0.015247
-0.011553
-0.019750
-0.025756
-0.029628
-0.043668
-0.019665
0.014986
-0.028572
-0.043411
-0.041856
-0.107516
-0.074992
0.030571
0.058953
0.014738
-0.020347
-0.057242
-0.078193
-0.015224
0.030775
-0.062654
-0.116376
-0.054895
0.070576
0.126561
-0.019319
-0.029194
0.086230
0.022476
0.051986
0.107912
-0.082426
0.091978
0.398658
0.159724
-0.007092
0.110300
0.086834
0.097207
0.092668
-0.112910
-0.184757
-0.097095
-0.109362
-0.142067
-0.128132
-0.098719
-0.023368
0.008567
-0.000854
0.037088
0.046835
-0.003203
0.001541
0.024859
0.060685
0.092527
0.057438
0.059531
0.068754
0.024744
0.034742
0.055831
-0.005816
-0.017413
0.004714
-0.025863
-0.043420
-0.027969
-0.026721
-0.018840
-0.019259
-0.019113
-0.001465
-0.020390
-0.031160
-0.019317
-0.018685
-0.028082
-0.027873
-0.033052
-0.029194
-0.023128
-0.021442
-0.017805
-0.019113
-0.017053
-0.011805
-0.008333
-0.011472
-0.014184
-0.017060
-0.013837
-0.011586
-0.015792
-0.015585
-0.008544
-0.006938
-0.012010
-0.021872
-0.022588
-0.014189
-0.001568
-0.003778
-0.030880
-0.026246
0.012091
0.000391
-0.041262
-0.066813
-0.056189
0.009207
0.039359
0.037283
-0.018896
-0.113949
-0.022792
0.031340
-0.034720
0.031041
0.000150
-0.051989
0.084613
0.091186
-0.054174
-0.067337
0.015809
0.017715
0.032931
0.061680
-0.013593
0.092633
0.314648
0.153521
-0.072037
-0.068828
-0.036997
0.130463
0.163855
0.000184
-0.003500
-0.008677
-0.066189
-0.040673
-0.122116
-0.208950
-0.092430
0.009453
0.016909
0.011726
-0.000103
-0.042403
-0.076428
-0.010413
0.040175
-0.021335
-0.053405
-0.030882
-0.058534
-0.072408
-0.055999
-0.056788
-0.061322
-0.054360
-0.050402
-0.028286
-0.004964
-0.014324
-0.015176
0.009119
0.020793
0.000629
-0.005924
-0.002005
0.002390
0.003255
0.002187
0.005849
0.008053
0.001208
-0.008872
-0.004755
-0.003421
-0.005015
-0.007820
-0.005218
0.004828
0.006601
0.003808
0.000202
-0.000784
0.000996
0.000381
-0.002461
0.000533
-0.000072
0.000401
0.005617
-0.003410
-0.014133
-0.010473
0.004483
0.021105
0.011127
-0.017443
-0.022214
-0.019163
-0.006231
0.023532
0.022287
0.022771
0.030053
-0.006290
-0.035895
-0.008552
0.046523
0.064546
0.047588
0.035522
-0.027206
-0.073241
0.013509
0.062995
0.043424
0.075490
0.087317
0.024766
0.053157
0.132740
0.010444
-0.032503
0.130928
0.106199
0.015116
0.058393
-0.029846
-0.216039
-0.113783
0.048865
-0.061432
-0.063895
0.083705
-0.031736
-0.086124
0.072567
-0.014334
-0.086619
0.028363
0.034521
-0.037961
-0.045508
-0.015257
-0.026203
-0.076849
-0.075292
-0.030140
0.021042
0.050433
0.024098
0.023296
0.056319
0.038449
-0.013498
-0.021424
-0.015265
-0.026044
-0.036387
-0.036848
-0.018524
0.000333
0.002987
-0.005346
0.001421
-0.006098
-0.019532
-0.017698
-0.013180
-0.010646
-0.009956
-0.009593
-0.006555
-0.001731
-0.007022
-0.009177
-0.001839
-0.002428
-0.006632
-0.004054
-0.002291
-0.005150
-0.007615
-0.008461
-0.007981
-0.001810
0.000105
0.000059
-0.000897
-0.000332
-0.003860
-0.004411
-0.000748
-0.003613
0.000551
0.006359
-0.003200
-0.010253
-0.008963
-0.019653
-0.016091
0.004331
0.002295
-0.008322
-0.007298
-0.011823
-0.014392
-0.005950
-0.003177
-0.005685
-0.002211
0.002726
0.003652
0.004325
0.005622
0.004485
0.003619
0.005083
0.006803
0.006768
0.005732
0.003572
0.001708
0.001409
0.003053
0.004186
0.003474
0.003449
0.002960
0.000429
-0.001349
-0.000860
0.000028
0.001614
0.002841
0.002654
0.001405
0.000133
0.000853
-0.000130
0.000921
0.002180
0.000974
0.000780
0.001081
0.000820
0.000217
0.000422
0.000426
0.001275
0.002004
0.003133
0.003290
0.002871
0.002279
0.001466
0.000842
0.000874
0.000607
0.000512
0.000581
0.000815
0.000729
0.000991
0.001219
0.001320
0.001210
0.000902
0.000585
0.000513
0.000624
0.000778
0.000806
0.000737
0.000524
0.000395
0.000388
0.000473
0.000634
0.000687
0.000490
0.000322
0.000237
0.000230
0.000361
0.000452
0.000368
0.000280
0.000258
0.000312
0.000362
0.000223
0.000103
0.000073
0.000084
0.000145
0.000267
0.000206
0.000046
-0.000084
-0.000266
-0.000439
-0.000408
-0.000236
-0.000127
-0.000029
-0.000108
-0.000315
-0.000433
-0.000357
-0.000281
-0.000120
-0.005621
0.000903
-0.003207
-0.017428
-0.022297
-0.016035
-0.004585
0.003146
0.019466
0.022496
-0.019382
-0.018288
0.034498
0.021341
-0.007757
-0.009670
-0.031262
-0.013017
0.061509
0.075726
0.046592
0.025683
-0.025081
-0.078657
-0.081605
-0.047935
-0.001156
0.044546
-0.000042
0.034158
0.111716
0.019578
-0.070388
-0.152609
-0.232571
0.000846
0.171143
-0.029707
-0.010411
0.074059
-0.122919
-0.154673
-0.137658
-0.190594
-0.057259
0.019528
-0.041530
-0.048765
0.035277
0.190041
0.089531
-0.147357
-0.090020
0.004115
0.006683
0.094077
0.159153
0.135030
0.144037
0.107138
0.049722
0.028609
0.022751
-0.000862
-0.019917
-0.006237
-0.041285
-0.085947
-0.039667
0.026963
0.013604
-0.010473
0.000184
0.032200
0.049631
0.009688
-0.009531
0.007769
0.017675
0.019343
0.017308
0.006567
0.016506
0.015225
0.003133
0.001960
0.001450
0.012860
0.014825
0.004235
-0.004402
-0.000546
-0.000437
0.007960
0.006454
0.002939
0.006503
0.005649
0.002413
0.004215
0.010703
0.010734
0.003632
-0.004728
-0.005873
0.006012
0.009051
-0.007288
-0.005568
-0.000015
0.003903
0.014396
0.025043
0.034325
0.020321
0.002239
-0.003793
-0.014117
-0.005697
0.007235
0.037237
0.082578
0.027340
-0.042274
0.023296
0.063441
-0.000471
0.019831
-0.026155
-0.073930
0.135792
0.182449
-0.034633
-0.114399
-0.125347
-0.150248
-0.136800
-0.085775
0.127406
0.188229
-0.036896
-0.038002
0.046383
-0.035527
-0.033880
-0.120484
-0.294605
-0.099346
0.224422
0.276735
0.126862
0.076125
0.204559
0.217002
0.062794
-0.047801
-0.051159
-0.017887
0.019183
0.001331
-0.013018
-0.040810
-0.057338
0.019304
-0.013576
-0.095699
-0.008745
0.075680
0.003365
-0.026346
0.005385
0.001702
-0.008934
-0.014904
-0.035753
-0.045520
-0.016286
-0.004750
-0.018251
-0.025883
-0.019785
-0.016737
-0.008917
-0.027978
-0.049947
-0.031709
-0.024633
-0.023737
-0.016228
-0.011696
-0.014788
-0.005692
-0.002996
-0.011063
-0.017397
-0.023172
-0.017808
-0.020195
-0.025327
-0.019945
-0.012118
-0.010588
-0.013452
-0.009840
0.003370
-0.009020
-0.029441
-0.029800
-0.020129
-0.000707
0.003576
-0.003045
-0.014648
-0.030040
-0.006623
0.012163
-0.009543
-0.027132
-0.003827
0.042044
0.040235
0.018705
0.034270
0.045226
0.059554
0.097164
0.090395
0.035445
-0.032810
-0.084016
-0.062982
-0.010850
0.027149
-0.022587
-0.174742
-0.208654
-0.078489
0.043724
0.018263
-0.024502
-0.011363
-0.096384
-0.077448
-0.015394
-0.138470
-0.161645
-0.032920
-0.090414
-0.164217
-0.056156
-0.005535
0.066202
0.223153
0.231729
0.053535
0.037812
0.161820
0.166636
0.086443
0.029092
0.016315
0.018512
0.003407
-0.011704
0.041166
0.080535
0.098252
0.056273
-0.016309
-0.022729
0.001218
-0.030485
-0.067713
-0.033272
-0.016553
-0.010779
0.007403
0.023096
0.006435
0.001549
0.009736
-0.001868
-0.003594
-0.008052
-0.012481
-0.019977
-0.016737
-0.018639
-0.014631
-0.004872
0.001719
-0.004416
-0.012362
-0.011777
-0.009537
-0.002973
-0.002476
-0.004764
-0.015000
-0.021312
-0.019763
-0.007943
-0.000562
-0.005466
0.010651
0.018056
-0.014382
-0.011776
0.009251
-0.020869
-0.006930
0.020715
-0.025041
-0.027800
0.005284
-0.021907
-0.034630
-0.039414
-0.038805
0.013117
-0.029483
-0.011108
0.025507
-0.117297
-0.075003
0.083465
-0.025190
-0.117787
-0.112195
-0.162054
0.010303
0.152016
0.091048
0.048594
-0.016493
-0.080523
-0.050828
-0.070979
-0.131457
-0.058023
0.036864
-0.039176
-0.163773
-0.092116
-0.078845
-0.114510
0.005102
0.065786
0.046508
0.105114
0.063256
0.000428
0.006426
-0.063066
0.004430
0.053906
-0.038003
0.020734
0.120387
0.037515
-0.010282
0.039913
0.086066
0.081723
0.019072
0.005024
0.002056
0.034841
0.085035
0.066388
0.043857
0.071063
0.063496
0.050276
0.046022
0.017486
0.014836
0.016860
0.018952
0.013073
0.015148
0.022870
0.023446
0.015278
0.019655
0.017155
0.011515
0.022950
0.017536
0.012184
0.013748
0.014041
0.013786
0.012333
0.008061
0.010569
0.013042
0.010755
0.010276
0.009134
0.011346
0.006561
0.009373
0.021336
0.010874
-0.008334
0.003615
0.018908
0.003212
0.001065
0.006847
-0.020266
-0.001959
0.045535
-0.000387
-0.005482
0.033909
-0.011636
0.007349
-0.019860
-0.124956
-0.047614
-0.014242
0.000635
0.186540
0.150949
0.026809
0.016261
-0.054159
-0.056991
0.003496
0.088573
0.160231
0.169158
0.251048
0.190342
-0.110093
-0.111786
0.048094
0.050012
0.049718
0.024205
-0.066200
-0.083023
0.058936
0.053757
-0.096077
-0.071164
-0.027873
-0.012492
0.016800
-0.022765
0.013483
0.089023
0.064526
0.016376
-0.096127
-0.117079
-0.029292
-0.008512
-0.005868
-0.075763
-0.115805
-0.031006
-0.009608
-0.057026
-0.057740
-0.072050
-0.045641
-0.061411
-0.087616
-0.009743
0.010653
-0.016021
-0.014220
-0.011583
-0.000286
0.011181
-0.007063
-0.009153
-0.016367
-0.027180
-0.013812
-0.016147
-0.009037
-0.014578
-0.026996
-0.018228
-0.012716
-0.017833
-0.011224
-0.011972
-0.013364
-0.010563
-0.016968
-0.013782
-0.011161
-0.007273
-0.006020
-0.008227
-0.015551
-0.012832
-0.019354
-0.027887
-0.005309
0.009445
0.001846
-0.000948
-0.012137
-0.027584
-0.024555
-0.020140
-0.007169
-0.001525
-0.005109
0.019862
0.032698
-0.009880
0.013231
0.057974
0.022485
0.055748
0.003652
-0.116621
-0.046187
0.064941
0.090114
0.092961
0.021940
-0.010653
0.055219
0.007818
-0.150901
-0.217732
-0.112601
0.020971
0.059558
-0.005354
-0.074461
-0.044112
-0.030320
-0.137435
-0.247332
-0.277918
-0.165995
-0.006551
-0.001523
0.015474
0.074547
0.061907
0.114033
0.089917
-0.042142
-0.084540
-0.088265
-0.019059
0.125195
0.159558
0.134073
0.111682
0.107783
0.118547
0.064638
0.027834
0.038174
0.023094
0.037638
0.052197
0.029145
0.006423
-0.004721
-0.002469
-0.015932
-0.019850
0.004964
-0.003056
-0.007706
0.013178
0.007018
0.015268
0.028608
0.018775
0.015309
0.017481
0.010038
0.013299
0.012376
0.005945
0.012093
0.015172
0.009230
0.000771
-0.003861
-0.003304
-0.002643
-0.001186
0.003812
0.007556
0.005886
0.007033
0.014047
0.011487
0.004959
0.002786
0.001976
0.000296
0.003259
0.007312
0.022453
0.030403
-0.017185
-0.042066
-0.021014
-0.004680
0.030592
0.058883
-0.006355
-0.058804
-0.014453
0.001052
0.018843
0.112230
0.090743
-0.040217
-0.048077
-0.015351
0.004799
0.004678
0.009781
0.086584
0.068736
0.002904
0.000562
-0.152536
-0.170083
0.052639
-0.057501
-0.016247
0.186959
-0.045683
-0.110507
0.060272
-0.001785
0.009170
0.060560
-0.134179
-0.081041
0.180963
0.177966
-0.019870
-0.083810
0.028247
0.121729
0.130053
0.060409
0.043930
0.102117
0.134701
0.072555
0.025103
-0.012471
-0.040923
-0.039221
-0.075473
-0.096367
-0.042851
0.044588
0.032783
0.003105
0.013654
0.031512
-0.003428
-0.041715
-0.045725
-0.067347
-0.050957
-0.025378
-0.023860
-0.027391
-0.003623
-0.007513
-0.018616
-0.017728
-0.032670
-0.032907
-0.026065
-0.028239
-0.030557
-0.026498
-0.032178
-0.023382
-0.015465
-0.014814
-0.021283
-0.027122
-0.020929
-0.021454
-0.020177
-0.018311
-0.018844
-0.023531
-0.022419
-0.028821
-0.031961
-0.019958
-0.012854
-0.012051
-0.023079
-0.024940
-0.027355
-0.041122
-0.013510
0.019942
-0.033545
-0.045169
-0.049548
-0.127891
-0.078325
0.047122
0.071840
0.019514
-0.017909
-0.066292
-0.087050
-0.009113
0.034221
-0.080707
-0.131334
-0.046736
0.096040
0.143694
-0.025050
-0.030625
0.103539
0.034637
0.068034
0.109367
-0.113311
0.129780
0.475815
0.153667
-0.028848
0.122962
0.092649
0.111626
0.093123
-0.163330
-0.233806
-0.108513
-0.111506
-0.161494
-0.148680
-0.097070
-0.016874
0.032808
0.016335
0.024867
0.047350
0.002201
-0.006690
0.044086
0.075545
0.089495
0.086703
0.075395
0.065178
0.026796
0.023503
0.041634
-0.011102
-0.032226
-0.011887
-0.038335
-0.057221
-0.028096
-0.029983
-0.034088
-0.017131
-0.011037
-0.006311
-0.025578
-0.028918
-0.010998
-0.002990
-0.025188
-0.033895
-0.025411
-0.021362
-0.023830
-0.024421
-0.021873
-0.021529
-0.014413
-0.014797
-0.013765
-0.013687
-0.013736
-0.017735
-0.018537
-0.019391
-0.018949
-0.014633
-0.012016
-0.008983
-0.011504
-0.018813
-0.019921
-0.012203
0.002804
-0.000426
-0.035575
-0.027681
0.018852
0.000917
-0.047184
-0.075506
-0.060961
0.015757
0.051759
0.045477
-0.029409
-0.130814
-0.018169
0.034782
-0.036258
0.042919
-0.001045
-0.057209
0.109824
0.102948
-0.075792
-0.075147
0.021346
0.022385
0.047481
0.065694
-0.022163
0.119749
0.374742
0.164353
-0.110225
-0.091663
-0.040754
0.148797
0.191362
-0.016526
-0.022937
0.000082
-0.072333
-0.046693
-0.153151
-0.248014
-0.087398
0.026603
0.020861
0.005017
-0.004459
-0.048893
-0.082692
0.007425
0.049234
-0.048051
-0.056125
-0.023237
-0.080217
-0.079359
-0.069201
-0.067160
-0.050026
-0.057045
-0.053783
-0.028836
-0.018434
-0.017038
-0.010218
0.003416
0.027663
0.007617
-0.001994
0.006163
0.003461
0.011341
0.015977
0.004534
0.004241
0.005545
-0.002629
0.005539
-0.000512
-0.005038
-0.000304
-0.002446
0.001039
0.005491
0.003157
0.003293
0.006186
0.005652
0.006783
0.000512
0.001490
0.001194
-0.001801
0.003349
-0.001894
-0.014812
-0.011152
0.008595
0.024115
0.010845
-0.024134
-0.028441
-0.023443
-0.007417
0.027400
0.024103
0.023782
0.031353
-0.010939
-0.044492
-0.008910
0.052624
0.070834
0.054774
0.039955
-0.037356
-0.086373
0.018748
0.073690
0.052245
0.090106
0.094300
0.019501
0.068183
0.148562
-0.007346
-0.039763
0.152042
0.114421
0.011344
0.064362
-0.053849
-0.262185
-0.110278
0.065316
-0.078039
-0.062114
0.100484
-0.052789
-0.087462
0.096818
-0.031351
-0.104415
0.049818
0.038386
-0.058339
-0.046287
-0.020400
-0.032690
-0.082153
-0.079405
-0.025138
0.025348
0.054967
0.020823
0.027305
0.065566
0.029385
-0.016926
-0.021069
-0.032725
-0.030530
-0.030812
-0.046375
-0.013475
0.006494
0.006147
0.005073
0.001587
-0.006398
-0.018057
-0.019924
-0.011744
-0.010975
-0.011413
-0.005767
-0.008600
-0.000492
0.003390
-0.004306
-0.003107
0.001701
-0.006368
-0.008221
-0.006799
-0.009228
-0.006748
-0.007197
-0.007848
-0.002174
-0.000382
0.000470
-0.000149
-0.004696
-0.007361
-0.001613
0.001660
-0.002223
0.001275
0.007518
-0.002881
-0.014183
-0.015113
-0.024344
-0.016011
0.006887
0.003307
-0.008785
-0.005391
-0.011293
-0.015018
-0.005887
-0.004796
-0.005995
-0.001982
0.001996
0.003339
0.005624
0.007883
0.008178
0.007684
0.005499
0.004732
0.006764
0.007980
0.004211
0.003210
0.002968
0.001439
0.004379
0.006021
0.003569
0.001648
0.000631
0.000011
0.000830
0.001914
0.002046
0.001003
0.002052
0.002299
0.000603
0.001626
0.001951
0.000812
-0.001267
0.000684
0.001679
0.000663
0.001650
0.001439
0.000861
0.000201
0.000319
0.000458
0.002049
0.002099
0.002406
0.002324
0.002323
0.001950
0.001275
0.000745
0.000712
0.000230
0.000229
0.000180
0.000871
0.001269
0.001276
0.001080
0.001071
0.000795
0.000593
0.000604
0.000698
0.000616
0.000567
0.000459
0.000409
0.000401
0.000576
0.000734
0.000631
0.000480
0.000354
0.000226
0.000248
0.000413
0.000481
0.000392
0.000358
0.000282
0.000258
0.000364
0.000328
0.000141
0.000013
0.000016
0.000060
0.000234
0.000269
0.000078
-0.000162
-0.000308
-0.000376
-0.000367
-0.000312
-0.000309
-0.000355
-0.000383
-0.000256
-0.000258
-0.000313
-0.000330
-0.000277
-0.000304
-0.000155