-0.021265
-0.017113
-0.016318
-0.020856
-0.021395
-0.019419
-0.017480
-0.014512
-0.013838
-0.012696
-0.013008
-0.010467
-0.008101
-0.008176
-0.009233
-0.009971
-0.011525
-0.007607
-0.002717
0.004157
0.006269
0.001519
-0.003077
-0.009461
0.007500
0.013699
0.000261
-0.006788
-0.007786
0.009428
0.030250
0.040709
0.035765
0.015757
-0.011006
-0.038839
-0.028297
-0.015128
0.004150
0.019338
0.024183
0.023497
0.032729
0.019095
-0.047355
-0.069815
-0.082808
-0.019344
0.058929
0.029861
-0.007049
-0.002387
-0.037818
-0.104467
-0.095644
-0.087478
-0.043626
-0.017091
-0.065830
-0.011832
0.012735
-0.006775
-0.009126
-0.042556
-0.075715
-0.058093
-0.012074
0.035589
0.080819
0.061667
0.040369
0.061382
0.045082
0.021112
0.033458
0.017096
0.029027
0.014705
-0.021015
-0.010485
0.003526
0.009536
0.018695
0.021416
0.012625
0.012121
0.013134
0.006947
0.002320
0.001928
0.007572
0.021453
0.025078
0.022083
0.022215
0.015779
0.012559
0.015234
0.009873
0.010116
0.011046
0.012190
0.011598
0.008980
0.006135
0.006209
0.006732
0.005082
0.007130
0.004736
0.003674
0.004051
0.004554
0.005615
0.003137
0.002543
0.004415
0.006859
0.005880
-0.001522
-0.004825
-0.001784
0.000210
0.004334
0.009966
0.010896
0.009631
-0.002202
-0.002400
-0.001590
-0.003315
0.005399
0.018278
0.034157
0.019865
-0.008412
0.004622
0.028985
0.023828
-0.003396
0.001841
0.019475
0.043715
0.073694
0.008907
-0.037702
-0.067073
-0.089762
-0.041179
-0.010879
0.040177
0.076989
0.021109
-0.042236
-0.012159
-0.002699
-0.064005
-0.093148
-0.104660
-0.038505
0.064998
0.089205
0.099226
0.081801
0.047154
0.078811
0.072145
0.012007
-0.017149
0.014762
0.038223
0.036476
0.020723
-0.004915
0.014569
0.002142
0.003894
0.000519
-0.013861
0.006299
0.002393
0.001807
-0.009643
-0.008074
-0.004130
0.003003
-0.001648
-0.016858
-0.008734
-0.015746
-0.012466
-0.009797
-0.013839
-0.014552
-0.014376
-0.017511
-0.018626
-0.015213
-0.025705
-0.025616
-0.023683
-0.023526
-0.020784
-0.018849
-0.017264
-0.019274
-0.018658
-0.020343
-0.017280
-0.018988
-0.019175
-0.014393
-0.016445
-0.018808
-0.018120
-0.014782
-0.014862
-0.017036
-0.025088
-0.024685
-0.017262
-0.011225
-0.004313
-0.010404
-0.013757
-0.017733
-0.018273
-0.007852
-0.011108
-0.015399
-0.010469
0.003990
0.019132
0.006434
0.010111
0.027859
0.040785
0.049534
0.043515
0.037376
0.003906
-0.027910
-0.018481
0.015351
0.023449
-0.022437
-0.065392
-0.079075
-0.038593
-0.001779
0.011305
0.004765
-0.027801
-0.040340
-0.070374
-0.040359
-0.060336
-0.099527
-0.067903
-0.075735
-0.066079
-0.091622
-0.042687
0.021576
0.066934
0.063356
0.004347
0.029335
0.032288
0.059647
0.059754
0.041033
0.017325
0.015207
0.026515
0.029002
0.061994
0.059095
0.063097
0.051072
0.029491
0.006765
-0.004986
0.001573
-0.002546
0.004500
-0.001376
0.004749
0.014362
0.011865
0.013609
0.009793
0.005058
-0.000365
0.004513
0.001327
0.002613
0.002838
-0.000243
-0.000422
-0.001839
0.000326
-0.002736
-0.004424
-0.007429
-0.008614
-0.009939
-0.010618
-0.008346
-0.006377
-0.007298
-0.009717
-0.010584
-0.010392
-0.008563
-0.008553
-0.008289
-0.004508
-0.008407
-0.015029
-0.011386
-0.008131
-0.009270
-0.002179
-0.006040
-0.013479
-0.011624
-0.018704
-0.021393
-0.021535
-0.021510
-0.014183
-0.000080
-0.019438
-0.020110
-0.026460
-0.051978
0.000549
-0.013827
-0.062784
-0.085567
-0.075122
-0.011731
0.048995
0.038568
0.002689
0.002891
-0.060554
-0.058592
-0.032888
-0.040987
-0.040011
-0.019560
-0.021490
-0.061385
-0.081429
-0.085212
-0.042935
-0.014109
-0.011672
0.014151
0.029676
0.004139
-0.025445
-0.018204
-0.011643
-0.029138
0.001741
0.011467
0.025913
0.038673
0.012461
0.014388
0.024660
0.030982
0.032932
0.034892
0.010864
0.013168
0.034469
0.041659
0.050058
0.041734
0.040468
0.051109
0.054814
0.042643
0.035566
0.030645
0.026302
0.036118
0.034100
0.037081
0.036390
0.033361
0.033315
0.026692
0.021655
0.018596
0.022929
0.021117
0.020732
0.021752
0.020800
0.019145
0.020189
0.019733
0.016828
0.015729
0.013661
0.014520
0.012936
0.010320
0.010139
0.008128
0.012401
0.012708
0.005549
0.003984
0.006264
0.007112
0.000806
-0.002282
-0.001070
0.003014
0.010148
0.009502
0.002176
0.007879
0.003683
-0.010727
-0.012868
-0.043618
-0.046034
-0.000630
0.014928
0.058692
0.076641
0.011039
-0.012346
-0.030613
-0.035247
0.017079
0.038449
0.091481
0.120970
0.117202
0.083536
0.007461
-0.018541
0.010295
0.077323
0.067543
0.034261
0.012287
0.006304
0.022955
0.027807
0.001491
-0.018269
-0.008157
-0.020353
0.035846
0.010340
-0.010838
0.044397
0.022835
0.022454
-0.036759
-0.047757
-0.006828
0.004622
0.000673
-0.035901
-0.040221
-0.043584
-0.032117
-0.019199
-0.028953
-0.044882
-0.060830
-0.063452
-0.042413
-0.041875
-0.039787
-0.027871
-0.030209
-0.023640
-0.026028
-0.026937
-0.016982
-0.024571
-0.024503
-0.021284
-0.026329
-0.022098
-0.020387
-0.019050
-0.017859
-0.022292
-0.023410
-0.021472
-0.020789
-0.017748
-0.018326
-0.018001
-0.017626
-0.015755
-0.012689
-0.012405
-0.010205
-0.007616
-0.009192
-0.011225
-0.014124
-0.014459
-0.007427
0.000238
0.001989
-0.003012
-0.009471
-0.016417
-0.016333
-0.013157
-0.008786
-0.000359
-0.000606
0.000954
0.006891
0.003901
0.004701
0.016363
0.029674
0.011208
0.002045
-0.032303
-0.023065
0.040396
0.047327
0.059175
0.024275
0.007848
0.017757
-0.002780
-0.051927
-0.086211
-0.043166
0.000492
0.028205
0.011172
-0.029498
-0.032246
-0.051541
-0.095421
-0.129976
-0.144461
-0.125426
-0.057964
-0.013509
-0.013519
-0.009273
-0.015285
0.000198
0.009111
-0.044827
-0.084363
-0.063973
-0.028753
0.038881
0.070010
0.061596
0.059407
0.052487
0.057106
0.051668
0.039263
0.021895
0.029926
0.047307
0.044239
0.046371
0.031250
0.022704
0.032284
0.024303
0.018013
0.013298
0.005721
0.013001
0.016106
0.013100
0.018332
0.023344
0.029022
0.027997
0.026102
0.018957
0.013140
0.016270
0.013496
0.015726
0.017049
0.013753
0.015801
0.015711
0.011475
0.009985
0.006332
0.004608
0.007309
0.005573
0.005108
0.005204
0.003340
0.001767
0.001865
0.003017
0.003826
0.004772
0.005796
0.011141
0.007337
-0.003860
-0.022999
-0.015369
0.001080
0.008460
0.017983
-0.002556
-0.017647
-0.023644
-0.004243
0.018424
0.037614
0.036385
-0.007899
-0.023956
-0.011035
0.001408
0.017456
0.017751
0.033121
0.055256
0.004952
-0.031394
-0.044960
-0.055936
-0.027716
0.007952
0.010812
0.047556
0.014285
-0.069896
0.007461
0.011053
-0.000704
-0.009915
-0.041827
-0.002953
0.048574
0.065171
-0.003699
0.013062
-0.009118
0.024946
0.099279
0.049807
0.050801
0.065041
0.071602
0.065101
0.044407
0.007512
0.004787
0.005274
-0.013019
-0.003762
-0.003032
0.008943
0.026458
0.029139
0.010763
0.005862
-0.002955
-0.016880
-0.016539
-0.030374
-0.029807
-0.018266
-0.013815
-0.008781
-0.003884
-0.010675
-0.016892
-0.017899
-0.025089
-0.023947
-0.025336
-0.029729
-0.027966
-0.024631
-0.023966
-0.023134
-0.023349
-0.025365
-0.025735
-0.027022
-0.027795
-0.028650
-0.026573
-0.024276
-0.023299
-0.024548
-0.023877
-0.022944
-0.026510
-0.025918
-0.022594
-0.021892
-0.023328
-0.028964
-0.029035
-0.026311
-0.021521
-0.011620
-0.015444
-0.035667
-0.048057
-0.054024
-0.048221
0.001796
0.018358
0.009912
-0.023816
-0.050731
-0.037988
-0.028251
-0.012325
-0.036904
-0.052708
-0.034161
0.011671
0.047161
0.005643
-0.042417
0.007204
0.030077
0.009010
0.008574
0.018295
0.073488
0.161219
0.140581
0.054269
0.077639
0.076891
0.089183
0.096664
-0.009400
-0.051765
-0.038275
-0.045144
-0.036956
-0.023400
-0.051353
-0.042039
0.026375
-0.005087
-0.013860
-0.018015
-0.041722
-0.012807
0.004856
0.016767
0.039954
0.048921
0.033542
0.054081
0.041586
0.018358
0.022155
0.020419
0.006316
0.004920
-0.004968
-0.019459
-0.004547
-0.014993
-0.014446
-0.005478
-0.018947
-0.020788
-0.016500
-0.022376
-0.024554
-0.020862
-0.023417
-0.017253
-0.012675
-0.018779
-0.015129
-0.016427
-0.020685
-0.021521
-0.020735
-0.021249
-0.020841
-0.022566
-0.021575
-0.018548
-0.019732
-0.018846
-0.019741
-0.018922
-0.017619
-0.012761
-0.014668
-0.016877
-0.018204
-0.013789
-0.006226
-0.009526
-0.014072
-0.015154
-0.004354
-0.006027
-0.029824
-0.041929
-0.033733
-0.005057
0.016297
0.001832
-0.020815
-0.044914
-0.048263
0.001300
0.004482
-0.004396
0.005166
-0.017570
0.032067
0.032380
-0.019494
-0.032391
-0.020197
0.024875
0.016104
0.021104
0.025162
0.067249
0.141899
0.080653
0.002094
-0.033105
-0.004375
0.078321
0.121423
0.059892
0.011808
0.019817
-0.019918
-0.017913
-0.036305
-0.077731
-0.061614
0.005969
0.029113
0.011205
-0.026520
-0.068077
-0.021998
-0.007410
-0.014425
-0.013530
-0.031008
-0.041704
-0.042812
-0.044004
-0.054293
-0.049559
-0.054192
-0.037700
-0.031554
-0.042158
-0.042856
-0.044279
-0.030810
-0.025875
-0.025896
-0.026602
-0.021136
-0.012684
-0.010513
-0.010168
-0.012882
-0.013748
-0.008405
0.000083
-0.000114
-0.002654
-0.004030
-0.004885
-0.003576
-0.003143
-0.001776
-0.002405
-0.001999
-0.000016
0.002862
0.002225
0.001414
0.001393
0.001550
0.005478
0.006027
0.008260
0.006897
0.001070
0.003008
0.009342
0.014381
0.009037
-0.004116
-0.011778
-0.007192
0.001295
0.009831
0.018616
0.015988
0.012485
-0.002123
-0.014003
0.001942
0.022341
0.039357
0.033491
0.014421
-0.008042
-0.027770
-0.006205
0.037493
0.049046
0.044155
0.037172
0.038073
0.047041
0.044219
0.041992
0.024333
0.063170
0.081807
0.044760
0.038933
-0.023955
-0.058790
-0.053965
-0.004530
0.029948
-0.014262
0.001975
-0.008540
-0.005028
-0.010799
-0.035284
-0.015160
0.004159
-0.011169
-0.026488
-0.005939
-0.033169
-0.044542
-0.041163
-0.039349
-0.024749
-0.003894
0.008583
0.011623
0.021001
0.000700
-0.007494
-0.008854
-0.020370
-0.014307
-0.022365
-0.019129
-0.013653
-0.015255
-0.007723
-0.000027
-0.002070
-0.007685
-0.009175
-0.012796
-0.011577
-0.013768
-0.012730
-0.013310
-0.010883
-0.006743
-0.004863
-0.003285
-0.005515
-0.005197
-0.005096
-0.007767
-0.006508
-0.004419
-0.004757
-0.003278
-0.002140
-0.001622
-0.001249
-0.001238
-0.001876
-0.003545
-0.004722
-0.004738
-0.003544
-0.001012
0.001247
0.002786
0.003818
0.000765
-0.005298
-0.007957
-0.008917
-0.007919
-0.002149
0.000266
-0.004386
-0.007116
-0.008762
-0.008754
-0.005770
-0.005215
-0.004479
-0.002392
-0.001572
-0.001673
-0.000506
-0.000032
0.000119
0.001051
0.001385
0.001310
0.001329
0.000970
0.001602
0.002033
0.001059
0.001604
0.001748
0.001767
0.002086
0.001673
0.000615
0.000463
0.000878
0.000882
0.001541
0.001799
0.001772
0.001797
0.001948
0.001858
0.002023
0.002007
0.002101
0.002145
0.002203
0.002185
0.002178
0.001831
0.001862
0.001782
0.001678
0.001566
0.001612
0.001588
0.001577
0.001538
0.001548
0.001454
0.001354
0.001324
0.001290
0.001212
0.001195
0.001108
0.001032
0.000967
0.000915
0.000854
0.000817
0.000709
0.000643
0.000636
0.000562
0.000526
0.000541
0.000488
0.000399
0.000391
0.000376
0.000370
0.000434
0.000456
0.000402
0.000366
0.000305
0.000273
0.000298
0.000341
0.000314
0.000255
0.000186
0.000108
0.000066
0.000068
0.000091
0.000048
0.000040
0.000013
-0.000015
-0.000031
-0.000014
-0.000021
-0.000019
0.052682
0.004335
-0.075245
0.027764
0.150554
-0.032071
-0.064186
-0.013306
-0.033657
0.071926
0.132122
0.130983
0.072963
-0.048453
-0.180566
-0.178822
-0.054958
-0.060333
0.087772
0.044825
0.025962
0.177482
0.212275
-0.204807
-0.341863
-0.347138
-0.276149
0.502770
0.137919
-0.349917
0.269365
0.156763
-0.547619
-0.427981
-0.073002
-0.099352
0.077441
-0.261886
0.029588
0.433036
0.036382
0.286301
-0.025239
-0.271657
-0.013137
-0.037875
0.094406
0.403522
0.267305
0.120943
0.252442
0.163353
-0.046375
-0.027460
-0.060517
-0.073535
-0.043710
-0.198495
-0.089265
-0.036507
-0.027987
0.061671
0.002746
-0.005472
0.017504
0.042548
0.020804
0.034994
0.034251
0.054974
0.062673
0.053773
0.057866
-0.002632
-0.030002
-0.009071
0.038235
0.010062
0.011268
0.042806
0.026834
-0.001358
-0.028990
-0.029319
-0.001171
-0.002217
-0.014457
-0.001264
-0.000803
-0.027512
-0.019713
0.011511
0.043247
0.010098
-0.023902
0.011783
0.028559
0.019971
-0.030878
-0.050096
-0.003151
-0.004075
-0.018982
0.049368
0.079804
0.058131
-0.014715
-0.046427
0.027094
-0.042445
-0.020282
0.054097
0.173145
0.146017
-0.180914
-0.078815
0.272252
0.058583
-0.172340
-0.046592
0.012587
0.011414
0.375204
0.126555
-0.353801
-0.159164
-0.356481
-0.265660
-0.140217
0.033666
0.664754
0.085164
-0.465878
0.174964
0.400821
-0.271493
-0.379163
-0.311217
-0.212303
0.351173
0.416607
0.376872
0.302867
0.081157
0.390604
0.295463
-0.251194
-0.252246
-0.078797
0.065280
-0.102534
-0.111367
0.022985
-0.043447
-0.134625
-0.122722
0.025881
-0.185318
0.072006
0.109367
-0.063517
0.106410
0.028459
0.045257
-0.041634
-0.052119
-0.116635
-0.046324
-0.039509
-0.101113
0.076804
0.032796
0.006221
-0.020200
0.000657
-0.017680
-0.080627
-0.095343
-0.083635
-0.006894
-0.032030
-0.022516
-0.024273
-0.019107
-0.006968
-0.007787
-0.004069
-0.031634
-0.027193
-0.017495
-0.002636
-0.017179
-0.030540
-0.028976
-0.022440
0.006840
-0.006300
-0.048895
-0.064370
-0.003254
-0.002934
0.012609
0.002013
-0.014526
-0.000258
-0.053455
0.049448
0.067501
-0.067267
-0.024905
0.087803
0.162318
0.019607
-0.052370
0.153190
0.120701
0.088622
0.135409
0.130505
-0.006396
-0.302443
-0.220138
0.060635
0.121027
-0.094651
-0.320223
-0.359765
-0.185014
0.107558
0.031253
0.044477
0.022721
-0.071410
-0.230729
-0.092304
0.150007
-0.498864
-0.128808
0.151791
-0.244570
-0.187706
-0.098182
0.405658
0.339199
0.457008
0.140025
0.056511
0.304904
0.167951
0.220552
-0.052600
0.044096
-0.087414
-0.067681
-0.113949
0.021482
0.183772
-0.011879
0.131433
0.002691
-0.031035
-0.089722
-0.059747
-0.073614
-0.102656
-0.002988
-0.062362
0.010741
0.027666
0.049302
0.007127
0.014374
0.045190
0.028361
0.049831
0.015678
0.003827
-0.033565
-0.019252
-0.003793
-0.013800
-0.030921
-0.054321
-0.023949
-0.030532
-0.030047
-0.016635
0.011146
0.018954
-0.005902
-0.038489
-0.058319
-0.015513
-0.004005
-0.032937
-0.028025
0.045308
0.016654
-0.076367
0.016550
0.038846
-0.064603
-0.001039
0.027452
-0.080835
-0.012430
-0.001355
-0.076806
-0.064200
-0.105320
0.001476
0.066093
-0.071619
0.001013
0.042395
-0.346820
0.079426
0.353469
-0.356527
-0.263622
-0.233158
-0.012559
0.346140
0.176718
0.035829
0.211299
-0.142570
-0.387011
0.080220
-0.168128
-0.204695
-0.012546
0.161643
-0.143004
-0.398171
-0.083956
-0.041874
-0.035211
0.038909
0.195659
0.315090
0.141400
-0.130134
0.029909
0.137297
-0.195247
-0.029880
0.159844
-0.073272
0.168657
0.064467
-0.065480
0.109847
0.128000
0.194446
0.055218
-0.036158
-0.037630
0.071686
0.066340
0.095962
0.070557
0.076813
0.152727
0.023776
0.056903
0.019627
0.002150
-0.003785
0.035634
0.062247
0.024361
0.053821
0.014020
0.015816
-0.019190
-0.014898
0.015453
0.015808
0.023244
0.030309
0.046526
0.002658
0.003634
0.015083
0.021062
0.011088
-0.003176
0.008478
0.010378
0.009908
-0.005534
0.004666
-0.002184
0.020575
0.046146
-0.042738
-0.049160
0.029242
0.029545
-0.040521
-0.037432
-0.004055
-0.042157
0.042195
0.059056
-0.047844
0.032199
0.058057
-0.067409
0.011812
-0.140191
-0.294173
0.087394
0.024007
0.131344
0.570970
0.056937
-0.132570
0.054547
-0.217434
0.000502
0.084046
0.184999
0.515920
0.239405
0.427593
-0.058168
-0.557668
-0.010421
0.236662
0.040829
-0.137325
-0.042450
-0.118857
-0.032917
0.055323
-0.004476
-0.187137
-0.080017
-0.052270
-0.025399
0.185088
-0.297976
0.256510
0.292786
-0.057106
0.004263
-0.433645
0.061361
0.014358
-0.181851
-0.056683
-0.133573
-0.076384
-0.027933
-0.027248
-0.023961
-0.065858
-0.235608
-0.110965
-0.051040
-0.056295
0.046127
0.000944
-0.006761
0.033620
0.013570
-0.010102
-0.002719
-0.015522
-0.002478
-0.001283
-0.036626
-0.023754
0.007847
-0.024440
-0.045489
-0.050359
-0.042367
-0.019435
-0.012254
-0.002912
-0.018240
-0.027174
-0.013475
0.006232
0.006312
-0.012770
-0.008707
0.025810
0.004673
-0.017187
-0.018847
-0.029130
-0.013523
0.028047
0.040587
0.005797
0.000159
-0.023821
-0.049690
-0.025782
-0.022527
0.020905
0.011319
-0.001819
0.102862
0.033580
-0.049609
0.089494
0.144826
0.061202
0.022848
-0.124097
-0.318643
0.188583
0.200388
0.070411
0.139597
-0.140796
0.150392
0.054073
-0.309414
-0.492835
-0.266426
0.112162
0.076008
0.017829
-0.109328
-0.004426
-0.002701
-0.260226
-0.379125
-0.395886
-0.338231
-0.080069
0.207930
0.096354
0.191744
0.212958
0.151905
0.340741
0.017460
-0.301251
-0.117862
-0.089414
0.164421
0.411389
0.204941
0.239839
0.149343
0.120525
0.176548
-0.081777
-0.064357
-0.018928
0.020579
0.083313
0.057249
0.007263
-0.069709
-0.025534
-0.035391
-0.099949
-0.066996
-0.011059
0.007681
0.064100
0.045074
0.058013
0.115490
0.068614
0.036145
0.020958
-0.003153
-0.013682
0.006538
0.025029
0.033676
0.039728
0.016670
0.015502
0.005791
-0.019078
-0.029708
-0.025785
-0.012114
0.006769
-0.004528
-0.020152
-0.002212
0.007628
0.000432
-0.011149
-0.001911
-0.006409
-0.006914
-0.006079
0.028931
0.066624
-0.024578
-0.126287
-0.090124
0.070821
0.012955
0.091534
0.079509
-0.132271
-0.089771
-0.018863
0.062987
0.128807
0.264897
-0.012479
-0.236295
0.000377
0.047915
-0.011468
-0.059195
0.086832
0.344076
-0.017045
-0.244451
-0.024104
-0.338014
-0.138043
0.114004
-0.133227
0.309929
0.376422
-0.630168
-0.031655
0.531956
-0.268852
0.098015
-0.190534
-0.111156
0.323065
0.283928
0.072801
-0.203837
0.085169
0.005481
0.405968
0.064523
-0.083003
0.245575
0.117525
0.146233
-0.052589
0.021389
-0.091108
-0.155353
-0.229186
-0.155977
-0.091451
-0.058638
0.135864
0.030791
0.046579
0.088276
0.028580
-0.080859
-0.087457
-0.100509
-0.099335
-0.047808
-0.047798
0.019671
0.043621
-0.008290
-0.061221
-0.029316
-0.013526
-0.028646
-0.050810
-0.054531
-0.011832
-0.019602
-0.045069
-0.054711
-0.049874
-0.042499
-0.033751
-0.047095
-0.058751
-0.032527
-0.011530
0.004729
-0.001834
-0.031605
-0.028256
-0.026277
-0.052624
-0.056585
-0.017086
-0.005086
-0.035725
-0.053871
-0.037066
-0.028489
-0.048390
0.062781
0.055260
-0.116393
-0.087966
-0.123305
-0.245913
0.049459
0.293598
0.050148
-0.028990
-0.147406
-0.061870
-0.040199
0.028667
0.030912
-0.285893
-0.152658
0.167883
0.430104
0.113019
-0.345244
0.213200
0.476180
-0.175786
0.059493
0.119827
-0.050379
0.717646
0.641439
-0.350097
0.022320
0.396090
-0.099697
0.143962
-0.237701
-0.560047
-0.200079
-0.353683
-0.246802
-0.134797
-0.156481
-0.157063
0.164443
0.199611
-0.019575
0.196720
-0.013627
0.020208
0.120381
0.162854
0.248345
0.132946
0.067256
0.132685
0.145031
-0.109329
0.000009
0.032232
-0.050477
-0.064268
-0.115575
-0.131540
-0.075189
-0.062394
-0.115682
-0.025709
-0.102322
-0.056098
-0.006213
-0.064839
-0.037690
0.001110
0.023617
0.013051
-0.001024
-0.026537
0.010261
-0.025501
-0.051084
-0.018464
-0.030292
-0.020472
-0.006849
-0.004033
-0.010119
-0.018045
-0.038390
-0.031302
-0.019388
-0.029825
-0.007214
-0.004456
-0.011005
-0.036208
-0.023496
-0.007356
0.029700
0.021120
-0.045913
-0.068350
0.024688
0.087490
-0.101212
-0.196124
-0.094487
0.028154
0.125266
0.074050
0.015599
-0.141290
-0.227961
0.123209
0.122594
-0.147657
0.167136
-0.074043
0.009181
0.488804
-0.175535
-0.256256
0.042682
0.156046
0.093555
-0.095331
0.132071
0.079889
0.608614
0.554127
-0.353288
-0.299172
-0.101687
0.136702
0.356788
0.039253
-0.258944
0.171841
-0.160899
-0.349743
0.039370
-0.453089
-0.383379
0.047508
0.241635
0.111234
-0.079304
-0.111108
-0.032266
0.047424
0.002236
0.087803
-0.150906
-0.086809
-0.097588
-0.144253
-0.039783
-0.117548
-0.078550
-0.030721
0.008959
-0.096453
-0.051154
-0.037774
0.018374
0.086727
0.021144
0.038753
0.006743
0.013104
-0.002396
-0.021459
-0.018068
0.008709
0.054044
0.033639
0.010379
0.006317
0.013105
-0.015927
-0.014034
-0.000074
-0.005873
0.002462
0.009246
0.018934
0.006301
-0.014144
-0.007946
0.015170
0.021501
0.023567
0.025904
0.018182
0.022670
-0.015838
-0.025583
0.025423
0.059721
0.047575
-0.047271
-0.065572
-0.018777
-0.018393
0.009733
0.077377
0.063127
0.040472
0.013473
-0.127446
-0.048846
0.116860
0.136125
0.106057
0.044906
0.028931
-0.189076
-0.147077
0.230866
0.178937
0.013514
0.162224
0.114777
0.045665
0.145873
0.086703
-0.167792
0.027203
0.452895
-0.073810
-0.087915
0.124020
-0.502826
-0.473338
0.020839
0.305462
-0.282316
-0.124479
0.358767
-0.199293
-0.013717
0.015904
-0.065591
0.087064
0.065824
-0.132620
0.009764
0.030808
-0.188544
-0.056619
-0.162008
0.010387
0.076113
0.045496
0.115666
0.059736
0.114655
0.011092
-0.007833
-0.031403
-0.043540
-0.096665
-0.123377
-0.072348
-0.089345
0.010324
0.023928
0.011632
0.040004
0.021116
-0.023097
-0.031214
-0.013954
-0.032767
-0.013737
0.005790
0.013148
-0.005846
-0.016359
0.005289
-0.004031
-0.010347
-0.011822
0.018240
0.020690
0.007262
0.010113
0.010545
-0.001844
-0.007581
-0.011801
-0.012565
0.000479
-0.006455
-0.020482
-0.004850
0.015757
0.006863
-0.003866
0.023068
0.019818
-0.034061
-0.033502
-0.031499
-0.041465
-0.004263
0.029349
-0.008800
-0.023368
-0.004914
-0.022958
-0.005272
-0.000152
-0.007272
0.004762
0.002177
0.005783
0.013547
0.018407
0.011657
0.014506
0.013011
0.009033
0.009555
0.005247
0.006711
0.001142
0.002091
0.002337
0.006537
0.008670
0.005582
0.003034
-0.001864
-0.003302
0.001002
0.008318
0.008517
0.004569
0.003394
0.001928
0.001231
0.003947
0.005541
0.002957
0.000537
0.001189
0.000141
0.001721
0.003532
0.002240
0.001566
0.001079
-0.000577
-0.000668
0.001988
0.002192
0.000765
0.000671
0.000713
0.001611
0.001757
0.001791
0.001280
0.000738
-0.000062
0.000343
0.001098
0.001971
0.001744
0.000814
0.000029
-0.000317
-0.000356
0.000172
0.000315
0.000289
-0.000037
-0.000367
-0.000336
0.000229
0.000830
0.001094
0.000802
0.000133
-0.000166
-0.000137
0.000185
0.000531
0.000533
0.000092
-0.000259
-0.000181
0.000077
0.000498
0.000437
0.000046
-0.000275
-0.000389
-0.000241
0.000323
0.000531
0.000200
-0.000121
-0.000414
-0.000555
-0.000265
0.000014
-0.000089
-0.000417
-0.000694
-0.000685
-0.000496
-0.000228
-0.000166
-0.000431
-0.000744
-0.000730
-0.000547
-0.000334
-0.000061
-0.000083
-0.000250
-0.000311
-0.000274
-0.000253
-0.000112