-0.027319
-0.024517
-0.018827
-0.020266
-0.021637
-0.016403
-0.011695
-0.009303
-0.012828
-0.018642
-0.010204
0.000490
0.003319
0.017658
0.009443
0.002816
-0.001657
0.008137
0.024030
0.000175
-0.006640
0.002363
-0.000969
0.029281
0.061037
0.056924
0.016521
-0.012231
-0.050652
-0.057654
-0.038379
-0.013593
0.016184
0.026022
0.050891
0.036746
0.050688
-0.051842
-0.120365
-0.096347
-0.062731
0.045974
0.065973
0.005081
0.010216
-0.021097
-0.162414
-0.109242
-0.044404
-0.141643
-0.019448
0.001548
-0.015569
0.055741
0.022336
0.049334
0.015685
-0.100530
-0.064676
0.026459
0.036621
0.102782
0.094838
0.051685
0.092643
0.070385
-0.022317
0.015136
0.003645
-0.028550
-0.028290
-0.063792
-0.058300
-0.041776
-0.029309
0.007538
0.037318
0.027302
0.022272
0.024996
0.019863
0.001260
-0.015613
0.000829
0.031127
0.035572
0.025748
0.028514
0.043700
0.029134
0.012670
0.002775
0.008965
0.021021
0.014495
0.007818
0.015552
0.021337
0.016337
0.013766
0.014530
0.013633
0.006330
0.001509
0.004640
0.004404
0.004120
0.002456
-0.001612
0.002362
0.000522
-0.002926
-0.001407
-0.006735
-0.006477
-0.004006
-0.005224
0.019328
0.017050
0.011670
0.005537
-0.003694
0.001723
-0.012322
0.003056
0.035952
0.040752
0.022848
-0.002310
0.012652
0.028958
0.012555
-0.004351
-0.007224
0.022433
0.010349
0.092219
0.057200
-0.091951
-0.081279
-0.126154
-0.122694
-0.009572
0.059626
0.089325
0.056916
-0.008332
0.018698
0.021032
-0.112321
-0.089928
-0.081526
-0.129372
0.067270
0.201355
0.151735
0.134831
0.093400
0.125710
0.111463
-0.013472
-0.051450
-0.038968
-0.037361
-0.022565
0.017207
-0.038987
-0.030729
-0.006107
-0.005882
0.016023
-0.027725
0.018899
0.013360
-0.028664
-0.013207
0.006008
0.002446
-0.001950
0.022011
-0.010501
-0.009347
0.002317
-0.001148
-0.013637
-0.041085
-0.018883
0.004789
0.003499
-0.016095
-0.014818
-0.007555
-0.011021
-0.010946
-0.021105
-0.018523
-0.015565
-0.013047
-0.009879
-0.016146
-0.021561
-0.017266
-0.018808
-0.028675
-0.028712
-0.023122
-0.021784
-0.023862
-0.018964
-0.020694
-0.021234
-0.028226
-0.035307
-0.021148
-0.021064
-0.006159
-0.001891
-0.015518
-0.016075
-0.018746
-0.001776
-0.001422
-0.024193
-0.001806
0.015048
0.021868
0.018026
0.019126
0.043812
0.037873
0.053525
0.072368
0.041928
-0.024425
-0.062490
-0.044561
-0.017010
-0.002125
-0.043936
-0.078367
-0.112289
-0.086021
0.002474
0.020439
0.048067
-0.025343
-0.045203
-0.048743
-0.060181
-0.036359
-0.143064
-0.066137
-0.046337
-0.090880
-0.073949
0.001629
0.085543
0.086159
0.164780
0.087227
0.066742
0.059275
0.063335
0.067363
0.022859
0.006494
-0.040196
-0.011692
-0.005725
0.023729
0.034436
0.041368
0.059657
0.005680
-0.037466
-0.042185
-0.022224
-0.038870
-0.043126
-0.015084
0.001583
0.028260
0.020723
0.018064
0.024657
0.022706
0.012067
0.011759
0.010772
0.006099
0.009410
0.009611
0.014799
0.013284
0.014840
0.016247
0.016917
0.008242
-0.004480
-0.007509
-0.003804
0.000978
-0.002801
-0.008258
-0.009250
-0.006693
-0.007177
-0.013363
-0.007988
-0.005170
-0.009100
-0.017581
-0.027205
-0.021300
-0.012332
-0.019283
-0.012148
-0.001493
-0.026702
-0.022503
-0.011807
-0.035522
-0.039269
-0.014825
-0.027746
-0.007246
0.006907
-0.042111
-0.013665
-0.059502
-0.013649
0.028131
-0.097569
-0.104979
-0.053813
-0.038533
0.037117
0.125412
0.028874
0.018511
-0.051078
-0.091688
-0.023244
-0.082335
-0.082294
-0.011100
-0.015496
-0.089563
-0.092967
-0.073322
-0.057717
-0.033969
0.028903
0.077285
0.055427
0.027933
0.015254
-0.034519
-0.019381
-0.043356
-0.006156
0.036115
-0.016664
0.041035
0.040008
-0.001899
0.021388
0.038559
0.017608
0.036247
0.017544
-0.008830
0.022354
0.024901
0.058616
0.055496
0.026905
0.052742
0.058560
0.038883
0.024027
0.021490
0.012028
0.019018
0.020380
0.023765
0.035301
0.030636
0.034396
0.035726
0.035345
0.022060
0.020892
0.027745
0.022062
0.021834
0.028945
0.032134
0.030998
0.028004
0.023321
0.026763
0.023872
0.016299
0.015111
0.008614
0.011899
0.014407
0.014357
0.014940
0.002372
0.006646
0.011949
0.005933
-0.000719
-0.002435
-0.003030
-0.002648
0.003016
0.018639
0.009899
-0.005706
0.019227
-0.012666
-0.038354
-0.032411
-0.083787
-0.021491
0.047210
0.052199
0.137441
0.061852
-0.034579
0.015073
-0.068741
-0.021342
0.074616
0.084587
0.166966
0.155909
0.114276
0.016442
-0.065234
-0.032144
0.051245
0.017117
0.018445
0.013285
-0.051648
-0.013699
0.022863
0.024933
-0.062245
-0.009794
0.013458
-0.006377
0.056271
-0.019046
0.065281
0.065352
-0.003974
-0.001381
-0.047554
-0.023328
-0.002040
-0.005671
-0.028130
-0.036067
-0.067835
-0.031235
-0.001531
-0.036614
-0.032967
-0.038246
-0.049700
-0.029425
-0.043205
-0.031689
-0.005321
-0.015342
-0.014727
-0.014191
-0.013555
0.005137
-0.017403
-0.047285
-0.032608
-0.036031
-0.032901
-0.030240
-0.039139
-0.026188
-0.026225
-0.032313
-0.022532
-0.028277
-0.027643
-0.026926
-0.023590
-0.015247
-0.021946
-0.021361
-0.010170
-0.005323
-0.006723
-0.014558
-0.015911
-0.015766
-0.020598
-0.014336
-0.000836
0.005841
-0.001546
-0.007163
-0.015922
-0.021740
-0.011420
-0.004500
-0.001743
0.004653
0.011188
0.018295
0.011008
0.017032
0.019768
0.050869
0.018345
-0.013975
-0.014238
-0.070388
0.033958
0.059567
0.045085
0.059007
0.013326
0.007490
-0.017241
-0.080711
-0.135656
-0.091144
-0.033463
0.011522
0.038684
-0.008093
-0.037529
-0.059040
-0.092826
-0.146701
-0.183304
-0.156063
-0.076190
0.028544
0.026931
0.037246
0.080896
0.062890
0.058895
0.008940
-0.096757
-0.064589
-0.037290
0.001895
0.102449
0.091169
0.082523
0.086981
0.061895
0.054849
0.029287
-0.006595
-0.009864
-0.007378
-0.010544
0.004531
-0.002435
-0.007015
0.007236
0.000967
0.000616
0.011116
0.005026
-0.015903
-0.012157
0.006600
0.024138
0.035865
0.044664
0.046785
0.049286
0.048044
0.031276
0.027353
0.021258
0.012288
0.024090
0.028542
0.027873
0.030003
0.021293
0.021575
0.021044
0.013093
0.012439
0.005880
0.004438
0.008635
0.006350
0.003099
0.001777
0.003972
-0.003048
-0.003060
-0.000675
0.012726
0.002734
-0.013943
-0.027630
-0.035204
-0.000943
0.001318
0.025924
0.010364
-0.027481
-0.030875
-0.007709
0.030159
0.046800
0.059405
0.009251
-0.039172
-0.007510
-0.006236
-0.019374
0.041708
0.044374
0.047307
0.022025
-0.041385
-0.051025
-0.086153
-0.101060
0.020512
0.053967
0.002381
0.081467
-0.074339
-0.016846
0.088878
-0.062003
0.010291
0.008973
-0.032104
0.019349
0.127990
0.032645
-0.011356
0.018105
-0.002072
0.129652
0.081830
0.048541
0.072140
0.056483
0.060605
0.043653
-0.011279
-0.048642
-0.027899
-0.057874
-0.048437
-0.017942
0.000015
0.030253
0.028795
0.015423
0.026370
0.022080
-0.018102
-0.025799
-0.027613
-0.045717
-0.023310
0.003095
-0.005895
-0.005071
0.005756
0.010218
0.008570
-0.012412
-0.024444
-0.024964
-0.022903
-0.023175
-0.025845
-0.023051
-0.019154
-0.009877
-0.011290
-0.019380
-0.026539
-0.029050
-0.030521
-0.035737
-0.035566
-0.031335
-0.026026
-0.027462
-0.032200
-0.031200
-0.030143
-0.022620
-0.026368
-0.034303
-0.033851
-0.041304
-0.034550
-0.022953
-0.012169
-0.010289
-0.034708
-0.062806
-0.058360
-0.071480
-0.000314
0.051623
0.007688
-0.001041
-0.044960
-0.050413
-0.041117
-0.012411
-0.028215
-0.082425
-0.047453
0.048116
0.052247
0.032144
0.002485
0.016561
0.052543
0.010585
0.027211
0.061802
0.055124
0.150359
0.240054
0.048329
0.042998
0.116116
-0.000563
0.051802
-0.008824
-0.177989
-0.143359
-0.105775
-0.103657
-0.082753
-0.058666
-0.041083
0.072462
0.055865
0.012178
0.062197
0.007869
0.004055
0.030177
0.053449
0.070651
0.099930
0.070017
0.066111
0.063023
0.015247
0.027202
0.020512
-0.038247
-0.043228
-0.011671
-0.044627
-0.034452
-0.017556
-0.036764
-0.009855
0.003335
-0.016187
-0.021250
-0.032909
-0.032910
-0.015123
-0.026510
-0.032994
-0.018198
-0.020775
-0.015890
-0.014460
-0.018993
-0.020277
-0.020565
-0.021260
-0.021096
-0.017575
-0.016332
-0.008476
-0.010747
-0.011117
-0.010589
-0.006412
-0.006150
-0.008976
-0.009687
-0.015980
-0.018617
-0.016190
-0.006216
-0.014434
-0.023567
-0.021535
-0.014101
-0.010207
-0.043305
-0.061557
-0.038188
-0.023771
0.015504
0.030604
-0.028404
-0.042587
-0.056757
-0.017022
0.040267
-0.031279
0.022744
0.016858
0.004050
0.081397
-0.021114
-0.046103
-0.007515
0.005729
0.014908
0.023052
0.068441
0.074202
0.157876
0.148578
0.005760
-0.070725
-0.019669
0.029626
0.080029
0.106023
-0.029545
-0.016170
-0.038357
-0.079193
-0.052858
-0.133027
-0.121404
0.024650
0.051743
-0.001389
0.029552
-0.031144
-0.030945
0.007607
-0.001195
0.037391
-0.012940
-0.050762
-0.042103
-0.056278
-0.063639
-0.037814
-0.048404
-0.043376
-0.018898
-0.027259
-0.010897
-0.017853
-0.023951
-0.022884
-0.019123
0.002409
0.000309
-0.014877
-0.018322
-0.013617
-0.002468
-0.007946
-0.030344
-0.026653
-0.015235
-0.021166
-0.017759
-0.016675
-0.014755
-0.015791
-0.018690
-0.012431
-0.008446
-0.007691
-0.005045
-0.000553
0.001816
0.002358
0.000272
0.003884
0.008322
0.006294
0.005647
0.000700
0.003003
0.015306
0.018308
0.011800
-0.001166
-0.013200
-0.011939
0.000220
0.011303
0.034166
0.032874
0.015258
0.009322
-0.016425
0.000933
0.032089
0.043067
0.055652
0.029568
-0.015037
-0.039732
-0.018711
0.042770
0.052836
0.045252
0.074530
0.049129
0.047775
0.046833
0.041516
0.020921
0.027633
0.103716
0.030342
0.018060
-0.018707
-0.148424
-0.104446
-0.028501
0.022431
-0.041006
0.013145
0.055577
-0.040250
-0.014800
0.037586
-0.005493
-0.033740
0.036030
-0.012122
-0.008448
-0.011461
-0.059273
-0.037490
-0.040991
-0.021646
0.012939
0.031061
0.044869
0.037941
0.012066
0.007898
0.014609
-0.033004
-0.038742
-0.039011
-0.040423
-0.014570
-0.030414
-0.026246
0.000657
0.001350
-0.016155
-0.015689
-0.011952
-0.018209
-0.029519
-0.020911
-0.013901
-0.018007
-0.013435
-0.007715
-0.001433
0.002093
-0.003386
-0.003150
-0.000444
-0.005640
-0.009952
-0.009376
-0.002822
0.003728
0.000829
0.002759
0.007320
0.004614
0.000945
-0.005292
-0.007235
-0.004449
-0.003334
-0.000378
0.000925
0.005207
0.004078
-0.006898
-0.011347
-0.013859
-0.013111
-0.006700
0.001388
-0.005036
-0.009376
-0.006378
-0.012149
-0.008023
-0.001972
-0.003113
-0.002271
0.000705
0.002372
0.003393
0.003825
0.002982
0.003878
0.003380
0.003004
0.003027
0.001634
0.001320
0.000251
-0.001676
-0.001502
0.000584
0.000255
0.000715
0.000850
-0.000693
-0.000590
0.000110
-0.000391
0.000180
0.001762
0.001892
0.001360
0.002176
0.002187
0.001226
0.001496
0.001437
0.000950
0.000900
0.001363
0.002350
0.002942
0.002723
0.002659
0.002480
0.002474
0.002309
0.002154
0.002205
0.002283
0.002088
0.001905
0.001863
0.001905
0.001822
0.001613
0.001349
0.001078
0.000941
0.001004
0.000893
0.000737
0.000638
0.000479
0.000417
0.000448
0.000507
0.000547
0.000500
0.000446
0.000349
0.000370
0.000413
0.000520
0.000627
0.000546
0.000396
0.000276
0.000273
0.000275
0.000304
0.000281
0.000184
0.000141
0.000165
0.000191
0.000183
0.000119
0.000072
0.000003
-0.000024
0.000067
0.000115
0.000109
0.000077
-0.000003
-0.000088
-0.000060
-0.000010
-0.000006
-0.000002
-0.000018
-0.000057
-0.000032
0.023524
0.027012
0.071331
0.053280
0.001041
-0.038827
0.017530
0.090457
-0.025925
-0.044329
-0.013479
-0.053077
0.064935
0.158066
0.146985
0.036730
-0.057348
-0.203878
-0.204094
-0.088019
-0.047563
0.113092
0.089953
0.145442
0.123180
0.162888
-0.198299
-0.399803
-0.341987
-0.229964
0.330739
0.240685
-0.070535
0.183724
0.026259
-0.578684
-0.346383
-0.016928
-0.331807
0.113329
0.083544
0.035388
0.373520
0.077884
0.175044
0.053667
-0.336659
-0.206990
0.059762
0.137874
0.442725
0.312702
0.106453
0.255578
0.080627
-0.247386
-0.002731
-0.041519
-0.091313
0.006449
-0.157320
-0.090649
-0.074909
-0.093275
0.086082
0.091838
-0.004732
0.068074
0.074754
0.011916
-0.015345
-0.075655
-0.035838
0.054874
-0.001108
0.068985
0.088477
0.050833
0.067508
0.018045
-0.035478
0.013544
0.009908
-0.013625
0.004191
-0.006750
0.020754
0.035286
0.018578
-0.000411
-0.006281
-0.025471
-0.031416
-0.021348
-0.007438
0.023214
0.003327
-0.023969
0.001635
0.006486
0.009863
0.004567
-0.009201
-0.000783
0.000227
-0.011720
0.069992
0.069627
0.029206
-0.003768
-0.043851
-0.003205
-0.051682
-0.013197
0.100254
0.153522
0.084170
-0.095740
-0.026643
0.137166
-0.001471
-0.071130
-0.037376
0.022694
-0.008603
0.334890
0.183788
-0.351667
-0.214342
-0.401289
-0.372409
0.004962
0.220378
0.465936
0.194779
-0.191335
0.041319
0.144937
-0.390316
-0.291931
-0.208952
-0.355027
0.356387
0.662162
0.423540
0.395739
0.084096
0.172422
0.196071
-0.261748
-0.305366
-0.157938
-0.031952
-0.002032
0.077095
-0.065593
-0.051658
-0.052743
-0.091820
0.105759
-0.126122
0.041675
0.072305
-0.105894
0.029905
-0.045479
-0.085654
0.005172
0.034214
-0.110850
0.049191
0.075621
-0.073736
0.002905
-0.069087
-0.039481
0.010550
-0.019753
-0.022556
-0.020811
-0.023366
0.019113
0.027557
-0.066824
-0.050485
-0.033301
-0.018497
-0.027807
-0.041759
-0.013267
-0.012753
-0.035738
-0.037552
-0.017508
-0.030052
-0.002838
-0.006305
-0.003917
0.012203
-0.009210
-0.028512
-0.066137
-0.026597
-0.024380
0.014935
0.023717
-0.022401
-0.014529
-0.038051
0.029303
0.045589
-0.067409
0.003720
0.083531
0.103789
0.049570
0.016210
0.123264
0.079659
0.096690
0.159006
0.092919
-0.101479
-0.280291
-0.183568
-0.008092
0.085929
-0.071719
-0.224295
-0.306161
-0.240131
0.090686
0.084653
0.185922
-0.005750
-0.168697
-0.167590
-0.142556
0.026829
-0.455950
-0.065620
0.093982
-0.216483
-0.101944
0.069824
0.363535
0.295543
0.556984
0.152821
0.048869
0.116066
0.051645
0.171817
0.020699
0.010014
-0.163857
-0.043573
-0.031275
0.048439
0.152599
0.089148
0.147344
-0.035636
-0.147363
-0.145040
-0.089951
-0.128984
-0.120435
0.018472
0.013241
0.072229
0.061225
0.060188
-0.002076
0.013550
0.005484
-0.030889
-0.005079
-0.019781
0.013882
0.000386
0.021185
0.013076
0.033109
0.031259
0.007834
-0.006283
-0.048694
-0.039213
-0.018265
-0.005431
-0.025870
-0.034717
-0.037592
-0.042286
0.003546
0.003578
-0.002209
0.011424
0.021382
-0.023125
-0.067611
-0.010512
0.008747
-0.039017
0.001994
0.041951
-0.067537
-0.017590
0.008186
-0.081346
-0.083127
-0.040594
-0.034430
0.014150
0.047773
-0.072453
0.013272
-0.226892
0.022810
0.252482
-0.302021
-0.243125
-0.132757
-0.069861
0.229923
0.422057
0.057683
0.120684
-0.182303
-0.426804
0.018223
-0.204872
-0.225154
0.108598
0.128341
-0.166162
-0.220399
-0.136660
-0.085715
-0.016871
0.124249
0.266450
0.254535
0.074367
-0.032025
-0.113754
0.017382
-0.173973
-0.075583
0.204709
-0.019189
0.156603
0.170183
0.001898
0.048699
0.101099
0.015920
0.082813
0.028928
-0.124908
0.061690
0.128606
0.127377
0.103646
0.034346
0.082523
0.028605
0.015129
0.037863
0.002928
-0.050158
0.018724
0.029647
-0.001730
0.048132
0.021000
0.072397
0.051658
0.012383
0.021031
0.014531
-0.014683
0.006776
0.018809
-0.003981
0.028436
0.014547
0.020667
0.027391
0.014079
0.025065
0.007848
-0.006307
-0.000462
0.011710
0.007248
0.020305
0.029524
-0.026485
-0.002883
0.028696
0.010735
-0.027769
-0.021955
-0.021125
-0.034005
0.021918
0.052146
0.002158
-0.001525
0.055122
-0.047552
-0.069872
-0.092446
-0.261150
0.002573
0.150542
0.164505
0.513481
0.157710
-0.206997
0.034979
-0.295433
-0.136485
0.230241
0.193447
0.488278
0.399723
0.297687
-0.123019
-0.450429
-0.204359
0.134001
0.005527
0.026484
0.078906
-0.228823
-0.013261
0.079900
0.003016
-0.199213
-0.093870
-0.035204
-0.043940
0.232253
-0.170458
0.196953
0.224884
-0.126191
-0.059405
-0.314266
-0.080231
0.031861
-0.016507
-0.010810
-0.017195
-0.184584
-0.090754
0.024611
-0.072788
-0.023532
-0.120409
-0.095811
0.028374
-0.101819
-0.002939
0.068808
-0.047780
-0.015954
0.003176
0.003242
0.062680
-0.019899
-0.073221
-0.004956
-0.042206
-0.039065
0.001299
-0.026823
-0.036873
0.010396
-0.020602
-0.002583
-0.013227
-0.047215
-0.010870
-0.027629
-0.042134
-0.024198
-0.017498
0.002685
0.019265
0.004275
-0.010070
-0.018280
-0.031459
-0.026986
-0.010304
0.019667
0.051513
0.010154
0.000458
-0.021367
-0.063661
-0.024630
-0.008387
-0.001136
0.027708
0.027922
0.078457
0.016944
-0.003099
0.047153
0.120585
0.052892
-0.048305
-0.070545
-0.299212
0.143663
0.205833
0.102019
0.194934
-0.055557
0.006428
-0.030224
-0.288875
-0.460259
-0.230858
0.014965
0.110274
0.190523
-0.008483
-0.062241
-0.107575
-0.262040
-0.352946
-0.446345
-0.337482
-0.063774
0.286466
0.242049
0.223374
0.256584
0.157413
0.184347
-0.010351
-0.348280
-0.165143
-0.075572
0.094039
0.464920
0.311698
0.239521
0.173692
0.059961
0.086949
-0.022318
-0.083334
-0.045744
-0.024532
-0.016238
0.043257
-0.010728
-0.072931
-0.013403
-0.045552
-0.011875
0.029124
-0.017464
-0.044893
-0.014399
-0.001791
0.026766
0.059124
0.048176
0.064446
0.087017
0.077840
0.041258
0.011984
-0.011725
-0.006092
0.004777
0.009118
0.014886
0.008527
0.018924
0.017671
0.019840
0.011262
-0.014457
-0.023844
-0.019188
-0.001639
0.004191
-0.002143
-0.009289
0.000947
-0.017193
-0.009457
-0.008579
0.037552
0.044906
-0.032900
-0.082575
-0.096832
0.037965
0.018905
0.119222
0.075544
-0.102271
-0.092615
-0.028369
0.074934
0.150529
0.232846
-0.010629
-0.200591
-0.035884
-0.020323
-0.080118
0.096679
0.135615
0.197253
0.042198
-0.166952
-0.142940
-0.303164
-0.237148
0.094520
0.147052
0.138307
0.354791
-0.421006
-0.082446
0.427648
-0.354727
0.069150
-0.002342
-0.199280
0.154387
0.442548
0.053072
-0.096756
0.054318
-0.161193
0.402027
0.164000
-0.029106
0.200373
0.089207
0.113608
0.017254
-0.080950
-0.194384
-0.175291
-0.207345
-0.077320
-0.010545
-0.003153
0.157212
0.057559
0.024632
0.058230
-0.062666
-0.100432
-0.063456
-0.150193
-0.087290
0.009759
-0.028830
0.020842
0.016566
0.028202
0.025254
-0.008210
-0.038173
-0.053015
-0.057060
-0.038742
-0.007134
-0.065443
-0.048707
-0.010626
0.002220
0.002144
-0.025794
-0.039360
-0.043718
-0.047467
-0.054734
-0.041140
-0.031929
-0.033053
-0.021067
-0.025127
-0.032698
-0.022253
0.012867
-0.005560
-0.043999
-0.045977
-0.062581
-0.053461
-0.030227
0.046865
0.029857
-0.063920
-0.126677
-0.129763
-0.209316
0.059692
0.283400
0.046234
0.038453
-0.126474
-0.149063
-0.090292
0.033314
-0.009457
-0.218923
-0.116866
0.216358
0.305422
0.133288
-0.088720
0.092058
0.221939
-0.078878
0.067756
0.111645
0.026424
0.503766
0.684053
-0.173541
-0.027812
0.249353
-0.284191
0.124501
-0.039364
-0.672055
-0.317867
-0.232982
-0.244216
-0.082171
-0.029816
-0.114749
0.259720
0.222111
-0.017554
0.216254
-0.074678
-0.074403
0.038259
0.110752
0.179996
0.207710
0.124352
0.136510
0.104033
-0.035763
0.042781
-0.021523
-0.118700
-0.091750
-0.062599
-0.090137
-0.040150
-0.073322
-0.069687
0.035201
-0.020263
-0.056428
-0.069267
-0.089991
-0.045993
-0.043757
-0.042174
-0.053394
-0.037263
-0.027499
0.041845
0.024042
-0.014935
0.021213
-0.006100
-0.004026
-0.009969
-0.013856
-0.009246
-0.002303
-0.039176
-0.013879
-0.006526
-0.029854
-0.013434
-0.007392
-0.021948
-0.040991
-0.033351
-0.027478
0.024615
0.001537
-0.042943
-0.031473
0.010365
0.047120
-0.078561
-0.158126
-0.071634
-0.016338
0.100629
0.152432
-0.023787
-0.143230
-0.178066
-0.017817
0.150099
-0.094203
0.120507
0.021753
-0.022632
0.385380
-0.121473
-0.222570
0.046727
0.031602
0.042913
0.078056
0.171424
0.101487
0.535698
0.441479
-0.206771
-0.345886
-0.213936
0.014518
0.251455
0.309813
-0.172674
-0.000756
-0.148203
-0.352091
-0.044414
-0.387449
-0.396457
0.153706
0.282160
0.066998
0.110157
-0.119780
-0.166739
-0.006776
-0.037300
0.088883
-0.059106
-0.098922
-0.098659
-0.111040
-0.056198
-0.056242
-0.121431
-0.055907
0.062294
-0.046723
0.057448
0.042337
-0.036216
0.029718
0.000647
0.025023
0.013841
-0.063091
-0.028246
0.074299
0.033279
-0.001191
-0.006916
-0.061131
-0.013175
0.000426
0.007156
0.014896
-0.004170
0.003946
0.023116
0.000051
-0.003807
0.007657
-0.010635
0.007712
0.002277
0.002233
0.001010
-0.007266
0.009507
0.007208
0.005238
-0.017850
-0.014824
0.030313
0.064663
0.043448
-0.023996
-0.048066
-0.047655
-0.013399
0.026097
0.088470
0.080259
0.019694
0.004483
-0.113398
-0.052236
0.087931
0.103330
0.133412
0.082374
-0.049595
-0.187836
-0.100520
0.165956
0.173623
0.089733
0.217699
0.075721
0.032940
0.112452
0.029149
-0.094165
0.016081
0.322876
-0.047130
-0.000999
0.036661
-0.579105
-0.361544
0.034745
0.173878
-0.148912
0.095732
0.258438
-0.215663
-0.006033
0.068907
-0.097739
-0.079416
0.120675
-0.121566
0.010511
0.072033
-0.232152
-0.054299
-0.046757
-0.064198
0.077932
0.113962
0.141132
0.115946
0.064866
0.008089
0.013724
-0.125606
-0.134464
-0.094847
-0.063662
-0.004254
-0.061993
0.028146
0.053977
-0.004291
-0.015593
0.005922
-0.070901
-0.049919
-0.002540
-0.021689
0.006813
-0.004729
-0.004287
0.014518
0.003838
0.011198
0.019352
-0.006237
-0.004220
0.001352
-0.032798
-0.018006
0.000453
-0.001155
0.010856
0.011320
0.019605
0.018311
0.007363
-0.008856
-0.021440
-0.017311
-0.007338
-0.009259
-0.005681
0.022413
0.011465
-0.025063
-0.029775
-0.036065
-0.035655
-0.002341
0.026137
-0.003770
-0.017039
-0.004994
-0.027387
-0.010954
0.007039
-0.003798
0.002147
0.011664
0.007828
0.014934
0.019370
0.007437
0.011344
0.009756
0.004495
0.007363
0.006170
0.006283
0.006183
0.002320
0.002674
0.006168
0.007007
0.007083
0.002014
-0.000884
-0.001396
-0.003928
0.001028
0.004158
0.001262
-0.000095
-0.000146
-0.001808
0.001590
0.005758
0.003413
0.002395
-0.000419
-0.000199
0.002250
0.003158
0.003903
0.002043
0.001507
0.001449
0.001665
0.002126
0.002588
0.002135
0.000951
0.000800
0.000692
0.001626
0.001769
0.001733
0.001020
0.000208
0.000136
0.000296
0.000960
0.001491
0.001188
0.000495
-0.000023
0.000045
0.000472
0.000779
0.000572
0.000155
-0.000230
-0.000462
-0.000026
0.000582
0.000937
0.000789
0.000311
-0.000042
-0.000028
0.000326
0.000823
0.000956
0.000587
0.000238
0.000013
0.000090
0.000320
0.000427
0.000138
-0.000138
-0.000342
-0.000239
0.000155
0.000323
0.000121
-0.000269
-0.000654
-0.000757
-0.000410
-0.000046
0.000020
-0.000216
-0.000609
-0.000822
-0.000687
-0.000460
-0.000223
-0.000235
-0.000417
-0.000408
-0.000288
-0.000215
-0.000123
-0.000054
-0.000138
-0.000089