0.112336
0.039281
-0.031814
-0.063455
-0.033323
0.057156
0.183318
0.306641
0.389425
0.409151
0.367046
0.287585
0.209102
0.169124
0.190001
0.270343
0.385526
0.497074
0.567330
0.573825
0.517841
0.423904
0.330409
0.274939
0.279907
0.343985
0.442613
0.537380
0.590698
0.580162
0.507121
0.396170
0.285771
0.213573
0.202054
0.249953
0.332773
0.412166
0.450603
0.425740
0.338981
0.214977
0.092238
0.008464
-0.013821
0.024164
0.097962
0.169259
0.200558
0.169544
0.077646
-0.050467
-0.176267
-0.262042
-0.285260
-0.247137
-0.172131
-0.098560
-0.063929
-0.090568
-0.177065
-0.298771
-0.417184
-0.494621
-0.508583
-0.460324
-0.374340
-0.288992
-0.241834
-0.255243
-0.327859
-0.435091
-0.538490
-0.600436
-0.598489
-0.533966
-0.431427
-0.329299
-0.265201
-0.261579
-0.317140
-0.407357
-0.493852
-0.539069
-0.520636
-0.439934
-0.321587
-0.204085
-0.125107
-0.107158
-0.149000
-0.226163
-0.300319
-0.333960
-0.304762
-0.214145
-0.086775
0.038823
0.124938
0.149039
0.112336
0.039281
-0.031814
-0.063455
-0.033323
0.057156
0.183318
0.306641
0.389425
0.409151
0.367046
0.287585
0.209102
0.169124
0.190001
0.270343
0.385526
0.497074
0.567330
0.573825
0.517841
0.423904
0.330409
0.274939
0.279907
0.343985
0.442613
0.537380
0.590698
0.580162
0.507121
0.396170
0.285771
0.213573
0.202054
0.249953
0.332773
0.412166
0.450603
0.425740
0.338981
0.214977
0.092238
0.008464
-0.013821
0.024164
0.097962
0.169259
0.200558
0.169544
0.077646
-0.050467
-0.176267
-0.262042
-0.285260
-0.247137
-0.172131
-0.098560
-0.063929
-0.090568
-0.177065
-0.298771
-0.417184
-0.494621
-0.508583
-0.460324
-0.374340
-0.288992
-0.241834
-0.255243
-0.327859
-0.435091
-0.538490
-0.600436
-0.598489
-0.533966
-0.431427
-0.329299
-0.265201
-0.261579
-0.317140
-0.407357
-0.493852
-0.539069
-0.520636
-0.439934
-0.321587
-0.204085
-0.125107
-0.107158
-0.149000
-0.226163
-0.300319
-0.333960
-0.304762
-0.214145
-0.086775
0.038823
0.124938
0.149039
1.148063
0.703216
0.219161
-0.123471
-0.198958
0.015514
0.431160
0.881537
1.186147
1.219419
0.958704
0.492970
-0.011142
-0.372922
-0.466573
-0.269208
0.130454
0.566033
0.857092
0.878110
0.606489
0.131238
-0.380962
-0.749371
-0.848166
-0.654439
-0.256894
0.178097
0.470098
0.493586
0.225952
-0.243809
-0.749040
-1.109028
-1.197981
-0.993032
-0.582929
-0.134093
0.172984
0.212722
-0.037554
-0.488918
-0.974783
-1.314515
-1.382401
-1.155657
-0.723118
-0.251292
0.079238
0.142798
-0.083380
-0.510464
-0.971965
-1.287344
-1.330984
-1.080197
-0.623912
-0.128733
0.224667
0.310523
0.105980
-0.300218
-0.741662
-1.037892
-1.063369
-0.795475
-0.323206
0.186771
0.553723
0.651832
0.458195
0.061514
-0.371842
-0.661443
-0.681776
-0.410244
0.064142
0.574707
0.940716
1.036356
0.838731
0.436561
-0.003764
-0.301787
-0.331961
-0.071651
0.390177
0.886897
1.237830
1.317220
1.102238
0.681670
0.221980
-0.096299
-0.147541
0.090974
0.530366
1.004096
1.331576
1.387144
1.148063
0.703216
0.219161
-0.123471
-0.198958
0.015514
0.431160
0.881537
1.186147
1.219419
0.958704
0.492970
-0.011142
-0.372922
-0.466573
-0.269208
0.130454
0.566033
0.857092
0.878110
0.606489
0.131238
-0.380962
-0.749371
-0.848166
-0.654439
-0.256894
0.178097
0.470098
0.493586
0.225952
-0.243809
-0.749040
-1.109028
-1.197981
-0.993032
-0.582929
-0.134093
0.172984
0.212722
-0.037554
-0.488918
-0.974783
-1.314515
-1.382401
-1.155657
-0.723118
-0.251292
0.079238
0.142798
-0.083380
-0.510464
-0.971965
-1.287344
-1.330984
-1.080197
-0.623912
-0.128733
0.224667
0.310523
0.105980
-0.300218
-0.741662
-1.037892
-1.063369
-0.795475
-0.323206
0.186771
0.553723
0.651832
0.458195
0.061514
-0.371842
-0.661443
-0.681776
-0.410244
0.064142
0.574707
0.940716
1.036356
0.838731
0.436561
-0.003764
-0.301787
-0.331961
-0.071651
0.390177
0.886897
1.237830
1.317220
1.102238
0.681670
0.221980
-0.096299
-0.147541
0.090974
0.530366
1.004096
1.331576
1.387144