-0.294260
-0.281340
-0.260673
-0.231541
-0.193557
-0.146823
-0.092096
-0.030871
0.034648
0.101726
0.167375
0.228695
0.283187
0.328963
0.364839
0.390299
0.405379
0.410537
0.406551
0.394491
0.375731
0.351979
0.325268
0.297846
0.271988
0.249724
0.232567
0.221305
0.215907
0.215589
0.219000
0.224482
0.230331
0.234991
0.237146
0.235724
0.229840
0.218747
0.201839
0.178723
0.149350
0.114149
0.074106
0.030747
-0.014013
-0.058099
-0.099555
-0.136779
-0.168665
-0.194621
-0.214473
-0.228311
-0.236339
-0.238792
-0.235939
-0.228167
-0.216095
-0.200660
-0.183128
-0.164990
-0.147790
-0.132915
-0.121415
-0.113917
-0.110649
-0.111553
-0.116449
-0.125168
-0.137611
-0.153710
-0.173302
-0.195977
-0.220955
-0.247062
-0.272817
-0.296615
-0.316959
-0.332665
-0.342993
-0.347658
-0.346750
-0.340601
-0.329655
-0.314407
-0.295413
-0.273376
-0.249238
-0.224237
-0.199867
-0.177721
-0.159265
-0.145566
-0.137085
-0.133566
-0.134072
-0.137136
-0.140993
-0.143816
-0.143887
-0.139700
-0.129962
-0.113571
-0.089600
-0.057333
-0.016384
0.033138
0.090477
0.154133
0.221901
0.291042
0.358568
0.421577
0.477566
0.524648
0.561637
0.588016
0.603820
0.609506
0.605852
0.593926
0.575104
0.551094
0.523927
0.495854
0.469149
0.445843
0.427452
0.414762
0.407746
0.405621
0.407037
0.410338
0.413824
0.415938
0.415370
0.411048
0.402091
0.387756
0.367438
0.340750
0.307644
0.268554
0.224470
0.176921
0.127827
0.079267
0.033202
-0.008762
-0.045515
-0.076460
-0.101417
-0.120471
-0.133822
-0.141699
-0.144367
-0.142205
-0.135827
-0.126167
-0.114482
-0.102260
-0.091038
-0.082197
-0.076780
-0.075410
-0.078307
-0.085409
-0.096528
-0.111490
-0.130190
-0.152553
-0.178410
-0.207344
-0.238571
-0.270910
-0.302873
-0.332849
-0.359335
-0.381142
-0.397522
-0.408186
-0.413218
-0.412942
-0.407798
-0.398275
-0.384924
-0.368440
-0.349762
-0.330123
-0.311008
-0.294010
-0.280585
-0.271799
-0.268105
-0.269245
-0.274275
-0.281725
-0.289827
-0.296745
-0.300762
-0.300366
0.158382
0.110117
0.085016
0.084783
0.107959
0.149726
0.202553
0.257556
0.306157
0.341553
0.359583
0.358772
0.339670
0.303808
0.252737
0.187529
0.108920
0.017998
-0.082916
-0.189611
-0.295923
-0.394405
-0.477580
-0.539409
-0.576478
-0.588535
-0.578183
-0.549874
-0.508559
-0.458484
-0.402524
-0.342257
-0.278655
-0.213072
-0.148057
-0.087630
-0.036844
-0.000770
0.016757
0.014159
-0.007478
-0.044758
-0.092989
-0.147467
-0.204588
-0.262382
-0.320306
-0.378417
-0.436286
-0.492101
-0.542363
-0.582330
-0.607078
-0.612824
-0.598036
-0.563929
-0.514177
-0.453950
-0.388629
-0.322659
-0.258939
-0.198907
-0.143232
-0.092749
-0.049215
-0.015500
0.004920
0.009038
-0.004418
-0.034005
-0.075252
-0.121185
-0.163565
-0.194444
-0.207573
-0.199232
-0.168292
-0.115592
-0.042973
0.047610
0.154494
0.276106
0.410245
0.553195
0.699126
0.840122
0.966978
1.070612
1.143692
1.181991
1.185035
1.155897
1.100200
1.024735
0.936141
0.840066
0.741009
0.642759
0.549107
0.464410
0.393647
0.341841
0.312969
0.308740
0.327700
0.365033
0.413214
0.463364
0.506908
0.537050
0.549631
0.543185
0.518265
0.476410
0.419175
0.347638
0.262544
0.164984
0.057287
-0.056330
-0.169695
-0.275354
-0.365824
-0.435058
-0.479635
-0.499296
-0.496636
-0.476099
-0.442630
-0.400464
-0.352472
-0.300221
-0.244678
-0.187187
-0.130289
-0.077997
-0.035356
-0.007427
0.001961
-0.008763
-0.038502
-0.083853
-0.140117
-0.202581
-0.267634
-0.333298
-0.399021
-0.464855
-0.530361
-0.593719
-0.651425
-0.698728
-0.730697
-0.743542
-0.735725
-0.708452
-0.665392
-0.611708
-0.552773
-0.493028
-0.435364
-0.381215
-0.331242
-0.286276
-0.248068
-0.219483
-0.203992
-0.204596
-0.222564
-0.256447
-0.301770
-0.351557
-0.397562
-0.431836
-0.448126
-0.442708
-0.414451
-0.364192
-0.293766
-0.205131
-0.099945
0.020221
0.153165
0.295175
0.440421
0.580986
0.707667
0.811382
0.884800
0.923691
0.927583
0.899546
0.845203
0.771345
0.684607
0.590636
0.493930
0.398274
0.307458
0.225835