-0.010089
0.079833
0.135471
0.146025
0.117892
0.072177
0.036592
0.034833
0.077485
0.157942
0.254893
0.340422
0.390638
0.394763
0.359220
0.305142
0.260276
0.248352
0.279996
0.348647
0.433038
0.505305
0.541608
0.531225
0.480634
0.411030
0.350219
0.321995
0.337050
0.388885
0.456302
0.511503
0.530716
0.503285
0.435757
0.349393
0.272066
0.227634
0.226852
0.263287
0.315799
0.356649
0.362122
0.321617
0.241732
0.143776
0.055668
0.001311
-0.008504
0.019826
0.065195
0.099891
0.100223
0.055611
-0.027332
-0.127283
-0.216317
-0.270527
-0.279121
-0.248502
-0.199786
-0.160697
-0.154944
-0.193127
-0.268660
-0.360249
-0.440000
-0.484046
-0.481632
-0.439207
-0.377932
-0.325581
-0.305914
-0.329589
-0.390074
-0.466136
-0.529943
-0.557689
-0.538686
-0.479445
-0.401196
-0.331779
-0.295022
-0.301649
-0.345197
-0.404500
-0.451790
-0.463328
-0.428488
-0.353847
-0.260692
-0.176924
-0.126428
-0.119981
-0.151172
-0.198882
-0.235393
-0.237004
-0.193132
-0.110387
-0.010089
0.079833
0.135471
0.146025
0.117892
0.072177
0.036592
0.034833
0.077485
0.157942
0.254893
0.340422
0.390638
0.394763
0.359220
0.305142
0.260276
0.248352
0.279996
0.348647
0.433038
0.505305
0.541608
0.531225
0.480634
0.411030
0.350219
0.321995
0.337050
0.388885
0.456302
0.511503
0.530716
0.503285
0.435757
0.349393
0.272066
0.227634
0.226852
0.263287
0.315799
0.356649
0.362122
0.321617
0.241732
0.143776
0.055668
0.001311
-0.008504
0.019826
0.065195
0.099891
0.100223
0.055611
-0.027332
-0.127283
-0.216317
-0.270527
-0.279121
-0.248502
-0.199786
-0.160697
-0.154944
-0.193127
-0.268660
-0.360249
-0.440000
-0.484046
-0.481632
-0.439207
-0.377932
-0.325581
-0.305914
-0.329589
-0.390074
-0.466136
-0.529943
-0.557689
-0.538686
-0.479445
-0.401196
-0.331779
-0.295022
-0.301649
-0.345197
-0.404500
-0.451790
-0.463328
-0.428488
-0.353847
-0.260692
-0.176924
-0.126428
-0.119981
-0.151172
-0.198882
-0.235393
-0.237004
-0.193132
-0.110387
0.864661
0.500505
0.178035
0.015737
0.070018
0.313680
0.646335
0.932779
1.054666
0.955751
0.663406
0.278212
-0.064420
-0.245922
-0.209814
0.016781
0.333540
0.605323
0.713841
0.602902
0.299926
-0.094465
-0.444823
-0.632551
-0.601141
-0.377701
-0.062540
0.209208
0.319256
0.211402
-0.086943
-0.475176
-0.817874
-0.996469
-0.954490
-0.719087
-0.390615
-0.104262
0.021628
-0.069208
-0.349429
-0.718502
-1.041079
-1.198672
-1.134894
-0.876979
-0.525373
-0.215353
-0.065358
-0.131746
-0.387272
-0.731500
-1.029182
-1.161926
-1.073444
-0.791069
-0.415340
-0.081632
0.091523
0.047676
-0.186017
-0.509207
-0.786727
-0.900267
-0.793613
-0.494170
-0.102545
0.245824
0.432348
0.400525
0.177463
-0.136530
-0.406323
-0.513639
-0.402286
-0.099688
0.293534
0.641938
0.826933
0.792024
0.564332
0.244181
-0.033273
-0.149721
-0.048937
0.241698
0.621610
0.955408
1.124561
1.072635
0.826818
0.487507
0.189932
0.052483
0.131467
0.399590
0.756368
1.066499
1.211547
1.135173
0.864661
0.500505
0.178035
0.015737
0.070018
0.313680
0.646335
0.932779
1.054666
0.955751
0.663406
0.278212
-0.064420
-0.245922
-0.209814
0.016781
0.333540
0.605323
0.713841
0.602902
0.299926
-0.094465
-0.444823
-0.632551
-0.601141
-0.377701
-0.062540
0.209208
0.319256
0.211402
-0.086943
-0.475176
-0.817874
-0.996469
-0.954490
-0.719087
-0.390615
-0.104262
0.021628
-0.069208
-0.349429
-0.718502
-1.041079
-1.198672
-1.134894
-0.876979
-0.525373
-0.215353
-0.065358
-0.131746
-0.387272
-0.731500
-1.029182
-1.161926
-1.073444
-0.791069
-0.415340
-0.081632
0.091523
0.047676
-0.186017
-0.509207
-0.786727
-0.900267
-0.793613
-0.494170
-0.102545
0.245824
0.432348
0.400525
0.177463
-0.136530
-0.406323
-0.513639
-0.402286
-0.099688
0.293534
0.641938
0.826933
0.792024
0.564332
0.244181
-0.033273
-0.149721
-0.048937
0.241698
0.621610
0.955408
1.124561
1.072635
0.826818
0.487507
0.189932
0.052483
0.131467
0.399590
0.756368
1.066499
1.211547
1.135173