-0.291844
-0.278294
-0.257263
-0.228219
-0.190854
-0.145211
-0.091859
-0.032046
0.032254
0.098441
0.163535
0.224530
0.278762
0.324197
0.359596
0.384505
0.399123
0.404110
0.400406
0.389129
0.371561
0.349194
0.323782
0.297325
0.271946
0.249667
0.232120
0.220281
0.214303
0.213508
0.216540
0.221639
0.226959
0.230838
0.231959
0.229374
0.222433
0.210663
0.193686
0.171219
0.143169
0.109779
0.071774
0.030422
-0.012535
-0.055075
-0.095184
-0.131143
-0.161746
-0.186382
-0.204967
-0.217773
-0.225217
-0.227694
-0.225513
-0.218953
-0.208397
-0.194486
-0.178212
-0.160899
-0.144064
-0.129197
-0.117528
-0.109856
-0.106507
-0.107410
-0.112275
-0.120781
-0.132712
-0.147984
-0.166546
-0.188208
-0.212454
-0.238332
-0.264467
-0.289215
-0.310905
-0.328113
-0.339867
-0.345742
-0.345811
-0.340502
-0.330411
-0.316164
-0.298358
-0.277615
-0.254695
-0.230610
-0.206664
-0.184376
-0.165269
-0.150600
-0.141073
-0.136661
-0.136555
-0.139291
-0.142992
-0.145656
-0.145423
-0.140726
-0.130345
-0.113353
-0.089044
-0.056888
-0.016579
0.031836
0.087785
0.150017
0.216557
0.284802
0.351770
0.414454
0.470186
0.516933
0.553454
0.579293
0.594650
0.600181
0.596829
0.585710
0.568106
0.545509
0.519674
0.492599
0.466410
0.443129
0.424389
0.411168
0.403619
0.401067
0.402156
0.405129
0.408142
0.409535
0.407994
0.402574
0.392625
0.377680
0.357363
0.331396
0.299687
0.262483
0.220514
0.175050
0.127840
0.080907
0.036271
-0.004344
-0.039729
-0.069266
-0.092869
-0.110803
-0.123481
-0.131292
-0.134540
-0.133499
-0.128547
-0.120318
-0.109799
-0.098308
-0.087358
-0.078432
-0.072753
-0.071116
-0.073840
-0.080849
-0.091846
-0.106503
-0.124600
-0.146045
-0.170784
-0.198617
-0.229024
-0.261047
-0.293305
-0.324147
-0.351896
-0.375123
-0.392850
-0.404645
-0.410577
-0.411066
-0.406705
-0.398111
-0.385877
-0.370620
-0.353095
-0.334307
-0.315556
-0.298355
-0.284224
-0.274412
-0.269621
-0.269817
-0.274188
-0.281266
-0.289168
-0.295889
-0.299564
-0.298624
0.200993
0.143329
0.106821
0.093920
0.104395
0.134968
0.179644
0.230683
0.279968
0.320355
0.346648
0.355943
0.347343
0.321251
0.278593
0.220290
0.147214
0.060592
-0.037342
-0.142777
-0.250175
-0.352688
-0.443121
-0.515158
-0.564501
-0.589541
-0.591368
-0.573133
-0.539011
-0.493129
-0.438823
-0.378450
-0.313743
-0.246505
-0.179290
-0.115737
-0.060373
-0.017892
0.007841
0.014715
0.002883
-0.025339
-0.066155
-0.115312
-0.169107
-0.225020
-0.281771
-0.338823
-0.395556
-0.450478
-0.500814
-0.542671
-0.571765
-0.584456
-0.578742
-0.554847
-0.515208
-0.463850
-0.405405
-0.344111
-0.283136
-0.224454
-0.169231
-0.118526
-0.073949
-0.037949
-0.013562
-0.003636
-0.009804
-0.031562
-0.065811
-0.107066
-0.148300
-0.182186
-0.202352
-0.204282
-0.185631
-0.145952
-0.086024
-0.007146
0.089315
0.201895
0.328570
0.466069
0.609324
0.751354
0.883781
0.997907
1.086086
1.143011
1.166515
1.157694
1.120332
1.059865
0.982256
0.893134
0.797426
0.699499
0.603603
0.514309
0.436620
0.375587
0.335481
0.318757
0.325187
0.351497
0.391696
0.438049
0.482443
0.517740
0.538748
0.542568
0.528308
0.496379
0.447710
0.383230
0.303816
0.210701
0.106127
-0.006091
-0.120406
-0.229965
-0.327564
-0.406882
-0.463612
-0.496139
-0.505545
-0.494974
-0.468594
-0.430522
-0.384088
-0.331641
-0.274907
-0.215680
-0.156505
-0.101017
-0.053731
-0.019335
-0.001685
-0.002885
-0.022774
-0.059027
-0.107841
-0.164955
-0.226658
-0.290422
-0.354960
-0.419726
-0.484093
-0.546562
-0.604350
-0.653558
-0.689893
-0.709708
-0.710994
-0.693969
-0.661062
-0.616293
-0.564287
-0.509274
-0.454418
-0.401685
-0.352237
-0.307126
-0.267956
-0.237173
-0.217806
-0.212698
-0.223478
-0.249637
-0.288072
-0.333293
-0.378270
-0.415672
-0.439124
-0.444106
-0.428271
-0.391168
-0.333574
-0.256786
-0.162168
-0.051183
0.074146
0.210551
0.352964
0.494405
0.626496
0.740540
0.828892
0.886242
0.910426
0.902538
0.866359
0.807327
0.731402
0.644212
0.550681
0.455175
0.361940
0.275547