-0.282315
-0.264415
-0.239025
-0.205489
-0.163585
-0.113738
-0.057153
0.004197
0.067755
0.130692
0.190262
0.244125
0.290550
0.328458
0.357343
0.377122
0.387984
0.390319
0.384736
0.372153
0.353895
0.331730
0.307781
0.284313
0.263430
0.246749
0.235165
0.228753
0.226839
0.228224
0.231459
0.235115
0.237947
0.238945
0.237270
0.232150
0.222801
0.208437
0.188389
0.162288
0.130272
0.093102
0.052159
0.009287
-0.033482
-0.074235
-0.111432
-0.144051
-0.171568
-0.193824
-0.210837
-0.222635
-0.229192
-0.230471
-0.226568
-0.217883
-0.205238
-0.189882
-0.173370
-0.157328
-0.143205
-0.132060
-0.124473
-0.120601
-0.120334
-0.123493
-0.130000
-0.139921
-0.153400
-0.170481
-0.190913
-0.214001
-0.238580
-0.263131
-0.286009
-0.305719
-0.321135
-0.331626
-0.337030
-0.337525
-0.333442
-0.325122
-0.312848
-0.296908
-0.277722
-0.256004
-0.232851
-0.209709
-0.188203
-0.169866
-0.155838
-0.146623
-0.141994
-0.141046
-0.142388
-0.144408
-0.145510
-0.144278
-0.139513
-0.130180
-0.115324
-0.094012
-0.065379
-0.028772
0.016029
0.068597
0.127722
0.191429
0.257161
0.322083
0.383450
0.438921
0.486759
0.525888
0.555799
0.576408
0.587903
0.590674
0.585329
0.572786
0.554371
0.531850
0.507347
0.483130
0.461300
0.443478
0.430559
0.422617
0.418984
0.418460
0.419598
0.420970
0.421336
0.419686
0.415186
0.407065
0.394542
0.376835
0.353277
0.323504
0.287656
0.246500
0.201419
0.154262
0.107064
0.061745
0.019845
-0.017605
-0.050077
-0.077408
-0.099611
-0.116710
-0.128672
-0.135455
-0.137149
-0.134150
-0.127274
-0.117764
-0.107168
-0.097109
-0.089027
-0.083976
-0.082532
-0.084844
-0.090795
-0.100204
-0.112982
-0.129191
-0.148968
-0.172352
-0.199085
-0.228467
-0.259324
-0.290133
-0.319243
-0.345151
-0.366728
-0.383334
-0.394802
-0.401303
-0.403165
-0.400719
-0.394247
-0.384026
-0.370474
-0.354299
-0.336592
-0.318793
-0.302523
-0.289309
-0.280285
-0.275953
-0.276079
-0.279753
-0.285580
-0.291944
-0.297244
-0.300061
-0.299191
-0.293596
0.156658
0.107711
0.081506
0.080077
0.102297
0.143566
0.196395
0.251763
0.300848
0.336621
0.354804
0.353988
0.334947
0.299520
0.249520
0.186130
0.109978
0.021839
-0.076394
-0.180925
-0.285873
-0.383862
-0.467277
-0.529803
-0.567733
-0.580610
-0.570995
-0.543449
-0.503121
-0.454424
-0.400273
-0.342094
-0.280547
-0.216588
-0.152420
-0.091877
-0.040062
-0.002315
0.017126
0.016267
-0.004101
-0.040688
-0.088714
-0.143263
-0.200503
-0.258334
-0.316237
-0.374448
-0.432783
-0.489639
-0.541577
-0.583712
-0.610790
-0.618604
-0.605229
-0.571641
-0.521499
-0.460175
-0.393390
-0.325945
-0.260988
-0.200030
-0.143634
-0.092425
-0.047952
-0.012993
0.008894
0.014460
0.002104
-0.027018
-0.068578
-0.115537
-0.159392
-0.191827
-0.206234
-0.198673
-0.167994
-0.115216
-0.042473
0.047984
0.154317
0.274968
0.407927
0.549780
0.694985
0.835791
0.962972
1.067243
1.140969
1.179633
1.182606
1.152987
1.096611
1.020578
0.931812
0.836109
0.737916
0.640781
0.548143
0.464024
0.393206
0.340717
0.310740
0.305313
0.323313
0.360144
0.408321
0.458827
0.502847
0.533355
0.546079
0.539615
0.514744
0.473308
0.417128
0.347392
0.264736
0.169940
0.064904
-0.046571
-0.158594
-0.263784
-0.354518
-0.424476
-0.469940
-0.490449
-0.488553
-0.468809
-0.436356
-0.395601
-0.349448
-0.299319
-0.245863
-0.190031
-0.134014
-0.081641
-0.038007
-0.008442
0.002822
-0.006199
-0.034706
-0.079404
-0.135501
-0.198075
-0.263287
-0.329026
-0.394770
-0.460742
-0.526754
-0.591194
-0.650617
-0.700128
-0.734468
-0.749421
-0.743056
-0.716342
-0.672932
-0.618190
-0.557831
-0.496650
-0.437788
-0.382751
-0.332096
-0.286440
-0.247331
-0.217538
-0.200616
-0.199808
-0.216709
-0.250162
-0.295832
-0.346676
-0.394190
-0.430050
-0.447649
-0.443040
-0.415073
-0.364762
-0.294240
-0.205757
-0.101145
0.018035
0.149777
0.290668
0.435167
0.575523
0.702511
0.806845
0.880893
0.920135
0.923941
0.895411
0.840378
0.765941
0.679022
0.585416
0.489568
0.395022
0.305215
0.224168