-0.002253
0.078127
0.125196
0.131465
0.104999
0.066300
0.040431
0.047404
0.094496
0.173430
0.263500
0.339438
0.381035
0.380821
0.346890
0.299770
0.264558
0.261304
0.297325
0.364388
0.441832
0.504442
0.532058
0.517269
0.468223
0.405509
0.354287
0.334668
0.354035
0.404219
0.464628
0.510112
0.520581
0.488689
0.422653
0.343130
0.275344
0.239473
0.242963
0.277710
0.323180
0.354283
0.350987
0.305998
0.227587
0.136458
0.057883
0.012080
0.006536
0.033182
0.071516
0.096476
0.088054
0.038979
-0.042467
-0.135563
-0.215034
-0.260654
-0.264939
-0.235963
-0.194237
-0.164835
-0.167784
-0.210378
-0.284357
-0.369033
-0.439161
-0.474554
-0.467768
-0.426921
-0.372569
-0.329839
-0.318808
-0.346826
-0.405690
-0.474772
-0.528890
-0.547918
-0.524478
-0.466752
-0.395365
-0.335509
-0.307331
-0.318246
-0.360120
-0.412393
-0.449947
-0.452723
-0.413406
-0.340243
-0.253917
-0.179680
-0.137736
-0.135555
-0.165055
-0.205722
-0.232486
-0.225330
-0.176979
-0.095715
-0.002253
0.078127
0.125196
0.131465
0.104999
0.066300
0.040431
0.047404
0.094496
0.173430
0.263500
0.339438
0.381035
0.380821
0.346890
0.299770
0.264558
0.261304
0.297325
0.364388
0.441832
0.504442
0.532058
0.517269
0.468223
0.405509
0.354287
0.334668
0.354035
0.404219
0.464628
0.510112
0.520581
0.488689
0.422653
0.343130
0.275344
0.239473
0.242963
0.277710
0.323180
0.354283
0.350987
0.305998
0.227587
0.136458
0.057883
0.012080
0.006536
0.033182
0.071516
0.096476
0.088054
0.038979
-0.042467
-0.135563
-0.215034
-0.260654
-0.264939
-0.235963
-0.194237
-0.164835
-0.167784
-0.210378
-0.284357
-0.369033
-0.439161
-0.474554
-0.467768
-0.426921
-0.372569
-0.329839
-0.318808
-0.346826
-0.405690
-0.474772
-0.528890
-0.547918
-0.524478
-0.466752
-0.395365
-0.335509
-0.307331
-0.318246
-0.360120
-0.412393
-0.449947
-0.452723
-0.413406
-0.340243
-0.253917
-0.179680
-0.137736
-0.135555
-0.165055
-0.205722
-0.232486
-0.225330
-0.176979
-0.095715
0.847300
0.452890
0.118694
-0.032485
0.051346
0.331536
0.693580
0.990885
1.100795
0.971479
0.641767
0.226360
-0.127939
-0.298249
-0.232499
0.030730
0.377000
0.659781
0.756473
0.615298
0.275132
-0.149282
-0.511104
-0.687425
-0.626152
-0.365845
-0.020932
0.262062
0.360537
0.222708
-0.112563
-0.530552
-0.884445
-1.051363
-0.979250
-0.706710
-0.348219
-0.050355
0.064223
-0.056335
-0.373232
-0.771819
-1.105357
-1.251049
-1.156922
-0.861667
-0.479849
-0.158139
-0.019289
-0.115245
-0.407308
-0.780927
-1.089461
-1.210211
-1.091304
-0.771527
-0.365543
-0.020119
0.141901
0.068479
-0.201776
-0.554397
-0.842827
-0.944448
-0.807459
-0.470721
-0.048963
0.310986
0.486224
0.424661
0.164859
-0.178755
-0.459662
-0.555271
-0.413806
-0.074146
0.348969
0.708705
0.882159
0.817251
0.552554
0.202515
-0.086322
-0.191334
-0.060708
0.266719
0.676256
1.021122
1.178474
1.096293
0.813223
0.443782
0.134591
0.008353
0.116964
0.421676
0.807886
1.128905
1.261985
1.155203
0.847300
0.452890
0.118694
-0.032485
0.051346
0.331536
0.693580
0.990885
1.100795
0.971479
0.641767
0.226360
-0.127939
-0.298249
-0.232499
0.030730
0.377000
0.659781
0.756473
0.615298
0.275132
-0.149282
-0.511104
-0.687425
-0.626152
-0.365845
-0.020932
0.262062
0.360537
0.222708
-0.112563
-0.530552
-0.884445
-1.051363
-0.979250
-0.706710
-0.348219
-0.050355
0.064223
-0.056335
-0.373232
-0.771819
-1.105357
-1.251049
-1.156922
-0.861667
-0.479849
-0.158139
-0.019289
-0.115245
-0.407308
-0.780927
-1.089461
-1.210211
-1.091304
-0.771527
-0.365543
-0.020119
0.141901
0.068479
-0.201776
-0.554397
-0.842827
-0.944448
-0.807459
-0.470721
-0.048963
0.310986
0.486224
0.424661
0.164859
-0.178755
-0.459662
-0.555271
-0.413806
-0.074146
0.348969
0.708705
0.882159
0.817251
0.552554
0.202515
-0.086322
-0.191334
-0.060708
0.266719
0.676256
1.021122
1.178474
1.096293
0.813223
0.443782
0.134591
0.008353
0.116964
0.421676
0.807886
1.128905
1.261985
1.155203