-0.019650
-0.022862
-0.017187
-0.011947
-0.011890
-0.013848
-0.019155
-0.018555
-0.016656
-0.013836
-0.017806
-0.019258
-0.021639
-0.022161
-0.017783
-0.013558
-0.011641
-0.013951
-0.016242
-0.018424
-0.010254
-0.004241
0.001385
-0.000933
-0.004692
-0.012530
-0.019385
0.007507
0.015505
-0.010100
-0.022696
-0.014602
0.013421
0.039443
0.054337
0.042928
0.016476
-0.018936
-0.044160
-0.032190
-0.005350
0.019742
0.026576
0.025966
0.014758
0.040871
0.011516
-0.063485
-0.076256
-0.072812
0.013479
0.110479
0.053713
-0.023594
0.002921
-0.039076
-0.129112
-0.109770
-0.075153
-0.003987
-0.023680
-0.086398
-0.019673
0.011247
-0.001315
-0.021178
-0.084027
-0.104514
-0.046750
-0.015030
0.031883
0.094413
0.073304
0.022268
0.041264
0.049703
0.030658
0.035792
0.043953
0.049098
0.017129
-0.013290
-0.008153
-0.012734
-0.004027
0.008185
-0.001283
-0.008651
0.010063
0.016572
0.006679
0.007568
0.017061
0.022983
0.022595
0.013452
-0.000647
0.004243
0.007196
0.009416
0.009403
0.014466
0.016627
0.007776
0.011807
0.020871
0.020981
0.011539
0.007210
0.008385
0.008258
0.005944
0.003028
0.006663
0.007708
0.007030
0.009211
0.007052
0.007270
0.009473
0.008882
0.006624
-0.003644
-0.007154
0.001904
0.004238
0.011488
0.012989
0.012134
0.005215
-0.012034
-0.009719
-0.006281
-0.003395
0.006685
0.017989
0.033785
0.012077
-0.025298
-0.005622
0.040305
0.028203
-0.015392
0.009791
0.033366
0.070848
0.094220
0.002907
-0.058653
-0.086410
-0.089577
-0.037080
0.000099
0.072337
0.114285
0.005047
-0.081089
-0.002109
0.011947
-0.071995
-0.122666
-0.135753
-0.045865
0.067280
0.078879
0.064042
0.044459
0.052406
0.091754
0.072041
0.032940
0.032760
0.058189
0.062529
0.049306
0.009714
-0.018736
-0.012520
-0.034012
-0.030097
-0.019293
0.008094
0.032901
0.022929
0.015901
0.009406
0.007933
0.000742
0.005774
-0.017197
-0.036478
-0.030475
-0.020795
-0.004793
-0.008459
-0.009499
-0.011286
-0.012819
-0.019035
-0.006331
-0.002273
-0.020279
-0.019330
-0.020094
-0.019233
-0.018431
-0.017294
-0.022611
-0.023157
-0.018696
-0.018842
-0.015007
-0.013489
-0.013305
-0.013693
-0.011104
-0.012026
-0.013595
-0.013533
-0.011530
-0.017094
-0.030588
-0.026130
-0.018476
-0.009581
-0.007603
-0.013610
-0.012289
-0.018977
-0.021734
-0.012419
-0.020209
-0.028849
-0.025199
-0.004476
0.006531
-0.013343
-0.003928
0.029170
0.050637
0.058522
0.055010
0.047566
0.011571
-0.022685
-0.005793
0.041939
0.038148
-0.027476
-0.098084
-0.106312
-0.033309
0.015554
0.032805
0.008148
-0.004395
-0.022897
-0.067144
-0.015267
-0.038502
-0.087305
-0.085002
-0.088393
-0.116079
-0.148868
-0.069539
0.008227
0.062504
0.038838
0.003157
0.019565
0.059931
0.104366
0.079946
0.050916
0.024961
0.021977
-0.008461
0.001555
0.053344
0.053438
0.059223
0.052483
0.032769
0.003472
0.020530
0.026471
0.010697
0.018335
0.008355
-0.007036
-0.022601
-0.008477
-0.004951
-0.004293
-0.003278
0.000242
0.005969
0.003995
0.010244
0.010267
0.012538
0.008002
0.001132
-0.009869
-0.009955
-0.005693
-0.008596
-0.006570
-0.002619
-0.000400
-0.007007
-0.003193
0.000137
-0.002628
-0.003723
-0.004475
-0.001932
-0.005360
-0.004152
0.002985
-0.001725
-0.013812
-0.009524
-0.007990
-0.012736
0.000348
-0.001680
-0.012651
-0.012248
-0.017976
-0.023933
-0.020556
-0.019614
-0.000821
0.010720
-0.027171
-0.012760
-0.032606
-0.060291
0.007983
-0.010534
-0.090483
-0.118897
-0.083829
-0.003398
0.074901
0.040676
0.009296
-0.002560
-0.057972
-0.045719
-0.016140
-0.002562
-0.007335
-0.007847
-0.035625
-0.095175
-0.122425
-0.104368
-0.049245
-0.019210
-0.006429
0.017583
0.038119
0.008686
-0.036565
-0.008034
-0.003295
-0.016663
0.001992
-0.005875
0.007754
0.020150
-0.011963
-0.007779
0.029290
0.039078
0.033020
0.023085
0.007572
0.018613
0.038807
0.050707
0.048265
0.028592
0.027799
0.040371
0.045253
0.028609
0.031641
0.035673
0.029086
0.036053
0.042538
0.042631
0.031097
0.029039
0.024555
0.021589
0.020890
0.022210
0.025092
0.024471
0.023806
0.017263
0.018939
0.021828
0.021017
0.017890
0.020894
0.021180
0.016882
0.018136
0.016539
0.016268
0.012617
0.012249
0.017896
0.015769
0.005960
0.002385
0.009128
0.010159
0.000755
-0.000296
0.006707
0.009150
0.020741
0.020250
0.003215
0.015311
0.008511
-0.016262
-0.017730
-0.059597
-0.053040
0.006248
0.015541
0.068749
0.075002
-0.018182
-0.044003
-0.063739
-0.042595
0.019992
0.045559
0.114384
0.126863
0.105734
0.067103
-0.016908
-0.040207
0.047965
0.125873
0.090387
0.026744
0.006349
0.006319
0.003982
0.032106
-0.008246
-0.030452
-0.011241
-0.024118
0.031046
0.002221
0.021664
0.066473
0.034135
0.023930
-0.047546
-0.063574
0.005298
0.036868
-0.002586
-0.031468
-0.036210
-0.032962
-0.029147
-0.024130
-0.016804
-0.042224
-0.058006
-0.056349
-0.043818
-0.032405
-0.025129
-0.026200
-0.032735
-0.025791
-0.034402
-0.029288
-0.019246
-0.016087
-0.012531
-0.012684
-0.017970
-0.023703
-0.022116
-0.020369
-0.018924
-0.023455
-0.022499
-0.020584
-0.023328
-0.027823
-0.022434
-0.016551
-0.016879
-0.016378
-0.017904
-0.016320
-0.015422
-0.013474
-0.012226
-0.014488
-0.018857
-0.022113
-0.011426
0.004848
0.005197
-0.003660
-0.013183
-0.021635
-0.022940
-0.019386
-0.009356
0.002227
-0.000625
-0.002695
0.001165
0.000650
-0.002986
0.025100
0.032975
0.003937
-0.005668
-0.054498
-0.024672
0.053096
0.072059
0.066362
0.019261
0.008547
0.022351
0.000005
-0.061238
-0.081253
-0.018417
0.044370
0.056603
0.008825
-0.026472
-0.022695
-0.041777
-0.108779
-0.144662
-0.141887
-0.121222
-0.048732
-0.022488
-0.030276
-0.020201
-0.025041
-0.014522
0.001998
-0.056068
-0.090410
-0.062941
-0.016052
0.057009
0.064503
0.042110
0.029802
0.019678
0.039041
0.046059
0.041824
0.046299
0.064399
0.073374
0.062387
0.050125
0.028795
0.008401
0.008816
0.004417
-0.002628
0.005893
0.006097
0.011970
0.016721
0.016718
0.018387
0.019366
0.023981
0.019015
0.011806
0.008435
0.014355
0.019147
0.015882
0.017452
0.015017
0.012637
0.015634
0.016293
0.013852
0.012382
0.010738
0.010934
0.014854
0.016320
0.013216
0.010420
0.008923
0.004647
0.005187
0.006570
0.008995
0.007543
0.011069
0.016251
0.014232
0.000613
-0.025213
-0.010138
0.008432
0.016031
0.014463
-0.011157
-0.036272
-0.038389
-0.002746
0.023233
0.045193
0.039239
-0.022322
-0.047301
-0.017699
0.013003
0.032418
0.022523
0.050116
0.071166
-0.010267
-0.052322
-0.047473
-0.064149
-0.011981
0.030699
-0.000873
0.061483
0.004091
-0.099318
-0.008114
0.033503
0.028334
-0.025778
-0.050935
-0.005868
0.057020
0.048141
-0.023391
-0.023099
-0.032633
0.041732
0.080888
0.038547
0.060149
0.097662
0.089978
0.069489
0.061158
0.016796
0.018941
0.002355
-0.029538
-0.022164
0.000563
0.014590
0.012382
0.024347
0.013639
0.012514
0.001672
-0.001321
-0.003616
-0.019237
-0.019400
-0.015845
-0.005963
-0.013191
-0.022540
-0.030024
-0.027246
-0.024191
-0.015399
-0.006572
-0.011039
-0.015158
-0.015821
-0.013129
-0.017709
-0.017975
-0.026606
-0.031748
-0.030441
-0.027983
-0.023796
-0.024572
-0.020231
-0.020647
-0.020340
-0.018861
-0.018867
-0.019843
-0.025202
-0.025278
-0.022270
-0.019550
-0.020957
-0.030867
-0.029498
-0.025593
-0.020830
-0.007048
-0.016822
-0.051741
-0.058494
-0.065104
-0.048194
0.015740
0.036289
0.013370
-0.043387
-0.057536
-0.036681
-0.020708
-0.004784
-0.035195
-0.067833
-0.041425
0.014861
0.047901
-0.023654
-0.082747
-0.002150
0.019915
-0.031625
-0.017712
0.007494
0.069851
0.194451
0.143682
0.026817
0.088587
0.132691
0.136003
0.104625
0.009621
-0.021209
-0.033523
-0.046798
-0.048047
-0.046695
-0.078475
-0.044531
-0.000931
-0.037617
-0.020412
-0.015010
-0.041309
-0.010706
0.034139
0.023934
0.037982
0.041464
0.016618
0.033811
0.034807
0.019784
0.024977
0.040054
0.025793
0.015163
0.008576
0.003976
0.012108
-0.007981
-0.012288
-0.011720
-0.018243
-0.018942
-0.019304
-0.017991
-0.017248
-0.018443
-0.020159
-0.009176
-0.011441
-0.019483
-0.022308
-0.021296
-0.022672
-0.021445
-0.016786
-0.018281
-0.019883
-0.024797
-0.022433
-0.022799
-0.020498
-0.019565
-0.022939
-0.021021
-0.018452
-0.012474
-0.013928
-0.016518
-0.019195
-0.011471
-0.002564
-0.005604
-0.013442
-0.016558
0.001738
-0.001295
-0.036336
-0.049097
-0.030096
0.010073
0.027440
-0.003866
-0.027364
-0.061203
-0.058622
0.017207
0.004921
-0.000357
0.007471
-0.021421
0.028050
0.023580
-0.033013
-0.063863
-0.029172
0.028018
-0.005741
-0.008822
0.017611
0.078435
0.146654
0.079332
-0.038162
-0.049607
0.031430
0.132328
0.163353
0.057246
0.029019
0.028608
-0.033521
-0.033094
-0.043793
-0.081962
-0.053960
0.016006
0.021229
0.004823
-0.042780
-0.068909
-0.017236
0.011146
0.021635
-0.002690
-0.022828
-0.034056
-0.040753
-0.048848
-0.051950
-0.041225
-0.055355
-0.057093
-0.051824
-0.044176
-0.043755
-0.027678
-0.008452
-0.017537
-0.023205
-0.020184
-0.016776
-0.018468
-0.008933
-0.013618
-0.022694
-0.017272
-0.005397
0.000992
-0.005480
-0.006358
-0.008682
-0.002694
0.000489
-0.000598
-0.001305
-0.003220
-0.005200
-0.008959
-0.006545
-0.005147
-0.005519
-0.008599
-0.004237
0.003869
0.004158
0.003971
0.000792
-0.002793
0.001557
0.011856
0.019864
0.010092
-0.012933
-0.021662
-0.010321
-0.000301
0.011281
0.019127
0.013446
0.010148
-0.007396
-0.015654
0.008530
0.040430
0.057383
0.034260
0.003867
-0.020118
-0.046455
-0.017114
0.043097
0.049126
0.029819
0.017984
0.027945
0.031387
0.048049
0.061069
0.034726
0.096876
0.121107
0.059180
0.023271
-0.022398
-0.058146
-0.078861
0.012728
0.047588
-0.034337
-0.027964
-0.004625
-0.017536
-0.024162
-0.002944
0.012233
0.024638
0.003006
-0.010265
-0.022231
-0.040714
-0.030306
-0.068754
-0.076049
-0.023275
-0.000545
-0.010675
0.015205
0.039647
0.003982
0.008862
0.017478
0.000415
-0.010403
-0.008460
-0.019924
-0.034892
-0.017994
-0.008611
-0.012408
-0.015999
-0.010460
-0.009864
-0.007198
-0.003157
-0.003726
-0.002267
-0.003766
-0.008068
-0.011425
-0.009768
-0.015607
-0.021940
-0.020208
-0.012738
-0.006126
-0.006191
-0.004657
-0.002092
0.000914
-0.002090
-0.002960
0.000225
-0.001225
-0.005379
-0.007665
-0.005653
-0.005725
-0.006171
-0.002617
0.000836
0.003474
0.007155
0.003977
-0.004319
-0.005920
-0.004030
-0.003267
0.003020
0.004372
-0.003690
-0.009986
-0.011944
-0.009978
-0.008214
-0.007800
-0.006322
-0.004653
-0.003132
-0.001857
-0.000341
-0.000050
0.001474
0.002028
0.000696
0.001598
0.001059
-0.000812
-0.000252
0.001610
0.000804
0.000947
0.002122
0.001226
0.000889
0.001504
0.001407
0.001350
0.002016
0.002433
0.001792
0.001463
0.001205
0.001288
0.000922
0.000802
0.000517
0.000872
0.001641
0.002261
0.002314
0.002343
0.001835
0.001547
0.001490
0.001717
0.001906
0.001688
0.001252
0.001054
0.001219
0.001451
0.001666
0.001811
0.001688
0.001517
0.001380
0.001448
0.001504
0.001411
0.001360
0.001326
0.001249
0.001183
0.001111
0.000980
0.000851
0.000825
0.000771
0.000679
0.000633
0.000648
0.000659
0.000634
0.000561
0.000450
0.000358
0.000304
0.000310
0.000333
0.000269
0.000181
0.000164
0.000205
0.000243
0.000253
0.000238
0.000138
0.000015
0.000058
0.000135
0.000171
0.000166
0.000132
0.000025
-0.000019
0.004758
0.043029
0.040659
0.042691
0.021498
-0.021339
-0.098967
0.064894
0.150929
-0.074835
-0.097122
-0.015625
0.047331
0.134497
0.170034
0.136901
-0.030434
-0.127578
-0.226630
-0.117971
0.015626
0.050728
0.109613
0.032765
0.001472
0.157262
0.168875
-0.344187
-0.345638
-0.293371
0.004763
0.716917
0.094325
-0.434685
0.117345
0.072822
-0.664192
-0.405959
0.094892
0.064829
0.011469
-0.340590
0.161050
0.254069
0.008897
0.147640
-0.233256
-0.302951
-0.011966
0.139445
0.263599
0.390063
0.235929
-0.005672
0.120940
0.214014
-0.045073
0.002149
0.112036
0.055689
-0.078453
-0.210952
-0.114369
-0.104428
-0.032065
0.024731
0.017189
0.009023
0.004358
0.098993
0.007353
-0.029155
0.004263
0.058479
0.022827
0.018246
0.018593
0.028262
0.038609
0.018256
0.026773
0.013886
0.015683
0.012312
0.024016
0.010113
0.013031
0.006745
0.003285
0.003940
-0.000116
-0.005096
-0.009940
-0.020394
-0.022746
-0.007504
0.019942
-0.010149
-0.010032
0.015288
0.022473
0.025336
-0.029895
-0.036327
0.015357
0.007721
-0.007055
0.047992
0.047591
0.024504
-0.074718
-0.031676
0.038476
-0.032950
-0.000564
0.065780
0.189558
0.078150
-0.257851
-0.040564
0.305569
0.065565
-0.211164
0.010710
0.125798
0.089577
0.423891
-0.025492
-0.494247
-0.290352
-0.292057
-0.044576
-0.051117
0.292491
0.677729
-0.173231
-0.618987
0.174331
0.407818
-0.420409
-0.525840
-0.307762
-0.054514
0.446421
0.522364
0.318068
-0.001334
0.024540
0.492319
0.286282
-0.172665
-0.195786
0.063260
0.177345
-0.131970
-0.086618
-0.099300
-0.158622
-0.164864
-0.030772
0.074470
-0.084143
0.178202
0.025225
-0.085050
-0.016808
0.024131
0.037475
-0.090300
-0.019070
-0.099889
-0.002950
0.009599
-0.028511
-0.029744
-0.053673
0.007338
-0.015992
0.002041
-0.008229
0.012201
-0.028066
-0.029625
-0.012243
-0.039444
-0.057213
-0.051075
-0.026333
-0.053282
-0.031720
-0.015550
-0.004468
-0.007940
-0.008851
0.007348
-0.005435
-0.020141
-0.034430
-0.005525
-0.004314
-0.020455
-0.072891
-0.070273
0.004943
0.016597
0.040837
-0.009134
-0.014677
-0.039310
-0.079255
0.052730
0.022951
-0.099624
-0.058203
0.077202
0.161465
-0.047547
-0.035247
0.209747
0.169594
0.135774
0.137852
0.143127
-0.065649
-0.327805
-0.108654
0.185765
0.151152
-0.213520
-0.437048
-0.391891
-0.027924
0.264645
0.139600
0.045417
-0.083669
-0.078461
-0.301013
0.043929
0.124355
-0.610701
-0.142154
0.000702
-0.233704
-0.405946
-0.006833
0.508156
0.291644
0.394748
0.001248
0.086382
0.247733
0.346501
0.232217
-0.044834
0.019689
-0.121179
-0.057673
-0.136573
0.186425
0.186978
0.031736
0.096454
-0.042475
-0.084439
-0.085408
0.057105
-0.094175
-0.076294
-0.018742
-0.036050
-0.055185
-0.020682
0.034302
-0.017823
0.018613
0.002709
0.035503
0.010742
0.026064
0.045251
0.018070
0.004493
-0.007161
0.000085
-0.019927
-0.008705
-0.022119
-0.039601
-0.028720
-0.025011
-0.009835
-0.008021
0.001942
-0.024023
-0.026840
-0.002164
0.004453
-0.016047
-0.020918
0.045927
-0.019057
-0.108722
-0.006039
0.038065
-0.050737
0.037435
0.052994
-0.080663
-0.026180
-0.012508
-0.056745
-0.068715
-0.061881
0.051946
0.067990
-0.115914
-0.007496
0.011921
-0.377616
0.206516
0.258918
-0.445430
-0.409425
-0.183584
0.244449
0.408626
0.206416
-0.029048
0.068620
-0.272848
-0.235378
0.169010
-0.008787
-0.159303
-0.071897
0.156515
-0.367363
-0.483303
-0.040958
0.026638
0.016655
0.081362
0.242859
0.278280
0.024344
-0.240667
0.055065
0.120534
-0.192840
0.045372
0.102601
-0.048780
0.164040
0.011053
-0.046329
0.061094
0.146035
0.166531
0.000630
-0.016051
-0.016936
0.107427
0.128861
0.129244
-0.004380
0.020780
0.092993
0.067687
0.043580
-0.004979
0.062011
-0.021144
0.029969
0.067954
0.041051
0.016016
0.023398
0.034455
0.010085
0.019070
0.007383
0.016626
-0.004310
0.004781
0.022956
0.018937
0.020255
0.014074
0.024902
0.014638
0.020188
0.021524
0.013026
0.005990
-0.003152
0.001151
-0.016297
0.029403
0.040670
-0.035231
-0.037755
0.041097
0.041690
-0.059139
-0.038121
0.017853
-0.020877
0.058421
0.070170
-0.059086
0.029516
0.047691
-0.096434
-0.018596
-0.211533
-0.260479
0.175390
0.063639
0.231230
0.466030
-0.162263
-0.280543
-0.097610
-0.127402
0.160369
0.128781
0.421499
0.427032
0.138587
0.347919
-0.305496
-0.483587
0.160058
0.496765
0.137668
-0.241948
-0.094301
-0.108763
-0.104264
0.098615
0.033350
-0.333852
-0.043656
-0.053699
0.125325
0.149795
-0.255539
0.367149
0.090748
-0.029069
-0.211018
-0.365158
0.233830
0.089644
-0.046359
-0.122648
-0.155700
-0.093524
-0.077199
-0.039732
0.040583
-0.087571
-0.198502
-0.066908
-0.071177
-0.013455
0.017877
-0.027899
-0.039742
-0.032248
-0.020632
0.036756
0.025883
-0.014689
-0.000404
-0.020905
0.003616
-0.037454
-0.016063
-0.017453
-0.033151
-0.028505
-0.022774
-0.018726
-0.031604
-0.026221
-0.014261
-0.006580
-0.026795
-0.024053
-0.012817
-0.011848
0.006028
0.022278
-0.006842
-0.023398
-0.033592
-0.034434
-0.004296
0.066617
0.057442
-0.019723
-0.032049
-0.052230
-0.052881
-0.014639
0.009921
0.046853
-0.003640
-0.024581
0.085534
0.010151
-0.036684
0.100955
0.164818
-0.020151
-0.028752
-0.199172
-0.243349
0.356568
0.263846
0.144581
-0.037283
-0.155293
0.150474
-0.009081
-0.275881
-0.489068
-0.075752
0.302963
0.162915
-0.016958
-0.184531
-0.055963
-0.086708
-0.322881
-0.447687
-0.357540
-0.281239
0.050171
0.249863
0.023405
0.082467
0.089870
0.104479
0.265321
-0.084410
-0.329605
-0.083527
0.018502
0.306792
0.350427
0.141939
0.116966
-0.000572
0.184220
0.200106
0.033658
0.078459
0.023727
0.079322
0.040341
0.004489
-0.033985
-0.130579
-0.056874
0.012098
-0.041925
-0.008850
0.000729
-0.056139
-0.000018
0.010837
0.034747
0.063749
0.047497
0.039458
0.054874
0.055290
0.037490
0.026947
-0.002899
-0.000544
0.008857
0.009163
0.007414
0.012727
0.020694
0.010695
0.018199
0.009193
0.008039
-0.000457
-0.021517
-0.015020
-0.007698
-0.022755
-0.022502
0.012071
0.002619
0.006687
0.005466
0.053779
0.055700
-0.040713
-0.164817
-0.066009
0.102357
0.020036
0.091323
-0.009732
-0.168847
-0.123757
0.057953
0.144974
0.145249
0.229680
-0.153480
-0.306590
0.029876
0.152243
0.066382
-0.038497
0.156422
0.353013
-0.179807
-0.305099
-0.053315
-0.309029
-0.020979
0.208885
-0.056291
0.298887
0.196989
-0.771659
0.085289
0.507197
-0.090172
-0.078427
-0.297984
0.082816
0.178300
0.388195
-0.075860
-0.338587
0.008932
0.112578
0.514074
0.035253
0.026132
0.216482
0.241424
0.084349
-0.044778
0.009732
-0.175278
-0.129714
-0.209479
-0.082734
-0.024253
0.030365
0.050574
0.017023
0.004415
0.047090
0.045232
-0.097547
-0.064135
-0.073207
-0.050401
-0.051003
-0.002728
-0.048208
-0.054733
0.006250
-0.033713
-0.006439
-0.011181
-0.005070
-0.026946
-0.019076
-0.019704
-0.024382
-0.032688
-0.050387
-0.031949
-0.046346
-0.043399
-0.037113
-0.039535
-0.041048
-0.035156
-0.019705
-0.021525
-0.027538
-0.019719
-0.008370
-0.036024
-0.040545
0.003380
0.003764
-0.041769
-0.076287
-0.042408
-0.035548
-0.045698
0.083233
0.024590
-0.164086
-0.119631
-0.109838
-0.193685
0.184851
0.326842
0.032343
-0.182132
-0.221596
-0.004240
-0.043915
0.117928
-0.007181
-0.346739
-0.144168
0.246942
0.455570
-0.086955
-0.534258
0.240753
0.406316
-0.252271
0.035207
0.135790
0.083694
0.828215
0.639275
-0.434420
0.018832
0.515999
0.123224
0.124556
-0.287790
-0.417812
-0.334014
-0.276767
-0.162904
-0.225881
-0.167613
-0.197522
0.206935
0.082272
-0.082797
0.141061
-0.040932
-0.041327
0.109122
0.226470
0.189534
0.124845
0.022070
0.121071
0.172351
-0.035907
0.057133
0.083688
-0.054875
-0.090584
0.004690
-0.076390
-0.069802
-0.071736
-0.093056
-0.008100
-0.057639
-0.048292
-0.091015
-0.056071
-0.072362
-0.028478
-0.018898
-0.038635
-0.009907
-0.019002
0.005758
-0.001351
0.003512
-0.023941
-0.001702
-0.009856
-0.035013
-0.030152
-0.019833
-0.010440
-0.017438
-0.015171
-0.021155
-0.018125
-0.014368
0.006021
-0.003108
-0.048170
-0.040300
-0.007882
0.035942
0.005469
-0.046902
-0.059430
0.064843
0.092587
-0.162108
-0.206143
-0.056260
0.114881
0.156909
0.015694
-0.072899
-0.238205
-0.231435
0.270489
0.154508
-0.130113
0.145342
-0.166938
0.109632
0.369958
-0.245462
-0.315898
-0.058780
0.321611
-0.005370
-0.125881
0.202154
0.104511
0.681172
0.377906
-0.496938
-0.384160
0.095959
0.467859
0.512660
-0.037130
-0.305921
0.101620
-0.298395
-0.251167
-0.003865
-0.401484
-0.310226
0.127681
0.349588
-0.023297
-0.215165
-0.171204
-0.012186
0.064182
0.151302
0.098715
-0.161352
-0.106977
-0.170818
-0.055607
-0.077728
-0.093163
-0.110668
-0.127374
0.001547
0.012720
0.007669
-0.032090
0.042715
-0.003213
0.011401
0.036665
-0.013902
-0.012251
-0.012094
0.025379
0.001520
-0.005719
-0.004628
0.011017
-0.002052
0.003434
0.022983
0.010997
0.005858
0.002976
0.015660
-0.002870
-0.007310
-0.010368
-0.000225
0.001898
-0.010058
-0.006255
-0.006534
0.015835
0.021761
0.024499
0.022606
-0.016315
-0.005787
0.039322
0.075995
0.026711
-0.084308
-0.082302
-0.010912
0.009170
0.034019
0.088098
0.039739
0.018485
-0.026826
-0.131832
0.013334
0.172357
0.189924
0.045646
-0.046573
-0.062092
-0.270923
-0.090685
0.332363
0.191448
-0.034652
0.073861
0.089379
0.046323
0.140487
0.190453
-0.139953
0.147000
0.543148
-0.139414
-0.126686
-0.034148
-0.472265
-0.472284
0.178240
0.495048
-0.478309
-0.142522
0.311318
-0.174705
-0.073597
0.074676
0.082855
0.006076
0.029739
-0.082573
-0.010198
-0.087075
-0.140959
-0.149034
-0.210832
0.096596
0.089193
0.089038
0.094035
0.121621
0.102615
-0.002339
0.033776
-0.040991
-0.075999
-0.085819
-0.042590
-0.086943
-0.062024
-0.008718
-0.001908
-0.015678
-0.024748
0.010657
0.004398
-0.008438
0.007139
0.016447
-0.015902
-0.025993
-0.008261
-0.017944
-0.016922
-0.017285
-0.008307
-0.002522
-0.001172
0.004114
-0.000040
0.012191
0.011679
0.016844
0.005053
0.009791
0.006138
-0.002599
-0.011629
-0.016089
-0.021197
-0.013239
0.007302
0.002253
0.004970
0.030260
0.014759
-0.033454
-0.022396
-0.014446
-0.022208
0.010118
0.030825
-0.028227
-0.048217
-0.023120
-0.019761
-0.003397
0.000822
0.000601
0.000731
0.002215
0.008243
0.009376
0.008685
0.004888
0.009179
0.007314
0.006557
0.008089
0.006550
0.003546
0.005073
0.008028
0.004022
0.007882
0.004114
0.002473
0.004121
0.004174
0.002667
0.001856
0.001252
0.002249
0.003581
0.002740
0.002292
0.001376
-0.000091
-0.001916
0.002781
0.004632
0.003052
0.003386
0.002827
0.002353
-0.000156
0.001297
0.002647
-0.000144
0.000207
0.000801
0.001124
0.000906
0.001764
0.001095
0.001720
0.001019
0.001795
0.002452
0.002796
0.002301
0.001209
0.000248
0.000211
0.000146
0.000335
0.000132
0.000444
0.000376
0.000259
0.000129
0.000460
0.000648
0.000477
0.000277
-0.000002
-0.000084
0.000130
0.000422
0.000373
0.000276
0.000064
-0.000097
0.000023
0.000277
0.000406
0.000364
0.000194
-0.000135
-0.000263
-0.000284
-0.000009
0.000323
0.000440
0.000299
0.000199
0.000015
0.000029
0.000243
0.000231
0.000094
-0.000048
-0.000153
-0.000159
-0.000075
-0.000130
-0.000355
-0.000545
-0.000628
-0.000636
-0.000528
-0.000286
-0.000229
-0.000339
-0.000412
-0.000343
-0.000381
-0.000195