0.080839
-0.008899
-0.119282
-0.198260
-0.205722
-0.128858
0.012908
0.175303
0.306072
0.364900
0.338774
0.246917
0.133405
0.050302
0.037733
0.108529
0.243291
0.397773
0.519749
0.568942
0.532377
0.429315
0.303879
0.208179
0.182390
0.239395
0.359850
0.499564
0.606372
0.640054
0.587696
0.468624
0.327024
0.215067
0.172995
0.213753
0.318062
0.441796
0.532852
0.551071
0.483603
0.349831
0.193999
0.068336
0.013136
0.041398
0.133891
0.246535
0.327272
0.335984
0.259857
0.118309
-0.044385
-0.175969
-0.236126
-0.211837
-0.122318
-0.011636
0.068157
0.076948
0.001921
-0.137507
-0.297072
-0.424531
-0.479581
-0.449225
-0.352701
-0.234105
-0.145521
-0.127095
-0.191681
-0.319905
-0.467546
-0.582408
-0.624238
-0.580091
-0.469259
-0.335897
-0.232143
-0.198206
-0.247000
-0.359215
-0.490691
-0.589296
-0.614842
-0.554449
-0.427472
-0.278129
-0.158623
-0.109224
-0.142907
-0.240421
-0.357666
-0.442564
-0.454983
-0.382093
-0.243301
-0.082868
0.046957
0.105864
0.080839
-0.008899
-0.119282
-0.198260
-0.205722
-0.128858
0.012908
0.175303
0.306072
0.364900
0.338774
0.246917
0.133405
0.050302
0.037733
0.108529
0.243291
0.397773
0.519749
0.568942
0.532377
0.429315
0.303879
0.208179
0.182390
0.239395
0.359850
0.499564
0.606372
0.640054
0.587696
0.468624
0.327024
0.215067
0.172995
0.213753
0.318062
0.441796
0.532852
0.551071
0.483603
0.349831
0.193999
0.068336
0.013136
0.041398
0.133891
0.246535
0.327272
0.335984
0.259857
0.118309
-0.044385
-0.175969
-0.236126
-0.211837
-0.122318
-0.011636
0.068157
0.076948
0.001921
-0.137507
-0.297072
-0.424531
-0.479581
-0.449225
-0.352701
-0.234105
-0.145521
-0.127095
-0.191681
-0.319905
-0.467546
-0.582408
-0.624238
-0.580091
-0.469259
-0.335897
-0.232143
-0.198206
-0.247000
-0.359215
-0.490691
-0.589296
-0.614842
-0.554449
-0.427472
-0.278129
-0.158623
-0.109224
-0.142907
-0.240421
-0.357666
-0.442564
-0.454983
-0.382093
-0.243301
-0.082868
0.046957
0.105864
0.848932
1.176624
1.266443
1.085369
0.703014
0.265031
-0.062521
-0.156596
0.015842
0.385215
0.805922
1.111969
1.180399
0.978276
0.575294
0.117187
-0.229903
-0.342857
-0.188563
0.163473
0.567718
0.858244
0.912154
0.696568
0.281236
-0.188059
-0.545135
-0.666829
-0.519997
-0.174115
0.225308
0.512363
0.564167
0.347850
-0.066838
-0.534116
-0.887808
-1.004766
-0.851865
-0.498603
-0.090521
0.206441
0.269359
0.065319
-0.335977
-0.788800
-1.127033
-1.227588
-1.057403
-0.686048
-0.259131
0.057330
0.140336
-0.043107
-0.423378
-0.854832
-1.171434
-1.250183
-1.058104
-0.664851
-0.216120
0.121985
0.226380
0.063986
-0.295658
-0.706989
-1.004051
-1.063922
-0.853699
-0.443109
0.022083
0.375710
0.494625
0.345693
-0.001601
-0.401742
-0.688820
-0.739950
-0.522265
-0.105521
0.364494
0.721591
0.842612
0.694412
0.346474
-0.055686
-0.346147
-0.402013
-0.190397
0.218968
0.680322
1.027513
1.137420
0.976943
0.615613
0.198999
-0.106922
-0.179191
0.015141
0.406412
0.848932
1.176624
1.266443
1.085369
0.703014
0.265031
-0.062521
-0.156596
0.015842
0.385215
0.805922
1.111969
1.180399
0.978276
0.575294
0.117187
-0.229903
-0.342857
-0.188563
0.163473
0.567718
0.858244
0.912154
0.696568
0.281236
-0.188059
-0.545135
-0.666829
-0.519997
-0.174115
0.225308
0.512363
0.564167
0.347850
-0.066838
-0.534116
-0.887808
-1.004766
-0.851865
-0.498603
-0.090521
0.206441
0.269359
0.065319
-0.335977
-0.788800
-1.127033
-1.227588
-1.057403
-0.686048
-0.259131
0.057330
0.140336
-0.043107
-0.423378
-0.854832
-1.171434
-1.250183
-1.058104
-0.664851
-0.216120
0.121985
0.226380
0.063986
-0.295658
-0.706989
-1.004051
-1.063922
-0.853699
-0.443109
0.022083
0.375710
0.494625
0.345693
-0.001601
-0.401742
-0.688820
-0.739950
-0.522265
-0.105521
0.364494
0.721591
0.842612
0.694412
0.346474
-0.055686
-0.346147
-0.402013
-0.190397
0.218968
0.680322
1.027513
1.137420
0.976943
0.615613
0.198999
-0.106922
-0.179191
0.015141
0.406412