-0.305416
-0.307179
-0.304719
-0.296443
-0.280699
-0.256108
-0.221943
-0.178424
-0.126821
-0.069320
-0.008680
0.052203
0.110716
0.164799
0.213016
0.254450
0.288490
0.314641
0.332445
0.341558
0.341959
0.334193
0.319542
0.300016
0.278140
0.256573
0.237654
0.223019
0.213401
0.208653
0.207973
0.210247
0.214374
0.219459
0.224839
0.229947
0.234105
0.236356
0.235438
0.229935
0.218569
0.200543
0.175815
0.145185
0.110175
0.072716
0.034756
-0.002093
-0.036753
-0.068673
-0.097647
-0.123540
-0.146044
-0.164579
-0.178371
-0.186685
-0.189129
-0.185898
-0.177866
-0.166471
-0.153438
-0.140421
-0.128698
-0.119009
-0.111606
-0.106459
-0.103549
-0.103103
-0.105695
-0.112137
-0.123220
-0.139384
-0.160442
-0.185469
-0.212906
-0.240840
-0.267374
-0.290963
-0.310607
-0.325846
-0.336589
-0.342863
-0.344594
-0.341524
-0.333305
-0.319736
-0.301045
-0.278111
-0.252497
-0.226282
-0.201707
-0.180746
-0.164731
-0.154140
-0.148610
-0.147141
-0.148416
-0.151097
-0.154016
-0.156185
-0.156676
-0.154423
-0.148097
-0.136111
-0.116815
-0.088833
-0.051442
-0.004865
0.049623
0.109837
0.173011
0.236250
0.296937
0.353010
0.403033
0.446084
0.481552
0.508940
0.527789
0.537755
0.538816
0.531515
0.517134
0.497683
0.475689
0.453807
0.434378
0.419039
0.408525
0.402687
0.400726
0.401529
0.403996
0.407234
0.410581
0.413474
0.415235
0.414910
0.411241
0.402812
0.388350
0.367061
0.338905
0.304686
0.265930
0.224571
0.182561
0.141516
0.102519
0.066125
0.032542
0.001914
-0.025450
-0.048965
-0.067850
-0.081366
-0.089116
-0.091290
-0.088756
-0.082947
-0.075583
-0.068312
-0.062405
-0.058598
-0.057137
-0.057986
-0.061119
-0.066759
-0.075471
-0.088063
-0.105322
-0.127678
-0.154940
-0.186176
-0.219822
-0.253957
-0.286679
-0.316439
-0.342228
-0.363580
-0.380399
-0.392705
-0.400420
-0.403279
-0.400928
-0.393159
-0.380198
-0.362913
-0.342866
-0.322128
-0.302936
-0.287259
-0.276421
-0.270898
-0.270320
-0.273684
-0.279666
-0.286925
-0.294288
-0.300763
0.552631
0.461159
0.366571
0.275076
0.193632
0.128886
0.085860
0.066831
0.070783
0.093636
0.129199
0.170544
0.211369
0.246935
0.274331
0.292096
0.299441
0.295466
0.278745
0.247473
0.200152
0.136521
0.058357
-0.030229
-0.123185
-0.213535
-0.294716
-0.361815
-0.412296
-0.446021
-0.464585
-0.470255
-0.464933
-0.449529
-0.423962
-0.387766
-0.341018
-0.285198
-0.223604
-0.161109
-0.103319
-0.055402
-0.021009
-0.001651
0.003245
-0.004353
-0.022106
-0.048286
-0.082302
-0.124591
-0.175915
-0.236337
-0.304311
-0.376252
-0.446801
-0.509735
-0.559239
-0.591104
-0.603476
-0.596907
-0.573755
-0.537197
-0.490240
-0.435120
-0.373290
-0.305957
-0.234898
-0.163160
-0.095283
-0.036863
0.006485
0.030443
0.033171
0.015934
-0.017032
-0.059378
-0.103939
-0.144051
-0.174474
-0.191697
-0.193619
-0.178883
-0.146206
-0.094085
-0.021062
0.073523
0.188562
0.320398
0.462609
0.606536
0.742481
0.861258
0.955656
1.021392
1.057310
1.064861
1.047103
1.007652
0.949954
0.877110
0.792230
0.699066
0.602552
0.508897
0.425064
0.357700
0.311829
0.289733
0.290399
0.309748
0.341593
0.379012
0.415705
0.446937
0.469801
0.482842
0.485274
0.476203
0.454207
0.417488
0.364552
0.295143
0.211046
0.116375
0.017189
-0.079529
-0.167211
-0.240935
-0.298161
-0.338745
-0.364272
-0.377005
-0.378838
-0.370674
-0.352425
-0.323617
-0.284320
-0.236008
-0.181970
-0.127072
-0.076913
-0.036653
-0.009935
0.001737
-0.001057
-0.016340
-0.041767
-0.075601
-0.117244
-0.167126
-0.226000
-0.293924
-0.369342
-0.448664
-0.526521
-0.596685
-0.653333
-0.692250
-0.711574
-0.711849
-0.695429
-0.665483
-0.625011
-0.576242
-0.520625
-0.459359
-0.394216
-0.328236
-0.265955
-0.212962
-0.174868
-0.155984
-0.158146
-0.180085
-0.217560
-0.264216
-0.312885
-0.356899
-0.391014
-0.411714
-0.416898
-0.405203
-0.375343
-0.325813
-0.255153
-0.162699
-0.049559
0.080613
0.221398
0.364137
0.499132
0.617200
0.711129
0.776637
0.812571
0.820377
0.803117
0.764403
0.707683
0.636057