-0.163664
-0.236181
-0.223734
-0.121238
0.041976
0.213329
0.337039
0.375386
0.323088
0.209274
0.086329
0.009845
0.017354
0.113960
0.270356
0.433990
0.549110
0.578030
0.515505
0.390705
0.256058
0.167202
0.161718
0.244761
0.387077
0.536172
0.636348
0.649982
0.571885
0.431292
0.280691
0.175783
0.154215
0.221202
0.347557
0.480845
0.565433
0.563758
0.470694
0.315532
0.150819
0.032313
-0.002289
0.052283
0.166889
0.289141
0.363451
0.352294
0.250582
0.087641
-0.083951
-0.208410
-0.248014
-0.197475
-0.085917
0.034286
0.107552
0.096361
-0.004375
-0.165333
-0.333944
-0.454436
-0.489102
-0.432673
-0.314297
-0.186375
-0.104519
-0.106282
-0.196791
-0.346764
-0.503673
-0.611792
-0.633466
-0.563474
-0.431018
-0.288557
-0.191758
-0.178234
-0.253172
-0.387351
-0.528306
-0.620374
-0.625962
-0.539915
-0.391497
-0.233229
-0.120842
-0.092011
-0.151981
-0.271591
-0.398434
-0.476903
-0.469459
-0.370996
-0.210830
-0.041526
0.081140
0.119454
0.068131
-0.043700
-0.163664
-0.236181
-0.223734
-0.121238
0.041976
0.213329
0.337039
0.375386
0.323088
0.209274
0.086329
0.009845
0.017354
0.113960
0.270356
0.433990
0.549110
0.578030
0.515505
0.390705
0.256058
0.167202
0.161718
0.244761
0.387077
0.536172
0.636348
0.649982
0.571885
0.431292
0.280691
0.175783
0.154215
0.221202
0.347557
0.480845
0.565433
0.563758
0.470694
0.315532
0.150819
0.032313
-0.002289
0.052283
0.166889
0.289141
0.363451
0.352294
0.250582
0.087641
-0.083951
-0.208410
-0.248014
-0.197475
-0.085917
0.034286
0.107552
0.096361
-0.004375
-0.165333
-0.333944
-0.454436
-0.489102
-0.432673
-0.314297
-0.186375
-0.104519
-0.106282
-0.196791
-0.346764
-0.503673
-0.611792
-0.633466
-0.563474
-0.431018
-0.288557
-0.191758
-0.178234
-0.253172
-0.387351
-0.528306
-0.620374
-0.625962
-0.539915
-0.391497
-0.233229
-0.120842
-0.092011
-0.151981
-0.271591
-0.398434
-0.476903
-0.469459
-0.370996
-0.210830
-0.041526
0.081140
0.119454
0.068131
-0.043700
0.452836
0.946852
1.279820
1.326752
1.071116
0.611142
0.122305
-0.209704
-0.259900
-0.011738
0.436581
0.909628
1.221775
1.248114
0.972195
0.492329
-0.015931
-0.366818
-0.435272
-0.204675
0.226840
0.683911
0.980972
0.993176
0.704128
0.212190
-0.307035
-0.667739
-0.744822
-0.521632
-0.096274
0.355916
0.649390
0.659316
0.369306
-0.122270
-0.639815
-0.997525
-1.070312
-0.841542
-0.409341
0.050926
0.353682
0.374056
0.095622
-0.383300
-0.887161
-1.230209
-1.287417
-1.042211
-0.592782
-0.114563
0.206798
0.246358
-0.012388
-0.471195
-0.954594
-1.276914
-1.313210
-1.046990
-0.576528
-0.077339
0.264843
0.324996
0.086532
-0.352382
-0.816358
-1.119800
-1.137838
-0.854053
-0.366787
0.148378
0.505646
0.579934
0.354600
-0.072244
-0.525254
-0.818880
-0.828288
-0.537095
-0.043673
0.476373
0.837228
0.913794
0.689421
0.262217
-0.192474
-0.489094
-0.502798
-0.217185
0.269395
0.781363
1.132937
1.199054
0.963105
0.523247
0.054872
-0.256409
-0.285693
-0.016516
0.452836
0.946852
1.279820
1.326752
1.071116
0.611142
0.122305
-0.209704
-0.259900
-0.011738
0.436581
0.909628
1.221775
1.248114
0.972195
0.492329
-0.015931
-0.366818
-0.435272
-0.204675
0.226840
0.683911
0.980972
0.993176
0.704128
0.212190
-0.307035
-0.667739
-0.744822
-0.521632
-0.096274
0.355916
0.649390
0.659316
0.369306
-0.122270
-0.639815
-0.997525
-1.070312
-0.841542
-0.409341
0.050926
0.353682
0.374056
0.095622
-0.383300
-0.887161
-1.230209
-1.287417
-1.042211
-0.592782
-0.114563
0.206798
0.246358
-0.012388
-0.471195
-0.954594
-1.276914
-1.313210
-1.046990
-0.576528
-0.077339
0.264843
0.324996
0.086532
-0.352382
-0.816358
-1.119800
-1.137838
-0.854053
-0.366787
0.148378
0.505646
0.579934
0.354600
-0.072244
-0.525254
-0.818880
-0.828288
-0.537095
-0.043673
0.476373
0.837228
0.913794
0.689421
0.262217
-0.192474
-0.489094
-0.502798
-0.217185
0.269395
0.781363
1.132937
1.199054
0.963105
0.523247
0.054872
-0.256409
-0.285693
-0.016516