-0.214512
-0.073195
0.133190
0.334823
0.463515
0.478723
0.382998
0.220981
0.062320
-0.024969
-0.000503
0.133008
0.330774
0.523007
0.641557
0.645920
0.538690
0.364555
0.193208
0.092717
0.103516
0.222950
0.406284
0.583787
0.687367
0.676579
0.554078
0.364610
0.177930
0.062167
0.057814
0.162276
0.330878
0.493947
0.583447
0.558989
0.423282
0.221125
0.022322
-0.104950
-0.120152
-0.025837
0.133360
0.287803
0.369492
0.338067
0.196264
-0.011093
-0.214179
-0.344801
-0.362406
-0.269538
-0.110827
0.044095
0.127224
0.098195
-0.040264
-0.243345
-0.441238
-0.565771
-0.576415
-0.475741
-0.308410
-0.144089
-0.050818
-0.069002
-0.195957
-0.386918
-0.572126
-0.683456
-0.680434
-0.565683
-0.383920
-0.204868
-0.096628
-0.099661
-0.211344
-0.386973
-0.556848
-0.652906
-0.634732
-0.505010
-0.308514
-0.115029
0.007292
0.017928
-0.080549
-0.243489
-0.401240
-0.485789
-0.456766
-0.316896
-0.110996
0.091115
0.221248
0.238851
0.146469
-0.011271
-0.164739
-0.245939
-0.214512
-0.073195
0.133190
0.334823
0.463515
0.478723
0.382998
0.220981
0.062320
-0.024969
-0.000503
0.133008
0.330774
0.523007
0.641557
0.645920
0.538690
0.364555
0.193208
0.092717
0.103516
0.222950
0.406284
0.583787
0.687367
0.676579
0.554078
0.364610
0.177930
0.062167
0.057814
0.162276
0.330878
0.493947
0.583447
0.558989
0.423282
0.221125
0.022322
-0.104950
-0.120152
-0.025837
0.133360
0.287803
0.369492
0.338067
0.196264
-0.011093
-0.214179
-0.344801
-0.362406
-0.269538
-0.110827
0.044095
0.127224
0.098195
-0.040264
-0.243345
-0.441238
-0.565771
-0.576415
-0.475741
-0.308410
-0.144089
-0.050818
-0.069002
-0.195957
-0.386918
-0.572126
-0.683456
-0.680434
-0.565683
-0.383920
-0.204868
-0.096628
-0.099661
-0.211344
-0.386973
-0.556848
-0.652906
-0.634732
-0.505010
-0.308514
-0.115029
0.007292
0.017928
-0.080549
-0.243489
-0.401240
-0.485789
-0.456766
-0.316896
-0.110996
0.091115
0.221248
0.238851
0.146469
-0.011271
-0.164739
-0.245939
0.138454
0.000902
0.017258
0.186764
0.449536
0.709415
0.870681
0.874601
0.721851
0.472249
0.221902
0.066492
0.064730
0.215931
0.460282
0.701699
0.844533
0.830125
0.659221
0.391713
0.123777
-0.048833
-0.067342
0.067635
0.296347
0.522771
0.651319
0.623387
0.439776
0.160426
-0.118439
-0.301023
-0.328509
-0.201479
0.020348
0.240976
0.364841
0.333355
0.147335
-0.133269
-0.412229
-0.593749
-0.619015
-0.488620
-0.262293
-0.036050
0.094522
0.070811
-0.106398
-0.377190
-0.645375
-0.815199
-0.827897
-0.684108
-0.443617
-0.202494
-0.056384
-0.063962
-0.224506
-0.478167
-0.728823
-0.880789
-0.875369
-0.713275
-0.454364
-0.194778
-0.030236
-0.019485
-0.161876
-0.397631
-0.630699
-0.765464
-0.743298
-0.564979
-0.290429
-0.015850
0.162978
0.187252
0.057569
-0.166344
-0.388482
-0.513274
-0.482130
-0.295865
-0.014429
0.265945
0.449456
0.477284
0.350009
0.127351
-0.094692
-0.220548
-0.191624
-0.008725
0.268212
0.542971
0.719775
0.739828
0.603742
0.371271
0.138454
0.000902
0.017258
0.186764
0.449536
0.709415
0.870681
0.874601
0.721851
0.472249
0.221902
0.066492
0.064730
0.215931
0.460282
0.701699
0.844533
0.830125
0.659221
0.391713
0.123777
-0.048833
-0.067342
0.067635
0.296347
0.522771
0.651319
0.623387
0.439776
0.160426
-0.118439
-0.301023
-0.328509
-0.201479
0.020348
0.240976
0.364841
0.333355
0.147335
-0.133269
-0.412229
-0.593749
-0.619015
-0.488620
-0.262293
-0.036050
0.094522
0.070811
-0.106398
-0.377190
-0.645375
-0.815199
-0.827897
-0.684108
-0.443617
-0.202494
-0.056384
-0.063962
-0.224506
-0.478167
-0.728823
-0.880789
-0.875369
-0.713275
-0.454364
-0.194778
-0.030236
-0.019485
-0.161876
-0.397631
-0.630699
-0.765464
-0.743298
-0.564979
-0.290429
-0.015850
0.162978
0.187252
0.057569
-0.166344
-0.388482
-0.513274
-0.482130
-0.295865
-0.014429
0.265945
0.449456
0.477284
0.350009
0.127351
-0.094692
-0.220548
-0.191624
-0.008725
0.268212
0.542971
0.719775
0.739828
0.603742
0.371271