-0.312152
-0.313681
-0.310580
-0.301399
-0.284540
-0.258582
-0.222694
-0.177006
-0.122791
-0.062379
0.001177
0.064600
0.124897
0.179732
0.227574
0.267606
0.299478
0.323032
0.338126
0.344631
0.342618
0.332620
0.315867
0.294359
0.270699
0.247721
0.227990
0.213345
0.204602
0.201528
0.203064
0.207715
0.213970
0.220604
0.226781
0.231940
0.235554
0.236895
0.234908
0.228296
0.215790
0.196522
0.170366
0.138101
0.101348
0.062257
0.023071
-0.014315
-0.048643
-0.079350
-0.106391
-0.129926
-0.149987
-0.166273
-0.178162
-0.184919
-0.186029
-0.181524
-0.172152
-0.159339
-0.144916
-0.130737
-0.118285
-0.108440
-0.101457
-0.097166
-0.095307
-0.095851
-0.099182
-0.106061
-0.117374
-0.133763
-0.155263
-0.181104
-0.209742
-0.239128
-0.267122
-0.291902
-0.312256
-0.327646
-0.338057
-0.343710
-0.344765
-0.341156
-0.332614
-0.318892
-0.300085
-0.276919
-0.250878
-0.224082
-0.198948
-0.177708
-0.161949
-0.152308
-0.148418
-0.149098
-0.152714
-0.157570
-0.162187
-0.165400
-0.166258
-0.163801
-0.156864
-0.143998
-0.123609
-0.094280
-0.055183
-0.006452
0.050638
0.113754
0.179841
0.245618
0.308090
0.364920
0.414573
0.456232
0.489545
0.514353
0.530511
0.537891
0.536562
0.527056
0.510605
0.489205
0.465462
0.442207
0.422008
0.406703
0.397111
0.392997
0.393304
0.396538
0.401189
0.406036
0.410242
0.413248
0.414532
0.413365
0.408697
0.399231
0.383703
0.361248
0.331741
0.295967
0.255548
0.212640
0.169488
0.127992
0.089413
0.054320
0.022759
-0.005423
-0.030252
-0.051426
-0.068316
-0.080182
-0.086505
-0.087310
-0.083342
-0.076020
-0.067171
-0.058642
-0.051912
-0.047854
-0.046717
-0.048327
-0.052417
-0.058952
-0.068311
-0.081248
-0.098644
-0.121135
-0.148748
-0.180709
-0.215467
-0.250969
-0.285065
-0.315930
-0.342346
-0.363768
-0.380176
-0.391783
-0.398746
-0.400991
-0.398244
-0.390252
-0.377105
-0.359523
-0.338984
-0.317604
-0.297793
-0.281778
-0.271142
-0.266516
-0.267528
-0.272993
-0.281272
-0.290663
-0.299684
-0.307166
0.604935
0.517378
0.423629
0.329664
0.242349
0.168566
0.114037
0.082210
0.073553
0.085520
0.113187
0.150377
0.190905
0.229565
0.262597
0.287579
0.302884
0.307040
0.298308
0.274705
0.234513
0.177068
0.103522
0.017240
-0.076392
-0.170750
-0.259138
-0.335975
-0.397647
-0.442762
-0.471779
-0.486193
-0.487611
-0.477081
-0.454919
-0.421068
-0.375828
-0.320611
-0.258407
-0.193705
-0.131862
-0.078114
-0.036546
-0.009396
0.003087
0.002202
-0.010049
-0.031864
-0.062256
-0.101146
-0.148906
-0.205539
-0.269839
-0.338883
-0.408089
-0.471860
-0.524644
-0.562027
-0.581539
-0.582894
-0.567630
-0.538328
-0.497728
-0.448089
-0.391016
-0.327802
-0.260087
-0.190513
-0.123049
-0.062763
-0.015032
0.015592
0.026502
0.017783
-0.007678
-0.044752
-0.087107
-0.128381
-0.163132
-0.187292
-0.198082
-0.193530
-0.171914
-0.131434
-0.070338
0.012493
0.116694
0.239646
0.376112
0.518516
0.657856
0.785042
0.892275
0.974105
1.027865
1.053456
1.052629
1.028094
0.982811
0.919688
0.841766
0.752689
0.657189
0.561242
0.471717
0.395496
0.338307
0.303597
0.291839
0.300490
0.324628
0.358082
0.394668
0.429184
0.457877
0.478325
0.488909
0.488161
0.474345
0.445486
0.399868
0.336833
0.257541
0.165361
0.065685
-0.034859
-0.129566
-0.212850
-0.281090
-0.332888
-0.368697
-0.390005
-0.398411
-0.394958
-0.379953
-0.353334
-0.315392
-0.267534
-0.212740
-0.155493
-0.101144
-0.054919
-0.020897
-0.001310
0.003603
-0.004852
-0.024666
-0.054030
-0.091949
-0.138337
-0.193558
-0.257608
-0.329274
-0.405625
-0.482071
-0.553011
-0.612883
-0.657266
-0.683686
-0.691847
-0.683281
-0.660564
-0.626428
-0.583125
-0.532256
-0.475107
-0.413310
-0.349504
-0.287651
-0.232813
-0.190362
-0.164846
-0.158865
-0.172330
-0.202350
-0.243791
-0.290316
-0.335560
-0.374076
-0.401793
-0.415928
-0.414507
-0.395803
-0.358014
-0.299386
-0.218797
-0.116609
0.004560
0.139474
0.280561
0.418818
0.545157
0.651780
0.733237
0.786862
0.812555
0.812068
0.788112
0.743643
0.681571