-0.029805
-0.138148
-0.208498
-0.204103
-0.116740
0.030102
0.190158
0.312016
0.358720
0.321846
0.224683
0.113302
0.038920
0.038307
0.119706
0.259650
0.411902
0.525082
0.562267
0.515070
0.406822
0.283636
0.196778
0.183065
0.250793
0.376550
0.514152
0.612279
0.634066
0.571189
0.447039
0.307793
0.204779
0.174879
0.226451
0.336149
0.457851
0.540300
0.546695
0.468769
0.329974
0.176545
0.059867
0.016874
0.055978
0.153879
0.264505
0.336640
0.333524
0.246930
0.100342
-0.059974
-0.182607
-0.230596
-0.195512
-0.100639
0.007964
0.079089
0.075979
-0.009594
-0.154147
-0.311424
-0.430025
-0.473006
-0.431958
-0.330187
-0.213780
-0.133977
-0.127568
-0.202817
-0.336285
-0.481758
-0.587882
-0.617764
-0.563046
-0.447086
-0.316030
-0.221174
-0.199368
-0.258937
-0.376503
-0.505915
-0.595883
-0.609578
-0.538704
-0.406685
-0.259730
-0.149196
-0.111996
-0.156516
-0.259438
-0.374667
-0.450971
-0.451573
-0.368230
-0.224416
-0.066383
0.054465
0.101175
0.065323
-0.029805
-0.138148
-0.208498
-0.204103
-0.116740
0.030102
0.190158
0.312016
0.358720
0.321846
0.224683
0.113302
0.038920
0.038307
0.119706
0.259650
0.411902
0.525082
0.562267
0.515070
0.406822
0.283636
0.196778
0.183065
0.250793
0.376550
0.514152
0.612279
0.634066
0.571189
0.447039
0.307793
0.204779
0.174879
0.226451
0.336149
0.457851
0.540300
0.546695
0.468769
0.329974
0.176545
0.059867
0.016874
0.055978
0.153879
0.264505
0.336640
0.333524
0.246930
0.100342
-0.059974
-0.182607
-0.230596
-0.195512
-0.100639
0.007964
0.079089
0.075979
-0.009594
-0.154147
-0.311424
-0.430025
-0.473006
-0.431958
-0.330187
-0.213780
-0.133977
-0.127568
-0.202817
-0.336285
-0.481758
-0.587882
-0.617764
-0.563046
-0.447086
-0.316030
-0.221174
-0.199368
-0.258937
-0.376503
-0.505915
-0.595883
-0.609578
-0.538704
-0.406685
-0.259730
-0.149196
-0.111996
-0.156516
-0.259438
-0.374667
-0.450971
-0.451573
-0.368230
-0.224416
-0.066383
0.054465
0.101175
0.065323
0.674039
1.093005
1.300807
1.219817
0.881894
0.416214
-0.000077
-0.209518
-0.134473
0.193220
0.644429
1.042063
1.228733
1.126897
0.768494
0.282781
-0.153016
-0.381359
-0.324539
-0.014319
0.420235
0.802098
0.973945
0.858291
0.487131
-0.010230
-0.456518
-0.694154
-0.645392
-0.341965
0.087090
0.464768
0.633763
0.516598
0.145275
-0.350898
-0.794654
-1.028425
-0.974478
-0.664567
-0.227755
0.158923
0.338124
0.232332
-0.126495
-0.609100
-1.038270
-1.256492
-1.186097
-0.858902
-0.404040
0.001384
0.199953
0.114074
-0.224373
-0.686212
-1.094311
-1.291242
-1.199418
-0.850742
-0.374431
0.052326
0.272026
0.206994
-0.110972
-0.552780
-0.941373
-1.119400
-1.009352
-0.643202
-0.150236
0.292291
0.526814
0.475600
0.170391
-0.259769
-0.637871
-0.806606
-0.688499
-0.315557
0.182909
0.629620
0.866997
0.817293
0.512246
0.080899
-0.299734
-0.472335
-0.359413
0.007045
0.497754
0.935466
1.162635
1.101559
0.784016
0.339102
-0.056119
-0.244268
-0.147794
0.201381
0.674039
1.093005
1.300807
1.219817
0.881894
0.416214
-0.000077
-0.209518
-0.134473
0.193220
0.644429
1.042063
1.228733
1.126897
0.768494
0.282781
-0.153016
-0.381359
-0.324539
-0.014319
0.420235
0.802098
0.973945
0.858291
0.487131
-0.010230
-0.456518
-0.694154
-0.645392
-0.341965
0.087090
0.464768
0.633763
0.516598
0.145275
-0.350898
-0.794654
-1.028425
-0.974478
-0.664567
-0.227755
0.158923
0.338124
0.232332
-0.126495
-0.609100
-1.038270
-1.256492
-1.186097
-0.858902
-0.404040
0.001384
0.199953
0.114074
-0.224373
-0.686212
-1.094311
-1.291242
-1.199418
-0.850742
-0.374431
0.052326
0.272026
0.206994
-0.110972
-0.552780
-0.941373
-1.119400
-1.009352
-0.643202
-0.150236
0.292291
0.526814
0.475600
0.170391
-0.259769
-0.637871
-0.806606
-0.688499
-0.315557
0.182909
0.629620
0.866997
0.817293
0.512246
0.080899
-0.299734
-0.472335
-0.359413
0.007045
0.497754
0.935466
1.162635
1.101559
0.784016
0.339102
-0.056119
-0.244268
-0.147794
0.201381