-0.309252
-0.312346
-0.311205
-0.304403
-0.290336
-0.267494
-0.234846
-0.192218
-0.140526
-0.081771
-0.018775
0.045256
0.107235
0.164601
0.215528
0.258911
0.294177
0.321029
0.339253
0.348674
0.349291
0.341508
0.326377
0.305707
0.281961
0.257941
0.236332
0.219233
0.207815
0.202216
0.201685
0.204913
0.210434
0.216954
0.223505
0.229398
0.234034
0.236669
0.236275
0.231570
0.221237
0.204266
0.180296
0.149831
0.114234
0.075493
0.035823
-0.002763
-0.038790
-0.071438
-0.100446
-0.125845
-0.147641
-0.165585
-0.179127
-0.187566
-0.190341
-0.187352
-0.179163
-0.167022
-0.152657
-0.137922
-0.124423
-0.113236
-0.104830
-0.099198
-0.096148
-0.095613
-0.097877
-0.103588
-0.113581
-0.128543
-0.148658
-0.173374
-0.201364
-0.230732
-0.259369
-0.285365
-0.307325
-0.324490
-0.336660
-0.343947
-0.346491
-0.344266
-0.337054
-0.324609
-0.306944
-0.284626
-0.258936
-0.231825
-0.205632
-0.182652
-0.164675
-0.152646
-0.146528
-0.145427
-0.147891
-0.152278
-0.157064
-0.160985
-0.162992
-0.162079
-0.157080
-0.146572
-0.128955
-0.102722
-0.066845
-0.021154
0.033431
0.094909
0.160452
0.226854
0.291025
0.350401
0.403155
0.448180
0.484901
0.513020
0.532321
0.542629
0.543941
0.536661
0.521842
0.501290
0.477468
0.453180
0.431110
0.413358
0.401095
0.394461
0.392705
0.394519
0.398440
0.403173
0.407754
0.411495
0.413799
0.413925
0.410847
0.403286
0.389928
0.369765
0.342440
0.308459
0.269189
0.226623
0.182980
0.140274
0.099987
0.062941
0.029403
-0.000655
-0.027232
-0.050076
-0.068633
-0.082196
-0.090199
-0.092536
-0.089767
-0.083134
-0.074360
-0.065293
-0.057534
-0.052153
-0.049614
-0.049903
-0.052822
-0.058299
-0.066611
-0.078403
-0.094501
-0.115586
-0.141838
-0.172696
-0.206830
-0.242336
-0.277100
-0.309206
-0.337251
-0.360473
-0.378664
-0.391930
-0.400406
-0.404060
-0.402668
-0.395977
-0.383997
-0.367287
-0.347125
-0.325454
-0.304608
-0.286878
-0.274049
-0.267058
-0.265866
-0.269574
-0.276724
-0.285670
-0.294883
-0.303094
0.583478
0.493062
0.397985
0.304435
0.219368
0.149548
0.100327
0.074550
0.071955
0.089273
0.121012
0.160674
0.202031
0.240063
0.271319
0.293694
0.305805
0.306320
0.293572
0.265668
0.221063
0.159408
0.082285
-0.006473
-0.101087
-0.194735
-0.280775
-0.353935
-0.411083
-0.451362
-0.475684
-0.485832
-0.483507
-0.469705
-0.444641
-0.408212
-0.360788
-0.303980
-0.241046
-0.176711
-0.116439
-0.065375
-0.027325
-0.004124
0.004398
-0.000146
-0.015609
-0.040225
-0.073160
-0.114499
-0.164680
-0.223614
-0.289835
-0.360067
-0.429389
-0.492004
-0.542361
-0.576275
-0.591661
-0.588672
-0.569224
-0.536134
-0.492221
-0.439710
-0.380152
-0.314850
-0.245574
-0.175210
-0.108006
-0.049233
-0.004293
0.022485
0.028956
0.015818
-0.013406
-0.053063
-0.096507
-0.137309
-0.170160
-0.191242
-0.198033
-0.188764
-0.161838
-0.115554
-0.048308
0.040742
0.150791
0.278642
0.418441
0.562089
0.700284
0.823939
0.925573
1.000285
1.046078
1.063497
1.054809
1.023071
0.971442
0.902959
0.820794
0.728775
0.631862
0.536245
0.448882
0.376540
0.324573
0.295829
0.290048
0.303966
0.332091
0.367932
0.405263
0.439069
0.465903
0.483663
0.490971
0.486501
0.468591
0.435351
0.385244
0.317923
0.234978
0.140249
0.039518
-0.060386
-0.152814
-0.232489
-0.296271
-0.343297
-0.374474
-0.391576
-0.396298
-0.389629
-0.371778
-0.342633
-0.302558
-0.253157
-0.197679
-0.140843
-0.088106
-0.044605
-0.014138
0.001467
0.002387
-0.009756
-0.032810
-0.065000
-0.105483
-0.154339
-0.211998
-0.278362
-0.351960
-0.429508
-0.506077
-0.575863
-0.633309
-0.674222
-0.696511
-0.700320
-0.687560
-0.661042
-0.623578
-0.577386
-0.524010
-0.464749
-0.401367
-0.336742
-0.275118
-0.221760
-0.182065
-0.160356
-0.158774
-0.176616
-0.210353
-0.254329
-0.301894
-0.346614
-0.383177
-0.407760
-0.417838
-0.411640
-0.387565
-0.343909
-0.279065
-0.192190
-0.084086
0.042052
0.180371
0.322774
0.459961
0.582845
0.683945
0.758362
0.804099
0.821701
0.813433
0.782355
0.731623
0.664274