-0.156547
0.071835
0.305331
0.464271
0.497297
0.400942
0.220921
0.034631
-0.078445
-0.067130
0.071867
0.292666
0.517707
0.667354
0.690286
0.583075
0.391479
0.192941
0.066991
0.064860
0.189890
0.396255
0.606454
0.740908
0.748357
0.625434
0.417959
0.203437
0.061463
0.043328
0.152439
0.343034
0.537672
0.656838
0.649329
0.511840
0.290247
0.062111
-0.092920
-0.123502
-0.026179
0.153332
0.337635
0.447255
0.431028
0.285682
0.057124
-0.177057
-0.337188
-0.371906
-0.277739
-0.100392
0.082749
0.192213
0.176836
0.033344
-0.192364
-0.422711
-0.578038
-0.607003
-0.506154
-0.321223
-0.129627
-0.010870
-0.016152
-0.148789
-0.362922
-0.581021
-0.723475
-0.738993
-0.624176
-0.424812
-0.218374
-0.084424
-0.074224
-0.191148
-0.389402
-0.591517
-0.717946
-0.717461
-0.586726
-0.371591
-0.149592
-0.000354
0.024804
-0.077554
-0.261690
-0.450190
-0.563564
-0.550631
-0.408108
-0.181889
0.050445
0.209229
0.243105
0.148605
-0.028567
-0.211023
-0.319296
-0.302227
-0.156547
0.071835
0.305331
0.464271
0.497297
0.400942
0.220921
0.034631
-0.078445
-0.067130
0.071867
0.292666
0.517707
0.667354
0.690286
0.583075
0.391479
0.192941
0.066991
0.064860
0.189890
0.396255
0.606454
0.740908
0.748357
0.625434
0.417959
0.203437
0.061463
0.043328
0.152439
0.343034
0.537672
0.656838
0.649329
0.511840
0.290247
0.062111
-0.092920
-0.123502
-0.026179
0.153332
0.337635
0.447255
0.431028
0.285682
0.057124
-0.177057
-0.337188
-0.371906
-0.277739
-0.100392
0.082749
0.192213
0.176836
0.033344
-0.192364
-0.422711
-0.578038
-0.607003
-0.506154
-0.321223
-0.129627
-0.010870
-0.016152
-0.148789
-0.362922
-0.581021
-0.723475
-0.738993
-0.624176
-0.424812
-0.218374
-0.084424
-0.074224
-0.191148
-0.389402
-0.591517
-0.717946
-0.717461
-0.586726
-0.371591
-0.149592
-0.000354
0.024804
-0.077554
-0.261690
-0.450190
-0.563564
-0.550631
-0.408108
-0.181889
0.050445
0.209229
0.243105
0.148605
-0.028567
-0.211023
-0.319296
-0.302227
-0.364898
0.030296
0.589977
1.104318
1.380096
1.314493
0.934349
0.385911
-0.121038
-0.393305
-0.328085
0.047783
0.588069
1.083021
1.339496
1.254749
0.855698
0.288662
-0.236499
-0.526525
-0.478537
-0.119307
0.405000
0.884696
1.126697
1.028316
0.616525
0.037693
-0.498275
-0.798073
-0.758786
-0.407151
0.110697
0.585095
0.822981
0.721684
0.308186
-0.271136
-0.806374
-1.104227
-1.061787
-0.705803
-0.182427
0.298656
0.544357
0.451974
0.048455
-0.519862
-1.043114
-1.328047
-1.271803
-0.901188
-0.362408
0.134789
0.397250
0.322208
-0.063458
-0.613480
-1.118069
-1.384041
-1.308616
-0.918674
-0.360500
0.156085
0.437850
0.381952
0.015194
-0.516232
-1.002607
-1.250822
-1.158165
-0.751584
-0.177431
0.354410
0.650649
0.608385
0.254367
-0.265262
-0.740831
-0.979274
-0.877915
-0.463740
0.116873
0.654011
0.954365
0.915017
0.562706
0.043567
-0.432732
-0.673119
-0.574914
-0.165088
0.409996
0.940450
1.232989
1.184727
0.822436
0.292293
-0.195992
-0.449299
-0.364898
0.030296
0.589977
1.104318
1.380096
1.314493
0.934349
0.385911
-0.121038
-0.393305
-0.328085
0.047783
0.588069
1.083021
1.339496
1.254749
0.855698
0.288662
-0.236499
-0.526525
-0.478537
-0.119307
0.405000
0.884696
1.126697
1.028316
0.616525
0.037693
-0.498275
-0.798073
-0.758786
-0.407151
0.110697
0.585095
0.822981
0.721684
0.308186
-0.271136
-0.806374
-1.104227
-1.061787
-0.705803
-0.182427
0.298656
0.544357
0.451974
0.048455
-0.519862
-1.043114
-1.328047
-1.271803
-0.901188
-0.362408
0.134789
0.397250
0.322208
-0.063458
-0.613480
-1.118069
-1.384041
-1.308616
-0.918674
-0.360500
0.156085
0.437850
0.381952
0.015194
-0.516232
-1.002607
-1.250822
-1.158165
-0.751584
-0.177431
0.354410
0.650649
0.608385
0.254367
-0.265262
-0.740831
-0.979274
-0.877915
-0.463740
0.116873
0.654011
0.954365
0.915017
0.562706
0.043567
-0.432732
-0.673119
-0.574914
-0.165088
0.409996
0.940450
1.232989
1.184727
0.822436
0.292293
-0.195992
-0.449299