0.665893
0.641692
0.451783
0.177160
-0.069169
-0.185386
-0.119777
0.109481
0.421237
0.702338
0.850827
0.814864
0.612510
0.324809
0.064817
-0.065590
-0.014644
0.199535
0.495857
0.761230
0.893758
0.841666
0.623076
0.319096
0.042850
-0.103726
-0.068798
0.129577
0.410371
0.660554
0.778289
0.711859
0.479443
0.162206
-0.126680
-0.285226
-0.261552
-0.073670
0.197433
0.438764
0.548524
0.475025
0.236476
-0.085937
-0.379019
-0.540764
-0.519282
-0.332574
-0.061624
0.180578
0.292226
0.221628
-0.013021
-0.330549
-0.617781
-0.772734
-0.743543
-0.548242
-0.267847
-0.015388
0.107292
0.048455
-0.173749
-0.478198
-0.751767
-0.892529
-0.848675
-0.638296
-0.342468
-0.074280
0.064361
0.021654
-0.184314
-0.472485
-0.729800
-0.854394
-0.794522
-0.568339
-0.256982
0.026396
0.179831
0.151461
-0.040682
-0.315595
-0.560270
-0.672893
-0.601768
-0.365091
-0.044044
0.248186
0.409595
0.388295
0.202285
-0.067452
-0.307931
-0.417355
-0.344038
-0.106187
0.215013
0.506372
0.665893
0.641692
0.451783
0.177160
-0.069169
-0.185386
-0.119777
0.109481
0.421237
0.702338
0.850827
0.814864
0.612510
0.324809
0.064817
-0.065590
-0.014644
0.199535
0.495857
0.761230
0.893758
0.841666
0.623076
0.319096
0.042850
-0.103726
-0.068798
0.129577
0.410371
0.660554
0.778289
0.711859
0.479443
0.162206
-0.126680
-0.285226
-0.261552
-0.073670
0.197433
0.438764
0.548524
0.475025
0.236476
-0.085937
-0.379019
-0.540764
-0.519282
-0.332574
-0.061624
0.180578
0.292226
0.221628
-0.013021
-0.330549
-0.617781
-0.772734
-0.743543
-0.548242
-0.267847
-0.015388
0.107292
0.048455
-0.173749
-0.478198
-0.751767
-0.892529
-0.848675
-0.638296
-0.342468
-0.074280
0.064361
0.021654
-0.184314
-0.472485
-0.729800
-0.854394
-0.794522
-0.568339
-0.256982
0.026396
0.179831
0.151461
-0.040682
-0.315595
-0.560270
-0.672893
-0.601768
-0.365091
-0.044044
0.248186
0.409595
0.388295
0.202285
-0.067452
-0.307931
-0.417355
-0.344038
-0.106187
0.215013
0.506372
-0.052531
-0.298607
-0.290853
-0.026126
0.399987
0.829659
1.103084
1.119505
0.875682
0.467121
0.051579
-0.211194
-0.220483
0.026923
0.435506
0.847507
1.103192
1.101872
0.840378
0.414284
-0.018581
-0.298401
-0.324393
-0.093279
0.299486
0.696206
0.937206
0.921857
0.647045
0.208395
-0.236213
-0.526917
-0.562891
-0.340818
0.043883
0.433547
0.668528
0.648221
0.369530
-0.071903
-0.518189
-0.809457
-0.844880
-0.621144
-0.233673
0.159857
0.399783
0.385482
0.113834
-0.319547
-0.756803
-1.038100
-1.062650
-0.827181
-0.427164
-0.020324
0.233623
0.233998
-0.022376
-0.439944
-0.860913
-1.125513
-1.133020
-0.880230
-0.462683
-0.038173
0.233515
0.251631
0.012929
-0.387108
-0.790753
-1.038306
-1.029110
-0.760028
-0.326663
0.113128
0.399500
0.431646
0.206262
-0.181219
-0.573121
-0.809790
-0.790612
-0.512488
-0.071059
0.375787
0.668179
0.705282
0.483777
0.099079
-0.291146
-0.527250
-0.508622
-0.232163
0.206497
0.649478
0.936923
0.968021
0.739473
0.346723
-0.052531
-0.298607
-0.290853
-0.026126
0.399987
0.829659
1.103084
1.119505
0.875682
0.467121
0.051579
-0.211194
-0.220483
0.026923
0.435506
0.847507
1.103192
1.101872
0.840378
0.414284
-0.018581
-0.298401
-0.324393
-0.093279
0.299486
0.696206
0.937206
0.921857
0.647045
0.208395
-0.236213
-0.526917
-0.562891
-0.340818
0.043883
0.433547
0.668528
0.648221
0.369530
-0.071903
-0.518189
-0.809457
-0.844880
-0.621144
-0.233673
0.159857
0.399783
0.385482
0.113834
-0.319547
-0.756803
-1.038100
-1.062650
-0.827181
-0.427164
-0.020324
0.233623
0.233998
-0.022376
-0.439944
-0.860913
-1.125513
-1.133020
-0.880230
-0.462683
-0.038173
0.233515
0.251631
0.012929
-0.387108
-0.790753
-1.038306
-1.029110
-0.760028
-0.326663
0.113128
0.399500
0.431646
0.206262
-0.181219
-0.573121
-0.809790
-0.790612
-0.512488
-0.071059
0.375787
0.668179
0.705282
0.483777
0.099079
-0.291146
-0.527250
-0.508622
-0.232163
0.206497
0.649478
0.936923
0.968021
0.739473
0.346723