-0.157754
-0.216890
-0.183556
-0.061128
0.112912
0.281257
0.388627
0.402847
0.327108
0.198707
0.074772
0.010407
0.037617
0.153047
0.319245
0.478932
0.576864
0.580905
0.494283
0.354339
0.218247
0.141159
0.155129
0.256856
0.408941
0.554162
0.637330
0.626369
0.524565
0.369320
0.217868
0.125421
0.124094
0.210648
0.347741
0.478211
0.546929
0.521874
0.406389
0.237929
0.073780
-0.030794
-0.043633
0.032072
0.159020
0.280091
0.340191
0.307333
0.184893
0.010352
-0.158980
-0.267819
-0.283986
-0.210662
-0.085136
0.035476
0.096082
0.064695
-0.055318
-0.226484
-0.391505
-0.495116
-0.505159
-0.424837
-0.291468
-0.162199
-0.092155
-0.113362
-0.222492
-0.382115
-0.534980
-0.625868
-0.622671
-0.528646
-0.381165
-0.237429
-0.152621
-0.158827
-0.252775
-0.397097
-0.534601
-0.610130
-0.591636
-0.482438
-0.319964
-0.161478
-0.062220
-0.054332
-0.134599
-0.265705
-0.390513
-0.453915
-0.423910
-0.303862
-0.131244
0.036642
0.144518
0.160209
0.086897
-0.038128
-0.157754
-0.216890
-0.183556
-0.061128
0.112912
0.281257
0.388627
0.402847
0.327108
0.198707
0.074772
0.010407
0.037617
0.153047
0.319245
0.478932
0.576864
0.580905
0.494283
0.354339
0.218247
0.141159
0.155129
0.256856
0.408941
0.554162
0.637330
0.626369
0.524565
0.369320
0.217868
0.125421
0.124094
0.210648
0.347741
0.478211
0.546929
0.521874
0.406389
0.237929
0.073780
-0.030794
-0.043633
0.032072
0.159020
0.280091
0.340191
0.307333
0.184893
0.010352
-0.158980
-0.267819
-0.283986
-0.210662
-0.085136
0.035476
0.096082
0.064695
-0.055318
-0.226484
-0.391505
-0.495116
-0.505159
-0.424837
-0.291468
-0.162199
-0.092155
-0.113362
-0.222492
-0.382115
-0.534980
-0.625868
-0.622671
-0.528646
-0.381165
-0.237429
-0.152621
-0.158827
-0.252775
-0.397097
-0.534601
-0.610130
-0.591636
-0.482438
-0.319964
-0.161478
-0.062220
-0.054332
-0.134599
-0.265705
-0.390513
-0.453915
-0.423910
-0.303862
-0.131244
0.036642
0.144518
0.160209
0.086897
-0.038128
0.009279
0.144214
0.401910
0.688156
0.897119
0.951753
0.833218
0.588066
0.310456
0.106188
0.052289
0.167597
0.405573
0.672084
0.861377
0.896481
0.758634
0.494464
0.198207
-0.024266
-0.095856
0.002347
0.223870
0.474645
0.648980
0.669966
0.518894
0.242446
-0.065096
-0.297814
-0.378569
-0.288416
-0.073795
0.171252
0.341058
0.358729
0.205570
-0.071728
-0.378880
-0.609970
-0.687864
-0.593630
-0.373724
-0.122207
0.055225
0.081652
-0.061658
-0.328053
-0.623290
-0.841500
-0.905601
-0.796714
-0.561354
-0.293643
-0.099339
-0.055431
-0.180719
-0.428622
-0.704969
-0.903968
-0.948611
-0.820097
-0.565017
-0.277571
-0.063596
-0.000159
-0.106135
-0.335020
-0.592720
-0.773514
-0.800467
-0.654847
-0.383314
-0.080132
0.148800
0.226356
0.133606
-0.083001
-0.329417
-0.499966
-0.517753
-0.364084
-0.085649
0.223261
0.456723
0.537594
0.446929
0.231172
-0.015633
-0.187810
-0.208458
-0.058870
0.214280
0.516721
0.742555
0.814671
0.714158
0.487497
0.228776
0.043720
0.009279
0.144214
0.401910
0.688156
0.897119
0.951753
0.833218
0.588066
0.310456
0.106188
0.052289
0.167597
0.405573
0.672084
0.861377
0.896481
0.758634
0.494464
0.198207
-0.024266
-0.095856
0.002347
0.223870
0.474645
0.648980
0.669966
0.518894
0.242446
-0.065096
-0.297814
-0.378569
-0.288416
-0.073795
0.171252
0.341058
0.358729
0.205570
-0.071728
-0.378880
-0.609970
-0.687864
-0.593630
-0.373724
-0.122207
0.055225
0.081652
-0.061658
-0.328053
-0.623290
-0.841500
-0.905601
-0.796714
-0.561354
-0.293643
-0.099339
-0.055431
-0.180719
-0.428622
-0.704969
-0.903968
-0.948611
-0.820097
-0.565017
-0.277571
-0.063596
-0.000159
-0.106135
-0.335020
-0.592720
-0.773514
-0.800467
-0.654847
-0.383314
-0.080132
0.148800
0.226356
0.133606
-0.083001
-0.329417
-0.499966
-0.517753
-0.364084
-0.085649
0.223261
0.456723
0.537594
0.446929
0.231172
-0.015633
-0.187810
-0.208458
-0.058870
0.214280
0.516721
0.742555
0.814671
0.714158
0.487497
0.228776
0.043720