0.137977
0.209296
0.269204
0.315190
0.346592
0.364221
0.369684
0.364677
0.350525
0.328128
0.298287
0.262244
0.222155
0.181249
0.143542
0.113143
0.093369
0.085952
0.090632
0.105261
0.126412
0.150269
0.173509
0.193883
0.210342
0.222698
0.231033
0.235094
0.233977
0.226218
0.210282
0.185251
0.151445
0.110691
0.066132
0.021586
-0.019329
-0.054006
-0.081323
-0.101631
-0.116268
-0.126815
-0.134363
-0.139084
-0.140254
-0.136709
-0.127543
-0.112769
-0.093668
-0.072685
-0.052889
-0.037193
-0.027627
-0.024912
-0.028509
-0.037097
-0.049286
-0.064291
-0.082293
-0.104336
-0.131795
-0.165618
-0.205630
-0.250170
-0.296216
-0.339978
-0.377746
-0.406713
-0.425491
-0.434157
-0.433853
-0.426114
-0.412212
-0.392772
-0.367819
-0.337203
-0.301245
-0.261293
-0.219945
-0.180798
-0.147755
-0.124115
-0.111729
-0.110527
-0.118548
-0.132478
-0.148487
-0.163070
-0.173630
-0.178613
-0.177234
-0.168945
-0.152932
-0.127884
-0.092178
-0.044437
0.015735
0.087127
0.166673
0.249718
0.330756
0.404434
0.466511
0.514470
0.547649
0.566856
0.573697
0.569867
0.556690
0.535063
0.505789
0.470108
0.430176
0.389222
0.351261
0.320404
0.299966
0.291682
0.295292
0.308649
0.328327
0.350512
0.371882
0.390191
0.404390
0.414296
0.419991
0.421226
0.417099
0.406149
0.386845
0.358272
0.320752
0.276118
0.227515
0.178766
0.133493
0.094308
0.062335
0.037231
0.017660
0.002047
-0.010695
-0.020731
-0.027333
-0.029332
-0.025816
-0.016791
-0.003535
0.011514
0.025294
0.034895
0.038297
0.034782
0.024895
0.009965
-0.008611
-0.030044
-0.054509
-0.083041
-0.117010
-0.157359
-0.203904
-0.254979
-0.307555
-0.357836
-0.402105
-0.437550
-0.462775
-0.477851
-0.483915
-0.482493
-0.474852
-0.461613
-0.442792
-0.418234
-0.388254
-0.354195
-0.318648
-0.285204
-0.257762
-0.239613
-0.232605
-0.236661
-0.249816
-0.268750
-0.289629
-0.308943
-0.324090
-0.333511
-0.336417
-0.332256
-0.320210
-0.298964
-0.266892
-0.222611
-0.165724
-0.097438
-0.020816
0.059490
0.567485
0.540812
0.503895
0.458639
0.405990
0.346920
0.283491
0.219504
0.160365
0.112141
0.080087
0.067158
0.073054
0.094167
0.124481
0.157130
0.186102
0.207499
0.219985
0.224302
0.222144
0.214849
0.202476
0.183616
0.156027
0.117823
0.068722
0.010840
-0.051338
-0.111853
-0.164747
-0.205614
-0.232654
-0.246883
-0.251415
-0.250107
-0.246069
-0.240611
-0.232983
-0.221014
-0.202353
-0.175840
-0.142443
-0.105403
-0.069500
-0.039724
-0.019846
-0.011413
-0.013557
-0.023669
-0.038666
-0.056356
-0.076352
-0.100187
-0.130552
-0.169952
-0.219293
-0.276941
-0.338635
-0.398320
-0.449616
-0.487414
-0.509045
-0.514619
-0.506481
-0.488001
-0.462231
-0.430931
-0.394343
-0.351783
-0.302779
-0.248258
-0.191269
-0.136872
-0.091158
-0.059700
-0.045955
-0.050173
-0.069211
-0.097310
-0.127570
-0.153605
-0.170809
-0.176861
-0.171346
-0.154765
-0.127392
-0.088512
-0.036383
0.031018
0.114744
0.213623
0.323530
0.437538
0.546992
0.643204
0.719235
0.771188
0.798620
0.803985
0.791368
0.765011
0.728191
0.682809
0.629814
0.570176
0.505959
0.440964
0.380599
0.330932
0.297219
0.282416
0.286226
0.305043
0.332853
0.362792
0.388851
0.407135
0.416311
0.417124
0.411272
0.400096
0.383659
0.360556
0.328551
0.285760
0.231906
0.169109
0.101861
0.036125
-0.022137
-0.068513
-0.101196
-0.121198
-0.131628
-0.136334
-0.138425
-0.139200
-0.137907
-0.132366
-0.120220
-0.100303
-0.073578
-0.043277
-0.014174
0.008747
0.021722
0.023211
0.014089
-0.003028
-0.025051
-0.049779
-0.076821
-0.107701
-0.145103
-0.191527
-0.247870
-0.312492
-0.381124
-0.447706
-0.505850
-0.550441
-0.578802
-0.591038
-0.589485
-0.577510
-0.558156
-0.533177
-0.502809
-0.466362
-0.423358
-0.374718
-0.323486
-0.274715
-0.234490
-0.208381
-0.199838
-0.209106
-0.233036
-0.265866
-0.300692
-0.331120
-0.352544
-0.362635
-0.360977
-0.348064
-0.324169
-0.288573
-0.239531
-0.175017
-0.093974
0.002429
0.110068
0.222018
0.329626
0.424208
0.498824
0.549580
0.576034
0.580641