-0.030249
-0.021201
-0.016150
-0.021050
-0.017005
-0.019820
-0.031184
-0.037444
-0.026804
-0.015510
-0.020132
-0.026331
-0.026729
-0.027171
-0.020571
-0.010876
0.000691
0.010949
0.000717
-0.008923
-0.020385
-0.006498
0.019100
0.006560
-0.011720
-0.019658
-0.007038
0.041034
0.077567
0.074063
0.028502
-0.023516
-0.076389
-0.072142
-0.032750
0.018413
0.055456
0.054112
0.040589
0.029267
0.036645
-0.059790
-0.117466
-0.119602
-0.051338
0.117983
0.150524
0.049514
-0.010351
-0.074959
-0.181315
-0.147516
-0.105069
-0.069954
0.056783
-0.008710
-0.018642
0.035516
0.001111
0.019424
-0.050830
-0.158181
-0.100660
-0.000212
0.061480
0.156549
0.143758
0.055523
0.031671
-0.009598
-0.023909
0.043405
0.014834
0.021586
0.033511
-0.020160
-0.048422
-0.061296
-0.043408
-0.000745
0.012636
0.002507
0.025851
0.045190
0.028921
0.005826
0.001629
0.014406
0.004737
-0.006680
0.010783
0.018703
0.011449
0.004646
0.021551
0.026257
0.007103
0.001193
0.007427
0.017646
0.026320
0.024208
0.021391
0.020073
0.016262
0.012167
0.011700
0.011822
0.008434
0.007021
0.012209
0.011437
0.002257
0.003126
0.008108
0.008554
-0.000836
-0.011923
-0.005877
0.004605
0.009270
0.022832
0.014464
0.006748
-0.010414
-0.020695
-0.013136
-0.013374
0.004944
0.025392
0.039366
0.030538
-0.010745
-0.020153
0.010815
0.035626
0.015323
0.000956
0.022368
0.044090
0.129027
0.062060
-0.081001
-0.130152
-0.176573
-0.098307
0.017841
0.101173
0.173696
0.106338
-0.057686
-0.075716
-0.028761
-0.085093
-0.101277
-0.158573
-0.135722
0.088324
0.187744
0.174380
0.125293
0.022204
0.055092
0.083060
0.027048
0.004303
0.015293
0.023086
0.039374
0.030741
-0.056432
-0.061124
-0.070518
-0.044651
0.014454
0.009065
0.064456
0.060370
0.030758
0.005786
-0.019355
-0.019527
-0.009763
-0.004133
-0.032282
-0.013875
-0.002690
-0.005993
-0.005095
-0.017387
-0.012665
-0.034105
-0.035955
-0.002825
0.014161
0.005399
-0.005632
-0.002406
-0.011197
-0.014144
-0.012301
-0.019083
-0.022524
-0.022026
-0.011806
-0.008180
-0.018841
-0.021888
-0.012251
-0.011101
-0.021004
-0.021205
-0.013885
-0.014290
-0.012543
-0.025108
-0.038782
-0.030611
-0.020121
-0.001538
-0.006799
-0.018917
-0.024189
-0.034220
-0.020022
-0.017647
-0.028709
-0.021533
-0.011900
0.011540
0.010325
0.005785
0.028049
0.048952
0.076018
0.079348
0.054310
-0.001482
-0.052542
-0.053129
-0.006098
0.038392
-0.003855
-0.085201
-0.157873
-0.111039
0.014562
0.084196
0.096849
0.008229
-0.026350
-0.071867
-0.062411
-0.030206
-0.104717
-0.077762
-0.109893
-0.121515
-0.123168
-0.072681
0.026172
0.098336
0.165677
0.064783
0.026622
0.018506
0.080587
0.123599
0.061208
0.004919
-0.038960
-0.031903
-0.036278
0.017346
0.064392
0.073352
0.064502
0.012109
-0.008894
-0.016175
-0.017703
-0.010187
0.007032
0.014870
-0.008685
-0.012657
-0.010494
0.003592
0.010843
-0.004963
-0.002422
0.008769
0.000715
0.000103
0.015547
0.014309
0.004879
0.006242
0.009408
0.004700
0.001152
0.005695
0.012380
0.013503
0.005690
-0.001403
-0.002976
0.000818
0.001510
-0.001260
-0.000943
0.000106
0.006335
0.001732
0.002834
0.001374
-0.016305
-0.022281
-0.017236
-0.018515
-0.006159
0.002926
-0.015360
-0.019154
-0.025204
-0.038680
-0.032606
-0.020395
-0.016593
0.016833
-0.000482
-0.034256
-0.020300
-0.078294
-0.021492
0.015700
-0.074790
-0.117768
-0.122792
-0.056194
0.097423
0.159066
0.057812
0.018031
-0.090758
-0.111848
-0.030845
-0.030399
-0.004238
0.015547
-0.029422
-0.097770
-0.136745
-0.145618
-0.085499
-0.011096
0.044161
0.082784
0.072484
0.033917
-0.008756
-0.048673
-0.029325
-0.049970
-0.010827
0.015030
-0.008827
0.036483
0.011523
-0.012184
0.003559
0.013804
0.027650
0.044728
-0.004612
-0.015076
0.045895
0.053213
0.065999
0.043791
0.013239
0.031702
0.030340
0.025616
0.038460
0.031446
0.009937
0.023798
0.034969
0.030505
0.022735
0.022938
0.034118
0.028694
0.024638
0.031629
0.035798
0.029985
0.018679
0.020607
0.026414
0.018987
0.022221
0.030447
0.027640
0.024119
0.023453
0.023260
0.025676
0.019565
0.017725
0.013019
0.015044
0.022801
0.013416
0.008710
0.008171
0.010541
0.006824
0.002737
0.000838
0.004023
0.017851
0.031394
0.015736
0.003391
0.012211
-0.018924
-0.030863
-0.052446
-0.092641
-0.016989
0.036767
0.078419
0.147047
0.036639
-0.066622
-0.083531
-0.123422
-0.006595
0.083533
0.132066
0.200927
0.159003
0.090985
-0.021717
-0.110389
-0.065392
0.086240
0.123940
0.093912
0.015832
-0.062168
-0.033293
0.009358
0.012307
-0.045120
-0.024716
-0.027862
0.027694
0.080609
0.023261
0.089035
0.051068
0.010886
-0.029534
-0.103165
-0.047278
0.022127
0.055831
0.021370
-0.036269
-0.078921
-0.052943
-0.017508
-0.023287
-0.015054
-0.039607
-0.054593
-0.024074
-0.022878
-0.003534
-0.003291
-0.029879
-0.033839
-0.022239
-0.014832
-0.014291
-0.019265
-0.013413
-0.001576
-0.034537
-0.044408
-0.030283
-0.034784
-0.025807
-0.025961
-0.026460
-0.018991
-0.031946
-0.027862
-0.020483
-0.027426
-0.027603
-0.024776
-0.017339
-0.016903
-0.023050
-0.016893
-0.008878
-0.012692
-0.025123
-0.030347
-0.020545
0.000824
0.010854
0.004837
-0.006569
-0.030249
-0.037357
-0.025644
-0.011270
0.006597
0.010441
0.006619
0.007263
0.001888
0.004730
0.014151
0.047457
0.017504
-0.006741
-0.043774
-0.081435
0.033889
0.086106
0.111829
0.074997
-0.011200
-0.019254
-0.021487
-0.063184
-0.115184
-0.074017
0.008493
0.088353
0.091980
-0.001656
-0.049794
-0.080754
-0.119398
-0.162576
-0.187409
-0.155609
-0.059692
0.045791
0.048956
0.039093
0.013834
-0.019592
0.011805
-0.023545
-0.099405
-0.085362
-0.056588
0.045222
0.138302
0.097883
0.039981
0.001847
-0.001836
0.033919
0.051033
0.041586
0.050357
0.056244
0.042746
0.038140
-0.002786
-0.040268
-0.032127
-0.016596
0.007819
0.016059
0.007394
0.009928
0.017056
0.007694
-0.000732
0.004941
0.019136
0.028458
0.030182
0.029626
0.025771
0.028092
0.025819
0.015646
0.012770
0.006325
0.008252
0.025321
0.028517
0.029295
0.026387
0.020504
0.025765
0.023951
0.019069
0.017840
0.012257
0.009806
0.011620
0.011160
0.008292
0.009631
0.008793
0.017192
0.011485
-0.000493
-0.029297
-0.038906
-0.004807
0.011815
0.034715
0.005483
-0.038772
-0.057221
-0.029925
0.023680
0.061968
0.076415
0.006323
-0.063167
-0.054312
-0.021571
0.030318
0.065057
0.052418
0.075079
0.025872
-0.061526
-0.088582
-0.108732
-0.070851
0.050326
0.056144
0.056438
0.085055
-0.103423
-0.057824
0.019896
-0.003364
0.053722
-0.035681
-0.062964
0.029867
0.117401
0.022645
-0.021714
-0.059836
-0.041233
0.122711
0.085643
0.085867
0.107514
0.075286
0.080560
0.053167
-0.005610
-0.038995
-0.045395
-0.062703
-0.024300
0.002375
0.001876
0.046124
0.048662
0.017445
0.009278
0.001258
-0.005245
-0.009079
-0.011059
-0.024008
-0.011207
-0.001123
-0.019079
-0.013373
-0.014819
-0.028176
-0.024270
-0.007168
0.007151
0.000657
-0.012041
-0.016597
-0.015882
-0.013384
-0.014144
-0.016938
-0.024574
-0.024069
-0.015685
-0.014624
-0.020429
-0.028742
-0.024602
-0.023609
-0.028754
-0.028750
-0.026081
-0.023046
-0.025323
-0.020241
-0.020782
-0.024549
-0.030390
-0.040470
-0.037471
-0.029798
-0.013968
-0.010282
-0.043239
-0.074344
-0.079116
-0.079615
0.005330
0.064460
0.051521
0.004051
-0.078624
-0.083138
-0.052202
-0.001809
-0.007229
-0.063059
-0.066189
0.000186
0.058384
0.048999
-0.051293
-0.062117
-0.005292
-0.004709
0.009720
0.023512
0.046681
0.187847
0.261409
0.084590
0.045550
0.061129
0.056474
0.141532
0.021031
-0.117238
-0.113068
-0.125620
-0.096170
-0.044838
-0.061811
-0.069054
0.030013
0.018234
0.029239
0.049963
-0.033736
-0.008435
0.035541
0.053980
0.070338
0.063902
0.025787
0.037806
0.038771
0.005740
0.025469
0.024156
-0.007556
0.010839
0.011828
-0.025381
-0.008791
0.003993
-0.008682
0.002716
-0.002637
-0.017776
-0.000510
-0.001242
-0.018747
-0.022704
-0.031087
-0.023446
-0.016144
-0.029251
-0.026177
-0.025845
-0.025995
-0.017608
-0.013816
-0.018976
-0.024699
-0.025071
-0.023009
-0.021628
-0.022297
-0.014425
-0.012873
-0.018200
-0.017451
-0.009296
-0.006720
-0.013349
-0.017968
-0.010976
-0.001482
-0.004656
-0.009285
-0.015069
-0.009355
0.000425
-0.029442
-0.057522
-0.055414
-0.022529
0.039604
0.039924
-0.021050
-0.066470
-0.102863
-0.030427
0.039139
0.010679
0.038989
-0.016673
-0.007309
0.053267
-0.021373
-0.061097
-0.070975
-0.020896
0.024123
0.033048
0.037074
0.054066
0.167813
0.153214
0.009998
-0.106974
-0.079311
0.061865
0.201789
0.186847
0.022305
-0.023494
-0.095633
-0.101734
-0.054540
-0.111047
-0.095033
0.010429
0.065996
0.075036
0.033593
-0.087664
-0.069471
-0.000620
0.028137
0.068229
0.003525
-0.053495
-0.040681
-0.052603
-0.066254
-0.052658
-0.071954
-0.063444
-0.036726
-0.030165
-0.008786
-0.006743
0.000407
0.005789
-0.007789
-0.015088
-0.028570
-0.022182
0.005681
0.003508
-0.015474
-0.026434
-0.025027
-0.010826
-0.015011
-0.032927
-0.020788
-0.011613
-0.012336
-0.002651
-0.001971
-0.009522
-0.018858
-0.015724
-0.006613
-0.009958
-0.012599
-0.008056
-0.007641
-0.003681
-0.000941
-0.001799
0.000900
-0.004686
-0.003327
0.009586
0.020313
0.018685
-0.002132
-0.023588
-0.022180
-0.004196
0.014424
0.036183
0.032589
0.017920
0.001669
-0.026559
-0.007093
0.033618
0.068160
0.074185
0.023645
-0.032785
-0.070920
-0.054895
0.027606
0.075384
0.074328
0.052897
0.016868
0.025042
0.042580
0.065702
0.042813
0.061858
0.128038
0.074175
0.039568
-0.049245
-0.139859
-0.123283
-0.054872
0.056416
0.025508
0.015609
-0.004998
-0.037807
0.000125
0.014767
0.008809
0.018072
0.042445
-0.005686
-0.009633
-0.040278
-0.067432
-0.050560
-0.082633
-0.055756
0.006951
0.035700
0.051549
0.049225
0.036018
0.024124
0.005262
-0.029811
-0.012527
-0.016414
-0.038951
-0.022950
-0.024832
-0.010199
0.001969
-0.020051
-0.026833
-0.013518
-0.013751
-0.017763
-0.003636
0.009857
-0.008280
-0.022200
-0.009328
-0.011904
-0.026867
-0.021717
-0.013494
-0.009667
-0.008924
-0.010091
-0.006650
-0.005942
-0.008923
-0.005941
-0.002989
0.001437
0.004951
0.001842
0.001440
-0.001415
-0.004449
-0.005131
-0.003898
0.001724
0.004241
0.005390
0.005307
-0.003283
-0.010132
-0.010586
-0.006917
0.000366
0.007298
0.000462
-0.007827
-0.014213
-0.017931
-0.009512
-0.005374
-0.003857
-0.002197
-0.001256
-0.000712
0.000726
0.001439
0.000378
0.002091
0.000725
0.001054
0.001988
-0.000831
-0.000295
0.000250
0.000932
0.001183
0.000545
0.000045
-0.000045
0.000368
0.000396
0.002234
0.002098
0.001389
0.001454
0.001163
0.000208
0.000147
0.001356
0.001084
0.000818
0.001245
0.001018
0.001036
0.001687
0.001586
0.000832
0.000797
0.001488
0.002134
0.002364
0.002269
0.002099
0.001755
0.001632
0.001840
0.002182
0.002235
0.002095
0.001917
0.001790
0.001655
0.001840
0.001951
0.001815
0.001678
0.001463
0.001233
0.001228
0.001191
0.001079
0.000906
0.000713
0.000523
0.000420
0.000512
0.000612
0.000625
0.000505
0.000360
0.000279
0.000296
0.000350
0.000386
0.000360
0.000219
0.000165
0.000226
0.000298
0.000337
0.000266
0.000151
0.000007
-0.000018
0.000070
0.000242
0.000313
0.000210
0.000086
-0.000031
-0.000037
0.000030
0.000123
0.000135
0.000077
0.000024
-0.017672
-0.041812
-0.014515
0.028931
0.044325
0.063910
0.010223
-0.016090
-0.084002
0.035358
0.157675
-0.023478
-0.087414
-0.062275
0.013188
0.190161
0.220546
0.145866
-0.053526
-0.178125
-0.308880
-0.166540
0.027300
0.112017
0.180716
0.086512
0.043674
0.070604
0.167831
-0.353939
-0.445452
-0.322234
-0.030914
0.747556
0.347739
-0.310910
-0.082236
-0.113377
-0.659906
-0.343014
0.001082
-0.021293
0.345399
-0.229344
-0.006124
0.363544
0.024730
0.147174
-0.216417
-0.467146
-0.087680
0.179994
0.346066
0.539326
0.276982
-0.022799
0.079637
0.078089
-0.106530
0.061617
-0.017325
0.013983
0.007032
-0.236646
-0.170304
-0.079534
0.036268
0.087938
0.026135
0.016604
0.033351
0.048672
-0.018088
-0.015877
-0.002095
-0.007500
0.009589
0.011046
-0.011546
-0.005236
0.022840
0.048063
0.056971
0.011405
0.026789
0.033269
0.029237
0.009068
0.004107
0.021508
0.012637
-0.000335
0.006360
0.031331
0.018484
-0.023279
-0.015748
0.002738
0.014943
-0.020705
-0.034256
0.009658
0.007477
0.002837
-0.032598
-0.043200
0.015703
0.031321
0.019915
0.080189
0.037395
0.020610
-0.063066
-0.067317
0.017483
-0.032533
0.021660
0.088405
0.157292
0.089787
-0.205348
-0.091660
0.205287
0.130753
-0.106091
-0.071060
0.105222
0.099003
0.465717
0.005280
-0.568268
-0.358017
-0.458329
-0.044858
0.224877
0.356166
0.656163
0.016861
-0.621365
-0.132755
0.262624
-0.314380
-0.431607
-0.442365
-0.194180
0.679455
0.715234
0.410184
0.168002
-0.168052
0.273011
0.314857
-0.161174
-0.292520
-0.108856
0.144613
0.003313
-0.026682
-0.163415
-0.109839
-0.133282
-0.042706
0.170666
-0.053625
0.180392
0.066106
-0.091712
-0.074188
-0.069670
0.028233
-0.066926
-0.098577
-0.157009
0.038164
0.045822
-0.013477
0.057289
-0.038209
-0.046260
-0.018474
0.012277
-0.033102
-0.036108
-0.019555
0.012928
0.017288
-0.030143
0.003160
0.002400
-0.026961
-0.048281
-0.025017
-0.022740
-0.046887
-0.034923
-0.018412
-0.002308
-0.017619
-0.025859
-0.031437
-0.005502
0.014556
0.004094
-0.063207
-0.089984
-0.000623
0.024375
0.063506
0.001144
-0.051288
-0.044726
-0.091754
0.022444
0.025109
-0.087708
-0.030217
0.044012
0.154825
0.025724
-0.029445
0.164729
0.167919
0.187951
0.143805
0.071305
-0.109801
-0.336190
-0.181746
0.126045
0.225015
-0.136660
-0.434572
-0.488167
-0.093225
0.369727
0.289603
0.196383
-0.179880
-0.181574
-0.313502
-0.105652
0.131429
-0.537901
-0.134298
-0.115086
-0.205219
-0.214914
-0.007688
0.504700
0.470545
0.567555
-0.083665
-0.021443
0.141578
0.253249
0.272060
-0.043007
-0.069739
-0.212785
-0.055056
-0.075835
0.197410
0.301735
0.133242
0.096933
-0.101293
-0.157399
-0.145907
-0.022964
-0.075078
-0.059082
-0.051631
-0.083503
0.016934
0.013840
0.025630
0.008806
0.041031
0.003110
-0.031253
-0.010624
-0.001975
0.011890
-0.003300
0.002637
0.001753
0.004039
0.007789
0.028269
0.039102
0.013221
-0.004115
-0.018876
-0.007636
-0.001962
-0.011599
-0.030872
-0.041480
-0.017366
-0.011768
0.002007
0.009768
0.041062
-0.003512
-0.086610
-0.033546
0.011567
-0.045110
0.026768
0.052996
-0.081194
-0.034721
-0.034939
-0.079712
-0.039758
-0.019869
0.002524
0.108765
-0.040573
-0.125727
0.030220
-0.351496
0.122886
0.271269
-0.396966
-0.382715
-0.258854
0.161094
0.600275
0.451468
-0.099273
-0.000553
-0.381616
-0.364256
0.155063
-0.016120
-0.058950
-0.015086
0.020889
-0.306035
-0.427150
-0.163939
0.056293
0.172025
0.200028
0.242703
0.246423
0.033635
-0.244984
-0.146072
0.092822
-0.181004
0.049680
0.146690
-0.093956
0.216037
0.056625
-0.040962
0.071572
0.115058
0.144260
0.059665
-0.091494
-0.090784
0.131594
0.114753
0.146281
0.060107
0.017037
0.060712
0.044341
0.076903
-0.003493
-0.026557
-0.038868
0.047811
0.034968
0.008349
0.037500
0.027059
0.016970
-0.007749
0.041363
0.046072
0.033038
0.010520
0.011626
0.026082
0.003923
0.014175
0.020570
0.006140
0.005210
0.022003
0.032346
0.022314
0.010891
-0.003203
0.013072
-0.002577
0.022012
0.045049
-0.022052
-0.023889
0.015804
0.038602
-0.016720
-0.035438
0.001032
0.001764
0.062623
0.084645
-0.041441
-0.022622
0.044494
-0.117802
-0.063919
-0.163599
-0.322388
0.167530
0.203304
0.250574
0.549736
-0.144791
-0.401201
-0.148514
-0.305618
0.233308
0.317179
0.378281
0.571399
0.180165
0.177837
-0.346002
-0.555468
-0.011030
0.481992
0.287454
-0.059792
-0.231504
-0.277420
-0.015182
0.106792
0.082842
-0.279548
-0.062034
-0.104195
0.086780
0.310102
-0.249257
0.324223
0.124720
-0.102992
-0.197045
-0.468991
0.091618
0.177264
0.056870
-0.090637
-0.165659
-0.165814
-0.021849
0.057086
-0.015048
-0.036713
-0.174712
-0.133740
-0.019612
-0.031736
0.106796
0.045965
-0.071267
-0.007011
-0.050633
-0.015809
0.046812
-0.014309
-0.005979
-0.032798
-0.055864
-0.011371
-0.022309
-0.032029
-0.023085
-0.013554
-0.003145
-0.028238
-0.020112
-0.001895
-0.018826
-0.017858
-0.023185
-0.017621
-0.029834
-0.046177
-0.007254
0.027010
-0.007103
-0.035524
-0.055386
-0.045339
-0.001187
0.068101
0.086442
-0.003309
-0.053873
-0.087652
-0.072154
0.001990
0.024134
0.056960
0.043000
-0.007263
0.050631
0.002780
-0.008435
0.060710
0.180451
-0.017470
-0.078935
-0.189241
-0.327644
0.366506
0.329510
0.231935
0.052525
-0.268216
0.017365
-0.017763
-0.264702
-0.482153
-0.135752
0.282675
0.314349
0.151905
-0.214510
-0.182808
-0.155482
-0.330486
-0.470184
-0.433753
-0.259131
0.108242
0.415429
0.174913
0.112130
0.102147
0.023095
0.207743
-0.082397
-0.444700
-0.139368
-0.009568
0.342962
0.549639
0.191666
0.117831
-0.003819
0.049273
0.180433
0.055403
0.040699
0.023749
0.045119
0.039061
0.021862
-0.063227
-0.149214
-0.080314
-0.030073
-0.017707
0.009292
0.008166
-0.023875
-0.007392
-0.004398
0.013728
0.048004
0.028597
-0.010038
0.027422
0.039875
0.030564
0.067529
0.027029
0.012838
0.018173
0.006629
0.034628
0.017502
-0.004674
0.009063
0.022438
0.033561
0.030297
0.016061
0.001160
-0.003655
0.004666
-0.011438
-0.024369
0.001999
-0.005996
0.011766
0.003112
0.050363
0.032370
-0.043201
-0.156505
-0.113119
0.096112
0.055271
0.134073
-0.013552
-0.182533
-0.149134
0.014817
0.191852
0.214858
0.238890
-0.146688
-0.356717
-0.054186
0.088865
0.142907
0.135262
0.074587
0.283121
-0.081441
-0.378282
-0.193387
-0.287663
-0.057538
0.328711
0.102128
0.200507
0.307155
-0.796656
-0.039387
0.457856
-0.114478
0.148103
-0.351094
-0.140446
0.259287
0.482958
-0.077063
-0.271492
-0.092617
-0.051860
0.644007
0.172028
0.033782
0.176280
0.123921
0.125012
-0.034247
-0.098422
-0.230019
-0.152084
-0.193387
-0.087515
0.031724
0.085943
0.150206
0.073592
-0.030553
0.015413
0.014884
-0.117406
-0.129256
-0.142111
-0.063828
0.003398
-0.007947
0.000684
-0.010366
-0.027318
-0.016175
0.026875
0.003007
-0.034877
-0.029718
-0.009424
-0.017867
-0.029278
-0.030778
-0.027977
-0.027435
-0.036168
-0.017905
-0.004817
-0.023855
-0.035919
-0.030250
-0.024624
-0.032273
-0.046185
-0.046015
-0.031937
-0.034839
-0.035538
0.002946
-0.002912
-0.018113
-0.045122
-0.060562
-0.034275
-0.033490
0.056931
0.028730
-0.151557
-0.195990
-0.136525
-0.181847
0.226216
0.374398
0.086062
-0.110523
-0.349682
-0.128395
-0.015809
0.141791
0.020968
-0.313474
-0.159036
0.217166
0.421695
0.122734
-0.453913
-0.032449
0.340632
-0.064938
0.030353
0.095406
0.109333
0.795667
0.771360
-0.388300
-0.096720
0.272071
-0.007675
0.348400
-0.325652
-0.706377
-0.303812
-0.292861
-0.153780
-0.048412
-0.060062
-0.176686
0.275479
0.155776
-0.061888
0.119536
-0.127736
-0.027996
0.089593
0.142059
0.194469
0.189604
-0.016119
0.040679
0.149015
-0.009298
0.055557
0.079013
-0.058068
-0.071725
-0.008152
-0.079687
-0.006076
-0.049568
-0.084883
0.043304
-0.029508
-0.021479
-0.024323
-0.083210
-0.086678
-0.042411
-0.040195
-0.062533
-0.050489
-0.071549
-0.038589
-0.027180
-0.009258
0.013367
0.006452
-0.010522
0.004520
0.011624
-0.011224
-0.016641
-0.011811
0.007523
-0.015861
-0.023256
-0.010860
0.008445
-0.003537
-0.036397
-0.036446
-0.026912
0.025932
0.007184
-0.038168
-0.059676
0.017702
0.083604
-0.127799
-0.214649
-0.082842
0.091386
0.250015
0.102763
-0.143980
-0.240522
-0.297628
0.165174
0.285693
-0.094831
0.153185
-0.182994
0.012185
0.401077
-0.253512
-0.280423
-0.131498
0.181510
0.167190
-0.009010
0.161974
0.117099
0.703511
0.413176
-0.467375
-0.530655
-0.100186
0.414258
0.690553
0.225635
-0.465920
-0.095365
-0.325532
-0.311999
0.035771
-0.392227
-0.281868
0.228371
0.332079
0.108013
-0.088635
-0.360784
-0.073516
0.119814
0.112212
0.150366
-0.165805
-0.177926
-0.208060
-0.099329
-0.012926
-0.051409
-0.092533
-0.077268
-0.013734
-0.001718
0.085660
0.023387
0.021110
0.021632
0.015417
0.035545
-0.015053
-0.008046
-0.009106
-0.013377
-0.005252
0.012149
0.016124
-0.013002
-0.023997
-0.007813
-0.002226
-0.014074
-0.000147
0.002268
-0.004049
0.000275
0.016486
0.010631
-0.013148
-0.011588
-0.000725
0.011327
-0.008066
-0.011151
0.006216
0.010450
0.010169
-0.032141
-0.021655
0.031306
0.067560
0.042076
-0.061365
-0.099758
-0.042732
0.028812
0.070795
0.129186
0.064444
0.003491
-0.032890
-0.157034
-0.001096
0.169202
0.208398
0.120345
-0.076271
-0.165267
-0.277244
-0.111348
0.313172
0.282727
0.082522
0.065527
-0.020086
0.075154
0.131916
0.163186
-0.058121
0.083915
0.477398
-0.095812
-0.095368
-0.197445
-0.598779
-0.338527
0.089946
0.510378
-0.163440
-0.091597
0.110748
-0.181047
0.068276
0.028851
-0.012035
0.070181
0.071493
-0.208758
-0.015562
-0.058465
-0.226051
-0.085895
-0.169019
0.042413
0.194356
0.167256
0.136863
0.104774
0.056825
-0.002182
-0.000021
-0.104720
-0.061347
-0.098667
-0.082444
-0.028617
-0.024014
0.033970
-0.000273
0.018197
0.016408
-0.039776
-0.045718
-0.015222
-0.012621
-0.033759
-0.025139
-0.002883
-0.011124
-0.023688
-0.005261
0.006785
0.003277
-0.001303
-0.005949
0.010666
-0.000148
-0.010311
-0.001736
0.004019
-0.005892
-0.005613
0.009817
0.013387
0.002112
-0.008587
-0.006096
0.004587
0.011768
0.003402
0.001297
0.022589
0.006161
-0.043034
-0.041149
-0.027525
-0.015890
0.014896
0.038482
-0.012544
-0.038845
-0.033101
-0.035833
0.002550
0.007779
-0.004762
0.002020
0.004316
0.005226
0.014648
0.013715
0.004025
0.008779
0.005478
0.002651
0.005411
0.002701
0.004545
0.008206
0.009934
0.007173
0.007457
0.002840
0.001202
0.003622
0.006244
0.004831
0.003184
0.000827
-0.001424
-0.001074
0.000790
0.001567
-0.003228
-0.002420
0.000439
0.001045
0.002975
0.003399
0.002421
-0.002855
-0.000597
0.003428
0.001732
0.002393
0.002563
0.002628
0.001552
0.001814
0.001619
0.003791
0.002803
0.002109
0.001659
0.001847
0.001749
0.001136
0.000744
0.001278
0.000288
0.000005
-0.000013
0.001064
0.001421
0.001383
0.000734
0.000326
0.000112
0.000135
0.000473
0.000703
0.000519
0.000145
-0.000317
-0.000290
-0.000010
0.000200
0.000380
0.000236
-0.000006
-0.000017
0.000145
0.000356
0.000529
0.000505
0.000215
0.000082
0.000076
0.000279
0.000658
0.000720
0.000350
-0.000016
-0.000205
-0.000123
0.000207
0.000334
0.000150
-0.000163
-0.000436
-0.000520
-0.000395
-0.000331
-0.000327
-0.000396
-0.000579
-0.000444
-0.000302
-0.000301
-0.000323
-0.000214
-0.000368
-0.000237