-0.024272
-0.022962
-0.014509
-0.011077
-0.016616
-0.019298
-0.020777
-0.014959
-0.013105
-0.015489
-0.013593
-0.007453
-0.008001
-0.018029
-0.023570
-0.024116
-0.017062
-0.008484
0.000127
0.005471
0.000131
-0.018031
-0.026161
0.003347
0.023523
0.003776
-0.022563
-0.028680
-0.002810
0.040104
0.064718
0.054330
0.020009
-0.027634
-0.068503
-0.059888
-0.017133
0.023848
0.046636
0.027529
0.021369
0.042979
0.024993
-0.042739
-0.115676
-0.124499
0.000243
0.147902
0.103374
-0.004590
-0.017396
-0.052755
-0.136074
-0.158153
-0.091052
-0.001641
0.011990
-0.050537
-0.051087
0.009956
0.042038
0.007013
-0.097096
-0.124151
-0.064328
-0.012369
0.077414
0.133212
0.086731
0.044876
0.042950
0.025898
0.019005
0.026249
0.037224
0.060192
0.020275
-0.035441
-0.048657
-0.049972
-0.006681
0.005318
-0.010307
0.007461
0.023990
0.030297
0.012367
-0.003962
0.010216
0.033143
0.031351
0.005200
-0.004148
0.008636
0.011919
0.011871
0.006044
0.008724
0.013354
0.009091
0.012225
0.014116
0.013435
0.012234
0.011338
0.005874
-0.000043
0.003488
0.011238
0.012638
0.009704
0.009204
0.012980
0.009738
0.003337
0.000815
0.006410
0.008241
-0.004650
-0.010551
-0.001908
0.009338
0.014556
0.020644
0.026473
0.014156
-0.007447
-0.015801
-0.008995
-0.002861
-0.000628
0.020229
0.047248
0.025037
-0.031652
-0.022089
0.038180
0.038110
0.000703
-0.010931
0.012213
0.083756
0.120925
0.031798
-0.084532
-0.128859
-0.121007
-0.074537
-0.011021
0.104847
0.166490
0.038088
-0.089570
-0.058777
0.007429
-0.026804
-0.127752
-0.184967
-0.087867
0.093325
0.158885
0.116079
0.049235
0.035968
0.099684
0.098067
0.042570
0.012340
0.021069
0.071082
0.050592
-0.018462
-0.042086
-0.042901
-0.049280
-0.042710
-0.024397
0.012049
0.070897
0.048542
-0.003992
-0.009654
-0.004883
0.019943
0.016448
-0.025616
-0.049904
-0.025094
0.013858
0.005805
-0.017802
-0.022797
-0.010574
-0.004804
-0.017415
-0.020649
-0.021748
-0.014720
-0.012326
-0.019624
-0.018838
-0.018288
-0.007420
-0.002133
-0.013149
-0.022068
-0.015236
-0.009414
-0.020638
-0.027620
-0.021872
-0.014286
-0.012701
-0.017261
-0.014650
-0.003986
-0.006831
-0.020725
-0.029055
-0.020939
-0.004393
0.000278
-0.005788
-0.017189
-0.025823
-0.025234
-0.015563
-0.015536
-0.032155
-0.030110
-0.002413
0.013926
-0.002540
-0.007127
0.027027
0.060558
0.071952
0.066369
0.052488
0.007011
-0.048432
-0.042639
0.020306
0.059379
-0.008870
-0.121892
-0.156955
-0.079726
0.033599
0.062924
0.042046
0.008694
-0.048898
-0.064912
-0.030882
-0.031358
-0.089285
-0.090943
-0.081565
-0.128333
-0.146067
-0.087055
0.025636
0.109172
0.109471
0.022410
0.001573
0.070497
0.112014
0.099874
0.048477
0.031854
0.002139
-0.028414
-0.017765
0.010987
0.072619
0.092434
0.054444
0.006744
-0.021481
-0.001792
0.009911
0.004819
0.000378
-0.001926
-0.002723
-0.009220
-0.006023
-0.004130
0.003624
0.014999
0.022583
0.007225
-0.004245
-0.000290
0.003941
0.010877
-0.001115
-0.013246
-0.011687
-0.003279
-0.003578
-0.002829
0.004440
0.008688
0.004495
-0.004047
-0.005755
-0.008220
-0.008886
-0.011440
-0.009844
-0.004567
-0.006935
0.001362
0.010201
0.002851
-0.008433
-0.006166
-0.003760
-0.004980
0.004371
-0.000671
-0.011718
-0.013784
-0.021244
-0.027048
-0.027158
-0.017309
0.006233
0.006217
-0.006091
-0.012048
-0.049665
-0.065474
0.001318
0.011571
-0.077890
-0.144804
-0.134711
-0.011658
0.104881
0.096660
0.035374
-0.012868
-0.067828
-0.078887
-0.027644
-0.005703
0.003692
0.004536
-0.030884
-0.103472
-0.161372
-0.125697
-0.052350
-0.013307
0.018865
0.043706
0.063145
0.039875
-0.031893
-0.045815
-0.008683
0.002006
0.001134
0.002049
-0.001914
0.021836
0.008244
-0.006162
0.011002
0.028260
0.042015
0.023349
0.003846
0.000361
0.026018
0.060383
0.061993
0.025278
0.020370
0.043362
0.038858
0.040974
0.042421
0.026712
0.026415
0.024540
0.022485
0.027065
0.022011
0.024661
0.026557
0.020136
0.017729
0.025669
0.033131
0.029627
0.017881
0.020799
0.028019
0.025143
0.017020
0.009350
0.014195
0.018784
0.020988
0.020430
0.016795
0.016735
0.015233
0.014294
0.018561
0.018514
0.007383
0.003758
0.011662
0.011421
0.002960
-0.001545
0.000281
0.009862
0.028493
0.024588
0.011758
0.014013
0.004107
-0.004599
-0.023932
-0.067603
-0.066209
-0.017952
0.031239
0.094932
0.106912
0.019556
-0.066298
-0.091220
-0.065681
0.002028
0.076767
0.134460
0.158164
0.143146
0.086738
-0.038066
-0.100162
0.008807
0.131073
0.121364
0.055466
-0.016379
-0.056745
0.002404
0.015452
-0.015299
-0.023607
-0.038394
-0.008267
0.017827
0.022859
0.037901
0.058866
0.077959
0.026033
-0.075551
-0.085285
-0.004665
0.050963
0.030032
-0.032400
-0.052024
-0.044907
-0.039306
-0.032081
-0.036944
-0.018144
-0.035379
-0.060098
-0.047638
-0.052640
-0.010109
0.001002
-0.024574
-0.017906
-0.037913
-0.015144
0.002574
-0.018271
-0.015862
-0.020843
-0.018941
-0.014611
-0.027348
-0.027706
-0.025912
-0.025073
-0.009974
-0.017826
-0.028530
-0.024636
-0.019388
-0.013124
-0.016941
-0.020086
-0.016697
-0.017782
-0.018427
-0.013419
-0.011972
-0.013675
-0.024105
-0.030524
-0.015456
0.004134
0.012383
0.001483
-0.016761
-0.027770
-0.033875
-0.024621
-0.008641
0.001732
0.001096
-0.000006
0.007231
-0.002673
-0.000851
0.024524
0.035277
0.028362
-0.011301
-0.067830
-0.055690
0.039754
0.103356
0.092581
0.034084
-0.012363
0.008388
0.005302
-0.064704
-0.118129
-0.059685
0.051150
0.087181
0.031721
-0.034842
-0.037529
-0.048477
-0.104146
-0.163790
-0.189975
-0.123839
-0.039366
0.000442
0.008220
-0.009836
-0.006361
0.012051
0.013125
-0.040091
-0.093907
-0.073867
-0.012032
0.060808
0.091991
0.067242
0.037996
0.017016
0.017810
0.036772
0.046774
0.061500
0.071246
0.053005
0.041765
0.038369
0.012540
-0.001959
-0.013870
-0.021561
0.004174
0.014207
0.012893
0.011670
0.000910
0.013386
0.019448
0.024131
0.027803
0.008770
0.010729
0.016426
0.022015
0.026904
0.015556
0.015132
0.015217
0.014217
0.017772
0.012038
0.009106
0.006963
0.003208
0.008155
0.010934
0.010320
0.014004
0.016145
0.015831
0.011989
0.006563
0.008373
0.009471
0.007608
0.009115
0.018122
0.024135
0.000591
-0.029063
-0.023154
0.005952
0.028471
0.032943
0.000591
-0.043234
-0.045691
-0.014930
0.026614
0.069766
0.067828
-0.010008
-0.068166
-0.045039
0.009774
0.032451
0.031524
0.062418
0.070465
0.006488
-0.054665
-0.097002
-0.089380
-0.011712
0.012307
0.029645
0.084168
0.020328
-0.108583
-0.062761
0.043403
0.047838
0.014518
-0.061597
-0.048830
0.061553
0.093609
0.019257
-0.058818
-0.050514
0.030086
0.090209
0.074241
0.075419
0.082776
0.098544
0.097864
0.021436
0.009676
0.010455
-0.034642
-0.040218
-0.044017
-0.012763
0.030699
0.031701
0.010560
-0.005039
0.015781
0.017484
0.013006
-0.009863
-0.040809
-0.022202
0.002002
-0.000148
-0.020209
-0.029026
-0.022612
-0.011608
-0.012462
-0.015543
-0.013931
-0.011963
-0.010187
-0.015667
-0.021661
-0.022068
-0.018713
-0.020705
-0.024730
-0.029732
-0.022544
-0.012117
-0.015530
-0.020962
-0.023637
-0.019202
-0.021484
-0.025270
-0.025545
-0.028928
-0.024253
-0.018961
-0.015160
-0.019002
-0.024359
-0.024405
-0.028612
-0.018876
0.000419
-0.011952
-0.044999
-0.070014
-0.088150
-0.069218
0.009623
0.068109
0.038421
-0.029591
-0.075751
-0.069490
-0.023552
0.011648
-0.020619
-0.081930
-0.074794
0.016701
0.078662
-0.002136
-0.084363
-0.036885
0.019982
0.011675
-0.013350
-0.024975
0.075529
0.237218
0.203764
0.041251
0.038220
0.116534
0.140932
0.119082
-0.000162
-0.082784
-0.076071
-0.073453
-0.083831
-0.100327
-0.078157
-0.029524
-0.010448
-0.008635
-0.009671
-0.010954
0.002362
0.016584
0.006060
0.042503
0.083902
0.061684
0.045940
0.019877
0.011024
0.033312
0.043572
0.029383
-0.000051
-0.008702
-0.005135
0.002301
-0.001709
-0.031048
-0.027443
-0.010224
-0.006795
-0.003867
-0.014792
-0.012725
-0.003574
-0.008851
-0.015275
-0.013287
-0.017963
-0.022585
-0.025021
-0.025996
-0.022727
-0.017316
-0.015357
-0.013006
-0.015119
-0.017634
-0.010693
-0.015558
-0.019538
-0.018950
-0.019885
-0.023405
-0.023987
-0.015297
-0.011917
-0.016587
-0.021180
-0.015445
-0.002420
-0.003739
-0.019739
-0.022631
0.000478
0.005582
-0.032508
-0.067058
-0.051192
0.007236
0.042815
0.029594
-0.024895
-0.086107
-0.067402
0.000362
0.025731
0.023176
0.004809
-0.019206
0.019391
0.051640
-0.027507
-0.088858
-0.039019
0.016306
0.016928
0.000759
-0.002207
0.074374
0.189074
0.133045
-0.040999
-0.116786
-0.018561
0.146187
0.187607
0.110073
0.011035
-0.016296
-0.033590
-0.079260
-0.080143
-0.097159
-0.064873
0.017330
0.043921
0.024122
-0.037482
-0.066948
-0.033812
-0.001456
0.035689
0.037185
-0.000018
-0.016052
-0.061666
-0.086905
-0.037349
-0.028821
-0.057246
-0.067029
-0.073874
-0.044812
-0.010479
-0.009642
-0.018412
-0.024909
-0.017614
-0.003713
-0.005741
-0.009596
-0.007497
-0.006871
-0.002192
-0.011274
-0.012896
-0.010197
-0.014413
-0.009731
-0.006555
-0.002604
-0.006468
-0.009598
-0.007788
-0.006062
-0.004585
-0.004087
0.000140
-0.000658
-0.003450
-0.004653
-0.002732
-0.002149
-0.002590
0.001871
0.000449
-0.007881
-0.009838
0.003101
0.018545
0.012658
-0.012080
-0.026422
-0.019203
-0.002153
0.014350
0.022429
0.022669
0.014609
-0.008972
-0.029883
-0.007581
0.045540
0.071193
0.052005
0.014039
-0.033350
-0.070190
-0.033723
0.045897
0.072463
0.051936
0.034370
0.016023
0.025050
0.064626
0.050911
0.033936
0.099414
0.133636
0.070648
0.020813
-0.026991
-0.118374
-0.117747
0.004051
0.050854
-0.009161
-0.015041
-0.019250
-0.038221
-0.005394
0.000450
0.008309
0.037345
0.033477
-0.021639
-0.037976
-0.004975
-0.041649
-0.080366
-0.076130
-0.042957
0.005255
0.022697
0.033650
0.022937
0.018163
0.029308
0.002531
-0.008065
-0.012207
-0.025601
-0.016737
-0.016836
-0.021772
-0.007143
-0.010368
-0.019240
-0.009893
-0.013268
-0.009905
-0.006022
-0.002607
-0.001415
-0.011251
-0.014193
-0.011627
-0.007801
-0.009352
-0.014891
-0.009605
-0.000476
-0.005727
-0.010380
-0.007320
-0.005716
-0.005948
-0.008768
-0.007082
-0.005508
-0.005464
-0.003370
-0.005707
-0.004644
-0.003710
-0.000905
0.001624
0.000664
0.002246
0.004550
0.001653
-0.007882
-0.013200
-0.014077
-0.007049
0.005252
0.007415
-0.000725
-0.007917
-0.010475
-0.010945
-0.006326
-0.002411
-0.004153
-0.004373
-0.003282
-0.002046
-0.000266
0.001466
0.001974
0.001837
0.003239
0.003157
0.001053
0.000350
-0.000081
-0.000439
0.000959
0.002016
0.000580
0.000147
-0.000780
-0.001512
0.000854
0.002318
0.001500
0.001249
0.001533
0.001122
0.001657
0.002365
0.001936
0.001021
0.000709
0.000801
0.001493
0.001732
0.001672
0.001696
0.001737
0.001385
0.001214
0.001524
0.001836
0.001661
0.001514
0.001396
0.001433
0.001588
0.001785
0.001620
0.001299
0.001215
0.001131
0.001195
0.001295
0.001324
0.001264
0.001133
0.001177
0.001219
0.001285
0.001296
0.001197
0.001028
0.000839
0.000760
0.000723
0.000736
0.000822
0.000854
0.000754
0.000613
0.000535
0.000466
0.000448
0.000454
0.000376
0.000299
0.000251
0.000223
0.000244
0.000312
0.000258
0.000043
-0.000102
-0.000119
0.000010
0.000223
0.000284
0.000111
-0.000055
-0.000096
-0.000056
0.000042
0.000113
0.000055
-0.001699
-0.019597
-0.019272
0.002839
0.021849
0.029799
0.031585
0.016078
-0.050461
-0.024144
0.072947
0.021427
-0.026964
-0.037257
-0.057672
0.033238
0.139009
0.146356
0.068757
-0.018934
-0.118185
-0.161907
-0.095418
-0.020330
0.079643
0.098561
0.000486
0.055686
0.152211
-0.048664
-0.168429
-0.267511
-0.316755
0.223037
0.386811
-0.033929
0.004636
-0.015729
-0.307022
-0.253694
-0.195771
-0.197727
0.076662
0.013143
-0.045352
0.012573
-0.013138
0.248306
0.022467
-0.341404
-0.165948
-0.007566
0.097992
0.280716
0.285615
0.154067
0.089268
0.087426
0.046561
0.040641
0.051262
0.057028
0.042549
-0.025359
-0.097549
-0.155966
-0.103466
0.022341
0.004226
0.005679
0.014006
0.062505
0.066109
0.003773
-0.007828
-0.014943
0.008986
0.019492
0.025285
0.003313
0.034345
0.056483
0.050882
0.026785
0.007148
-0.008859
0.003813
0.004942
-0.003879
0.003160
-0.000559
0.002608
-0.001704
-0.001768
-0.006301
-0.006114
-0.006453
-0.002278
0.004933
-0.001981
-0.005210
0.003722
-0.003666
0.014393
0.008030
-0.021036
-0.006695
0.004784
0.014073
0.036726
0.034180
0.035034
-0.003635
-0.035943
-0.013838
-0.024657
-0.000330
0.018444
0.068305
0.126287
-0.017840
-0.100635
0.051859
0.090842
0.003426
0.029877
-0.025015
-0.053342
0.292515
0.254323
-0.145126
-0.242062
-0.317111
-0.200638
-0.063574
0.003888
0.398465
0.279217
-0.193547
-0.112167
0.029691
-0.112018
-0.106557
-0.267192
-0.458121
-0.017115
0.425402
0.463962
0.188377
-0.032396
0.212387
0.302696
0.086355
-0.034654
-0.077188
0.002732
0.057897
0.029574
-0.043067
-0.174782
-0.143872
-0.000945
0.017166
-0.083482
0.072558
0.145787
-0.028495
-0.049929
-0.063313
-0.024280
-0.022596
-0.024271
-0.029081
-0.040295
0.007443
0.034225
0.046308
-0.033834
-0.061546
-0.038423
-0.029034
-0.028912
-0.022483
-0.014668
-0.023375
-0.020551
-0.016818
-0.024550
-0.046960
-0.033784
-0.029949
-0.021794
-0.024977
-0.029186
-0.015401
-0.013463
-0.015256
-0.016144
-0.007070
-0.014415
-0.009214
0.002767
0.003540
-0.019106
-0.044777
-0.037558
-0.026025
0.016587
0.019538
0.001186
-0.015221
-0.060329
-0.014984
0.015876
-0.030233
-0.046910
-0.024102
0.058450
0.048202
0.000099
0.060149
0.082373
0.125604
0.175762
0.135502
0.047787
-0.101675
-0.146258
-0.041087
0.059978
0.067225
-0.103684
-0.343000
-0.314803
-0.007326
0.183538
0.136901
0.009292
-0.043354
-0.186215
-0.118025
0.053674
-0.235430
-0.226450
-0.068697
-0.203274
-0.223419
-0.149873
0.035429
0.179608
0.378863
0.286913
-0.003199
0.029349
0.192496
0.295737
0.128657
0.002564
-0.035351
-0.044056
-0.050952
0.004797
0.138473
0.113164
0.161185
0.078610
-0.070369
-0.089774
-0.025806
-0.041721
-0.064824
-0.024687
-0.043941
-0.029805
-0.004107
0.037590
0.008207
0.030021
0.022440
0.008953
0.006316
-0.007210
0.001715
-0.002329
0.009134
-0.008471
-0.011913
-0.019306
-0.002917
0.003182
-0.008713
-0.013400
-0.027310
-0.028366
-0.028596
-0.024139
-0.028458
-0.030163
-0.014895
-0.004935
0.000412
-0.009709
0.022616
0.026738
-0.033616
-0.025876
-0.005262
-0.043154
0.011053
0.054485
-0.030353
-0.021436
0.000771
-0.043900
-0.034590
-0.055971
-0.024360
0.066429
-0.035056
-0.013886
0.037765
-0.227828
-0.069949
0.182339
-0.104893
-0.195641
-0.247254
-0.212905
0.192275
0.322927
0.174187
0.071883
-0.137065
-0.201613
-0.004347
-0.040391
-0.090664
-0.010951
0.051000
-0.098338
-0.310755
-0.182058
-0.144741
-0.081934
0.106475
0.137047
0.129307
0.140687
-0.005895
-0.046232
-0.016973
-0.144124
0.046665
0.090714
-0.079971
0.086744
0.160196
-0.000887
0.009877
0.047458
0.116896
0.083569
-0.013136
-0.008771
0.004015
0.073030
0.123908
0.088260
0.016935
0.047480
0.063237
0.089756
0.052497
0.024319
0.020149
0.011381
0.031383
0.024963
0.021731
0.021869
0.027853
0.017163
0.033291
0.026104
0.021455
0.017546
0.010013
0.005018
-0.004454
0.006395
0.013450
0.015722
0.015649
0.016677
0.018557
0.018620
0.015340
0.004330
0.002894
-0.010098
0.003234
0.028497
0.007870
-0.019976
-0.005554
0.023313
-0.000641
-0.010690
-0.000534
-0.030504
0.015741
0.082086
-0.007481
-0.001001
0.041152
-0.046841
0.008048
-0.070615
-0.233269
-0.025211
0.003798
0.067903
0.373037
0.130686
-0.084371
-0.093270
-0.227921
-0.043807
0.081340
0.199243
0.355104
0.218417
0.331765
0.131894
-0.324556
-0.160792
0.129981
0.222601
0.155681
-0.002849
-0.157448
-0.171853
0.062638
0.088117
-0.151222
-0.138204
-0.071944
0.004843
0.124568
-0.055934
0.093873
0.133651
0.017728
0.035469
-0.261930
-0.149098
0.058032
0.079582
0.084466
-0.122143
-0.187868
-0.064113
-0.034047
-0.039643
-0.054434
-0.116352
-0.063554
-0.086187
-0.106989
0.015908
-0.007137
-0.046527
-0.015317
-0.039837
-0.021608
0.026676
0.003758
0.032846
-0.009109
-0.026124
-0.014997
-0.036940
-0.010255
-0.026124
-0.017069
-0.008997
-0.005413
-0.015599
-0.022646
-0.028781
-0.019686
-0.013773
-0.015218
-0.017265
-0.023813
-0.009114
0.010177
0.007012
-0.007058
-0.014944
-0.028920
-0.031201
0.010622
0.047471
0.025889
0.005244
-0.032252
-0.061198
-0.042646
-0.020403
0.017117
0.023081
-0.011795
0.024369
0.030148
-0.030133
0.032156
0.092320
0.028104
0.057062
-0.052471
-0.238898
-0.004983
0.164139
0.203750
0.186298
-0.063614
-0.043591
0.051080
-0.043770
-0.228263
-0.297699
-0.057745
0.149175
0.196665
0.005355
-0.139788
-0.089459
-0.111139
-0.235724
-0.365492
-0.400256
-0.178744
0.114189
0.079733
0.067350
0.070265
0.011141
0.150778
0.093927
-0.144680
-0.147481
-0.148884
0.054145
0.293012
0.212002
0.153434
0.050387
0.060465
0.170547
0.091989
0.087431
0.078303
0.045595
0.072755
0.040204
-0.005815
-0.067404
-0.064364
-0.011880
-0.007613
0.002897
0.043721
0.010007
-0.007487
-0.003798
-0.020260
0.008441
0.030681
0.029477
0.040325
0.043444
0.046600
0.060337
0.029773
0.003854
-0.004474
-0.007875
0.001299
-0.001918
0.003495
0.004825
0.002812
0.003286
-0.001782
0.004511
-0.004541
-0.011423
-0.002759
-0.008204
-0.014202
-0.001189
0.001470
0.001102
0.007523
0.015907
0.043048
0.036452
-0.049629
-0.083333
-0.017002
0.008254
0.076295
0.081788
-0.067640
-0.124588
-0.046989
0.026574
0.086637
0.204708
0.087731
-0.147100
-0.110321
-0.032241
0.064471
0.069066
0.043160
0.190545
0.075191
-0.083777
-0.043539
-0.293871
-0.209944
0.164686
-0.037217
0.093832
0.294789
-0.239781
-0.187590
0.118708
-0.031525
0.144437
-0.010963
-0.253126
-0.022062
0.243482
0.243569
-0.090923
-0.188556
-0.071761
0.233611
0.250536
0.091593
0.139173
0.122112
0.175540
0.103146
0.011409
-0.113199
-0.112428
-0.063688
-0.116150
-0.095640
-0.009977
0.083554
0.054137
0.002693
-0.007069
0.026912
-0.017547
-0.040974
-0.070235
-0.074064
-0.052351
-0.023226
0.008366
-0.045385
-0.024360
-0.027017
-0.008151
0.003188
-0.009244
-0.016081
-0.035306
-0.039659
-0.043043
-0.032508
-0.050722
-0.040654
-0.029726
-0.025366
-0.018322
-0.024943
-0.026653
-0.028539
-0.030879
-0.036257
-0.034687
-0.029024
-0.017468
-0.020114
-0.029645
-0.015068
0.002418
0.001901
-0.029720
-0.041213
-0.037113
-0.054028
0.011026
0.047928
-0.063403
-0.080288
-0.091243
-0.188433
-0.039696
0.164653
0.151797
0.044658
-0.106446
-0.146041
-0.115157
0.026715
0.099709
-0.132415
-0.203096
-0.055982
0.206233
0.239166
-0.159009
-0.116056
0.106073
-0.038135
0.110988
0.117254
-0.210282
0.322134
0.741810
0.151530
-0.034403
0.131932
0.097995
0.313500
0.135874
-0.294907
-0.304700
-0.267346
-0.147115
-0.149820
-0.216323
-0.188513
0.011638
0.083365
-0.019745
0.053842
-0.006756
-0.070874
0.025578
0.077200
0.110381
0.140783
0.106878
0.092939
0.115985
0.058496
0.053382
0.095786
-0.001696
-0.042045
-0.024817
-0.063426
-0.078326
-0.047043
-0.065320
-0.060938
-0.063110
-0.012933
-0.006331
-0.058475
-0.054369
-0.040045
-0.013232
-0.042617
-0.026982
-0.023726
-0.015053
-0.008803
0.006785
0.002460
-0.004382
0.008830
-0.005996
-0.019143
-0.032880
-0.028608
-0.019584
-0.016091
-0.030563
-0.028816
-0.021842
-0.013291
-0.002873
-0.017166
-0.034328
-0.028549
-0.004916
0.016058
0.000625
-0.047024
-0.022844
0.055899
-0.003354
-0.089946
-0.117747
-0.064158
0.093939
0.114367
0.056540
-0.102205
-0.263885
-0.010228
0.111179
-0.010258
0.128694
-0.054037
-0.097461
0.226960
0.064075
-0.150906
-0.162963
-0.023345
0.081883
0.053290
0.092210
-0.047004
0.246048
0.555869
0.086997
-0.242308
-0.243902
-0.016722
0.448688
0.383088
-0.044181
-0.047654
-0.148338
-0.185068
0.012813
-0.266104
-0.353983
-0.039618
0.115763
0.127345
0.001465
-0.121589
-0.152622
-0.091336
0.088291
0.144755
-0.046261
-0.066076
-0.066279
-0.102477
-0.074563
-0.106841
-0.071580
-0.084459
-0.093267
-0.045774
0.005588
-0.006152
0.006360
-0.003478
-0.034273
-0.004567
-0.020717
-0.004167
0.007175
0.008834
0.010656
0.017615
0.015873
0.005137
0.000455
-0.003748
0.008989
0.002477
0.013931
0.012243
0.008115
0.007011
0.006072
-0.003330
-0.007930
0.007478
0.003684
0.003088
-0.000873
0.005085
0.010698
0.011561
0.014110
-0.005421
-0.013818
0.004519
0.035959
0.052338
0.003462
-0.053196
-0.052290
-0.035779
0.006200
0.060417
0.039566
0.029812
0.028787
-0.057718
-0.071138
0.017343
0.116072
0.133316
0.052853
-0.004001
-0.150025
-0.185065
0.057658
0.146611
0.094524
0.111019
0.059962
-0.012235
0.090639
0.208112
-0.006751
-0.022113
0.295544
0.151046
0.011603
0.048496
-0.230631
-0.402471
-0.139930
0.199798
-0.038294
-0.092977
0.123308
-0.141117
-0.070384
0.115352
-0.038374
-0.043604
0.060790
0.032470
-0.045049
-0.096185
-0.072855
-0.032200
-0.178426
-0.123833
0.043807
0.064519
0.107787
0.082229
0.067697
0.045164
0.021751
-0.018922
-0.052120
-0.070067
-0.041524
-0.057116
-0.050466
0.005958
-0.010423
0.002218
0.001494
-0.014325
-0.017388
0.000360
-0.008858
-0.005996
-0.002834
-0.008165
-0.014598
-0.015228
-0.001946
-0.005233
-0.004686
0.006621
0.008595
0.007270
-0.001720
-0.006455
-0.012144
-0.006432
-0.003046
-0.004861
0.003926
0.004634
0.007153
0.000218
-0.008930
-0.017250
-0.006358
-0.002965
-0.003470
0.012571
0.015136
-0.007287
-0.014108
-0.015185
-0.029929
-0.009192
0.023155
0.005896
-0.018600
-0.020195
-0.028763
-0.019937
-0.005035
-0.003871
-0.003653
-0.002579
0.004922
0.009879
0.005448
0.004928
0.007998
0.006520
0.003643
0.005796
0.005712
0.003324
0.003745
0.007332
0.005420
0.004880
0.006536
0.002864
0.002235
0.005307
0.004729
0.002939
0.002159
-0.000318
-0.002080
-0.000545
0.002114
0.000634
0.001789
0.002993
0.002441
0.003988
0.003902
0.003558
-0.000105
0.001523
0.003111
0.000450
0.001203
0.001805
0.000734
-0.000683
-0.000257
-0.000371
0.001570
0.002033
0.002631
0.002647
0.002232
0.001674
0.000837
0.000240
0.000411
0.000038
0.000143
0.000291
0.001047
0.001080
0.001054
0.000962
0.000921
0.000586
0.000262
0.000220
0.000382
0.000477
0.000517
0.000313
0.000204
0.000126
0.000281
0.000424
0.000432
0.000257
0.000176
0.000104
0.000189
0.000385
0.000543
0.000451
0.000272
0.000111
-0.000047
0.000046
0.000249
0.000328
0.000236
0.000170
0.000043
0.000058
0.000178
0.000244
0.000093
-0.000122
-0.000251
-0.000297
-0.000280
-0.000214
-0.000236
-0.000379
-0.000315
-0.000287
-0.000355
-0.000411
-0.000324
-0.000377
-0.000206