0.708052
0.507940
0.207715
-0.069952
-0.211406
-0.155455
0.083232
0.419699
0.731131
0.903741
0.876214
0.663107
0.349274
0.057441
-0.098682
-0.057846
0.165342
0.485985
0.781332
0.937660
0.893716
0.664123
0.333799
0.025538
-0.146889
-0.122165
0.085164
0.390265
0.670447
0.812047
0.753872
0.510599
0.167202
-0.153476
-0.337612
-0.323845
-0.126677
0.169099
0.440829
0.574883
0.510098
0.261177
-0.086883
-0.411222
-0.598001
-0.585850
-0.389265
-0.093034
0.180185
0.316757
0.255507
0.011128
-0.331405
-0.649251
-0.828598
-0.808104
-0.602300
-0.296009
-0.011929
0.136263
0.087345
-0.144039
-0.472964
-0.776643
-0.941321
-0.905714
-0.684410
-0.362296
-0.062130
0.102344
0.069844
-0.145055
-0.457489
-0.744740
-0.893115
-0.841395
-0.604232
-0.266575
0.048755
0.227957
0.209687
0.008469
-0.290892
-0.565727
-0.702392
-0.639715
-0.392391
-0.045409
0.278373
0.465120
0.453461
0.257891
-0.036807
-0.307980
-0.442002
-0.377709
-0.129803
0.216724
0.539017
0.723247
0.708052
0.507940
0.207715
-0.069952
-0.211406
-0.155455
0.083232
0.419699
0.731131
0.903741
0.876214
0.663107
0.349274
0.057441
-0.098682
-0.057846
0.165342
0.485985
0.781332
0.937660
0.893716
0.664123
0.333799
0.025538
-0.146889
-0.122165
0.085164
0.390265
0.670447
0.812047
0.753872
0.510599
0.167202
-0.153476
-0.337612
-0.323845
-0.126677
0.169099
0.440829
0.574883
0.510098
0.261177
-0.086883
-0.411222
-0.598001
-0.585850
-0.389265
-0.093034
0.180185
0.316757
0.255507
0.011128
-0.331405
-0.649251
-0.828598
-0.808104
-0.602300
-0.296009
-0.011929
0.136263
0.087345
-0.144039
-0.472964
-0.776643
-0.941321
-0.905714
-0.684410
-0.362296
-0.062130
0.102344
0.069844
-0.145055
-0.457489
-0.744740
-0.893115
-0.841395
-0.604232
-0.266575
0.048755
0.227957
0.209687
0.008469
-0.290892
-0.565727
-0.702392
-0.639715
-0.392391
-0.045409
0.278373
0.465120
0.453461
0.257891
-0.036807
-0.307980
-0.442002
-0.377709
-0.129803
0.216724
0.539017
0.723247
0.253428
-0.078542
-0.253306
-0.197422
0.073924
0.462693
0.825422
1.027996
0.996864
0.747116
0.376705
0.029022
-0.161880
-0.122494
0.132058
0.503804
0.849346
1.034640
0.986202
0.719190
0.331625
-0.033035
-0.240667
-0.217702
0.020805
0.376946
0.707383
0.878133
0.815768
0.535502
0.135407
-0.241007
-0.459574
-0.446679
-0.217338
0.130576
0.453759
0.618255
0.550663
0.266214
-0.136999
-0.515457
-0.734985
-0.721963
-0.491410
-0.141202
0.185348
0.354270
0.292146
0.014186
-0.381545
-0.751555
-0.961702
-0.938406
-0.696724
-0.334577
0.004675
0.187012
0.138963
-0.124316
-0.504821
-0.859118
-1.053128
-1.013334
-0.754858
-0.375687
-0.019249
0.180368
0.149625
-0.096390
-0.459741
-0.797062
-0.974341
-0.918126
-0.643605
-0.248830
0.122713
0.336875
0.320059
0.087298
-0.263523
-0.589089
-0.755434
-0.689149
-0.405462
-0.002459
0.376338
0.596753
0.585165
0.356585
0.008883
-0.314639
-0.480023
-0.413865
-0.131390
0.269318
0.644748
0.860738
0.843682
0.608614
0.253428
-0.078542
-0.253306
-0.197422
0.073924
0.462693
0.825422
1.027996
0.996864
0.747116
0.376705
0.029022
-0.161880
-0.122494
0.132058
0.503804
0.849346
1.034640
0.986202
0.719190
0.331625
-0.033035
-0.240667
-0.217702
0.020805
0.376946
0.707383
0.878133
0.815768
0.535502
0.135407
-0.241007
-0.459574
-0.446679
-0.217338
0.130576
0.453759
0.618255
0.550663
0.266214
-0.136999
-0.515457
-0.734985
-0.721963
-0.491410
-0.141202
0.185348
0.354270
0.292146
0.014186
-0.381545
-0.751555
-0.961702
-0.938406
-0.696724
-0.334577
0.004675
0.187012
0.138963
-0.124316
-0.504821
-0.859118
-1.053128
-1.013334
-0.754858
-0.375687
-0.019249
0.180368
0.149625
-0.096390
-0.459741
-0.797062
-0.974341
-0.918126
-0.643605
-0.248830
0.122713
0.336875
0.320059
0.087298
-0.263523
-0.589089
-0.755434
-0.689149
-0.405462
-0.002459
0.376338
0.596753
0.585165
0.356585
0.008883
-0.314639
-0.480023
-0.413865
-0.131390
0.269318
0.644748
0.860738
0.843682
0.608614