0.072423
0.129353
0.101802
0.009918
-0.101480
-0.180056
-0.185988
-0.107217
0.035910
0.198370
0.327626
0.383656
0.354201
0.259416
0.144133
0.060702
0.048966
0.121005
0.256500
0.410457
0.530373
0.576262
0.535907
0.429504
0.301932
0.205590
0.180370
0.238408
0.359437
0.498522
0.603219
0.633602
0.577514
0.455214
0.311644
0.199265
0.158033
0.200147
0.305403
0.428929
0.518341
0.533774
0.463130
0.326726
0.169558
0.044142
-0.009514
0.020837
0.115038
0.228260
0.308159
0.314909
0.236446
0.093118
-0.070053
-0.200525
-0.258273
-0.231032
-0.138946
-0.026838
0.052955
0.060606
-0.015953
-0.156380
-0.315666
-0.441284
-0.493227
-0.459254
-0.359536
-0.238924
-0.149791
-0.132000
-0.197658
-0.326468
-0.473465
-0.586172
-0.624631
-0.576656
-0.462473
-0.326990
-0.222637
-0.189340
-0.239265
-0.352178
-0.483176
-0.579846
-0.602294
-0.538395
-0.408439
-0.257397
-0.137759
-0.089512
-0.124882
-0.223690
-0.341091
-0.424724
-0.434747
-0.359085
-0.218074
-0.056727
0.072423
0.129353
0.101802
0.009918
-0.101480
-0.180056
-0.185988
-0.107217
0.035910
0.198370
0.327626
0.383656
0.354201
0.259416
0.144133
0.060702
0.048966
0.121005
0.256500
0.410457
0.530373
0.576262
0.535907
0.429504
0.301932
0.205590
0.180370
0.238408
0.359437
0.498522
0.603219
0.633602
0.577514
0.455214
0.311644
0.199265
0.158033
0.200147
0.305403
0.428929
0.518341
0.533774
0.463130
0.326726
0.169558
0.044142
-0.009514
0.020837
0.115038
0.228260
0.308159
0.314909
0.236446
0.093118
-0.070053
-0.200525
-0.258273
-0.231032
-0.138946
-0.026838
0.052955
0.060606
-0.015953
-0.156380
-0.315666
-0.441284
-0.493227
-0.459254
-0.359536
-0.238924
-0.149791
-0.132000
-0.197658
-0.326468
-0.473465
-0.586172
-0.624631
-0.576656
-0.462473
-0.326990
-0.222637
-0.189340
-0.239265
-0.352178
-0.483176
-0.579846
-0.602294
-0.538395
-0.408439
-0.257397
-0.137759
-0.089512
-0.124882
-0.223690
-0.341091
-0.424724
-0.434747
-0.359085
-0.218074
-0.056727
0.734439
0.986894
1.075388
0.967607
0.705360
0.388609
0.137283
0.045481
0.145531
0.395653
0.695936
0.926511
0.993365
0.864268
0.581112
0.243942
-0.027231
-0.138231
-0.056655
0.175792
0.459267
0.673969
0.725946
0.583027
0.287160
-0.061561
-0.343080
-0.463179
-0.389420
-0.163476
0.114834
0.325730
0.375276
0.231310
-0.064216
-0.411210
-0.689621
-0.805245
-0.725660
-0.492564
-0.205803
0.014810
0.075299
-0.056539
-0.338802
-0.671449
-0.934486
-1.033770
-0.936943
-0.685771
-0.380171
-0.140031
-0.059404
-0.170573
-0.431716
-0.742877
-0.984146
-1.061465
-0.942565
-0.669297
-0.341667
-0.079649
0.022619
-0.067234
-0.307468
-0.598210
-0.819632
-0.877753
-0.740379
-0.449437
-0.104999
0.172893
0.290038
0.214007
-0.013516
-0.292707
-0.503782
-0.552805
-0.407614
-0.110168
0.239435
0.521132
0.640708
0.565724
0.337860
0.056941
-0.157242
-0.210739
-0.071374
0.218920
0.560072
0.832053
0.940685
0.853573
0.612446
0.317181
0.087623
0.017786
0.139909
0.412127
0.734439
0.986894
1.075388
0.967607
0.705360
0.388609
0.137283
0.045481
0.145531
0.395653
0.695936
0.926511
0.993365
0.864268
0.581112
0.243942
-0.027231
-0.138231
-0.056655
0.175792
0.459267
0.673969
0.725946
0.583027
0.287160
-0.061561
-0.343080
-0.463179
-0.389420
-0.163476
0.114834
0.325730
0.375276
0.231310
-0.064216
-0.411210
-0.689621
-0.805245
-0.725660
-0.492564
-0.205803
0.014810
0.075299
-0.056539
-0.338802
-0.671449
-0.934486
-1.033770
-0.936943
-0.685771
-0.380171
-0.140031
-0.059404
-0.170573
-0.431716
-0.742877
-0.984146
-1.061465
-0.942565
-0.669297
-0.341667
-0.079649
0.022619
-0.067234
-0.307468
-0.598210
-0.819632
-0.877753
-0.740379
-0.449437
-0.104999
0.172893
0.290038
0.214007
-0.013516
-0.292707
-0.503782
-0.552805
-0.407614
-0.110168
0.239435
0.521132
0.640708
0.565724
0.337860
0.056941
-0.157242
-0.210739
-0.071374
0.218920
0.560072
0.832053
0.940685
0.853573
0.612446
0.317181
0.087623
0.017786
0.139909
0.412127