-0.081718
0.130836
0.344366
0.486095
0.510434
0.416363
0.247790
0.076746
-0.024158
-0.009495
0.121601
0.325075
0.528760
0.659915
0.672994
0.567022
0.385953
0.201869
0.087430
0.088118
0.204853
0.393638
0.582363
0.698347
0.696103
0.574717
0.378204
0.178706
0.048945
0.034462
0.136238
0.310336
0.484701
0.586712
0.570935
0.436510
0.227503
0.016105
-0.124913
-0.149967
-0.058034
0.106987
0.273079
0.367650
0.345299
0.205190
-0.008588
-0.223825
-0.367736
-0.394723
-0.303759
-0.138736
0.028327
0.124836
0.105380
-0.030886
-0.239890
-0.449440
-0.586773
-0.606319
-0.507077
-0.332975
-0.156066
-0.048984
-0.057180
-0.181545
-0.378053
-0.574562
-0.698360
-0.703931
-0.590329
-0.401538
-0.209670
-0.087416
-0.080289
-0.189241
-0.370304
-0.551399
-0.659875
-0.650276
-0.521715
-0.318236
-0.112008
0.024219
0.044879
-0.051033
-0.219603
-0.388799
-0.486018
-0.465847
-0.327443
-0.114887
0.099615
0.243281
0.270515
0.180287
0.016488
-0.148868
-0.243195
-0.221090
-0.081718
0.130836
0.344366
0.486095
0.510434
0.416363
0.247790
0.076746
-0.024158
-0.009495
0.121601
0.325075
0.528760
0.659915
0.672994
0.567022
0.385953
0.201869
0.087430
0.088118
0.204853
0.393638
0.582363
0.698347
0.696103
0.574717
0.378204
0.178706
0.048945
0.034462
0.136238
0.310336
0.484701
0.586712
0.570935
0.436510
0.227503
0.016105
-0.124913
-0.149967
-0.058034
0.106987
0.273079
0.367650
0.345299
0.205190
-0.008588
-0.223825
-0.367736
-0.394723
-0.303759
-0.138736
0.028327
0.124836
0.105380
-0.030886
-0.239890
-0.449440
-0.586773
-0.606319
-0.507077
-0.332975
-0.156066
-0.048984
-0.057180
-0.181545
-0.378053
-0.574562
-0.698360
-0.703931
-0.590329
-0.401538
-0.209670
-0.087416
-0.080289
-0.189241
-0.370304
-0.551399
-0.659875
-0.650276
-0.521715
-0.318236
-0.112008
0.024219
0.044879
-0.051033
-0.219603
-0.388799
-0.486018
-0.465847
-0.327443
-0.114887
0.099615
0.243281
0.270515
0.180287
0.016488
-0.148868
-0.243195
-0.221090
0.322322
0.102243
-0.014891
0.021727
0.203594
0.466120
0.713280
0.854278
0.838210
0.673499
0.424668
0.187687
0.053313
0.072423
0.236582
0.481269
0.710531
0.833641
0.799767
0.617401
0.351137
0.097013
-0.054146
-0.051396
0.096890
0.326257
0.540810
0.649880
0.602692
0.407790
0.129817
-0.135143
-0.296221
-0.302436
-0.162123
0.060293
0.268944
0.373186
0.322261
0.124730
-0.154756
-0.420105
-0.580449
-0.584807
-0.441523
-0.215034
-0.001222
0.109247
0.065590
-0.123661
-0.393885
-0.649029
-0.798264
-0.790654
-0.634589
-0.394557
-0.166495
-0.041123
-0.069283
-0.242504
-0.496230
-0.734473
-0.866468
-0.841350
-0.667576
-0.409706
-0.163745
-0.020486
-0.030839
-0.186406
-0.422700
-0.643799
-0.759010
-0.717531
-0.527885
-0.254694
0.005976
0.163275
0.166235
0.023205
-0.201380
-0.411643
-0.516934
-0.466491
-0.268872
0.011270
0.277842
0.439969
0.446666
0.306265
0.083194
-0.126680
-0.232707
-0.184120
0.010528
0.286596
0.548008
0.703909
0.703337
0.554655
0.322322
0.102243
-0.014891
0.021727
0.203594
0.466120
0.713280
0.854278
0.838210
0.673499
0.424668
0.187687
0.053313
0.072423
0.236582
0.481269
0.710531
0.833641
0.799767
0.617401
0.351137
0.097013
-0.054146
-0.051396
0.096890
0.326257
0.540810
0.649880
0.602692
0.407790
0.129817
-0.135143
-0.296221
-0.302436
-0.162123
0.060293
0.268944
0.373186
0.322261
0.124730
-0.154756
-0.420105
-0.580449
-0.584807
-0.441523
-0.215034
-0.001222
0.109247
0.065590
-0.123661
-0.393885
-0.649029
-0.798264
-0.790654
-0.634589
-0.394557
-0.166495
-0.041123
-0.069283
-0.242504
-0.496230
-0.734473
-0.866468
-0.841350
-0.667576
-0.409706
-0.163745
-0.020486
-0.030839
-0.186406
-0.422700
-0.643799
-0.759010
-0.717531
-0.527885
-0.254694
0.005976
0.163275
0.166235
0.023205
-0.201380
-0.411643
-0.516934
-0.466491
-0.268872
0.011270
0.277842
0.439969
0.446666
0.306265
0.083194
-0.126680
-0.232707
-0.184120
0.010528
0.286596
0.548008
0.703909
0.703337
0.554655