-0.018548
-0.008460
-0.003194
-0.003542
-0.009849
-0.009234
-0.011851
-0.025526
-0.029905
-0.019500
0.003945
0.013694
0.017118
0.005374
-0.035824
-0.033077
0.027051
0.042716
-0.004182
-0.043764
-0.044620
0.013029
0.096146
0.108942
0.058695
-0.001320
-0.077258
-0.122559
-0.085415
-0.003975
0.055421
0.075156
0.016175
0.021557
0.088490
0.011918
-0.109427
-0.209882
-0.203098
0.082137
0.298474
0.089924
-0.071160
-0.034543
-0.118101
-0.199762
-0.207037
-0.121126
0.042158
0.038057
-0.081288
-0.080834
0.053782
0.141420
0.001763
-0.200000
-0.169310
-0.031100
0.040776
0.140091
0.218505
0.151152
0.066949
0.036863
0.046287
0.051335
0.032665
0.041440
0.042546
0.019402
-0.076557
-0.112847
-0.043634
0.029066
0.030373
-0.001159
0.010472
0.016081
0.012465
-0.004197
-0.005487
0.018104
0.020858
0.016162
0.020720
0.003297
-0.000480
0.009263
0.014942
0.012407
-0.003139
0.000930
0.012390
0.014951
0.013480
0.015278
0.012673
0.003654
0.000488
0.002730
0.011868
0.012874
0.006839
0.009920
0.015062
0.005931
-0.004414
-0.005287
-0.001558
0.008010
0.003957
-0.014417
-0.015736
-0.000212
0.016461
0.023057
0.026942
0.032075
0.009235
-0.016716
-0.020150
-0.007021
0.006780
0.007848
0.039731
0.085110
0.022954
-0.078722
-0.022807
0.082588
0.048224
0.000067
-0.034892
-0.008960
0.178053
0.197971
-0.028223
-0.203012
-0.217430
-0.150285
-0.071030
0.027080
0.220440
0.259449
-0.045951
-0.192923
-0.047657
0.024988
-0.048855
-0.237210
-0.319849
-0.057798
0.275599
0.324914
0.126308
0.008019
0.098365
0.189585
0.127497
-0.022965
-0.053464
0.017360
0.090520
0.061865
-0.021450
-0.070588
-0.100432
-0.029161
-0.010354
-0.035595
0.021292
0.069214
0.010988
-0.046763
-0.008721
0.016899
0.008810
-0.017042
-0.044584
-0.036761
-0.016509
-0.008152
-0.011169
-0.018754
-0.018998
-0.025876
-0.016560
-0.015182
-0.029591
-0.020139
-0.020511
-0.018553
-0.016406
-0.010566
-0.011633
-0.009002
-0.001350
-0.008954
-0.011602
-0.025357
-0.028267
-0.023436
-0.017886
-0.012095
-0.017893
-0.019235
-0.016259
-0.006707
-0.000052
-0.014153
-0.036078
-0.039095
-0.014508
0.017116
0.018518
0.000852
-0.018685
-0.038106
-0.027670
-0.007688
-0.014403
-0.042942
-0.036531
0.021290
0.038285
0.007360
0.003071
0.049742
0.100403
0.115648
0.092971
0.042335
-0.033360
-0.103906
-0.057833
0.059559
0.097048
-0.040131
-0.251835
-0.255776
-0.048001
0.138395
0.111002
0.010026
-0.024404
-0.119845
-0.103866
-0.017788
-0.073134
-0.156951
-0.121252
-0.104226
-0.177647
-0.149315
-0.064873
0.104028
0.262022
0.198162
-0.009982
-0.046856
0.130800
0.199254
0.137149
0.047979
0.006922
-0.007327
-0.039988
-0.009909
0.094007
0.141440
0.114638
0.036336
-0.029076
-0.050272
-0.033159
-0.008409
-0.017155
0.000780
-0.016906
-0.028966
-0.019299
-0.003097
0.005704
0.008519
0.017452
-0.005297
-0.013689
-0.016824
-0.005179
0.000286
0.000584
-0.000206
-0.013423
-0.015466
-0.013593
0.002342
0.007911
0.004526
-0.002990
-0.007319
-0.004375
-0.003535
-0.005929
-0.014428
-0.014180
-0.007353
-0.002547
-0.009804
0.002904
0.017845
-0.007553
-0.019749
-0.007784
-0.014579
0.000663
0.025401
-0.003589
-0.023009
-0.012477
-0.026065
-0.032079
-0.033226
-0.017877
0.035440
0.001245
-0.012707
-0.004443
-0.107811
-0.085568
0.059115
0.018919
-0.148859
-0.227652
-0.180714
0.076924
0.248718
0.145942
0.015214
-0.076278
-0.123252
-0.085898
-0.005703
-0.009307
-0.009927
0.020183
-0.053393
-0.192614
-0.194630
-0.129466
-0.054823
0.057008
0.084140
0.069211
0.084520
0.017661
-0.066333
-0.030499
-0.016244
0.027119
0.028988
-0.026467
0.015167
0.088009
0.031215
-0.038961
0.024506
0.084764
0.072015
-0.002852
-0.026509
0.007259
0.055343
0.093677
0.073055
0.037016
0.031941
0.044766
0.058925
0.056301
0.028231
0.009976
0.013714
0.022082
0.016829
0.021498
0.027656
0.022659
0.013428
0.013446
0.024638
0.018308
0.014607
0.015363
0.021222
0.024955
0.020336
0.016980
0.017366
0.013666
0.007402
0.015043
0.016782
0.014703
0.011071
0.012324
0.009074
0.007715
0.021571
0.021081
-0.002433
-0.006810
0.018136
0.016217
0.000388
-0.005126
-0.010759
0.019535
0.058063
0.018444
-0.001019
0.022226
-0.007627
-0.006688
-0.044936
-0.133449
-0.074266
0.004803
0.070587
0.198846
0.149420
-0.028458
-0.134663
-0.143156
-0.056750
0.050420
0.164611
0.217577
0.208968
0.211449
0.101931
-0.156289
-0.178944
0.072273
0.222723
0.171066
0.002666
-0.116857
-0.112066
0.039669
0.073921
-0.048695
-0.076036
-0.075648
-0.017858
0.042400
0.020810
0.034863
0.084217
0.092324
0.005395
-0.144031
-0.148925
0.003590
0.091208
0.053161
-0.074615
-0.131885
-0.064255
-0.030630
-0.032145
-0.016095
-0.040000
-0.063094
-0.097788
-0.086040
0.000853
0.009173
-0.006153
-0.025732
-0.011972
-0.007822
-0.019255
-0.004025
-0.005292
-0.004377
-0.024214
-0.025001
-0.016963
-0.020482
-0.019968
-0.016360
-0.010866
-0.012952
-0.023778
-0.024793
-0.016681
-0.014363
-0.007184
-0.004647
-0.011411
-0.022438
-0.024851
-0.008902
0.000744
-0.012828
-0.026758
-0.032252
-0.034058
-0.006618
0.023051
0.020855
-0.001977
-0.033799
-0.048088
-0.038709
-0.021497
0.003922
0.016024
0.003832
0.005332
0.016279
-0.009946
0.004709
0.053540
0.040403
0.042825
-0.037642
-0.144778
-0.064837
0.109779
0.192264
0.123719
-0.007331
-0.063811
0.019392
0.015420
-0.142858
-0.213470
-0.069152
0.131795
0.156545
0.013957
-0.103140
-0.083025
-0.059053
-0.165033
-0.273172
-0.282029
-0.157074
0.021404
0.054865
0.042499
0.023570
-0.008222
0.048647
0.049154
-0.061037
-0.150126
-0.131826
0.015415
0.174848
0.204713
0.115598
0.035113
0.034131
0.079101
0.087042
0.067723
0.055977
0.047003
0.063195
0.070478
0.041073
-0.006909
-0.027725
-0.007574
-0.000952
-0.006779
-0.002402
-0.012816
-0.013738
-0.002477
0.002820
0.020978
0.026668
0.016388
0.005465
0.008806
0.018624
0.018359
0.020147
0.009518
0.007635
0.017876
0.016820
0.013504
0.007370
0.001761
0.002493
0.003956
0.006488
0.011968
0.010828
0.011361
0.015172
0.011963
0.004392
-0.001990
0.001982
0.006848
0.011141
0.014460
0.027754
0.034551
-0.021218
-0.060908
-0.033245
0.016035
0.053377
0.051911
-0.018507
-0.089206
-0.050125
0.009297
0.064061
0.137600
0.089045
-0.073420
-0.127474
-0.044555
0.059032
0.066388
0.039705
0.100705
0.093583
-0.020541
-0.102729
-0.185006
-0.139025
0.067434
0.028183
0.045807
0.165184
-0.051168
-0.195840
-0.043682
0.106480
0.094847
-0.002196
-0.171730
-0.093181
0.195526
0.192166
-0.030833
-0.156226
-0.044632
0.114282
0.175496
0.108972
0.050518
0.106160
0.145088
0.099627
0.029611
-0.030335
-0.051729
-0.053268
-0.061909
-0.053957
-0.017953
0.056221
0.029969
-0.003963
0.006566
0.022828
0.008733
-0.053517
-0.049474
-0.047585
-0.029487
-0.014202
-0.018052
-0.020855
-0.018099
-0.016578
-0.024523
-0.009321
-0.018709
-0.027846
-0.025197
-0.022290
-0.020142
-0.016402
-0.017396
-0.022535
-0.021124
-0.020167
-0.017715
-0.023840
-0.024050
-0.021229
-0.016695
-0.015547
-0.024098
-0.028735
-0.022920
-0.020871
-0.031127
-0.028468
-0.014619
-0.006877
-0.020404
-0.029277
-0.028675
-0.034807
-0.005914
0.026524
-0.023665
-0.071090
-0.090926
-0.128103
-0.064714
0.077976
0.138251
0.043432
-0.079025
-0.133478
-0.099240
0.014692
0.056620
-0.053754
-0.152203
-0.090496
0.102868
0.178874
-0.046208
-0.157877
-0.005192
0.059338
0.045706
0.012186
-0.096206
0.157350
0.493505
0.253478
-0.037734
0.019286
0.155320
0.215061
0.138707
-0.107093
-0.230922
-0.141763
-0.113716
-0.119856
-0.101964
-0.104525
-0.054245
0.004094
0.009429
-0.014226
-0.023707
-0.041821
-0.023140
0.052055
0.099948
0.106950
0.067266
0.040220
0.056274
0.052658
0.041981
0.035896
0.005235
-0.005686
-0.007288
-0.016024
-0.031542
-0.013012
-0.015656
-0.036111
-0.014699
-0.002500
0.000978
-0.021632
-0.034250
-0.021606
-0.006907
-0.018662
-0.034073
-0.031158
-0.032151
-0.031865
-0.026038
-0.020368
-0.025521
-0.021484
-0.013354
-0.010711
-0.015577
-0.018150
-0.009810
-0.006719
-0.008164
-0.016501
-0.018612
-0.011582
-0.004405
-0.006883
-0.021333
-0.023617
-0.015333
0.001280
0.000248
-0.034421
-0.032453
0.018301
0.012022
-0.059713
-0.108769
-0.062231
0.053792
0.092243
0.045121
-0.067308
-0.168580
-0.059695
0.057183
0.050968
0.054844
-0.020779
-0.060451
0.069395
0.107383
-0.077832
-0.165310
-0.034567
0.055995
0.066402
0.018605
-0.033590
0.136941
0.364976
0.175136
-0.179094
-0.214708
-0.017554
0.290332
0.332587
0.057413
-0.073065
-0.080174
-0.090287
-0.075059
-0.116125
-0.183538
-0.102894
0.054652
0.098830
0.017714
-0.083905
-0.139687
-0.075149
0.070904
0.108025
0.004559
-0.074773
-0.073257
-0.080105
-0.062110
-0.042368
-0.054295
-0.077179
-0.085080
-0.056959
-0.019688
-0.009456
-0.025244
-0.014846
-0.002103
0.007488
-0.003540
-0.004548
0.012980
0.009932
0.005954
0.006197
0.004421
-0.009697
-0.009644
-0.007749
0.005570
0.007187
-0.007031
-0.007444
-0.010206
-0.005184
0.000421
0.002530
0.001081
0.001801
0.004901
0.007315
0.002185
-0.006436
-0.004583
0.001639
0.007320
-0.001076
-0.015994
-0.013617
0.010734
0.029450
0.008530
-0.036782
-0.051347
-0.031061
0.004741
0.039828
0.036482
0.026755
0.017231
-0.027819
-0.056170
-0.002302
0.091995
0.109693
0.052284
-0.007239
-0.088616
-0.126556
-0.013718
0.111535
0.116693
0.066761
0.028035
-0.010729
0.046263
0.139652
0.041363
0.009078
0.167107
0.182429
0.048699
-0.011877
-0.092464
-0.256573
-0.143527
0.101008
0.062978
-0.039558
-0.028150
-0.064012
-0.057208
0.052057
-0.010453
-0.041430
0.065435
0.035902
-0.056180
-0.061383
-0.023041
-0.049382
-0.116108
-0.096315
-0.011796
0.052347
0.056417
0.018889
0.046815
0.060780
0.018844
-0.019391
-0.018322
-0.014971
-0.030191
-0.021834
-0.018290
-0.005049
-0.001623
-0.004718
-0.005392
-0.007835
-0.015123
-0.020076
-0.008377
-0.007464
-0.010759
-0.014426
-0.009893
-0.010938
-0.014503
-0.000132
-0.000460
-0.005051
-0.005663
-0.006264
-0.006592
-0.007113
-0.008369
-0.006073
-0.002035
-0.004073
-0.003779
-0.003317
-0.002467
-0.005743
-0.010234
-0.006902
0.000936
0.003056
0.001854
0.008337
0.009812
-0.003359
-0.015952
-0.018021
-0.020499
-0.010147
0.013119
0.011116
-0.007963
-0.017697
-0.019381
-0.014819
-0.004563
-0.001918
-0.005868
-0.003879
-0.000594
0.001161
0.002718
0.004132
0.004476
0.005133
0.005334
0.002865
0.001043
0.001335
0.000897
0.002523
0.004480
0.003673
0.000183
-0.000959
0.000042
0.000301
0.002568
0.002377
0.002038
0.001262
0.001176
0.003168
0.002555
0.002601
0.000273
-0.000233
0.000805
0.000252
0.000936
0.001977
0.001889
0.000849
0.001338
0.001034
0.001671
0.001348
0.001272
0.001425
0.001680
0.001755
0.001700
0.001730
0.002116
0.001597
0.001010
0.000579
0.000757
0.000780
0.001097
0.001175
0.000953
0.000760
0.000839
0.000946
0.000981
0.000970
0.000956
0.000772
0.000630
0.000701
0.000898
0.001027
0.000996
0.000834
0.000671
0.000490
0.000436
0.000502
0.000548
0.000437
0.000295
0.000221
0.000249
0.000343
0.000404
0.000379
0.000182
-0.000049
-0.000086
0.000100
0.000294
0.000409
0.000369
0.000141
-0.000089
-0.000075
0.000031
0.000093
0.000103
0.000003
-0.000048
-0.000038
0.000015
-0.000011
0.000009
-0.000075
-0.000074
-0.018548
-0.008460
-0.003194
-0.003542
-0.009849
-0.009234
-0.011851
-0.025526
-0.029905
-0.019500
0.003945
0.013694
0.017118
0.005374
-0.035824
-0.033077
0.027051
0.042716
-0.004182
-0.043764
-0.044620
0.013029
0.096146
0.108942
0.058695
-0.001320
-0.077258
-0.122559
-0.085415
-0.003975
0.055421
0.075156
0.016175
0.021557
0.088490
0.011918
-0.109427
-0.209882
-0.203098
0.082137
0.298474
0.089924
-0.071160
-0.034543
-0.118101
-0.199762
-0.207037
-0.121126
0.042158
0.038057
-0.081288
-0.080834
0.053782
0.141420
0.001763
-0.200000
-0.169310
-0.031100
0.040776
0.140091
0.218505
0.151152
0.066949
0.036863
0.046287
0.051335
0.032665
0.041440
0.042546
0.019402
-0.076557
-0.112847
-0.043634
0.029066
0.030373
-0.001159
0.010472
0.016081
0.012465
-0.004197
-0.005487
0.018104
0.020858
0.016162
0.020720
0.003297
-0.000480
0.009263
0.014942
0.012407
-0.003139
0.000930
0.012390
0.014951
0.013480
0.015278
0.012673
0.003654
0.000488
0.002730
0.011868
0.012874
0.006839
0.009920
0.015062
0.005931
-0.004414
-0.005287
-0.001558
0.008010
0.003957
-0.014417
-0.015736
-0.000212
0.016461
0.023057
0.026942
0.032075
0.009235
-0.016716
-0.020150
-0.007021
0.006780
0.007848
0.039731
0.085110
0.022954
-0.078722
-0.022807
0.082588
0.048224
0.000067
-0.034892
-0.008960
0.178053
0.197971
-0.028223
-0.203012
-0.217430
-0.150285
-0.071030
0.027080
0.220440
0.259449
-0.045951
-0.192923
-0.047657
0.024988
-0.048855
-0.237210
-0.319849
-0.057798
0.275599
0.324914
0.126308
0.008019
0.098365
0.189585
0.127497
-0.022965
-0.053464
0.017360
0.090520
0.061865
-0.021450
-0.070588
-0.100432
-0.029161
-0.010354
-0.035595
0.021292
0.069214
0.010988
-0.046763
-0.008721
0.016899
0.008810
-0.017042
-0.044584
-0.036761
-0.016509
-0.008152
-0.011169
-0.018754
-0.018998
-0.025876
-0.016560
-0.015182
-0.029591
-0.020139
-0.020511
-0.018553
-0.016406
-0.010566
-0.011633
-0.009002
-0.001350
-0.008954
-0.011602
-0.025357
-0.028267
-0.023436
-0.017886
-0.012095
-0.017893
-0.019235
-0.016259
-0.006707
-0.000052
-0.014153
-0.036078
-0.039095
-0.014508
0.017116
0.018518
0.000852
-0.018685
-0.038106
-0.027670
-0.007688
-0.014403
-0.042942
-0.036531
0.021290
0.038285
0.007360
0.003071
0.049742
0.100403
0.115648
0.092971
0.042335
-0.033360
-0.103906
-0.057833
0.059559
0.097048
-0.040131
-0.251835
-0.255776
-0.048001
0.138395
0.111002
0.010026
-0.024404
-0.119845
-0.103866
-0.017788
-0.073134
-0.156951
-0.121252
-0.104226
-0.177647
-0.149315
-0.064873
0.104028
0.262022
0.198162
-0.009982
-0.046856
0.130800
0.199254
0.137149
0.047979
0.006922
-0.007327
-0.039988
-0.009909
0.094007
0.141440
0.114638
0.036336
-0.029076
-0.050272
-0.033159
-0.008409
-0.017155
0.000780
-0.016906
-0.028966
-0.019299
-0.003097
0.005704
0.008519
0.017452
-0.005297
-0.013689
-0.016824
-0.005179
0.000286
0.000584
-0.000206
-0.013423
-0.015466
-0.013593
0.002342
0.007911
0.004526
-0.002990
-0.007319
-0.004375
-0.003535
-0.005929
-0.014428
-0.014180
-0.007353
-0.002547
-0.009804
0.002904
0.017845
-0.007553
-0.019749
-0.007784
-0.014579
0.000663
0.025401
-0.003589
-0.023009
-0.012477
-0.026065
-0.032079
-0.033226
-0.017877
0.035440
0.001245
-0.012707
-0.004443
-0.107811
-0.085568
0.059115
0.018919
-0.148859
-0.227652
-0.180714
0.076924
0.248718
0.145942
0.015214
-0.076278
-0.123252
-0.085898
-0.005703
-0.009307
-0.009927
0.020183
-0.053393
-0.192614
-0.194630
-0.129466
-0.054823
0.057008
0.084140
0.069211
0.084520
0.017661
-0.066333
-0.030499
-0.016244
0.027119
0.028988
-0.026467
0.015167
0.088009
0.031215
-0.038961
0.024506
0.084764
0.072015
-0.002852
-0.026509
0.007259
0.055343
0.093677
0.073055
0.037016
0.031941
0.044766
0.058925
0.056301
0.028231
0.009976
0.013714
0.022082
0.016829
0.021498
0.027656
0.022659
0.013428
0.013446
0.024638
0.018308
0.014607
0.015363
0.021222
0.024955
0.020336
0.016980
0.017366
0.013666
0.007402
0.015043
0.016782
0.014703
0.011071
0.012324
0.009074
0.007715
0.021571
0.021081
-0.002433
-0.006810
0.018136
0.016217
0.000388
-0.005126
-0.010759
0.019535
0.058063
0.018444
-0.001019
0.022226
-0.007627
-0.006688
-0.044936
-0.133449
-0.074266
0.004803
0.070587
0.198846
0.149420
-0.028458
-0.134663
-0.143156
-0.056750
0.050420
0.164611
0.217577
0.208968
0.211449
0.101931
-0.156289
-0.178944
0.072273
0.222723
0.171066
0.002666
-0.116857
-0.112066
0.039669
0.073921
-0.048695
-0.076036
-0.075648
-0.017858
0.042400
0.020810
0.034863
0.084217
0.092324
0.005395
-0.144031
-0.148925
0.003590
0.091208
0.053161
-0.074615
-0.131885
-0.064255
-0.030630
-0.032145
-0.016095
-0.040000
-0.063094
-0.097788
-0.086040
0.000853
0.009173
-0.006153
-0.025732
-0.011972
-0.007822
-0.019255
-0.004025
-0.005292
-0.004377
-0.024214
-0.025001
-0.016963
-0.020482
-0.019968
-0.016360
-0.010866
-0.012952
-0.023778
-0.024793
-0.016681
-0.014363
-0.007184
-0.004647
-0.011411
-0.022438
-0.024851
-0.008902
0.000744
-0.012828
-0.026758
-0.032252
-0.034058
-0.006618
0.023051
0.020855
-0.001977
-0.033799
-0.048088
-0.038709
-0.021497
0.003922
0.016024
0.003832
0.005332
0.016279
-0.009946
0.004709
0.053540
0.040403
0.042825
-0.037642
-0.144778
-0.064837
0.109779
0.192264
0.123719
-0.007331
-0.063811
0.019392
0.015420
-0.142858
-0.213470
-0.069152
0.131795
0.156545
0.013957
-0.103140
-0.083025
-0.059053
-0.165033
-0.273172
-0.282029
-0.157074
0.021404
0.054865
0.042499
0.023570
-0.008222
0.048647
0.049154
-0.061037
-0.150126
-0.131826
0.015415
0.174848
0.204713
0.115598
0.035113
0.034131
0.079101
0.087042
0.067723
0.055977
0.047003
0.063195
0.070478
0.041073
-0.006909
-0.027725
-0.007574
-0.000952
-0.006779
-0.002402
-0.012816
-0.013738
-0.002477
0.002820
0.020978
0.026668
0.016388
0.005465
0.008806
0.018624
0.018359
0.020147
0.009518
0.007635
0.017876
0.016820
0.013504
0.007370
0.001761
0.002493
0.003956
0.006488
0.011968
0.010828
0.011361
0.015172
0.011963
0.004392
-0.001990
0.001982
0.006848
0.011141
0.014460
0.027754
0.034551
-0.021218
-0.060908
-0.033245
0.016035
0.053377
0.051911
-0.018507
-0.089206
-0.050125
0.009297
0.064061
0.137600
0.089045
-0.073420
-0.127474
-0.044555
0.059032
0.066388
0.039705
0.100705
0.093583
-0.020541
-0.102729
-0.185006
-0.139025
0.067434
0.028183
0.045807
0.165184
-0.051168
-0.195840
-0.043682
0.106480
0.094847
-0.002196
-0.171730
-0.093181
0.195526
0.192166
-0.030833
-0.156226
-0.044632
0.114282
0.175496
0.108972
0.050518
0.106160
0.145088
0.099627
0.029611
-0.030335
-0.051729
-0.053268
-0.061909
-0.053957
-0.017953
0.056221
0.029969
-0.003963
0.006566
0.022828
0.008733
-0.053517
-0.049474
-0.047585
-0.029487
-0.014202
-0.018052
-0.020855
-0.018099
-0.016578
-0.024523
-0.009321
-0.018709
-0.027846
-0.025197
-0.022290
-0.020142
-0.016402
-0.017396
-0.022535
-0.021124
-0.020167
-0.017715
-0.023840
-0.024050
-0.021229
-0.016695
-0.015547
-0.024098
-0.028735
-0.022920
-0.020871
-0.031127
-0.028468
-0.014619
-0.006877
-0.020404
-0.029277
-0.028675
-0.034807
-0.005914
0.026524
-0.023665
-0.071090
-0.090926
-0.128103
-0.064714
0.077976
0.138251
0.043432
-0.079025
-0.133478
-0.099240
0.014692
0.056620
-0.053754
-0.152203
-0.090496
0.102868
0.178874
-0.046208
-0.157877
-0.005192
0.059338
0.045706
0.012186
-0.096206
0.157350
0.493505
0.253478
-0.037734
0.019286
0.155320
0.215061
0.138707
-0.107093
-0.230922
-0.141763
-0.113716
-0.119856
-0.101964
-0.104525
-0.054245
0.004094
0.009429
-0.014226
-0.023707
-0.041821
-0.023140
0.052055
0.099948
0.106950
0.067266
0.040220
0.056274
0.052658
0.041981
0.035896
0.005235
-0.005686
-0.007288
-0.016024
-0.031542
-0.013012
-0.015656
-0.036111
-0.014699
-0.002500
0.000978
-0.021632
-0.034250
-0.021606
-0.006907
-0.018662
-0.034073
-0.031158
-0.032151
-0.031865
-0.026038
-0.020368
-0.025521
-0.021484
-0.013354
-0.010711
-0.015577
-0.018150
-0.009810
-0.006719
-0.008164
-0.016501
-0.018612
-0.011582
-0.004405
-0.006883
-0.021333
-0.023617
-0.015333
0.001280
0.000248
-0.034421
-0.032453
0.018301
0.012022
-0.059713
-0.108769
-0.062231
0.053792
0.092243
0.045121
-0.067308
-0.168580
-0.059695
0.057183
0.050968
0.054844
-0.020779
-0.060451
0.069395
0.107383
-0.077832
-0.165310
-0.034567
0.055995
0.066402
0.018605
-0.033590
0.136941
0.364976
0.175136
-0.179094
-0.214708
-0.017554
0.290332
0.332587
0.057413
-0.073065
-0.080174
-0.090287
-0.075059
-0.116125
-0.183538
-0.102894
0.054652
0.098830
0.017714
-0.083905
-0.139687
-0.075149
0.070904
0.108025
0.004559
-0.074773
-0.073257
-0.080105
-0.062110
-0.042368
-0.054295
-0.077179
-0.085080
-0.056959
-0.019688
-0.009456
-0.025244
-0.014846
-0.002103
0.007488
-0.003540
-0.004548
0.012980
0.009932
0.005954
0.006197
0.004421
-0.009697
-0.009644
-0.007749
0.005570
0.007187
-0.007031
-0.007444
-0.010206
-0.005184
0.000421
0.002530
0.001081
0.001801
0.004901
0.007315
0.002185
-0.006436
-0.004583
0.001639
0.007320
-0.001076
-0.015994
-0.013617
0.010734
0.029450
0.008530
-0.036782
-0.051347
-0.031061
0.004741
0.039828
0.036482
0.026755
0.017231
-0.027819
-0.056170
-0.002302
0.091995
0.109693
0.052284
-0.007239
-0.088616
-0.126556
-0.013718
0.111535
0.116693
0.066761
0.028035
-0.010729
0.046263
0.139652
0.041363
0.009078
0.167107
0.182429
0.048699
-0.011877
-0.092464
-0.256573
-0.143527
0.101008
0.062978
-0.039558
-0.028150
-0.064012
-0.057208
0.052057
-0.010453
-0.041430
0.065435
0.035902
-0.056180
-0.061383
-0.023041
-0.049382
-0.116108
-0.096315
-0.011796
0.052347
0.056417
0.018889
0.046815
0.060780
0.018844
-0.019391
-0.018322
-0.014971
-0.030191
-0.021834
-0.018290
-0.005049
-0.001623
-0.004718
-0.005392
-0.007835
-0.015123
-0.020076
-0.008377
-0.007464
-0.010759
-0.014426
-0.009893
-0.010938
-0.014503
-0.000132
-0.000460
-0.005051
-0.005663
-0.006264
-0.006592
-0.007113
-0.008369
-0.006073
-0.002035
-0.004073
-0.003779
-0.003317
-0.002467
-0.005743
-0.010234
-0.006902
0.000936
0.003056
0.001854
0.008337
0.009812
-0.003359
-0.015952
-0.018021
-0.020499
-0.010147
0.013119
0.011116
-0.007963
-0.017697
-0.019381
-0.014819
-0.004563
-0.001918
-0.005868
-0.003879
-0.000594
0.001161
0.002718
0.004132
0.004476
0.005133
0.005334
0.002865
0.001043
0.001335
0.000897
0.002523
0.004480
0.003673
0.000183
-0.000959
0.000042
0.000301
0.002568
0.002377
0.002038
0.001262
0.001176
0.003168
0.002555
0.002601
0.000273
-0.000233
0.000805
0.000252
0.000936
0.001977
0.001889
0.000849
0.001338
0.001034
0.001671
0.001348
0.001272
0.001425
0.001680
0.001755
0.001700
0.001730
0.002116
0.001597
0.001010
0.000579
0.000757
0.000780
0.001097
0.001175
0.000953
0.000760
0.000839
0.000946
0.000981
0.000970
0.000956
0.000772
0.000630
0.000701
0.000898
0.001027
0.000996
0.000834
0.000671
0.000490
0.000436
0.000502
0.000548
0.000437
0.000295
0.000221
0.000249
0.000343
0.000404
0.000379
0.000182
-0.000049
-0.000086
0.000100
0.000294
0.000409
0.000369
0.000141
-0.000089
-0.000075
0.000031
0.000093
0.000103
0.000003
-0.000048
-0.000038
0.000015
-0.000011
0.000009
-0.000075
-0.000074