-0.208605
-0.153585
-0.089368
-0.019187
0.052881
0.122580
0.186160
0.240878
0.285179
0.318558
0.341196
0.353546
0.356051
0.349097
0.333213
0.309407
0.279462
0.246038
0.212469
0.182277
0.158540
0.143292
0.137161
0.139352
0.147977
0.160611
0.174878
0.188895
0.201419
0.211711
0.219211
0.223189
0.222560
0.215947
0.202014
0.179926
0.149783
0.112832
0.071358
0.028279
-0.013455
-0.051445
-0.084234
-0.111379
-0.133202
-0.150346
-0.163302
-0.172106
-0.176310
-0.175244
-0.168443
-0.156074
-0.139178
-0.119617
-0.099732
-0.081833
-0.067685
-0.058199
-0.053405
-0.052735
-0.055477
-0.061228
-0.070164
-0.083014
-0.100737
-0.124040
-0.152895
-0.186268
-0.222147
-0.257898
-0.290805
-0.318626
-0.339975
-0.354409
-0.362219
-0.364030
-0.360386
-0.351495
-0.337240
-0.317456
-0.292343
-0.262857
-0.230883
-0.199089
-0.170485
-0.147797
-0.132866
-0.126251
-0.127166
-0.133760
-0.143615
-0.154296
-0.163751
-0.170459
-0.173300
-0.171263
-0.163151
-0.147453
-0.122489
-0.086799
-0.039666
0.018416
0.085524
0.158425
0.233037
0.305102
0.370869
0.427591
0.473711
0.508723
0.532807
0.546414
0.549986
0.543907
0.528706
0.505389
0.475740
0.442419
0.408759
0.378283
0.354068
0.338148
0.331153
0.332290
0.339670
0.350869
0.363514
0.375723
0.386254
0.394370
0.399514
0.400960
0.397621
0.388127
0.371142
0.345836
0.312311
0.271817
0.226644
0.179712
0.133976
0.091838
0.054760
0.023189
-0.003193
-0.025024
-0.042792
-0.056525
-0.065774
-0.069860
-0.068316
-0.061304
-0.049857
-0.035833
-0.021569
-0.009367
-0.000989
0.002663
0.001562
-0.003717
-0.012456
-0.024247
-0.039260
-0.058216
-0.082071
-0.111523
-0.146541
-0.186082
-0.228130
-0.270044
-0.309101
-0.343055
-0.370512
-0.391025
-0.404877
-0.412688
-0.414996
-0.412003
-0.403587
-0.389576
-0.370165
-0.346304
-0.319873
-0.293534
-0.270291
-0.252867
-0.243095
-0.241531
-0.247383
-0.258795
-0.273345
-0.288593
-0.302482
-0.313487
-0.320485
-0.322459
-0.318209
-0.306220
-0.284808
-0.252509
0.653547
0.645707
0.621060
0.581381
0.528607
0.465301
0.395067
0.322680
0.253761
0.194019
0.148250
0.119409
0.108047
0.112306
0.128469
0.151887
0.177983
0.203003
0.224337
0.240348
0.249895
0.251781
0.244438
0.225998
0.194768
0.149932
0.092198
0.024122
-0.050076
-0.125178
-0.195940
-0.258054
-0.308808
-0.347241
-0.373784
-0.389564
-0.395645
-0.392519
-0.380024
-0.357709
-0.325483
-0.284266
-0.236357
-0.185344
-0.135550
-0.091196
-0.055559
-0.030426
-0.016024
-0.011423
-0.015251
-0.026427
-0.044624
-0.070273
-0.104125
-0.146521
-0.196682
-0.252301
-0.309624
-0.364025
-0.410898
-0.446567
-0.468920
-0.477577
-0.473554
-0.458607
-0.434525
-0.402649
-0.363804
-0.318644
-0.268250
-0.214684
-0.161240
-0.112215
-0.072211
-0.045161
-0.033390
-0.037016
-0.053883
-0.080045
-0.110626
-0.140771
-0.166371
-0.184374
-0.192652
-0.189571
-0.173520
-0.142685
-0.095207
-0.029735
0.053823
0.153629
0.265622
0.383763
0.500813
0.609442
0.703360
0.778140
0.831545
0.863295
0.874470
0.866790
0.842085
0.802130
0.748863
0.684846
0.613684
0.540154
0.469877
0.408564
0.361012
0.330178
0.316615
0.318467
0.332019
0.352627
0.375713
0.397529
0.415466
0.427893
0.433669
0.431604
0.420132
0.397390
0.361689
0.312216
0.249686
0.176659
0.097359
0.017009
-0.059141
-0.126779
-0.183185
-0.227394
-0.259833
-0.281620
-0.293815
-0.296904
-0.290717
-0.274798
-0.249051
-0.214388
-0.173103
-0.128775
-0.085723
-0.048159
-0.019355
-0.001091
0.006414
0.004095
-0.006668
-0.024788
-0.049930
-0.082519
-0.123299
-0.172604
-0.229648
-0.292117
-0.356252
-0.417418
-0.471004
-0.513326
-0.542267
-0.557439
-0.559852
-0.551256
-0.533434
-0.507720
-0.474933
-0.435722
-0.391161
-0.343307
-0.295448
-0.251876
-0.217186
-0.195307
-0.188560
-0.197057
-0.218636
-0.249347
-0.284311
-0.318668
-0.348303
-0.370162
-0.382113
-0.382517
-0.369762
-0.342029
-0.297456
-0.234689
-0.153634
-0.056126
0.053775
0.170034
0.285412
0.392583
0.485255
0.559006
0.611597
0.642751