-0.017283
-0.013117
-0.017817
-0.022701
-0.016847
-0.016371
-0.017588
-0.016691
-0.017284
-0.019776
-0.020795
-0.021622
-0.022196
-0.019672
-0.016765
-0.015797
-0.015303
-0.016877
-0.018182
-0.010294
-0.004963
0.002832
0.002193
-0.002060
-0.010710
-0.022575
-0.000019
0.015218
-0.001556
-0.016985
-0.019549
0.005102
0.038334
0.056920
0.049739
0.020582
-0.019583
-0.054406
-0.042651
-0.008116
0.027104
0.039659
0.040007
0.016766
0.027806
0.012264
-0.062924
-0.084924
-0.084472
0.001062
0.118358
0.087231
-0.001955
-0.016131
-0.059860
-0.131494
-0.113523
-0.083850
0.000187
0.015216
-0.065063
-0.025611
-0.000523
-0.006656
-0.022654
-0.086680
-0.102523
-0.057421
-0.025167
0.042415
0.096581
0.078017
0.036512
0.025349
0.016262
0.020693
0.040465
0.033659
0.048323
0.037288
-0.005921
-0.028063
-0.026299
0.007126
0.021336
0.008135
0.011254
0.012976
0.003137
-0.000444
0.003299
0.006493
0.017449
0.022983
0.010340
0.001298
0.010917
0.012081
0.012727
0.011331
0.015706
0.016825
0.009006
0.013233
0.015980
0.017771
0.016663
0.012452
0.008204
0.008884
0.009905
0.005450
0.005556
0.006124
0.008216
0.009677
0.004867
0.005789
0.008330
0.008187
0.007080
-0.002538
-0.007854
-0.000141
0.003787
0.012515
0.015765
0.012999
0.007619
-0.013831
-0.016161
-0.010128
-0.004374
0.007854
0.018352
0.035561
0.023163
-0.020025
-0.016171
0.025915
0.034868
-0.004386
0.004048
0.026086
0.061706
0.100412
0.016529
-0.055608
-0.095811
-0.111529
-0.039963
0.014675
0.085762
0.136671
0.036258
-0.083432
-0.051920
-0.012759
-0.055225
-0.111696
-0.141150
-0.048062
0.074554
0.094879
0.093739
0.054579
0.019553
0.063113
0.066967
0.035034
0.011815
0.035566
0.066254
0.052685
0.021216
-0.000367
-0.014265
-0.047088
-0.012521
0.016403
0.011688
0.027230
0.020614
0.006327
-0.009001
-0.002247
0.006056
-0.000413
-0.023297
-0.024025
-0.011655
-0.016437
-0.007584
-0.004544
-0.013289
-0.018316
-0.008450
-0.009891
-0.013347
-0.013869
-0.012151
-0.006054
-0.019751
-0.019730
-0.016243
-0.019599
-0.022795
-0.020283
-0.017337
-0.021838
-0.018669
-0.016290
-0.015994
-0.014422
-0.009090
-0.010019
-0.017087
-0.014766
-0.009352
-0.013195
-0.028141
-0.030975
-0.025109
-0.014121
-0.005414
-0.012018
-0.013729
-0.019590
-0.024835
-0.012628
-0.016433
-0.023079
-0.023075
-0.011254
0.007666
-0.007652
-0.005394
0.021347
0.045309
0.060881
0.054446
0.043873
0.009579
-0.031226
-0.023088
0.031446
0.053157
-0.001560
-0.081146
-0.114397
-0.050657
0.017347
0.055308
0.033502
-0.008193
-0.029772
-0.082970
-0.040308
-0.039806
-0.078930
-0.074184
-0.092021
-0.097327
-0.127520
-0.077650
-0.000670
0.073206
0.071085
0.007937
-0.002328
0.021624
0.069861
0.071367
0.061244
0.028734
0.009023
-0.008508
-0.001499
0.047632
0.075741
0.086889
0.053784
0.020904
0.000566
0.002577
0.006090
0.012269
0.028945
0.010198
-0.002017
-0.010751
-0.008623
-0.008230
0.000329
0.007511
-0.001670
0.000139
0.001198
0.002598
0.005052
0.015885
0.014257
0.002214
-0.003171
-0.001966
-0.002179
-0.003888
-0.002031
-0.001798
-0.004688
-0.007722
-0.005670
-0.004111
-0.002738
-0.002121
-0.002414
-0.002067
-0.001618
-0.000947
0.002564
-0.002045
-0.015560
-0.014237
-0.012244
-0.014777
-0.002620
-0.002713
-0.011463
-0.011949
-0.020256
-0.025172
-0.018136
-0.017815
-0.004033
0.016109
-0.020317
-0.018247
-0.031588
-0.067080
-0.002168
-0.005999
-0.069386
-0.110585
-0.103981
-0.016654
0.087238
0.067660
0.021803
-0.005265
-0.078276
-0.073016
-0.034313
0.002660
0.008245
-0.003309
-0.022488
-0.082714
-0.131798
-0.113244
-0.053281
-0.010101
0.016925
0.035163
0.035294
-0.003245
-0.058052
-0.036676
-0.011228
-0.018414
0.009325
0.003469
0.005682
0.019831
0.000369
-0.001272
0.012505
0.028640
0.042785
0.027242
0.000513
0.011738
0.032889
0.043705
0.048789
0.040601
0.035189
0.028528
0.036279
0.038564
0.033718
0.027065
0.027483
0.038367
0.036076
0.040230
0.038158
0.032774
0.025943
0.025786
0.026598
0.022915
0.024371
0.024355
0.023774
0.016399
0.018711
0.022897
0.019268
0.019102
0.023491
0.024145
0.021448
0.020765
0.016160
0.015039
0.014993
0.011980
0.015003
0.015048
0.008609
0.003742
0.006911
0.011812
0.003461
-0.000904
0.005092
0.008452
0.021105
0.023941
0.005706
0.011809
0.006008
-0.019467
-0.016345
-0.054802
-0.060736
0.002996
0.021279
0.074571
0.090586
-0.006691
-0.050278
-0.086859
-0.068038
0.022270
0.051907
0.127678
0.144289
0.106265
0.065021
-0.031536
-0.065810
0.014920
0.115177
0.127905
0.066702
0.002156
-0.013083
-0.009534
0.024014
0.008823
-0.008145
0.001175
-0.034990
0.028053
0.020988
0.010394
0.058652
0.032922
0.026831
-0.046383
-0.072115
-0.003536
0.025726
0.017852
0.001615
-0.036841
-0.047343
-0.032462
-0.026311
-0.015135
-0.024356
-0.042679
-0.058145
-0.057238
-0.037433
-0.016823
-0.023162
-0.031805
-0.025487
-0.037347
-0.031862
-0.022052
-0.020473
-0.011957
-0.016286
-0.020809
-0.023640
-0.025123
-0.024359
-0.021649
-0.017359
-0.016821
-0.022158
-0.025874
-0.028762
-0.023751
-0.019355
-0.017922
-0.017736
-0.020535
-0.018004
-0.014579
-0.011210
-0.011262
-0.014190
-0.020986
-0.023093
-0.014586
0.002140
0.009782
-0.000609
-0.012672
-0.024633
-0.026319
-0.018748
-0.010079
0.004180
0.005010
-0.000130
0.000514
0.000301
-0.003349
0.017438
0.034116
0.007038
-0.002652
-0.055032
-0.041133
0.042976
0.073681
0.089322
0.036688
-0.002488
0.003061
-0.011415
-0.053988
-0.081739
-0.030344
0.046345
0.074524
0.035842
-0.018793
-0.039735
-0.058517
-0.106208
-0.140650
-0.140297
-0.117874
-0.046227
-0.005601
-0.006644
-0.006948
-0.031157
-0.035632
-0.012046
-0.055055
-0.090122
-0.073826
-0.038173
0.052978
0.081075
0.059121
0.037058
0.005189
0.023150
0.038183
0.040645
0.053652
0.057331
0.059988
0.055296
0.046523
0.027892
0.006858
0.005660
0.009373
0.013739
0.018696
0.008614
0.006092
0.008782
0.012256
0.017979
0.020784
0.020639
0.016059
0.016978
0.016037
0.017232
0.018528
0.016176
0.016347
0.013788
0.017002
0.019863
0.015844
0.014925
0.015486
0.014638
0.014948
0.015914
0.015558
0.012690
0.011394
0.011828
0.005986
0.003962
0.004797
0.006557
0.006827
0.009383
0.015068
0.013250
0.002455
-0.025583
-0.015617
0.006396
0.019090
0.022092
-0.006932
-0.035374
-0.046763
-0.014493
0.022010
0.050274
0.051187
-0.011139
-0.052978
-0.035343
-0.002665
0.037774
0.036699
0.048133
0.075204
0.001767
-0.056404
-0.065560
-0.074073
-0.014226
0.043144
0.019321
0.072550
0.018278
-0.110215
-0.031068
0.010888
0.037854
0.009324
-0.052267
-0.024596
0.038342
0.063699
-0.004636
-0.029880
-0.040952
0.023858
0.080831
0.061591
0.071749
0.076550
0.076052
0.068956
0.049085
0.018164
0.015331
-0.012731
-0.024851
0.000147
0.012568
0.019522
0.021491
0.027064
0.012260
0.013639
0.003501
-0.009928
-0.018496
-0.023612
-0.009970
-0.013451
-0.006471
-0.005801
-0.020626
-0.026723
-0.019731
-0.014882
-0.015440
-0.015422
-0.014415
-0.011649
-0.014700
-0.018259
-0.018830
-0.017474
-0.023797
-0.025436
-0.025969
-0.025725
-0.025100
-0.024982
-0.023858
-0.025767
-0.020767
-0.020459
-0.023103
-0.022883
-0.022481
-0.021504
-0.020826
-0.020093
-0.022275
-0.031053
-0.031661
-0.027922
-0.024293
-0.009769
-0.013502
-0.047382
-0.060375
-0.067414
-0.053683
0.013344
0.041489
0.031494
-0.029723
-0.071127
-0.056993
-0.034049
-0.002045
-0.021002
-0.058129
-0.043529
-0.000985
0.047131
0.008614
-0.078177
-0.030611
0.012912
-0.014549
-0.013788
0.001180
0.055320
0.178508
0.161424
0.049015
0.066159
0.082577
0.113226
0.124064
0.020753
-0.024357
-0.039022
-0.053623
-0.047009
-0.025120
-0.029092
-0.035276
-0.007056
-0.014280
-0.011155
-0.031846
-0.047445
-0.019248
0.005341
0.020726
0.053369
0.040188
0.008947
0.030806
0.033880
0.023286
0.029135
0.041338
0.022979
0.010816
0.012678
0.011272
0.009127
-0.010957
-0.005208
-0.003484
-0.010968
-0.010354
-0.022199
-0.024793
-0.021331
-0.019802
-0.019482
-0.016691
-0.018164
-0.017837
-0.019259
-0.023758
-0.019642
-0.014827
-0.018150
-0.021422
-0.017675
-0.020579
-0.024148
-0.026148
-0.021900
-0.020123
-0.021454
-0.018955
-0.017657
-0.012827
-0.012294
-0.012818
-0.017781
-0.013062
-0.004074
-0.006085
-0.013682
-0.020378
-0.003989
0.000251
-0.031302
-0.049619
-0.038606
0.003027
0.036246
0.009242
-0.022354
-0.061293
-0.076548
0.002152
0.013445
0.011134
0.019417
-0.028411
0.016036
0.022453
-0.029662
-0.057553
-0.049710
0.018058
0.013011
0.007702
0.020961
0.056618
0.141039
0.097430
-0.026810
-0.066546
-0.007433
0.100779
0.181356
0.106545
0.035713
0.009496
-0.051826
-0.047991
-0.042441
-0.056072
-0.034264
0.011579
0.034964
0.032644
-0.037705
-0.086666
-0.040761
-0.005270
0.030924
0.019942
-0.015832
-0.044372
-0.062457
-0.050162
-0.041114
-0.037639
-0.046506
-0.046566
-0.051565
-0.039947
-0.025588
-0.027928
-0.027535
-0.024134
-0.015491
-0.018765
-0.025266
-0.023457
-0.016000
-0.016539
-0.016542
-0.010655
-0.011514
-0.012198
-0.007113
-0.003684
-0.007727
-0.002910
-0.001590
-0.005087
-0.004555
-0.002257
-0.002487
-0.008468
-0.009616
-0.008410
-0.007011
-0.005844
-0.003244
0.000184
0.002746
0.004358
0.002385
-0.001083
0.001582
0.010007
0.018738
0.013335
-0.007789
-0.020234
-0.013996
-0.002107
0.011938
0.022916
0.017893
0.011907
-0.007037
-0.020816
0.001917
0.036184
0.063077
0.046818
0.007335
-0.024493
-0.055140
-0.031305
0.037179
0.062399
0.052293
0.024984
0.016698
0.022191
0.034904
0.056856
0.037005
0.088088
0.119832
0.064512
0.030914
-0.034919
-0.070221
-0.078447
0.002439
0.069151
0.006119
-0.007759
-0.020733
-0.030678
-0.013913
-0.009774
-0.001812
0.031043
0.010833
-0.021047
-0.020544
-0.035751
-0.044819
-0.068337
-0.058420
-0.019996
0.000275
0.013496
0.020337
0.015570
0.007765
0.017332
-0.004554
-0.017576
-0.003485
-0.011435
-0.024417
-0.021949
-0.006424
-0.013881
-0.015993
-0.006348
-0.007260
-0.014978
-0.010197
-0.006073
-0.010921
-0.005355
-0.001758
-0.009657
-0.013570
-0.010233
-0.013703
-0.018531
-0.015912
-0.011833
-0.008876
-0.007737
-0.008056
-0.003915
0.000315
-0.001539
-0.001819
-0.000343
0.000798
-0.001453
-0.004516
-0.005813
-0.007156
-0.005993
-0.003290
-0.001222
0.001510
0.006686
0.003538
-0.003894
-0.006158
-0.004880
-0.002030
0.004054
0.006399
-0.001235
-0.008466
-0.013651
-0.013757
-0.009736
-0.007181
-0.005040
-0.004112
-0.003488
-0.002560
-0.000764
-0.000006
0.000374
0.001652
0.002148
0.002237
0.000052
-0.001396
-0.000728
-0.000354
0.000181
0.002135
0.002493
0.001156
0.001082
0.001923
0.001968
0.001370
0.001898
0.001824
0.001088
0.001427
0.001795
0.001339
0.000937
0.000659
0.000206
0.000472
0.001563
0.002104
0.002096
0.002231
0.002082
0.001858
0.001783
0.001807
0.001924
0.001752
0.001406
0.001188
0.001301
0.001446
0.001639
0.001838
0.001872
0.001701
0.001532
0.001517
0.001471
0.001471
0.001463
0.001351
0.001224
0.001152
0.001082
0.001002
0.000934
0.000848
0.000721
0.000578
0.000544
0.000618
0.000697
0.000711
0.000627
0.000482
0.000356
0.000326
0.000327
0.000296
0.000214
0.000142
0.000133
0.000166
0.000249
0.000320
0.000307
0.000182
0.000047
0.000024
0.000093
0.000193
0.000238
0.000202
0.000100
-0.000000
-0.000014
-0.001723
0.041519
0.041054
0.050254
0.020453
-0.009766
-0.097457
0.025209
0.179227
-0.037758
-0.119611
-0.037796
0.037496
0.148331
0.180444
0.162734
-0.016474
-0.141186
-0.248862
-0.159313
0.023011
0.061928
0.127712
0.042653
0.006808
0.104969
0.228010
-0.286204
-0.423498
-0.299554
-0.102023
0.724598
0.299699
-0.446167
-0.033652
0.126255
-0.588197
-0.522999
0.062486
0.070972
0.123098
-0.356404
0.037275
0.373705
0.013559
0.169743
-0.187628
-0.379288
-0.066578
0.134993
0.288871
0.442350
0.275624
-0.007165
0.071154
0.208714
-0.024141
-0.015552
0.082585
0.062988
-0.035505
-0.243356
-0.141740
-0.086263
-0.036045
0.026683
0.015121
0.027975
-0.007618
0.083232
0.043629
-0.009194
-0.021348
0.038265
0.032909
0.000654
-0.002382
0.023355
0.047560
0.022734
0.025921
0.013491
0.016213
0.009708
0.031424
0.025005
0.020248
0.013432
0.005916
0.006039
0.004527
-0.005640
-0.015326
-0.020672
-0.017296
-0.018672
0.016508
0.000199
-0.013445
0.012362
0.012889
0.028855
-0.020367
-0.049559
0.007572
0.023933
-0.008264
0.045732
0.045193
0.034033
-0.060558
-0.062857
0.044519
-0.021100
-0.004093
0.056539
0.171821
0.129822
-0.234886
-0.125496
0.284771
0.152958
-0.188424
-0.078239
0.149233
0.077294
0.416596
0.099538
-0.534490
-0.346475
-0.350629
-0.060445
0.024139
0.214595
0.726925
0.001280
-0.687500
-0.025469
0.497810
-0.273091
-0.586973
-0.399512
-0.136768
0.470981
0.595561
0.398372
0.074402
-0.098181
0.423874
0.397243
-0.139752
-0.246027
-0.028957
0.208803
-0.081520
-0.110344
-0.104585
-0.162915
-0.171622
-0.084890
0.132407
-0.084600
0.171740
0.095998
-0.103413
-0.026877
0.006691
0.068099
-0.108926
-0.052219
-0.109558
-0.030386
0.018547
-0.018096
-0.005310
-0.080519
-0.003995
0.002830
0.011196
-0.003619
0.018207
-0.007782
-0.032631
-0.012958
-0.032097
-0.044665
-0.070595
-0.036311
-0.034860
-0.033729
-0.025575
-0.006829
0.002596
-0.014098
0.002588
-0.005274
-0.018123
-0.038929
-0.013829
0.003829
-0.014992
-0.066252
-0.087794
0.000556
0.018682
0.048396
0.004798
-0.026403
-0.028660
-0.096701
0.031302
0.050838
-0.093351
-0.069498
0.044213
0.178203
0.006912
-0.074818
0.190134
0.194815
0.151018
0.136033
0.134114
-0.027196
-0.343417
-0.183848
0.161671
0.216586
-0.161396
-0.462472
-0.455685
-0.100031
0.314126
0.205587
0.103035
-0.117834
-0.103481
-0.277751
-0.074061
0.251262
-0.575069
-0.264786
-0.008867
-0.206629
-0.357613
-0.143553
0.563965
0.367092
0.444309
0.019757
0.029278
0.250273
0.325049
0.319438
-0.054749
-0.000526
-0.173867
-0.073697
-0.137815
0.138535
0.254840
0.044159
0.102874
-0.058018
-0.079718
-0.099379
0.055780
-0.046926
-0.096909
-0.047393
-0.055039
-0.037312
-0.044311
0.032180
-0.003329
0.010414
-0.011243
0.023639
0.029455
0.015554
0.051832
0.033279
0.011440
-0.016480
-0.009793
-0.009299
-0.008628
-0.009527
-0.032328
-0.023384
-0.026842
-0.009017
0.001442
0.005726
-0.015747
-0.033152
-0.009195
-0.000446
-0.006916
-0.026110
0.033490
0.005765
-0.108780
-0.042474
0.043477
-0.033818
0.020493
0.069085
-0.073667
-0.045125
-0.012946
-0.058532
-0.065084
-0.064793
0.028178
0.093349
-0.078966
-0.081823
0.071543
-0.368905
0.081661
0.369849
-0.390905
-0.459901
-0.272091
0.207561
0.486971
0.308100
-0.051323
0.045936
-0.246636
-0.331435
0.176351
0.032985
-0.117701
-0.139739
0.126399
-0.264934
-0.545288
-0.109560
0.069869
0.057871
0.071937
0.230848
0.298933
0.088465
-0.233741
-0.039667
0.164652
-0.167203
-0.031997
0.124831
-0.075052
0.165717
0.044629
-0.053017
0.063828
0.121572
0.189611
0.021855
-0.024284
-0.030232
0.111736
0.124454
0.156425
0.020012
-0.026603
0.080010
0.068492
0.058909
-0.023750
0.055261
-0.004768
0.014572
0.058886
0.047632
0.033115
0.008095
0.024749
0.017416
0.028852
0.003955
0.016134
0.010761
-0.004085
0.016486
0.021676
0.029450
0.012894
0.019279
0.019321
0.017419
0.022474
0.011167
0.010141
-0.004433
0.002393
-0.014714
0.023059
0.055525
-0.027054
-0.047486
0.026765
0.056191
-0.040536
-0.059625
0.015852
-0.010081
0.042227
0.087664
-0.043344
-0.007167
0.067992
-0.093124
-0.042330
-0.158677
-0.329575
0.138844
0.136891
0.174832
0.528329
-0.074414
-0.361902
-0.111664
-0.180838
0.180056
0.177620
0.347993
0.537830
0.112433
0.328574
-0.202972
-0.571623
0.040370
0.513542
0.262923
-0.234896
-0.179338
-0.128909
-0.076111
0.072820
0.114770
-0.327673
-0.124766
-0.046508
0.057516
0.299897
-0.285473
0.314193
0.183336
-0.086940
-0.158315
-0.477299
0.185384
0.168794
-0.030758
-0.106939
-0.186782
-0.120714
-0.055712
-0.029330
0.029891
-0.029459
-0.210224
-0.102793
-0.051358
-0.010888
0.044653
-0.018724
-0.045381
-0.035809
-0.047891
0.022824
0.055711
-0.005883
-0.007534
-0.029278
-0.007074
-0.033373
-0.025193
-0.013576
-0.025296
-0.027468
-0.027237
-0.016639
-0.024058
-0.031044
-0.016666
-0.002541
-0.019117
-0.026523
-0.025779
-0.012997
0.004342
0.022471
-0.005622
-0.024823
-0.040953
-0.044369
-0.008888
0.066997
0.077227
-0.011891
-0.041366
-0.055243
-0.062489
-0.014784
0.014666
0.054123
0.016501
-0.041958
0.071053
0.033349
-0.030862
0.067127
0.187266
0.012301
-0.064122
-0.155852
-0.329491
0.320422
0.342240
0.164459
0.017145
-0.237303
0.118096
0.032375
-0.235354
-0.504079
-0.189160
0.308743
0.231659
0.038442
-0.202078
-0.100071
-0.075490
-0.294709
-0.466205
-0.403254
-0.295031
0.007836
0.312114
0.085895
0.070351
0.108558
0.071425
0.274531
-0.011378
-0.381775
-0.128234
0.000276
0.287501
0.434517
0.157365
0.126653
-0.013232
0.116781
0.244004
0.047977
0.078146
0.023406
0.061779
0.056251
0.001797
-0.029228
-0.135103
-0.087985
-0.006260
-0.039118
-0.015699
0.012727
-0.049491
-0.009692
0.010308
0.030815
0.067526
0.049352
0.030012
0.044708
0.055758
0.043167
0.035246
-0.003369
-0.011405
0.004971
0.014058
0.017348
0.013702
0.026663
0.019649
0.020476
0.015452
0.013527
0.004967
-0.022552
-0.018361
-0.005621
-0.017182
-0.027671
0.009274
0.003911
0.006636
0.000501
0.047415
0.060548
-0.026732
-0.159277
-0.119753
0.108469
0.040105
0.091676
0.014877
-0.173734
-0.147654
0.020677
0.180663
0.154320
0.243626
-0.097261
-0.363990
-0.035060
0.164164
0.116327
-0.003532
0.077243
0.366104
-0.074539
-0.389302
-0.078127
-0.272752
-0.095820
0.246332
-0.000037
0.194745
0.349361
-0.749620
-0.133852
0.610351
-0.047031
-0.013934
-0.378169
-0.001698
0.207335
0.399562
0.057485
-0.395818
-0.039388
0.022517
0.565064
0.140027
-0.008512
0.197403
0.211500
0.160064
-0.068615
-0.008481
-0.171382
-0.143590
-0.236514
-0.109032
-0.003434
0.027615
0.085544
0.026411
-0.006710
0.038239
0.068832
-0.091731
-0.084078
-0.082066
-0.058801
-0.048931
-0.007002
-0.032201
-0.080428
-0.007393
-0.018042
-0.003340
-0.005475
-0.002333
-0.013272
-0.019806
-0.015891
-0.016631
-0.021811
-0.054415
-0.047602
-0.036326
-0.039415
-0.041230
-0.040571
-0.038385
-0.035222
-0.022616
-0.020801
-0.026024
-0.021283
-0.010866
-0.031243
-0.046823
-0.004840
0.007394
-0.033643
-0.077184
-0.058102
-0.027773
-0.047894
0.066609
0.055531
-0.148912
-0.161465
-0.099865
-0.204251
0.135611
0.377785
0.082966
-0.152148
-0.300169
-0.035823
-0.015885
0.103443
0.062234
-0.347644
-0.220317
0.195929
0.490703
0.081984
-0.564542
0.038285
0.505558
-0.157645
-0.055397
0.158381
0.073717
0.743309
0.817654
-0.347382
-0.179747
0.491139
0.156854
0.186059
-0.279471
-0.511993
-0.340605
-0.335649
-0.140130
-0.195700
-0.145952
-0.218358
0.171948
0.175768
-0.088717
0.142771
-0.016262
-0.030516
0.067798
0.194862
0.228502
0.133218
-0.003374
0.079305
0.194993
-0.038619
0.038979
0.099922
-0.041713
-0.102944
0.008316
-0.047587
-0.059769
-0.050763
-0.107047
-0.004063
-0.053387
-0.038338
-0.084760
-0.075354
-0.075034
-0.042141
-0.014223
-0.044803
-0.020463
-0.034609
-0.005151
-0.002106
0.006382
-0.019216
-0.012647
-0.000677
-0.025058
-0.033227
-0.019052
-0.001751
-0.006018
-0.012138
-0.021161
-0.014485
-0.010749
-0.002179
0.002257
-0.043671
-0.047871
-0.020311
0.038027
0.016728
-0.043308
-0.067441
0.035315
0.120564
-0.130002
-0.237784
-0.087954
0.098392
0.198649
0.054439
-0.091004
-0.218262
-0.293112
0.199673
0.286669
-0.144375
0.125108
-0.137620
-0.003075
0.445293
-0.186249
-0.335122
-0.145999
0.278077
0.135412
-0.182013
0.196870
0.104017
0.633498
0.535870
-0.446086
-0.510977
-0.012916
0.468574
0.601642
0.106051
-0.417653
0.022395
-0.236519
-0.326744
0.030778
-0.371110
-0.348957
0.057481
0.372471
0.095281
-0.196555
-0.230978
-0.023309
0.083898
0.111703
0.157593
-0.164627
-0.142093
-0.183781
-0.077611
-0.047778
-0.092935
-0.102839
-0.155792
-0.013803
0.023411
0.054359
-0.006953
0.039281
0.017492
-0.004648
0.038627
-0.007920
-0.004310
-0.022389
0.001136
0.010692
0.002440
-0.014615
-0.004061
0.001549
-0.006979
0.017065
0.022440
0.012372
-0.001714
0.012912
0.006768
-0.007186
-0.014953
-0.008051
0.003319
-0.008301
-0.008564
-0.007217
0.012471
0.020854
0.016578
0.024224
-0.013716
-0.012808
0.032926
0.075837
0.048302
-0.076627
-0.103562
-0.024744
0.019684
0.035997
0.094629
0.058336
0.015300
-0.013941
-0.143122
-0.015975
0.171864
0.211374
0.088459
-0.069439
-0.075316
-0.256183
-0.159362
0.315536
0.278980
-0.015300
0.034156
0.069054
0.072297
0.125734
0.212035
-0.076767
0.018623
0.568532
-0.040984
-0.191774
-0.038211
-0.465996
-0.483846
0.017542
0.599581
-0.309251
-0.315972
0.311093
-0.104460
-0.063296
0.048114
0.098012
0.023492
0.024682
-0.115171
-0.020943
-0.044405
-0.178347
-0.128746
-0.242345
0.060507
0.116901
0.103112
0.131432
0.106594
0.123057
0.020692
0.027497
-0.048060
-0.065745
-0.107540
-0.072761
-0.058938
-0.067943
-0.024886
0.001616
0.006251
-0.035816
-0.006800
0.021804
-0.004286
-0.004129
0.017228
0.003338
-0.033349
-0.022302
-0.017655
-0.021446
-0.022446
-0.015652
0.003218
0.000632
0.004761
0.000499
0.015639
0.013812
0.014929
0.006559
0.008705
0.009033
-0.001378
-0.011660
-0.014899
-0.018972
-0.018570
0.002761
0.010103
0.006637
0.024534
0.022568
-0.028892
-0.029127
-0.019292
-0.023563
0.004263
0.035784
-0.017329
-0.053837
-0.028484
-0.020949
-0.001593
0.001580
0.000334
0.002547
-0.000559
0.007999
0.012048
0.011671
0.005286
0.006616
0.005718
0.005732
0.009018
0.006837
0.005681
0.005840
0.008087
0.003769
0.006562
0.003767
0.002977
0.004286
0.004642
0.005273
0.003158
-0.000401
-0.000100
0.003945
0.003592
0.001726
0.001229
-0.000272
-0.003544
0.000978
0.004886
0.002874
0.002908
0.002583
0.001804
0.000022
0.001908
0.003428
0.000300
0.000400
0.000755
0.001518
0.001323
0.002134
0.001580
0.001929
0.000899
0.001455
0.002010
0.002744
0.002531
0.001318
0.000152
0.000298
0.000195
0.000422
0.000257
0.000565
0.000400
0.000109
-0.000067
0.000370
0.000728
0.000719
0.000479
-0.000022
-0.000271
-0.000125
0.000267
0.000436
0.000414
0.000112
-0.000134
-0.000083
0.000126
0.000378
0.000429
0.000285
-0.000088
-0.000192
-0.000228
-0.000017
0.000362
0.000561
0.000377
0.000181
0.000017
0.000036
0.000250
0.000290
0.000128
-0.000142
-0.000320
-0.000320
-0.000105
-0.000042
-0.000288
-0.000539
-0.000685
-0.000737
-0.000602
-0.000256
-0.000183
-0.000286
-0.000366
-0.000333
-0.000394
-0.000206