-0.023167
-0.024187
-0.020674
-0.012278
-0.009408
-0.018843
-0.019174
-0.015250
-0.013737
-0.013684
-0.016931
-0.012236
-0.007566
-0.010630
-0.020524
-0.027658
-0.022873
-0.013696
-0.003491
0.001458
0.004069
-0.001476
-0.018889
-0.022908
0.003479
0.020544
-0.000889
-0.022100
-0.024155
-0.001208
0.040443
0.063316
0.052520
0.019248
-0.028398
-0.067259
-0.055663
-0.013504
0.025991
0.042982
0.026280
0.021993
0.042400
0.026924
-0.047740
-0.114604
-0.111858
0.010302
0.143013
0.089615
-0.010817
-0.012477
-0.049212
-0.139968
-0.148739
-0.078340
-0.001658
0.002494
-0.062223
-0.048471
0.018489
0.045592
-0.001133
-0.099633
-0.115041
-0.064541
-0.011117
0.073156
0.115414
0.080693
0.053875
0.041109
0.019141
0.023853
0.025773
0.036725
0.052025
0.011617
-0.029995
-0.048903
-0.038596
0.003921
0.000565
-0.005622
0.013043
0.024561
0.024917
0.007743
0.002165
0.018205
0.036629
0.024821
-0.000825
-0.002794
0.006135
0.011372
0.011685
0.010312
0.010695
0.009806
0.011964
0.008920
0.010162
0.010579
0.012552
0.015742
0.005951
-0.000714
0.008286
0.017239
0.011997
0.004653
0.004870
0.010453
0.008223
0.001560
0.003403
0.010280
0.008982
-0.003034
-0.008589
-0.000805
0.008816
0.014160
0.020852
0.023125
0.011186
-0.009564
-0.014693
-0.006624
-0.004007
-0.000304
0.019958
0.045498
0.020766
-0.032610
-0.016701
0.041034
0.034844
-0.004234
-0.008351
0.017763
0.083170
0.115380
0.023832
-0.084882
-0.122099
-0.113748
-0.072192
-0.005739
0.108290
0.157454
0.030017
-0.093799
-0.048352
0.020183
-0.034970
-0.137825
-0.180641
-0.072402
0.090218
0.143564
0.111547
0.047909
0.047259
0.104154
0.091904
0.034966
0.000802
0.027802
0.070051
0.031744
-0.018510
-0.023202
-0.034645
-0.054728
-0.036442
-0.017211
0.018329
0.070097
0.038161
-0.006274
-0.010122
0.008489
0.029200
0.006175
-0.032521
-0.045859
-0.013311
0.009019
-0.004514
-0.014849
-0.019063
-0.013562
-0.012753
-0.017164
-0.024900
-0.021212
-0.006337
-0.011274
-0.015232
-0.017199
-0.015110
-0.006933
-0.009472
-0.019538
-0.027486
-0.017560
-0.010412
-0.018794
-0.025074
-0.018864
-0.008144
-0.010238
-0.018267
-0.016246
-0.006930
-0.006889
-0.020850
-0.028096
-0.020729
-0.007058
0.001835
-0.005743
-0.017657
-0.028276
-0.025937
-0.012948
-0.015523
-0.031319
-0.029848
-0.000862
0.011404
-0.004899
-0.005421
0.028639
0.060760
0.067773
0.065724
0.051692
0.004534
-0.047529
-0.039575
0.026732
0.055367
-0.017785
-0.120623
-0.150056
-0.067305
0.036907
0.061930
0.041862
0.003449
-0.044113
-0.064087
-0.029781
-0.030083
-0.088379
-0.086668
-0.087377
-0.132571
-0.144289
-0.077118
0.028486
0.105823
0.099259
0.013946
0.008555
0.069053
0.105508
0.087035
0.049434
0.034111
-0.006028
-0.024741
-0.025191
0.015935
0.085665
0.088184
0.046341
0.002489
-0.010247
0.001251
0.009871
0.010464
0.004783
0.005034
-0.001127
-0.007214
-0.005861
-0.003338
0.008303
0.018953
0.016939
-0.002893
-0.008842
-0.000815
0.006508
0.011642
-0.000493
-0.010689
-0.005320
-0.003428
-0.006152
-0.003412
0.004490
0.005978
-0.000859
-0.006990
-0.010251
-0.006765
-0.007274
-0.006872
-0.005423
-0.006112
-0.006350
0.002597
0.013800
0.000566
-0.011431
-0.007679
-0.005837
-0.005384
0.002161
0.000162
-0.011245
-0.011795
-0.019195
-0.026988
-0.026903
-0.016093
0.005836
0.005778
-0.009294
-0.016317
-0.048319
-0.061918
0.003865
0.007997
-0.082558
-0.144975
-0.123546
-0.004212
0.101863
0.088196
0.029796
-0.009005
-0.069258
-0.077623
-0.025681
-0.002804
0.001882
-0.004602
-0.032031
-0.110684
-0.159835
-0.106499
-0.048189
-0.016185
0.020182
0.043511
0.060888
0.030221
-0.041405
-0.036874
0.003070
-0.003363
0.000270
-0.002459
-0.009245
0.018277
0.011421
-0.002217
0.007770
0.033561
0.044139
0.016971
-0.003726
0.003609
0.033188
0.062127
0.058631
0.026296
0.030365
0.040126
0.033766
0.045511
0.036938
0.021489
0.028158
0.023461
0.025007
0.029409
0.025458
0.029052
0.026574
0.020889
0.020376
0.027322
0.032125
0.026477
0.017625
0.021570
0.026536
0.022188
0.015772
0.011557
0.015960
0.018547
0.020742
0.022515
0.017512
0.015088
0.014715
0.012708
0.016546
0.016598
0.006657
0.006071
0.013245
0.011242
0.002319
0.000036
0.000206
0.009428
0.026455
0.022383
0.011713
0.013783
0.005734
-0.008727
-0.026369
-0.065647
-0.063330
-0.011714
0.032296
0.090530
0.102350
0.012595
-0.068716
-0.085580
-0.060306
0.007241
0.074580
0.130456
0.151953
0.132554
0.079568
-0.038926
-0.089356
0.025094
0.128010
0.109246
0.048204
-0.027130
-0.043612
0.009320
0.012554
-0.001340
-0.020550
-0.031426
-0.013010
0.009201
0.030476
0.034764
0.067499
0.081973
0.010097
-0.075710
-0.073734
-0.000584
0.042895
0.018393
-0.028847
-0.045675
-0.046465
-0.036094
-0.037876
-0.032515
-0.010962
-0.042471
-0.058130
-0.057552
-0.045946
0.001883
-0.005458
-0.022833
-0.026063
-0.036061
-0.013298
-0.009765
-0.018671
-0.016233
-0.018693
-0.014534
-0.017225
-0.028513
-0.030557
-0.026046
-0.018838
-0.011005
-0.021622
-0.030517
-0.020604
-0.015916
-0.013317
-0.017673
-0.023368
-0.015455
-0.020099
-0.019064
-0.011307
-0.010124
-0.012372
-0.023072
-0.028520
-0.016906
0.002798
0.010781
0.003407
-0.015843
-0.030212
-0.032407
-0.022760
-0.005381
0.002357
-0.000203
0.000234
0.004580
-0.002995
-0.000259
0.024470
0.037937
0.024145
-0.014856
-0.067094
-0.050549
0.045739
0.100454
0.087830
0.030927
-0.007857
0.010919
0.002613
-0.069725
-0.114101
-0.044947
0.054202
0.078464
0.021585
-0.028797
-0.029475
-0.048868
-0.102297
-0.168514
-0.177872
-0.115023
-0.047925
-0.002699
0.000754
-0.003888
0.003076
0.009154
0.007851
-0.048415
-0.092098
-0.071748
-0.018699
0.052208
0.084850
0.066002
0.038355
0.015365
0.018294
0.038302
0.048457
0.062379
0.063924
0.044046
0.043829
0.041667
0.016343
0.003148
-0.015657
-0.013072
0.011077
0.014220
0.015734
0.007190
0.004057
0.016671
0.021235
0.027737
0.019828
0.007028
0.014554
0.021152
0.024105
0.024326
0.016767
0.015844
0.012905
0.008556
0.010182
0.008661
0.010141
0.009373
0.005726
0.010941
0.015063
0.013603
0.014649
0.013287
0.010997
0.008806
0.006318
0.009079
0.010059
0.008263
0.010469
0.021332
0.023456
-0.001851
-0.030548
-0.022279
0.008621
0.027451
0.030468
-0.002670
-0.043227
-0.042741
-0.011448
0.028494
0.066662
0.060767
-0.015355
-0.067807
-0.038938
0.012820
0.030618
0.032299
0.061376
0.066373
0.002835
-0.060532
-0.092259
-0.077558
-0.011433
0.014067
0.028513
0.079834
0.012581
-0.112758
-0.045879
0.050541
0.044949
0.008200
-0.065342
-0.044994
0.060139
0.089875
0.009475
-0.058163
-0.037040
0.034897
0.080005
0.072291
0.074275
0.078007
0.108676
0.083038
0.016553
0.027949
0.004441
-0.035749
-0.042055
-0.039832
-0.005194
0.030888
0.034207
0.004319
0.001989
0.023709
0.022245
0.008962
-0.022807
-0.034670
-0.014121
0.002592
-0.005865
-0.022130
-0.022621
-0.021477
-0.015424
-0.014780
-0.018265
-0.013590
-0.013622
-0.012676
-0.015338
-0.021748
-0.017681
-0.017119
-0.021052
-0.028094
-0.029284
-0.022095
-0.013748
-0.013787
-0.025692
-0.024280
-0.020399
-0.021433
-0.024956
-0.026493
-0.026748
-0.022572
-0.012710
-0.014441
-0.020571
-0.027105
-0.026765
-0.026124
-0.019351
-0.003772
-0.015550
-0.045973
-0.067833
-0.083741
-0.063549
0.015540
0.065370
0.031759
-0.034588
-0.075394
-0.064624
-0.020004
0.009519
-0.025255
-0.080791
-0.068523
0.020514
0.070051
-0.006786
-0.081658
-0.028973
0.027202
-0.001837
-0.022952
-0.013145
0.082209
0.230766
0.186497
0.034437
0.052720
0.123262
0.136635
0.105835
-0.005977
-0.073924
-0.067428
-0.071847
-0.094306
-0.088907
-0.051102
-0.028700
-0.014233
-0.002744
-0.008651
-0.007183
0.013692
0.006439
-0.004139
0.053931
0.078153
0.053329
0.034474
0.011362
0.020438
0.035927
0.039814
0.019865
-0.005245
-0.008642
-0.002069
0.006070
-0.007648
-0.027371
-0.016956
-0.004394
-0.002948
-0.004531
-0.012669
-0.012493
-0.006212
-0.010831
-0.017929
-0.017035
-0.019932
-0.017346
-0.020096
-0.030318
-0.021276
-0.011440
-0.013112
-0.014070
-0.019165
-0.020243
-0.014487
-0.014770
-0.021467
-0.021824
-0.021077
-0.022591
-0.019800
-0.015418
-0.013973
-0.018749
-0.019818
-0.014808
-0.003722
-0.005671
-0.021289
-0.018714
0.003074
0.004613
-0.033591
-0.064689
-0.045054
0.010073
0.041387
0.023995
-0.030107
-0.082126
-0.063243
0.003542
0.024880
0.017500
0.005296
-0.018769
0.019852
0.047917
-0.033462
-0.082011
-0.031676
0.014519
0.011371
-0.001569
0.003187
0.082396
0.183392
0.119829
-0.049676
-0.104945
0.005754
0.134497
0.176283
0.103450
0.005169
-0.000338
-0.039060
-0.083567
-0.069916
-0.083964
-0.054402
0.008865
0.040002
0.019379
-0.035557
-0.050676
-0.030695
-0.002120
0.039992
0.035459
-0.004624
-0.028384
-0.075020
-0.075526
-0.024313
-0.033516
-0.061202
-0.071588
-0.077456
-0.039810
-0.006571
-0.014557
-0.021869
-0.021058
-0.010455
-0.004377
-0.012693
-0.012342
-0.009976
-0.007156
-0.004418
-0.012964
-0.014657
-0.011523
-0.011931
-0.007116
-0.007963
-0.009105
-0.004619
-0.005776
-0.004309
-0.003866
-0.006091
0.000235
0.002991
-0.002202
-0.007240
-0.007324
-0.003935
-0.000718
-0.001275
0.000748
0.001036
-0.007205
-0.006838
0.006163
0.018339
0.008870
-0.013983
-0.023363
-0.015428
-0.001163
0.013613
0.022370
0.021555
0.013044
-0.010536
-0.028734
-0.003242
0.048674
0.070377
0.047304
0.009381
-0.036207
-0.067181
-0.027455
0.049475
0.069919
0.047589
0.031371
0.015064
0.028261
0.065141
0.051351
0.038213
0.100932
0.128122
0.062742
0.017566
-0.028270
-0.115060
-0.106096
0.012317
0.046229
-0.012190
-0.015162
-0.021623
-0.032312
-0.000488
0.006997
0.009873
0.038959
0.027179
-0.037122
-0.025768
-0.004972
-0.052211
-0.075450
-0.074376
-0.040418
0.001288
0.025135
0.025438
0.011889
0.031849
0.029369
-0.004403
-0.005322
-0.010799
-0.025724
-0.019287
-0.019193
-0.020141
-0.007489
-0.012499
-0.015576
-0.009825
-0.014491
-0.010076
-0.004977
-0.001254
-0.003099
-0.011043
-0.010009
-0.006841
-0.008011
-0.010951
-0.014686
-0.008988
-0.004394
-0.008741
-0.011850
-0.008423
-0.006018
-0.005916
-0.005942
-0.005883
-0.003523
-0.006255
-0.003636
-0.001946
-0.006293
-0.004645
-0.000904
0.001886
-0.000620
-0.000477
0.004078
0.001215
-0.006809
-0.011058
-0.009907
-0.004664
0.004932
0.006812
-0.002231
-0.008804
-0.010591
-0.010807
-0.006536
-0.003411
-0.003418
-0.003410
-0.002616
-0.001799
-0.000642
0.002354
0.002237
0.001836
0.002373
0.001736
0.001022
0.000018
-0.000182
-0.000503
0.001100
0.001481
0.000344
0.000285
-0.000618
-0.000825
0.001687
0.002286
0.001399
0.001663
0.001118
0.000989
0.002017
0.002219
0.001534
0.001010
0.000605
0.000969
0.001327
0.001891
0.001939
0.001988
0.001814
0.001296
0.001176
0.001633
0.001826
0.001804
0.001396
0.001354
0.001456
0.001582
0.001623
0.001519
0.001213
0.001119
0.001274
0.001267
0.001323
0.001401
0.001374
0.001236
0.001092
0.001112
0.001209
0.001322
0.001253
0.001103
0.000850
0.000657
0.000664
0.000755
0.000823
0.000828
0.000716
0.000548
0.000455
0.000421
0.000445
0.000406
0.000372
0.000280
0.000223
0.000208
0.000244
0.000281
0.000206
0.000091
-0.000048
-0.000087
0.000000
0.000163
0.000169
0.000056
-0.000016
-0.000066
-0.000075
0.000020
0.000036
-0.014754
-0.022877
-0.001591
0.020088
0.029721
0.032165
0.025406
-0.030798
-0.054988
0.066153
0.056082
-0.041763
-0.029023
-0.047063
-0.002873
0.117524
0.157128
0.098901
0.003487
-0.090711
-0.170686
-0.114452
-0.041279
0.041621
0.114062
0.028197
0.012228
0.166926
0.035876
-0.196262
-0.213541
-0.352911
0.027955
0.486180
0.032325
-0.091002
0.111742
-0.233352
-0.383746
-0.168879
-0.192752
-0.019400
0.061152
-0.101077
0.076226
-0.011801
0.131216
0.180144
-0.295765
-0.259804
-0.005270
0.045854
0.238064
0.337741
0.186056
0.090952
0.113478
0.060087
0.026030
0.057862
0.050621
0.060104
-0.006814
-0.097002
-0.125212
-0.148123
-0.019254
0.020186
-0.012084
0.018658
0.048759
0.082637
0.020145
-0.003993
-0.016635
0.004642
0.006109
0.028878
0.020135
0.023333
0.046846
0.061914
0.043693
0.004699
-0.003695
-0.002848
0.012538
-0.001210
-0.001448
-0.000964
0.005525
-0.003302
-0.005692
-0.005248
-0.006346
-0.008551
-0.008845
0.003972
0.007722
-0.009228
-0.000522
0.002812
0.009260
0.015700
-0.019886
-0.014786
0.009328
0.005603
0.024650
0.039810
0.037582
0.014540
-0.041841
-0.014867
-0.013318
-0.020330
0.014263
0.048443
0.134361
0.038819
-0.130279
0.016452
0.136263
0.000206
-0.015363
0.040289
-0.071488
0.163815
0.370218
-0.067360
-0.260846
-0.269794
-0.284730
-0.077085
-0.060731
0.289521
0.448110
-0.140315
-0.222229
0.109594
-0.046943
-0.211643
-0.189491
-0.424531
-0.185897
0.352327
0.477102
0.303565
-0.001488
0.109443
0.366876
0.146014
-0.047440
-0.054039
-0.010210
0.050908
0.011657
-0.013916
-0.134543
-0.187867
-0.071737
0.045511
-0.049544
-0.022905
0.190052
0.015219
-0.067428
-0.040074
-0.044781
-0.027681
-0.037060
-0.017831
-0.043822
0.005452
0.014616
0.044409
0.005969
-0.062050
-0.047920
-0.036715
-0.023794
-0.018886
-0.011330
-0.030402
-0.020650
-0.020374
-0.024080
-0.045943
-0.045105
-0.029116
-0.027677
-0.022638
-0.027822
-0.014487
-0.013976
-0.013077
-0.015415
-0.012871
-0.012835
-0.013124
0.000023
0.002975
-0.012264
-0.046005
-0.038624
-0.026719
0.001147
0.025011
0.000874
-0.001988
-0.051694
-0.044173
0.027937
-0.017278
-0.057409
-0.033864
0.044348
0.073459
-0.012354
0.040971
0.106430
0.102938
0.165310
0.160718
0.092629
-0.065193
-0.177224
-0.068977
0.054039
0.070193
-0.065867
-0.292634
-0.357346
-0.091687
0.157456
0.152039
0.039059
-0.021227
-0.129845
-0.206481
0.067447
-0.121082
-0.356408
-0.051956
-0.143563
-0.260434
-0.199415
0.005036
0.171577
0.302246
0.379050
0.053553
0.020473
0.161166
0.288708
0.195338
0.013582
-0.013319
-0.057322
-0.051112
-0.040464
0.131723
0.120835
0.125383
0.125621
-0.027082
-0.089994
-0.056899
-0.020524
-0.084388
-0.032246
-0.040573
-0.041731
-0.021509
0.033410
0.024896
0.011768
0.033470
0.011539
0.017235
-0.005645
0.010280
0.001354
0.005844
-0.006295
-0.011108
-0.014792
-0.016080
0.002778
-0.004730
-0.012559
-0.026417
-0.029342
-0.027492
-0.023478
-0.025440
-0.036900
-0.020622
-0.004184
0.000135
-0.014717
0.007314
0.042569
-0.021639
-0.048289
0.005021
-0.027833
-0.027041
0.064673
0.000255
-0.048042
0.008789
-0.032439
-0.047453
-0.045841
-0.054999
0.057304
0.011434
-0.069244
0.071278
-0.138523
-0.223990
0.209044
0.011068
-0.265515
-0.203357
-0.252178
0.077645
0.341782
0.196784
0.102313
-0.024662
-0.252951
-0.065986
0.035611
-0.118130
-0.059095
0.049887
-0.002534
-0.308407
-0.253964
-0.107580
-0.126250
0.033394
0.148369
0.153455
0.156356
0.045277
-0.076760
0.024884
-0.107151
-0.081490
0.132902
-0.027156
-0.006207
0.195386
0.039439
-0.017726
0.051554
0.097886
0.120533
-0.005791
-0.011790
0.006063
0.060398
0.108463
0.110534
0.021402
0.037318
0.067073
0.074236
0.076462
0.030634
0.027865
0.005136
0.034914
0.027769
0.024283
0.015670
0.027030
0.024393
0.024549
0.032140
0.021908
0.018241
0.007695
0.010712
0.000258
0.001960
0.010331
0.015968
0.020243
0.016204
0.015679
0.018278
0.020394
0.005781
0.002723
-0.005263
-0.009160
0.029413
0.019363
-0.022493
-0.013278
0.025878
0.007508
-0.022347
0.001220
-0.016539
-0.018343
0.079034
0.028832
-0.033165
0.055991
-0.020338
-0.034983
-0.001441
-0.231133
-0.118473
0.065539
-0.020908
0.313505
0.290092
-0.107690
-0.072464
-0.175558
-0.142051
0.083177
0.125626
0.360797
0.276879
0.261537
0.299626
-0.256856
-0.290438
0.108600
0.223314
0.144578
0.031631
-0.080538
-0.199379
-0.021962
0.124684
-0.100224
-0.191759
-0.067426
-0.050512
0.144505
0.000658
-0.024180
0.225613
-0.001552
0.047417
-0.180539
-0.246017
0.070248
0.049279
0.085755
-0.041981
-0.200672
-0.105873
-0.038085
-0.044595
-0.034498
-0.110101
-0.102214
-0.059756
-0.107196
-0.024792
0.011757
-0.046710
-0.038777
-0.016075
-0.034437
0.016361
0.017380
0.015906
0.021085
-0.030437
-0.019565
-0.031871
-0.015794
-0.024830
-0.020788
-0.014404
-0.006055
-0.012812
-0.024844
-0.024608
-0.024267
-0.015046
-0.019497
-0.014260
-0.021876
-0.016823
0.006219
0.015187
-0.005010
-0.014895
-0.024034
-0.031908
-0.003664
0.044858
0.034301
0.007944
-0.014644
-0.058115
-0.052545
-0.025829
0.005620
0.030525
-0.009116
0.004894
0.051957
-0.020592
-0.005910
0.104519
0.056381
0.024928
0.019490
-0.224168
-0.114433
0.187772
0.168593
0.209508
0.012996
-0.089464
0.069388
-0.014908
-0.197274
-0.326889
-0.120757
0.117109
0.180235
0.071553
-0.121130
-0.092564
-0.100421
-0.221466
-0.338117
-0.402937
-0.287443
0.062616
0.117904
0.046048
0.099552
0.017106
0.105631
0.175774
-0.105984
-0.174690
-0.124511
-0.040809
0.270188
0.260079
0.152010
0.096831
0.029872
0.166141
0.134790
0.065093
0.095723
0.051067
0.068410
0.052731
0.008756
-0.064351
-0.086007
-0.022178
-0.007277
-0.010097
0.035701
0.023615
-0.003094
-0.000011
-0.021209
0.000605
0.026125
0.030992
0.038727
0.051329
0.050429
0.056762
0.043140
0.007619
-0.000366
-0.006967
-0.004605
0.000611
0.003750
0.009084
0.004723
0.001868
-0.000668
0.002219
-0.004719
-0.012561
-0.006421
-0.006999
-0.015805
-0.007257
0.005364
0.000432
0.004682
0.010093
0.038469
0.048756
-0.025182
-0.099029
-0.031276
0.012975
0.036139
0.106275
-0.019402
-0.136293
-0.074520
0.020195
0.060864
0.172880
0.172384
-0.118161
-0.150091
-0.022433
0.034636
0.071021
0.019148
0.165950
0.174283
-0.108213
-0.049765
-0.166183
-0.343718
0.100912
0.064538
-0.050681
0.357014
-0.055686
-0.391902
0.164823
0.046353
-0.003858
0.107820
-0.236484
-0.090773
0.194122
0.290438
-0.022317
-0.188112
-0.104995
0.133657
0.322978
0.078343
0.141199
0.153160
0.156488
0.135589
0.024945
-0.066646
-0.139331
-0.090079
-0.106585
-0.092076
-0.065420
0.068587
0.075636
0.008599
-0.007607
0.028373
-0.004784
-0.050816
-0.046072
-0.082828
-0.052878
-0.045421
0.000948
-0.028633
-0.032115
-0.023029
-0.024454
0.004968
-0.000286
-0.004674
-0.039283
-0.035904
-0.042369
-0.037530
-0.047025
-0.050213
-0.035514
-0.027986
-0.020129
-0.028393
-0.023979
-0.027705
-0.031849
-0.034472
-0.036623
-0.033526
-0.018513
-0.014786
-0.033852
-0.023647
0.001264
0.004961
-0.023325
-0.046026
-0.034119
-0.051820
-0.021880
0.064143
-0.028137
-0.105747
-0.063791
-0.168166
-0.130451
0.146975
0.181486
0.061279
-0.072028
-0.141416
-0.112476
-0.040792
0.116966
-0.057590
-0.238076
-0.099890
0.143519
0.303618
-0.073147
-0.228418
0.150964
0.025702
-0.043995
0.214229
-0.121667
0.057791
0.789965
0.363889
-0.137613
0.169711
0.141604
0.181465
0.272648
-0.221799
-0.336344
-0.271736
-0.218369
-0.137750
-0.201764
-0.229503
-0.078650
0.125253
-0.007158
0.025527
0.048555
-0.080393
-0.004233
0.076850
0.111873
0.143932
0.107313
0.095488
0.142100
0.080559
0.029249
0.103988
0.033162
-0.044760
-0.025382
-0.048452
-0.093307
-0.055795
-0.067018
-0.070506
-0.060838
-0.051340
0.006688
-0.051256
-0.060542
-0.048999
-0.017605
-0.032275
-0.034974
-0.026424
-0.013852
-0.000928
-0.006001
0.011074
-0.005094
0.005756
0.000339
-0.016179
-0.036173
-0.027247
-0.021174
-0.018925
-0.023143
-0.033509
-0.026356
-0.015798
-0.002713
-0.013127
-0.034059
-0.032949
-0.011013
0.015134
0.008711
-0.036635
-0.043512
0.048296
0.032105
-0.090646
-0.115406
-0.085643
0.054499
0.121976
0.065072
-0.032060
-0.253631
-0.125549
0.163262
-0.009831
0.059382
0.077464
-0.176423
0.168495
0.191386
-0.163864
-0.174927
-0.055612
0.090830
0.019923
0.088118
0.025857
0.084705
0.583608
0.255967
-0.248619
-0.229110
-0.094348
0.322232
0.478991
0.029553
-0.076653
-0.046245
-0.262772
-0.035778
-0.117606
-0.428399
-0.158368
0.116295
0.153671
0.032875
-0.102417
-0.150995
-0.105307
0.014657
0.160984
0.025109
-0.107247
-0.038005
-0.097571
-0.080323
-0.098474
-0.098292
-0.091144
-0.086278
-0.055176
-0.006915
0.007545
-0.010597
0.017135
-0.029307
-0.019160
-0.015533
-0.015067
0.007554
0.012084
0.012040
0.010643
0.020729
0.006317
0.003776
-0.005218
0.009401
0.006055
0.008019
0.014679
0.010710
0.011803
-0.000218
-0.003990
-0.007838
0.005311
0.004023
0.003237
-0.000227
0.001010
0.013492
0.011782
0.017289
0.004411
-0.017539
-0.002001
0.031733
0.056709
0.021355
-0.050105
-0.054508
-0.033533
-0.013867
0.048303
0.057031
0.024039
0.038193
-0.029387
-0.089743
-0.003714
0.097630
0.140789
0.069905
0.016698
-0.088247
-0.227665
-0.019994
0.179561
0.090638
0.086044
0.106235
0.009089
0.035295
0.206986
0.086442
-0.105730
0.237491
0.276980
-0.042355
0.069775
-0.101708
-0.434003
-0.281087
0.175635
0.094379
-0.232055
0.126887
0.009250
-0.193193
0.103983
0.027210
-0.076456
0.039797
0.051765
-0.032216
-0.061916
-0.096357
-0.047374
-0.129675
-0.177782
0.017137
0.059779
0.099593
0.097368
0.085163
0.062545
0.021751
-0.011654
-0.044635
-0.060878
-0.070316
-0.043783
-0.062826
-0.015822
0.001328
-0.003604
-0.005871
-0.004868
-0.015617
-0.007696
-0.001311
-0.003300
-0.000917
-0.014930
-0.012044
-0.013710
-0.011820
-0.006559
-0.003215
0.004142
0.007441
0.010609
0.004910
-0.004781
-0.008993
-0.010500
-0.002430
-0.001894
0.002310
-0.000377
0.007638
0.004994
-0.007746
-0.017820
-0.010312
-0.000273
-0.005287
0.006606
0.020714
0.001747
-0.018210
-0.012372
-0.026873
-0.022180
0.017409
0.016146
-0.018620
-0.019280
-0.023925
-0.026501
-0.007486
-0.004413
-0.003886
-0.001920
0.002836
0.009885
0.007638
0.004156
0.005161
0.007208
0.004577
0.005330
0.007920
0.005913
0.003459
0.004986
0.006357
0.004429
0.005411
0.005089
0.003880
0.003300
0.005097
0.003339
0.002554
-0.000321
-0.000888
-0.000232
0.001023
0.003420
0.001089
0.001369
0.002074
0.003704
0.004491
0.003335
0.003061
0.000027
0.001675
0.002969
0.000650
0.001145
0.001463
0.000350
-0.001099
-0.000111
0.000135
0.002184
0.002081
0.002492
0.002026
0.002086
0.001792
0.000916
0.000220
0.000514
-0.000031
0.000246
0.000559
0.001073
0.000931
0.000964
0.000827
0.000626
0.000451
0.000313
0.000347
0.000449
0.000446
0.000278
0.000110
0.000147
0.000265
0.000384
0.000472
0.000315
0.000136
0.000103
0.000144
0.000270
0.000478
0.000529
0.000308
0.000165
-0.000018
-0.000035
0.000123
0.000264
0.000280
0.000226
0.000150
0.000131
0.000175
0.000177
0.000116
-0.000022
-0.000198
-0.000237
-0.000166
-0.000212
-0.000250
-0.000341
-0.000504
-0.000392
-0.000273
-0.000301
-0.000380
-0.000319
-0.000389
-0.000213