0.135848
0.378884
0.525609
0.529224
0.397364
0.189150
-0.007432
-0.109169
-0.069439
0.103951
0.351717
0.585716
0.722587
0.715571
0.572345
0.352074
0.142793
0.027763
0.053660
0.212732
0.445749
0.664629
0.786070
0.763373
0.604277
0.368010
0.142670
0.011582
0.021485
0.164689
0.382029
0.585482
0.691810
0.654370
0.480963
0.230871
-0.007753
-0.151531
-0.153675
-0.021826
0.184895
0.378507
0.475810
0.430199
0.249504
-0.006961
-0.251021
-0.399273
-0.404914
-0.275572
-0.070355
0.122760
0.220575
0.176484
-0.001690
-0.254643
-0.494212
-0.637016
-0.636269
-0.499625
-0.286223
-0.084071
0.023597
-0.009863
-0.176671
-0.417567
-0.644437
-0.773948
-0.759368
-0.608406
-0.380256
-0.162984
-0.039885
-0.057665
-0.208603
-0.433504
-0.644315
-0.757767
-0.727193
-0.560363
-0.316536
-0.083838
0.054375
0.051337
-0.085289
-0.296364
-0.493891
-0.594654
-0.552033
-0.373848
-0.119401
0.123138
0.270375
0.275509
0.146170
-0.058532
-0.250624
-0.346911
-0.300793
-0.120103
0.135848
0.378884
0.525609
0.529224
0.397364
0.189150
-0.007432
-0.109169
-0.069439
0.103951
0.351717
0.585716
0.722587
0.715571
0.572345
0.352074
0.142793
0.027763
0.053660
0.212732
0.445749
0.664629
0.786070
0.763373
0.604277
0.368010
0.142670
0.011582
0.021485
0.164689
0.382029
0.585482
0.691810
0.654370
0.480963
0.230871
-0.007753
-0.151531
-0.153675
-0.021826
0.184895
0.378507
0.475810
0.430199
0.249504
-0.006961
-0.251021
-0.399273
-0.404914
-0.275572
-0.070355
0.122760
0.220575
0.176484
-0.001690
-0.254643
-0.494212
-0.637016
-0.636269
-0.499625
-0.286223
-0.084071
0.023597
-0.009863
-0.176671
-0.417567
-0.644437
-0.773948
-0.759368
-0.608406
-0.380256
-0.162984
-0.039885
-0.057665
-0.208603
-0.433504
-0.644315
-0.757767
-0.727193
-0.560363
-0.316536
-0.083838
0.054375
0.051337
-0.085289
-0.296364
-0.493891
-0.594654
-0.552033
-0.373848
-0.119401
0.123138
0.270375
0.275509
0.146170
-0.058532
-0.250624
-0.346911
-0.300793
-0.120103
-0.448312
-0.274091
0.169266
0.717086
1.164127
1.342959
1.187902
0.760104
0.224174
-0.214691
-0.389095
-0.233373
0.191323
0.720394
1.148674
1.308806
1.135184
0.689028
0.135021
-0.321569
-0.513276
-0.374367
0.034072
0.547507
0.960834
1.106753
0.919716
0.460995
-0.104676
-0.571985
-0.773422
-0.643218
-0.242422
0.264462
0.672354
0.813978
0.623799
0.163106
-0.403362
-0.870290
-1.070168
-0.937233
-0.532546
-0.020627
0.393425
0.542310
0.360465
-0.090856
-0.646949
-1.102540
-1.290165
-1.144109
-0.725485
-0.198867
0.230588
0.395518
0.230298
-0.203885
-0.742394
-1.180024
-1.349383
-1.184827
-0.747541
-0.202175
0.246041
0.429671
0.283016
-0.132809
-0.653241
-1.073146
-1.225202
-1.043833
-0.590290
-0.029288
0.433882
0.631724
0.498484
0.095224
-0.413543
-0.822730
-0.965055
-0.774982
-0.313797
0.253757
0.722361
0.924500
0.794401
0.393113
-0.114857
-0.524426
-0.668310
-0.480967
-0.023672
0.538847
1.001290
1.196167
1.057735
0.647074
0.128729
-0.292176
-0.448312
-0.274091
0.169266
0.717086
1.164127
1.342959
1.187902
0.760104
0.224174
-0.214691
-0.389095
-0.233373
0.191323
0.720394
1.148674
1.308806
1.135184
0.689028
0.135021
-0.321569
-0.513276
-0.374367
0.034072
0.547507
0.960834
1.106753
0.919716
0.460995
-0.104676
-0.571985
-0.773422
-0.643218
-0.242422
0.264462
0.672354
0.813978
0.623799
0.163106
-0.403362
-0.870290
-1.070168
-0.937233
-0.532546
-0.020627
0.393425
0.542310
0.360465
-0.090856
-0.646949
-1.102540
-1.290165
-1.144109
-0.725485
-0.198867
0.230588
0.395518
0.230298
-0.203885
-0.742394
-1.180024
-1.349383
-1.184827
-0.747541
-0.202175
0.246041
0.429671
0.283016
-0.132809
-0.653241
-1.073146
-1.225202
-1.043833
-0.590290
-0.029288
0.433882
0.631724
0.498484
0.095224
-0.413543
-0.822730
-0.965055
-0.774982
-0.313797
0.253757
0.722361
0.924500
0.794401
0.393113
-0.114857
-0.524426
-0.668310
-0.480967
-0.023672
0.538847
1.001290
1.196167
1.057735
0.647074
0.128729
-0.292176