-0.018003
-0.016263
-0.018461
-0.020079
-0.019121
-0.022224
-0.015943
-0.012443
-0.020897
-0.025693
-0.023908
-0.021453
-0.022952
-0.015944
-0.014261
-0.020063
-0.020203
-0.020048
-0.011271
-0.007045
0.002672
0.005084
-0.000434
-0.005314
-0.022093
-0.006833
0.012236
0.002619
-0.013331
-0.022081
-0.000173
0.034965
0.058286
0.055252
0.025641
-0.012016
-0.056746
-0.052481
-0.020021
0.021561
0.041429
0.044959
0.026123
0.029389
0.028104
-0.053973
-0.088314
-0.100114
-0.034304
0.109123
0.114665
0.020655
-0.017027
-0.048964
-0.124345
-0.125871
-0.105472
-0.028308
0.039227
-0.045096
-0.032555
0.008449
0.008799
-0.005922
-0.085111
-0.121506
-0.076723
-0.023026
0.035643
0.091616
0.095739
0.041676
0.024172
0.020092
0.011886
0.026337
0.023096
0.046887
0.030637
-0.006952
-0.016829
-0.026700
-0.013393
0.017864
0.023716
0.015667
0.020443
0.018293
0.005757
-0.003541
-0.006258
0.011265
0.018933
0.009939
0.002797
0.007106
0.015983
0.018193
0.009347
0.014580
0.022103
0.009048
0.008531
0.018654
0.021590
0.016323
0.011920
0.010026
0.011127
0.010684
0.006367
0.007328
0.009549
0.006828
0.007384
0.005098
0.006110
0.005712
0.005534
0.010019
0.001908
-0.008419
-0.004172
0.004037
0.011093
0.015699
0.013022
0.011210
-0.008712
-0.017534
-0.012985
-0.007793
0.005289
0.014622
0.032933
0.032403
-0.010271
-0.019626
0.014740
0.038642
0.005603
-0.004009
0.017489
0.050470
0.109840
0.036701
-0.052511
-0.094989
-0.127394
-0.057630
0.005588
0.074838
0.145253
0.079819
-0.055723
-0.068518
-0.021906
-0.052272
-0.103029
-0.159502
-0.096339
0.071804
0.128972
0.114451
0.067524
0.027593
0.061325
0.058966
0.033270
0.003688
0.012019
0.042503
0.051317
0.032821
-0.011634
-0.006854
-0.027484
-0.020583
0.004944
0.022360
0.058100
0.024072
-0.001411
-0.007600
-0.010457
-0.006655
0.000185
-0.012301
-0.035192
-0.017202
-0.007271
0.001087
-0.001724
-0.021372
-0.014577
-0.008523
-0.015857
-0.011267
-0.002688
-0.010669
-0.017361
-0.014134
-0.011729
-0.015453
-0.021138
-0.021126
-0.020913
-0.020612
-0.017392
-0.018826
-0.020527
-0.019011
-0.014626
-0.009828
-0.009593
-0.015293
-0.016411
-0.011224
-0.012306
-0.024949
-0.031916
-0.028039
-0.018339
-0.004663
-0.010008
-0.015856
-0.018604
-0.026936
-0.015342
-0.014999
-0.021166
-0.021498
-0.016971
0.008958
0.000270
-0.005818
0.014455
0.040170
0.064649
0.056445
0.044863
0.013349
-0.030726
-0.036291
0.008268
0.050768
0.012987
-0.066003
-0.119458
-0.065434
0.016578
0.060328
0.052752
-0.000720
-0.018319
-0.079481
-0.053775
-0.036997
-0.090048
-0.077569
-0.100354
-0.091483
-0.117223
-0.081407
0.000658
0.070132
0.096206
0.020473
0.005910
0.014543
0.056277
0.066498
0.042109
0.017528
0.000831
-0.002507
-0.012724
0.036432
0.076638
0.085444
0.076863
0.033856
-0.001073
-0.005991
0.007741
0.002921
0.005523
0.017608
0.006452
-0.008305
-0.007257
0.000139
0.002261
0.003465
0.002390
0.000499
0.003372
-0.000303
0.001289
0.010202
0.013518
0.008672
-0.001053
0.001095
0.000433
0.000660
-0.000233
0.001867
-0.000296
-0.009685
-0.008816
-0.004884
-0.001673
-0.003589
-0.002695
-0.000885
0.000418
0.000305
0.000974
0.000489
-0.013222
-0.017632
-0.014305
-0.016369
-0.003853
-0.004132
-0.013135
-0.010825
-0.018365
-0.026347
-0.021231
-0.017066
-0.009859
0.018328
-0.010835
-0.021960
-0.022444
-0.071298
-0.013825
-0.001121
-0.059171
-0.103970
-0.114217
-0.037718
0.079828
0.095648
0.032538
0.003870
-0.068714
-0.080423
-0.048826
-0.020367
0.003401
0.000022
-0.019839
-0.072150
-0.115208
-0.116496
-0.074140
-0.008933
0.021659
0.034333
0.049037
0.025440
-0.045395
-0.064679
-0.026642
-0.029184
-0.000072
0.000283
0.000504
0.031881
0.007818
-0.005114
0.011589
0.034095
0.031436
0.026315
0.013131
0.001200
0.024651
0.045817
0.054132
0.034709
0.027748
0.035785
0.041881
0.034901
0.027477
0.033169
0.027596
0.028147
0.031725
0.041839
0.039878
0.030032
0.032515
0.030848
0.025271
0.026801
0.026631
0.025033
0.022209
0.016691
0.018047
0.024135
0.021964
0.019123
0.022697
0.023707
0.024566
0.021198
0.020242
0.017541
0.014074
0.011488
0.014557
0.017328
0.009342
0.003178
0.004758
0.013195
0.008282
-0.000512
0.002599
0.006511
0.019496
0.025609
0.008926
0.010807
0.008946
-0.017870
-0.017179
-0.049804
-0.071465
-0.007233
0.019811
0.068373
0.108064
0.016267
-0.042470
-0.083097
-0.091806
0.002727
0.044402
0.117012
0.151149
0.124939
0.088874
-0.018571
-0.074213
-0.025002
0.085636
0.128106
0.081486
0.013663
-0.011840
-0.006809
0.021032
0.012067
-0.018463
0.004271
-0.025032
0.026368
0.034796
0.005830
0.067607
0.027038
0.023722
-0.026531
-0.086355
-0.022858
0.025905
0.031138
-0.003249
-0.035372
-0.034193
-0.032968
-0.030509
-0.017012
-0.017549
-0.041123
-0.048919
-0.049057
-0.043854
-0.018761
-0.023822
-0.027919
-0.027614
-0.033070
-0.030107
-0.022267
-0.019813
-0.023764
-0.016157
-0.018955
-0.028535
-0.027921
-0.024422
-0.019583
-0.021669
-0.021157
-0.017611
-0.020846
-0.030796
-0.026430
-0.020511
-0.019621
-0.017268
-0.021197
-0.018900
-0.017213
-0.015187
-0.010690
-0.010693
-0.018222
-0.024727
-0.019976
-0.001129
0.010791
0.001213
-0.010544
-0.022849
-0.028511
-0.020312
-0.012406
0.003061
0.006540
-0.000201
0.003226
0.002760
-0.000168
0.010441
0.034261
0.010821
0.001177
-0.046996
-0.059217
0.030102
0.069015
0.097392
0.052017
-0.000277
0.002813
-0.009596
-0.046467
-0.094657
-0.055405
0.029471
0.081310
0.064448
-0.008811
-0.035680
-0.049506
-0.098380
-0.149292
-0.155621
-0.128080
-0.056873
0.005332
0.004582
0.007736
-0.010091
-0.029257
-0.010984
-0.053442
-0.096628
-0.088533
-0.057970
0.036576
0.080965
0.068817
0.048898
0.011606
0.019203
0.036382
0.039383
0.045491
0.047122
0.057393
0.051401
0.040691
0.026482
0.005234
0.002728
0.006363
0.013857
0.023943
0.017514
0.010975
0.008410
0.007709
0.013428
0.017690
0.021748
0.022692
0.016900
0.013119
0.020947
0.022458
0.017878
0.014533
0.011908
0.015511
0.018117
0.020729
0.020079
0.015737
0.015613
0.016068
0.018184
0.019853
0.015145
0.009942
0.010235
0.008371
0.005815
0.004955
0.004677
0.005916
0.007936
0.015731
0.013783
0.004845
-0.023518
-0.023791
0.001370
0.017655
0.027520
-0.000558
-0.030642
-0.047047
-0.022095
0.015492
0.045559
0.059422
0.002051
-0.049741
-0.041592
-0.014567
0.033546
0.040278
0.038391
0.075250
0.022946
-0.045851
-0.069193
-0.084980
-0.037081
0.040164
0.024200
0.064798
0.057169
-0.090386
-0.048199
-0.007117
0.030775
0.029683
-0.054808
-0.038288
0.026496
0.080278
0.006553
-0.025865
-0.045013
-0.008481
0.092609
0.070916
0.065436
0.079859
0.081478
0.068862
0.043674
0.016524
-0.000985
-0.008009
-0.028348
-0.021541
0.012910
0.038344
0.036761
0.019558
0.023263
0.020209
-0.000568
0.000489
-0.016519
-0.033556
-0.023998
-0.012525
-0.004930
-0.004371
-0.016503
-0.024293
-0.015626
-0.014365
-0.011129
-0.009351
-0.012119
-0.018672
-0.020555
-0.014539
-0.015484
-0.018705
-0.024485
-0.023421
-0.024686
-0.022792
-0.021308
-0.026364
-0.026675
-0.025187
-0.022087
-0.023486
-0.023452
-0.024109
-0.025575
-0.021188
-0.019785
-0.019404
-0.020557
-0.030558
-0.033739
-0.030560
-0.026348
-0.013738
-0.011732
-0.041712
-0.060963
-0.066476
-0.063558
0.003354
0.041144
0.042955
-0.010730
-0.071053
-0.063341
-0.043944
-0.005999
-0.018555
-0.059094
-0.050766
-0.008981
0.050693
0.032706
-0.067770
-0.048795
0.004373
-0.004974
-0.008750
-0.004896
0.032803
0.167984
0.192359
0.058250
0.052908
0.076534
0.097905
0.122917
0.021241
-0.040261
-0.047522
-0.053568
-0.051413
-0.031860
-0.024340
-0.028656
0.024245
0.000636
-0.010388
-0.002514
-0.040991
-0.039203
-0.006018
0.019598
0.037357
0.044203
0.023324
0.018250
0.028058
0.030061
0.028090
0.030477
0.027549
0.015137
0.003502
0.009526
0.013004
-0.003100
-0.005160
-0.005015
-0.007329
-0.003621
-0.013562
-0.021402
-0.021800
-0.025155
-0.026913
-0.018912
-0.014746
-0.021566
-0.025786
-0.021184
-0.015990
-0.016522
-0.017724
-0.016205
-0.019940
-0.025590
-0.020094
-0.021585
-0.024302
-0.022449
-0.020597
-0.019146
-0.016674
-0.012585
-0.012804
-0.011549
-0.017285
-0.013409
-0.003407
-0.006485
-0.013078
-0.021730
-0.008936
0.001359
-0.026609
-0.049201
-0.046747
-0.008311
0.037018
0.020283
-0.017338
-0.053789
-0.082563
-0.013922
0.016291
0.007957
0.026461
-0.025805
0.007927
0.031857
-0.021227
-0.053731
-0.067817
0.003393
0.017654
0.012433
0.024454
0.044563
0.143951
0.117899
-0.005472
-0.074275
-0.041162
0.073823
0.181279
0.125747
0.029761
0.021689
-0.042014
-0.057113
-0.047551
-0.070257
-0.044920
0.014435
0.048381
0.042989
-0.002456
-0.070122
-0.065165
-0.015952
0.026350
0.021336
-0.009680
-0.033286
-0.062434
-0.062300
-0.048957
-0.037732
-0.043700
-0.048105
-0.045643
-0.034674
-0.018960
-0.020950
-0.020711
-0.019609
-0.029932
-0.023937
-0.016980
-0.023617
-0.020445
-0.015550
-0.019961
-0.019727
-0.010698
-0.009353
-0.008932
-0.012982
-0.011382
0.000645
-0.000011
-0.003581
-0.008573
-0.007069
-0.003180
-0.007230
-0.007535
-0.007131
-0.009029
-0.009820
-0.004264
0.001398
0.001533
0.001254
0.001695
0.000753
0.002519
0.009522
0.016953
0.014226
-0.002588
-0.020052
-0.017376
-0.003362
0.010773
0.024169
0.020488
0.016276
-0.001529
-0.023347
-0.005212
0.029286
0.062112
0.055327
0.014610
-0.020085
-0.053747
-0.042874
0.022507
0.059965
0.060795
0.035174
0.019589
0.026608
0.033266
0.055224
0.031260
0.067501
0.119485
0.073716
0.042965
-0.032254
-0.077112
-0.087110
-0.029112
0.068181
0.026913
0.008695
-0.012437
-0.022556
-0.004937
-0.013464
-0.004859
0.022599
0.013990
-0.019530
-0.017710
-0.038949
-0.045490
-0.055109
-0.078689
-0.035493
0.014030
0.023021
0.022272
0.030760
0.017904
-0.001657
0.004669
-0.010828
-0.026799
-0.021280
-0.015748
-0.025102
-0.019775
-0.000082
-0.005221
-0.015055
-0.009144
-0.009022
-0.009400
-0.006389
-0.009872
-0.012858
-0.002768
-0.008691
-0.018157
-0.010771
-0.011856
-0.018160
-0.017730
-0.007960
-0.006315
-0.010582
-0.009940
-0.004925
-0.002309
-0.002617
-0.000568
-0.000709
0.002380
0.001718
-0.004706
-0.005300
-0.005948
-0.006416
-0.005515
-0.000625
0.002735
0.003985
0.003309
-0.002774
-0.006013
-0.006980
-0.003889
0.003562
0.007975
0.001320
-0.007510
-0.012410
-0.014808
-0.010994
-0.007664
-0.005858
-0.003372
-0.003119
-0.001621
-0.000257
-0.000478
0.000023
0.001241
0.001531
0.001397
0.001293
-0.000552
-0.001531
-0.000933
-0.000245
0.000799
0.001742
0.002474
0.001511
0.001202
0.002331
0.002114
0.001648
0.001598
0.001262
0.000597
0.001359
0.001515
0.001222
0.001036
0.000412
0.000162
0.001119
0.001849
0.001984
0.002083
0.002100
0.001884
0.001814
0.002061
0.002184
0.001768
0.001433
0.001357
0.001379
0.001498
0.001767
0.001843
0.001813
0.001808
0.001653
0.001527
0.001534
0.001585
0.001531
0.001442
0.001341
0.001120
0.001016
0.000970
0.000971
0.000919
0.000752
0.000622
0.000557
0.000591
0.000622
0.000657
0.000640
0.000522
0.000438
0.000403
0.000372
0.000293
0.000238
0.000156
0.000087
0.000154
0.000236
0.000319
0.000341
0.000224
0.000088
0.000032
0.000079
0.000155
0.000226
0.000206
0.000130
0.000052
0.000009
0.000002
-0.013849
0.035640
0.035367
0.054538
0.030684
0.001744
-0.079297
-0.032018
0.177459
0.024478
-0.124950
-0.057727
0.009244
0.136334
0.186679
0.181454
0.027318
-0.129120
-0.240612
-0.218105
0.004627
0.052350
0.134361
0.068254
0.021575
0.053027
0.248024
-0.145295
-0.483773
-0.306073
-0.235858
0.588856
0.556828
-0.351452
-0.200516
0.155098
-0.430928
-0.646669
-0.019827
0.042121
0.194827
-0.225693
-0.174901
0.433994
0.067567
0.132368
-0.071943
-0.415499
-0.162884
0.118404
0.265761
0.448891
0.349868
0.027040
0.008163
0.203798
0.024281
-0.043685
0.069449
0.048650
0.021430
-0.214675
-0.190595
-0.087277
-0.059752
0.026114
0.023726
0.042719
-0.007164
0.070714
0.067466
-0.002731
-0.034715
0.007641
0.036613
0.000293
-0.003914
0.009053
0.053706
0.025206
0.028092
0.017528
0.016995
0.012038
0.027772
0.037379
0.024281
0.008863
0.003602
0.011360
0.009378
-0.003651
-0.012606
-0.016302
-0.014926
-0.024581
0.006780
0.013006
-0.018047
0.003217
0.007559
0.028153
-0.003440
-0.053196
-0.011152
0.034993
-0.003149
0.034786
0.048388
0.038415
-0.026633
-0.091091
0.031499
-0.002465
-0.017098
0.043473
0.139299
0.180007
-0.154321
-0.217891
0.209465
0.232038
-0.112273
-0.160551
0.128216
0.077899
0.344191
0.279614
-0.486626
-0.410052
-0.372739
-0.164887
0.091139
0.115765
0.681286
0.275820
-0.628461
-0.292183
0.483474
-0.054628
-0.596664
-0.458517
-0.269454
0.382812
0.668177
0.456501
0.185777
-0.137874
0.254577
0.500299
-0.026059
-0.263778
-0.136900
0.182258
0.002871
-0.123684
-0.094031
-0.180342
-0.145933
-0.146122
0.147653
-0.031740
0.107145
0.172805
-0.104411
-0.037967
-0.035877
0.071360
-0.085637
-0.074776
-0.102064
-0.066286
0.040615
-0.019056
0.019060
-0.076904
-0.035044
0.006270
0.017234
0.004050
0.011423
0.005559
-0.043595
-0.008056
-0.018914
-0.032903
-0.070698
-0.049570
-0.025415
-0.029745
-0.030982
-0.018398
0.005045
-0.014665
-0.007339
-0.002785
-0.012056
-0.037491
-0.025548
0.006213
-0.005503
-0.048300
-0.099226
-0.017109
0.018107
0.045005
0.028256
-0.032599
-0.021096
-0.096861
-0.011940
0.075901
-0.069932
-0.085233
0.007884
0.161502
0.082601
-0.097903
0.131470
0.213145
0.161252
0.147874
0.123398
0.034056
-0.301666
-0.271777
0.082470
0.251601
-0.044721
-0.429842
-0.492174
-0.229069
0.287156
0.267438
0.155133
-0.077718
-0.144142
-0.207266
-0.226637
0.300906
-0.415438
-0.437618
0.004241
-0.193332
-0.263511
-0.289538
0.482697
0.439571
0.468692
0.138830
-0.060003
0.247194
0.260313
0.388272
-0.012888
-0.025015
-0.172098
-0.100730
-0.109869
0.037788
0.309491
0.069454
0.115525
-0.027328
-0.080628
-0.112443
0.016407
-0.007542
-0.118872
-0.050966
-0.073073
-0.028888
-0.044002
0.026006
0.009014
0.001756
-0.009797
0.012132
0.041488
0.008911
0.039424
0.036078
0.014581
-0.017528
-0.012756
-0.002110
-0.002297
0.001888
-0.022587
-0.020006
-0.024620
-0.016347
0.001671
0.009912
-0.008953
-0.040178
-0.018205
-0.001586
-0.000886
-0.024716
0.019019
0.029466
-0.089583
-0.079432
0.036004
-0.011196
-0.006522
0.079348
-0.048613
-0.066372
-0.008434
-0.057393
-0.062740
-0.063614
-0.003663
0.092719
-0.008540
-0.141957
0.088975
-0.276153
-0.125300
0.445154
-0.241640
-0.489011
-0.344680
0.074489
0.489875
0.431695
-0.004431
-0.003826
-0.133714
-0.433372
0.108516
0.087421
-0.087725
-0.164083
0.071792
-0.118668
-0.548456
-0.221899
0.040768
0.088679
0.078994
0.195804
0.312151
0.178069
-0.187028
-0.159735
0.156926
-0.099204
-0.124142
0.156388
-0.064239
0.120687
0.118660
-0.078056
0.055534
0.096542
0.191430
0.066889
-0.011733
-0.054252
0.081375
0.128592
0.146330
0.069981
-0.049943
0.068798
0.068279
0.079058
-0.022642
0.032977
0.017028
-0.009525
0.055087
0.046650
0.043937
0.001485
0.019546
0.022542
0.033295
0.010473
0.012547
0.023453
-0.005328
0.008327
0.018840
0.032093
0.017608
0.012659
0.020679
0.017326
0.021893
0.011752
0.016201
-0.001769
-0.000894
-0.010291
0.010958
0.062579
-0.008786
-0.054724
0.008256
0.060739
-0.009178
-0.069970
0.001426
0.000578
0.019938
0.095558
-0.009390
-0.041653
0.073327
-0.060730
-0.078208
-0.086319
-0.358985
0.019509
0.213905
0.103598
0.526330
0.120815
-0.410620
-0.141188
-0.209355
0.084142
0.256570
0.236470
0.598905
0.185024
0.272643
-0.024381
-0.607994
-0.150226
0.437532
0.408561
-0.138837
-0.221794
-0.161361
-0.079385
0.026030
0.155696
-0.241944
-0.229638
0.001420
-0.048175
0.394831
-0.216971
0.121401
0.323888
-0.129621
-0.060300
-0.508235
0.017570
0.249349
0.004489
-0.079404
-0.193609
-0.144986
-0.063550
-0.016171
0.012741
0.010972
-0.188231
-0.143208
-0.041283
-0.018808
0.044856
0.001242
-0.050247
-0.037125
-0.046796
-0.004670
0.066453
0.010021
-0.011842
-0.030280
-0.020064
-0.030267
-0.028039
-0.011306
-0.019772
-0.027101
-0.033697
-0.011838
-0.019050
-0.026431
-0.025587
-0.001382
-0.011359
-0.031414
-0.028749
-0.017491
-0.004376
0.019938
0.001554
-0.021080
-0.040051
-0.053044
-0.018872
0.052841
0.090745
0.009828
-0.044474
-0.052008
-0.070838
-0.024662
0.014518
0.047547
0.040690
-0.045154
0.044543
0.060737
-0.025738
0.028302
0.174688
0.078243
-0.088463
-0.089935
-0.376377
0.166343
0.426799
0.171747
0.113694
-0.256402
0.026767
0.093809
-0.171550
-0.471107
-0.341041
0.242087
0.289650
0.127333
-0.165362
-0.164385
-0.062261
-0.241609
-0.451835
-0.445364
-0.320189
-0.087613
0.319810
0.175063
0.050212
0.125444
0.045105
0.237853
0.116786
-0.371793
-0.216361
-0.021944
0.198247
0.487221
0.217900
0.120188
0.020202
0.042254
0.260811
0.091502
0.063677
0.034147
0.041695
0.072390
0.000625
-0.022642
-0.126581
-0.118523
-0.020073
-0.024274
-0.022290
0.026585
-0.036350
-0.022764
0.004164
0.011509
0.060595
0.055735
0.029911
0.035089
0.054750
0.045406
0.044556
0.008191
-0.017796
0.003149
0.013427
0.020290
0.018314
0.025547
0.021328
0.018626
0.018644
0.020691
0.013991
-0.018056
-0.022984
-0.008264
-0.007182
-0.029791
0.000859
0.005219
0.004496
0.001956
0.031644
0.069325
-0.006238
-0.128013
-0.171271
0.075351
0.068119
0.075252
0.063682
-0.155638
-0.165378
-0.039185
0.175185
0.162370
0.242617
0.016118
-0.372997
-0.133462
0.141347
0.141025
0.047678
0.011682
0.318762
0.103705
-0.408303
-0.145834
-0.218289
-0.201193
0.222392
0.100330
0.070418
0.462902
-0.526749
-0.482363
0.635951
0.041706
0.021564
-0.315662
-0.174145
0.219697
0.367121
0.228613
-0.414800
-0.089107
-0.077042
0.499523
0.342020
-0.062543
0.181445
0.180857
0.207774
-0.049012
-0.013089
-0.163953
-0.156660
-0.216626
-0.167351
0.006976
0.020918
0.097293
0.046534
0.003598
0.010543
0.080725
-0.061102
-0.099201
-0.088856
-0.080287
-0.047840
-0.014776
-0.013961
-0.081722
-0.023804
-0.013187
0.002635
0.002495
0.002643
-0.009201
-0.027417
-0.016729
-0.014329
-0.012482
-0.055402
-0.056529
-0.033976
-0.029188
-0.036665
-0.041786
-0.036401
-0.035597
-0.027313
-0.022147
-0.024442
-0.026001
-0.017019
-0.026767
-0.047937
-0.014599
0.010635
-0.019877
-0.067094
-0.073527
-0.027388
-0.045916
0.032604
0.082461
-0.103325
-0.189974
-0.101826
-0.196259
0.022958
0.399273
0.158798
-0.083980
-0.319340
-0.120718
0.006790
0.058302
0.130979
-0.284418
-0.297214
0.098352
0.464104
0.273799
-0.475021
-0.229799
0.516221
0.012658
-0.140927
0.158426
0.047415
0.559991
0.969122
-0.096876
-0.390348
0.419369
0.196203
0.208465
-0.118855
-0.597297
-0.360271
-0.358268
-0.174413
-0.163156
-0.126966
-0.230489
0.072558
0.290345
-0.083878
0.117387
0.026943
-0.067055
0.046496
0.157572
0.224547
0.162136
0.028184
0.013413
0.209166
0.004586
-0.005842
0.114463
0.000666
-0.105890
-0.015221
-0.022900
-0.068356
-0.024795
-0.118704
-0.016033
-0.031957
-0.039520
-0.058412
-0.082993
-0.080963
-0.063670
-0.011379
-0.046732
-0.028314
-0.045764
-0.018260
-0.004998
0.006810
-0.009280
-0.017118
0.002983
-0.016889
-0.029440
-0.021609
0.002336
-0.001736
-0.012754
-0.019257
-0.014454
-0.006958
-0.009032
0.005015
-0.033865
-0.050077
-0.034200
0.027334
0.031327
-0.033461
-0.067224
-0.006801
0.127518
-0.058896
-0.246122
-0.132748
0.051727
0.207141
0.117491
-0.074876
-0.185787
-0.319814
0.042897
0.384203
-0.091456
0.055090
-0.033971
-0.154284
0.458742
-0.030615
-0.364337
-0.209730
0.149491
0.275788
-0.170168
0.136763
0.112391
0.484622
0.712857
-0.270121
-0.590267
-0.174673
0.369085
0.638391
0.324311
-0.419978
-0.113587
-0.110166
-0.417595
0.026494
-0.278655
-0.418139
-0.033563
0.359674
0.214608
-0.127110
-0.263064
-0.124194
0.107019
0.080612
0.190326
-0.100294
-0.169064
-0.176055
-0.126538
-0.029648
-0.101690
-0.085349
-0.157758
-0.034487
0.025656
0.070531
0.014040
0.023399
0.035434
-0.019855
0.036341
0.005348
0.000822
-0.021745
-0.016462
0.006504
0.006237
-0.006378
-0.008328
-0.001540
-0.014108
0.008887
0.023302
0.021358
-0.002325
0.004494
0.009799
-0.003354
-0.012037
-0.011407
0.003329
-0.006559
-0.010340
-0.006840
0.009715
0.018472
0.007272
0.022721
-0.002025
-0.020622
0.020210
0.067522
0.067656
-0.047603
-0.114667
-0.048983
0.019069
0.034076
0.089408
0.082926
0.015952
0.005127
-0.129037
-0.070603
0.145605
0.213306
0.143653
-0.050946
-0.082432
-0.215462
-0.238393
0.218991
0.355011
0.040713
0.013444
0.054787
0.074394
0.117205
0.199356
0.018173
-0.107446
0.511668
0.151496
-0.245315
-0.015084
-0.426456
-0.504658
-0.165636
0.568669
-0.007834
-0.459610
0.251742
-0.018628
-0.072765
0.027026
0.072396
0.045592
0.041493
-0.104234
-0.063411
0.011613
-0.207928
-0.116017
-0.240847
-0.028703
0.153074
0.114289
0.151186
0.100350
0.136893
0.026386
0.025800
-0.033171
-0.073438
-0.100631
-0.095962
-0.049792
-0.069226
-0.027450
-0.000048
0.010468
-0.025765
-0.016543
0.020610
0.002069
-0.014198
0.009605
0.009681
-0.029436
-0.031115
-0.019241
-0.020823
-0.020967
-0.019168
0.007091
0.005768
0.003473
-0.001925
0.011810
0.014993
0.009940
0.004618
0.010227
0.010768
-0.001148
-0.006725
-0.011230
-0.016698
-0.023190
-0.000362
0.013935
0.007752
0.016464
0.028419
-0.019239
-0.034976
-0.023296
-0.025555
-0.003190
0.036513
0.000642
-0.054040
-0.032872
-0.024740
-0.007254
0.004495
-0.001234
0.003281
0.000559
0.006045
0.011832
0.013284
0.005885
0.004299
0.006520
0.004840
0.009289
0.007607
0.006692
0.004937
0.007654
0.004508
0.005173
0.005488
0.002906
0.004706
0.004644
0.005725
0.004567
-0.000086
-0.000925
0.002897
0.003730
0.001902
0.000648
-0.000387
-0.004001
-0.000433
0.004303
0.003827
0.002835
0.001531
0.001452
0.000287
0.002525
0.003694
0.000998
0.000785
0.000662
0.001160
0.001479
0.002297
0.001716
0.002057
0.000970
0.001280
0.002087
0.002715
0.002597
0.001338
0.000310
0.000327
0.000107
0.000359
0.000361
0.000654
0.000475
0.000219
-0.000026
0.000306
0.000779
0.000806
0.000506
0.000018
-0.000314
-0.000292
0.000150
0.000487
0.000423
0.000169
-0.000132
-0.000170
-0.000004
0.000392
0.000465
0.000376
0.000020
-0.000160
-0.000178
0.000020
0.000388
0.000586
0.000437
0.000179
0.000016
0.000026
0.000252
0.000301
0.000154
-0.000115
-0.000354
-0.000377
-0.000169
-0.000060
-0.000219
-0.000516
-0.000691
-0.000749
-0.000616
-0.000266
-0.000159
-0.000260
-0.000391
-0.000362
-0.000394
-0.000201