0.448809
0.468670
0.471907
0.461393
0.439874
0.409420
0.371407
0.326988
0.277787
0.226466
0.176870
0.133592
0.101079
0.082541
0.079071
0.089275
0.109588
0.135167
0.161087
0.183426
0.199911
0.209934
0.214008
0.212923
0.206964
0.195531
0.177301
0.150873
0.115631
0.072451
0.023954
-0.025848
-0.072426
-0.111830
-0.141639
-0.161417
-0.172535
-0.177429
-0.178580
-0.177593
-0.174724
-0.169008
-0.158920
-0.143306
-0.122200
-0.097208
-0.071295
-0.048050
-0.030697
-0.021238
-0.020018
-0.025909
-0.036992
-0.051501
-0.068620
-0.088844
-0.113727
-0.145124
-0.184186
-0.230520
-0.281816
-0.334124
-0.382683
-0.423038
-0.452043
-0.468425
-0.472737
-0.466752
-0.452578
-0.431844
-0.405287
-0.372892
-0.334498
-0.290619
-0.243104
-0.195316
-0.151711
-0.116896
-0.094461
-0.085996
-0.090605
-0.105107
-0.124843
-0.144797
-0.160663
-0.169505
-0.169838
-0.161176
-0.143322
-0.115718
-0.077207
-0.026305
0.038057
0.115644
0.204212
0.299326
0.394838
0.483915
0.560329
0.619602
0.659659
0.680810
0.685127
0.675482
0.654622
0.624614
0.586836
0.542438
0.493046
0.441322
0.391110
0.347005
0.313454
0.293669
0.288743
0.297285
0.315730
0.339238
0.362885
0.382753
0.396569
0.403730
0.404750
0.400422
0.391036
0.375995
0.353978
0.323589
0.284215
0.236737
0.183780
0.129360
0.078011
0.033687
-0.001185
-0.026164
-0.042617
-0.052975
-0.059712
-0.064428
-0.067375
-0.067580
-0.063513
-0.054014
-0.039112
-0.020406
-0.000854
0.015961
0.026819
0.029728
0.024346
0.011811
-0.005955
-0.027176
-0.051032
-0.078010
-0.109658
-0.147824
-0.193652
-0.246742
-0.304779
-0.363805
-0.419053
-0.466061
-0.501676
-0.524620
-0.535438
-0.535897
-0.528099
-0.513666
-0.493330
-0.467069
-0.434715
-0.396779
-0.355100
-0.313039
-0.275045
-0.245718
-0.228645
-0.225409
-0.235109
-0.254561
-0.279098
-0.303702
-0.324060
-0.337233
-0.341731
-0.337066
-0.323033
-0.299075
-0.264028
-0.216406
-0.155136
-0.080450
0.005409
0.098012
0.191211
0.278176
0.352681
0.410249
0.448809
0.468670
0.471907
0.461393
0.439874
0.409420
0.371407
0.326988
0.277787
0.226466
0.176870
0.133592
0.101079
0.082541
0.079071
0.089275
0.109588
0.135167
0.161087
0.183426
0.199911
0.209934
0.214008
0.212923
0.206964
0.195531
0.177301
0.150873
0.115631
0.072451
0.023954
-0.025848
-0.072426
-0.111830
-0.141639
-0.161417
-0.172535
-0.177429
-0.178580
-0.177593
-0.174724
-0.169008
-0.158920
-0.143306
-0.122200
-0.097208
-0.071295
-0.048050
-0.030697
-0.021238
-0.020018
-0.025909
-0.036992
-0.051501
-0.068620
-0.088844
-0.113727
-0.145124
-0.184186
-0.230520
-0.281816
-0.334124
-0.382683
-0.423038
-0.452043
-0.468425
-0.472737
-0.466752
-0.452578
-0.431844
-0.405287
-0.372892
-0.334498
-0.290619
-0.243104
-0.195316
-0.151711
-0.116896
-0.094461
-0.085996
-0.090605
-0.105107
-0.124843
-0.144797
-0.160663
-0.169505
-0.169838
-0.161176
-0.143322
-0.115718
-0.077207
-0.026305
0.038057
0.115644
0.204212
0.299326
0.394838
0.483915
0.560329
0.619602
0.659659
0.680810
0.685127
0.675482
0.654622
0.624614
0.586836
0.542438
0.493046
0.441322
0.391110
0.347005
0.313454
0.293669
0.288743
0.297285
0.315730
0.339238
0.362885
0.382753
0.396569
0.403730
0.404750
0.400422
0.391036
0.375995
0.353978
0.323589
0.284215
0.236737
0.183780
0.129360
0.078011
0.033687
-0.001185
-0.026164
-0.042617
-0.052975
-0.059712
-0.064428
-0.067375
-0.067580
-0.063513
-0.054014
-0.039112
-0.020406
-0.000854
0.015961
0.026819
0.029728
0.024346
0.011811
-0.005955
-0.027176
-0.051032
-0.078010
-0.109658
-0.147824
-0.193652
-0.246742
-0.304779
-0.363805
-0.419053
-0.466061
-0.501676
-0.524620
-0.535438
-0.535897
-0.528099
-0.513666
-0.493330
-0.467069
-0.434715
-0.396779
-0.355100
-0.313039
-0.275045
-0.245718
-0.228645
-0.225409
-0.235109
-0.254561
-0.279098
-0.303702
-0.324060
-0.337233
-0.341731
-0.337066
-0.323033
-0.299075
-0.264028
-0.216406
-0.155136
-0.080450
0.005409
0.098012
0.191211
0.278176
0.352681
0.410249