-0.028480
-0.015401
-0.021559
-0.023783
-0.020748
-0.025445
-0.034196
-0.028565
-0.016948
-0.022647
-0.026634
-0.027569
-0.030876
-0.022778
-0.011148
0.000713
0.013205
0.003257
-0.010192
-0.025443
-0.008054
0.022772
0.008287
-0.011873
-0.019745
-0.007990
0.044613
0.085388
0.080148
0.027826
-0.027221
-0.084277
-0.078768
-0.034710
0.017886
0.059803
0.057887
0.047291
0.028510
0.039310
-0.063135
-0.129262
-0.127954
-0.057858
0.126262
0.162064
0.049904
-0.010346
-0.075292
-0.196397
-0.153687
-0.101942
-0.087054
0.058774
0.000780
-0.020869
0.043535
0.003070
0.025021
-0.038525
-0.164047
-0.117590
-0.001321
0.071965
0.170823
0.155448
0.066124
0.048234
0.004399
-0.041165
0.034775
0.025940
0.017848
0.022247
-0.028130
-0.054179
-0.064850
-0.038972
-0.001463
0.012870
0.006894
0.012833
0.030616
0.028789
0.010122
0.000051
0.009679
0.013211
-0.004607
0.002234
0.018160
0.019069
0.009422
0.014825
0.029365
0.014295
-0.002118
0.007949
0.014664
0.022152
0.025407
0.019181
0.018373
0.021203
0.017014
0.011606
0.014185
0.011458
0.005920
0.009819
0.009579
0.002925
0.003637
0.005789
0.011393
0.002239
-0.012618
-0.007900
0.003505
0.009730
0.024728
0.014077
0.006325
-0.008081
-0.023082
-0.014229
-0.014785
0.005306
0.029365
0.041017
0.030501
-0.013149
-0.020155
0.013260
0.035137
0.015925
0.000896
0.024306
0.041236
0.136530
0.071951
-0.091273
-0.139784
-0.191264
-0.108478
0.024257
0.109045
0.181253
0.112949
-0.059248
-0.083724
-0.031615
-0.095756
-0.107175
-0.160299
-0.155453
0.092567
0.215830
0.192736
0.143951
0.027023
0.060844
0.096943
0.024096
-0.017159
0.000086
0.032180
0.041085
0.033959
-0.055002
-0.066642
-0.067181
-0.047274
0.014062
0.000713
0.054784
0.054532
0.023453
0.004074
-0.017716
-0.013335
-0.013410
-0.011254
-0.028876
-0.010570
0.000454
-0.001358
-0.003951
-0.021953
-0.010647
-0.023223
-0.042047
-0.016458
0.008873
0.008373
0.000630
-0.003159
-0.007443
-0.008494
-0.011439
-0.017653
-0.019961
-0.020449
-0.017582
-0.011276
-0.014708
-0.018655
-0.011780
-0.008469
-0.017253
-0.025922
-0.015917
-0.011913
-0.016258
-0.026573
-0.040566
-0.029806
-0.017603
0.001493
-0.004361
-0.021458
-0.025522
-0.036008
-0.020323
-0.019391
-0.033117
-0.020445
-0.010277
0.014133
0.011357
0.006421
0.033148
0.052820
0.081752
0.087154
0.057819
-0.005237
-0.060864
-0.058085
-0.006939
0.041303
-0.008056
-0.093409
-0.167787
-0.121717
0.017525
0.089402
0.108779
0.006121
-0.040846
-0.077169
-0.068116
-0.028423
-0.119036
-0.079461
-0.101182
-0.127064
-0.126801
-0.071412
0.042188
0.114385
0.186951
0.072334
0.027851
0.017446
0.074749
0.132027
0.075736
0.012384
-0.047908
-0.036099
-0.029681
0.023208
0.070505
0.080907
0.070460
0.004119
-0.034266
-0.025647
-0.020002
-0.021564
0.001307
0.007794
-0.010883
-0.009307
-0.010640
-0.000346
0.015233
0.007993
-0.009134
-0.000219
0.001787
-0.005182
0.011152
0.018024
0.010090
0.004125
0.008312
0.008717
0.005049
0.007740
0.011896
0.015853
0.005647
-0.001375
-0.000613
0.001434
0.003585
-0.000813
-0.000206
0.000119
0.009654
0.004108
0.000487
0.001318
-0.015366
-0.022179
-0.018750
-0.019898
-0.005791
0.005477
-0.016649
-0.019710
-0.024605
-0.041378
-0.036434
-0.020378
-0.018096
0.014928
0.002168
-0.040655
-0.020648
-0.082462
-0.023343
0.023494
-0.081820
-0.125593
-0.127255
-0.058551
0.102782
0.181035
0.063159
0.018042
-0.095543
-0.126513
-0.027610
-0.030116
-0.010218
0.017625
-0.023163
-0.104586
-0.148089
-0.149887
-0.083163
-0.006437
0.050956
0.086278
0.077264
0.031910
-0.016015
-0.046307
-0.021813
-0.049926
-0.008716
0.019955
-0.015446
0.043967
0.021352
-0.010800
0.010194
0.015231
0.019891
0.046686
-0.003094
-0.030226
0.039243
0.057270
0.071698
0.052586
0.013351
0.027845
0.037595
0.026537
0.029071
0.030970
0.011060
0.018623
0.028690
0.030902
0.025328
0.023237
0.028895
0.027285
0.027906
0.025957
0.032869
0.031366
0.019819
0.018419
0.027680
0.024014
0.019823
0.026735
0.029833
0.026642
0.024622
0.022589
0.024340
0.020806
0.018429
0.013808
0.014489
0.021755
0.013411
0.010308
0.009304
0.013460
0.008620
0.000646
0.000460
0.004163
0.017635
0.032789
0.016213
0.001085
0.012925
-0.019950
-0.034507
-0.052891
-0.101524
-0.020142
0.045453
0.083041
0.160238
0.041138
-0.078141
-0.084021
-0.133673
-0.010849
0.097263
0.139220
0.215311
0.170193
0.096566
-0.025661
-0.118966
-0.071509
0.089414
0.127840
0.093681
0.009120
-0.077682
-0.037412
0.012280
0.023582
-0.051047
-0.036296
-0.032848
0.012654
0.085130
0.021927
0.090757
0.067870
0.011269
-0.035034
-0.110960
-0.052582
0.025348
0.055188
0.025392
-0.027342
-0.089501
-0.057548
-0.011786
-0.023844
-0.014541
-0.041016
-0.061165
-0.030227
-0.027131
0.005868
0.004633
-0.022594
-0.023716
-0.033482
-0.014206
-0.002855
-0.021285
-0.014938
-0.001625
-0.026270
-0.041727
-0.036243
-0.032220
-0.026483
-0.024538
-0.028930
-0.023116
-0.029299
-0.031431
-0.020450
-0.025482
-0.025383
-0.025664
-0.024613
-0.018275
-0.021573
-0.017127
-0.009237
-0.011026
-0.025873
-0.032544
-0.021038
0.002490
0.014156
0.002053
-0.008519
-0.029706
-0.038615
-0.025549
-0.011601
0.006736
0.013981
0.006895
0.007770
0.001896
0.005097
0.014815
0.051204
0.021534
-0.010094
-0.044466
-0.092112
0.037775
0.096400
0.116725
0.084629
-0.013214
-0.024346
-0.025686
-0.068521
-0.125547
-0.080735
0.007730
0.091054
0.101598
-0.000839
-0.056573
-0.086797
-0.126207
-0.170926
-0.204573
-0.170860
-0.064890
0.058500
0.062182
0.044226
0.029674
-0.011449
0.015211
-0.018457
-0.114093
-0.088283
-0.054845
0.043965
0.156005
0.118912
0.058268
0.008038
-0.001547
0.036180
0.050772
0.040732
0.042044
0.049633
0.041588
0.036704
-0.001954
-0.041652
-0.035546
-0.021502
0.002842
0.010740
0.003792
0.000930
0.008816
0.011866
-0.001071
0.002104
0.017190
0.021651
0.029082
0.031581
0.028559
0.032204
0.026974
0.017701
0.013851
0.009982
0.009560
0.019053
0.025841
0.029377
0.030086
0.025412
0.027001
0.026561
0.018911
0.017331
0.015221
0.008979
0.008252
0.011349
0.009269
0.012786
0.013440
0.019629
0.011924
-0.002300
-0.031396
-0.044186
-0.006206
0.010586
0.036688
0.008167
-0.042273
-0.060539
-0.031735
0.026618
0.067015
0.082239
0.006548
-0.070509
-0.057802
-0.022634
0.029116
0.074617
0.058709
0.076332
0.025371
-0.068367
-0.095080
-0.115271
-0.078694
0.055234
0.069309
0.051763
0.089633
-0.114890
-0.064169
0.038133
-0.013312
0.055277
-0.030375
-0.072650
0.020978
0.130698
0.036741
-0.021793
-0.059359
-0.049863
0.134724
0.101159
0.082885
0.105212
0.080197
0.087789
0.058340
-0.012151
-0.052218
-0.045417
-0.066073
-0.040298
0.006995
0.006429
0.035944
0.057007
0.018506
0.005366
0.002421
-0.012472
-0.023095
-0.020102
-0.018062
-0.013481
0.002632
-0.011251
-0.020142
-0.006713
-0.015517
-0.025040
-0.013997
-0.000253
0.002417
-0.009868
-0.017581
-0.016624
-0.010591
-0.012797
-0.016963
-0.018634
-0.023632
-0.014560
-0.015377
-0.021198
-0.023054
-0.023705
-0.025069
-0.029292
-0.030031
-0.029266
-0.021622
-0.024534
-0.021409
-0.019377
-0.024215
-0.030169
-0.040915
-0.039300
-0.032324
-0.014239
-0.008796
-0.042713
-0.080743
-0.082769
-0.083497
0.008319
0.075721
0.053108
0.005513
-0.084868
-0.089982
-0.056037
0.001885
-0.003226
-0.066544
-0.069946
0.004591
0.065609
0.054472
-0.049454
-0.064883
-0.002821
-0.004765
0.010846
0.026284
0.047334
0.199874
0.290308
0.090570
0.046205
0.065092
0.042551
0.152545
0.027740
-0.145966
-0.133267
-0.134667
-0.106448
-0.052347
-0.059687
-0.075862
0.030974
0.020992
0.012089
0.050953
-0.030457
-0.014061
0.036359
0.055767
0.080814
0.086015
0.029880
0.036972
0.059624
0.016291
0.020628
0.034667
-0.012674
-0.006457
0.018447
-0.025307
-0.021185
-0.001378
-0.007264
0.001421
0.000485
-0.014105
-0.008877
-0.002381
-0.017842
-0.024963
-0.027970
-0.027337
-0.018213
-0.030368
-0.028710
-0.020983
-0.021853
-0.020493
-0.016975
-0.017207
-0.024111
-0.023536
-0.024173
-0.025766
-0.019821
-0.013612
-0.013734
-0.012957
-0.015953
-0.012545
-0.005004
-0.009419
-0.018792
-0.013538
-0.001741
-0.003934
-0.009238
-0.014484
-0.008262
0.002931
-0.029858
-0.060727
-0.055475
-0.023418
0.042219
0.046630
-0.022887
-0.072728
-0.109195
-0.034529
0.047978
0.009542
0.040990
-0.014139
-0.011661
0.062434
-0.025022
-0.066534
-0.068828
-0.021552
0.025553
0.035855
0.044773
0.056721
0.180382
0.170279
0.011125
-0.117673
-0.091188
0.059124
0.211047
0.206605
0.015104
-0.033335
-0.102320
-0.115355
-0.052981
-0.123564
-0.109308
0.017538
0.061353
0.068511
0.038748
-0.092482
-0.071397
0.003904
0.029299
0.067771
0.009121
-0.058086
-0.057557
-0.042171
-0.053968
-0.051184
-0.067558
-0.068059
-0.040627
-0.026929
-0.007313
-0.008674
0.001203
0.006042
-0.003422
-0.006095
-0.025904
-0.024569
0.004053
0.006602
-0.006663
-0.017631
-0.025864
-0.016507
-0.010692
-0.028810
-0.023853
-0.011999
-0.015581
-0.011464
-0.006872
-0.006498
-0.014011
-0.017688
-0.011696
-0.008679
-0.012031
-0.009582
-0.007561
-0.007055
-0.003414
-0.001187
0.002393
-0.004143
-0.004357
0.006368
0.019288
0.020647
-0.002492
-0.026550
-0.025661
-0.003235
0.017919
0.040929
0.035709
0.018174
0.001347
-0.029245
-0.007666
0.036652
0.072798
0.078226
0.025089
-0.036860
-0.078410
-0.058572
0.032272
0.082473
0.079059
0.060163
0.016335
0.024392
0.043748
0.068786
0.048538
0.063369
0.134895
0.069850
0.036194
-0.050542
-0.159493
-0.131902
-0.051713
0.060601
0.018269
0.013304
-0.001869
-0.048175
-0.002514
0.019275
0.010060
0.012445
0.044517
-0.009249
-0.011439
-0.034126
-0.073449
-0.050839
-0.073486
-0.051107
0.008341
0.032305
0.061821
0.055939
0.026544
0.031326
0.014712
-0.038660
-0.022687
-0.013540
-0.035377
-0.024736
-0.017300
-0.012690
-0.002046
-0.003725
-0.025858
-0.025809
-0.012409
-0.016632
-0.016990
0.004143
0.000150
-0.023784
-0.016030
-0.007801
-0.021428
-0.022098
-0.012405
-0.008547
-0.010666
-0.010781
-0.008954
-0.005851
-0.007858
-0.006592
-0.004161
-0.000113
0.007563
0.001182
-0.001510
-0.000165
-0.001916
-0.004536
-0.002855
0.002786
0.004342
0.007159
0.004974
-0.004753
-0.009659
-0.011213
-0.008728
0.001035
0.009263
-0.000013
-0.010905
-0.015468
-0.018321
-0.009878
-0.004378
-0.003424
-0.001374
-0.000891
-0.000457
0.001433
0.002475
0.001412
0.001058
0.001228
0.001590
0.002213
-0.000498
-0.000609
0.001805
0.001797
0.001890
0.001058
-0.000873
-0.000973
0.000535
0.000232
0.001645
0.002666
0.001005
0.000116
0.001317
0.001082
-0.000281
0.000890
0.001383
0.000638
0.000792
0.001283
0.000779
0.001336
0.001362
0.000865
0.000798
0.001528
0.002183
0.002379
0.002231
0.002272
0.001900
0.001681
0.001774
0.002216
0.002143
0.002179
0.001935
0.001697
0.001746
0.001998
0.002049
0.001928
0.001694
0.001368
0.001228
0.001266
0.001193
0.001100
0.000963
0.000767
0.000553
0.000454
0.000503
0.000536
0.000558
0.000505
0.000326
0.000234
0.000236
0.000286
0.000375
0.000351
0.000232
0.000162
0.000218
0.000261
0.000353
0.000315
0.000178
0.000029
-0.000044
0.000072
0.000225
0.000312
0.000196
0.000013
-0.000097
-0.000045
0.000040
0.000119
0.000113
0.000038
-0.000050
-0.000041
-0.018022
-0.033767
-0.059176
0.006207
0.036185
0.058930
0.045096
-0.012025
-0.029848
-0.064935
0.106238
0.107110
-0.069568
-0.070578
-0.056414
0.073385
0.221925
0.206787
0.077359
-0.111720
-0.228414
-0.303341
-0.066186
0.048475
0.169490
0.149767
0.080810
0.024238
0.118307
0.033286
-0.481160
-0.358282
-0.301222
0.259291
0.768479
0.072566
-0.285464
-0.034318
-0.343798
-0.651415
-0.094102
-0.082566
0.129659
0.278030
-0.312364
0.242540
0.213359
0.019080
0.104997
-0.386120
-0.402484
0.053254
0.224819
0.458925
0.520384
0.111287
-0.028646
0.117077
-0.037684
-0.073460
0.079345
-0.055302
0.064156
-0.089441
-0.224981
-0.122262
-0.044022
0.075215
0.069892
0.021465
-0.004063
0.034669
0.044457
-0.030612
-0.021684
0.002465
0.011192
0.006966
0.011526
-0.022929
-0.003338
0.026164
0.049470
0.053759
-0.004443
0.025783
0.060173
0.023942
-0.008255
0.014566
0.014170
0.009261
0.001831
0.004580
0.039017
0.017875
-0.009163
-0.004852
-0.000292
0.009289
-0.028594
-0.027240
0.004284
0.000489
-0.010227
-0.038544
-0.024261
0.033800
0.021964
0.044231
0.082327
0.021512
0.001386
-0.094101
-0.030779
0.003689
-0.026494
0.057352
0.109517
0.157314
-0.008710
-0.218008
0.026441
0.194857
0.056735
-0.126049
0.010444
0.079939
0.205492
0.450173
-0.298921
-0.507142
-0.378268
-0.405775
0.148968
0.260525
0.491591
0.517472
-0.275246
-0.560293
0.083997
0.059829
-0.408348
-0.345464
-0.475916
0.107013
0.850529
0.588036
0.364813
-0.009945
-0.140268
0.369224
0.131976
-0.221574
-0.260473
-0.011196
0.137087
0.036418
-0.053096
-0.214943
-0.068013
-0.155084
0.073453
0.078454
-0.002321
0.210647
-0.053167
-0.038686
-0.091236
-0.043180
-0.008738
-0.060487
-0.117621
-0.138846
0.083695
0.029875
0.024143
0.013496
-0.033019
-0.026321
-0.032116
-0.000483
-0.048224
-0.039754
-0.023086
0.039051
0.019556
-0.037880
0.012861
0.036262
-0.018808
-0.057598
-0.035076
-0.038613
-0.041181
-0.034272
-0.020078
-0.010910
-0.027436
-0.021056
-0.000760
0.001911
-0.007718
-0.003395
-0.078582
-0.061195
0.005770
0.032824
0.063869
-0.031098
-0.044136
-0.064605
-0.074170
0.051124
-0.020400
-0.079528
-0.003664
0.076492
0.144382
-0.024504
0.034925
0.172307
0.159853
0.191901
0.108715
0.018556
-0.212343
-0.310837
-0.072523
0.200696
0.142823
-0.261659
-0.460037
-0.427491
0.119086
0.370384
0.280922
0.096466
-0.271051
-0.178140
-0.340532
0.100243
-0.102965
-0.502159
0.004936
-0.225079
-0.144297
-0.215955
0.230616
0.467701
0.537258
0.387853
-0.203878
0.077888
0.095067
0.344690
0.147355
-0.046039
-0.138588
-0.177438
-0.021533
-0.013832
0.307643
0.212684
0.130042
0.029200
-0.159476
-0.169915
-0.105310
-0.018361
-0.088673
-0.035236
-0.072456
-0.038843
0.034793
0.010399
0.021105
0.017991
0.030765
-0.009049
-0.028525
-0.038129
0.006903
0.019957
-0.008832
-0.014154
0.001530
0.009523
0.020627
0.050397
0.040415
0.007332
-0.009054
-0.000732
-0.002153
-0.013902
-0.025131
-0.038783
-0.029736
-0.015121
-0.006761
0.002474
0.021960
0.047819
-0.029638
-0.085400
-0.012142
-0.004197
-0.039566
0.057604
-0.002765
-0.084661
-0.012589
-0.061112
-0.067596
-0.021468
-0.012432
0.026118
0.111681
-0.128542
-0.047343
-0.077644
-0.315531
0.333220
0.007916
-0.438596
-0.317083
-0.158606
0.317615
0.665715
0.241312
-0.135411
-0.062539
-0.544404
-0.111286
0.135607
-0.063549
-0.015389
0.016319
-0.073139
-0.377883
-0.342408
-0.095318
0.105606
0.198192
0.217349
0.236337
0.181478
-0.060294
-0.272680
-0.045946
0.028773
-0.180728
0.191572
0.012377
0.009261
0.239679
-0.055359
0.019403
0.082974
0.086152
0.122760
0.044314
-0.152581
-0.012920
0.140263
0.120511
0.162989
-0.002128
0.040047
0.062141
0.046707
0.066080
-0.009585
-0.049799
-0.037434
0.061109
0.033101
0.017531
0.013490
0.033669
0.009159
-0.004396
0.055050
0.042272
0.031581
0.008080
0.021043
0.031526
0.000979
0.003779
0.024318
0.000953
0.000389
0.033141
0.031512
0.021607
0.005264
0.001888
0.022167
-0.003748
0.033887
0.027312
-0.036118
-0.007061
0.030461
0.020950
-0.030981
-0.015089
0.006400
0.018460
0.079446
0.049586
-0.062799
0.016539
-0.001858
-0.140663
-0.042172
-0.259320
-0.193935
0.278035
0.150370
0.401153
0.401960
-0.389171
-0.273138
-0.221348
-0.214568
0.407210
0.263420
0.508191
0.450431
0.138379
0.047939
-0.518718
-0.422703
0.194828
0.487474
0.148785
-0.062248
-0.316447
-0.199003
0.046701
0.137901
-0.034823
-0.298100
0.013297
-0.148860
0.287763
0.114503
-0.140664
0.396413
-0.076576
-0.055703
-0.350980
-0.322728
0.185140
0.146668
0.025328
-0.125586
-0.171815
-0.142477
0.045493
0.026768
-0.009986
-0.076992
-0.206963
-0.073406
-0.017612
0.004720
0.131004
0.005699
-0.042895
-0.036978
-0.055871
0.035623
0.020954
-0.031842
-0.013680
-0.047245
-0.043354
0.005135
-0.026692
-0.045496
-0.016860
-0.006553
0.004003
-0.039046
-0.029673
0.003214
-0.014282
-0.007706
-0.024336
-0.032403
-0.033592
-0.035719
0.006973
0.020301
-0.031292
-0.046744
-0.046079
-0.031482
0.023269
0.078713
0.055058
-0.017659
-0.066972
-0.102545
-0.048429
0.014779
0.036196
0.070804
0.015450
0.012736
0.042308
-0.014671
0.012374
0.096956
0.150661
-0.096663
-0.055010
-0.308602
-0.119714
0.471365
0.228136
0.253189
-0.114408
-0.214267
0.039311
-0.095722
-0.349038
-0.408932
0.043827
0.307626
0.323446
0.030426
-0.258244
-0.165418
-0.229851
-0.370053
-0.477144
-0.370665
-0.152380
0.280760
0.398090
0.105686
0.126848
0.026147
0.047194
0.177150
-0.281936
-0.375693
-0.038918
0.057557
0.509271
0.458377
0.124187
0.084075
-0.051306
0.086554
0.141992
0.037639
0.038909
0.035721
0.048115
0.044451
0.019986
-0.104602
-0.136566
-0.078143
-0.036452
-0.002635
0.024779
-0.002777
-0.027607
0.001874
0.005378
0.030760
0.042662
-0.009186
-0.025943
0.042352
0.036437
0.041751
0.059273
0.015469
0.035402
0.033191
0.010950
0.023354
0.001446
-0.012792
0.017815
0.023778
0.026924
0.033698
0.016939
0.018846
0.012589
-0.003274
-0.024107
-0.014726
-0.002494
-0.000145
0.008601
0.006549
0.059249
0.003340
-0.061008
-0.179338
-0.032766
0.092608
0.069959
0.130636
-0.106100
-0.181183
-0.116689
0.098338
0.206791
0.244990
0.139568
-0.288120
-0.273118
0.023551
0.088974
0.178221
0.108895
0.123549
0.227121
-0.255527
-0.310803
-0.210876
-0.273422
0.105851
0.349199
0.022275
0.356723
-0.043941
-0.808985
0.392715
0.143981
-0.024796
0.072429
-0.412898
0.025148
0.368704
0.388314
-0.264806
-0.128760
-0.213165
0.208132
0.618072
0.010967
0.138760
0.100782
0.143747
0.078089
-0.048977
-0.172331
-0.212251
-0.136233
-0.177423
-0.007764
0.050735
0.106110
0.145518
0.035533
-0.046505
0.027350
-0.035438
-0.140858
-0.129809
-0.118930
-0.041611
0.031502
0.006341
-0.026289
0.009356
-0.025174
-0.011597
0.020491
-0.022338
-0.036073
-0.024212
-0.000761
-0.015207
-0.036622
-0.042176
-0.003930
-0.016570
-0.041038
-0.014056
-0.011967
-0.016034
-0.022085
-0.028070
-0.034947
-0.043648
-0.046380
-0.035747
-0.034393
-0.055502
-0.025709
0.016795
-0.005287
-0.020363
-0.054917
-0.047567
-0.034331
-0.006912
0.063991
-0.033478
-0.197653
-0.166601
-0.159418
-0.093503
0.374902
0.262790
0.035880
-0.212251
-0.327021
-0.069657
0.024784
0.163584
-0.111629
-0.308392
-0.025273
0.315653
0.370572
-0.077049
-0.430122
0.161395
0.194717
-0.071418
0.115081
0.047411
0.267304
0.964528
0.372601
-0.483479
0.165595
0.069148
0.108154
0.300565
-0.612843
-0.562348
-0.268846
-0.249745
-0.062267
-0.020212
-0.145397
-0.048088
0.338677
-0.032147
0.048586
0.037278
-0.159217
0.048398
0.106799
0.164981
0.205757
0.148120
-0.057620
0.093335
0.077866
-0.004753
0.103265
0.018746
-0.107733
-0.005896
-0.019797
-0.083414
0.028455
-0.099168
-0.059728
0.065938
-0.015766
-0.027842
-0.040846
-0.081841
-0.056034
-0.020106
-0.070316
-0.062857
-0.073718
-0.070372
-0.013639
-0.040296
-0.024627
0.015605
0.021469
-0.000551
0.007870
-0.003141
-0.008721
-0.011126
-0.007489
0.002455
-0.027249
-0.021484
-0.004573
0.025105
-0.016224
-0.039244
-0.034445
-0.005631
0.024992
-0.014195
-0.042208
-0.053551
0.052310
0.028999
-0.182190
-0.169688
-0.035404
0.154562
0.249686
0.006300
-0.192362
-0.277266
-0.211705
0.317604
0.131838
-0.040868
0.127545
-0.276503
0.256823
0.214395
-0.360496
-0.189964
-0.073111
0.241083
0.082947
0.076360
0.119497
0.263240
0.742354
0.066085
-0.559873
-0.440579
0.082822
0.528789
0.688147
-0.073083
-0.430777
-0.076733
-0.460801
-0.093956
-0.071046
-0.463046
-0.073621
0.332485
0.242779
0.077031
-0.194337
-0.361121
0.060270
0.076077
0.158648
0.077771
-0.211141
-0.173205
-0.186140
-0.054904
-0.006214
-0.044221
-0.124124
-0.051315
-0.016895
0.043776
0.074507
0.001107
0.030014
-0.010580
0.041451
0.051715
-0.028391
-0.017139
-0.008790
-0.001401
0.017528
-0.001053
-0.011046
-0.009031
-0.023047
0.009680
-0.004759
-0.043550
-0.011781
0.011322
0.008139
0.003562
-0.000336
0.005271
0.004914
-0.010611
0.012310
0.003139
-0.030555
-0.000294
0.011468
0.011435
-0.009157
-0.047946
-0.002815
0.050405
0.068562
0.011274
-0.087729
-0.093040
-0.009653
0.047494
0.096707
0.125238
0.021979
0.003530
-0.081455
-0.137115
0.079672
0.179365
0.199590
0.059578
-0.120533
-0.211477
-0.263188
0.044491
0.367806
0.193520
0.083653
0.029601
-0.024150
0.111630
0.136196
0.120423
-0.099518
0.277781
0.330656
-0.195832
-0.012874
-0.415989
-0.539140
-0.193941
0.294913
0.357416
-0.261000
0.090997
-0.060747
-0.120733
0.098324
-0.000435
-0.019815
0.108262
-0.017627
-0.198325
0.064653
-0.175217
-0.158224
-0.100389
-0.142035
0.140923
0.178415
0.159671
0.132459
0.076951
0.010664
0.005247
-0.039899
-0.108243
-0.051053
-0.104314
-0.028453
-0.019165
-0.013538
0.036241
0.013045
0.012640
-0.011101
-0.046234
-0.046115
-0.029266
-0.006240
-0.020966
-0.045854
-0.001602
0.007925
-0.022833
-0.001617
0.016887
-0.003226
-0.010382
0.001255
0.013919
-0.007928
-0.024614
0.005007
0.002955
-0.014535
0.001801
0.009139
0.010434
0.005673
-0.006643
-0.000639
0.013681
0.009742
0.004253
0.005055
0.015899
-0.012733
-0.049961
-0.039907
-0.026470
-0.004707
0.034654
0.028608
-0.029255
-0.031317
-0.037584
-0.027763
0.012321
0.000126
-0.004139
0.003704
0.003987
0.009325
0.017319
0.009373
0.004865
0.007951
0.000617
0.004245
0.003963
0.002232
0.006603
0.009611
0.009852
0.008010
0.006403
0.000162
0.000641
0.004635
0.004728
0.004103
0.000364
-0.001564
-0.001407
0.000389
0.001738
-0.000751
-0.001599
-0.001590
-0.000093
0.002964
0.002335
0.002973
-0.001032
-0.000955
0.001209
0.000349
0.001964
0.002156
0.002334
0.002901
0.003033
0.001423
0.004098
0.004193
0.003246
0.001823
0.001017
0.000968
0.000757
0.000313
0.001401
0.000755
0.000325
0.000157
0.001140
0.001411
0.001581
0.001005
0.000580
0.000059
-0.000104
0.000257
0.000587
0.000635
0.000542
0.000099
-0.000304
-0.000239
0.000040
0.000305
0.000390
0.000169
0.000041
0.000064
0.000287
0.000501
0.000600
0.000394
0.000095
0.000018
0.000064
0.000388
0.000693
0.000656
0.000256
-0.000120
-0.000314
-0.000091
0.000273
0.000315
0.000052
-0.000318
-0.000551
-0.000526
-0.000328
-0.000204
-0.000311
-0.000519
-0.000448
-0.000386
-0.000324
-0.000285
-0.000144
-0.000258
-0.000185