0.000000
0.000031
0.000000
0.000031
0.000000
0.000031
0.000061
0.000000
0.000031
0.000000
0.000000
0.000031
0.000031
0.000000
0.000000
0.000000
0.000092
-0.000061
0.000153
-0.000244
0.000031
-0.000061
0.000580
-0.000183
0.000275
-0.001129
0.013824
0.050873
0.062347
-0.040802
-0.161499
-0.070190
0.069824
0.118652
0.136414
0.091064
0.051880
0.058044
0.047028
0.025299
0.030823
0.020508
-0.001434
-0.006653
-0.018036
-0.009705
-0.008118
-0.011292
-0.030396
-0.027130
0.005768
-0.005219
-0.004150
0.006317
-0.002350
-0.004944
0.002533
-0.005951
-0.026733
-0.032715
-0.023956
-0.007294
-0.008362
-0.015808
-0.019989
-0.017975
-0.012390
-0.013611
-0.010254
-0.010040
-0.011230
-0.012512
-0.014526
-0.017426
-0.014587
-0.014740
-0.020111
-0.018494
-0.016846
-0.015625
-0.013550
-0.011475
-0.010986
-0.012939
-0.013794
-0.012543
-0.011169
-0.011200
-0.013885
-0.014130
-0.012695
-0.012909
-0.012238
-0.010956
-0.009766
-0.011139
-0.010864
-0.011322
-0.013245
-0.010712
-0.006836
-0.005219
-0.006378
-0.007843
-0.007721
-0.006226
-0.004669
-0.004059
-0.003296
-0.003113
-0.003387
-0.003967
-0.003998
-0.002899
-0.001862
-0.002197
-0.002625
-0.002991
-0.001770
0.000031
0.001007
0.000458
-0.001251
-0.001953
-0.001648
-0.000031
0.000702
0.000854
0.000031
-0.000092
-0.000488
0.000519
-0.001343
0.002258
-0.003937
0.006073
-0.009583
0.129761
0.286163
-0.095459
-0.586029
-0.049469
0.335144
0.128418
0.451263
0.213928
-0.024597
0.129456
0.114868
0.074341
-0.089203
-0.068024
-0.072937
-0.064941
-0.105408
-0.059631
-0.046570
-0.098511
-0.048859
-0.045105
-0.009857
-0.036774
0.013214
-0.016022
-0.014069
-0.028564
-0.037933
-0.023010
-0.018646
-0.007965
-0.011322
0.014404
-0.007233
0.008545
-0.019318
-0.027954
-0.020325
-0.036346
-0.020477
-0.013245
-0.029175
-0.031525
-0.019196
-0.020996
-0.023529
-0.032440
-0.039398
-0.020905
-0.024017
-0.018524
-0.007996
-0.004425
-0.002197
-0.007507
-0.010101
-0.007233
-0.000458
-0.007172
-0.007294
-0.012787
-0.012726
-0.007690
-0.003998
-0.008209
-0.007538
-0.004578
-0.003357
-0.005737
-0.005585
-0.001343
-0.003693
-0.003937
-0.005219
-0.006042
-0.005035
-0.001434
-0.000336
-0.000458
-0.001251
-0.003082
-0.004822
-0.002899
-0.001953
-0.001923
-0.003418
-0.003632
-0.004852
-0.001984
0.000397
0.001282
0.002197
0.000061
-0.001740
-0.002808
-0.002228
-0.000916
0.000824
-0.000732
-0.000885
-0.001709
-0.000824
0.001007
0.001343
-0.000366
-0.001221
-0.000275
0.001221
0.002747
0.004395
0.004700
0.004395
0.003693
0.002594
0.004028
0.005554
0.006622