-0.316954
-0.303914
-0.282645
-0.251961
-0.211320
-0.161204
-0.103286
-0.040306
0.024320
0.087070
0.144866
0.195480
0.237660
0.271001
0.295631
0.311873
0.320015
0.320293
0.313064
0.299093
0.279796
0.257313
0.234329
0.213665
0.197753
0.188154
0.185279
0.188390
0.195899
0.205825
0.216285
0.225835
0.233574
0.239015
0.241795
0.241391
0.236965
0.227436
0.211756
0.189298
0.160207
0.125564
0.087283
0.047764
0.009397
-0.025908
-0.057025
-0.083649
-0.106071
-0.124801
-0.140178
-0.152135
-0.160195
-0.163707
-0.162206
-0.155774
-0.145231
-0.132080
-0.118220
-0.105517
-0.095392
-0.088571
-0.085089
-0.084526
-0.086388
-0.090471
-0.097063
-0.106899
-0.120876
-0.139641
-0.163194
-0.190672
-0.220394
-0.250163
-0.277728
-0.301241
-0.319561
-0.332316
-0.339721
-0.342241
-0.340260
-0.333879
-0.322946
-0.307296
-0.287101
-0.263182
-0.237135
-0.211195
-0.187855
-0.169336
-0.157099
-0.151527
-0.151893
-0.156607
-0.163639
-0.170970
-0.176914
-0.180227
-0.179986
-0.175343
-0.165286
-0.148547
-0.123732
-0.089657
-0.045787
0.007394
0.068212
0.133922
0.201107
0.266241
0.326244
0.378886
0.422913
0.457918
0.484028
0.501564
0.510812
0.512008
0.505509
0.492077
0.473129
0.450804
0.427787
0.406899
0.390572
0.380369
0.376699
0.378827
0.385164
0.393732
0.402648
0.410471
0.416301
0.419651
0.420163
0.417315
0.410271
0.397953
0.379315
0.353734
0.321359
0.283272
0.241391
0.198120
0.155854
0.116504
0.081201
0.050256
0.023380
0.000069
-0.020013
-0.036793
-0.049791
-0.058348
-0.061997
-0.060815
-0.055614
-0.047894
-0.039549
-0.032437
-0.027976
-0.026885
-0.029195
-0.034479
-0.042237
-0.052259
-0.064828
-0.080673
-0.100685
-0.125505
-0.155127
-0.188681
-0.224481
-0.260325
-0.293955
-0.323517
-0.347863
-0.366617
-0.379987
-0.388432
-0.392331
-0.391777
-0.386616
-0.376674
-0.362119
-0.343765
-0.323204
-0.302666
-0.284636
-0.271333
-0.264211
-0.263647
-0.268912
-0.278409
-0.290104
-0.301972
-0.312325
-0.319913
-0.323809
-0.323161
0.675679
0.611699
0.535188
0.450266
0.362315
0.277736
0.203210
0.144625
0.105985
0.088653
0.091165
0.109682
0.138941
0.173381
0.208108
0.239412
0.264763
0.282381
0.290658
0.287736
0.271477
0.239878
0.191797
0.127703
0.050133
-0.036367
-0.125860
-0.212052
-0.289411
-0.354034
-0.404010
-0.439193
-0.460533
-0.469236
-0.466110
-0.451329
-0.424693
-0.386259
-0.337065
-0.279614
-0.217903
-0.156914
-0.101737
-0.056597
-0.024122
-0.005103
0.001200
-0.003653
-0.018125
-0.041319
-0.073159
-0.114046
-0.164149
-0.222610
-0.287002
-0.353286
-0.416315
-0.470758
-0.512136
-0.537632
-0.546420
-0.539445
-0.518759
-0.486719
-0.445345
-0.396094
-0.340092
-0.278720
-0.214240
-0.150166
-0.091151
-0.042338
-0.008346
0.007804
0.005472
-0.013369
-0.044523
-0.082445
-0.121312
-0.155940
-0.182288
-0.197463
-0.199337
-0.186034
-0.155594
-0.106026
-0.035805
0.055351
0.165708
0.291073
0.424926
0.559145
0.685183
0.795362
0.883927
0.947577
0.985400
0.998299
0.988216
0.957454
0.908362
0.843436
0.765752
0.679430
0.589852
0.503422
0.426822
0.365941
0.324788
0.304727
0.304296
0.319661
0.345560
0.376436
0.407399
0.434742
0.455939
0.469215
0.472965
0.465336
0.444195
0.407544
0.354245
0.284773
0.201669
0.109487
0.014167
-0.077990
-0.161446
-0.232292
-0.288611
-0.330253
-0.358157
-0.373526
-0.377161
-0.369229
-0.349521
-0.318091
-0.275967
-0.225648
-0.171121
-0.117363
-0.069456
-0.031616
-0.006467
0.005208
0.004158
-0.008052
-0.029876
-0.060411
-0.099572
-0.147756
-0.205121
-0.270804
-0.342370
-0.415774
-0.485861
-0.547294
-0.595586
-0.627913
-0.643444
-0.643115
-0.628974
-0.603369
-0.568317
-0.525264
-0.475334
-0.419901
-0.361219
-0.302799
-0.249287
-0.205822
-0.177016
-0.165885
-0.173065
-0.196578
-0.232222
-0.274450
-0.317434
-0.355985
-0.386058
-0.404757
-0.409950
-0.399759
-0.372220
-0.325339
-0.257589
-0.168684
-0.060358
0.063200
0.195470
0.328333
0.453242
0.562522
0.650416
0.713628
0.751242
0.764164
0.754334
0.724057