0.109468
0.438211
0.741707
0.909055
0.880777
0.671520
0.364443
0.079447
-0.072643
-0.032407
0.185460
0.497763
0.784585
0.935089
0.889864
0.663624
0.339597
0.037747
-0.131031
-0.107254
0.094450
0.390950
0.662389
0.797994
0.738410
0.498409
0.161273
-0.152983
-0.333413
-0.320490
-0.128798
0.158570
0.421795
0.550135
0.484265
0.238981
-0.102415
-0.419890
-0.602486
-0.590667
-0.399012
-0.110615
0.154702
0.286187
0.224504
-0.015568
-0.350747
-0.661025
-0.835473
-0.814585
-0.612979
-0.313785
-0.036871
0.106968
0.058347
-0.168008
-0.488869
-0.784283
-0.943380
-0.906717
-0.688971
-0.373338
-0.079748
0.080934
0.049260
-0.160113
-0.464022
-0.742583
-0.884992
-0.831870
-0.597961
-0.266524
0.042447
0.218030
0.200714
0.005102
-0.285698
-0.551853
-0.682610
-0.618634
-0.374713
-0.034145
0.283041
0.465888
0.454859
0.264531
-0.022010
-0.284946
-0.413537
-0.348457
-0.104499
0.235040
0.550134
0.729836
0.714620
0.519079
0.226322
-0.043811
-0.180550
-0.124539
0.109468
0.438211
0.741707
0.909055
0.880777
0.671520
0.364443
0.079447
-0.072643
-0.032407
0.185460
0.497763
0.784585
0.935089
0.889864
0.663624
0.339597
0.037747
-0.131031
-0.107254
0.094450
0.390950
0.662389
0.797994
0.738410
0.498409
0.161273
-0.152983
-0.333413
-0.320490
-0.128798
0.158570
0.421795
0.550135
0.484265
0.238981
-0.102415
-0.419890
-0.602486
-0.590667
-0.399012
-0.110615
0.154702
0.286187
0.224504
-0.015568
-0.350747
-0.661025
-0.835473
-0.814585
-0.612979
-0.313785
-0.036871
0.106968
0.058347
-0.168008
-0.488869
-0.784283
-0.943380
-0.906717
-0.688971
-0.373338
-0.079748
0.080934
0.049260
-0.160113
-0.464022
-0.742583
-0.884992
-0.831870
-0.597961
-0.266524
0.042447
0.218030
0.200714
0.005102
-0.285698
-0.551853
-0.682610
-0.618634
-0.374713
-0.034145
0.283041
0.465888
0.454859
0.264531
-0.022010
-0.284946
-0.413537
-0.348457
-0.104499
0.235040
0.550134
0.729836
0.714620
0.519079
0.226322
-0.043811
-0.180550
-0.124539
0.109468
0.438211
0.741707
0.909055
0.880777
0.671520
0.364443
0.079447
-0.072643
-0.032407
0.185460
0.497763
0.784585
0.935089
0.889864
0.663624
0.339597
0.037747
-0.131031
-0.107254
0.094450
0.390950
0.662389
0.797994
0.738410
0.498409
0.161273
-0.152983
-0.333413
-0.320490
-0.128798
0.158570
0.421795
0.550135
0.484265
0.238981
-0.102415
-0.419890
-0.602486
-0.590667
-0.399012
-0.110615
0.154702
0.286187
0.224504
-0.015568
-0.350747
-0.661025
-0.835473
-0.814585
-0.612979
-0.313785
-0.036871
0.106968
0.058347
-0.168008
-0.488869
-0.784283
-0.943380
-0.906717
-0.688971
-0.373338
-0.079748
0.080934
0.049260
-0.160113
-0.464022
-0.742583
-0.884992
-0.831870
-0.597961
-0.266524
0.042447
0.218030
0.200714
0.005102
-0.285698
-0.551853
-0.682610
-0.618634
-0.374713
-0.034145
0.283041
0.465888
0.454859
0.264531
-0.022010
-0.284946
-0.413537
-0.348457
-0.104499
0.235040
0.550134
0.729836
0.714620
0.519079
0.226322
-0.043811
-0.180550
-0.124539
0.109468
0.438211
0.741707
0.909055
0.880777
0.671520
0.364443
0.079447
-0.072643
-0.032407
0.185460
0.497763
0.784585
0.935089
0.889864
0.663624
0.339597
0.037747
-0.131031
-0.107254
0.094450
0.390950
0.662389
0.797994
0.738410
0.498409
0.161273
-0.152983
-0.333413
-0.320490
-0.128798
0.158570
0.421795
0.550135
0.484265
0.238981
-0.102415
-0.419890
-0.602486
-0.590667
-0.399012
-0.110615
0.154702
0.286187
0.224504
-0.015568
-0.350747
-0.661025
-0.835473
-0.814585
-0.612979
-0.313785
-0.036871
0.106968
0.058347
-0.168008
-0.488869
-0.784283
-0.943380
-0.906717
-0.688971
-0.373338
-0.079748
0.080934
0.049260
-0.160113
-0.464022
-0.742583
-0.884992
-0.831870
-0.597961
-0.266524
0.042447
0.218030
0.200714
0.005102
-0.285698
-0.551853
-0.682610
-0.618634
-0.374713
-0.034145
0.283041
0.465888
0.454859
0.264531
-0.022010
-0.284946
-0.413537
-0.348457
-0.104499
0.235040
0.550134
0.729836
0.714620
0.519079
0.226322
-0.043811
-0.180550
-0.124539