-0.022694
-0.015864
-0.016192
-0.028079
-0.036514
-0.036757
-0.035637
-0.020539
-0.010407
0.009976
0.000447
-0.013592
-0.025865
-0.037120
0.014717
0.018001
-0.014063
-0.024428
-0.028967
0.026095
0.087535
0.104539
0.055140
-0.012886
-0.084122
-0.123158
-0.053080
0.008908
0.071272
0.071784
0.063080
0.018329
0.057777
-0.004902
-0.158898
-0.142901
-0.133420
0.082092
0.267709
0.105508
-0.040938
-0.043354
-0.171639
-0.231194
-0.104823
-0.128045
0.050554
0.075161
-0.113037
0.039501
0.050169
0.032997
0.003588
-0.170397
-0.173351
-0.030955
0.033352
0.157404
0.227731
0.108772
0.039398
0.057295
-0.014402
0.012021
0.038333
-0.013605
0.045080
-0.000855
-0.075247
-0.071397
-0.040048
0.005672
0.018918
-0.000546
0.004187
0.015582
0.001716
-0.000175
0.019599
0.019121
0.019901
0.010744
-0.001114
-0.005201
-0.010377
-0.005889
0.021586
0.029272
0.013293
0.001123
0.009152
0.026291
0.012022
0.008722
0.015961
0.021232
0.015464
0.008956
0.023135
0.027773
0.018291
0.008844
0.012799
0.018017
0.004904
0.001501
0.007437
0.016595
0.010747
-0.013421
-0.014506
0.006417
0.011360
0.026624
0.029254
0.019155
0.005890
-0.032576
-0.018529
-0.011538
-0.004490
0.021440
0.034175
0.053148
0.008083
-0.057051
-0.011363
0.054597
0.046851
-0.023587
0.009267
0.027484
0.123611
0.175056
-0.077457
-0.155909
-0.202248
-0.197106
0.009031
0.095301
0.195883
0.215017
-0.020975
-0.170891
-0.040031
-0.041030
-0.122019
-0.167362
-0.257386
-0.002239
0.271215
0.220576
0.190156
0.065531
0.010566
0.127966
0.079908
-0.007379
-0.045495
0.010177
0.060188
0.071782
-0.016074
-0.080773
-0.049982
-0.093076
-0.010540
0.002531
0.026783
0.084130
0.019243
0.002949
-0.010071
0.005105
-0.001221
-0.010328
-0.054749
-0.053827
-0.003526
-0.012306
0.014280
0.007792
-0.016054
-0.026016
-0.031383
-0.019413
-0.009840
-0.019517
-0.026400
0.001378
0.003552
0.003276
-0.003358
-0.009962
-0.008452
-0.013171
-0.015400
-0.019974
-0.015541
-0.019350
-0.015133
-0.004518
-0.008056
-0.018551
-0.020851
-0.015383
-0.013727
-0.013309
-0.037069
-0.033048
-0.019109
-0.001711
0.013348
-0.014346
-0.026977
-0.045295
-0.042531
-0.009022
-0.030629
-0.035835
-0.028266
-0.000188
0.031725
-0.007671
0.009715
0.046946
0.086203
0.110514
0.074198
0.029974
-0.049928
-0.089557
-0.042019
0.056101
0.053933
-0.075102
-0.196514
-0.206870
-0.012564
0.100893
0.141053
0.052511
-0.050098
-0.065205
-0.140498
0.000438
-0.077187
-0.136906
-0.088570
-0.156415
-0.121054
-0.140985
0.000892
0.099591
0.238343
0.156680
-0.011476
0.023963
0.058168
0.154615
0.099785
0.049635
-0.023299
-0.040257
-0.040443
-0.013020
0.093694
0.103186
0.101019
0.035851
-0.030687
-0.049186
-0.039718
-0.021920
0.000418
0.022899
-0.028217
-0.028755
-0.013497
-0.005010
0.002068
0.005298
0.012987
-0.002364
-0.006781
-0.019097
-0.004592
0.007475
0.004011
0.001038
-0.000047
-0.003769
-0.007710
0.000585
0.014454
0.025925
0.013863
-0.000168
0.004511
0.008799
0.003309
-0.001528
0.003115
0.003958
0.002697
0.005434
0.011087
0.021289
0.003733
-0.023485
-0.011787
-0.007186
-0.012077
0.013322
-0.009869
-0.022387
-0.011349
-0.040683
-0.046103
-0.020481
-0.022748
0.004379
0.040240
-0.056297
-0.023097
-0.066893
-0.107953
0.064791
-0.040165
-0.149096
-0.164763
-0.131429
0.059522
0.253669
0.118554
0.007689
-0.035280
-0.184923
-0.070682
-0.007493
-0.000787
0.021355
-0.003909
-0.079265
-0.159197
-0.185832
-0.136139
-0.020993
0.065706
0.084375
0.085132
0.063523
0.002440
-0.086791
-0.034654
-0.007779
-0.026147
0.049055
-0.027220
0.013012
0.051810
-0.019352
0.002792
0.037381
0.040715
0.045158
0.011362
-0.053435
0.008598
0.057441
0.065265
0.077220
0.034234
0.028574
0.035594
0.033377
0.028574
0.028091
0.005893
0.008856
0.040492
0.024723
0.025645
0.021474
0.020386
0.017654
0.015598
0.023325
0.030504
0.035309
0.025645
0.025005
0.024942
0.025833
0.021017
0.022606
0.028676
0.020398
0.018567
0.026081
0.031115
0.024950
0.017523
0.018052
0.019895
0.028598
0.016898
0.004487
0.007334
0.019421
0.022600
0.005626
0.003520
0.006738
0.015277
0.043787
0.033762
-0.003587
0.022732
-0.005865
-0.050145
-0.028434
-0.120629
-0.080957
0.063756
0.056552
0.177578
0.144957
-0.100400
-0.100645
-0.160550
-0.093485
0.120122
0.121971
0.241298
0.217976
0.129331
0.029910
-0.143224
-0.140191
0.051553
0.189587
0.135019
0.030536
-0.105567
-0.082656
-0.000373
0.056722
-0.031869
-0.057978
-0.019746
-0.081303
0.101161
0.031606
0.037463
0.143055
0.022372
0.022031
-0.133446
-0.134733
0.017598
0.064615
0.036091
-0.021925
-0.081200
-0.071426
-0.007822
-0.025570
-0.016104
-0.028094
-0.082633
-0.056486
-0.037230
-0.004617
0.031335
-0.007113
-0.007613
-0.008923
-0.033180
-0.016942
-0.011707
-0.007885
0.005029
-0.020542
-0.029286
-0.027816
-0.029333
-0.029918
-0.029271
-0.020448
-0.022905
-0.031332
-0.031723
-0.025708
-0.017050
-0.022170
-0.022871
-0.017086
-0.031548
-0.035965
-0.025770
-0.013082
-0.009539
-0.025815
-0.038701
-0.031831
-0.014605
0.011970
0.011850
-0.006217
-0.027274
-0.056946
-0.040774
-0.010711
0.001388
0.020110
0.004813
0.002898
0.009510
0.000376
0.000661
0.047853
0.055873
-0.014131
-0.015965
-0.134353
-0.035682
0.131002
0.125894
0.147473
0.003018
-0.047683
-0.012801
-0.043599
-0.131635
-0.149084
-0.011068
0.107495
0.151373
0.041945
-0.075575
-0.079113
-0.111503
-0.181928
-0.233057
-0.213376
-0.130570
0.041834
0.090681
0.047534
0.053952
-0.009883
0.002516
0.036656
-0.116678
-0.146318
-0.075835
-0.002971
0.186637
0.175502
0.087558
0.044085
-0.011060
0.028820
0.051599
0.044076
0.045149
0.053840
0.062558
0.054943
0.031026
-0.027757
-0.045113
-0.026558
-0.021111
-0.011433
-0.001226
-0.004444
0.005924
0.011127
0.001662
0.012792
0.022884
0.006889
-0.003078
0.006505
0.010181
0.026472
0.029270
0.023654
0.025867
0.011353
0.008891
0.014775
0.017069
0.016126
0.013114
0.019621
0.030374
0.037812
0.031600
0.019774
0.019071
0.019235
0.013103
0.018530
0.014878
0.016408
0.021106
0.025742
0.032439
0.013343
-0.017343
-0.062852
-0.016042
0.020129
0.042843
0.038999
-0.036620
-0.072516
-0.064521
0.015493
0.064544
0.103958
0.060106
-0.084949
-0.100014
-0.036182
0.013567
0.094688
0.060897
0.068153
0.091995
-0.068807
-0.124902
-0.127837
-0.129486
0.033958
0.119114
0.014163
0.153262
-0.039854
-0.231819
0.064913
0.011724
0.066633
0.018696
-0.132168
-0.036318
0.139401
0.117699
-0.061511
-0.026919
-0.099318
0.079842
0.180848
0.067337
0.110236
0.083944
0.092789
0.092981
0.029305
-0.056039
-0.046237
-0.063764
-0.080968
-0.014102
0.002972
0.039680
0.070022
0.026472
-0.001448
0.020340
-0.006547
-0.031699
-0.042947
-0.049144
-0.011276
0.002572
0.000182
-0.008181
-0.013916
-0.026279
-0.032533
-0.007249
0.002055
-0.009819
-0.018857
-0.017826
-0.008193
-0.000776
-0.013577
-0.020873
-0.021438
-0.020590
-0.016722
-0.015663
-0.014171
-0.013491
-0.015720
-0.015914
-0.018088
-0.029946
-0.030386
-0.029716
-0.034061
-0.020775
-0.013386
-0.015528
-0.022404
-0.042502
-0.036210
-0.027205
-0.020049
-0.005032
-0.029518
-0.091092
-0.092902
-0.106640
-0.053037
0.097099
0.084963
0.042267
-0.084609
-0.136330
-0.076340
-0.014681
0.034538
-0.054625
-0.107122
-0.035850
0.053078
0.115074
-0.009301
-0.144481
-0.010497
0.025508
-0.006826
0.016970
0.010055
0.133756
0.391876
0.200646
-0.024346
0.106257
0.046989
0.138400
0.147980
-0.155294
-0.177029
-0.133764
-0.138610
-0.088243
-0.038658
-0.090980
-0.034268
0.062436
-0.021413
0.032045
-0.020923
-0.052581
0.041603
0.062792
0.067490
0.113172
0.064762
0.003790
0.061535
0.032751
0.018019
0.047236
0.014791
-0.014626
0.013503
-0.021275
-0.025662
0.016214
-0.016830
-0.010550
0.000060
-0.008715
0.008524
0.002258
-0.018093
-0.021296
-0.007914
-0.016547
-0.019113
-0.026829
-0.038724
-0.031323
-0.034044
-0.027772
-0.015462
-0.014708
-0.023040
-0.023138
-0.024563
-0.017559
-0.019696
-0.022841
-0.019136
-0.019235
-0.016276
-0.011907
-0.009606
-0.019051
-0.015998
-0.017861
-0.004067
0.000492
-0.012380
-0.017394
-0.022309
0.009112
-0.004918
-0.065669
-0.072096
-0.044073
0.041553
0.091013
0.003067
-0.063517
-0.124711
-0.104927
0.075733
0.029618
0.029492
0.029660
-0.085738
0.074239
0.032990
-0.091152
-0.098245
-0.067974
0.048612
0.025800
0.044474
0.027814
0.131845
0.280981
0.080126
-0.136375
-0.151494
0.002732
0.211420
0.324761
0.065811
-0.065224
-0.060153
-0.165984
-0.064931
-0.092563
-0.163822
-0.037516
0.072616
0.070746
0.065926
-0.079697
-0.141591
0.004807
0.041723
0.082564
0.029380
-0.058036
-0.077080
-0.076320
-0.050180
-0.031818
-0.032351
-0.075387
-0.060019
-0.049929
-0.031942
-0.004034
0.000770
0.012856
0.008073
0.002856
-0.011120
-0.009518
0.003949
-0.000231
-0.011558
-0.009004
0.003995
-0.005051
-0.010892
-0.016666
-0.022789
-0.015345
-0.014591
-0.017151
-0.008821
-0.013274
-0.018490
-0.008928
-0.005768
-0.005517
-0.018620
-0.019787
-0.007879
-0.005752
-0.005049
-0.010782
-0.008020
-0.006860
-0.013506
-0.004275
0.013383
0.017219
-0.003176
-0.032159
-0.042499
-0.014446
0.011544
0.038298
0.053173
0.023695
0.011150
-0.031964
-0.038776
0.029538
0.080006
0.109843
0.054564
-0.029011
-0.083238
-0.105447
-0.007757
0.108711
0.104588
0.077126
0.016642
0.007498
0.044393
0.073918
0.080907
0.025505
0.160551
0.145802
0.022235
0.000332
-0.170604
-0.178687
-0.112709
0.064312
0.096884
-0.029781
0.005837
-0.074311
-0.028527
0.037556
0.001604
-0.001104
0.077481
0.007543
-0.061215
-0.011977
-0.066384
-0.062143
-0.082600
-0.077471
0.010918
0.041416
0.051407
0.056521
0.042120
0.024832
0.031191
-0.015503
-0.025661
-0.005026
-0.047561
-0.035162
-0.013416
0.001840
-0.001653
-0.002923
-0.004711
-0.013908
-0.019386
-0.024142
-0.014820
-0.008577
-0.011941
-0.014589
-0.008530
-0.009321
-0.020963
-0.026287
-0.016211
-0.007558
-0.011232
-0.013927
-0.010471
-0.006158
-0.009758
-0.014851
-0.005017
-0.001951
-0.009438
-0.006456
-0.002593
-0.002201
-0.005636
-0.007913
0.001796
0.009605
0.008226
0.004960
0.005582
-0.000098
-0.012667
-0.017169
-0.010572
0.000344
0.013633
0.010612
-0.008150
-0.014456
-0.020589
-0.017120
-0.002907
-0.001774
-0.003659
-0.000388
-0.000934
0.000034
0.002886
0.002242
0.002916
0.001854
0.000507
0.002300
0.001225
0.000036
0.001209
0.001339
0.002009
0.004576
0.001382
-0.000482
-0.000037
0.000106
0.001705
0.002853
0.002882
-0.000359
-0.000374
0.000647
0.001572
0.002856
0.001041
0.000353
-0.000551
0.000520
0.001250
0.000701
0.001177
0.000499
-0.000244
-0.000320
0.001099
0.001700
0.002183
0.001544
0.001905
0.002367
0.002446
0.002593
0.002550
0.002039
0.001842
0.001411
0.001441
0.001433
0.001966
0.002181
0.002157
0.001975
0.001612
0.001306
0.001560
0.001645
0.001562
0.001395
0.001077
0.000850
0.000874
0.000871
0.000838
0.000780
0.000568
0.000417
0.000379
0.000318
0.000314
0.000311
0.000199
0.000030
0.000011
0.000133
0.000211
0.000282
0.000241
0.000089
0.000023
0.000061
0.000150
0.000253
0.000299
0.000170
0.000020
-0.000015
0.000001
0.000092
0.000103
-0.000018
-0.000166
-0.000219
-0.000105
-0.000018
-0.000002
-0.000112
-0.000156
-0.000193
-0.000104
0.008220
0.018476
0.044982
-0.022654
-0.019190
-0.089792
0.048626
0.157747
-0.032401
-0.080673
-0.054828
0.054430
0.205065
0.190360
0.092482
-0.093680
-0.171288
-0.291459
-0.102665
0.065981
0.136665
0.139505
0.075859
0.017810
0.048527
0.183211
-0.422481
-0.400268
-0.252519
0.049303
0.780035
0.275864
-0.421730
-0.135008
-0.035911
-0.615592
-0.280636
-0.030479
0.059193
0.411380
-0.391294
0.000014
0.393093
0.039915
0.080841
-0.302893
-0.419752
0.008752
0.240744
0.342874
0.469813
0.190931
-0.075465
0.071454
0.100751
-0.075045
0.094908
-0.041077
0.006642
-0.029207
-0.237961
-0.131388
-0.054675
0.081100
0.079814
0.042397
0.021698
0.006442
0.031610
-0.030851
-0.071472
-0.026349
0.062302
0.029727
0.008140
0.016099
-0.000078
-0.013393
-0.029346
0.008408
0.025157
0.005565
0.015855
0.066146
0.047478
0.035510
0.011429
-0.016879
-0.000728
-0.001336
0.023978
0.034042
0.019670
0.004873
0.015988
0.050026
-0.000243
-0.034515
-0.003955
0.006817
0.009506
-0.054414
-0.078017
0.009647
0.035186
0.025535
0.068196
0.023398
0.043402
-0.063202
-0.051697
0.031355
-0.030355
0.031492
0.066779
0.141030
0.081796
-0.212838
-0.086813
0.218744
0.170548
-0.165219
-0.104176
0.147328
0.121094
0.477154
-0.127922
-0.594420
-0.297890
-0.400990
0.098602
0.247864
0.301937
0.575723
-0.023109
-0.679998
-0.118208
0.342684
-0.292894
-0.454807
-0.484993
-0.025489
0.847053
0.593587
0.245698
0.064314
-0.175578
0.312570
0.257183
-0.175934
-0.310669
-0.049669
0.230438
0.002074
-0.069464
-0.211608
-0.005002
-0.103603
-0.044907
0.124175
-0.059660
0.223854
-0.012080
-0.072894
-0.056550
-0.039606
0.051845
-0.031615
-0.070649
-0.184993
-0.000302
-0.007285
-0.019335
0.010982
-0.017862
0.025785
-0.025031
-0.000225
0.014550
-0.000764
-0.082377
-0.082093
-0.028906
0.007244
0.028067
0.025838
0.025624
-0.004375
0.013902
0.009005
-0.020022
-0.058120
-0.061920
-0.014663
-0.005447
-0.047334
-0.062684
-0.000347
0.004970
0.003691
-0.065013
-0.082469
0.012406
0.035898
0.076834
-0.022224
-0.061647
-0.043805
-0.088198
0.036498
0.007525
-0.088519
-0.022387
0.034377
0.169791
0.003704
-0.052963
0.154940
0.172214
0.190969
0.078392
0.024186
-0.111456
-0.303677
-0.153052
0.166431
0.240563
-0.191041
-0.451805
-0.455968
0.050053
0.402383
0.237772
0.103805
-0.285364
-0.086359
-0.313119
-0.045762
0.134865
-0.552908
-0.079273
-0.161579
-0.095364
-0.236788
0.032973
0.508098
0.444699
0.464818
-0.252395
0.010130
0.149871
0.330130
0.197413
-0.090212
-0.103734
-0.168246
0.065983
-0.068815
0.227958
0.256829
0.126628
0.051551
-0.117200
-0.119016
-0.109618
-0.017572
-0.089999
-0.030013
-0.047445
-0.077219
-0.024255
0.000427
0.032949
0.017653
0.013497
-0.033801
0.021200
0.003552
-0.011596
0.008712
-0.022421
-0.043719
-0.024742
0.006237
-0.015240
0.002776
0.032411
0.050871
0.039236
0.013901
0.007626
0.027140
0.032585
-0.013589
-0.038146
-0.031386
-0.019226
-0.005204
-0.011068
0.031452
0.014364
-0.075979
-0.025395
0.043075
-0.031181
0.022972
0.027767
-0.097903
-0.037543
-0.053414
-0.088645
-0.024391
-0.001743
-0.011575
0.148975
-0.077649
-0.149310
0.070866
-0.374848
0.172422
0.222122
-0.415588
-0.382118
-0.220335
0.239472
0.641989
0.350832
-0.265582
0.006464
-0.366672
-0.258255
0.147076
-0.002079
-0.031584
-0.069931
0.024357
-0.292742
-0.386413
-0.143628
0.107259
0.197281
0.166113
0.156908
0.210068
0.061272
-0.290022
-0.151307
0.156831
-0.178798
0.057599
0.114924
-0.057903
0.239811
-0.043326
-0.070074
0.092476
0.124128
0.110766
0.066246
-0.120506
-0.081507
0.182438
0.114330
0.106859
-0.028586
0.005232
0.117215
0.094186
0.049459
-0.010737
0.014763
-0.038039
0.028259
0.033356
0.020371
-0.000061
0.008630
0.030154
-0.016763
0.006219
0.015515
0.043188
0.025794
0.018476
0.040189
0.059703
0.030579
0.008921
0.021538
-0.004511
-0.005042
0.010482
0.025680
0.031165
0.007909
0.015484
0.004006
0.032285
0.052871
-0.017866
-0.028231
0.013848
0.047599
-0.017364
-0.036955
0.012732
0.015681
0.066479
0.096331
-0.052525
-0.018049
0.062807
-0.156023
-0.048925
-0.154615
-0.324384
0.250065
0.201886
0.219744
0.507964
-0.260076
-0.377463
-0.125666
-0.261712
0.363760
0.243886
0.360772
0.523259
0.097857
0.133526
-0.392350
-0.489439
0.059647
0.541185
0.257264
-0.141852
-0.305876
-0.156140
0.067214
0.103262
0.032099
-0.366192
0.054329
-0.129959
0.163570
0.293447
-0.326411
0.364309
0.030865
-0.045541
-0.228908
-0.451589
0.198103
0.205467
0.015608
-0.177846
-0.219170
-0.125010
0.061045
0.028962
0.019952
-0.031580
-0.200847
-0.110166
-0.009965
-0.000519
0.077338
-0.001381
-0.024148
0.033763
-0.010089
0.042712
0.003606
-0.056734
-0.015705
-0.018118
-0.059856
-0.053068
-0.005893
-0.010589
-0.005870
-0.036337
-0.048983
-0.021459
-0.027391
-0.003824
0.002097
-0.017117
-0.018773
-0.011570
-0.007080
-0.027766
-0.043319
0.000397
0.004663
-0.039368
-0.067727
-0.060704
-0.004778
0.075479
0.068421
-0.026295
-0.056595
-0.097238
-0.065445
0.014850
0.019445
0.059564
0.030968
-0.015957
0.051326
0.019986
-0.002289
0.051040
0.207688
-0.071875
-0.071760
-0.201699
-0.290287
0.459094
0.277204
0.207833
-0.051417
-0.277181
0.061609
-0.007017
-0.259582
-0.496407
-0.052612
0.351684
0.328883
0.052217
-0.298749
-0.164176
-0.103294
-0.309164
-0.505214
-0.364063
-0.161856
0.182033
0.417050
0.081140
0.069035
0.071139
-0.013336
0.214918
-0.136960
-0.464902
-0.076406
0.035276
0.425250
0.500212
0.100288
0.073832
-0.039171
0.115791
0.181088
0.021595
-0.001759
-0.011562
0.091198
0.076593
0.025263
-0.055429
-0.120536
-0.044498
0.007218
-0.032038
-0.046901
-0.051361
-0.037113
0.027989
0.010364
0.007936
0.054803
0.057133
-0.002264
-0.013989
-0.029109
-0.032201
0.026040
0.026928
0.031562
0.038678
0.041416
0.053086
0.063787
0.025583
-0.021280
-0.015416
-0.000138
0.034597
0.037056
0.011783
0.019726
0.032502
0.017967
0.012937
0.011870
-0.006231
0.007950
-0.001830
0.053557
0.009669
-0.036242
-0.173818
-0.097451
0.131090
0.057268
0.118260
-0.069009
-0.170347
-0.137355
0.057648
0.208987
0.173828
0.196183
-0.198779
-0.335757
0.005159
0.121190
0.170368
0.093005
-0.006287
0.303800
-0.098036
-0.416815
-0.168487
-0.225951
-0.010878
0.391194
0.001542
0.163258
0.334768
-0.874166
0.085074
0.413372
-0.061918
0.095048
-0.448529
-0.014615
0.313600
0.521167
-0.253624
-0.272266
-0.063158
0.034317
0.671403
0.045386
-0.002389
0.120721
0.202180
0.096607
-0.093883
-0.126939
-0.165226
-0.071700
-0.193528
-0.051276
0.048198
0.084374
0.110147
0.068882
-0.040415
-0.000077
0.017862
-0.083626
-0.118397
-0.121357
-0.066807
-0.041884
0.030128
-0.023435
-0.007307
0.024967
-0.046664
-0.010844
0.022535
0.001311
-0.052478
-0.050350
-0.031709
0.010611
0.011787
-0.023143
-0.038112
-0.043448
-0.014543
0.003784
-0.005022
-0.028421
-0.021916
-0.004235
0.003312
-0.028942
-0.059465
-0.039922
-0.049538
-0.056181
-0.018528
-0.021240
-0.028435
-0.053774
-0.045308
-0.002277
-0.015956
0.053979
0.026082
-0.177368
-0.206722
-0.109691
-0.168782
0.263903
0.313503
0.045916
-0.163179
-0.367659
-0.036729
0.025081
0.146864
-0.049676
-0.332522
-0.091008
0.238289
0.397364
0.093894
-0.550664
-0.019033
0.433860
-0.056576
-0.040316
0.089365
0.164433
0.824318
0.675631
-0.569151
-0.066528
0.310521
0.068795
0.332370
-0.496896
-0.649417
-0.187138
-0.163297
-0.130564
-0.063185
-0.046273
-0.196553
0.321558
0.095536
-0.084306
0.072409
-0.170872
-0.000274
0.128396
0.191982
0.170949
0.161858
-0.057405
0.064432
0.151179
-0.055067
-0.008778
0.061913
-0.039587
-0.033986
0.029653
-0.116216
0.011464
0.004339
-0.059025
0.012017
-0.019905
-0.027533
-0.000119
0.018083
-0.069426
-0.045068
-0.017362
-0.016675
-0.019350
-0.083479
-0.080001
-0.076381
-0.046362
-0.033734
-0.026328
-0.033602
-0.023204
0.006178
0.025650
0.019105
-0.006093
0.002780
-0.012960
-0.005909
-0.023271
0.012093
0.008943
-0.025950
-0.029960
-0.003542
0.045029
-0.011840
-0.039384
-0.069513
0.014200
0.077115
-0.159710
-0.213480
-0.069024
0.111977
0.272668
0.036241
-0.192015
-0.196645
-0.283640
0.258281
0.276510
-0.168634
0.158939
-0.239584
0.087645
0.377632
-0.299949
-0.260400
-0.161691
0.290645
0.157119
-0.060996
0.141725
0.115447
0.722364
0.302721
-0.573271
-0.539421
0.055813
0.502828
0.705125
0.053127
-0.608698
0.014934
-0.255035
-0.225208
-0.000590
-0.382295
-0.197413
0.252903
0.329212
0.086126
-0.160616
-0.430025
0.011185
0.176827
0.124285
0.067383
-0.198371
-0.164106
-0.171370
-0.036588
-0.057802
-0.056321
-0.101280
-0.039968
0.033108
0.007082
0.030467
-0.041590
0.053136
0.027850
-0.005181
0.028205
0.002999
0.043528
0.069118
-0.008173
-0.056724
-0.021270
0.007098
0.048084
0.001937
-0.050833
-0.016066
0.008740
-0.008523
-0.024720
-0.039398
-0.044489
-0.009473
0.013587
0.032925
0.000346
-0.020733
0.012154
0.001737
0.006734
0.000282
-0.007939
0.006262
-0.031406
-0.024886
0.020247
0.049882
0.010285
-0.087737
-0.105066
-0.010257
0.060198
0.068582
0.119459
0.038723
-0.000102
-0.030234
-0.147485
0.039167
0.178537
0.213524
0.088313
-0.131017
-0.155777
-0.228465
-0.063368
0.344439
0.262216
0.046655
-0.002466
-0.014744
0.132924
0.094763
0.169920
-0.102708
0.090142
0.499357
-0.135440
-0.092358
-0.284744
-0.485105
-0.250431
0.100456
0.555114
-0.237787
-0.108665
0.066825
-0.099212
0.091409
-0.031816
-0.050438
0.104066
0.091365
-0.260532
0.038581
-0.068177
-0.189306
-0.081412
-0.174000
0.083619
0.175398
0.168714
0.116016
0.071818
0.033816
-0.011455
-0.035161
-0.099582
-0.017556
-0.066816
-0.063132
-0.020557
0.001983
0.041982
0.031062
-0.003692
-0.034810
-0.002849
0.000145
-0.028647
-0.040324
-0.020911
-0.059331
-0.059817
0.005773
-0.010104
-0.031672
0.008886
0.019506
0.005622
-0.000231
-0.014012
-0.001408
0.004996
-0.002901
-0.002926
-0.004693
-0.002923
-0.012526
-0.016975
-0.007897
-0.006821
-0.006121
0.018630
0.034086
0.026104
0.015931
0.019437
-0.001486
-0.047754
-0.051626
-0.033260
-0.014117
0.016994
0.032928
-0.021047
-0.032437
-0.021794
-0.025105
0.010553
0.004515
-0.006573
0.000283
0.002198
0.000317
0.010375
0.010833
0.001435
0.008860
0.006029
0.004867
0.005742
0.003841
0.001923
0.001567
0.003060
0.004171
0.007627
0.004488
0.005241
0.006215
0.005145
0.004355
0.002528
0.001260
0.001392
0.004238
0.002321
0.002220
0.003056
-0.003199
-0.006554
-0.002176
0.000539
0.001694
0.003191
0.001419
0.000103
-0.000504
-0.000003
0.002528
0.001385
-0.000360
0.000479
0.002151
0.003865
0.003782
0.002761
0.002457
0.001908
0.001896
0.002544
0.002565
0.002530
0.002306
0.001089
-0.000123
-0.000112
0.000262
0.000864
0.001274
0.001188
0.000788
0.000419
0.000592
0.000900
0.001000
0.000802
0.000441
-0.000015
-0.000105
0.000133
0.000393
0.000514
0.000237
-0.000196
-0.000294
0.000028
0.000322
0.000545
0.000461
0.000054
-0.000115
-0.000051
0.000189
0.000477
0.000562
0.000400
0.000194
-0.000034
-0.000057
0.000149
0.000167
0.000143
0.000004
-0.000224
-0.000208
-0.000014
-0.000022
-0.000187
-0.000392
-0.000632
-0.000575
-0.000393
-0.000228
-0.000109
-0.000240
-0.000408
-0.000379
-0.000331
-0.000256
-0.000085