0.324399
0.440485
0.431332
0.309899
0.131826
-0.025857
-0.094186
-0.038642
0.127631
0.348818
0.547718
0.655204
0.636604
0.504914
0.315814
0.146379
0.065617
0.108097
0.260729
0.467748
0.652010
0.744448
0.710447
0.563065
0.358043
0.172519
0.075566
0.101816
0.238241
0.429143
0.597440
0.674129
0.624655
0.462139
0.242383
0.042580
-0.068139
-0.055088
0.068757
0.247749
0.404851
0.471105
0.411998
0.240688
0.013011
-0.193806
-0.310608
-0.302682
-0.182985
-0.007148
0.147806
0.212926
0.153704
-0.016702
-0.242459
-0.446349
-0.559225
-0.546394
-0.420828
-0.238185
-0.075513
-0.001793
-0.051568
-0.211717
-0.426448
-0.618584
-0.719028
-0.693133
-0.553925
-0.357114
-0.179805
-0.091037
-0.125411
-0.269868
-0.468676
-0.644725
-0.728977
-0.686851
-0.531437
-0.318509
-0.125235
-0.020718
-0.039620
-0.168943
-0.353016
-0.514786
-0.585272
-0.529947
-0.361954
-0.137115
0.067354
0.182306
0.173037
0.052509
-0.123645
-0.278399
-0.342803
-0.282354
-0.110212
0.117781
0.324399
0.440485
0.431332
0.309899
0.131826
-0.025857
-0.094186
-0.038642
0.127631
0.348818
0.547718
0.655204
0.636604
0.504914
0.315814
0.146379
0.065617
0.108097
0.260729
0.467748
0.652010
0.744448
0.710447
0.563065
0.358043
0.172519
0.075566
0.101816
0.238241
0.429143
0.597440
0.674129
0.624655
0.462139
0.242383
0.042580
-0.068139
-0.055088
0.068757
0.247749
0.404851
0.471105
0.411998
0.240688
0.013011
-0.193806
-0.310608
-0.302682
-0.182985
-0.007148
0.147806
0.212926
0.153704
-0.016702
-0.242459
-0.446349
-0.559225
-0.546394
-0.420828
-0.238185
-0.075513
-0.001793
-0.051568
-0.211717
-0.426448
-0.618584
-0.719028
-0.693133
-0.553925
-0.357114
-0.179805
-0.091037
-0.125411
-0.269868
-0.468676
-0.644725
-0.728977
-0.686851
-0.531437
-0.318509
-0.125235
-0.020718
-0.039620
-0.168943
-0.353016
-0.514786
-0.585272
-0.529947
-0.361954
-0.137115
0.067354
0.182306
0.173037
0.052509
-0.123645
-0.278399
-0.342803
-0.282354
-0.110212
0.117781
0.930867
0.486223
0.055725
-0.197031
-0.177125
0.105436
0.539552
0.955474
1.189663
1.147272
0.838398
0.374244
-0.075322
-0.346629
-0.344684
-0.079422
0.338124
0.738271
0.957543
0.901151
0.579246
0.103085
-0.357419
-0.638550
-0.645276
-0.387500
0.023776
0.418894
0.634397
0.575512
0.252398
-0.223681
-0.682814
-0.961289
-0.964087
-0.701123
-0.283422
0.119334
0.343656
0.294738
-0.017300
-0.481240
-0.927217
-1.191572
-1.179340
-0.900497
-0.466130
-0.045988
0.196374
0.166076
-0.126834
-0.571214
-0.997274
-1.241438
-1.208817
-0.909469
-0.454561
-0.013924
0.248806
0.238670
-0.034365
-0.459234
-0.866227
-1.091839
-1.041258
-0.724611
-0.253134
0.203278
0.480926
0.484791
0.224787
-0.188075
-0.584131
-0.799919
-0.740665
-0.416532
0.061214
0.522655
0.804072
0.810430
0.551634
0.138691
-0.258736
-0.477180
-0.421855
-0.102910
0.368412
0.822216
1.094813
1.091204
0.821333
0.396250
-0.014333
-0.246897
-0.206602
0.096465
0.551121
0.987538
1.242095
1.219866
0.930867
0.486223
0.055725
-0.197031
-0.177125
0.105436
0.539552
0.955474
1.189663
1.147272
0.838398
0.374244
-0.075322
-0.346629
-0.344684
-0.079422
0.338124
0.738271
0.957543
0.901151
0.579246
0.103085
-0.357419
-0.638550
-0.645276
-0.387500
0.023776
0.418894
0.634397
0.575512
0.252398
-0.223681
-0.682814
-0.961289
-0.964087
-0.701123
-0.283422
0.119334
0.343656
0.294738
-0.017300
-0.481240
-0.927217
-1.191572
-1.179340
-0.900497
-0.466130
-0.045988
0.196374
0.166076
-0.126834
-0.571214
-0.997274
-1.241438
-1.208817
-0.909469
-0.454561
-0.013924
0.248806
0.238670
-0.034365
-0.459234
-0.866227
-1.091839
-1.041258
-0.724611
-0.253134
0.203278
0.480926
0.484791
0.224787
-0.188075
-0.584131
-0.799919
-0.740665
-0.416532
0.061214
0.522655
0.804072
0.810430
0.551634
0.138691
-0.258736
-0.477180
-0.421855
-0.102910
0.368412
0.822216
1.094813
1.091204
0.821333
0.396250
-0.014333
-0.246897
-0.206602
0.096465
0.551121
0.987538
1.242095
1.219866