-0.010876
-0.017671
-0.015421
-0.014152
-0.018191
-0.025963
-0.022984
-0.017770
-0.016627
-0.019442
-0.020001
-0.023372
-0.022531
-0.012222
-0.001751
0.002366
-0.006536
-0.011321
-0.025937
-0.014904
0.015473
-0.000247
-0.026274
-0.026628
-0.003089
0.028746
0.056406
0.064056
0.033808
-0.007002
-0.057706
-0.064967
-0.026687
0.016204
0.036804
0.046250
0.031941
0.030754
0.047829
-0.039856
-0.105460
-0.103055
-0.043324
0.109023
0.137448
0.009512
-0.016436
0.008620
-0.117080
-0.168014
-0.095639
-0.031313
0.018182
-0.059038
-0.058711
0.023695
0.020374
-0.012393
-0.067985
-0.121662
-0.086709
-0.030698
0.006526
0.082440
0.114498
0.059986
0.047374
0.048510
0.001882
0.026323
0.043010
0.031808
0.043623
-0.000223
-0.035578
-0.028513
-0.006052
0.018322
0.009266
0.004875
0.017884
0.007216
-0.017947
-0.005283
0.014754
0.025137
0.025075
0.010121
0.006332
0.014436
0.007809
0.001716
0.012182
0.012373
0.003587
-0.003169
0.005682
0.014054
0.012381
0.017466
0.022723
0.019136
0.008743
0.010112
0.013509
0.012009
0.006954
0.004869
0.012238
0.010465
0.004714
0.006097
0.012353
0.013313
0.003823
-0.007002
-0.000599
0.006653
0.007298
0.017030
0.020426
0.016352
-0.009120
-0.020625
-0.007399
-0.003827
0.002482
0.015468
0.037976
0.038718
-0.019014
-0.039039
0.018150
0.051820
-0.003949
-0.019059
0.033149
0.052078
0.108916
0.069078
-0.058616
-0.100737
-0.120756
-0.083275
-0.016240
0.060267
0.158238
0.106659
-0.073602
-0.085222
0.023969
-0.034562
-0.143321
-0.168840
-0.103569
0.053106
0.121188
0.096596
0.079843
0.041589
0.066463
0.097915
0.038165
-0.020830
0.016020
0.076338
0.065451
0.033219
0.003748
0.006190
-0.036308
-0.057960
0.003850
0.005837
0.009338
0.019997
0.000373
-0.009449
0.016565
0.032037
0.011627
-0.013847
-0.029786
-0.002258
-0.002359
-0.030278
-0.027965
-0.013627
-0.013195
-0.023307
-0.024619
-0.015829
-0.006856
-0.012861
-0.001620
-0.004005
-0.017909
-0.014847
-0.013317
-0.017796
-0.023626
-0.018033
-0.018984
-0.017068
-0.016881
-0.017134
-0.009896
-0.008400
-0.009934
-0.014478
-0.012143
-0.013554
-0.013512
-0.024355
-0.033136
-0.024143
-0.015066
-0.002716
-0.005844
-0.009961
-0.013680
-0.029331
-0.021568
-0.013880
-0.029601
-0.036877
-0.023547
0.008409
-0.000556
-0.020537
0.011657
0.046026
0.062986
0.060600
0.057048
0.028569
-0.033532
-0.043266
0.017923
0.067652
0.016747
-0.079919
-0.136109
-0.087197
0.004681
0.050906
0.051090
0.005086
-0.005682
-0.066221
-0.062383
-0.011419
-0.083029
-0.092593
-0.079790
-0.090063
-0.147579
-0.123492
-0.014285
0.054166
0.095014
0.031280
-0.007708
0.018095
0.071164
0.081638
0.068347
0.059154
0.031266
0.000162
-0.024871
0.027917
0.076462
0.089895
0.061935
0.013540
-0.001266
-0.006085
-0.003781
-0.003990
0.028419
0.032171
0.011555
-0.003145
-0.009474
-0.008839
-0.007839
0.008265
-0.002032
-0.010841
-0.019402
-0.011420
0.005562
0.013096
0.015257
0.006619
0.005733
-0.002027
-0.007002
-0.011186
-0.003343
0.000550
-0.006595
-0.007612
-0.004216
0.001039
-0.001826
0.002696
0.006678
0.005656
0.000939
-0.002657
0.004429
0.006889
-0.011185
-0.019173
-0.003234
-0.008097
-0.005259
0.007152
-0.004314
-0.009511
-0.010954
-0.022832
-0.027510
-0.020796
-0.013959
0.018449
-0.001711
-0.031166
-0.013657
-0.070250
-0.034128
0.026344
-0.054932
-0.138188
-0.128408
-0.050429
0.064003
0.100589
0.026725
0.012742
-0.040556
-0.098864
-0.054195
0.003550
0.003997
-0.005013
0.003985
-0.060028
-0.139952
-0.140658
-0.075308
-0.023715
-0.006378
0.036949
0.058058
0.017357
-0.051298
-0.053225
0.007613
-0.000688
-0.006325
0.008853
0.003938
0.013698
0.012101
-0.005786
-0.003703
0.019482
0.038565
0.031300
-0.007244
-0.014075
0.032496
0.057474
0.053028
0.049062
0.042785
0.038250
0.036198
0.028021
0.031706
0.030549
0.010335
0.027514
0.041502
0.032929
0.035417
0.035756
0.029639
0.021187
0.022663
0.025963
0.024297
0.017110
0.019848
0.023116
0.024084
0.023089
0.016839
0.024450
0.029148
0.026179
0.021089
0.020115
0.017287
0.013304
0.015952
0.014657
0.017966
0.022617
0.014414
0.003832
0.009710
0.019285
0.008219
-0.002058
0.006407
0.011048
0.018020
0.031438
0.014284
0.008336
0.022372
-0.008731
-0.020699
-0.040021
-0.083046
-0.022128
0.027980
0.049987
0.114302
0.044588
-0.060885
-0.085774
-0.094828
-0.017774
0.038155
0.106640
0.166899
0.137901
0.102053
0.003790
-0.085165
-0.037763
0.107355
0.146099
0.064207
0.011688
-0.008196
-0.022362
0.018461
0.024640
-0.027727
0.002553
-0.034127
-0.014626
0.038433
-0.007866
0.059493
0.071644
0.045900
-0.018021
-0.091936
-0.021804
0.028981
0.010894
-0.001550
-0.016300
-0.041412
-0.047480
-0.039922
-0.022465
-0.016640
-0.029478
-0.059653
-0.068123
-0.037940
-0.016832
-0.003401
-0.022351
-0.029697
-0.019232
-0.025367
-0.023879
-0.024658
-0.016657
-0.007078
-0.011006
-0.026329
-0.024633
-0.027872
-0.029673
-0.012572
-0.010632
-0.018485
-0.032070
-0.034420
-0.022503
-0.018528
-0.021942
-0.015727
-0.015237
-0.022185
-0.019554
-0.015365
-0.011479
-0.017130
-0.025948
-0.026718
-0.021911
-0.008057
0.004348
-0.000902
-0.009835
-0.023423
-0.035804
-0.027120
-0.016482
-0.001016
0.004847
-0.002333
0.003280
0.003768
-0.005233
0.003373
0.042280
0.020477
-0.003511
-0.038240
-0.073922
0.020651
0.086944
0.094499
0.057899
0.006372
0.008821
0.004196
-0.045010
-0.111156
-0.067446
0.044289
0.086703
0.056126
-0.004822
-0.022691
-0.029885
-0.093388
-0.159494
-0.164042
-0.147550
-0.082319
-0.011217
-0.004332
0.005602
0.002414
-0.022213
-0.007299
-0.034068
-0.106482
-0.096683
-0.058937
0.015618
0.089959
0.086926
0.063247
0.023559
0.019466
0.034115
0.036867
0.042128
0.042194
0.055055
0.055753
0.061487
0.052151
0.011017
0.003035
0.014319
0.009637
0.012745
-0.001147
-0.013236
-0.001263
0.003020
0.015102
0.024610
0.021326
0.014289
0.013663
0.023220
0.022426
0.012440
0.007089
0.011091
0.012360
0.012470
0.011408
0.010585
0.013892
0.016537
0.018793
0.015478
0.016864
0.019739
0.016972
0.015194
0.014791
0.009238
0.007130
0.011127
0.012326
0.014327
0.013719
0.022898
0.024170
0.013210
-0.020738
-0.029391
0.005920
0.019784
0.025663
0.008227
-0.026186
-0.051622
-0.026600
0.020158
0.045033
0.066362
0.014546
-0.064687
-0.052398
-0.007169
0.025540
0.033829
0.039993
0.093069
0.044083
-0.064334
-0.079517
-0.082895
-0.059646
0.034268
0.031045
0.044553
0.085348
-0.096920
-0.103204
0.042026
0.048663
0.001795
-0.050413
-0.038350
0.012237
0.093503
0.022688
-0.051307
-0.031219
-0.002801
0.082415
0.065645
0.044808
0.085368
0.094933
0.082582
0.067265
0.026533
0.014763
0.001333
-0.049478
-0.017614
0.013970
0.009236
0.018209
0.028513
0.009880
0.014634
0.026602
-0.011187
-0.031035
-0.032035
-0.004880
0.003861
-0.006123
-0.011917
-0.014346
-0.009735
-0.024781
-0.028428
-0.025561
-0.017184
-0.018777
-0.017330
-0.013284
-0.016049
-0.012078
-0.009146
-0.011179
-0.020752
-0.020455
-0.023785
-0.026227
-0.026066
-0.026865
-0.023707
-0.020432
-0.019731
-0.021413
-0.016804
-0.020345
-0.023683
-0.019781
-0.016052
-0.018097
-0.030874
-0.035499
-0.030008
-0.025249
-0.012574
-0.005346
-0.039225
-0.067188
-0.065644
-0.076641
-0.017326
0.051236
0.048400
-0.013728
-0.075019
-0.064748
-0.045138
-0.012565
-0.010609
-0.064028
-0.066671
-0.007921
0.054745
0.036146
-0.088519
-0.071388
0.031964
-0.008623
-0.056114
-0.014157
0.035339
0.155860
0.233673
0.080095
0.031945
0.130262
0.125831
0.116730
0.055514
-0.029178
-0.045943
-0.053687
-0.078456
-0.064486
-0.023471
-0.045030
-0.019688
-0.015555
-0.025754
-0.012455
-0.046813
-0.037415
0.004187
0.023732
0.068615
0.080476
0.011154
0.019240
0.055807
0.032746
0.021790
0.025739
0.004594
-0.005076
0.016068
0.005717
0.002904
-0.000505
-0.002179
0.012544
0.005176
-0.006210
-0.015162
-0.016249
-0.020937
-0.017036
-0.012795
-0.015853
-0.017385
-0.020696
-0.012380
-0.017044
-0.026462
-0.023263
-0.017389
-0.022150
-0.024476
-0.025218
-0.028182
-0.024064
-0.023472
-0.016939
-0.017449
-0.019885
-0.016278
-0.008928
-0.012738
-0.020771
-0.021312
-0.017156
-0.005282
-0.008529
-0.014464
-0.020766
-0.008502
0.010001
-0.022625
-0.059149
-0.051369
-0.009571
0.036238
0.025203
-0.017212
-0.049260
-0.090234
-0.025843
0.034639
-0.000145
0.022965
-0.006764
-0.005746
0.046836
-0.007464
-0.074536
-0.077100
0.012689
0.018032
-0.020754
0.014876
0.035094
0.135763
0.158514
0.000406
-0.098507
-0.033501
0.081175
0.174863
0.145392
0.049574
0.036526
-0.018968
-0.072045
-0.061865
-0.060604
-0.067568
-0.019698
0.040661
0.036794
-0.011303
-0.080900
-0.058039
-0.002500
0.025372
0.042912
0.010737
-0.045264
-0.070216
-0.048781
-0.037174
-0.022295
-0.051645
-0.076191
-0.052735
-0.046085
-0.034672
-0.030070
-0.033500
-0.023910
-0.000293
-0.000910
-0.018491
-0.023451
-0.011328
0.000333
-0.009744
-0.005005
-0.008457
-0.018794
-0.013999
-0.006786
-0.006018
-0.007751
-0.011201
-0.010011
0.002315
-0.001090
-0.006149
-0.008522
-0.006373
-0.006206
-0.011024
-0.007784
-0.007856
-0.004163
-0.000414
0.000477
-0.001348
-0.007897
-0.008219
0.004058
0.018120
0.014472
-0.007805
-0.028165
-0.023181
-0.008485
0.002449
0.020750
0.024342
0.016637
0.001872
-0.024685
-0.013167
0.029915
0.065735
0.061607
0.021767
-0.011108
-0.052117
-0.059494
0.020480
0.072332
0.054892
0.031173
0.023981
0.025137
0.025730
0.062166
0.041641
0.060120
0.156569
0.100705
0.029298
-0.009908
-0.067555
-0.107371
-0.043931
0.091115
0.017294
-0.044344
-0.001909
-0.024091
-0.035752
-0.005520
0.002626
0.017636
0.036653
-0.007490
-0.026413
-0.018348
-0.033400
-0.074849
-0.077712
-0.027667
-0.007847
0.002143
0.009688
0.015221
0.014211
0.027341
0.018942
-0.023286
-0.005472
0.007562
-0.021155
-0.024286
-0.001293
-0.009936
-0.014262
-0.006794
-0.010625
-0.013099
-0.021027
-0.015831
-0.009897
-0.004786
-0.004141
-0.005994
-0.001165
-0.003053
-0.014186
-0.020913
-0.013620
-0.015918
-0.017883
-0.014378
-0.010510
-0.007536
-0.008646
-0.005879
-0.000176
0.001092
-0.001878
-0.001709
-0.003837
-0.006494
-0.010076
-0.010825
-0.005903
-0.001397
0.001532
0.004841
0.007660
0.000465
-0.008651
-0.007460
-0.003539
0.001413
0.008229
0.003088
-0.007818
-0.012126
-0.013726
-0.009881
-0.004928
-0.003485
-0.003226
-0.002612
-0.001488
-0.001663
-0.000643
0.001056
0.002512
0.001162
0.000926
0.000854
-0.001335
-0.001334
-0.000426
0.000406
0.002631
0.004600
0.001215
-0.001735
-0.000657
0.000203
0.000710
0.001992
0.002537
0.001715
0.001066
0.002239
0.002394
0.000929
0.000859
0.000983
0.001011
0.001235
0.001479
0.001754
0.002042
0.001154
0.000644
0.000943
0.001553
0.001927
0.001921
0.001724
0.001642
0.001262
0.001280
0.001538
0.001901
0.001767
0.001640
0.001536
0.001434
0.001463
0.001580
0.001629
0.001629
0.001603
0.001354
0.001169
0.001206
0.001157
0.001127
0.001075
0.001001
0.000901
0.000914
0.000950
0.000932
0.000879
0.000767
0.000616
0.000497
0.000439
0.000384
0.000388
0.000322
0.000228
0.000192
0.000230
0.000224
0.000156
0.000058
-0.000067
-0.000109
-0.000044
0.000105
0.000210
0.000213
0.000103
-0.000091
-0.000185
-0.000069
0.000068
0.000127
0.000117
0.000042
-0.000077
-0.000057
0.031246
-0.005347
-0.077836
-0.019073
0.142382
0.040797
-0.082006
-0.063070
-0.010428
0.104783
0.173259
0.152588
0.023082
-0.085041
-0.183692
-0.183883
-0.040896
0.039781
0.110945
0.073521
0.007098
0.059372
0.201296
-0.115452
-0.354077
-0.317415
-0.206077
0.463099
0.473466
-0.223911
-0.173142
0.077595
-0.335988
-0.500873
-0.131295
-0.001688
0.154817
-0.122327
-0.135449
0.170440
0.109294
0.180408
-0.097662
-0.368799
-0.135795
0.099871
0.204511
0.341803
0.313200
0.100995
0.032782
0.171975
0.067624
-0.020675
0.042327
0.057683
0.009170
-0.127719
-0.169445
-0.121684
-0.016861
0.060122
-0.000228
0.000304
-0.002913
0.045875
0.029154
-0.016388
-0.012505
0.051385
0.051360
0.022848
0.005149
-0.036539
0.006773
0.013674
0.025446
0.031103
0.030201
0.031950
0.043897
0.016149
0.002666
-0.002666
-0.006246
-0.007608
0.005821
0.020742
0.021972
0.008537
-0.008257
-0.007777
0.002765
-0.009020
-0.027732
0.001035
0.013040
0.018984
-0.015820
-0.045192
-0.008597
0.025892
0.010258
0.037083
0.047130
0.042779
-0.022142
-0.065133
0.003030
-0.012053
-0.007136
0.030460
0.122326
0.157310
-0.102318
-0.171094
0.138188
0.186310
-0.061864
-0.103790
0.051330
0.067750
0.343485
0.229806
-0.356019
-0.383559
-0.312270
-0.142400
-0.001224
0.109527
0.555538
0.255517
-0.449811
-0.254303
0.280150
-0.027362
-0.395629
-0.426678
-0.292640
0.268016
0.606889
0.426991
0.079364
-0.068573
0.284762
0.396361
0.024500
-0.200727
-0.108148
0.149163
0.052408
-0.070608
-0.103884
-0.164146
-0.133747
-0.068056
0.042641
-0.075639
0.097707
0.142333
-0.047934
-0.053403
-0.017412
0.064751
-0.037009
-0.070849
-0.107427
-0.072387
0.006244
0.010802
0.016447
-0.037589
-0.009703
-0.002701
-0.002672
-0.036951
-0.048953
-0.029165
-0.026181
-0.006492
-0.002368
-0.005003
-0.009021
-0.004210
-0.027890
-0.042070
-0.045959
-0.043912
-0.024731
-0.012472
-0.006815
-0.001709
-0.014365
-0.036443
-0.014888
0.005981
-0.003085
-0.047885
-0.080945
-0.021116
0.016620
0.043435
0.012115
-0.027611
-0.025578
-0.070733
-0.009237
0.039047
-0.052673
-0.073277
0.001487
0.122490
0.056584
-0.058053
0.089488
0.170154
0.163977
0.152796
0.119931
0.025846
-0.210603
-0.218306
0.030745
0.188435
0.007585
-0.314780
-0.466436
-0.244033
0.187914
0.243373
0.115611
-0.065307
-0.073304
-0.196698
-0.153456
0.154848
-0.321697
-0.334566
-0.050864
-0.153952
-0.281744
-0.224269
0.271305
0.356850
0.441486
0.167670
-0.063663
0.130466
0.308584
0.320169
0.029533
-0.010779
-0.067227
-0.039522
-0.098164
0.034395
0.223167
0.116057
0.115799
-0.007363
-0.087070
-0.110718
0.000083
-0.025829
-0.086339
-0.039120
-0.047797
-0.041592
-0.019582
0.011699
-0.007704
0.030603
0.018607
0.015802
0.000508
-0.005255
0.009606
0.012589
0.004130
-0.013897
-0.009776
-0.010045
0.007607
0.020332
0.005818
-0.010091
-0.017902
-0.011228
-0.005038
-0.001445
-0.020228
-0.039336
-0.021695
-0.010863
-0.006076
-0.019777
0.028291
0.031267
-0.056263
-0.048583
0.013747
-0.031426
-0.008762
0.058204
-0.035404
-0.051497
-0.015723
-0.041608
-0.051227
-0.052469
-0.001033
0.074059
-0.027319
-0.080985
0.029734
-0.251701
-0.073714
0.303790
-0.150343
-0.401558
-0.325149
-0.002998
0.379503
0.384287
0.046993
-0.020046
-0.139931
-0.274890
0.015384
0.044276
-0.060751
-0.093088
0.082601
-0.129561
-0.458385
-0.221643
-0.032261
0.033896
0.105273
0.165227
0.217276
0.160679
-0.113177
-0.125951
0.071951
-0.065137
-0.016054
0.103921
-0.060608
0.081421
0.120721
-0.060730
-0.006056
0.097590
0.181553
0.070692
-0.021058
-0.043305
0.046881
0.107424
0.133171
0.069625
0.008763
0.075464
0.080623
0.092125
0.002491
0.007385
-0.003833
0.006579
0.043405
0.043167
0.030291
0.023493
0.021311
-0.003499
0.014727
0.026306
0.026861
0.021059
0.020970
0.018495
0.028663
0.023158
0.006325
0.002784
0.000996
0.012322
0.029301
0.024695
0.023366
0.006622
0.006289
-0.004930
0.002431
0.036913
0.001499
-0.036799
0.005624
0.049779
-0.005230
-0.039899
-0.005422
-0.008430
0.030663
0.086576
-0.012693
-0.029203
0.050048
-0.043739
-0.047006
-0.103884
-0.282606
0.001986
0.138552
0.134031
0.421920
0.107429
-0.275044
-0.171475
-0.180240
0.051212
0.173456
0.273299
0.469833
0.218139
0.291398
-0.021315
-0.493138
-0.148003
0.359220
0.362761
-0.016859
-0.181095
-0.160439
-0.104409
0.050152
0.110657
-0.226633
-0.157808
-0.010142
-0.001918
0.211208
-0.145282
0.108796
0.222846
0.011604
-0.061822
-0.400892
-0.051058
0.171746
0.043889
-0.057943
-0.195447
-0.135439
-0.014749
-0.029124
-0.003920
-0.044168
-0.148816
-0.102141
-0.110249
-0.052697
0.049458
0.019409
-0.005534
-0.018266
-0.030728
-0.016789
0.006875
-0.004094
-0.010201
-0.027181
-0.008394
-0.013921
-0.003544
-0.023024
-0.039996
-0.030763
-0.032618
-0.011323
-0.027332
-0.017003
-0.011422
-0.004757
-0.001504
-0.018565
-0.033409
-0.034179
-0.022428
0.018359
0.012984
-0.018935
-0.038492
-0.043728
-0.026939
0.036404
0.070135
0.012987
-0.027297
-0.053699
-0.061325
-0.031474
-0.004371
0.035751
0.034874
-0.013933
0.039593
0.034742
-0.025951
0.033539
0.145444
0.059347
-0.026735
-0.103154
-0.295538
0.103680
0.333256
0.217256
0.083171
-0.171921
-0.007808
0.077710
-0.116302
-0.404970
-0.318328
0.154966
0.282655
0.125571
-0.141832
-0.174559
-0.069090
-0.167091
-0.396247
-0.431925
-0.326208
-0.067975
0.241551
0.117995
0.034319
0.076142
0.051692
0.193513
0.085379
-0.267099
-0.203179
-0.046799
0.201697
0.383942
0.218829
0.117707
0.024957
0.083927
0.193772
0.071761
0.069036
0.055868
0.067632
0.089215
0.035139
-0.005293
-0.093272
-0.099162
-0.027799
-0.040669
-0.038048
0.017068
-0.021396
-0.008273
0.010771
0.022624
0.050300
0.038236
0.008205
-0.006740
0.019778
0.038817
0.049072
0.045205
0.021362
0.020821
0.032533
0.016917
0.001306
-0.011416
-0.016059
0.008956
0.021470
0.025790
0.026303
0.006175
0.005927
0.007918
-0.011657
-0.033269
-0.013911
0.001654
0.008609
0.005584
0.027524
0.052280
0.011869
-0.100519
-0.131717
0.032443
0.049587
0.077046
0.053681
-0.115395
-0.154319
-0.032280
0.114886
0.140718
0.224240
0.036250
-0.277034
-0.138313
0.086293
0.123005
0.036026
0.032234
0.262732
0.085598
-0.257854
-0.161197
-0.255709
-0.156410
0.202435
0.052198
0.095728
0.351221
-0.391105
-0.361239
0.350809
0.124251
0.041889
-0.226132
-0.165591
0.112223
0.374315
0.201691
-0.325765
-0.155688
0.026198
0.389568
0.263686
0.003958
0.105547
0.202481
0.193790
0.008941
-0.016722
-0.130851
-0.110576
-0.140931
-0.146920
-0.077639
0.017848
0.082913
0.033456
0.007236
0.009052
0.065840
-0.022043
-0.108141
-0.100947
-0.062028
-0.056792
0.004104
-0.003154
-0.055996
-0.015803
-0.017820
-0.005783
-0.016174
-0.022602
-0.032538
-0.016465
-0.005945
-0.016675
-0.021525
-0.041135
-0.034683
-0.038911
-0.040249
-0.030547
-0.028930
-0.021184
-0.020042
-0.017528
-0.025854
-0.039805
-0.043760
-0.032815
-0.027491
-0.045834
-0.025475
0.003285
-0.001736
-0.038774
-0.048761
-0.035370
-0.052883
0.024698
0.061431
-0.092731
-0.158146
-0.113192
-0.183157
0.015189
0.301804
0.170230
-0.058640
-0.240073
-0.130098
-0.041072
0.063070
0.092980
-0.224881
-0.253235
0.060886
0.375234
0.225063
-0.372510
-0.185569
0.344892
0.051865
-0.047113
0.070706
-0.027194
0.521103
0.872813
-0.009986
-0.290656
0.294764
0.272319
0.223670
-0.076122
-0.454075
-0.366617
-0.248253
-0.149299
-0.221214
-0.169712
-0.187219
0.047730
0.163603
-0.054046
0.027980
0.017020
-0.034619
0.052307
0.160175
0.181653
0.161132
0.067339
0.023474
0.126615
0.045386
0.023246
0.097542
0.020716
-0.076884
-0.021477
-0.020719
-0.080039
-0.043463
-0.086400
-0.051658
-0.017084
0.004915
-0.036393
-0.057813
-0.065437
-0.042961
-0.012332
-0.047595
-0.043447
-0.053643
-0.034731
-0.036450
-0.008405
-0.018536
-0.014870
0.000603
0.002542
-0.000842
-0.015294
-0.021173
-0.013970
-0.005183
-0.018670
-0.024700
-0.020831
-0.002747
0.017847
-0.010631
-0.042147
-0.034762
0.006822
0.019121
-0.023699
-0.066357
-0.014813
0.094436
-0.033598
-0.189897
-0.138972
0.021294
0.172174
0.114189
-0.038029
-0.177458
-0.281191
0.044058
0.255529
-0.041678
0.064948
-0.051388
-0.080265
0.331327
0.024405
-0.294587
-0.215030
0.136806
0.203819
-0.077007
0.067752
0.047602
0.420068
0.632043
-0.140723
-0.515351
-0.177746
0.291553
0.587312
0.292654
-0.287634
-0.104616
-0.107963
-0.257646
-0.064490
-0.273704
-0.342662
-0.017832
0.292028
0.146908
-0.127603
-0.206768
-0.129834
0.044336
0.137451
0.138212
-0.087669
-0.123915
-0.145505
-0.121051
-0.072502
-0.075917
-0.060496
-0.110525
-0.075551
-0.025048
0.026938
-0.018148
0.007809
0.019489
0.005835
0.053942
0.030578
0.004361
-0.008408
-0.015788
-0.017601
0.011136
0.007512
0.004902
0.004114
-0.001927
0.011011
-0.002732
-0.013303
-0.018663
-0.009065
0.010070
0.022310
0.006530
-0.002669
0.004043
0.001124
0.004521
-0.012767
-0.014675
0.006799
0.020618
0.031075
-0.005989
-0.032026
-0.000441
0.050635
0.059969
-0.027051
-0.089102
-0.049306
0.007698
0.035522
0.080047
0.057607
0.016248
0.007396
-0.092583
-0.064829
0.098070
0.191933
0.134150
-0.016265
-0.062695
-0.191935
-0.199412
0.158901
0.277586
0.075450
0.042090
0.048668
0.039803
0.105036
0.197964
-0.010284
-0.043930
0.435591
0.170176
-0.150258
-0.050252
-0.326498
-0.471717
-0.125497
0.427809
-0.028426
-0.295737
0.142227
-0.045888
-0.087001
0.059245
0.023010
0.004675
0.096080
-0.027007
-0.081545
-0.059815
-0.099261
-0.105888
-0.230911
-0.040706
0.112133
0.107557
0.106791
0.066767
0.102189
0.035157
0.024502
-0.017488
-0.049662
-0.058753
-0.054531
-0.062944
-0.045383
-0.021833
-0.014071
0.001389
-0.001503
-0.014613
-0.015258
-0.003986
-0.022534
-0.010360
-0.010809
-0.028419
-0.015220
-0.003023
-0.008379
-0.000052
-0.006348
-0.009592
-0.008345
0.000289
0.001432
0.004283
0.002502
0.010313
-0.000485
-0.002626
0.002672
-0.006638
-0.004453
-0.006254
-0.004449
-0.000339
0.016548
0.006926
-0.004074
0.010535
0.015194
-0.024687
-0.036529
-0.019627
-0.018467
-0.000926
0.032458
0.001721
-0.037925
-0.030213
-0.027545
-0.011725
0.002711
0.001111
-0.002569
0.000613
0.007077
0.008539
0.007116
0.005971
0.008189
0.008192
0.003855
0.002978
0.003409
0.002877
0.002469
0.007077
0.006878
0.007090
0.005286
0.002735
0.002323
0.003936
0.003334
0.002502
0.003808
0.001705
0.003627
0.006174
0.006061
0.003419
0.000411
-0.002605
-0.000963
0.001941
0.002544
0.002471
0.003147
0.002425
0.000722
0.000375
0.001484
0.001484
-0.000166
0.001913
0.003606
0.001984
0.001860
0.001490
0.000667
-0.000281
-0.000943
-0.000318
0.001957
0.002953
0.003114
0.002377
0.001459
0.000843
0.000501
0.000491
0.000686
0.000388
0.000143
-0.000206
0.000114
0.000563
0.000795
0.000880
0.000807
0.000413
0.000126
0.000127
0.000249
0.000230
0.000161
-0.000029
-0.000030
0.000125
0.000429
0.000527
0.000449
0.000076
-0.000277
-0.000419
-0.000184
0.000148
0.000439
0.000431
0.000213
-0.000018
-0.000083
0.000052
0.000229
0.000260
0.000106
0.000011
-0.000050
0.000070
0.000128
0.000062
-0.000121
-0.000368
-0.000555
-0.000552
-0.000420
-0.000278
-0.000238
-0.000326
-0.000324
-0.000382
-0.000438
-0.000365
-0.000232
-0.000243
-0.000128