-0.019575
-0.015116
-0.010498
-0.015759
-0.023383
-0.024528
-0.017523
-0.013716
-0.015617
-0.019439
-0.022065
-0.026401
-0.019311
-0.009155
0.001293
0.001509
-0.004883
-0.016652
-0.029018
-0.001790
0.016332
-0.012810
-0.032182
-0.020417
0.010220
0.044596
0.068281
0.054460
0.016272
-0.031128
-0.071620
-0.053723
-0.010880
0.026176
0.040758
0.043232
0.027271
0.049042
0.027464
-0.079872
-0.116162
-0.094053
0.015659
0.150569
0.094292
-0.025742
0.004280
-0.020370
-0.163636
-0.147669
-0.074939
-0.004259
-0.001484
-0.081027
-0.020375
0.041559
0.013087
-0.030099
-0.095841
-0.121780
-0.057067
-0.019541
0.031820
0.115264
0.101942
0.050223
0.056159
0.025370
0.014356
0.038402
0.020771
0.045416
0.029022
-0.032587
-0.036761
-0.021359
0.008345
0.011293
0.001793
0.016092
0.019780
-0.006872
-0.013661
0.008174
0.020190
0.026284
0.014026
0.007812
0.013707
0.012646
0.001687
0.003825
0.011997
0.013665
0.001634
-0.000190
0.008164
0.009631
0.017331
0.019466
0.017063
0.009578
0.007888
0.015262
0.016944
0.009623
0.005016
0.010332
0.012212
0.004730
0.001463
0.007631
0.013650
0.012532
0.000511
-0.006266
0.003522
0.005605
0.012196
0.019409
0.018210
0.007450
-0.015674
-0.013450
-0.003057
-0.002391
0.005945
0.024695
0.045855
0.018865
-0.040450
-0.022351
0.046374
0.040256
-0.026816
-0.000208
0.040716
0.074680
0.119499
0.014065
-0.091116
-0.115095
-0.116886
-0.059557
0.006201
0.106240
0.166828
0.036410
-0.114547
-0.028286
0.034971
-0.093161
-0.175861
-0.165605
-0.044755
0.105495
0.119076
0.098624
0.065519
0.045115
0.107506
0.089188
-0.002641
-0.022855
0.042167
0.074932
0.051362
0.015451
-0.002265
-0.010683
-0.063052
-0.019565
0.014052
-0.009328
0.023044
0.017446
-0.008731
0.001826
0.032021
0.020278
-0.008950
-0.025587
-0.010376
0.007889
-0.022681
-0.034134
-0.017103
-0.005595
-0.014713
-0.025335
-0.027361
-0.018576
-0.009459
0.000895
-0.004170
-0.021700
-0.012996
-0.007375
-0.011109
-0.021748
-0.022078
-0.019051
-0.018524
-0.016986
-0.019793
-0.012972
-0.008121
-0.004143
-0.011371
-0.017007
-0.013734
-0.011618
-0.016315
-0.034603
-0.032193
-0.017731
-0.004778
0.001795
-0.006779
-0.011787
-0.021857
-0.027731
-0.014727
-0.021915
-0.037923
-0.035614
-0.005641
0.015449
-0.013216
-0.012457
0.028216
0.058841
0.065886
0.061909
0.053340
0.001499
-0.048996
-0.029647
0.045388
0.059448
-0.028772
-0.119578
-0.137352
-0.045464
0.037046
0.059986
0.029864
-0.001145
-0.020538
-0.079851
-0.030914
-0.033941
-0.104854
-0.094668
-0.078598
-0.105527
-0.159619
-0.078998
0.018309
0.094053
0.090046
0.005754
0.000807
0.043293
0.089503
0.076869
0.063176
0.043219
0.012447
-0.019413
-0.010415
0.055472
0.090896
0.080219
0.032409
0.014369
0.001661
-0.010062
-0.013691
0.005293
0.029295
0.020676
0.008540
-0.011041
-0.008723
-0.008310
0.008446
0.008957
-0.006631
-0.016103
-0.018124
0.001540
0.006285
0.011362
0.008201
0.005735
0.002878
-0.003466
-0.011554
-0.009322
0.002929
-0.001567
-0.007315
-0.008017
-0.002968
0.000219
0.000614
0.003782
0.004132
0.003854
0.000197
-0.001159
0.007038
-0.000059
-0.018022
-0.009109
-0.003018
-0.011850
0.001701
0.007464
-0.007665
-0.008842
-0.013553
-0.028119
-0.025505
-0.020000
-0.001331
0.020990
-0.021296
-0.021014
-0.030850
-0.076354
0.002908
0.012222
-0.099294
-0.154213
-0.105050
-0.003712
0.103180
0.076226
0.011912
0.006172
-0.075235
-0.089642
-0.021395
0.003355
-0.011155
-0.001493
-0.013360
-0.095891
-0.155766
-0.121352
-0.047626
-0.021582
0.017046
0.059954
0.044605
-0.004502
-0.060621
-0.027529
0.017604
-0.013883
-0.005742
0.008778
0.002097
0.025800
0.012365
-0.017361
0.001165
0.038939
0.046036
0.011988
-0.024657
0.004185
0.048560
0.050023
0.058801
0.045762
0.034275
0.040804
0.036603
0.033236
0.033288
0.011554
0.017864
0.039171
0.029111
0.035022
0.036808
0.030667
0.023200
0.021988
0.024935
0.025372
0.020147
0.016582
0.021949
0.023397
0.025935
0.018247
0.019815
0.027161
0.027663
0.025014
0.017222
0.017065
0.015713
0.016043
0.016655
0.015139
0.018358
0.019696
0.009633
0.003183
0.014653
0.017696
0.004317
0.000788
0.008737
0.011343
0.024661
0.027934
0.006047
0.015489
0.016206
-0.018293
-0.022977
-0.063449
-0.074319
0.006363
0.033541
0.080816
0.112916
-0.005671
-0.080599
-0.091561
-0.070621
0.009162
0.059827
0.138137
0.165667
0.133466
0.073988
-0.036756
-0.095819
0.015596
0.151864
0.109498
0.033527
-0.004532
-0.023236
-0.000915
0.029828
-0.001304
-0.022370
-0.015460
-0.041001
0.028772
0.019217
0.009079
0.074031
0.065889
0.032416
-0.062216
-0.072024
-0.001249
0.025310
0.010139
-0.007437
-0.030003
-0.049954
-0.043066
-0.032668
-0.018220
-0.014081
-0.048563
-0.077357
-0.051558
-0.024402
-0.001199
-0.013686
-0.037194
-0.014645
-0.015793
-0.023362
-0.025992
-0.023715
-0.012123
-0.004264
-0.016202
-0.026788
-0.027028
-0.034108
-0.014614
-0.009259
-0.018216
-0.027063
-0.036316
-0.024183
-0.016601
-0.023252
-0.015639
-0.013452
-0.018628
-0.020237
-0.023424
-0.013558
-0.011362
-0.020376
-0.024313
-0.025712
-0.018645
0.000822
0.003825
-0.005933
-0.016600
-0.031813
-0.030925
-0.023417
-0.011684
0.003505
0.001790
0.000967
0.004024
0.000282
-0.007955
0.021032
0.044623
0.007760
-0.010411
-0.066566
-0.050752
0.060269
0.098708
0.086975
0.031383
0.002046
0.014530
-0.003052
-0.081876
-0.120411
-0.024091
0.070518
0.086589
0.030758
-0.019718
-0.018949
-0.050016
-0.122950
-0.171810
-0.170264
-0.132197
-0.052562
-0.000039
0.007988
0.011255
-0.004175
-0.015461
0.001240
-0.059198
-0.115512
-0.090920
-0.040701
0.056830
0.103568
0.080802
0.044313
0.018136
0.029060
0.043733
0.045264
0.032800
0.041160
0.052342
0.061137
0.068912
0.025223
-0.006616
0.005655
0.014972
0.017364
0.005383
-0.014366
-0.006729
0.004125
0.013147
0.019640
0.017069
0.016010
0.013937
0.022121
0.024557
0.013666
0.009777
0.012870
0.014040
0.014673
0.010117
0.006155
0.010275
0.012787
0.017080
0.016577
0.013895
0.020382
0.020542
0.016150
0.015319
0.010894
0.005302
0.007090
0.009146
0.014576
0.015324
0.018763
0.027981
0.022320
0.001557
-0.033086
-0.017951
0.013411
0.021705
0.022699
-0.003537
-0.039558
-0.046828
-0.003392
0.032545
0.059274
0.057785
-0.024157
-0.074119
-0.032422
0.012588
0.032870
0.027806
0.060964
0.094061
-0.002338
-0.084103
-0.082799
-0.083804
-0.027325
0.046878
0.021413
0.078886
0.030634
-0.146474
-0.036391
0.068372
0.032188
-0.027796
-0.058761
-0.029813
0.065923
0.092360
-0.032493
-0.046146
-0.030920
0.040999
0.096295
0.046727
0.062990
0.087890
0.096781
0.087932
0.048897
0.014551
0.008292
-0.036856
-0.037325
0.001869
0.001078
0.010934
0.027030
0.022239
0.013358
0.034611
0.005919
-0.027327
-0.036113
-0.017463
0.004527
-0.007847
-0.011428
-0.017068
-0.002738
-0.012627
-0.026914
-0.027001
-0.025823
-0.015563
-0.012097
-0.015636
-0.023435
-0.015983
-0.008382
-0.006216
-0.016131
-0.023104
-0.022291
-0.022803
-0.025242
-0.027316
-0.023744
-0.020064
-0.017307
-0.021619
-0.022784
-0.019065
-0.020031
-0.024082
-0.018264
-0.015633
-0.021658
-0.030796
-0.032794
-0.027640
-0.023320
-0.006720
-0.012869
-0.055063
-0.068161
-0.073741
-0.063423
0.019969
0.063940
0.028861
-0.047474
-0.078358
-0.056489
-0.030359
-0.002700
-0.033869
-0.079483
-0.050727
0.026158
0.072394
-0.014517
-0.112579
-0.025280
0.040924
-0.035479
-0.050784
0.006284
0.071440
0.219085
0.204956
0.025996
0.068957
0.144274
0.123521
0.105050
0.007910
-0.053074
-0.056925
-0.073296
-0.085694
-0.036815
-0.037666
-0.052157
-0.007958
-0.011675
-0.004491
-0.027340
-0.048861
-0.019826
0.007463
0.054853
0.091666
0.039242
0.003973
0.046656
0.055865
0.032462
0.019255
0.010194
-0.004244
0.010281
0.013436
-0.006218
-0.006543
-0.009172
0.010505
0.014400
-0.005139
-0.014260
-0.009757
-0.013218
-0.017996
-0.010432
-0.021591
-0.017652
-0.014911
-0.015866
-0.015850
-0.023413
-0.023084
-0.016389
-0.020251
-0.025827
-0.020426
-0.025732
-0.028397
-0.025677
-0.018735
-0.015548
-0.017650
-0.016538
-0.013931
-0.010815
-0.015658
-0.020006
-0.021209
-0.013457
-0.006918
-0.009299
-0.017645
-0.020920
0.002698
0.003650
-0.041425
-0.063257
-0.037814
0.012070
0.041496
0.008599
-0.030883
-0.072090
-0.079859
0.015370
0.025949
0.003164
0.018103
-0.019571
0.022823
0.045515
-0.037648
-0.097465
-0.045534
0.033896
-0.001042
-0.006387
0.012968
0.073091
0.179726
0.113355
-0.057055
-0.100004
0.012808
0.127282
0.183869
0.108394
0.024158
0.017368
-0.044362
-0.077511
-0.052871
-0.072093
-0.076276
0.008447
0.056241
0.032848
-0.043074
-0.090268
-0.032284
0.012219
0.048146
0.040675
-0.026515
-0.068026
-0.053680
-0.040185
-0.025373
-0.034378
-0.083648
-0.061906
-0.043264
-0.036735
-0.027467
-0.045679
-0.035253
0.001812
0.009620
-0.014874
-0.028469
-0.019807
0.003986
-0.001118
-0.007153
-0.008608
-0.019158
-0.010676
-0.006155
-0.005469
-0.008413
-0.014117
-0.011330
-0.001162
-0.002124
-0.004145
-0.005881
-0.009419
-0.003999
-0.006463
-0.007660
-0.006453
-0.007167
-0.004035
-0.001033
-0.000107
-0.002353
-0.008692
-0.004765
0.010140
0.019492
0.007570
-0.020661
-0.032841
-0.019385
-0.003706
0.012249
0.028066
0.021408
0.011539
-0.009678
-0.027319
0.001554
0.047844
0.072083
0.046494
0.007855
-0.027001
-0.066339
-0.036143
0.052025
0.072463
0.042623
0.026727
0.028075
0.026930
0.046004
0.062295
0.029688
0.104688
0.155349
0.065317
0.013245
-0.036261
-0.092992
-0.110446
0.022637
0.085411
-0.030228
-0.031602
-0.004885
-0.024366
-0.020819
0.000369
0.000294
0.030759
0.027858
-0.025665
-0.018469
-0.020419
-0.059703
-0.081123
-0.057349
-0.020085
0.002126
0.006046
0.008040
0.020827
0.029769
0.030454
-0.013993
-0.017651
0.009288
-0.012020
-0.028221
-0.011584
-0.008715
-0.013825
-0.003267
-0.007321
-0.007544
-0.019758
-0.022037
-0.008650
-0.007691
-0.007326
-0.005756
-0.003414
-0.002849
-0.008144
-0.016839
-0.015283
-0.014122
-0.015258
-0.014114
-0.013782
-0.006989
-0.008412
-0.010075
-0.003393
-0.001387
0.000469
0.000120
-0.004297
-0.006128
-0.009330
-0.010868
-0.007144
-0.003217
-0.000257
0.002707
0.009016
0.005164
-0.006421
-0.010222
-0.005917
-0.003082
0.004283
0.008990
-0.001538
-0.010691
-0.014313
-0.012337
-0.007229
-0.004156
-0.003138
-0.001850
-0.000512
-0.001071
-0.000176
0.000730
0.001334
0.001463
0.001080
0.000983
0.000693
-0.000398
-0.000888
-0.000041
0.001737
0.004230
0.002225
-0.000760
-0.001465
-0.000664
0.000551
0.001104
0.002103
0.001998
0.001774
0.001258
0.002248
0.001720
0.000636
0.001222
0.001306
0.001022
0.000895
0.001570
0.001847
0.001613
0.001007
0.000719
0.001121
0.001892
0.002139
0.001853
0.001700
0.001438
0.001177
0.001397
0.001627
0.001876
0.001762
0.001470
0.001277
0.001316
0.001459
0.001694
0.001761
0.001656
0.001359
0.001190
0.001110
0.001093
0.001083
0.001098
0.001137
0.001043
0.000980
0.000946
0.000906
0.000856
0.000823
0.000729
0.000573
0.000466
0.000448
0.000466
0.000393
0.000310
0.000225
0.000179
0.000211
0.000212
0.000131
0.000036
-0.000048
-0.000110
-0.000020
0.000107
0.000180
0.000133
-0.000010
-0.000179
-0.000199
-0.000030
0.000082
0.000102
0.000044
-0.000050
-0.000120
-0.000062
0.039813
0.011047
-0.054327
-0.058813
0.098245
0.086563
-0.048549
-0.070333
-0.042310
0.060901
0.158985
0.164484
0.069717
-0.049585
-0.141397
-0.198174
-0.090526
0.006234
0.095526
0.097579
0.022282
0.021396
0.178099
0.014230
-0.291414
-0.316898
-0.308540
0.229821
0.573267
-0.013235
-0.228778
0.025947
-0.179246
-0.462138
-0.257173
-0.085897
0.136209
0.021297
-0.185913
0.076967
0.100023
0.190265
0.026167
-0.346379
-0.228801
0.044566
0.157367
0.296430
0.330906
0.179515
0.034927
0.113084
0.113925
-0.001903
0.020127
0.066127
0.041518
-0.064775
-0.155790
-0.154236
-0.067991
0.052826
0.016903
-0.001725
-0.001416
0.028738
0.056400
-0.012882
-0.027948
0.032593
0.055057
0.018434
0.021939
-0.023979
-0.000295
0.017476
0.019484
0.032107
0.027289
0.024287
0.043887
0.028366
0.000498
-0.001414
-0.009983
-0.009491
-0.001985
0.013690
0.022395
0.018910
-0.000097
-0.009257
0.000424
0.000964
-0.025950
-0.011938
0.003947
0.021421
0.002158
-0.040702
-0.022339
0.019047
0.014726
0.026100
0.043763
0.045663
0.009573
-0.061030
-0.017789
-0.006568
-0.009901
0.014660
0.078542
0.165109
0.002931
-0.184177
0.026607
0.192111
0.029727
-0.098619
-0.004326
0.030002
0.261036
0.340162
-0.182444
-0.390469
-0.333371
-0.214441
-0.019448
0.018000
0.420867
0.438258
-0.242556
-0.374700
0.115653
0.097858
-0.254932
-0.408965
-0.414069
0.060321
0.548150
0.515268
0.179870
-0.079734
0.156179
0.402642
0.147100
-0.127603
-0.159253
0.066092
0.124794
-0.025895
-0.085651
-0.172799
-0.147192
-0.072049
0.020251
-0.054914
0.040676
0.167896
-0.012287
-0.053492
-0.045243
0.034075
0.001549
-0.066785
-0.084248
-0.088752
-0.003692
0.024933
0.022405
-0.036898
-0.017218
0.001398
-0.010691
-0.028009
-0.050337
-0.034040
-0.035874
-0.012426
-0.002227
-0.005233
-0.013187
0.002942
-0.013056
-0.041255
-0.041427
-0.045768
-0.030171
-0.021078
-0.013038
-0.001011
-0.007539
-0.030710
-0.024033
0.003423
0.000508
-0.025577
-0.073349
-0.045494
0.004133
0.037300
0.028707
-0.019398
-0.021441
-0.059898
-0.037676
0.033147
-0.023092
-0.069989
-0.031255
0.081226
0.096459
-0.035542
0.028092
0.141822
0.160643
0.166686
0.126286
0.069014
-0.121268
-0.232764
-0.061543
0.144320
0.106785
-0.184575
-0.435086
-0.364616
0.053431
0.254350
0.162849
-0.015922
-0.074290
-0.137108
-0.210831
0.096261
-0.149950
-0.381735
-0.101692
-0.128722
-0.218118
-0.275409
0.089226
0.318419
0.420328
0.301237
-0.044897
0.037711
0.237435
0.355570
0.120701
-0.012998
-0.043320
-0.037923
-0.068178
-0.043020
0.190812
0.150634
0.131808
0.041502
-0.071564
-0.109453
-0.036574
-0.005454
-0.088523
-0.043148
-0.047573
-0.039668
-0.028710
0.012848
0.000960
0.020272
0.028819
0.015496
0.011832
-0.016869
0.007803
0.013055
0.002184
-0.017802
-0.012921
-0.008335
-0.001235
0.022819
0.014324
-0.004097
-0.015336
-0.017075
-0.009627
-0.004622
-0.014319
-0.038679
-0.028813
-0.015293
-0.003018
-0.017071
0.009568
0.042463
-0.025923
-0.058198
-0.002156
-0.015718
-0.024350
0.049161
-0.005383
-0.052452
-0.019505
-0.036039
-0.043271
-0.051610
-0.027134
0.062809
0.013490
-0.080820
0.023457
-0.162760
-0.193650
0.241171
0.012067
-0.325871
-0.355981
-0.166829
0.265149
0.425623
0.158268
-0.013632
-0.085852
-0.258409
-0.065710
0.034785
-0.031370
-0.078227
0.030884
-0.017275
-0.378101
-0.304754
-0.096873
-0.011118
0.098558
0.144360
0.178857
0.201517
-0.009610
-0.160435
0.015457
-0.033015
-0.039426
0.097177
-0.038891
0.032629
0.162484
-0.018941
-0.034893
0.053014
0.149211
0.124416
0.002300
-0.042947
0.007897
0.089025
0.126842
0.097144
0.005699
0.058781
0.080677
0.100194
0.036953
0.004423
0.011385
-0.009231
0.032034
0.045414
0.029567
0.016250
0.032455
0.004109
0.007014
0.025729
0.026350
0.025741
0.017993
0.016073
0.028747
0.027787
0.006803
0.002166
0.003244
0.005130
0.025197
0.026052
0.024964
0.012326
0.007246
0.001351
-0.006476
0.027933
0.015846
-0.028081
-0.012594
0.039834
0.016992
-0.030656
-0.014446
-0.010534
0.009854
0.083646
0.022391
-0.039537
0.037288
-0.013688
-0.046831
-0.055404
-0.255206
-0.104268
0.115924
0.089629
0.358761
0.248498
-0.182784
-0.190870
-0.200599
-0.047895
0.156863
0.197444
0.438568
0.285614
0.268133
0.155009
-0.397153
-0.304637
0.198512
0.393170
0.143885
-0.129295
-0.177744
-0.132134
0.002184
0.123146
-0.126708
-0.224707
-0.021476
-0.030338
0.180871
-0.031894
-0.017372
0.228453
0.040033
0.018461
-0.318766
-0.208457
0.139156
0.098986
0.008987
-0.163928
-0.183987
-0.036188
-0.024610
-0.027187
-0.014147
-0.123162
-0.107003
-0.106052
-0.099358
0.030197
0.027393
-0.001281
-0.014572
-0.032213
-0.020636
0.010334
-0.004776
-0.008253
-0.016157
-0.021884
-0.009029
-0.009244
-0.012554
-0.036379
-0.030953
-0.033556
-0.012027
-0.025251
-0.025533
-0.008536
-0.006612
0.000467
-0.013429
-0.031692
-0.031312
-0.030812
0.003570
0.022057
-0.009235
-0.030452
-0.043422
-0.036418
0.016037
0.063667
0.031816
-0.013038
-0.044842
-0.064116
-0.042391
-0.013861
0.020260
0.041133
-0.003370
0.017298
0.046743
-0.017387
0.005321
0.112316
0.092868
-0.000520
-0.048217
-0.268181
-0.058728
0.287972
0.249910
0.164622
-0.111605
-0.089768
0.081603
-0.028054
-0.297627
-0.398267
-0.012952
0.270689
0.210132
-0.051525
-0.197513
-0.096944
-0.100660
-0.307367
-0.438464
-0.372892
-0.175793
0.171858
0.166355
0.038582
0.065044
0.032454
0.136584
0.157476
-0.163493
-0.236890
-0.105926
0.094534
0.353710
0.272567
0.141071
0.049685
0.036049
0.179430
0.110284
0.067937
0.073867
0.051392
0.094767
0.052898
0.008307
-0.064695
-0.108228
-0.048539
-0.020786
-0.037805
0.012955
-0.003339
-0.018753
0.008319
0.011731
0.035001
0.040066
0.016608
-0.006452
0.014220
0.037044
0.048955
0.048742
0.024930
0.019822
0.031818
0.021638
0.004548
-0.007454
-0.019325
-0.002743
0.017148
0.020540
0.026492
0.010088
0.005788
0.010883
-0.003364
-0.027469
-0.023240
-0.002065
0.005600
0.008785
0.016438
0.046894
0.035520
-0.054156
-0.139191
-0.023571
0.047050
0.065212
0.085198
-0.063465
-0.151499
-0.079942
0.067401
0.121922
0.203879
0.132950
-0.193127
-0.204231
0.011260
0.120024
0.078931
0.004820
0.185551
0.189402
-0.159581
-0.177949
-0.232501
-0.242883
0.135601
0.104140
0.023733
0.344195
-0.124070
-0.470850
0.159134
0.177154
0.099527
-0.106648
-0.265556
0.025422
0.295909
0.334764
-0.186673
-0.253275
-0.053800
0.274212
0.352774
0.056969
0.068841
0.158712
0.227741
0.067117
-0.005796
-0.101871
-0.125336
-0.100337
-0.149193
-0.101976
-0.014461
0.080169
0.040785
0.019389
-0.007622
0.050522
0.023509
-0.093232
-0.103303
-0.072880
-0.057138
-0.014968
0.012266
-0.058322
-0.022594
-0.004367
-0.015088
-0.008100
-0.020792
-0.029082
-0.028441
-0.008989
-0.017025
-0.021991
-0.039661
-0.039094
-0.031570
-0.040406
-0.032812
-0.024883
-0.020034
-0.020887
-0.018871
-0.022580
-0.035088
-0.045411
-0.038486
-0.026208
-0.042466
-0.033309
-0.003811
0.004744
-0.022743
-0.045892
-0.036161
-0.052357
-0.006864
0.066212
-0.039445
-0.143911
-0.117486
-0.169619
-0.081565
0.227807
0.225091
0.031986
-0.187252
-0.184295
-0.069325
0.017071
0.120949
-0.118760
-0.277243
-0.061790
0.274023
0.338092
-0.184995
-0.327364
0.199151
0.159548
-0.024425
0.066052
-0.079447
0.286148
0.874981
0.301123
-0.292070
0.104895
0.280526
0.270065
0.089573
-0.371174
-0.385604
-0.278212
-0.157454
-0.187838
-0.203406
-0.186144
-0.044063
0.156797
-0.008154
-0.002695
0.031992
-0.041449
0.007752
0.125319
0.169005
0.165253
0.115533
0.024108
0.094683
0.087068
0.025064
0.083978
0.047789
-0.053916
-0.033091
-0.006427
-0.086264
-0.049797
-0.073148
-0.079208
-0.023669
0.006751
-0.016524
-0.055862
-0.051519
-0.056575
-0.011496
-0.038463
-0.047297
-0.050980
-0.039681
-0.034586
-0.014198
-0.010708
-0.022597
0.001751
0.001734
-0.001694
-0.008511
-0.019705
-0.020681
-0.007238
-0.013888
-0.024209
-0.025033
-0.014199
0.015733
0.002870
-0.034215
-0.039968
-0.009677
0.020048
-0.004504
-0.055738
-0.047187
0.068099
0.027706
-0.141860
-0.164929
-0.052966
0.132686
0.153098
0.019318
-0.122357
-0.275491
-0.087118
0.229717
0.035523
0.031247
0.013326
-0.141931
0.233937
0.165359
-0.213896
-0.258354
-0.011122
0.228293
0.010527
0.017345
0.027585
0.235408
0.658759
0.144903
-0.443512
-0.327688
0.103859
0.526803
0.469245
-0.138464
-0.183017
-0.063134
-0.239556
-0.085770
-0.201228
-0.361700
-0.118282
0.201704
0.219172
-0.033986
-0.186856
-0.187871
-0.026957
0.105186
0.167152
-0.018283
-0.116507
-0.115411
-0.136797
-0.075005
-0.087999
-0.057148
-0.097096
-0.099652
-0.037772
0.028479
-0.010033
-0.015898
0.019618
-0.015479
0.042923
0.040738
0.003056
0.000016
-0.009853
-0.013401
0.007020
0.007643
0.001427
0.009963
-0.005536
0.011872
0.008158
-0.011581
-0.020829
-0.015848
0.005567
0.016542
0.010797
0.001422
0.005630
0.001540
0.008184
-0.004195
-0.017965
-0.000945
0.013255
0.031074
0.010212
-0.028278
-0.015256
0.032055
0.065064
0.006826
-0.075799
-0.068365
-0.011607
0.025248
0.068021
0.065687
0.023683
0.020752
-0.058216
-0.092116
0.036298
0.160339
0.170238
0.032516
-0.042741
-0.139630
-0.229555
0.029601
0.259761
0.139141
0.054642
0.047065
0.026407
0.077551
0.187988
0.067457
-0.094996
0.297898
0.310790
-0.078578
-0.046525
-0.222970
-0.447068
-0.275408
0.277221
0.175316
-0.270020
0.034608
0.009677
-0.098024
0.043313
0.015162
-0.020466
0.081777
0.034548
-0.070311
-0.065898
-0.091909
-0.068399
-0.208784
-0.138719
0.087769
0.106308
0.115978
0.064538
0.092654
0.059286
0.021509
-0.008396
-0.047834
-0.056803
-0.048907
-0.048592
-0.055544
-0.018791
-0.018374
-0.001612
-0.002016
-0.010978
-0.013013
-0.006463
-0.022721
-0.011689
-0.003674
-0.035155
-0.022133
0.000883
-0.012083
-0.000240
0.001679
-0.003313
-0.005890
-0.003590
0.000890
0.002481
-0.001348
0.004152
0.003316
-0.004775
0.001760
-0.006020
-0.003218
-0.004784
-0.004023
-0.003200
0.011092
0.011621
-0.001564
0.003333
0.016435
-0.009327
-0.036433
-0.026232
-0.020045
-0.007586
0.024938
0.016582
-0.025939
-0.031965
-0.029830
-0.019125
-0.001534
0.001154
-0.001778
-0.001249
0.005221
0.009148
0.006865
0.005273
0.006857
0.008561
0.005410
0.003507
0.003489
0.003558
0.001265
0.005415
0.006733
0.005805
0.006188
0.003528
0.003382
0.003098
0.004014
0.003035
0.003304
0.001567
0.002785
0.005660
0.005159
0.004290
0.001650
-0.002647
-0.001985
0.001982
0.002289
0.002443
0.004135
0.003033
0.000939
0.000618
0.000805
0.001000
0.000055
0.001772
0.002800
0.002119
0.001991
0.001638
0.000798
-0.000094
-0.000759
-0.000384
0.001403
0.002737
0.003243
0.002757
0.001676
0.000754
0.000319
0.000270
0.000624
0.000438
0.000252
0.000057
0.000255
0.000487
0.000765
0.000924
0.000879
0.000509
0.000179
0.000045
0.000208
0.000267
0.000285
0.000107
-0.000000
0.000032
0.000321
0.000500
0.000533
0.000292
-0.000101
-0.000392
-0.000291
0.000034
0.000345
0.000503
0.000344
0.000068
-0.000114
-0.000028
0.000090
0.000215
0.000193
0.000102
0.000005
0.000048
0.000123
0.000067
-0.000078
-0.000269
-0.000509
-0.000577
-0.000441
-0.000291
-0.000232
-0.000261
-0.000284
-0.000394
-0.000447
-0.000387
-0.000261
-0.000206
-0.000093