-0.035427
-0.037738
-0.039420
-0.044564
-0.018761
-0.001833
0.027636
0.005907
-0.025084
-0.035501
-0.053638
0.044628
0.047285
-0.023919
-0.038951
-0.044601
0.056733
0.146231
0.139264
0.047379
-0.057599
-0.142523
-0.183495
-0.043848
0.035035
0.126747
0.096353
0.067724
-0.008620
0.067620
-0.011644
-0.275848
-0.185987
-0.169860
0.185416
0.445946
0.095953
-0.139918
-0.090089
-0.273136
-0.340613
-0.057582
-0.141335
0.135284
0.163949
-0.217235
0.096234
0.063071
0.032661
0.034748
-0.272968
-0.252799
0.041875
0.117377
0.267022
0.322392
0.088505
0.011397
0.054870
-0.048468
0.031497
0.086378
-0.033785
0.073708
-0.035395
-0.138028
-0.098508
-0.058827
0.033275
0.053158
0.002902
0.005580
0.015438
-0.005740
-0.010445
0.008205
0.012471
0.032046
0.008564
-0.007920
-0.012440
-0.027085
-0.014360
0.022662
0.026854
0.008722
0.013416
0.022832
0.036878
0.021070
0.020525
0.017739
-0.000035
-0.005738
0.020044
0.038155
0.023010
0.018968
0.018206
0.026316
0.021100
-0.010945
-0.000880
0.009817
0.007235
-0.003784
-0.033128
-0.026836
0.014547
0.014672
0.038360
0.044468
0.014138
0.007459
-0.052677
-0.017238
-0.008373
-0.002328
0.047845
0.057800
0.076994
-0.005663
-0.102278
-0.002890
0.089779
0.065104
-0.058120
0.013042
0.039959
0.171296
0.268256
-0.199278
-0.273873
-0.286578
-0.259613
0.112274
0.184900
0.301196
0.296745
-0.130642
-0.331158
-0.021294
-0.030209
-0.177583
-0.196909
-0.358460
0.072236
0.494110
0.311718
0.227137
-0.002390
-0.056627
0.227057
0.097867
-0.052564
-0.074325
0.029628
0.082939
0.071976
-0.059815
-0.152430
-0.060643
-0.136558
0.043424
0.029623
0.037047
0.144004
-0.012088
-0.012566
-0.038392
-0.008474
-0.006592
-0.021539
-0.097733
-0.088849
0.009506
-0.027640
0.030319
0.016017
-0.016075
-0.011565
-0.027791
-0.014237
-0.003408
-0.025806
-0.048057
-0.003787
-0.013329
-0.000589
0.021486
0.012380
-0.002075
-0.010760
0.000945
-0.009899
-0.025481
-0.038622
-0.009517
-0.000706
-0.022122
-0.033244
-0.024981
-0.007090
-0.015590
-0.014925
-0.058001
-0.041083
-0.007543
0.021339
0.036636
-0.030694
-0.027446
-0.047951
-0.050194
0.006267
-0.040226
-0.038803
-0.018881
0.013106
0.061053
-0.018119
0.020255
0.080247
0.118940
0.148045
0.078859
0.010950
-0.113165
-0.149049
-0.042724
0.116005
0.085847
-0.141404
-0.303682
-0.299690
0.054782
0.207894
0.219956
0.045899
-0.146132
-0.094865
-0.222789
0.051551
-0.106532
-0.216194
-0.068808
-0.227637
-0.124019
-0.177297
0.090634
0.203469
0.374320
0.212079
-0.085879
0.039206
0.060296
0.258670
0.124526
0.028862
-0.088419
-0.075366
-0.043989
-0.012085
0.179374
0.146695
0.138622
0.021222
-0.072162
-0.087183
-0.054351
-0.014383
-0.016791
0.015663
-0.069315
-0.057097
-0.036747
-0.022802
0.006465
0.019688
0.021606
-0.012018
0.001961
-0.018589
0.005420
0.002529
-0.007175
-0.011921
-0.014032
-0.014633
-0.022732
0.019319
0.036150
0.038216
0.019594
0.007634
0.016113
0.014598
0.010816
-0.004003
-0.003439
-0.011949
-0.005333
0.008491
0.009229
0.024479
-0.002820
-0.033967
-0.013546
-0.009588
-0.017618
0.035301
-0.008939
-0.043880
-0.019005
-0.060160
-0.052064
-0.006051
-0.014657
0.016393
0.082073
-0.101645
-0.030165
-0.082937
-0.173815
0.168064
-0.057316
-0.236866
-0.222068
-0.151772
0.156520
0.433469
0.139016
-0.059193
-0.074105
-0.334156
-0.040207
0.041384
0.006794
0.048050
-0.003906
-0.128355
-0.248799
-0.246838
-0.133862
0.050558
0.138044
0.149958
0.128364
0.066307
-0.025682
-0.153578
-0.033845
0.011682
-0.054944
0.117742
-0.043952
0.011864
0.100447
-0.044367
0.001014
0.062472
0.064578
0.078402
0.023812
-0.105859
0.021072
0.091442
0.074267
0.088674
0.007985
0.022341
0.042652
0.049521
0.040751
0.027080
-0.006074
0.002423
0.050232
0.015101
0.018211
0.009665
0.017003
0.001037
-0.001860
0.028876
0.034559
0.029760
0.016521
0.033751
0.033312
0.029947
0.022226
0.025317
0.023367
0.006186
0.016918
0.028558
0.031071
0.019946
0.022015
0.023705
0.005987
0.030832
0.019169
-0.002234
0.001256
0.017123
0.029560
0.001616
-0.003342
0.007167
0.024492
0.066053
0.048771
-0.026514
0.022800
-0.011436
-0.091393
-0.028223
-0.181074
-0.107576
0.157673
0.086365
0.269277
0.200503
-0.243667
-0.152900
-0.215760
-0.113903
0.274236
0.180343
0.358243
0.277313
0.096673
-0.016625
-0.280336
-0.213768
0.135908
0.332229
0.165906
-0.003785
-0.229860
-0.134954
0.010805
0.095098
-0.046056
-0.119324
-0.001070
-0.124848
0.200642
0.020381
0.008369
0.231011
-0.050465
0.015864
-0.230053
-0.191635
0.079146
0.112967
0.047050
-0.062088
-0.148930
-0.107425
0.034840
-0.010530
0.000129
-0.033176
-0.123337
-0.064032
-0.035734
-0.000525
0.069954
-0.002540
-0.016129
0.004356
-0.033453
-0.000304
0.001571
-0.022211
0.017792
-0.026426
-0.050563
-0.022591
-0.026788
-0.029679
-0.017046
-0.026161
-0.030091
-0.034127
-0.034108
-0.008819
-0.014035
-0.015339
-0.009148
-0.013744
-0.037098
-0.048158
-0.016079
-0.000793
-0.014688
-0.037294
-0.056074
-0.038014
-0.006478
0.036460
0.028405
-0.018574
-0.051009
-0.081073
-0.045461
-0.001171
0.012260
0.043514
0.016101
0.003716
0.007281
0.000367
0.010351
0.076177
0.088569
-0.060023
-0.022326
-0.214530
-0.036041
0.257046
0.163664
0.202758
-0.067836
-0.119180
-0.016374
-0.061350
-0.192909
-0.204029
0.033602
0.187153
0.230944
0.012551
-0.172221
-0.130860
-0.157141
-0.237463
-0.311061
-0.252381
-0.116951
0.151897
0.179180
0.045255
0.060232
-0.034387
0.002003
0.079267
-0.174966
-0.194469
-0.048315
0.028270
0.334194
0.258073
0.073182
0.027889
-0.049410
0.060817
0.098926
0.062613
0.059132
0.069616
0.073087
0.056854
0.019092
-0.077507
-0.076500
-0.041054
-0.025943
-0.010273
-0.011566
-0.017363
0.001284
0.010380
0.001553
0.017806
0.023135
0.002171
-0.018648
-0.010010
-0.011308
0.015953
0.038509
0.027892
0.030579
0.019659
0.024771
0.035265
0.020969
0.006487
0.008581
0.016807
0.029777
0.038052
0.031019
0.028419
0.023769
0.021504
0.010172
0.013599
0.011723
0.012170
0.018640
0.025109
0.038300
0.004427
-0.027910
-0.104905
-0.012574
0.042779
0.060987
0.064015
-0.078923
-0.111439
-0.086646
0.056703
0.122930
0.159660
0.073929
-0.169221
-0.156696
-0.021828
0.044553
0.163328
0.082074
0.070331
0.125262
-0.154271
-0.201665
-0.166237
-0.171546
0.096959
0.233733
-0.012449
0.220752
-0.091489
-0.424328
0.199091
0.003875
0.106082
0.045402
-0.248728
-0.024813
0.238873
0.191166
-0.152758
-0.041160
-0.181083
0.177064
0.326930
0.031915
0.144183
0.082037
0.109275
0.093858
-0.002923
-0.115570
-0.072704
-0.088562
-0.106814
0.003051
0.005638
0.069320
0.088389
0.017204
-0.017682
0.022210
-0.019282
-0.056994
-0.066051
-0.070454
-0.017013
-0.013953
-0.004995
-0.013759
-0.022070
-0.031119
-0.025406
0.009077
0.010770
-0.004181
-0.028326
-0.009994
-0.011089
-0.008295
-0.003482
-0.022949
-0.030764
-0.033176
-0.014088
-0.002253
-0.006758
-0.013005
-0.007474
-0.002020
-0.020191
-0.038504
-0.037563
-0.032891
-0.042759
-0.030545
-0.017474
-0.021504
-0.018862
-0.044627
-0.037070
-0.026666
-0.009469
0.023148
-0.030755
-0.141577
-0.124232
-0.126470
-0.046947
0.204619
0.123800
0.047378
-0.149906
-0.213936
-0.073333
0.010596
0.088601
-0.081652
-0.167691
-0.029047
0.122204
0.187665
-0.033247
-0.254377
0.029753
0.072488
-0.003718
0.054762
0.021957
0.192569
0.604224
0.229779
-0.179701
0.131111
0.019823
0.193911
0.219571
-0.348665
-0.282751
-0.171141
-0.183138
-0.074860
-0.024798
-0.136006
-0.030229
0.144748
-0.067648
0.056579
-0.033508
-0.095619
0.069801
0.093073
0.105016
0.141974
0.060069
-0.036235
0.084007
0.032070
0.016204
0.066079
0.021418
-0.019026
0.032522
-0.024803
-0.046552
0.027969
-0.037291
-0.020001
-0.003378
-0.015208
0.016304
0.001168
-0.018864
-0.023968
-0.010176
-0.019327
-0.014073
-0.043933
-0.064466
-0.051499
-0.057187
-0.027485
-0.026002
-0.024693
-0.023643
-0.015438
-0.012285
-0.010394
-0.017564
-0.008516
0.004113
-0.018499
-0.018972
-0.006204
0.009267
-0.006966
-0.013490
-0.021315
0.001572
0.008904
-0.018466
-0.026567
-0.042493
0.015219
-0.000980
-0.110972
-0.106873
-0.049026
0.088013
0.159122
-0.013172
-0.116391
-0.177843
-0.140515
0.185704
0.061153
0.027978
0.059297
-0.173039
0.148850
0.054465
-0.171705
-0.120149
-0.087238
0.124307
0.051298
0.066423
0.031924
0.186379
0.425904
0.042976
-0.278670
-0.251840
0.050885
0.362500
0.497247
-0.012360
-0.207390
-0.105524
-0.286637
-0.044349
-0.099055
-0.239173
-0.009121
0.164917
0.097426
0.070562
-0.154575
-0.247788
0.049033
0.070206
0.142909
0.040843
-0.134672
-0.127851
-0.101016
-0.048691
-0.032835
-0.033551
-0.088789
-0.037219
-0.050084
-0.007715
0.021974
-0.003881
0.034940
0.004518
0.009080
0.002674
-0.006183
0.018671
0.016101
-0.013004
-0.016751
0.008663
0.001313
0.002921
-0.014173
-0.023485
-0.009230
-0.010785
-0.019907
-0.021019
-0.022587
-0.028873
-0.006274
-0.001990
-0.008353
-0.014461
-0.003416
0.002325
-0.014545
-0.007173
-0.002928
0.003384
-0.010705
-0.026444
-0.003123
0.018328
0.022528
-0.012600
-0.059565
-0.067889
-0.012454
0.031774
0.065855
0.074328
0.011721
0.006768
-0.053306
-0.059237
0.062510
0.121904
0.156028
0.051100
-0.083220
-0.142240
-0.153703
0.024621
0.203604
0.143925
0.088998
-0.009807
-0.017539
0.064602
0.095920
0.117558
-0.003247
0.227905
0.192287
-0.041213
-0.017573
-0.315011
-0.260415
-0.118626
0.153582
0.186075
-0.092492
0.014965
-0.130035
-0.038731
0.066969
0.003165
-0.006423
0.110005
-0.012314
-0.107692
0.002508
-0.139136
-0.073278
-0.087547
-0.102624
0.058739
0.100954
0.093865
0.078210
0.052758
0.014942
0.034633
-0.033243
-0.048899
0.000642
-0.069465
-0.032772
-0.011975
0.003978
0.011811
0.007965
-0.004078
-0.012709
-0.017641
-0.017100
-0.007837
-0.018088
-0.015372
-0.035104
-0.023876
-0.016798
-0.036209
-0.025195
-0.003746
0.000139
-0.010943
-0.003126
0.002036
-0.006062
-0.010093
-0.007116
0.001952
-0.006591
-0.014260
-0.008696
-0.005476
-0.014019
-0.009775
0.004522
0.010406
0.014308
0.013341
0.012421
0.010996
-0.010317
-0.027650
-0.026225
-0.014907
0.001612
0.020808
0.014319
-0.015913
-0.021208
-0.031205
-0.019831
0.006749
0.001998
-0.001604
0.000748
-0.002177
0.001467
0.007283
0.004350
0.004790
0.005539
0.002190
0.003335
0.000640
-0.000950
0.002218
0.002605
0.004017
0.006683
0.003659
-0.000670
-0.000792
-0.000451
0.002050
0.003628
0.002288
0.000130
-0.001266
-0.000113
0.002341
0.002681
0.001782
-0.000832
-0.002146
-0.000165
0.001413
0.001472
0.000937
-0.000429
-0.001390
-0.000739
0.000573
0.001595
0.001973
0.002017
0.002058
0.002919
0.003575
0.004231
0.003692
0.002194
0.001297
0.001104
0.000665
0.001163
0.002319
0.002492
0.001690
0.001120
0.001019
0.001092
0.001459
0.001602
0.001425
0.001080
0.000683
0.000592
0.000800
0.001087
0.001214
0.001064
0.000597
0.000325
0.000326
0.000384
0.000432
0.000342
0.000124
-0.000093
-0.000007
0.000181
0.000274
0.000336
0.000139
-0.000144
-0.000215
-0.000007
0.000307
0.000532
0.000502
0.000164
-0.000132
-0.000256
-0.000114
0.000151
0.000223
0.000031
-0.000216
-0.000350
-0.000270
-0.000053
-0.000015
-0.000119
-0.000246
-0.000274
-0.000183
-0.000015
0.000066
0.000026
-0.054204
-0.032881
0.007883
0.002831
0.037184
-0.012206
-0.028279
-0.047391
-0.025861
0.111703
0.023638
-0.056087
-0.039362
-0.015095
0.119680
0.171912
0.123893
-0.024376
-0.105310
-0.196781
-0.168418
0.025563
0.071541
0.138059
0.068367
0.060611
-0.025751
0.144971
-0.139943
-0.386298
-0.179389
-0.132173
0.430362
0.471086
-0.159250
-0.233706
-0.018563
-0.388946
-0.357029
0.023331
-0.141392
0.299939
0.014736
-0.268943
0.260671
0.057757
0.062256
-0.061119
-0.364844
-0.152730
0.168564
0.215060
0.368894
0.264999
-0.024134
0.013493
0.108324
-0.065329
0.071514
0.053490
-0.037683
0.046488
-0.151271
-0.140325
-0.102442
0.003138
0.083578
0.033465
0.015120
0.010364
0.024831
-0.000017
-0.041313
-0.028459
0.019725
0.036448
0.019537
0.018362
-0.023632
-0.019458
-0.001976
-0.003236
0.014592
0.008961
0.010058
0.050796
0.050289
0.016598
0.015901
0.005049
0.011075
-0.001446
0.005294
0.042808
0.035738
0.011217
0.005230
0.036207
0.024892
-0.015993
-0.002812
0.001263
0.005684
-0.017914
-0.058740
-0.022467
0.026475
0.012828
0.053916
0.034737
0.022146
-0.004818
-0.066914
0.014306
-0.010027
0.007729
0.056163
0.078888
0.097619
-0.074452
-0.129352
0.083840
0.154217
-0.004978
-0.123566
0.080761
0.046612
0.290642
0.191712
-0.448104
-0.281536
-0.319656
-0.143042
0.236232
0.198743
0.376714
0.215095
-0.367180
-0.342074
0.185404
-0.077130
-0.291586
-0.290389
-0.312783
0.421598
0.634144
0.232419
0.155249
-0.116954
0.069215
0.321834
0.010754
-0.165780
-0.139417
0.136967
0.082738
-0.011841
-0.168910
-0.113542
-0.023783
-0.115760
0.128687
-0.037915
0.100210
0.110513
-0.070100
-0.009482
-0.080048
0.021240
0.003875
-0.031102
-0.137997
-0.058197
0.016807
-0.050629
0.024903
-0.006206
-0.004866
-0.016146
-0.004387
0.014265
-0.020187
-0.041956
-0.052626
-0.027667
-0.016277
0.009937
0.021710
0.033365
0.012151
-0.003043
-0.000861
-0.012964
-0.018191
-0.037564
-0.037121
-0.024230
-0.019761
-0.042241
-0.024239
-0.007260
-0.009197
-0.023530
-0.074333
-0.014337
0.004873
0.038402
0.027832
-0.050571
-0.036834
-0.072969
-0.016547
0.034183
-0.063571
-0.033981
0.000364
0.081922
0.071596
-0.052986
0.067896
0.119028
0.152752
0.129195
0.036941
-0.037870
-0.193614
-0.162137
0.022704
0.191476
-0.009344
-0.288131
-0.379782
-0.199255
0.252969
0.225786
0.180621
-0.123082
-0.167311
-0.123206
-0.223622
0.168707
-0.312607
-0.208330
-0.051308
-0.193550
-0.115272
-0.145866
0.300316
0.278921
0.479527
0.017929
-0.126891
0.129159
0.168801
0.297316
0.004113
-0.025496
-0.166930
-0.008842
-0.008781
0.056967
0.227755
0.125006
0.103414
-0.042164
-0.100560
-0.094443
-0.024668
-0.041945
-0.048801
-0.009511
-0.083906
-0.043105
-0.008043
0.001712
-0.004384
0.021085
0.008905
-0.008423
0.004112
-0.010635
0.011679
-0.012747
-0.026098
-0.033003
-0.012972
-0.005114
0.004290
0.025848
0.030317
0.041213
0.022286
0.014093
0.024390
0.028930
0.000345
-0.020819
-0.009066
-0.017974
-0.012866
-0.005934
0.019622
0.031159
-0.036653
-0.047969
0.017905
-0.006360
-0.011194
0.046707
-0.060297
-0.055319
-0.017233
-0.081952
-0.051260
0.010018
-0.022732
0.059001
0.065195
-0.181620
0.042365
-0.181830
-0.108437
0.280464
-0.215505
-0.315467
-0.223911
-0.013847
0.358252
0.491224
-0.086027
-0.090909
-0.131179
-0.357444
0.082698
0.024562
-0.019479
-0.022173
0.000601
-0.166406
-0.319322
-0.221155
-0.019069
0.123197
0.169624
0.144072
0.131949
0.101027
-0.104781
-0.226307
0.077417
-0.035825
-0.073353
0.193154
-0.086979
0.100356
0.087350
-0.097614
0.027855
0.094253
0.086048
0.097233
-0.009712
-0.136560
0.092000
0.108572
0.086333
0.048590
-0.027344
0.070730
0.073060
0.065081
0.034264
0.002643
-0.027441
0.017087
0.043188
0.012867
0.014099
-0.005190
0.022302
-0.003463
0.006507
0.021894
0.023647
0.035619
0.025087
0.030931
0.043355
0.037601
0.017270
0.025620
0.009912
0.002014
0.014015
0.020015
0.037063
0.019134
0.009614
0.019164
0.019074
0.041720
0.003022
-0.011792
0.007367
0.030696
0.011315
-0.024180
0.003291
0.014020
0.034714
0.085168
0.015001
-0.050505
0.061082
-0.063536
-0.106211
-0.029448
-0.272960
0.008885
0.246154
0.080696
0.387194
0.068780
-0.387986
-0.085659
-0.235231
0.064800
0.347338
0.175077
0.453382
0.191098
0.099327
-0.131754
-0.402798
-0.133354
0.334423
0.340381
0.030037
-0.140272
-0.281623
-0.012075
0.060378
0.089501
-0.198680
-0.089628
0.021827
-0.074462
0.335602
-0.158454
0.073484
0.207054
-0.090533
-0.027878
-0.363079
-0.039735
0.174844
0.088269
-0.072043
-0.160803
-0.163230
-0.036916
0.076202
-0.007774
-0.005133
-0.103851
-0.136987
-0.011876
-0.039375
0.035946
0.068495
-0.050802
0.019005
0.001554
-0.005436
0.035604
-0.023042
-0.030474
-0.009802
-0.049551
-0.040292
-0.014748
-0.030630
-0.019398
-0.020570
-0.041188
-0.020842
-0.038563
-0.026540
0.007777
-0.012219
-0.012454
-0.022566
-0.021419
-0.018915
-0.034519
-0.011121
-0.000537
-0.030573
-0.051804
-0.053094
-0.029096
0.021564
0.054809
0.005686
-0.033976
-0.068525
-0.089039
-0.016395
0.018027
0.028910
0.045081
-0.008737
0.021543
0.022989
0.004623
0.011544
0.137217
0.054254
-0.100376
-0.039055
-0.305446
0.159647
0.324406
0.140309
0.130623
-0.206530
-0.060903
0.021701
-0.100804
-0.336998
-0.200660
0.175056
0.256427
0.182730
-0.148905
-0.223096
-0.105297
-0.179379
-0.329097
-0.363945
-0.204014
-0.008518
0.295593
0.160795
-0.008849
0.074420
-0.026004
0.094620
0.074067
-0.327704
-0.163179
0.016890
0.159783
0.450533
0.178648
0.042604
0.008668
0.010397
0.148608
0.087735
0.031355
0.015680
0.063612
0.066868
0.039539
-0.018185
-0.099950
-0.057695
-0.022164
-0.012732
-0.022889
-0.029343
-0.031753
-0.011849
0.009848
0.008151
0.027690
0.047167
-0.000253
-0.017793
0.003158
-0.026283
0.003034
0.022397
0.022424
0.046356
0.037287
0.032409
0.045374
0.035884
0.003927
0.001848
0.003072
0.019641
0.039375
0.027592
0.023594
0.028400
0.023741
0.010568
0.021040
0.008023
0.011197
0.001105
0.027953
0.029950
-0.015348
-0.075633
-0.136529
0.056505
0.055826
0.085591
0.028702
-0.134480
-0.123447
-0.038355
0.143474
0.135122
0.179360
-0.015021
-0.272121
-0.092760
0.061177
0.087701
0.166862
0.007092
0.132365
0.096582
-0.292145
-0.199104
-0.168559
-0.138426
0.235798
0.199867
-0.069446
0.367594
-0.394554
-0.377335
0.443634
-0.084926
0.136113
-0.138268
-0.218409
0.116156
0.416404
0.064727
-0.313120
-0.007023
-0.153660
0.439706
0.284451
-0.037045
0.113486
0.097435
0.162977
-0.009581
-0.067985
-0.145709
-0.073995
-0.091231
-0.097410
0.000309
0.041790
0.087730
0.074667
-0.004486
-0.021621
0.018235
-0.028936
-0.075012
-0.101517
-0.062237
-0.033814
-0.004844
-0.016294
-0.025908
0.017071
-0.035296
-0.022993
0.023277
0.001174
-0.025111
-0.028965
-0.023007
-0.015895
0.006605
-0.016959
-0.023578
-0.022292
-0.029827
-0.012304
-0.003311
-0.004551
-0.007753
-0.014242
-0.016900
-0.016435
-0.034105
-0.041026
-0.043384
-0.058038
-0.026250
-0.015334
-0.025555
-0.037028
-0.060167
-0.016202
-0.012640
0.011354
0.029627
-0.077257
-0.186500
-0.105955
-0.151313
0.049048
0.298913
0.073405
-0.024693
-0.269546
-0.159366
-0.005412
0.076831
0.064470
-0.215099
-0.169762
0.091387
0.236974
0.202632
-0.236244
-0.268314
0.258786
0.090834
-0.037158
0.078601
0.060713
0.391400
0.776619
-0.111488
-0.295214
0.288382
-0.003631
0.286776
0.014210
-0.617217
-0.273021
-0.118640
-0.140463
-0.105204
-0.015402
-0.186259
0.083363
0.212305
-0.107198
0.075462
-0.091429
-0.048714
0.093380
0.134705
0.134277
0.153274
0.043892
-0.038392
0.117099
0.022797
-0.015525
0.053177
0.016048
-0.051347
0.034701
-0.053621
-0.034670
0.019737
-0.062073
0.003890
0.011786
-0.020993
-0.003147
0.012369
-0.040875
-0.028852
0.007411
-0.037835
-0.029404
-0.046356
-0.058492
-0.064868
-0.074213
-0.045156
-0.026483
-0.016428
-0.032140
-0.016932
-0.000147
0.012543
0.001160
0.001403
-0.014105
-0.013525
-0.005687
-0.002716
0.013209
-0.015076
-0.016598
-0.017212
0.023518
0.005812
-0.025630
-0.044564
-0.037815
0.052629
-0.056487
-0.175329
-0.095885
0.001229
0.171700
0.142078
-0.115493
-0.150049
-0.221263
-0.018375
0.317498
-0.069742
0.054165
-0.016767
-0.158946
0.329183
-0.069243
-0.249263
-0.136155
0.050709
0.207173
-0.014776
0.108918
0.023640
0.383330
0.481396
-0.218950
-0.459664
-0.147118
0.271118
0.504193
0.419627
-0.376252
-0.212567
-0.060877
-0.303168
0.021613
-0.203566
-0.288796
0.111691
0.272534
0.075469
-0.006802
-0.298284
-0.188386
0.153020
0.092248
0.132617
-0.077608
-0.148047
-0.139220
-0.103108
-0.038284
-0.040617
-0.080290
-0.069885
0.021962
-0.031086
0.029489
-0.007088
-0.006721
0.035512
-0.005015
0.038128
0.015016
0.001522
0.047997
0.014639
-0.029331
-0.010512
-0.008968
0.004968
0.018150
-0.016995
-0.015687
-0.019672
-0.028438
-0.009700
-0.016665
-0.039761
-0.026813
-0.009676
0.006649
0.018663
-0.013243
-0.007027
-0.001965
-0.003361
0.007653
-0.007867
0.003993
-0.017407
-0.033690
0.003593
0.033626
0.022685
-0.043793
-0.086114
-0.049340
0.029670
0.046331
0.086789
0.067052
-0.009117
0.005512
-0.093232
-0.034575
0.121129
0.157752
0.144879
-0.031274
-0.124770
-0.163435
-0.129004
0.163100
0.265476
0.089512
0.050483
-0.031168
0.047857
0.097792
0.125997
0.051001
-0.046859
0.374091
0.082822
-0.114295
-0.077736
-0.432884
-0.241242
-0.061654
0.358041
0.048970
-0.174530
0.081264
-0.156328
0.035564
0.052046
-0.045295
-0.002533
0.173058
-0.122232
-0.104774
0.039523
-0.198785
-0.074138
-0.107590
-0.047777
0.127887
0.134212
0.114192
0.070878
0.030423
0.000725
0.012124
-0.067532
-0.037426
-0.013794
-0.062416
-0.021372
-0.029127
0.024925
0.022893
-0.005227
-0.001060
-0.008242
-0.026236
-0.008947
-0.010179
-0.029290
-0.040536
-0.052913
-0.017299
-0.017430
-0.026590
-0.003372
-0.000386
-0.000954
0.007064
-0.009217
-0.008017
0.004176
-0.010375
-0.005523
0.002412
-0.004148
-0.013780
-0.017459
-0.005560
-0.003465
-0.010288
0.003950
0.026863
0.025666
0.010137
0.010990
0.009019
-0.022901
-0.040684
-0.032451
-0.017176
0.004296
0.029074
0.000404
-0.031440
-0.017215
-0.025363
-0.005293
0.011067
-0.005226
-0.002937
0.003294
-0.000901
0.003514
0.010025
0.002244
0.006360
0.007768
0.004922
0.005922
0.002706
0.000302
0.000951
0.003507
0.003331
0.004429
0.004100
0.002412
0.002495
0.003474
0.003731
0.001445
0.001602
0.001472
0.001589
0.001735
0.002646
0.001406
-0.002479
-0.002804
-0.000791
0.000876
0.000769
0.001724
0.001257
-0.002537
-0.000069
0.001259
0.000133
0.001917
0.001897
0.001108
0.001434
0.002755
0.003215
0.004102
0.003011
0.002412
0.001785
0.002377
0.002805
0.002190
0.001612
0.001576
0.000628
0.000207
0.000317
0.001011
0.001494
0.001447
0.001132
0.000840
0.000626
0.000669
0.000870
0.000933
0.000781
0.000554
0.000315
0.000398
0.000419
0.000507
0.000449
0.000195
-0.000001
0.000020
0.000130
0.000279
0.000312
0.000143
-0.000056
-0.000072
0.000023
0.000245
0.000477
0.000401
0.000130
-0.000079
-0.000067
0.000007
0.000124
0.000185
0.000023
-0.000151
-0.000150
-0.000117
-0.000112
-0.000213
-0.000323
-0.000396
-0.000420
-0.000180
-0.000021
-0.000101
-0.000209
-0.000219
-0.000311
-0.000169