0.394164
0.417432
0.427961
0.426571
0.414039
0.391235
0.359450
0.320734
0.278066
0.235196
0.196168
0.164625
0.143116
0.132605
0.132370
0.140297
0.153488
0.168954
0.184197
0.197492
0.207819
0.214544
0.217017
0.214281
0.205065
0.188057
0.162387
0.128118
0.086545
0.040153
-0.007776
-0.053809
-0.095050
-0.129648
-0.156970
-0.177398
-0.191846
-0.201202
-0.205899
-0.205784
-0.200313
-0.188999
-0.171903
-0.149979
-0.125107
-0.099798
-0.076658
-0.057804
-0.044446
-0.036783
-0.034245
-0.035972
-0.041356
-0.050402
-0.063795
-0.082605
-0.107770
-0.139519
-0.176984
-0.218134
-0.260088
-0.299681
-0.334117
-0.361471
-0.380890
-0.392446
-0.396737
-0.394406
-0.385803
-0.370911
-0.349588
-0.322002
-0.289095
-0.252834
-0.216146
-0.182474
-0.155107
-0.136452
-0.127514
-0.127715
-0.135116
-0.146945
-0.160229
-0.172330
-0.181201
-0.185339
-0.183506
-0.174388
-0.156403
-0.127777
-0.086921
-0.032988
0.033579
0.110728
0.194855
0.281252
0.364848
0.441016
0.506222
0.558346
0.596614
0.621235
0.632917
0.632476
0.620691
0.598430
0.566982
0.528400
0.485660
0.442514
0.403004
0.370777
0.348378
0.336776
0.335248
0.341683
0.353182
0.366759
0.379918
0.390936
0.398795
0.402864
0.402494
0.396733
0.384312
0.363921
0.334695
0.296700
0.251235
0.200788
0.148646
0.098245
0.052486
0.013225
-0.018902
-0.044270
-0.063790
-0.078345
-0.088362
-0.093682
-0.093757
-0.088095
-0.076750
-0.060670
-0.041731
-0.022438
-0.005390
0.007302
0.014434
0.015812
0.012015
0.003905
-0.007900
-0.023400
-0.043274
-0.068586
-0.100266
-0.138537
-0.182525
-0.230194
-0.278654
-0.324734
-0.365633
-0.399419
-0.425232
-0.443139
-0.453730
-0.457644
-0.455223
-0.446445
-0.431160
-0.409534
-0.382498
-0.352018
-0.321011
-0.292918
-0.271020
-0.257721
-0.254018
-0.259329
-0.271711
-0.288386
-0.306377
-0.323039
-0.336323
-0.344722
-0.346992
-0.341816
-0.327607
-0.302589
-0.265167
-0.214494
-0.151007
-0.076755
0.004659
0.088531
0.169792
0.243817
0.307076
0.357449
0.506288
0.479592
0.441646
0.394486
0.341127
0.285611
0.232665
0.187006
0.152488
0.131351
0.123811
0.128138
0.141180
0.159168
0.178528
0.196464
0.211137
0.221466
0.226689
0.225913
0.217892
0.201146
0.174392
0.137142
0.090207
0.035894
-0.022223
-0.079925
-0.133165
-0.178847
-0.215288
-0.242253
-0.260564
-0.271460
-0.275964
-0.274486
-0.266808
-0.252446
-0.231211
-0.203736
-0.171751
-0.137952
-0.105517
-0.077416
-0.055766
-0.041473
-0.034275
-0.033163
-0.037020
-0.045211
-0.057901
-0.075976
-0.100576
-0.132437
-0.171275
-0.215461
-0.262128
-0.307677
-0.348516
-0.381787
-0.405833
-0.420264
-0.425637
-0.422915
-0.412924
-0.396051
-0.372301
-0.341684
-0.304768
-0.263151
-0.219627
-0.177926
-0.142070
-0.115520
-0.100395
-0.097000
-0.103810
-0.117908
-0.135692
-0.153620
-0.168734
-0.178837
-0.182305
-0.177711
-0.163461
-0.137673
-0.098407
-0.044206
0.025231
0.108488
0.202227
0.301453
0.400212
0.492538
0.573374
0.639205
0.688259
0.720271
0.735956
0.736450
0.722928
0.696548
0.658704
0.611431
0.557746
0.501690
0.447991
0.401366
0.365671
0.343146
0.334009
0.336532
0.347565
0.363339
0.380284
0.395606
0.407468
0.414793
0.416821
0.412661
0.401074
0.380579
0.349900
0.308553
0.257351
0.198605
0.135895
0.073444
0.015304
-0.035425
-0.077055
-0.109344
-0.133111
-0.149589
-0.159795
-0.164133
-0.162381
-0.154048
-0.138938
-0.117680
-0.091996
-0.064578
-0.038596
-0.017013
-0.001942
0.005719
0.006240
0.000633
-0.009976
-0.024944
-0.044433
-0.069319
-0.100737
-0.139416
-0.185065
-0.236048
-0.289493
-0.341792
-0.389347
-0.429294
-0.459970
-0.480976
-0.492865
-0.496593
-0.492978
-0.482403
-0.464865
-0.440370
-0.409478
-0.373781
-0.336068
-0.300064
-0.269784
-0.248684
-0.238877
-0.240664
-0.252514
-0.271505
-0.294031
-0.316544
-0.336083
-0.350445
-0.358003
-0.357326
-0.346815
-0.324586
-0.288694
-0.237679
-0.171237
-0.090782
0.000352
0.097173
0.193728
0.284054
0.363095
0.427339
0.475016
0.505860
0.520589
0.520340