-0.021861
-0.021068
-0.018495
-0.019472
-0.023586
-0.021107
-0.020433
-0.020921
-0.023975
-0.025164
-0.031008
-0.027321
-0.014315
-0.002617
0.005441
-0.002970
-0.008016
-0.028540
-0.020879
0.016520
0.006510
-0.021093
-0.030294
-0.009991
0.031647
0.061083
0.065230
0.032247
-0.010557
-0.061924
-0.063526
-0.025775
0.019966
0.046878
0.052570
0.035635
0.024027
0.048828
-0.038609
-0.105337
-0.107438
-0.064273
0.101203
0.158731
0.031606
-0.021954
-0.013457
-0.121953
-0.157243
-0.111925
-0.050937
0.046853
-0.041746
-0.053801
0.033017
0.018026
0.001672
-0.060527
-0.142461
-0.109472
-0.039648
0.017250
0.099659
0.126938
0.069642
0.028277
0.025235
0.006918
0.017659
0.020239
0.035979
0.036000
-0.002912
-0.022365
-0.020548
-0.004555
0.013547
0.018564
0.001902
-0.004011
0.015424
0.008507
0.001634
0.013171
0.024033
0.017979
0.006737
-0.002173
-0.004476
-0.003618
0.001074
0.011774
0.015866
0.020592
0.016750
0.011734
0.014410
0.017721
0.014251
0.008612
0.010169
0.012441
0.014135
0.016422
0.017545
0.016750
0.009201
0.011103
0.010882
0.004410
0.006080
0.011208
0.015201
0.006183
-0.009880
-0.005096
0.006090
0.009682
0.018872
0.016491
0.016084
-0.004639
-0.021520
-0.012615
-0.008989
0.000894
0.012587
0.029728
0.038840
-0.008709
-0.036315
0.011775
0.053119
0.008893
-0.017421
0.023012
0.044233
0.115698
0.073786
-0.057457
-0.104620
-0.143541
-0.086363
0.002435
0.063735
0.160742
0.127688
-0.060638
-0.095758
0.005561
-0.035738
-0.118091
-0.174478
-0.134265
0.049672
0.140608
0.129492
0.093725
0.023154
0.051850
0.079390
0.034862
-0.009510
0.004156
0.058107
0.064936
0.045131
-0.004756
-0.014793
-0.037197
-0.045506
-0.003902
0.008744
0.042317
0.034587
0.023244
0.016503
0.008107
0.004746
-0.008589
-0.021452
-0.048329
-0.029352
-0.010868
-0.011942
-0.003860
0.001744
0.000563
-0.014700
-0.024413
-0.023699
-0.014728
-0.018528
-0.014969
-0.004933
-0.009901
-0.010352
-0.005145
-0.008160
-0.018824
-0.021180
-0.021165
-0.023200
-0.020941
-0.013429
-0.007970
-0.009644
-0.011658
-0.013289
-0.015343
-0.015697
-0.009476
-0.021215
-0.035823
-0.026370
-0.013045
-0.001536
-0.010820
-0.020375
-0.021919
-0.035068
-0.026536
-0.015214
-0.026441
-0.028908
-0.020237
0.010865
0.005835
-0.018563
0.008278
0.042191
0.063087
0.060446
0.049838
0.023144
-0.033101
-0.051571
0.004077
0.063572
0.022971
-0.068312
-0.140866
-0.095366
0.014821
0.068968
0.075451
0.006748
-0.011261
-0.067905
-0.072504
-0.010859
-0.084315
-0.096313
-0.098428
-0.097998
-0.133179
-0.115675
-0.009439
0.072001
0.116834
0.032518
-0.001821
0.004142
0.061224
0.093201
0.062688
0.029838
-0.005874
-0.009136
-0.028818
0.024827
0.087228
0.087090
0.069061
0.035646
0.003315
-0.006541
0.009898
0.005611
0.011216
0.016558
0.004918
-0.012228
-0.017048
-0.001569
0.002199
0.001077
-0.000618
-0.001797
-0.008528
-0.007912
0.002506
0.009009
0.004934
0.002568
-0.001787
-0.007691
-0.001006
0.003675
0.005762
0.007112
0.006365
0.000058
-0.004087
0.000783
-0.000741
-0.004235
-0.004016
0.002304
0.004485
0.000667
0.008368
0.015378
-0.000982
-0.014943
-0.004894
-0.012548
-0.010812
0.001606
-0.011722
-0.016007
-0.019875
-0.030511
-0.026795
-0.017955
-0.015460
0.021327
0.002166
-0.034687
-0.008285
-0.072760
-0.040331
0.024852
-0.051683
-0.126871
-0.137467
-0.065721
0.073696
0.125013
0.037313
0.015520
-0.058726
-0.103393
-0.048419
-0.009572
0.008145
-0.001787
-0.009480
-0.061559
-0.131223
-0.137317
-0.081816
-0.018449
0.018213
0.032372
0.052214
0.041121
-0.038578
-0.061534
-0.003173
-0.026659
-0.019113
-0.000135
-0.014132
0.026283
0.013663
-0.009111
0.007119
0.024617
0.037430
0.035541
0.000844
-0.013441
0.022392
0.046865
0.060740
0.043736
0.031173
0.033911
0.033865
0.034672
0.028838
0.030099
0.019882
0.021656
0.037787
0.042562
0.035636
0.032088
0.026390
0.019890
0.022962
0.026468
0.030123
0.028255
0.026153
0.027600
0.022603
0.019652
0.020662
0.017979
0.018587
0.023756
0.025420
0.023953
0.023954
0.025633
0.024954
0.016309
0.017523
0.022215
0.012186
0.003020
0.007456
0.017390
0.010859
-0.001179
0.005372
0.011783
0.017850
0.033625
0.017626
0.007248
0.021379
-0.010881
-0.019998
-0.036871
-0.090577
-0.024434
0.029691
0.051690
0.127660
0.046038
-0.063186
-0.083130
-0.114183
-0.016825
0.049251
0.100331
0.175518
0.137507
0.098857
0.007308
-0.094262
-0.055654
0.088702
0.142300
0.090200
0.005947
-0.018233
-0.006978
0.013374
0.039603
-0.026401
-0.017373
-0.032236
-0.007746
0.061407
0.006814
0.066238
0.069958
0.028296
-0.014747
-0.096392
-0.058522
0.026318
0.033908
-0.000197
-0.020948
-0.042819
-0.031882
-0.026742
-0.015575
-0.005624
-0.050627
-0.066992
-0.050483
-0.041820
-0.003996
0.000747
-0.020037
-0.024192
-0.034286
-0.027672
-0.025500
-0.028446
-0.012654
-0.012171
-0.016179
-0.021014
-0.025858
-0.024723
-0.026117
-0.025708
-0.020995
-0.025160
-0.027284
-0.026805
-0.026080
-0.015787
-0.018111
-0.021284
-0.023161
-0.029329
-0.024727
-0.018237
-0.013334
-0.013145
-0.021825
-0.027205
-0.023144
-0.006206
0.007144
-0.000786
-0.014143
-0.026144
-0.034729
-0.027718
-0.017753
-0.000976
0.009053
-0.001308
0.001029
0.004029
-0.002592
0.003486
0.044407
0.021094
-0.002778
-0.037560
-0.083857
0.017921
0.083745
0.103087
0.069811
-0.004397
-0.004524
0.001399
-0.039135
-0.102682
-0.075538
0.023867
0.092395
0.079623
0.003600
-0.032175
-0.041313
-0.087318
-0.158027
-0.170252
-0.148009
-0.084705
0.011707
0.021064
0.012448
0.004251
-0.034376
-0.012349
-0.031713
-0.113435
-0.103954
-0.072266
0.019083
0.110286
0.089676
0.056934
0.012853
-0.000928
0.029927
0.034780
0.037652
0.047587
0.061420
0.069849
0.063481
0.041207
0.008216
-0.015206
-0.007050
0.000207
0.003526
0.011272
0.008348
0.015825
0.022306
0.018704
0.019009
0.013971
0.001601
0.003479
0.004992
0.010484
0.021937
0.018846
0.021471
0.022634
0.016172
0.013724
0.010200
0.010415
0.012311
0.015818
0.021484
0.024675
0.026846
0.025687
0.020520
0.019117
0.013451
0.006360
0.008103
0.011666
0.017730
0.016018
0.020437
0.018910
0.011708
-0.020239
-0.034053
0.001030
0.017867
0.031724
0.011881
-0.025189
-0.053197
-0.033823
0.015444
0.044529
0.066515
0.014789
-0.064668
-0.058935
-0.015923
0.032048
0.049947
0.032470
0.081075
0.047602
-0.061467
-0.078268
-0.082845
-0.065646
0.042099
0.040644
0.040159
0.097965
-0.089814
-0.095118
0.022340
0.031133
0.035523
-0.056695
-0.060007
0.019381
0.099049
0.029806
-0.032891
-0.050791
-0.034969
0.087038
0.082120
0.054319
0.074601
0.098983
0.082515
0.056576
0.033550
-0.006847
-0.015493
-0.037810
-0.031763
0.006578
0.025209
0.032083
0.038643
0.026796
0.024650
0.014443
-0.013277
-0.022832
-0.029046
-0.021324
-0.007787
-0.003707
-0.009215
-0.011708
-0.015171
-0.024311
-0.026274
-0.020533
-0.012524
-0.012120
-0.009824
-0.011345
-0.010582
-0.012229
-0.016305
-0.017854
-0.024993
-0.026082
-0.025287
-0.021410
-0.018824
-0.015831
-0.014021
-0.019957
-0.024148
-0.026361
-0.025068
-0.028416
-0.027459
-0.020429
-0.019203
-0.015664
-0.022882
-0.031818
-0.030378
-0.030368
-0.018840
-0.008855
-0.040870
-0.074317
-0.071883
-0.080571
-0.015131
0.053716
0.052759
-0.000717
-0.078907
-0.072870
-0.046619
-0.011088
-0.006378
-0.060288
-0.073058
-0.020052
0.049988
0.058254
-0.072164
-0.088562
0.015721
-0.004029
-0.035689
-0.002283
0.020885
0.148852
0.248952
0.083527
0.024487
0.088842
0.096553
0.138811
0.049083
-0.051965
-0.056613
-0.069400
-0.063149
-0.032721
-0.021490
-0.052491
0.000223
0.006663
-0.015976
0.004225
-0.028700
-0.045265
-0.001218
0.037588
0.042356
0.054454
0.017865
0.003274
0.033722
0.026782
0.020046
0.029909
0.021061
0.017061
0.019038
0.002555
0.014341
0.006937
-0.011908
0.003337
0.004271
-0.005022
-0.008384
-0.007519
-0.013332
-0.014377
-0.014815
-0.016021
-0.019340
-0.025994
-0.025168
-0.024299
-0.025584
-0.026350
-0.018568
-0.016363
-0.018849
-0.021568
-0.023201
-0.027268
-0.029737
-0.021997
-0.021743
-0.024171
-0.023773
-0.015936
-0.010711
-0.011718
-0.013762
-0.014930
-0.003985
-0.002300
-0.007073
-0.018657
-0.014469
0.006756
-0.019628
-0.057526
-0.057960
-0.019583
0.038203
0.033011
-0.015637
-0.047867
-0.098509
-0.035866
0.040633
0.003362
0.027998
-0.014768
-0.017185
0.050196
-0.007861
-0.064705
-0.083464
-0.013950
0.025918
-0.004792
0.013285
0.035404
0.134723
0.162384
0.016928
-0.104461
-0.062130
0.054559
0.192600
0.179550
0.027010
0.023887
-0.030464
-0.082683
-0.037796
-0.065351
-0.079306
-0.009819
0.046729
0.059874
0.016747
-0.075253
-0.063803
-0.015306
0.025035
0.040572
-0.010836
-0.042574
-0.063806
-0.053334
-0.037207
-0.034066
-0.047485
-0.063162
-0.058256
-0.037957
-0.026958
-0.027246
-0.012980
-0.010378
-0.008517
-0.007120
-0.017573
-0.024103
-0.020368
-0.011908
-0.013330
-0.018650
-0.013467
-0.006101
-0.009400
-0.008223
-0.005923
-0.009577
-0.014371
-0.012880
-0.003665
-0.003810
-0.004210
-0.006151
-0.010718
-0.012327
-0.010228
-0.009198
-0.013876
-0.009990
-0.005149
-0.002133
0.001680
-0.002684
-0.005618
0.000893
0.014356
0.018592
-0.001260
-0.027812
-0.025250
-0.004601
0.008857
0.026018
0.024323
0.013438
0.000370
-0.027141
-0.013610
0.027810
0.066547
0.070324
0.024237
-0.014401
-0.051476
-0.061564
0.015906
0.074974
0.064169
0.035181
0.014458
0.024886
0.028509
0.061921
0.046902
0.048653
0.137026
0.097977
0.038759
-0.017959
-0.078948
-0.101692
-0.058112
0.080935
0.044339
-0.020412
-0.011328
-0.015939
-0.013618
-0.008266
0.000305
0.022465
0.030046
-0.020521
-0.013499
-0.029783
-0.054898
-0.050636
-0.082212
-0.052503
0.007146
0.017608
0.016032
0.031674
0.032263
0.014985
0.006010
-0.007803
-0.014984
-0.019979
-0.013779
-0.023525
-0.024569
-0.003282
0.000012
-0.008109
-0.009625
-0.007623
-0.012572
-0.019693
-0.009694
-0.001114
-0.008703
-0.009023
-0.008780
-0.012739
-0.015399
-0.018256
-0.019029
-0.019073
-0.015288
-0.011169
-0.009886
-0.008201
-0.005240
-0.005126
-0.006933
-0.003538
-0.001625
-0.002189
-0.006384
-0.004265
-0.001797
-0.004422
-0.001961
0.002645
0.002192
0.000925
0.002563
-0.004266
-0.012243
-0.010122
-0.003575
0.004862
0.012767
0.006522
-0.004715
-0.010965
-0.013998
-0.010318
-0.006493
-0.005697
-0.004659
-0.004709
-0.004581
-0.002091
-0.000742
-0.000765
0.001095
0.001780
0.001673
0.001639
0.000353
-0.000937
-0.000640
0.001385
0.001828
0.001649
0.000754
-0.001144
-0.001202
0.000609
0.001761
0.002312
0.002718
0.002982
0.002182
0.001195
0.001950
0.001651
0.000187
0.000272
0.000762
0.000955
0.001274
0.001565
0.001512
0.001049
0.000649
0.000985
0.001380
0.001978
0.002308
0.002068
0.001722
0.001499
0.001501
0.001621
0.001743
0.001785
0.001688
0.001457
0.001484
0.001980
0.002218
0.002114
0.001933
0.001700
0.001357
0.001245
0.001316
0.001270
0.001183
0.001075
0.000923
0.000781
0.000709
0.000739
0.000813
0.000816
0.000681
0.000578
0.000541
0.000524
0.000506
0.000432
0.000252
0.000110
0.000084
0.000143
0.000226
0.000218
0.000104
-0.000043
-0.000088
0.000016
0.000206
0.000329
0.000289
0.000126
-0.000033
-0.000068
0.000015
0.000152
0.000184
0.000101
0.000013
-0.000062
-0.000095
-0.000041
0.014980
-0.010119
-0.072525
-0.042722
0.180248
0.059877
-0.120035
-0.079628
0.013403
0.142652
0.187000
0.170231
0.007235
-0.125275
-0.223060
-0.216530
0.000822
0.070126
0.129980
0.055775
0.038657
0.024218
0.249385
-0.101261
-0.508270
-0.301355
-0.209415
0.525160
0.612300
-0.291048
-0.344461
0.167296
-0.312682
-0.696886
-0.053907
0.055947
0.219819
-0.162513
-0.247900
0.369109
0.158242
0.124397
-0.103706
-0.408449
-0.180077
0.151641
0.274517
0.395561
0.354363
0.047729
-0.039434
0.216682
0.072278
-0.037602
0.042539
0.014111
0.011375
-0.205854
-0.191852
-0.087756
-0.010738
0.071750
0.035303
0.020097
-0.024354
0.076682
0.026717
-0.018342
-0.024066
0.012827
0.060969
0.017883
-0.010616
-0.025659
-0.011027
-0.002736
0.030944
0.022447
0.031538
0.033699
0.049802
0.041677
0.024740
-0.011673
-0.011439
0.005990
0.005323
0.025549
0.025480
0.004969
0.001001
-0.008442
0.002001
-0.000754
-0.033397
0.001730
0.016827
0.019323
-0.016824
-0.062844
-0.020704
0.039636
0.008661
0.037077
0.052594
0.045811
-0.015113
-0.095324
0.018383
-0.005005
-0.012946
0.041306
0.124228
0.183912
-0.118435
-0.231717
0.159223
0.268164
-0.076643
-0.224681
0.127524
0.108943
0.317058
0.303041
-0.486951
-0.458367
-0.335239
-0.144568
0.105453
0.133930
0.606773
0.326795
-0.550745
-0.426512
0.466499
0.064973
-0.614203
-0.497948
-0.264963
0.397969
0.722645
0.427083
0.132173
-0.123253
0.240008
0.481646
0.010346
-0.286530
-0.192472
0.201709
0.032285
-0.130125
-0.132147
-0.146577
-0.074938
-0.160563
0.141296
-0.026116
0.080845
0.176497
-0.070225
-0.049238
-0.040754
0.079454
-0.070584
-0.061063
-0.140904
-0.115828
0.029862
-0.026962
0.028042
-0.016782
-0.020033
-0.005655
0.011346
-0.006400
-0.015271
-0.040597
-0.061531
-0.003329
0.015493
-0.000391
-0.016517
-0.003400
-0.017210
-0.026908
-0.043683
-0.037569
-0.026480
-0.017366
0.003843
-0.010210
-0.025304
-0.042095
-0.016838
0.004461
-0.008985
-0.046974
-0.100850
-0.008680
0.028098
0.049416
0.026588
-0.053106
-0.021943
-0.080409
-0.024725
0.066971
-0.059450
-0.083311
-0.006415
0.150807
0.098227
-0.100474
0.097402
0.216944
0.182343
0.134389
0.097949
0.028331
-0.274603
-0.280896
0.046968
0.272850
-0.019131
-0.423681
-0.508002
-0.231932
0.318020
0.283348
0.152388
-0.118649
-0.126472
-0.152347
-0.271682
0.277265
-0.348239
-0.464967
-0.042057
-0.137615
-0.246345
-0.309352
0.466850
0.449495
0.485582
0.125179
-0.110084
0.205868
0.305488
0.385597
-0.059605
-0.049087
-0.162042
-0.056263
-0.076425
0.029663
0.309046
0.108575
0.099140
-0.019753
-0.071517
-0.127017
0.002469
-0.015027
-0.106784
-0.070726
-0.061868
-0.051052
-0.035756
0.046102
-0.007342
0.007127
0.000820
0.017484
0.015037
0.001933
0.007496
0.000249
0.004435
-0.020099
-0.015500
-0.009579
0.010545
0.030239
0.015807
0.000666
-0.013799
-0.000805
0.011167
0.012998
-0.007351
-0.045692
-0.022719
-0.007187
-0.006010
-0.024479
0.017176
0.044389
-0.059161
-0.078927
0.027319
-0.005848
-0.029609
0.066229
-0.038479
-0.082673
-0.015953
-0.042817
-0.067731
-0.043078
-0.009792
0.078681
0.029411
-0.179552
0.065799
-0.219302
-0.177577
0.419981
-0.158438
-0.523657
-0.370824
0.094894
0.470187
0.483941
-0.025258
-0.090833
-0.083660
-0.391190
0.044484
0.095607
-0.044289
-0.188258
0.057650
-0.079059
-0.523257
-0.257644
0.053031
0.124489
0.088128
0.178825
0.266082
0.202600
-0.144972
-0.218419
0.123864
-0.033924
-0.154905
0.143135
-0.022910
0.078475
0.115925
-0.071702
0.011667
0.105185
0.222906
0.049567
-0.015431
-0.064975
0.068249
0.133690
0.128213
0.047273
-0.027808
0.100209
0.083672
0.096451
-0.013541
0.009181
-0.018755
-0.016711
0.047045
0.048876
0.039623
0.012279
0.018195
-0.000589
0.013271
0.010246
0.036288
0.021604
0.018419
0.036154
0.025430
0.026463
0.012093
0.004396
0.003572
0.006705
0.022502
0.031602
0.029345
0.003190
0.003085
-0.004817
0.003573
0.055878
0.005438
-0.049847
-0.001511
0.064535
0.008998
-0.067548
-0.008910
0.016408
0.026199
0.092716
0.005967
-0.067558
0.071004
-0.036122
-0.112699
-0.065523
-0.338367
-0.028515
0.275616
0.109999
0.463324
0.171405
-0.428053
-0.180382
-0.176032
0.079437
0.264068
0.226790
0.579751
0.209008
0.236435
-0.025174
-0.578126
-0.209637
0.442670
0.463633
-0.126684
-0.275328
-0.167921
-0.029757
0.017978
0.167639
-0.257264
-0.229178
0.062039
-0.071283
0.388351
-0.194128
0.047781
0.326712
-0.082916
-0.065732
-0.488662
-0.047072
0.271840
0.047418
-0.153107
-0.217274
-0.141703
-0.015182
0.033329
0.009846
0.001933
-0.187125
-0.162254
-0.044008
-0.023782
0.047168
0.042358
-0.029182
-0.001336
-0.024652
-0.012517
0.017140
-0.012971
-0.003280
-0.051649
-0.008572
-0.032360
-0.015755
0.007737
-0.043658
-0.044423
-0.040490
-0.015623
-0.008761
-0.016365
-0.016657
0.003607
-0.005674
-0.020453
-0.029633
-0.038420
-0.028737
0.021790
0.007175
-0.023537
-0.051581
-0.055261
-0.020048
0.036019
0.088549
0.012121
-0.049723
-0.056388
-0.070312
-0.024857
0.009057
0.042486
0.049260
-0.024315
0.034418
0.057396
-0.004397
0.007683
0.174412
0.094356
-0.116836
-0.074130
-0.366954
0.130302
0.457113
0.192407
0.078730
-0.258217
0.002412
0.094065
-0.123851
-0.482021
-0.379157
0.248576
0.338546
0.135487
-0.194366
-0.194869
-0.053338
-0.189614
-0.463864
-0.482145
-0.288410
-0.065867
0.326833
0.205493
0.004713
0.113566
0.058856
0.200517
0.146809
-0.377759
-0.260577
-0.013111
0.221829
0.491545
0.209303
0.093521
0.022229
0.070371
0.261690
0.083050
0.030438
0.019792
0.067429
0.088945
0.016464
-0.016689
-0.112129
-0.107105
-0.024562
-0.037409
-0.060191
0.010697
-0.016530
-0.007806
0.013070
0.007823
0.058208
0.055404
0.003841
-0.008102
0.002165
0.021436
0.050197
0.026241
0.020082
0.022030
0.027837
0.037755
0.015009
0.007447
-0.006776
0.003624
0.025214
0.033723
0.036800
0.013395
0.002293
0.007456
-0.001940
-0.029978
-0.010551
0.003400
0.012632
0.002098
0.030471
0.058721
-0.003169
-0.113678
-0.183628
0.063433
0.083366
0.072333
0.050061
-0.140737
-0.168418
-0.053318
0.190757
0.161141
0.218163
0.042417
-0.364658
-0.168548
0.151299
0.153995
0.052075
-0.013707
0.268971
0.160754
-0.385897
-0.221597
-0.169316
-0.200454
0.204636
0.180084
-0.023091
0.466128
-0.390054
-0.588026
0.577040
0.160968
-0.003535
-0.348433
-0.145506
0.182726
0.414789
0.252899
-0.480562
-0.102776
-0.033276
0.491353
0.346639
-0.065216
0.110560
0.207146
0.226408
-0.076221
-0.031529
-0.155236
-0.125728
-0.184561
-0.169922
-0.023636
0.026504
0.095917
0.069165
-0.001744
0.023871
0.079668
-0.057121
-0.081915
-0.139231
-0.091509
-0.060106
-0.019962
0.003186
-0.040241
-0.014004
-0.036699
0.007619
-0.003247
-0.002161
-0.025368
-0.040269
-0.003177
0.002527
-0.010031
-0.042611
-0.048345
-0.038525
-0.028915
-0.025652
-0.031220
-0.022549
-0.015100
-0.014179
-0.016225
-0.043592
-0.045649
-0.024985
-0.033688
-0.061480
-0.027971
0.006731
-0.006216
-0.045900
-0.070190
-0.026767
-0.037410
0.014517
0.078671
-0.088755
-0.225553
-0.107520
-0.170434
0.000224
0.393055
0.179506
-0.080796
-0.336850
-0.129982
0.024742
0.053869
0.117261
-0.276455
-0.299080
0.097429
0.449882
0.303468
-0.434694
-0.335107
0.499802
0.147438
-0.198420
0.098268
0.107440
0.483957
1.001923
-0.016837
-0.538687
0.395710
0.309551
0.180841
-0.142633
-0.598105
-0.418233
-0.275562
-0.110908
-0.227833
-0.099514
-0.196528
0.044412
0.317703
-0.058282
0.047400
0.012517
-0.047990
0.051120
0.176657
0.197226
0.136006
0.045666
-0.013340
0.163833
0.022099
-0.027866
0.093124
0.049059
-0.074976
-0.039946
-0.033205
-0.036500
-0.017919
-0.103643
-0.016649
-0.029645
0.011883
-0.016272
-0.053508
-0.076542
-0.059842
-0.014210
-0.047916
-0.034832
-0.080321
-0.045226
-0.035053
-0.025789
-0.028758
-0.025766
-0.003858
0.003238
-0.007487
-0.012129
0.003891
-0.005190
-0.007078
-0.011149
-0.022422
-0.017977
0.010478
0.021520
-0.020676
-0.038454
-0.041493
0.020656
0.026689
-0.038055
-0.066012
-0.026256
0.114622
-0.031659
-0.252299
-0.151060
0.051135
0.219491
0.140650
-0.104444
-0.182749
-0.293886
0.002147
0.415904
-0.077747
0.001464
0.001584
-0.158961
0.418514
0.028084
-0.364728
-0.273371
0.165344
0.327083
-0.179898
0.090933
0.118668
0.452187
0.720891
-0.210808
-0.685928
-0.196342
0.433913
0.625485
0.359259
-0.464189
-0.209359
-0.010247
-0.358751
-0.046926
-0.242383
-0.395064
-0.050350
0.395649
0.235091
-0.155431
-0.285114
-0.125293
0.120538
0.125571
0.158214
-0.142336
-0.158075
-0.169481
-0.129917
-0.062833
-0.092373
-0.068914
-0.121817
-0.011033
-0.008192
0.041007
0.010573
0.025621
0.037433
0.002917
0.036909
0.037701
0.042819
-0.013489
-0.021572
-0.033227
-0.023199
0.014685
0.021581
-0.002502
-0.004649
0.004012
0.001009
-0.005840
-0.032619
-0.012107
0.004101
0.011631
0.009277
0.000983
0.004792
-0.005534
-0.006682
-0.014865
-0.009479
0.013005
0.014737
0.028133
-0.009566
-0.039164
0.001946
0.054934
0.062511
-0.040279
-0.109809
-0.056993
0.034903
0.044834
0.086321
0.083858
0.004174
0.009703
-0.109338
-0.074273
0.139426
0.223402
0.154288
-0.064381
-0.101918
-0.186451
-0.230632
0.189242
0.377770
0.064823
-0.013190
0.036848
0.100443
0.100245
0.188385
0.050236
-0.157598
0.488510
0.225595
-0.263663
-0.085557
-0.377471
-0.468995
-0.223733
0.572720
0.083194
-0.485278
0.186003
0.051444
-0.077790
0.000211
0.079103
0.003008
0.091045
-0.073352
-0.124246
0.013427
-0.172710
-0.123061
-0.240356
-0.042640
0.166092
0.142796
0.142295
0.089739
0.120569
0.016919
0.003309
-0.020096
-0.052546
-0.084593
-0.065125
-0.065515
-0.059804
-0.009685
0.006533
-0.000275
-0.013017
0.008862
0.002254
-0.009647
-0.016065
-0.021968
-0.028164
-0.030564
-0.030451
-0.013696
-0.000079
-0.008454
-0.012095
-0.002425
-0.011766
0.001130
0.003140
0.009317
0.007815
0.008998
0.004188
-0.001702
-0.003221
-0.007272
-0.005867
-0.010790
-0.002647
0.000343
0.015145
0.018803
0.005875
0.008289
0.017063
-0.025151
-0.046439
-0.025457
-0.015559
-0.003985
0.036916
0.008991
-0.052295
-0.035141
-0.021650
-0.006519
0.005981
0.000497
-0.001259
0.000475
0.005379
0.009106
0.010474
0.004474
0.006015
0.008447
0.004272
0.004012
0.004484
0.002520
0.003012
0.007387
0.004951
0.006889
0.006792
0.004755
0.002715
0.004517
0.004548
0.001645
0.002690
0.003628
0.004324
0.004087
0.006530
0.003025
-0.001543
-0.004520
-0.003527
0.002598
0.003416
0.001349
0.002130
0.001812
0.000296
-0.000365
0.001762
0.002157
-0.000181
0.001611
0.003685
0.002799
0.002522
0.002323
0.001225
0.000339
-0.000098
0.000634
0.002418
0.003028
0.003009
0.001685
0.000682
0.000709
0.000498
0.000499
0.000866
0.000650
0.000304
-0.000096
0.000075
0.000676
0.000941
0.000788
0.000530
0.000195
-0.000007
0.000196
0.000375
0.000308
0.000067
-0.000351
-0.000252
0.000016
0.000376
0.000568
0.000456
-0.000039
-0.000427
-0.000457
-0.000152
0.000354
0.000731
0.000568
0.000218
-0.000011
0.000002
0.000156
0.000335
0.000328
0.000045
-0.000099
-0.000144
-0.000007
0.000067
-0.000076
-0.000287
-0.000484
-0.000644
-0.000578
-0.000352
-0.000212
-0.000259
-0.000393
-0.000375
-0.000347
-0.000365
-0.000252
-0.000121
-0.000185
-0.000110