-0.021775
-0.015676
-0.013885
-0.013080
-0.013581
-0.019316
-0.028370
-0.025343
-0.011013
0.001484
0.009140
0.007149
-0.016717
-0.044524
-0.022498
0.029940
0.021294
-0.028607
-0.040639
-0.012484
0.040257
0.083811
0.078674
0.033091
-0.024242
-0.085162
-0.096529
-0.039984
0.023781
0.055792
0.046645
0.021285
0.039919
0.058601
-0.034864
-0.144805
-0.168409
-0.068291
0.166989
0.213615
0.003627
-0.064049
-0.010883
-0.124151
-0.226564
-0.139118
-0.011181
0.053791
-0.036238
-0.097659
0.012423
0.077199
0.019122
-0.080474
-0.154493
-0.102177
0.002358
0.042593
0.130302
0.173093
0.069356
0.036799
0.061246
0.020940
0.012988
0.057784
0.060131
0.038568
-0.023079
-0.084019
-0.045148
-0.021278
0.002078
0.025412
-0.005558
0.007522
0.023271
-0.008773
-0.014508
0.001960
0.027912
0.030101
0.014537
0.006304
0.012632
0.016147
0.001594
-0.001363
0.002507
0.007341
0.009265
-0.000109
0.006879
0.024885
0.025836
0.016383
0.010669
0.009453
0.003603
0.008374
0.010473
0.004859
0.004524
0.011694
0.011847
0.004827
0.005871
0.015064
0.017380
0.000561
-0.015173
-0.010296
0.005482
0.012128
0.019015
0.025850
0.019947
-0.002487
-0.019748
-0.008392
0.004748
0.002666
0.015174
0.051203
0.056027
-0.023843
-0.064287
0.026884
0.079528
0.011221
-0.033498
0.004173
0.074733
0.151706
0.099035
-0.090617
-0.177282
-0.153032
-0.108185
-0.026890
0.089574
0.214107
0.143292
-0.121496
-0.152001
0.027260
0.007299
-0.152424
-0.241318
-0.160152
0.086854
0.240573
0.159855
0.053071
0.044178
0.091132
0.143719
0.067060
-0.039154
0.001877
0.074712
0.090420
0.034347
-0.046024
-0.048063
-0.040072
-0.063916
-0.035537
0.013537
0.036841
0.025328
-0.016091
-0.019980
0.028224
0.025539
0.004435
-0.006910
-0.046901
-0.022391
0.010902
-0.021867
-0.051385
-0.035452
0.001897
-0.001220
-0.019440
-0.024364
-0.005591
0.002449
-0.007495
-0.010492
-0.030421
-0.028737
-0.015065
-0.010817
-0.011794
-0.016752
-0.010357
-0.012061
-0.013224
-0.014028
-0.008807
-0.006487
-0.019073
-0.026284
-0.022663
-0.007130
-0.003897
-0.024693
-0.043159
-0.028536
0.000450
0.011568
0.003240
-0.013264
-0.024481
-0.032624
-0.022141
-0.008130
-0.029654
-0.046023
-0.015889
0.024630
0.013614
-0.019909
0.009677
0.067669
0.087042
0.082294
0.068958
0.029525
-0.050851
-0.083739
0.002322
0.092030
0.038011
-0.125402
-0.222415
-0.137545
0.026982
0.095935
0.057956
0.006186
-0.034945
-0.092003
-0.068774
-0.005314
-0.087034
-0.139357
-0.083339
-0.098947
-0.170526
-0.145262
-0.003578
0.130029
0.169358
0.068601
-0.020073
0.031935
0.128607
0.136713
0.087282
0.058832
0.019491
-0.017253
-0.047923
0.022862
0.103485
0.097806
0.074159
0.001061
-0.031141
-0.020939
0.002710
-0.001146
-0.011188
0.017720
0.008090
-0.016325
-0.031402
-0.019903
-0.004564
0.000845
0.007656
-0.005814
-0.013530
-0.008157
0.014231
0.017705
0.007597
0.005248
-0.009681
-0.012031
-0.010825
-0.007944
-0.006690
-0.000775
0.001858
-0.003431
-0.002321
0.006378
0.010094
-0.001698
-0.004597
0.001516
-0.002859
-0.009578
0.002097
0.006479
-0.014612
-0.017796
-0.001713
-0.005138
0.002438
0.018922
0.000585
-0.015370
-0.015982
-0.029027
-0.036136
-0.027973
-0.000849
0.023026
0.002499
-0.021739
-0.031453
-0.084308
-0.043120
0.058660
-0.036071
-0.185768
-0.185410
-0.058749
0.117960
0.170872
0.052537
-0.016763
-0.057104
-0.122310
-0.064487
0.013563
0.005125
-0.000363
0.001142
-0.085030
-0.177371
-0.174862
-0.100084
0.001777
0.028542
0.045578
0.087460
0.052758
-0.048995
-0.078073
-0.001631
0.034164
0.008317
-0.005664
0.008467
0.038353
0.028714
-0.018811
-0.017935
0.038065
0.055418
0.040799
0.008969
-0.023766
0.018456
0.069996
0.082729
0.049341
0.018288
0.032558
0.048639
0.032411
0.024255
0.039610
0.016036
0.015412
0.035737
0.029177
0.033922
0.027491
0.016554
0.017862
0.012789
0.020203
0.024560
0.014550
0.010876
0.021759
0.028792
0.031122
0.024355
0.017554
0.021043
0.022249
0.020665
0.012156
0.013145
0.017242
0.017239
0.014127
0.015384
0.024459
0.017189
0.002034
0.011564
0.024194
0.009453
-0.005208
-0.003037
0.005374
0.028881
0.040967
0.015976
0.007793
0.018467
-0.001162
-0.024333
-0.061359
-0.100543
-0.040821
0.040899
0.092194
0.151354
0.075819
-0.088390
-0.128372
-0.096760
-0.023751
0.080831
0.150515
0.194525
0.185249
0.128425
-0.005270
-0.149113
-0.078082
0.144216
0.206169
0.079191
-0.030393
-0.066236
-0.046395
0.025673
0.024947
-0.052610
-0.041195
-0.032505
-0.018574
0.046795
0.009954
0.043302
0.097857
0.048601
-0.032158
-0.127666
-0.064345
0.068335
0.050395
-0.024138
-0.052258
-0.057117
-0.054000
-0.054794
-0.023847
0.002911
-0.036038
-0.068108
-0.082394
-0.040853
-0.003206
-0.003076
-0.004892
-0.042780
-0.019767
-0.001813
-0.010487
-0.002164
-0.023535
-0.011856
-0.002949
-0.022723
-0.024382
-0.028975
-0.023360
-0.011412
-0.014518
-0.022520
-0.025970
-0.033721
-0.023792
-0.009620
-0.014755
-0.016164
-0.019728
-0.022007
-0.017807
-0.013548
-0.006888
-0.012329
-0.030658
-0.037585
-0.029273
-0.001433
0.018120
0.004603
-0.017020
-0.032321
-0.040583
-0.033328
-0.017739
0.001562
0.010125
-0.000922
0.002847
0.001149
-0.012432
0.010822
0.049388
0.044251
0.003269
-0.063789
-0.104280
0.004267
0.138924
0.136988
0.059515
-0.017653
-0.016260
0.023332
-0.045933
-0.160870
-0.119288
0.045752
0.137064
0.079733
-0.034609
-0.063593
-0.042497
-0.097903
-0.200722
-0.221727
-0.179073
-0.078256
0.024852
0.022525
0.017137
0.007046
-0.007661
0.023967
-0.009304
-0.102388
-0.122534
-0.050672
0.051931
0.141748
0.140107
0.067622
0.025738
0.016936
0.048186
0.068486
0.057065
0.048524
0.053272
0.057228
0.056958
0.042613
-0.005121
-0.024997
-0.002087
0.000824
0.007536
-0.002678
-0.036300
-0.017576
0.001085
0.012699
0.032211
0.023176
0.019231
0.016920
0.016396
0.022754
0.010350
0.001679
0.000815
0.009586
0.019663
0.015775
0.015601
0.016476
0.015520
0.020381
0.016251
0.009509
0.009270
0.006111
0.011134
0.016605
0.011446
0.007419
0.009738
0.014078
0.019353
0.017739
0.019487
0.028916
0.011194
-0.033996
-0.045267
-0.001316
0.034325
0.041450
0.020936
-0.036193
-0.066241
-0.028910
0.025443
0.073007
0.099660
0.025149
-0.090165
-0.084971
0.008477
0.055321
0.040475
0.051508
0.103092
0.058272
-0.075441
-0.129265
-0.123859
-0.058985
0.043171
0.042767
0.069650
0.097444
-0.107833
-0.177129
0.044577
0.109786
0.014148
-0.073340
-0.096887
0.030080
0.160514
0.059151
-0.086315
-0.076637
0.001909
0.123827
0.130660
0.046258
0.071826
0.126725
0.100701
0.069490
0.017243
-0.021765
-0.004448
-0.067279
-0.059047
0.006544
0.011987
0.026969
0.002647
-0.001233
0.024341
0.025631
-0.014612
-0.042453
-0.030186
-0.026126
0.006438
0.002443
-0.034985
-0.032276
-0.013221
-0.008240
-0.023890
-0.026084
-0.021433
-0.012337
-0.008841
-0.014382
-0.014511
-0.017184
-0.011000
-0.008802
-0.022121
-0.028008
-0.023745
-0.025841
-0.025515
-0.020773
-0.015799
-0.013628
-0.019517
-0.024573
-0.019513
-0.016120
-0.022396
-0.024008
-0.019973
-0.022860
-0.031157
-0.032825
-0.032657
-0.026634
0.000391
0.007774
-0.034517
-0.076750
-0.091568
-0.093985
-0.020221
0.090416
0.082477
-0.019385
-0.099935
-0.101239
-0.044044
0.016337
0.009791
-0.078323
-0.113255
-0.011933
0.112844
0.065383
-0.114889
-0.111906
0.044066
0.040185
-0.031481
-0.035879
0.019910
0.239163
0.339757
0.098522
-0.031896
0.119072
0.181401
0.137228
0.053418
-0.095843
-0.126830
-0.085692
-0.112669
-0.098427
-0.067535
-0.069894
-0.021655
-0.014485
-0.034563
0.001054
-0.020678
-0.053368
0.006926
0.060143
0.097242
0.115472
0.035522
0.007246
0.059452
0.046094
0.042558
0.021282
-0.010618
0.001439
0.008325
0.001033
-0.004510
-0.006873
-0.029769
-0.003944
0.015320
-0.018606
-0.029096
-0.023456
-0.021494
-0.013510
-0.014736
-0.014643
-0.009535
-0.019178
-0.022960
-0.014189
-0.023481
-0.030645
-0.024970
-0.027023
-0.022115
-0.016883
-0.022872
-0.020565
-0.012798
-0.010371
-0.004108
-0.012813
-0.022668
-0.016907
-0.010186
-0.015391
-0.023372
-0.020050
-0.006294
0.002344
-0.012545
-0.029027
-0.008485
0.020403
-0.018080
-0.083653
-0.082489
-0.009677
0.057018
0.051502
-0.013608
-0.090142
-0.113451
-0.026772
0.056578
0.032339
0.011118
-0.015797
-0.015374
0.076016
0.029594
-0.119822
-0.101190
0.021299
0.054491
0.006355
-0.009174
0.039698
0.188988
0.239223
0.008705
-0.181023
-0.093549
0.114749
0.267463
0.190322
0.009634
-0.016943
-0.051193
-0.102209
-0.087674
-0.099050
-0.105049
-0.036739
0.065790
0.054911
-0.019601
-0.094213
-0.109190
-0.002513
0.065182
0.067111
0.015882
-0.058020
-0.083809
-0.071417
-0.045093
-0.013627
-0.047518
-0.106411
-0.061157
-0.021032
-0.024624
-0.020326
-0.032437
-0.021792
0.005113
0.010600
-0.000654
-0.016742
-0.014578
0.014616
0.014614
-0.007100
-0.010901
-0.015954
-0.011563
-0.005438
0.001477
0.002050
-0.011823
-0.012301
-0.005350
-0.000656
-0.001473
-0.010246
-0.015735
-0.008227
-0.000442
0.000422
-0.004165
-0.009870
-0.005034
0.000953
0.004471
-0.000697
-0.013287
-0.007992
0.015997
0.020679
-0.011356
-0.042628
-0.037504
-0.010787
0.012450
0.031054
0.031382
0.017681
-0.002967
-0.037842
-0.031934
0.037829
0.093620
0.076936
0.021914
-0.028823
-0.082647
-0.080135
0.028994
0.111935
0.078897
0.034648
0.017994
0.017692
0.057703
0.080061
0.037333
0.063086
0.179991
0.135796
0.008380
-0.024754
-0.113244
-0.183012
-0.050777
0.110776
0.041579
-0.069564
-0.032171
-0.022615
-0.037192
0.001476
0.000895
0.018539
0.058137
-0.006264
-0.045153
-0.023213
-0.033478
-0.082186
-0.111886
-0.037227
0.020220
0.023611
0.017357
0.028075
0.045501
0.023467
0.022672
-0.006135
-0.027290
-0.006992
-0.010141
-0.017831
-0.022478
-0.018016
-0.000002
-0.006383
-0.021273
-0.008769
-0.011880
-0.024080
-0.000628
0.003750
-0.004420
-0.010489
-0.013481
-0.012686
-0.016981
-0.012131
-0.011325
-0.013026
-0.012105
-0.009851
-0.011383
-0.005792
0.000844
-0.003675
-0.005863
-0.000175
0.002464
-0.005430
-0.013474
-0.012014
-0.012438
-0.008831
0.000445
0.001858
0.003112
0.009494
0.009668
-0.003332
-0.013868
-0.013278
-0.010766
-0.003438
0.007422
0.001367
-0.013337
-0.017731
-0.014420
-0.008211
-0.001548
-0.001088
-0.001878
-0.000625
-0.000721
0.001115
0.002039
0.002171
0.003156
0.002710
0.003052
0.003256
0.001649
-0.000190
0.000916
0.003076
0.003437
0.003378
0.001661
-0.001253
-0.000869
0.000924
0.002831
0.002149
-0.001076
-0.000130
0.000985
0.000551
0.001735
0.001795
0.001390
-0.000211
0.001352
0.002533
0.001044
0.001331
0.001703
0.001207
0.000601
0.000789
0.000562
0.001536
0.001568
0.001722
0.001571
0.001842
0.002108
0.001917
0.001813
0.002139
0.001360
0.000915
0.000858
0.001344
0.001618
0.001752
0.001333
0.000993
0.000915
0.001089
0.001293
0.001363
0.001219
0.001034
0.000819
0.000805
0.000896
0.001037
0.001007
0.000900
0.000767
0.000587
0.000514
0.000585
0.000668
0.000638
0.000545
0.000435
0.000339
0.000325
0.000361
0.000317
0.000163
0.000019
-0.000040
-0.000005
0.000162
0.000215
0.000120
-0.000036
-0.000162
-0.000185
-0.000076
0.000032
0.000055
-0.000019
-0.000136
-0.000077
-0.000017
-0.000019
-0.000057
-0.000045
-0.000151
-0.000109
-0.017540
0.011949
0.023243
0.022580
0.020407
-0.028421
-0.060673
0.010156
0.075962
0.026245
-0.063185
-0.072304
0.017597
0.116789
0.145409
0.092344
0.001643
-0.085890
-0.158137
-0.136325
-0.022965
0.072945
0.100575
0.036653
0.005347
0.089951
0.072442
-0.104050
-0.281966
-0.307444
0.013543
0.400174
0.256938
-0.109447
-0.152895
-0.058005
-0.196068
-0.370465
-0.202437
0.105069
0.125591
-0.084304
-0.128809
0.039136
0.223724
0.054485
-0.259176
-0.249329
-0.063985
0.091284
0.197429
0.279589
0.243372
0.062381
-0.006116
0.055377
0.084600
0.034813
0.045246
0.098422
0.031041
-0.113572
-0.156085
-0.102096
0.006520
0.043157
-0.011062
0.015640
0.049975
0.037407
0.012615
-0.010195
-0.029680
0.012956
0.010530
0.009525
0.027159
0.020712
0.025870
0.031481
0.006473
0.001118
0.013062
0.001457
0.004894
0.016549
0.023311
0.011758
-0.009401
-0.016578
0.008737
0.017550
0.011503
0.009015
0.006090
0.010834
0.012904
-0.002656
-0.013538
-0.009073
0.011365
0.016966
-0.014659
-0.034799
-0.013474
0.021162
0.029057
0.022557
0.034006
0.023696
-0.020640
-0.033075
-0.011727
0.011806
0.008847
0.028822
0.109939
0.077874
-0.089282
-0.091809
0.095112
0.136345
-0.014248
-0.092857
-0.018368
0.191864
0.287378
0.044638
-0.264415
-0.343547
-0.202781
-0.067181
-0.009468
0.228403
0.390911
0.073433
-0.292384
-0.200283
0.106182
0.039354
-0.326820
-0.471835
-0.129263
0.345784
0.488261
0.231140
-0.040644
0.054856
0.249939
0.208031
0.000259
-0.121068
-0.015420
0.141078
0.093260
-0.081968
-0.153538
-0.110144
-0.042042
0.001977
-0.014661
0.006793
0.120713
0.061310
-0.066179
-0.067899
-0.025262
-0.009268
-0.025563
-0.033213
-0.035028
0.003520
0.006303
0.004077
-0.014203
-0.034666
-0.019364
-0.036139
-0.040870
-0.021987
-0.002587
-0.006942
-0.033413
-0.051057
-0.020917
0.003946
-0.007969
-0.014733
-0.016124
-0.010376
-0.008084
-0.021155
-0.030899
-0.021395
-0.013881
-0.010731
-0.015717
-0.031809
-0.022612
0.006062
-0.000991
-0.044905
-0.063868
-0.027544
0.029290
0.036714
0.000761
-0.017087
-0.034838
-0.037367
-0.006871
-0.001581
-0.038315
-0.061959
0.013152
0.079599
0.021142
-0.020828
0.044994
0.144553
0.162275
0.107587
0.069390
-0.012653
-0.140208
-0.132497
0.039614
0.164055
0.003118
-0.315103
-0.382511
-0.102827
0.200294
0.201009
0.016192
-0.054902
-0.104170
-0.155955
-0.052820
-0.037540
-0.186649
-0.216304
-0.125017
-0.119517
-0.224262
-0.131473
0.163119
0.357017
0.319018
0.007745
-0.106347
0.123104
0.306294
0.210822
0.013253
-0.024584
-0.027584
-0.038388
-0.028693
0.100744
0.190423
0.157477
0.062421
-0.035133
-0.056830
-0.069229
-0.020776
-0.033334
-0.045403
-0.027769
-0.031512
-0.041025
-0.003330
0.031884
0.030151
0.023190
-0.005950
-0.012651
-0.001685
0.012600
0.001534
-0.010396
-0.016563
-0.021276
-0.016087
-0.008802
-0.000110
0.011886
0.009486
0.000577
-0.009167
-0.019741
-0.016110
0.000051
-0.005884
-0.022351
-0.016178
-0.001280
-0.003888
-0.006026
0.016212
0.002887
-0.034795
-0.028647
-0.013592
-0.002296
0.021619
0.015878
-0.015907
-0.029573
-0.028653
-0.031835
-0.045579
-0.035919
0.035055
0.029696
-0.018317
-0.013512
-0.095435
-0.137918
0.026269
0.099527
-0.098698
-0.334426
-0.292126
0.085394
0.345725
0.259593
0.021518
-0.114719
-0.127148
-0.123784
-0.046119
0.021783
-0.002628
-0.023446
-0.012512
-0.175000
-0.294200
-0.204919
-0.042617
0.087110
0.096158
0.101668
0.119792
0.085687
-0.070259
-0.114431
-0.025980
0.026054
-0.008417
-0.017090
0.052512
0.123707
0.082319
-0.051165
-0.032181
0.116880
0.125446
0.001388
-0.028656
-0.018972
0.065559
0.119806
0.091684
0.019098
0.002493
0.061373
0.102972
0.082760
0.028957
0.014317
0.017015
0.027471
0.004495
0.016642
0.026419
0.017093
0.022485
0.015660
0.019668
0.025207
0.009891
0.012753
0.024055
0.012254
0.018522
0.025995
0.016510
0.018008
0.013685
0.014895
0.016727
0.009705
0.014151
0.020462
0.004729
-0.010837
0.010574
0.028713
0.005801
-0.019805
0.008042
0.033231
0.005580
-0.018979
-0.017060
0.007318
0.058113
0.042999
-0.003252
0.007617
0.003388
-0.007696
-0.046051
-0.152101
-0.136725
-0.011486
0.095761
0.235193
0.225712
0.029637
-0.181773
-0.237772
-0.071550
0.056851
0.158816
0.291619
0.275375
0.264251
0.176564
-0.155305
-0.301912
-0.044598
0.318431
0.307050
-0.017729
-0.167520
-0.148510
0.019076
0.098496
-0.057213
-0.145787
-0.117377
-0.016911
0.100941
0.053898
0.012584
0.071178
0.080092
0.067367
-0.186133
-0.262769
0.007224
0.164109
0.135988
-0.099825
-0.211149
-0.093357
-0.040116
-0.032703
-0.016399
-0.034511
-0.081442
-0.121589
-0.098146
0.002952
0.019368
-0.019305
-0.048486
-0.022650
0.016214
-0.003625
0.004988
0.008991
-0.007661
-0.011381
-0.028643
-0.042962
-0.022310
-0.024825
0.000913
-0.005639
-0.037154
-0.029668
-0.022202
-0.011340
-0.004946
-0.017030
-0.010522
-0.009918
-0.024690
-0.016337
-0.010899
0.001431
0.002976
-0.016465
-0.034833
-0.043945
-0.023120
0.033708
0.046632
0.004540
-0.037741
-0.057593
-0.046917
-0.030320
-0.000370
0.029617
0.014577
0.000705
0.017165
0.004728
-0.002983
0.048996
0.077263
0.060645
-0.026716
-0.172472
-0.139343
0.097686
0.273604
0.206989
-0.023701
-0.108138
0.007270
0.052032
-0.115065
-0.333228
-0.182249
0.168042
0.264251
0.057037
-0.163479
-0.118904
-0.043631
-0.154152
-0.349792
-0.390218
-0.212961
0.036903
0.124052
0.084835
0.020435
-0.019090
0.060970
0.102579
-0.016178
-0.171504
-0.213088
-0.003198
0.241733
0.264499
0.166351
0.026675
0.001786
0.113970
0.143948
0.107146
0.066111
0.040112
0.076043
0.073857
0.031573
-0.047924
-0.083369
-0.024478
0.017269
0.021315
0.006021
-0.015696
-0.003401
-0.000552
-0.011282
-0.003146
-0.005577
0.019729
0.042213
0.024652
0.029159
0.026909
0.017991
0.025506
0.009079
0.003798
0.013313
0.008324
0.014604
0.018175
0.006177
-0.000335
-0.001768
0.008772
0.013552
0.007071
0.005374
0.004027
0.001160
-0.005268
-0.001508
0.009463
0.009599
0.008416
0.029213
0.047437
-0.003983
-0.086800
-0.077120
0.013994
0.076068
0.069582
-0.008637
-0.105447
-0.102485
-0.000517
0.091242
0.156225
0.147618
-0.042155
-0.188256
-0.103564
0.087114
0.124137
0.016602
0.077786
0.160428
0.032554
-0.141676
-0.243939
-0.191918
0.043927
0.076835
0.042459
0.170110
0.059388
-0.227930
-0.198057
0.124874
0.234469
-0.029274
-0.253990
-0.114468
0.190030
0.335436
0.024782
-0.278486
-0.137649
0.137370
0.280086
0.151910
0.059484
0.090841
0.197185
0.171347
-0.021007
-0.086950
-0.072481
-0.061360
-0.077893
-0.071196
-0.050567
0.067784
0.075925
-0.010423
0.008130
0.016812
-0.004796
-0.035269
-0.064801
-0.058405
-0.030010
-0.048766
-0.029548
-0.015184
-0.023988
-0.009138
-0.009752
-0.020293
-0.011578
0.002133
-0.021638
-0.038450
-0.047707
-0.038463
-0.013562
-0.017256
-0.038086
-0.033397
-0.016968
-0.010414
-0.012500
-0.024170
-0.026968
-0.019042
-0.023080
-0.033950
-0.032254
-0.028996
-0.026374
-0.027405
-0.020235
-0.004917
-0.015884
-0.037399
-0.040418
-0.040001
-0.018614
0.036206
0.010258
-0.076789
-0.118262
-0.142904
-0.099268
0.062340
0.203410
0.122946
-0.099211
-0.192597
-0.123697
0.001873
0.089301
-0.018501
-0.188070
-0.165300
0.088203
0.305713
0.048473
-0.263200
-0.106106
0.146562
0.129346
-0.027590
-0.126186
0.129252
0.580621
0.491272
-0.029997
-0.175402
0.180182
0.371953
0.175400
-0.137479
-0.305515
-0.268862
-0.116475
-0.118883
-0.182662
-0.140080
-0.085676
0.016562
0.061401
0.022369
-0.039997
-0.054278
-0.024972
0.022238
0.126682
0.156647
0.075061
0.064371
0.082420
0.095240
0.083582
0.024823
-0.009082
0.032031
-0.001294
-0.045698
-0.049434
-0.066701
-0.038304
-0.026499
-0.040741
-0.020366
0.003732
-0.028928
-0.013014
-0.013288
-0.037645
-0.039953
-0.028272
-0.024454
-0.025564
-0.032563
-0.037749
-0.010659
-0.013593
-0.026990
-0.018380
-0.015010
-0.025219
-0.019887
-0.013947
-0.007385
-0.003261
-0.014989
-0.022145
-0.009168
-0.000511
0.003567
-0.011763
-0.034133
-0.022184
0.008829
0.012724
-0.032902
-0.059286
0.006250
0.050899
-0.041402
-0.155130
-0.120278
0.059240
0.146524
0.077002
-0.063365
-0.214162
-0.140847
0.070898
0.114989
0.068992
-0.026970
-0.078639
0.064368
0.162525
-0.000743
-0.248842
-0.158837
0.134758
0.129330
0.002104
-0.051446
0.108710
0.461897
0.349588
-0.169630
-0.419454
-0.123861
0.396816
0.491342
0.130834
-0.155695
-0.153094
-0.067176
-0.086040
-0.172936
-0.208097
-0.170501
0.010141
0.218405
0.089265
-0.125667
-0.206131
-0.146674
0.068524
0.160918
0.035518
-0.093037
-0.082539
-0.066515
-0.071451
-0.077590
-0.079587
-0.108803
-0.089828
-0.024634
0.005389
0.007560
-0.043945
-0.024614
0.020393
-0.007877
-0.031093
-0.015578
0.013969
0.050682
0.039958
-0.011962
-0.012457
-0.007162
0.008027
0.019980
-0.001736
-0.009136
-0.001122
0.001162
-0.001344
-0.013032
-0.016561
-0.003872
-0.000369
0.004667
0.012258
0.012188
0.001527
-0.004279
0.001274
0.010684
0.012562
0.004070
-0.010901
-0.015285
0.008145
0.041822
0.026730
-0.045385
-0.079990
-0.042948
0.014673
0.048568
0.044421
0.034023
0.026822
-0.018836
-0.074060
-0.037775
0.094775
0.169199
0.086151
-0.017461
-0.097132
-0.169026
-0.075897
0.124795
0.195730
0.095348
0.003503
0.004484
0.052418
0.149861
0.101085
-0.029383
0.110122
0.271413
0.129703
-0.055939
-0.133453
-0.252726
-0.285985
0.024665
0.217181
-0.015351
-0.114315
-0.045871
-0.004157
0.026871
-0.028555
-0.041332
0.031835
0.082447
-0.023232
-0.116209
-0.034979
-0.024701
-0.147341
-0.160499
-0.013832
0.078540
0.101388
0.052820
0.069299
0.086565
0.008333
-0.041556
-0.048130
-0.026433
-0.031437
-0.032536
-0.029252
-0.017730
0.003424
0.014985
-0.010155
-0.015783
-0.017276
-0.014094
0.006110
-0.006299
-0.020836
-0.018682
-0.031027
-0.024462
-0.012438
-0.009212
0.006410
0.007762
0.004025
0.009007
-0.000792
-0.014696
-0.007377
-0.003629
-0.003366
-0.006767
-0.001987
0.003767
-0.003745
-0.010353
-0.008376
-0.007226
-0.003147
0.003525
0.006315
0.009573
0.015247
0.004239
-0.018911
-0.026388
-0.023071
-0.012663
0.008079
0.016228
-0.006525
-0.027683
-0.029027
-0.018779
-0.006236
0.000404
-0.001300
-0.004271
0.002448
0.006598
0.003720
0.005436
0.005298
0.003437
0.003375
0.004194
0.003573
0.003841
0.004020
0.003065
0.005115
0.005277
0.003280
0.001459
0.004138
0.005275
0.004056
0.003409
0.002811
0.001011
0.000045
0.000933
0.003369
0.002337
0.002624
0.003029
-0.001501
-0.000597
0.002324
0.001959
0.002496
0.003030
0.001377
-0.001879
0.001308
0.003085
0.000144
0.000344
0.000573
0.000762
0.000938
0.001936
0.001687
0.002549
0.001506
0.001334
0.001253
0.002199
0.002512
0.001697
0.000593
0.000463
-0.000113
0.000153
0.000271
0.000890
0.001060
0.000944
0.000571
0.000634
0.000777
0.000826
0.000946
0.000884
0.000470
0.000201
0.000266
0.000505
0.000592
0.000513
0.000270
0.000074
0.000155
0.000384
0.000523
0.000482
0.000278
0.000006
-0.000196
-0.000054
0.000211
0.000383
0.000418
0.000215
-0.000133
-0.000187
0.000094
0.000268
0.000282
0.000166
-0.000041
-0.000182
-0.000119
0.000012
-0.000056
-0.000208
-0.000278
-0.000402
-0.000474
-0.000200
-0.000096
-0.000205
-0.000257
-0.000240
-0.000384
-0.000216