0.393892
0.393945
0.383776
0.364332
0.336200
0.300210
0.258089
0.212851
0.168701
0.130392
0.102237
0.087085
0.085615
0.096210
0.115445
0.139041
0.162949
0.184206
0.201296
0.213937
0.222449
0.226988
0.226992
0.221072
0.207424
0.184578
0.152217
0.111692
0.066031
0.019371
-0.023996
-0.060651
-0.088800
-0.108481
-0.121185
-0.129040
-0.133874
-0.136518
-0.136597
-0.132872
-0.123988
-0.109327
-0.089600
-0.066964
-0.044580
-0.025781
-0.013163
-0.007918
-0.009689
-0.016961
-0.027863
-0.041042
-0.056280
-0.074602
-0.097827
-0.127724
-0.165085
-0.209087
-0.257165
-0.305483
-0.349832
-0.386634
-0.413716
-0.430583
-0.438130
-0.437935
-0.431437
-0.419343
-0.401484
-0.377193
-0.346040
-0.308607
-0.266981
-0.224715
-0.186213
-0.155734
-0.136312
-0.128977
-0.132535
-0.143955
-0.159233
-0.174408
-0.186368
-0.193213
-0.194071
-0.188529
-0.175961
-0.155088
-0.123983
-0.080591
-0.023566
0.046864
0.128363
0.216523
0.305506
0.389121
0.462006
0.520540
0.563223
0.590440
0.603770
0.605118
0.596035
0.577467
0.550002
0.514468
0.472590
0.427385
0.383056
0.344356
0.315599
0.299634
0.297142
0.306505
0.324301
0.346252
0.368311
0.387516
0.402353
0.412543
0.418408
0.420107
0.417079
0.407941
0.390889
0.364460
0.328337
0.283877
0.234110
0.183178
0.135379
0.094134
0.061242
0.036670
0.018931
0.005904
-0.004236
-0.012314
-0.017949
-0.019897
-0.016798
-0.008028
0.005709
0.022260
0.038472
0.051015
0.057303
0.056148
0.047914
0.034122
0.016649
-0.003144
-0.025034
-0.050038
-0.079971
-0.116591
-0.160689
-0.211430
-0.266245
-0.321292
-0.372354
-0.415846
-0.449590
-0.473085
-0.487216
-0.493556
-0.493540
-0.487866
-0.476359
-0.458347
-0.433392
-0.402071
-0.366466
-0.330120
-0.297437
-0.272665
-0.258835
-0.256973
-0.265876
-0.282509
-0.302865
-0.322974
-0.339723
-0.351206
-0.356545
-0.355323
-0.346912
-0.330026
-0.302737
-0.262983
-0.209417
-0.142262
-0.063852
0.021409
0.107686
0.188790
0.259362
0.315782
0.356553
0.382064
0.363471
0.307391
0.249001
0.192182
0.141885
0.103228
0.080253
0.074772
0.085727
0.109326
0.139930
0.171418
0.198577
0.218075
0.228719
0.230990
0.226103
0.214993
0.197662
0.173147
0.140099
0.097752
0.046842
-0.009912
-0.068020
-0.122101
-0.167152
-0.199781
-0.218960
-0.226042
-0.224048
-0.216488
-0.206160
-0.194355
-0.180751
-0.163994
-0.142726
-0.116621
-0.087028
-0.056939
-0.030292
-0.010863
-0.001168
-0.001787
-0.011376
-0.027349
-0.046979
-0.068481
-0.091656
-0.117854
-0.149241
-0.187665
-0.233541
-0.285187
-0.338882
-0.389645
-0.432459
-0.463520
-0.481075
-0.485556
-0.479027
-0.464170
-0.443237
-0.417370
-0.386563
-0.350252
-0.308271
-0.261771
-0.213675
-0.168446
-0.131160
-0.106196
-0.095973
-0.100172
-0.115730
-0.137590
-0.159960
-0.177633
-0.186937
-0.186028
-0.174501
-0.152571
-0.120206
-0.076627
-0.020423
0.049745
0.134102
0.230814
0.335543
0.441755
0.541748
0.628111
0.695167
0.739941
0.762372
0.764751
0.750643
0.723705
0.686853
0.642019
0.590559
0.534029
0.474965
0.417250
0.365835
0.325838
0.301304
0.294045
0.303007
0.324397
0.352581
0.381438
0.405760
0.422216
0.429616
0.428446
0.419922
0.404984
0.383638
0.354923
0.317497
0.270597
0.214963
0.153319
0.090160
0.030872
-0.019537
-0.057670
-0.082493
-0.095353
-0.099267
-0.097738
-0.093558
-0.088012
-0.080772
-0.070478
-0.055765
-0.036301
-0.013428
0.009868
0.029657
0.042167
0.044892
0.037257
0.020615
-0.002444
-0.029184
-0.057814
-0.088128
-0.121467
-0.159993
-0.205545
-0.258531
-0.317262
-0.378011
-0.435789
-0.485572
-0.523551
-0.547963
-0.559236
-0.559426
-0.551210
-0.536830
-0.517425
-0.492981
-0.462928
-0.427094
-0.386622
-0.344433
-0.304981
-0.273337
-0.253875
-0.249008
-0.258413
-0.279020
-0.305768
-0.332860
-0.355085
-0.368765
-0.372052
-0.364539
-0.346435
-0.317704
-0.277564
-0.224601
-0.157473
-0.075951
0.018133
0.120444
0.224451
0.322452
0.407040
0.472540
0.515977
0.537292
0.538777
0.523998
0.496614
0.459538
0.414706