0.295411
0.126622
0.003764
-0.018651
0.075121
0.256012
0.461223
0.618183
0.672246
0.607543
0.453025
0.271389
0.135114
0.098763
0.178135
0.344220
0.534278
0.675795
0.714188
0.633649
0.463193
0.265579
0.113348
0.061128
0.124778
0.275353
0.450172
0.576782
0.600659
0.506052
0.322032
0.111411
-0.053219
-0.117181
-0.064568
0.075716
0.241032
0.358965
0.375024
0.273490
0.083461
-0.132229
-0.300965
-0.368056
-0.317581
-0.178437
-0.013258
0.105542
0.123467
0.024793
-0.161396
-0.372277
-0.535259
-0.595670
-0.537618
-0.390028
-0.215568
-0.086689
-0.057925
-0.145045
-0.319009
-0.517045
-0.666609
-0.713084
-0.640632
-0.478236
-0.288622
-0.144300
-0.099867
-0.171152
-0.329177
-0.511235
-0.644843
-0.675449
-0.587276
-0.409369
-0.204516
-0.045288
0.013662
-0.043555
-0.188016
-0.357066
-0.478276
-0.497140
-0.397929
-0.209732
0.004624
0.172530
0.239297
0.189007
0.050555
-0.113427
-0.230530
-0.246265
-0.144916
0.044421
0.258914
0.425953
0.490854
0.437704
0.295411
0.126622
0.003764
-0.018651
0.075121
0.256012
0.461223
0.618183
0.672246
0.607543
0.453025
0.271389
0.135114
0.098763
0.178135
0.344220
0.534278
0.675795
0.714188
0.633649
0.463193
0.265579
0.113348
0.061128
0.124778
0.275353
0.450172
0.576782
0.600659
0.506052
0.322032
0.111411
-0.053219
-0.117181
-0.064568
0.075716
0.241032
0.358965
0.375024
0.273490
0.083461
-0.132229
-0.300965
-0.368056
-0.317581
-0.178437
-0.013258
0.105542
0.123467
0.024793
-0.161396
-0.372277
-0.535259
-0.595670
-0.537618
-0.390028
-0.215568
-0.086689
-0.057925
-0.145045
-0.319009
-0.517045
-0.666609
-0.713084
-0.640632
-0.478236
-0.288622
-0.144300
-0.099867
-0.171152
-0.329177
-0.511235
-0.644843
-0.675449
-0.587276
-0.409369
-0.204516
-0.045288
0.013662
-0.043555
-0.188016
-0.357066
-0.478276
-0.497140
-0.397929
-0.209732
0.004624
0.172530
0.239297
0.189007
0.050555
-0.113427
-0.230530
-0.246265
-0.144916
0.044421
0.258914
0.425953
0.490854
0.437704
0.470536
0.709376
0.840058
0.816335
0.650277
0.407655
0.182807
0.062594
0.093226
0.262602
0.504939
0.725901
0.838641
0.796981
0.613063
0.352727
0.110382
-0.027042
-0.013268
0.139671
0.366056
0.571615
0.669560
0.613772
0.416449
0.143485
-0.110663
-0.259017
-0.255258
-0.111379
0.106937
0.305449
0.397398
0.336688
0.135537
-0.140147
-0.395896
-0.544725
-0.540313
-0.394657
-0.173445
0.029070
0.126112
0.071565
-0.122376
-0.389832
-0.636368
-0.775035
-0.759552
-0.601959
-0.367992
-0.151956
-0.040677
-0.080328
-0.258775
-0.510199
-0.740227
-0.861976
-0.829232
-0.654103
-0.402395
-0.168481
-0.039260
-0.060975
-0.221561
-0.455271
-0.667802
-0.772340
-0.722739
-0.531173
-0.263513
-0.014195
0.129821
0.122234
-0.024948
-0.246029
-0.446757
-0.540364
-0.480748
-0.280122
-0.004394
0.251971
0.401983
0.399318
0.255965
0.037604
-0.161524
-0.254656
-0.195693
0.003155
0.275988
0.528350
0.673270
0.664441
0.513878
0.287289
0.078948
-0.024347
0.023545
0.210457
0.470536
0.709376
0.840058
0.816335
0.650277
0.407655
0.182807
0.062594
0.093226
0.262602
0.504939
0.725901
0.838641
0.796981
0.613063
0.352727
0.110382
-0.027042
-0.013268
0.139671
0.366056
0.571615
0.669560
0.613772
0.416449
0.143485
-0.110663
-0.259017
-0.255258
-0.111379
0.106937
0.305449
0.397398
0.336688
0.135537
-0.140147
-0.395896
-0.544725
-0.540313
-0.394657
-0.173445
0.029070
0.126112
0.071565
-0.122376
-0.389832
-0.636368
-0.775035
-0.759552
-0.601959
-0.367992
-0.151956
-0.040677
-0.080328
-0.258775
-0.510199
-0.740227
-0.861976
-0.829232
-0.654103
-0.402395
-0.168481
-0.039260
-0.060975
-0.221561
-0.455271
-0.667802
-0.772340
-0.722739
-0.531173
-0.263513
-0.014195
0.129821
0.122234
-0.024948
-0.246029
-0.446757
-0.540364
-0.480748
-0.280122
-0.004394
0.251971
0.401983
0.399318
0.255965
0.037604
-0.161524
-0.254656
-0.195693
0.003155
0.275988
0.528350
0.673270
0.664441
0.513878
0.287289
0.078948
-0.024347
0.023545
0.210457