0.046302
-0.146869
-0.190749
-0.060769
0.200832
0.501113
0.731903
0.811092
0.713973
0.482654
0.209959
0.003949
-0.053365
0.062639
0.309777
0.595165
0.810691
0.874304
0.761361
0.514031
0.225200
0.002994
-0.070511
0.029369
0.260514
0.530103
0.730087
0.778477
0.650688
0.388950
0.086204
-0.149368
-0.235639
-0.147873
0.071858
0.330778
0.520879
0.560212
0.424227
0.155187
-0.153938
-0.394942
-0.485675
-0.401385
-0.184129
0.073326
0.262978
0.302880
0.168480
-0.097967
-0.403500
-0.639926
-0.725115
-0.634334
-0.409670
-0.143916
0.054893
0.104772
-0.018869
-0.273817
-0.567157
-0.790744
-0.862499
-0.757743
-0.518615
-0.237968
-0.023896
0.041559
-0.066257
-0.305193
-0.582398
-0.789789
-0.845352
-0.724472
-0.469351
-0.172906
0.056708
0.137387
0.044416
-0.180112
-0.443401
-0.637427
-0.680225
-0.547231
-0.280696
0.026419
0.265916
0.355651
0.270876
0.053650
-0.203259
-0.391853
-0.430188
-0.293719
-0.024709
0.283871
0.523817
0.612984
0.526624
0.306805
0.046302
-0.146869
-0.190749
-0.060769
0.200832
0.501113
0.731903
0.811092
0.713973
0.482654
0.209959
0.003949
-0.053365
0.062639
0.309777
0.595165
0.810691
0.874304
0.761361
0.514031
0.225200
0.002994
-0.070511
0.029369
0.260514
0.530103
0.730087
0.778477
0.650688
0.388950
0.086204
-0.149368
-0.235639
-0.147873
0.071858
0.330778
0.520879
0.560212
0.424227
0.155187
-0.153938
-0.394942
-0.485675
-0.401385
-0.184129
0.073326
0.262978
0.302880
0.168480
-0.097967
-0.403500
-0.639926
-0.725115
-0.634334
-0.409670
-0.143916
0.054893
0.104772
-0.018869
-0.273817
-0.567157
-0.790744
-0.862499
-0.757743
-0.518615
-0.237968
-0.023896
0.041559
-0.066257
-0.305193
-0.582398
-0.789789
-0.845352
-0.724472
-0.469351
-0.172906
0.056708
0.137387
0.044416
-0.180112
-0.443401
-0.637427
-0.680225
-0.547231
-0.280696
0.026419
0.265916
0.355651
0.270876
0.053650
-0.203259
-0.391853
-0.430188
-0.293719
-0.024709
0.283871
0.523817
0.612984
0.526624
0.306805
1.086714
1.159711
0.963548
0.575478
0.145363
-0.161578
-0.227879
-0.028697
0.358702
0.784460
1.083374
1.138010
0.923571
0.517383
0.069379
-0.255150
-0.338670
-0.156270
0.214850
0.624897
0.908729
0.948973
0.720888
0.301855
-0.158144
-0.493771
-0.587448
-0.414221
-0.051257
0.351684
0.629489
0.664808
0.432919
0.011217
-0.450302
-0.786297
-0.879186
-0.704021
-0.337975
0.069180
0.352313
0.394054
0.169656
-0.243515
-0.695499
-1.020991
-1.102451
-0.914976
-0.535787
-0.114709
0.183074
0.240132
0.031658
-0.365044
-0.800079
-1.108210
-1.171964
-0.966509
-0.569136
-0.129743
0.186414
0.261833
0.071635
-0.306949
-0.724096
-1.014637
-1.061172
-0.838935
-0.425284
0.029820
0.361058
0.450870
0.274317
-0.091421
-0.496572
-0.776016
-0.812395
-0.580984
-0.159177
0.303033
0.640299
0.735035
0.562287
0.199216
-0.204414
-0.483491
-0.520657
-0.291184
0.127541
0.585537
0.917474
1.005789
0.825550
0.453949
0.040783
-0.248796
-0.297392
-0.080229
0.325353
0.769426
1.086714
1.159711
0.963548
0.575478
0.145363
-0.161578
-0.227879
-0.028697
0.358702
0.784460
1.083374
1.138010
0.923571
0.517383
0.069379
-0.255150
-0.338670
-0.156270
0.214850
0.624897
0.908729
0.948973
0.720888
0.301855
-0.158144
-0.493771
-0.587448
-0.414221
-0.051257
0.351684
0.629489
0.664808
0.432919
0.011217
-0.450302
-0.786297
-0.879186
-0.704021
-0.337975
0.069180
0.352313
0.394054
0.169656
-0.243515
-0.695499
-1.020991
-1.102451
-0.914976
-0.535787
-0.114709
0.183074
0.240132
0.031658
-0.365044
-0.800079
-1.108210
-1.171964
-0.966509
-0.569136
-0.129743
0.186414
0.261833
0.071635
-0.306949
-0.724096
-1.014637
-1.061172
-0.838935
-0.425284
0.029820
0.361058
0.450870
0.274317
-0.091421
-0.496572
-0.776016
-0.812395
-0.580984
-0.159177
0.303033
0.640299
0.735035
0.562287
0.199216
-0.204414
-0.483491
-0.520657
-0.291184
0.127541
0.585537
0.917474
1.005789
0.825550
0.453949
0.040783
-0.248796
-0.297392
-0.080229
0.325353
0.769426