-0.022707
-0.027137
-0.019139
-0.008695
-0.009617
-0.013243
-0.018571
-0.025070
-0.028641
-0.014269
0.001222
0.006200
0.003817
-0.013355
-0.036726
-0.025401
0.022594
0.018713
-0.026776
-0.036398
-0.010254
0.035314
0.072358
0.074309
0.037160
-0.016089
-0.075533
-0.092171
-0.040999
0.019117
0.050669
0.047238
0.022727
0.031959
0.056947
-0.021977
-0.128416
-0.154389
-0.070543
0.138539
0.199986
0.018646
-0.055506
-0.005618
-0.110263
-0.214556
-0.134297
-0.021552
0.044467
-0.028937
-0.090760
0.006402
0.062111
0.012905
-0.066123
-0.143965
-0.102167
-0.005250
0.023752
0.116702
0.162440
0.066438
0.043203
0.051133
0.006193
0.026725
0.062383
0.043353
0.049306
-0.010013
-0.079686
-0.045199
-0.031747
0.004081
0.019714
-0.008459
0.019588
0.022423
-0.011396
-0.007121
0.006400
0.025603
0.028731
0.007989
0.004334
0.021370
0.016963
-0.004620
0.000253
0.006099
0.006932
0.006299
0.000165
0.013111
0.023623
0.025407
0.017402
0.005591
0.006080
0.005119
0.007476
0.008794
0.007460
0.007129
0.012266
0.012649
0.007132
0.007000
0.013498
0.016151
0.002299
-0.013400
-0.008795
0.005718
0.009157
0.017546
0.025244
0.020040
-0.002586
-0.018276
-0.006418
0.003054
0.002123
0.012460
0.044053
0.052638
-0.016834
-0.058492
0.017929
0.072972
0.014725
-0.029847
0.007895
0.063140
0.133042
0.103499
-0.068986
-0.157738
-0.146217
-0.111593
-0.030801
0.072585
0.194124
0.147858
-0.097777
-0.145377
0.018887
0.011801
-0.135456
-0.220545
-0.155116
0.063818
0.205443
0.140850
0.066540
0.044071
0.073218
0.143533
0.070584
-0.028025
0.013217
0.070878
0.086451
0.029761
-0.043718
-0.038036
-0.048113
-0.074849
-0.016954
0.020203
0.020170
0.035880
-0.002613
-0.019792
0.027671
0.023879
0.004060
-0.011126
-0.045566
-0.012504
0.010470
-0.028473
-0.048805
-0.025101
0.007077
-0.005500
-0.022505
-0.020098
0.000025
-0.000800
-0.007750
-0.014446
-0.039480
-0.023824
-0.011354
-0.013337
-0.014626
-0.015018
-0.004976
-0.009075
-0.017027
-0.017649
-0.005360
-0.007741
-0.019615
-0.022781
-0.020582
-0.010804
-0.005501
-0.020619
-0.040820
-0.028946
-0.004098
0.008659
0.001440
-0.010478
-0.018507
-0.031730
-0.026395
-0.010589
-0.024115
-0.043620
-0.021683
0.017834
0.012516
-0.018452
0.006331
0.059804
0.078545
0.077862
0.071273
0.036988
-0.042794
-0.078536
-0.002444
0.081534
0.040118
-0.107784
-0.202011
-0.137668
0.009902
0.085546
0.061764
0.012873
-0.023755
-0.078281
-0.070232
-0.009673
-0.075322
-0.127377
-0.083905
-0.095195
-0.163246
-0.147409
-0.016867
0.103705
0.154998
0.076399
-0.013950
0.023924
0.114271
0.127926
0.090474
0.059439
0.019190
-0.020151
-0.050540
0.017056
0.086320
0.100720
0.076362
-0.001629
-0.012044
-0.008847
-0.001268
-0.006145
-0.000149
0.021168
0.002098
-0.015669
-0.035056
-0.018994
-0.000980
0.007514
0.006923
-0.004952
-0.008825
-0.003464
0.019020
0.014731
0.008465
-0.000744
-0.010688
-0.010036
-0.012884
-0.010955
-0.004954
0.004958
-0.000409
-0.002566
-0.001748
0.005158
0.009064
0.002030
-0.003690
-0.003637
-0.001807
-0.010112
0.000761
0.008515
-0.009677
-0.017935
-0.003995
-0.002881
0.000641
0.018662
0.002946
-0.015217
-0.016022
-0.027021
-0.034237
-0.028432
-0.007079
0.021203
0.008721
-0.023974
-0.028739
-0.075591
-0.049488
0.050506
-0.026981
-0.167790
-0.175551
-0.071526
0.091663
0.157303
0.052333
-0.006796
-0.044607
-0.118714
-0.067139
0.012205
0.005130
-0.000103
0.001892
-0.074475
-0.164335
-0.178057
-0.100135
-0.005611
0.010532
0.050789
0.087055
0.041303
-0.037726
-0.069147
-0.004486
0.031739
-0.001553
-0.008467
0.012668
0.023669
0.026325
-0.009890
-0.022289
0.026727
0.053863
0.050282
0.006519
-0.025170
0.022239
0.064806
0.069149
0.045874
0.019882
0.030185
0.046305
0.028347
0.032646
0.043176
0.009538
0.023912
0.041759
0.023188
0.032735
0.027585
0.015553
0.017568
0.015265
0.023398
0.025791
0.013496
0.012179
0.023566
0.027785
0.029152
0.022282
0.022581
0.024867
0.021083
0.018162
0.010204
0.012712
0.019396
0.021711
0.013928
0.014049
0.024288
0.018698
0.002420
0.007188
0.023316
0.012422
-0.003053
-0.001424
0.005256
0.022090
0.037777
0.019863
0.007180
0.019144
0.001140
-0.021697
-0.052196
-0.095661
-0.044779
0.034835
0.076699
0.137823
0.083433
-0.073413
-0.118549
-0.096884
-0.031413
0.068679
0.133393
0.183812
0.178544
0.122766
0.008368
-0.127642
-0.084223
0.124756
0.198398
0.082596
-0.009238
-0.055750
-0.054682
0.023131
0.021972
-0.043558
-0.026154
-0.037238
-0.019462
0.051447
0.008317
0.041980
0.087576
0.052542
-0.019256
-0.117963
-0.056276
0.053174
0.040621
-0.006125
-0.037411
-0.060462
-0.058920
-0.049994
-0.022521
-0.000153
-0.024929
-0.066833
-0.085695
-0.033552
-0.010831
-0.000151
-0.011305
-0.053060
-0.008733
-0.005816
-0.009500
-0.004574
-0.026250
-0.001170
-0.005708
-0.030488
-0.025139
-0.028348
-0.023163
-0.007041
-0.014027
-0.023849
-0.033634
-0.036025
-0.017042
-0.012162
-0.016385
-0.014415
-0.018470
-0.023316
-0.018678
-0.014812
-0.009156
-0.011621
-0.027213
-0.034354
-0.029512
-0.005397
0.013588
0.006026
-0.012718
-0.028530
-0.039030
-0.035950
-0.018763
0.000698
0.009429
-0.001471
-0.000783
0.001378
-0.009201
0.007687
0.045649
0.041483
0.005823
-0.049499
-0.097973
-0.005788
0.121056
0.127896
0.067251
-0.008009
-0.017014
0.020028
-0.035766
-0.140614
-0.113747
0.031984
0.121239
0.076563
-0.023335
-0.053640
-0.040554
-0.090987
-0.180163
-0.201613
-0.176395
-0.085437
0.007475
0.014150
0.020884
0.001553
-0.014742
0.015437
-0.004514
-0.085506
-0.112742
-0.057172
0.029096
0.125308
0.130473
0.063127
0.019934
0.009643
0.043873
0.068168
0.058133
0.047908
0.054339
0.053865
0.060239
0.046011
-0.012848
-0.026407
-0.000518
0.003844
0.015501
-0.004302
-0.033604
-0.007702
0.002558
0.014781
0.028975
0.019048
0.022973
0.016523
0.020046
0.021260
0.004596
0.002879
0.003577
0.012876
0.019984
0.015991
0.014868
0.015102
0.018569
0.020348
0.011412
0.007339
0.009944
0.009739
0.013442
0.014310
0.010362
0.008886
0.012929
0.015284
0.016949
0.014512
0.018498
0.029245
0.015144
-0.026617
-0.043733
-0.002991
0.031054
0.038093
0.021360
-0.031135
-0.062498
-0.032175
0.021100
0.064085
0.090760
0.032234
-0.077187
-0.081006
0.000451
0.045148
0.040067
0.046369
0.094453
0.062675
-0.066904
-0.117676
-0.114585
-0.063902
0.036490
0.041337
0.057599
0.097676
-0.087882
-0.174553
0.034149
0.099293
0.014342
-0.053402
-0.087683
0.013530
0.146632
0.062421
-0.075395
-0.071663
-0.007372
0.109788
0.117931
0.048500
0.081759
0.111882
0.097420
0.080838
0.011917
-0.008276
0.002873
-0.080095
-0.040701
0.010864
-0.005595
0.025380
0.011251
0.002997
0.021404
0.031651
-0.014218
-0.036676
-0.023729
-0.019613
0.011773
-0.008562
-0.035644
-0.029021
-0.011917
-0.011077
-0.023611
-0.023084
-0.015693
-0.005871
-0.009156
-0.016082
-0.021863
-0.015251
-0.007472
-0.010568
-0.025512
-0.029979
-0.021953
-0.023338
-0.024804
-0.024332
-0.013104
-0.011461
-0.017929
-0.023268
-0.020630
-0.017014
-0.025226
-0.023949
-0.020382
-0.021351
-0.028903
-0.034205
-0.031650
-0.025766
-0.002037
0.006909
-0.032786
-0.072768
-0.082151
-0.090541
-0.031697
0.074650
0.077940
-0.009713
-0.087590
-0.094717
-0.048700
0.006953
0.010195
-0.065648
-0.106354
-0.022590
0.092367
0.066229
-0.095862
-0.111929
0.030954
0.037384
-0.032246
-0.033877
0.019640
0.202071
0.311790
0.118417
-0.021272
0.108132
0.167909
0.134116
0.073062
-0.071353
-0.110627
-0.083189
-0.112476
-0.093215
-0.058302
-0.065395
-0.032462
-0.022048
-0.017455
0.010180
-0.030522
-0.043591
0.008596
0.041366
0.099462
0.112395
0.013121
0.013872
0.065528
0.038839
0.044373
0.019503
-0.009560
0.007818
0.018227
0.001576
-0.010619
-0.010155
-0.027741
0.002182
0.008195
-0.023952
-0.024278
-0.019342
-0.014829
-0.010916
-0.015313
-0.012747
-0.005543
-0.018208
-0.020140
-0.014218
-0.026450
-0.030009
-0.021398
-0.023847
-0.023892
-0.017465
-0.024146
-0.021035
-0.014616
-0.008385
-0.005780
-0.020483
-0.022442
-0.014154
-0.010502
-0.019710
-0.024084
-0.017407
-0.003950
0.001914
-0.013737
-0.027298
-0.011781
0.018193
-0.011946
-0.076389
-0.079014
-0.014757
0.048401
0.048703
-0.009925
-0.076986
-0.106974
-0.037204
0.050279
0.028996
0.012191
-0.007352
-0.017901
0.065167
0.032745
-0.101654
-0.098622
0.011839
0.046346
0.003244
-0.003601
0.030074
0.161297
0.227721
0.028840
-0.155358
-0.092225
0.093102
0.236167
0.187479
0.038969
-0.012602
-0.049295
-0.090622
-0.091000
-0.080376
-0.090283
-0.049815
0.055114
0.058214
-0.003102
-0.091182
-0.105548
-0.004353
0.048939
0.074036
0.027217
-0.061781
-0.076841
-0.060623
-0.046593
-0.013402
-0.055426
-0.107119
-0.048358
-0.026055
-0.025146
-0.017338
-0.042213
-0.024705
0.012207
0.009031
-0.012977
-0.022454
-0.011764
0.017606
0.009104
-0.009260
-0.013657
-0.017510
-0.006518
-0.006159
-0.000380
-0.000467
-0.011381
-0.011377
-0.000320
-0.001041
-0.010241
-0.012481
-0.016172
-0.005616
0.000236
-0.001222
-0.004359
-0.009223
-0.003084
0.002024
0.000467
-0.005849
-0.009368
-0.001941
0.015674
0.017376
-0.010567
-0.039615
-0.035539
-0.009260
0.009831
0.025513
0.030472
0.020306
-0.000361
-0.034093
-0.032652
0.030391
0.086795
0.077077
0.027375
-0.022787
-0.072949
-0.077774
0.017185
0.101404
0.076786
0.036403
0.021981
0.016688
0.047585
0.077651
0.042850
0.055940
0.168678
0.135883
0.016624
-0.015534
-0.097362
-0.168425
-0.062900
0.097676
0.046341
-0.062407
-0.025517
-0.024128
-0.040294
0.006171
0.001641
0.013401
0.058136
0.003664
-0.042902
-0.023006
-0.029005
-0.087807
-0.103113
-0.032279
0.002398
0.021068
0.021719
0.022328
0.036500
0.033161
0.029550
-0.024003
-0.018283
0.007030
-0.023493
-0.022295
-0.017021
-0.022193
-0.002812
-0.002550
-0.021020
-0.006899
-0.013286
-0.020054
0.001467
0.002736
-0.001444
-0.012428
-0.013631
-0.012681
-0.019763
-0.018831
-0.010780
-0.008197
-0.010715
-0.008539
-0.009118
-0.005811
-0.004821
-0.003351
-0.003601
-0.002660
0.001030
-0.003648
-0.013198
-0.014942
-0.010122
-0.009500
-0.003110
0.004080
0.005957
0.009658
0.008450
-0.002601
-0.013096
-0.013195
-0.009685
-0.003868
0.005817
0.003054
-0.009781
-0.016280
-0.015809
-0.009059
-0.000130
-0.000225
-0.002143
-0.000012
-0.000051
-0.000875
0.000668
0.002013
0.002838
0.002972
0.002899
0.002808
0.000671
-0.000377
0.000450
0.001883
0.004032
0.004104
-0.000159
-0.001067
-0.000357
-0.000508
0.001748
0.001359
0.000056
0.000816
0.000665
0.000601
0.001684
0.001652
0.000441
0.001235
0.002277
0.001696
0.001298
0.001407
0.001485
0.000832
0.000554
0.000694
0.001531
0.001781
0.001924
0.001736
0.001614
0.001290
0.001488
0.001865
0.001964
0.001805
0.001483
0.000973
0.000925
0.001377
0.001769
0.001721
0.001532
0.001209
0.000929
0.000859
0.001129
0.001343
0.001346
0.001196
0.000947
0.000779
0.000802
0.000981
0.001040
0.000876
0.000710
0.000660
0.000599
0.000588
0.000621
0.000593
0.000500
0.000416
0.000349
0.000305
0.000325
0.000294
0.000142
-0.000019
-0.000080
-0.000051
0.000082
0.000217
0.000135
-0.000083
-0.000206
-0.000240
-0.000147
0.000024
0.000099
0.000040
-0.000010
-0.000068
-0.000103
-0.000074
-0.000032
-0.000047
-0.000030
0.013299
0.031884
0.027660
0.021220
-0.019970
-0.062995
0.003939
0.077042
0.034421
-0.051253
-0.081220
0.000357
0.111943
0.151157
0.106709
0.014538
-0.077132
-0.157202
-0.149777
-0.043932
0.062933
0.107021
0.049629
-0.001678
0.089118
0.091651
-0.086704
-0.268082
-0.342812
-0.054813
0.401525
0.302126
-0.080087
-0.153310
-0.084627
-0.172831
-0.356622
-0.270417
0.068811
0.154357
-0.066514
-0.122182
0.006440
0.212929
0.129158
-0.244556
-0.288531
-0.079860
0.076151
0.196675
0.283328
0.269949
0.097115
0.006419
0.053454
0.069440
0.046643
0.035893
0.076456
0.062760
-0.096302
-0.178294
-0.104820
-0.006846
0.040836
0.000420
-0.007555
0.046420
0.058123
-0.005767
0.004404
-0.008784
-0.003291
0.020977
0.008270
0.010340
0.020345
0.019180
0.034269
0.028820
-0.004526
0.017007
0.020645
0.005418
0.008670
0.017269
0.002909
-0.004659
-0.014883
-0.001362
0.022369
0.020346
0.008790
0.002879
0.004910
0.009660
-0.005065
-0.015604
-0.007813
0.008301
0.016214
-0.010723
-0.029884
-0.015879
0.014297
0.030481
0.027048
0.035666
0.030420
-0.019749
-0.036572
-0.017258
0.005414
0.010200
0.022019
0.106567
0.100936
-0.074368
-0.106866
0.074123
0.142580
0.009992
-0.087568
-0.046782
0.166788
0.315339
0.087244
-0.242215
-0.363517
-0.250358
-0.073811
-0.027086
0.190912
0.424924
0.129231
-0.272551
-0.228561
0.066174
0.071519
-0.279192
-0.506858
-0.209717
0.317965
0.521559
0.301963
-0.020654
0.016506
0.251007
0.249059
0.026638
-0.139777
-0.046503
0.133254
0.111609
-0.051284
-0.170150
-0.138486
-0.050825
-0.015622
-0.003386
0.002519
0.099518
0.093978
-0.046160
-0.085280
-0.019209
-0.001261
-0.043620
-0.046077
-0.051444
0.003050
0.026144
-0.004424
-0.001368
-0.021049
-0.028683
-0.026276
-0.037464
-0.042724
-0.019177
-0.008952
-0.016897
-0.040175
-0.032141
0.005902
0.004456
-0.018906
-0.020517
-0.018535
-0.024765
-0.021927
-0.026953
-0.021231
-0.012128
-0.013785
-0.013304
-0.022387
-0.025677
-0.000739
0.004050
-0.040577
-0.062085
-0.031568
0.019540
0.037533
0.006500
-0.015563
-0.036824
-0.044396
-0.007721
0.003566
-0.032068
-0.062288
-0.000067
0.083367
0.035176
-0.018217
0.036798
0.133982
0.176381
0.123974
0.075955
0.000635
-0.139051
-0.149449
0.013513
0.161307
0.043057
-0.289648
-0.418805
-0.159014
0.179407
0.230918
0.042368
-0.057119
-0.094455
-0.164084
-0.064154
-0.029037
-0.191733
-0.221093
-0.147630
-0.122855
-0.204708
-0.164197
0.130988
0.363189
0.366405
0.068531
-0.116246
0.086545
0.306054
0.250579
0.030419
-0.028902
-0.025773
-0.043813
-0.045161
0.082012
0.192524
0.169062
0.085399
-0.036739
-0.060938
-0.063856
-0.037202
-0.032842
-0.045273
-0.044850
-0.030112
-0.035876
-0.012277
0.027151
0.030199
0.035305
0.008180
-0.013890
-0.016094
0.015242
0.009689
-0.010459
-0.017107
-0.019585
-0.021168
-0.006639
0.009513
0.012457
0.010277
-0.001931
-0.010358
-0.018169
-0.019246
-0.009546
-0.012123
-0.023742
-0.018535
-0.002831
-0.006790
-0.004575
0.023558
0.008937
-0.034273
-0.032061
-0.017281
-0.010913
0.022948
0.016746
-0.017595
-0.027644
-0.030468
-0.028828
-0.042239
-0.046213
0.028719
0.040170
-0.024278
-0.007251
-0.084836
-0.160999
0.016670
0.105339
-0.075412
-0.310098
-0.341237
0.030305
0.358625
0.292136
0.063521
-0.104038
-0.142961
-0.125545
-0.055419
0.008938
-0.000662
-0.022612
-0.006157
-0.158064
-0.297705
-0.227451
-0.078642
0.089456
0.101977
0.105655
0.144774
0.090655
-0.054472
-0.100120
-0.059097
0.025182
0.017812
-0.045282
0.039142
0.126561
0.095600
-0.017530
-0.052387
0.084708
0.168169
0.014431
-0.038259
-0.015934
0.046684
0.121672
0.102264
0.035816
0.006115
0.048124
0.099423
0.096683
0.033897
0.011462
0.003555
0.033178
0.019766
0.003186
0.031750
0.025524
0.008705
0.020611
0.022860
0.024736
0.018837
0.005599
0.025646
0.024281
0.010524
0.021002
0.015886
0.007734
0.014742
0.016058
0.019022
0.016880
0.013638
0.019722
0.009248
-0.012230
0.004866
0.024564
0.006565
-0.017988
0.004960
0.031301
0.009218
-0.017504
-0.020594
-0.000861
0.057341
0.050909
-0.006944
0.009242
0.003555
-0.010817
-0.031981
-0.155365
-0.155209
-0.017923
0.070784
0.237042
0.260589
0.047433
-0.148433
-0.255092
-0.113644
0.062767
0.137062
0.297073
0.300492
0.265199
0.227830
-0.123142
-0.326388
-0.092924
0.275105
0.353277
0.026305
-0.174757
-0.164249
-0.021796
0.120186
-0.034027
-0.165728
-0.117868
-0.048004
0.094161
0.085408
-0.008530
0.083409
0.084154
0.067489
-0.137988
-0.301554
-0.037153
0.158340
0.143307
-0.055952
-0.215654
-0.117036
-0.034162
-0.036669
-0.023791
-0.037729
-0.074661
-0.120990
-0.124408
-0.008911
0.035421
-0.005757
-0.041086
-0.042844
0.010186
0.006410
-0.012926
0.015831
-0.002267
-0.026509
-0.006271
-0.036980
-0.024052
-0.026397
-0.020672
0.005303
-0.027606
-0.040045
-0.020481
-0.013796
-0.002908
-0.003264
-0.019254
-0.012273
-0.028402
-0.027795
-0.004523
0.006401
0.001981
-0.013821
-0.033494
-0.040101
-0.023761
0.024120
0.049710
0.016671
-0.032947
-0.058307
-0.051396
-0.032639
-0.002950
0.029635
0.018596
0.000600
0.019838
0.007641
-0.005058
0.047520
0.076756
0.063565
-0.003242
-0.169163
-0.166268
0.073204
0.265123
0.246099
0.009071
-0.127720
-0.005721
0.056311
-0.089214
-0.331217
-0.241266
0.133205
0.280149
0.103806
-0.156647
-0.148737
-0.045141
-0.139516
-0.338722
-0.412143
-0.266823
0.020789
0.138021
0.089891
0.047606
-0.017373
0.046417
0.127552
-0.003734
-0.158643
-0.206414
-0.057553
0.234904
0.291533
0.186056
0.058205
-0.008177
0.097501
0.149893
0.112533
0.082339
0.040102
0.073275
0.077933
0.040875
-0.030430
-0.101735
-0.051212
0.007415
0.010540
0.018840
-0.005475
-0.014366
0.010618
-0.007692
0.001578
0.008361
-0.001517
0.023713
0.031564
0.028282
0.043253
0.027604
0.020958
0.023695
0.009474
0.013212
0.007702
-0.001679
0.008579
0.008416
0.004146
0.001994
0.007753
0.015212
0.011241
0.007579
0.000901
-0.006687
-0.010386
-0.004901
0.007080
0.011847
0.006489
0.024584
0.051862
0.006364
-0.085260
-0.086505
-0.001640
0.071774
0.084198
0.005404
-0.102600
-0.113331
-0.017251
0.083550
0.156793
0.166422
-0.016352
-0.187280
-0.127570
0.061258
0.141383
0.026341
0.060489
0.172313
0.052235
-0.120231
-0.238987
-0.242247
0.021888
0.096781
0.023292
0.186950
0.090621
-0.223206
-0.204024
0.072565
0.242174
0.040446
-0.267646
-0.159280
0.162535
0.353835
0.098915
-0.274302
-0.185859
0.102524
0.301093
0.184148
0.053322
0.092064
0.181866
0.191609
0.025293
-0.099408
-0.096359
-0.056495
-0.099979
-0.079174
-0.047577
0.028808
0.099194
0.008206
-0.022296
0.043412
0.011675
-0.055890
-0.061575
-0.075720
-0.035903
-0.026634
-0.039919
-0.027814
-0.012184
-0.012866
-0.011721
-0.007767
-0.023656
-0.007831
-0.014431
-0.029856
-0.039468
-0.043182
-0.027105
-0.014680
-0.035340
-0.042734
-0.019673
-0.015331
-0.012669
-0.015131
-0.024369
-0.024402
-0.025936
-0.037661
-0.036369
-0.028175
-0.032270
-0.029531
-0.018320
-0.000588
-0.006465
-0.036078
-0.043015
-0.043335
-0.024822
0.032152
0.016229
-0.072909
-0.113908
-0.147169
-0.119137
0.047659
0.200618
0.155352
-0.068481
-0.200665
-0.142778
-0.017961
0.092809
0.006792
-0.187756
-0.183994
0.049003
0.318114
0.112434
-0.261836
-0.136591
0.127715
0.146920
0.020950
-0.139994
0.061030
0.584927
0.556374
0.035177
-0.180778
0.102835
0.376838
0.242320
-0.132365
-0.313131
-0.294459
-0.156461
-0.109585
-0.191838
-0.160947
-0.097213
0.012433
0.052859
0.032351
-0.010234
-0.063042
-0.024512
0.030149
0.095861
0.179732
0.110082
0.035367
0.081471
0.105524
0.078219
0.063231
-0.003930
-0.001329
0.026508
-0.043080
-0.059629
-0.053980
-0.069788
-0.047804
-0.020418
-0.029888
0.002355
-0.020753
-0.034694
-0.018755
-0.020078
-0.042839
-0.044485
-0.033058
-0.030775
-0.022185
-0.035181
-0.020560
-0.007103
-0.014906
-0.018449
-0.003210
-0.020288
-0.029488
-0.014046
-0.005975
-0.007984
-0.016900
-0.028229
-0.013658
0.007277
0.002309
-0.011867
-0.030228
-0.028789
0.004134
0.016862
-0.028207
-0.062635
-0.002273
0.055103
-0.025359
-0.147310
-0.143008
0.036647
0.154360
0.094817
-0.037751
-0.211896
-0.176037
0.061226
0.114167
0.078305
-0.001122
-0.101631
0.051578
0.175976
0.022473
-0.222178
-0.204480
0.105268
0.158083
0.019160
-0.046350
0.060141
0.454648
0.421639
-0.116215
-0.416891
-0.208996
0.339715
0.549119
0.174258
-0.137340
-0.162152
-0.108959
-0.065016
-0.164779
-0.248728
-0.169199
-0.022228
0.198114
0.148359
-0.115629
-0.204067
-0.159088
0.025039
0.169674
0.067293
-0.086720
-0.098348
-0.081419
-0.066040
-0.077991
-0.070499
-0.102877
-0.123295
-0.030155
0.009522
0.008998
-0.017867
-0.043738
0.001129
0.029399
-0.021843
-0.021997
0.008750
0.024100
0.043075
0.005116
-0.014515
-0.002979
-0.003089
0.013231
0.022490
-0.006541
-0.013300
-0.004989
-0.004190
-0.001690
-0.010467
-0.003639
0.001854
0.002764
0.011904
0.017627
-0.001058
-0.012674
-0.001020
0.011244
0.019981
0.008482
-0.012131
-0.017779
0.004746
0.043425
0.035137
-0.036568
-0.079100
-0.048758
0.007165
0.050159
0.049981
0.032005
0.029771
-0.011324
-0.071871
-0.048574
0.077090
0.174611
0.107010
-0.007704
-0.087608
-0.176999
-0.101718
0.110076
0.198584
0.121321
0.016639
-0.001756
0.043714
0.145980
0.125766
-0.030727
0.083804
0.278542
0.154214
-0.032979
-0.133636
-0.264433
-0.312345
-0.024899
0.223541
0.016177
-0.112011
-0.055563
-0.021349
0.041642
-0.015479
-0.053300
0.025375
0.078659
0.001636
-0.111256
-0.058260
-0.013905
-0.137821
-0.185941
-0.027212
0.078181
0.107835
0.067202
0.055459
0.099104
0.033709
-0.038709
-0.054412
-0.036105
-0.031835
-0.036798
-0.034907
-0.014642
-0.012523
0.011924
0.000439
-0.017342
-0.011875
-0.023107
-0.005385
0.011229
-0.023959
-0.031483
-0.014716
-0.027266
-0.017673
-0.002428
0.005795
0.006924
0.000966
0.006506
0.006043
-0.013661
-0.010007
-0.001205
-0.003320
-0.005211
-0.001955
-0.002382
-0.001216
-0.005072
-0.007676
-0.005954
-0.000674
0.005450
0.002969
0.005405
0.012910
0.006041
-0.019566
-0.026868
-0.023229
-0.013596
0.008295
0.018589
-0.001477
-0.027070
-0.033044
-0.022585
-0.007531
-0.000191
-0.001861
-0.003756
0.001059
0.007109
0.005059
0.004683
0.006298
0.005554
0.004630
0.003785
0.003691
0.003395
0.003307
0.003318
0.004847
0.005269
0.004104
0.002142
0.003716
0.005252
0.004823
0.004486
0.002233
0.001590
0.002077
0.001457
0.002965
0.004759
0.001122
0.000972
0.000870
-0.002075
0.000535
0.003824
0.003033
0.002754
0.002133
0.001087
-0.001346
0.000998
0.002615
0.000408
0.000501
0.001019
0.001542
0.001390
0.001641
0.001017
0.001206
0.000521
0.001265
0.002087
0.003044
0.002710
0.001401
0.000158
0.000192
-0.000101
0.000299
0.000380
0.000942
0.000887
0.000673
0.000443
0.000713
0.000919
0.001017
0.000867
0.000520
0.000154
0.000201
0.000339
0.000541
0.000465
0.000196
0.000066
0.000123
0.000356
0.000556
0.000555
0.000287
-0.000037
-0.000242
-0.000122
0.000188
0.000463
0.000498
0.000280
-0.000056
-0.000184
-0.000056
0.000195
0.000294
0.000184
0.000045
-0.000050
-0.000085
-0.000007
0.000012
-0.000178
-0.000352
-0.000419
-0.000450
-0.000406
-0.000131
-0.000100
-0.000256
-0.000345
-0.000340
-0.000405
-0.000203