-0.185511
-0.131819
-0.072413
-0.010433
0.050912
0.108849
0.161359
0.207230
0.245875
0.277020
0.300428
0.315768
0.322706
0.321171
0.311676
0.295552
0.274971
0.252692
0.231603
0.214176
0.202012
0.195611
0.194437
0.197237
0.202495
0.208851
0.215352
0.221458
0.226840
0.231077
0.233404
0.232643
0.227359
0.216217
0.198398
0.173938
0.143834
0.109883
0.074293
0.039187
0.006173
-0.023883
-0.050814
-0.074878
-0.096374
-0.115302
-0.131207
-0.143269
-0.150605
-0.152655
-0.149511
-0.142044
-0.131775
-0.120534
-0.110023
-0.101437
-0.095295
-0.091512
-0.089700
-0.089557
-0.091191
-0.095245
-0.102769
-0.114871
-0.132282
-0.154989
-0.182083
-0.211867
-0.242214
-0.271021
-0.296633
-0.318062
-0.334976
-0.347451
-0.355640
-0.359479
-0.358580
-0.352354
-0.340326
-0.322520
-0.299751
-0.273698
-0.246699
-0.221317
-0.199807
-0.183648
-0.173296
-0.168208
-0.167128
-0.168494
-0.170827
-0.172955
-0.174018
-0.173273
-0.169820
-0.162395
-0.149353
-0.128892
-0.099459
-0.060224
-0.011447
0.045394
0.107776
0.172553
0.236514
0.296884
0.351642
0.399573
0.440088
0.472912
0.497805
0.514435
0.522468
0.521830
0.513033
0.497410
0.477130
0.454953
0.433766
0.416041
0.403381
0.396284
0.394217
0.395926
0.399897
0.404772
0.409598
0.413838
0.417163
0.419156
0.419054
0.415679
0.407602
0.393488
0.372523
0.344745
0.311153
0.273550
0.234147
0.195069
0.157930
0.123599
0.092248
0.063623
0.037428
0.013670
-0.007193
-0.024335
-0.036869
-0.044229
-0.046501
-0.044552
-0.039897
-0.034362
-0.029641
-0.026925
-0.026726
-0.028953
-0.033214
-0.039200
-0.047011
-0.057287
-0.071070
-0.089462
-0.113188
-0.142230
-0.175671
-0.211808
-0.248508
-0.283662
-0.315608
-0.343354
-0.366558
-0.385292
-0.399704
-0.409722
-0.414952
-0.414800
-0.408784
-0.396922
-0.380024
-0.359762
-0.338470
-0.318705
-0.302715
-0.291975
-0.286934
-0.287046
-0.291049
-0.297374
-0.304540
-0.311368
-0.316996
-0.320674
-0.321498
-0.318201
-0.309134
-0.292490
-0.266712
-0.230966
0.211195
0.150441
0.108583
0.088388
0.089416
0.108078
0.138501
0.173928
0.208190
0.236788
0.257277
0.268912
0.271775
0.265819
0.250234
0.223427
0.183637
0.129924
0.063140
-0.013561
-0.094927
-0.174514
-0.246037
-0.304712
-0.348136
-0.376427
-0.391600
-0.396437
-0.393293
-0.383282
-0.366134
-0.340760
-0.306257
-0.262961
-0.213084
-0.160673
-0.110876
-0.068751
-0.038070
-0.020530
-0.015666
-0.021471
-0.035475
-0.055848
-0.082097
-0.115082
-0.156336
-0.206955
-0.266499
-0.332329
-0.399687
-0.462515
-0.514753
-0.551688
-0.570881
-0.572393
-0.558273
-0.531541
-0.495085
-0.450914
-0.400022
-0.342906
-0.280461
-0.214867
-0.150023
-0.091278
-0.044468
-0.014543
-0.004223
-0.013155
-0.037860
-0.072490
-0.110135
-0.144249
-0.169722
-0.183306
-0.183339
-0.168999
-0.139482
-0.093514
-0.029469
0.053920
0.156516
0.275807
0.406468
0.540682
0.669233
0.783072
0.874894
0.940256
0.977917
0.989375
0.977825
0.946975
0.900153
0.840011
0.768847
0.689339
0.605272
0.521861
0.445426
0.382416
0.338074
0.315169
0.313262
0.328768
0.355818
0.387657
0.418121
0.442713
0.458993
0.466220
0.464480
0.453731
0.433168
0.401202
0.356077
0.296859
0.224406
0.141876
0.054529
-0.031187
-0.108981
-0.174062
-0.224021
-0.258970
-0.280916
-0.292636
-0.296477
-0.293546
-0.283568
-0.265444
-0.238267
-0.202363
-0.159937
-0.115031
-0.072783
-0.038245
-0.015181
-0.005281
-0.008071
-0.021539
-0.043205
-0.071232
-0.105121
-0.145722
-0.194562
-0.252731
-0.319778
-0.393059
-0.467808
-0.537959
-0.597447
-0.641550
-0.667821
-0.676317
-0.669078
-0.649117
-0.619316
-0.581678
-0.537190
-0.486342
-0.430024
-0.370410
-0.311391
-0.258312
-0.217004
-0.192410
-0.187246
-0.201153
-0.230648
-0.269877
-0.311927
-0.350247
-0.379722
-0.397100
-0.400717
-0.389747
-0.363381
-0.320344
-0.259006
-0.178097
-0.077752
0.039519
0.168393
0.301055
0.428290
0.541052
0.632036
0.696798
0.734100
0.745440
0.734012
0.703525
0.657307
0.598007
0.527926
0.449738
0.367226
0.285606