-0.022995
-0.014228
-0.012814
-0.021283
-0.024836
-0.015872
-0.011006
-0.012018
-0.017586
-0.021127
-0.029355
-0.026124
-0.011881
-0.001963
0.005226
0.000724
-0.011601
-0.032397
-0.017240
0.019610
0.002566
-0.029562
-0.029412
-0.004498
0.034492
0.066836
0.065986
0.028473
-0.015031
-0.066269
-0.070315
-0.026884
0.017020
0.037955
0.043097
0.029621
0.036354
0.052262
-0.037427
-0.116873
-0.114697
-0.037894
0.120867
0.144005
0.001678
-0.024610
0.011035
-0.121148
-0.178174
-0.096179
-0.025406
0.017270
-0.062352
-0.065728
0.030516
0.038160
-0.005942
-0.067656
-0.127984
-0.081524
-0.029736
0.005918
0.102197
0.120565
0.064492
0.054483
0.033653
0.015506
0.046162
0.026731
0.033328
0.041429
-0.028815
-0.047508
-0.030049
-0.004258
0.018439
0.002342
0.008984
0.023650
-0.000141
-0.011039
0.003556
0.012163
0.030797
0.019302
0.005983
0.013919
0.015827
0.001745
-0.002767
0.008953
0.014613
0.008642
0.002720
0.008604
0.008427
0.014558
0.020068
0.013737
0.006745
0.004582
0.010011
0.019981
0.017222
0.007580
0.008505
0.013355
0.008149
-0.001287
0.001572
0.012354
0.017440
0.005088
-0.007614
-0.001353
0.006638
0.011359
0.016846
0.017502
0.014635
-0.006563
-0.016749
-0.005201
-0.000213
0.003198
0.015771
0.040109
0.036806
-0.024514
-0.042073
0.027347
0.060424
-0.005862
-0.021843
0.027602
0.056372
0.119492
0.071304
-0.072456
-0.117372
-0.124009
-0.090217
-0.019295
0.070394
0.168895
0.104475
-0.093540
-0.086217
0.045799
-0.026854
-0.157193
-0.191119
-0.110391
0.062119
0.133823
0.109936
0.084498
0.043617
0.092442
0.122979
0.029980
-0.023529
0.015482
0.064578
0.058678
0.015687
-0.008171
-0.002569
-0.054918
-0.044371
0.018355
-0.007036
0.015733
0.030241
-0.008303
-0.004652
0.029004
0.023999
-0.001899
-0.023248
-0.021627
0.006417
-0.012799
-0.035532
-0.025811
-0.000853
0.000055
-0.021705
-0.028570
-0.023875
-0.015161
-0.004886
-0.001441
-0.023199
-0.020976
-0.006235
-0.006910
-0.010797
-0.018115
-0.021720
-0.019671
-0.018642
-0.020749
-0.016106
-0.009531
-0.003203
-0.007870
-0.016877
-0.016724
-0.012253
-0.011436
-0.029421
-0.039548
-0.024170
-0.004377
0.005748
-0.001228
-0.012187
-0.018911
-0.027210
-0.020997
-0.016798
-0.034427
-0.040559
-0.015999
0.015345
-0.000085
-0.020396
0.014431
0.054441
0.067193
0.065775
0.061389
0.025888
-0.039311
-0.052339
0.015496
0.070335
0.009071
-0.101621
-0.157141
-0.092060
0.021079
0.066541
0.049882
0.005684
-0.012359
-0.068602
-0.057886
-0.011363
-0.084488
-0.109325
-0.084603
-0.094004
-0.157393
-0.119948
-0.004560
0.081344
0.120593
0.037340
-0.009072
0.028303
0.088927
0.092595
0.070249
0.049502
0.011467
-0.019328
-0.027090
0.033247
0.088256
0.098736
0.044658
0.011069
0.012861
-0.008238
-0.012870
-0.004713
0.017686
0.017897
0.009901
-0.010180
-0.015859
-0.006833
0.008711
0.015239
0.001922
-0.008635
-0.019496
-0.003252
0.006047
0.008980
0.006132
0.001556
0.001659
-0.001925
-0.010815
-0.010859
0.003626
0.002475
-0.003806
-0.007835
-0.005324
-0.000359
0.001300
0.001239
0.000043
0.004507
0.001127
-0.005293
0.004619
0.006841
-0.011460
-0.014070
-0.000848
-0.009254
-0.005958
0.011606
-0.002739
-0.010652
-0.010199
-0.025284
-0.030024
-0.020242
-0.008537
0.018175
-0.002682
-0.029206
-0.016951
-0.072979
-0.034167
0.036141
-0.054696
-0.154671
-0.138751
-0.047766
0.080669
0.112585
0.025358
0.011475
-0.045799
-0.103125
-0.042879
0.006655
-0.004378
-0.010918
-0.007326
-0.070035
-0.152027
-0.146895
-0.062160
-0.026554
0.001712
0.058093
0.051648
0.019755
-0.039951
-0.053870
0.016460
0.006753
-0.024057
0.006761
0.000327
0.014592
0.028431
-0.012043
-0.011568
0.032287
0.055093
0.030656
-0.018843
-0.016848
0.036503
0.047507
0.059696
0.050391
0.029467
0.041433
0.038810
0.034890
0.042942
0.021190
0.007775
0.034801
0.026440
0.030208
0.040174
0.029187
0.024821
0.021694
0.021414
0.026199
0.022954
0.015465
0.020487
0.022619
0.029248
0.022341
0.017999
0.025496
0.025011
0.024031
0.019072
0.015138
0.016326
0.019548
0.018967
0.016092
0.014752
0.019339
0.013626
0.002521
0.010835
0.020496
0.009738
-0.000224
0.006294
0.009475
0.019069
0.031510
0.013587
0.008206
0.022758
-0.007245
-0.022900
-0.044394
-0.086686
-0.025928
0.033144
0.060291
0.121998
0.049021
-0.074700
-0.090774
-0.084660
-0.016654
0.049943
0.110981
0.168036
0.146700
0.100956
0.007291
-0.097293
-0.040111
0.131556
0.140372
0.052128
-0.002136
-0.037963
-0.014158
0.028086
0.018201
-0.019572
-0.017226
-0.046205
-0.001611
0.039279
0.002710
0.057731
0.076450
0.051387
-0.033769
-0.087519
-0.024553
0.024251
0.020943
-0.000269
-0.029045
-0.052388
-0.046555
-0.037167
-0.018200
-0.004126
-0.033268
-0.083362
-0.068299
-0.031002
-0.008723
0.002661
-0.034557
-0.026002
-0.006130
-0.020376
-0.019361
-0.026019
-0.020867
-0.001573
-0.015025
-0.024569
-0.021089
-0.035979
-0.017768
-0.010099
-0.018433
-0.024532
-0.039421
-0.026923
-0.014632
-0.020587
-0.014714
-0.012928
-0.018627
-0.019139
-0.026769
-0.018773
-0.008798
-0.016084
-0.023368
-0.026821
-0.022581
-0.004538
0.006020
-0.001555
-0.014485
-0.028143
-0.033925
-0.028289
-0.016665
-0.001042
0.006698
-0.000501
0.002197
0.002092
-0.009438
0.007191
0.047469
0.025901
-0.003372
-0.047378
-0.079993
0.021961
0.100662
0.099048
0.053533
0.001711
0.006769
0.013964
-0.048839
-0.124902
-0.072927
0.042362
0.092529
0.052608
-0.010530
-0.021685
-0.033630
-0.093005
-0.162152
-0.179845
-0.154780
-0.084024
-0.015686
0.010481
0.014791
0.004344
-0.009763
0.005565
-0.020330
-0.100076
-0.107164
-0.066569
0.018721
0.103044
0.097973
0.054929
0.021789
0.020662
0.046818
0.056728
0.039760
0.036234
0.043371
0.051568
0.070371
0.040081
-0.004955
-0.002783
0.008333
0.016102
0.013027
-0.013387
-0.011642
0.002929
0.010432
0.023553
0.018259
0.016647
0.013452
0.014509
0.025728
0.013977
0.008059
0.014865
0.016031
0.019315
0.014929
0.006266
0.007396
0.009861
0.013426
0.014632
0.012127
0.018706
0.020801
0.017285
0.018241
0.014649
0.006715
0.003605
0.005195
0.012250
0.017790
0.016930
0.025793
0.027191
0.014185
-0.023734
-0.032562
0.003953
0.019713
0.026284
0.009610
-0.028230
-0.051478
-0.021254
0.025673
0.053215
0.072115
0.011212
-0.075070
-0.056967
0.004489
0.033067
0.032664
0.042478
0.091686
0.040892
-0.071085
-0.090275
-0.085102
-0.054387
0.032195
0.030071
0.047776
0.081732
-0.109039
-0.110167
0.062839
0.058702
-0.003399
-0.056436
-0.059638
0.027077
0.116546
0.015294
-0.058204
-0.041574
0.008623
0.094956
0.068359
0.058401
0.079113
0.094507
0.101657
0.060615
0.016739
0.020949
-0.028711
-0.058402
-0.002348
-0.007421
0.003591
0.027197
0.020262
0.014009
0.035619
0.024181
-0.020201
-0.035477
-0.025652
-0.001384
-0.006172
-0.015534
-0.022550
-0.006225
-0.001537
-0.019170
-0.027172
-0.026018
-0.015890
-0.012395
-0.013314
-0.024266
-0.020301
-0.011850
-0.006255
-0.011208
-0.022308
-0.024723
-0.024495
-0.024481
-0.025212
-0.019648
-0.018613
-0.017415
-0.019237
-0.025517
-0.021590
-0.020611
-0.025257
-0.019754
-0.017679
-0.018739
-0.026217
-0.031047
-0.027047
-0.027556
-0.011622
-0.003162
-0.038916
-0.072468
-0.073723
-0.078070
-0.011286
0.066706
0.051257
-0.022496
-0.080190
-0.069975
-0.039891
-0.004374
-0.010672
-0.070549
-0.079730
-0.004530
0.070898
0.035894
-0.094645
-0.076304
0.039955
0.000919
-0.058909
-0.014364
0.041079
0.172213
0.256381
0.080280
0.018422
0.138160
0.136472
0.120062
0.050938
-0.052879
-0.071193
-0.075738
-0.096489
-0.059652
-0.028837
-0.056370
-0.030514
-0.008681
0.004992
-0.011734
-0.040900
-0.026076
-0.011000
0.040177
0.101140
0.058106
0.001605
0.037072
0.054780
0.044595
0.031756
0.009171
-0.000787
0.006464
0.014832
-0.005153
-0.011798
-0.012489
-0.003823
0.013903
-0.000065
-0.014633
-0.010894
-0.007579
-0.013169
-0.009712
-0.017848
-0.019388
-0.016011
-0.017454
-0.013959
-0.021283
-0.026384
-0.018659
-0.016423
-0.026052
-0.019402
-0.020854
-0.027822
-0.026148
-0.021830
-0.015012
-0.015392
-0.016098
-0.018349
-0.014171
-0.012099
-0.015659
-0.020068
-0.019540
-0.008679
-0.006349
-0.013927
-0.023297
-0.009868
0.011131
-0.021877
-0.064435
-0.054812
-0.007254
0.040426
0.028909
-0.020281
-0.060965
-0.093165
-0.020602
0.043217
0.006602
0.016799
-0.008416
-0.007083
0.057155
0.002551
-0.090818
-0.076203
0.015849
0.019316
-0.011790
0.003996
0.041645
0.157209
0.172291
0.001301
-0.120198
-0.037700
0.096057
0.181493
0.156013
0.036457
0.003617
-0.022389
-0.079819
-0.064643
-0.049921
-0.089478
-0.038066
0.049911
0.047888
-0.010186
-0.086178
-0.057686
0.000582
0.040391
0.065575
-0.005334
-0.068970
-0.060603
-0.049912
-0.029134
-0.015629
-0.078237
-0.075975
-0.043128
-0.043402
-0.021711
-0.039161
-0.047171
-0.005827
0.013214
-0.006841
-0.024670
-0.025871
-0.000014
0.005729
-0.005100
-0.008149
-0.021875
-0.012852
-0.003897
-0.002702
-0.002777
-0.011785
-0.017803
-0.006991
-0.001191
-0.006722
-0.005150
-0.009266
-0.006142
-0.002506
-0.005522
-0.003531
-0.006411
-0.009689
-0.004381
-0.000536
0.001579
-0.003681
-0.009348
0.001764
0.018558
0.015525
-0.012256
-0.035879
-0.029122
-0.006492
0.008282
0.025849
0.026916
0.013722
-0.001333
-0.027872
-0.016319
0.035648
0.072952
0.060938
0.019699
-0.017563
-0.059112
-0.061081
0.026049
0.082784
0.054866
0.028722
0.023094
0.025369
0.042108
0.070632
0.039526
0.065295
0.158718
0.099185
0.019801
-0.014324
-0.078882
-0.126734
-0.036110
0.094122
0.009693
-0.051464
-0.008838
-0.020442
-0.024571
0.006281
-0.000488
0.018081
0.044871
-0.017857
-0.032569
-0.009240
-0.044822
-0.083401
-0.066840
-0.033035
-0.008377
0.014235
0.008726
0.015040
0.033467
0.041564
-0.002450
-0.029078
0.009910
-0.006047
-0.032545
-0.013656
-0.014070
-0.019274
0.002339
-0.005780
-0.008282
-0.010145
-0.022738
-0.012602
-0.006319
-0.004984
-0.007580
-0.011526
-0.005015
-0.006305
-0.016836
-0.011948
-0.010287
-0.014193
-0.013354
-0.013992
-0.007907
-0.008079
-0.009878
-0.005221
-0.004048
0.000237
0.001052
-0.005427
-0.009141
-0.008322
-0.010137
-0.008888
-0.000518
0.001071
0.000949
0.007287
0.006811
-0.004164
-0.011990
-0.008462
-0.005195
0.000736
0.010028
0.002327
-0.010429
-0.012661
-0.012325
-0.009834
-0.004042
-0.002437
-0.002588
-0.000611
-0.001068
-0.000358
0.002201
0.001995
0.000810
0.000094
0.001829
0.001340
-0.000772
0.000213
0.000595
0.001529
0.004066
0.002495
-0.001261
-0.001337
-0.000813
-0.000151
0.001256
0.001923
0.001505
0.001228
0.001335
0.002046
0.001823
0.001153
0.001344
0.001520
0.001305
0.000674
0.000959
0.001601
0.001755
0.001212
0.000879
0.001082
0.001669
0.001983
0.001864
0.001877
0.001529
0.001192
0.001430
0.001574
0.001823
0.001890
0.001456
0.001072
0.001177
0.001445
0.001699
0.001898
0.001734
0.001315
0.001114
0.001082
0.001111
0.001078
0.001174
0.001193
0.001047
0.001018
0.000951
0.000894
0.000923
0.000912
0.000765
0.000599
0.000495
0.000488
0.000529
0.000516
0.000410
0.000292
0.000213
0.000196
0.000178
0.000155
0.000124
0.000008
-0.000062
-0.000026
0.000058
0.000114
0.000098
-0.000018
-0.000169
-0.000166
-0.000038
0.000059
0.000090
0.000028
-0.000072
-0.000124
-0.000077
-0.000014
0.044376
0.025034
-0.018935
-0.074334
0.023186
0.107637
0.010069
-0.061026
-0.067360
0.000035
0.123673
0.169239
0.118645
0.002686
-0.091619
-0.182021
-0.148734
-0.040290
0.058359
0.114289
0.057221
-0.005063
0.112408
0.128657
-0.164274
-0.293206
-0.354352
-0.074919
0.514180
0.287693
-0.185532
-0.081988
-0.062881
-0.329350
-0.350348
-0.208835
0.033539
0.158420
-0.132628
-0.056907
0.071185
0.157544
0.168524
-0.232982
-0.331655
-0.058330
0.100967
0.230446
0.322782
0.261524
0.095567
0.047018
0.115901
0.049853
0.005446
0.052410
0.063259
0.008399
-0.103321
-0.174872
-0.126069
0.010567
0.043029
-0.001526
0.002142
0.003143
0.070244
0.019175
-0.038630
0.005848
0.047374
0.022846
0.022622
-0.005516
-0.005370
0.020228
0.013866
0.034580
0.026252
0.015090
0.034091
0.043707
0.006106
-0.002049
-0.007645
-0.010838
-0.007763
0.000253
0.017921
0.026817
0.013511
-0.004857
-0.005212
0.006238
-0.013751
-0.022090
-0.008051
0.012160
0.020354
-0.022650
-0.035023
0.002782
0.016857
0.019029
0.036999
0.042994
0.036377
-0.034699
-0.041658
-0.007374
-0.010798
0.005868
0.034469
0.128971
0.109514
-0.120386
-0.098051
0.131751
0.123890
-0.041265
-0.054957
-0.016429
0.138399
0.380726
0.066832
-0.326247
-0.356267
-0.295620
-0.074399
-0.023955
0.201491
0.521628
0.081203
-0.378240
-0.126278
0.130334
-0.060577
-0.311849
-0.485163
-0.218127
0.373845
0.578385
0.339604
-0.017470
0.003132
0.329802
0.279273
-0.007590
-0.162396
-0.057120
0.138685
0.061195
-0.049641
-0.149700
-0.183865
-0.087002
-0.003598
-0.025660
-0.018201
0.148892
0.065424
-0.047037
-0.057848
-0.015286
0.026974
-0.050257
-0.067208
-0.087422
-0.038470
0.033284
0.035379
-0.020737
-0.032063
0.001691
-0.012568
-0.022971
-0.049253
-0.036048
-0.039377
-0.026513
-0.002739
-0.005333
-0.017213
-0.001630
0.008444
-0.031333
-0.041127
-0.044790
-0.034137
-0.024982
-0.024653
-0.005429
-0.002047
-0.019839
-0.028468
-0.006586
0.000524
-0.009005
-0.047963
-0.063021
-0.021494
0.020381
0.042479
0.002180
-0.020671
-0.042179
-0.059225
0.007939
0.007209
-0.050997
-0.055218
0.018339
0.109015
0.022525
-0.020113
0.084704
0.143376
0.175995
0.144440
0.094754
-0.016631
-0.192983
-0.155832
0.048944
0.158916
-0.011970
-0.327034
-0.448936
-0.152606
0.202462
0.227345
0.059666
-0.068413
-0.087235
-0.208635
-0.035016
0.012700
-0.326970
-0.207447
-0.114675
-0.167188
-0.249865
-0.117930
0.209850
0.368785
0.412628
0.080278
-0.057153
0.125006
0.329216
0.253894
0.021617
-0.031915
-0.039597
-0.035126
-0.085344
0.094289
0.190695
0.147395
0.101038
-0.037006
-0.094663
-0.075469
-0.002689
-0.067121
-0.057911
-0.044305
-0.046320
-0.030663
-0.006122
0.018557
0.010443
0.035849
0.017111
0.019017
-0.015312
-0.007965
0.018492
0.005738
-0.016889
-0.023476
-0.008868
-0.006867
0.013921
0.023906
0.006739
-0.008492
-0.019225
-0.014190
-0.009179
-0.013477
-0.029469
-0.033410
-0.021849
-0.006496
-0.009002
-0.008758
0.036725
0.013802
-0.051887
-0.027347
-0.005795
-0.028740
0.024721
0.024414
-0.040493
-0.026460
-0.028851
-0.039908
-0.040485
-0.051372
0.027816
0.056229
-0.056632
-0.010038
-0.054098
-0.246690
0.071862
0.159069
-0.184093
-0.330942
-0.317103
0.051865
0.407783
0.299864
0.044757
-0.049673
-0.201297
-0.152095
0.002498
-0.011867
-0.044839
-0.024763
0.042129
-0.218495
-0.360983
-0.179823
-0.078427
0.063507
0.136560
0.136078
0.194758
0.115551
-0.124077
-0.068046
-0.012353
-0.057194
0.072937
-0.003406
-0.027944
0.159677
0.069765
-0.044440
0.008721
0.084679
0.161445
0.053504
-0.036133
-0.022586
0.049258
0.116381
0.123005
0.029047
0.024965
0.073845
0.093632
0.083058
0.013516
0.021817
-0.008995
0.008548
0.045324
0.033600
0.010769
0.029265
0.022081
0.002578
0.022542
0.021758
0.031719
0.019583
0.010097
0.028205
0.030476
0.011797
0.002141
0.005984
0.002877
0.014930
0.024693
0.027365
0.019342
0.007276
0.009531
-0.006510
0.009840
0.024762
-0.009064
-0.024936
0.016143
0.034636
-0.008395
-0.021925
-0.011177
-0.010739
0.059678
0.063466
-0.029551
0.009281
0.017133
-0.042408
-0.020489
-0.176573
-0.207120
0.046037
0.065646
0.238427
0.357114
-0.014093
-0.184713
-0.207795
-0.158629
0.099370
0.145473
0.336504
0.368536
0.240113
0.284802
-0.165737
-0.413519
-0.034728
0.322684
0.310387
0.001198
-0.178780
-0.164523
-0.060033
0.106212
0.001598
-0.233259
-0.097621
-0.038114
0.094430
0.105481
-0.081155
0.155886
0.099263
0.052207
-0.149732
-0.333343
0.006336
0.138227
0.088989
-0.075423
-0.217123
-0.100151
-0.016005
-0.041932
-0.010067
-0.070748
-0.112061
-0.095874
-0.133044
-0.021948
0.041203
0.003966
-0.008787
-0.032271
-0.029618
0.007651
0.005390
-0.015134
0.000671
-0.028224
-0.013459
-0.010349
-0.013548
-0.021707
-0.035201
-0.030865
-0.012340
-0.022271
-0.034498
-0.013380
-0.005618
0.003603
-0.007508
-0.027540
-0.029845
-0.032233
-0.017460
0.020964
0.004716
-0.020076
-0.035665
-0.044088
-0.009389
0.042917
0.047999
0.010078
-0.028813
-0.061885
-0.056246
-0.025703
0.002940
0.036561
0.016637
-0.002694
0.042183
0.008529
-0.017632
0.064878
0.108124
0.036963
0.001734
-0.181510
-0.207793
0.153907
0.269622
0.237028
0.018411
-0.153099
0.023421
0.050996
-0.146693
-0.387294
-0.230475
0.167928
0.275714
0.091950
-0.167413
-0.156307
-0.064590
-0.183707
-0.390324
-0.418040
-0.294002
0.032291
0.198842
0.074591
0.057150
0.027886
0.060798
0.179042
-0.010672
-0.226316
-0.169511
-0.033108
0.256971
0.333008
0.184636
0.089457
0.007187
0.117764
0.158363
0.076128
0.089676
0.049975
0.078389
0.080471
0.026417
-0.026262
-0.100437
-0.082130
-0.017140
-0.025158
0.000021
0.016752
-0.020079
0.000372
0.009431
0.015820
0.035203
0.023135
-0.005129
0.008292
0.033002
0.045769
0.052258
0.029471
0.020232
0.031280
0.024019
0.009938
-0.003669
-0.015414
-0.010848
0.007337
0.015172
0.022294
0.016838
0.007484
0.011461
0.004813
-0.017026
-0.028049
-0.009082
0.001147
0.009399
0.010842
0.031285
0.049458
0.000942
-0.111482
-0.089144
0.021150
0.053041
0.097199
0.010334
-0.126066
-0.121102
-0.000591
0.093712
0.163458
0.199770
-0.046722
-0.229062
-0.094178
0.072480
0.126619
0.023316
0.074676
0.231737
0.001147
-0.171058
-0.192508
-0.301938
-0.007442
0.162448
-0.011150
0.235344
0.158069
-0.404495
-0.124903
0.172446
0.138089
0.062184
-0.275838
-0.139714
0.181577
0.385156
0.071473
-0.290604
-0.167254
0.108277
0.371498
0.180875
0.043594
0.105906
0.212813
0.159574
0.019794
-0.058324
-0.139424
-0.082884
-0.121863
-0.126483
-0.052667
0.050992
0.059776
0.033138
-0.007040
0.013205
0.063269
-0.057733
-0.099670
-0.084130
-0.062852
-0.031071
0.008078
-0.037287
-0.044522
0.005109
-0.015854
-0.006955
-0.014607
-0.024407
-0.029867
-0.021633
-0.015948
-0.021286
-0.037785
-0.042687
-0.027524
-0.035402
-0.038928
-0.025010
-0.016663
-0.018662
-0.018932
-0.022520
-0.028443
-0.042034
-0.044396
-0.028868
-0.036322
-0.041516
-0.015170
0.007360
-0.005834
-0.037895
-0.038899
-0.043147
-0.037902
0.043938
0.019368
-0.105581
-0.121795
-0.144637
-0.155344
0.093261
0.245325
0.136252
-0.083008
-0.214651
-0.123960
-0.033566
0.103958
0.013652
-0.239421
-0.184384
0.101978
0.365093
0.094944
-0.348375
-0.054284
0.209026
0.046695
0.064349
-0.063368
0.013950
0.697492
0.641269
-0.102956
-0.114176
0.196330
0.289437
0.260986
-0.187156
-0.398632
-0.307659
-0.204074
-0.140099
-0.211338
-0.192980
-0.126838
0.086594
0.063580
-0.020626
0.032870
-0.024822
-0.037748
0.070233
0.143922
0.160030
0.152249
0.053082
0.054944
0.110319
0.048246
0.065445
0.070958
-0.024302
-0.038550
0.004271
-0.068835
-0.070347
-0.051800
-0.097241
-0.042836
-0.003311
0.006037
-0.042144
-0.049348
-0.050733
-0.022726
-0.023641
-0.054118
-0.046923
-0.045464
-0.032649
-0.021884
-0.009914
-0.023774
-0.002821
0.004282
-0.004820
-0.005659
-0.015748
-0.022081
-0.011512
-0.011469
-0.021281
-0.024719
-0.025037
0.004448
0.015255
-0.020400
-0.039277
-0.024893
0.008093
0.013144
-0.032021
-0.066554
0.013987
0.067271
-0.059933
-0.160275
-0.129374
0.045670
0.171571
0.089410
-0.046425
-0.223847
-0.215399
0.122490
0.130224
0.014122
0.063037
-0.134646
0.057287
0.260056
-0.054567
-0.249450
-0.172704
0.144863
0.137813
-0.000874
0.018998
0.054941
0.525243
0.461797
-0.219772
-0.426979
-0.145305
0.343801
0.597506
0.135650
-0.218585
-0.079576
-0.178750
-0.132677
-0.112570
-0.333837
-0.230191
0.061155
0.228952
0.105765
-0.119360
-0.216461
-0.122086
0.037092
0.165046
0.080937
-0.098137
-0.094671
-0.132310
-0.087171
-0.081377
-0.075470
-0.070385
-0.120665
-0.069901
0.019130
0.016507
-0.029146
0.006283
-0.020295
0.013969
0.049088
0.002126
0.004932
-0.003710
-0.005192
0.009500
0.004740
-0.005080
0.010582
-0.001691
0.007871
0.018952
-0.007133
-0.018615
-0.022262
-0.000702
0.012326
0.006608
0.004033
0.009731
0.005149
0.007041
0.004509
-0.013604
-0.009892
0.004811
0.024666
0.023182
-0.014643
-0.024496
0.008726
0.053920
0.042251
-0.043726
-0.081158
-0.038990
0.007476
0.051593
0.070728
0.035034
0.027341
-0.014092
-0.092393
-0.034607
0.098704
0.183855
0.103879
-0.014427
-0.082722
-0.210827
-0.113599
0.173326
0.202224
0.093577
0.050725
0.017284
0.042553
0.151509
0.150752
-0.069779
0.095638
0.369945
0.081679
-0.050633
-0.115682
-0.361079
-0.381329
0.020646
0.297861
-0.103633
-0.105522
0.037456
-0.088559
0.020143
0.027288
-0.046289
0.038530
0.078026
-0.023330
-0.070713
-0.090221
-0.048806
-0.134788
-0.219423
-0.002435
0.104143
0.118220
0.082325
0.067139
0.087715
0.036525
-0.001956
-0.045994
-0.051083
-0.052349
-0.034506
-0.056350
-0.026286
-0.014664
-0.010753
0.004594
-0.012288
-0.012235
-0.005049
-0.021904
-0.016960
0.004432
-0.029300
-0.037305
-0.003353
-0.007874
-0.007113
0.003349
0.004220
0.002685
-0.007817
0.000420
0.003075
-0.005518
-0.003660
0.005395
-0.003072
-0.002102
-0.004120
-0.003936
-0.001260
-0.004916
-0.005122
0.003734
0.013134
0.004937
-0.001890
0.011944
0.006063
-0.027141
-0.031855
-0.024640
-0.014552
0.012760
0.025938
-0.005897
-0.029573
-0.032053
-0.027066
-0.007982
0.000223
-0.002050
-0.001695
0.001650
0.008564
0.007892
0.005124
0.005645
0.007388
0.007052
0.003825
0.004016
0.004827
0.001271
0.002443
0.006813
0.005271
0.005624
0.004396
0.004026
0.003663
0.003734
0.004081
0.003863
0.001554
0.001442
0.004608
0.004480
0.004898
0.003156
-0.001014
-0.003271
0.000505
0.002942
0.001822
0.003765
0.004447
0.001737
0.000322
0.000127
0.001732
-0.000202
0.000730
0.002837
0.001832
0.001834
0.001838
0.001376
0.000251
-0.000232
-0.000844
0.000896
0.002140
0.003229
0.002970
0.002112
0.001036
0.000412
-0.000033
0.000449
0.000401
0.000524
0.000181
0.000413
0.000439
0.000713
0.000870
0.000979
0.000680
0.000298
0.000052
0.000170
0.000243
0.000375
0.000268
0.000070
-0.000011
0.000153
0.000393
0.000516
0.000513
0.000164
-0.000234
-0.000339
-0.000144
0.000171
0.000477
0.000515
0.000234
-0.000078
-0.000093
-0.000024
0.000120
0.000233
0.000191
0.000054
0.000020
0.000083
0.000083
-0.000018
-0.000172
-0.000398
-0.000577
-0.000524
-0.000333
-0.000199
-0.000246
-0.000251
-0.000350
-0.000455
-0.000444
-0.000255
-0.000209
-0.000117