-0.026547
-0.021127
-0.022082
-0.023375
-0.019272
-0.020103
-0.023908
-0.023695
-0.022559
-0.031836
-0.032140
-0.019188
-0.008098
0.004952
-0.000871
-0.006544
-0.021755
-0.025894
0.010353
0.011488
-0.015830
-0.028593
-0.020682
0.022737
0.059379
0.071679
0.044474
0.001211
-0.053707
-0.077633
-0.041555
0.007007
0.048591
0.056325
0.047646
0.021522
0.050326
-0.012504
-0.104094
-0.109716
-0.093406
0.062954
0.174383
0.071312
-0.018059
-0.018562
-0.104354
-0.164182
-0.120816
-0.086313
0.040444
-0.001009
-0.072939
0.025233
0.025342
0.015855
-0.033678
-0.136969
-0.122447
-0.049897
-0.002095
0.086594
0.140761
0.087142
0.036190
0.035065
0.001540
0.013465
0.014470
0.017440
0.050166
0.009984
-0.041023
-0.034858
-0.007202
0.009094
0.015655
0.010042
0.007490
0.008486
0.003174
0.007106
0.015340
0.026107
0.023864
0.008616
-0.002975
-0.009901
-0.007741
-0.002227
0.012333
0.015051
0.010565
0.017017
0.022674
0.018814
0.015637
0.015844
0.012271
0.007733
0.010520
0.012518
0.014306
0.017935
0.018236
0.013512
0.014269
0.013543
0.004362
0.005895
0.008568
0.011464
0.008843
-0.005127
-0.005028
0.004950
0.007327
0.018854
0.017967
0.015970
0.002423
-0.023338
-0.016205
-0.010762
-0.000806
0.013068
0.024082
0.040523
0.004492
-0.037870
-0.004946
0.047583
0.029769
-0.017405
0.015663
0.034635
0.102192
0.106477
-0.039851
-0.099231
-0.148097
-0.122437
-0.013673
0.048497
0.151787
0.162309
-0.015677
-0.109475
-0.018651
-0.022422
-0.096105
-0.160560
-0.173475
0.004008
0.142772
0.141419
0.123471
0.039250
0.036714
0.090865
0.053215
-0.002770
-0.010083
0.037661
0.056656
0.056849
0.000934
-0.029776
-0.039283
-0.059679
-0.005860
0.003944
0.039128
0.058490
0.026378
0.011128
0.011901
0.024335
-0.003767
-0.026297
-0.052484
-0.043762
-0.016540
-0.010906
0.001997
-0.005539
-0.004790
-0.005815
-0.012553
-0.015613
-0.022127
-0.023735
-0.017368
-0.004092
-0.008917
-0.008642
-0.004995
-0.012042
-0.011580
-0.014940
-0.020412
-0.024123
-0.021878
-0.017213
-0.012796
-0.006721
-0.009332
-0.011781
-0.012694
-0.015682
-0.013693
-0.017834
-0.033283
-0.030245
-0.018725
-0.004795
-0.004444
-0.016848
-0.018390
-0.035577
-0.034918
-0.018135
-0.028073
-0.027337
-0.023834
0.003146
0.015281
-0.012393
0.004179
0.035462
0.062868
0.069622
0.053232
0.031272
-0.023769
-0.058175
-0.021267
0.051116
0.041487
-0.048251
-0.140392
-0.131252
-0.009253
0.064371
0.094167
0.030950
-0.005926
-0.047768
-0.095536
-0.011758
-0.068419
-0.099526
-0.099260
-0.111303
-0.115933
-0.138008
-0.032428
0.056847
0.138506
0.075798
0.002807
0.010201
0.046917
0.096312
0.066297
0.043601
0.000833
-0.019460
-0.044194
-0.009090
0.075538
0.091398
0.087637
0.041697
0.005894
-0.006330
-0.004354
0.013011
0.017800
0.016040
-0.006283
-0.008498
-0.013110
-0.016918
0.000340
0.006069
0.004764
0.001394
-0.005209
-0.011971
-0.000107
0.013300
0.005461
0.002277
-0.003851
-0.009484
-0.005840
0.004242
0.009636
0.007794
0.007928
0.003929
0.002388
0.000723
-0.000591
-0.003121
-0.003132
-0.000803
0.003578
0.002398
0.005591
0.017652
0.004686
-0.013467
-0.007205
-0.009427
-0.012026
0.002689
-0.009639
-0.019311
-0.018908
-0.031225
-0.031546
-0.020760
-0.019711
0.012057
0.017815
-0.036107
-0.009111
-0.059322
-0.065640
0.027010
-0.032923
-0.112440
-0.143912
-0.099209
0.042111
0.143638
0.065477
0.023971
-0.033476
-0.114004
-0.063843
-0.021267
0.006703
0.006495
-0.008510
-0.053166
-0.126172
-0.149955
-0.105167
-0.030388
0.021588
0.042074
0.060338
0.048089
-0.008678
-0.065767
-0.024878
-0.014980
-0.016994
0.003973
-0.032896
0.011230
0.022011
-0.008246
0.004819
0.020899
0.037461
0.040706
0.010166
-0.015502
0.022012
0.035060
0.049735
0.060855
0.034062
0.026434
0.030834
0.036819
0.027430
0.029159
0.020611
0.021660
0.037236
0.033759
0.036468
0.035543
0.025711
0.018667
0.023035
0.027808
0.028264
0.029029
0.027572
0.027127
0.026991
0.022276
0.019323
0.018460
0.018944
0.020422
0.025098
0.025961
0.023535
0.023018
0.025642
0.023418
0.018161
0.024047
0.015455
0.003841
0.004456
0.014772
0.014948
0.000850
0.002726
0.009874
0.016489
0.034171
0.024518
0.003111
0.021205
-0.002775
-0.026064
-0.024954
-0.088295
-0.049480
0.026952
0.039027
0.126149
0.084790
-0.050562
-0.074811
-0.125258
-0.050261
0.050188
0.083775
0.182005
0.154876
0.110238
0.033759
-0.087108
-0.085752
0.050244
0.144812
0.111171
0.025993
-0.028628
-0.025023
0.000482
0.044591
-0.014848
-0.016509
-0.019844
-0.039527
0.066332
0.014535
0.054646
0.092819
0.031056
0.012079
-0.098541
-0.079953
0.009713
0.028782
0.018507
-0.019903
-0.046422
-0.032247
-0.025778
-0.027257
-0.006703
-0.022453
-0.061742
-0.062800
-0.047116
-0.010572
0.002806
-0.005823
-0.017223
-0.031765
-0.032844
-0.029569
-0.019312
-0.015691
-0.011948
-0.019760
-0.022897
-0.016560
-0.030592
-0.031400
-0.022596
-0.020383
-0.023376
-0.030206
-0.031333
-0.027700
-0.019120
-0.014813
-0.015753
-0.023587
-0.030952
-0.028667
-0.019110
-0.013729
-0.015891
-0.023506
-0.027007
-0.022945
-0.009519
0.007670
0.004113
-0.009641
-0.026139
-0.038622
-0.031465
-0.020096
-0.004207
0.011304
0.002589
0.000006
0.002574
0.000554
-0.000651
0.037606
0.033463
-0.001627
-0.017864
-0.090941
-0.013844
0.077946
0.100808
0.097195
0.007964
-0.011247
-0.001448
-0.031167
-0.094508
-0.097283
-0.000958
0.081892
0.096293
0.023722
-0.032431
-0.041349
-0.078468
-0.145724
-0.178145
-0.161885
-0.107304
-0.000246
0.027004
0.021593
0.023487
-0.025670
-0.012517
-0.012376
-0.102655
-0.109877
-0.080921
-0.009960
0.100501
0.100837
0.068399
0.030388
-0.003933
0.015706
0.029113
0.041141
0.050837
0.057380
0.065338
0.060681
0.046950
0.010417
-0.016056
-0.014366
-0.012314
-0.001052
0.012652
0.008311
0.013745
0.019062
0.021362
0.029780
0.021664
0.002320
-0.004978
0.001508
0.010725
0.018939
0.021161
0.017393
0.019983
0.022566
0.018786
0.013676
0.007854
0.008023
0.014496
0.020192
0.026027
0.028821
0.026482
0.024526
0.023513
0.017030
0.008757
0.008090
0.008891
0.015174
0.016246
0.020859
0.022209
0.016635
-0.010039
-0.041140
-0.009572
0.012540
0.030887
0.022666
-0.020197
-0.050801
-0.045642
0.006788
0.041611
0.069871
0.037712
-0.054950
-0.071094
-0.030927
0.017446
0.057857
0.036092
0.072020
0.070721
-0.045022
-0.084768
-0.089997
-0.086113
0.022557
0.058767
0.025777
0.114770
-0.045436
-0.131206
0.012196
0.020283
0.056722
-0.027567
-0.076820
-0.009689
0.089666
0.064328
-0.031054
-0.036254
-0.057674
0.059299
0.097244
0.061811
0.085954
0.082946
0.087322
0.074252
0.034749
-0.008734
-0.013294
-0.045641
-0.048992
-0.000134
0.011886
0.037041
0.048932
0.020969
0.021790
0.033428
0.005326
-0.031170
-0.029194
-0.025261
-0.016006
0.003413
-0.006101
-0.018299
-0.021959
-0.021010
-0.022036
-0.015888
-0.012241
-0.017063
-0.009204
-0.005820
-0.007528
-0.011339
-0.014983
-0.020202
-0.024800
-0.024643
-0.024561
-0.023359
-0.020192
-0.015232
-0.014076
-0.016216
-0.020154
-0.024156
-0.026179
-0.027081
-0.032109
-0.026137
-0.017431
-0.015907
-0.020980
-0.032618
-0.030114
-0.028997
-0.020947
-0.008802
-0.032897
-0.074840
-0.075293
-0.085638
-0.037883
0.049742
0.058603
0.024954
-0.065407
-0.085247
-0.057727
-0.022017
0.004344
-0.047231
-0.078015
-0.034842
0.030417
0.073715
-0.034017
-0.104579
-0.005622
0.008009
-0.025970
-0.007141
0.010816
0.114120
0.262159
0.137779
0.021515
0.079520
0.078704
0.132100
0.080335
-0.054071
-0.064414
-0.082212
-0.086153
-0.052867
-0.020637
-0.048267
-0.007394
0.021523
-0.015280
0.013140
-0.016664
-0.028927
0.005072
0.020462
0.042879
0.071013
0.025776
-0.004588
0.028761
0.015152
0.019021
0.041995
0.015310
0.005067
0.024377
0.007963
0.006595
0.017214
-0.012282
-0.012027
0.009217
0.002682
-0.004282
-0.009936
-0.016463
-0.011441
-0.005915
-0.011951
-0.021134
-0.028134
-0.028164
-0.026184
-0.026110
-0.024485
-0.021138
-0.019495
-0.016678
-0.016821
-0.024055
-0.028035
-0.026445
-0.023271
-0.024873
-0.024804
-0.023391
-0.017846
-0.011706
-0.012931
-0.015059
-0.014511
-0.004291
-0.000152
-0.004149
-0.015606
-0.019158
0.005499
-0.007526
-0.052450
-0.062416
-0.036398
0.027785
0.047476
-0.005171
-0.040357
-0.095445
-0.067934
0.038051
0.009569
0.028387
0.006820
-0.037646
0.047522
0.008161
-0.055675
-0.084934
-0.042239
0.032050
-0.001150
0.015118
0.026426
0.110723
0.186682
0.057555
-0.086972
-0.087740
0.017278
0.162853
0.210805
0.060510
0.015970
-0.023426
-0.093430
-0.053724
-0.071961
-0.079431
-0.022013
0.036647
0.061657
0.038276
-0.055324
-0.073932
-0.011430
0.010769
0.046358
0.017440
-0.042598
-0.065275
-0.064203
-0.053431
-0.031603
-0.029589
-0.066255
-0.070380
-0.046793
-0.023199
-0.013892
-0.013078
-0.010357
-0.008399
-0.001070
-0.007973
-0.019009
-0.019526
-0.025080
-0.019179
-0.007594
-0.008668
-0.016192
-0.015318
-0.010930
-0.006003
-0.002467
-0.011983
-0.016323
-0.009710
-0.005235
-0.004712
-0.005555
-0.008937
-0.014216
-0.012645
-0.008831
-0.011493
-0.013106
-0.006700
-0.004102
-0.001897
-0.003975
-0.006619
0.000958
0.013223
0.020906
0.003456
-0.024231
-0.029353
-0.010441
0.005911
0.024643
0.029811
0.017109
0.009095
-0.022366
-0.023694
0.016060
0.058748
0.080371
0.038904
-0.007656
-0.045701
-0.071275
-0.007443
0.069596
0.074372
0.050653
0.016303
0.021498
0.027468
0.055363
0.060300
0.036923
0.130170
0.115396
0.042044
-0.001852
-0.086543
-0.105320
-0.089615
0.052491
0.070808
-0.013919
-0.005563
-0.026409
-0.012667
0.004004
0.000455
0.016426
0.046011
-0.007560
-0.028719
-0.022232
-0.050838
-0.054789
-0.088098
-0.062985
-0.001370
0.017687
0.028504
0.025407
0.033764
0.030063
0.017652
-0.009986
-0.012827
-0.012346
-0.038556
-0.022612
-0.010070
-0.018680
-0.011668
-0.000328
-0.006006
-0.011356
-0.005980
-0.015080
-0.015198
-0.001720
-0.004645
-0.011163
-0.007256
-0.009246
-0.023859
-0.020274
-0.015968
-0.020612
-0.017057
-0.009914
-0.009493
-0.010935
-0.005831
-0.004114
-0.005558
-0.004774
-0.003940
-0.004065
-0.004367
-0.003366
-0.003334
-0.003676
-0.001702
0.002280
0.003192
0.003882
0.004529
-0.003188
-0.011983
-0.012765
-0.007401
0.000864
0.011938
0.010327
-0.001349
-0.009385
-0.014703
-0.011221
-0.006848
-0.006176
-0.004897
-0.004216
-0.004092
-0.002518
-0.000027
-0.000161
0.000596
0.001005
0.001415
0.001803
0.000490
-0.000298
-0.000487
0.000847
0.002218
0.002558
0.000305
-0.001722
-0.001289
-0.000850
0.001351
0.003474
0.003039
0.002242
0.002207
0.001757
0.001671
0.001935
0.000606
-0.000372
0.000277
0.001055
0.001181
0.001464
0.001498
0.000770
0.000551
0.001144
0.001419
0.001862
0.002259
0.002159
0.001706
0.001597
0.001550
0.001659
0.001788
0.001824
0.001676
0.001515
0.001560
0.001859
0.002117
0.002167
0.002083
0.001914
0.001659
0.001409
0.001284
0.001228
0.001173
0.001117
0.000978
0.000792
0.000730
0.000776
0.000815
0.000784
0.000646
0.000489
0.000438
0.000477
0.000537
0.000520
0.000345
0.000175
0.000081
0.000069
0.000156
0.000224
0.000172
0.000022
-0.000065
-0.000028
0.000138
0.000311
0.000321
0.000163
-0.000025
-0.000090
-0.000029
0.000129
0.000198
0.000125
0.000016
-0.000071
-0.000109
-0.000067
-0.000013
0.035032
-0.011379
-0.042371
-0.091785
0.128426
0.138779
-0.092573
-0.102239
-0.020250
0.111468
0.188799
0.180113
0.070864
-0.106887
-0.188659
-0.265036
-0.053360
0.055672
0.128550
0.084298
0.057052
0.008141
0.179127
0.097504
-0.501037
-0.360063
-0.271092
0.264290
0.780413
-0.032919
-0.475342
0.057883
-0.062263
-0.734668
-0.236591
0.049871
0.185634
0.075497
-0.411130
0.267329
0.271338
0.081859
0.028549
-0.370353
-0.293848
0.084531
0.247902
0.366046
0.401236
0.135463
-0.072002
0.167135
0.146732
-0.059693
0.047464
0.000584
0.024699
-0.143728
-0.242064
-0.106726
-0.042028
0.070995
0.060754
0.051724
-0.017598
0.042271
0.046292
-0.030182
-0.025196
-0.022672
0.055532
0.044455
0.002776
-0.030937
-0.007136
-0.012803
0.012358
0.023862
0.034346
0.035697
0.034896
0.053193
0.038978
-0.000844
-0.023817
-0.000385
0.009776
0.023410
0.028133
0.009143
0.005055
0.002395
-0.003741
0.009651
-0.029808
-0.011584
0.016231
0.014256
0.002164
-0.057583
-0.050507
0.032278
0.020435
0.021706
0.059889
0.039355
0.027618
-0.095749
-0.016053
0.018175
-0.027407
0.030439
0.089284
0.192475
0.001730
-0.271440
0.029315
0.295799
0.058980
-0.262959
0.023459
0.158545
0.191752
0.440882
-0.298187
-0.557069
-0.332740
-0.272792
0.118922
0.093082
0.462382
0.557601
-0.308448
-0.649100
0.242284
0.335379
-0.515414
-0.564244
-0.381685
0.202516
0.758114
0.509068
0.232768
-0.067925
0.044294
0.513453
0.170329
-0.259747
-0.305635
0.098165
0.155151
-0.136937
-0.120595
-0.172791
-0.021549
-0.170378
0.067578
0.084477
-0.024924
0.211414
-0.033178
-0.059452
-0.078945
0.057384
-0.006609
-0.080435
-0.094056
-0.164080
0.022181
-0.029370
0.008957
0.012183
-0.027052
-0.002389
0.007561
0.008297
-0.015787
-0.024238
-0.078503
-0.033765
0.011673
0.017387
-0.002083
-0.013842
-0.009145
-0.006891
-0.025872
-0.044558
-0.035319
-0.024014
-0.002641
-0.004803
-0.023905
-0.042769
-0.034514
0.004479
-0.000455
-0.027252
-0.101338
-0.039774
0.032747
0.038385
0.051745
-0.043254
-0.031197
-0.058192
-0.072229
0.065379
-0.016807
-0.093662
-0.031734
0.099555
0.168304
-0.074586
0.006751
0.215636
0.191677
0.157559
0.086673
0.069582
-0.187008
-0.341579
-0.067864
0.251638
0.130555
-0.339834
-0.507764
-0.373242
0.203117
0.349642
0.190299
-0.014208
-0.205046
-0.060996
-0.352467
0.151964
-0.066837
-0.609144
-0.066313
-0.126160
-0.142727
-0.395268
0.251518
0.551583
0.461723
0.321782
-0.178134
0.152843
0.229751
0.414407
0.050415
-0.094989
-0.120038
-0.127461
-0.005033
-0.069747
0.293722
0.173886
0.110666
0.036058
-0.079220
-0.122595
-0.062440
0.008598
-0.109588
-0.069636
-0.070412
-0.048922
-0.046946
0.029296
0.020811
0.000932
0.007945
0.001894
0.026399
0.008341
-0.004644
-0.013289
0.000659
-0.011063
-0.018330
-0.014682
0.008713
0.027805
0.023013
0.014040
-0.004365
-0.007120
0.010987
0.021203
0.007664
-0.039536
-0.035919
-0.012034
-0.004253
-0.017364
-0.007141
0.047822
-0.017228
-0.093805
-0.001110
0.024034
-0.045333
0.050728
0.007173
-0.099888
-0.029377
-0.033368
-0.069461
-0.047266
-0.022630
0.042207
0.105753
-0.165745
-0.024327
-0.045004
-0.352454
0.345425
0.082724
-0.502035
-0.442713
-0.074973
0.404670
0.563933
0.142898
-0.176581
0.017149
-0.393711
-0.108710
0.129197
-0.010920
-0.155191
-0.047586
0.064968
-0.441306
-0.399133
-0.021288
0.151459
0.116115
0.142415
0.251196
0.257088
-0.044403
-0.294969
0.024306
0.081509
-0.206923
0.097763
0.053879
0.006983
0.170083
-0.068938
-0.004173
0.070169
0.209313
0.119653
-0.006603
-0.073620
0.001966
0.144856
0.110711
0.093048
-0.042632
0.078580
0.102046
0.103699
0.013635
-0.018946
0.009634
-0.039149
0.035651
0.038858
0.045261
0.021454
0.013937
0.000228
0.013500
0.010871
0.018859
0.034051
0.016254
0.033865
0.031400
0.028655
0.024054
0.003500
0.002157
0.006623
0.013523
0.024068
0.033702
0.017119
0.000008
-0.000724
-0.007186
0.049321
0.032865
-0.043280
-0.025321
0.049641
0.046087
-0.057332
-0.039064
0.022510
0.015521
0.079918
0.059048
-0.078656
0.030670
0.032334
-0.143893
-0.037420
-0.271542
-0.212386
0.297791
0.123224
0.347868
0.397054
-0.360678
-0.278710
-0.152385
-0.078182
0.325358
0.154404
0.532211
0.374938
0.149474
0.150122
-0.510049
-0.409088
0.264443
0.576524
0.055482
-0.291012
-0.229329
-0.052888
-0.005969
0.144571
-0.076987
-0.357951
0.102394
-0.124699
0.316095
0.036259
-0.224824
0.420460
-0.033608
-0.014454
-0.394886
-0.285414
0.287613
0.122176
-0.109057
-0.218851
-0.169856
-0.063515
0.055449
0.012450
0.024151
-0.123807
-0.207881
-0.056072
-0.031233
0.015551
0.063911
-0.024383
0.001539
0.005254
-0.028257
0.024302
-0.016549
-0.006400
-0.041959
-0.026222
-0.019720
-0.041525
0.013718
-0.018875
-0.046594
-0.049996
-0.026796
-0.006459
-0.003271
-0.026254
-0.001353
0.000937
-0.017762
-0.021056
-0.040837
-0.036339
0.006459
0.014333
-0.013234
-0.044218
-0.064639
-0.034857
0.015426
0.087710
0.044629
-0.046418
-0.053254
-0.072550
-0.043287
0.002996
0.029407
0.064678
-0.002382
0.001294
0.068371
0.013891
-0.011057
0.112604
0.182253
-0.110902
-0.049850
-0.309121
-0.117320
0.495824
0.235636
0.161267
-0.194418
-0.131461
0.130126
-0.057015
-0.378789
-0.520073
0.092534
0.382950
0.228610
-0.103863
-0.257891
-0.070258
-0.123278
-0.392448
-0.529642
-0.335394
-0.156852
0.249418
0.321627
0.013736
0.095945
0.083248
0.122499
0.253821
-0.265417
-0.385216
-0.050353
0.103456
0.481093
0.327851
0.086401
0.074968
0.010755
0.246222
0.158811
0.004831
0.013129
0.029906
0.102887
0.029271
-0.013348
-0.085877
-0.119344
-0.031018
-0.007033
-0.070379
-0.012432
-0.010035
-0.025119
0.017078
-0.003583
0.037148
0.072846
0.027225
-0.008813
-0.007570
-0.003037
0.040090
0.036082
0.015415
0.025655
0.025224
0.045571
0.031301
0.011485
-0.000453
-0.005441
0.016674
0.029454
0.038791
0.025362
0.001003
0.005552
0.012160
-0.019573
-0.016469
0.003111
0.006992
0.010218
0.012129
0.064989
0.010830
-0.068794
-0.203754
-0.019261
0.118273
0.053396
0.093134
-0.100264
-0.170059
-0.116956
0.138517
0.192277
0.183409
0.157552
-0.289042
-0.287241
0.087584
0.165780
0.101498
-0.016334
0.149305
0.317374
-0.277553
-0.347611
-0.130222
-0.246449
0.078352
0.302818
-0.061077
0.365674
0.032430
-0.857144
0.372411
0.348806
-0.002578
-0.196715
-0.337714
0.168462
0.305654
0.445221
-0.385019
-0.230342
-0.051057
0.306961
0.561641
-0.062534
0.058661
0.160278
0.269108
-0.009201
-0.070961
-0.123598
-0.147244
-0.125656
-0.227403
-0.039835
0.022062
0.076940
0.096020
0.030946
-0.009615
0.084347
-0.018829
-0.086263
-0.125796
-0.130563
-0.063334
-0.043249
0.010224
-0.025740
-0.010449
-0.027625
-0.001259
0.008025
-0.002240
-0.015452
-0.047289
-0.025337
-0.005073
0.010239
-0.029017
-0.051624
-0.046424
-0.024642
-0.014638
-0.027989
-0.028890
-0.019780
-0.007680
-0.009117
-0.034520
-0.050219
-0.035642
-0.026321
-0.054848
-0.047943
-0.003043
0.000346
-0.029130
-0.073656
-0.041668
-0.021066
-0.014337
0.079782
-0.019267
-0.221494
-0.151278
-0.127731
-0.123142
0.339966
0.275490
0.001282
-0.284911
-0.256345
0.035425
0.010279
0.146671
-0.152552
-0.360101
-0.023004
0.369311
0.433046
-0.197865
-0.553696
0.320740
0.388939
-0.199245
0.002245
0.125163
0.289086
0.971017
0.411047
-0.642824
0.146803
0.403815
0.171633
0.056466
-0.597430
-0.493988
-0.304358
-0.138732
-0.182631
-0.138460
-0.125745
-0.096399
0.365555
0.033898
-0.020072
0.047953
-0.085663
0.031029
0.134329
0.200192
0.158598
0.094701
-0.054815
0.143487
0.102854
-0.074632
0.061785
0.089090
-0.042510
-0.065824
-0.027911
-0.060136
0.008269
-0.089194
-0.036347
-0.009293
-0.018511
0.014648
-0.036073
-0.065447
-0.086500
-0.017024
-0.036584
-0.027166
-0.068238
-0.072211
-0.039841
-0.028509
-0.029231
-0.037912
-0.012968
-0.001589
0.001695
-0.011701
0.002324
0.002175
-0.001988
-0.007030
-0.022023
-0.015398
-0.001496
0.024270
-0.007679
-0.034782
-0.044334
0.000590
0.040880
-0.023740
-0.059509
-0.059168
0.082674
0.052669
-0.225402
-0.205697
-0.011601
0.185894
0.213840
-0.047574
-0.172798
-0.252531
-0.182148
0.401253
0.097641
-0.126232
0.111769
-0.233473
0.292837
0.239198
-0.349597
-0.310067
-0.027251
0.419726
-0.057613
-0.046837
0.166051
0.258754
0.797443
0.101936
-0.680263
-0.423546
0.286217
0.606562
0.550030
-0.273812
-0.437413
0.081764
-0.336736
-0.137133
-0.126937
-0.423170
-0.156629
0.309432
0.358526
-0.052320
-0.289466
-0.247851
0.112923
0.125009
0.170863
-0.046741
-0.200373
-0.148740
-0.178942
-0.050457
-0.104492
-0.062074
-0.102375
-0.021790
0.014056
0.010671
0.018184
0.008489
0.048124
0.005989
0.029296
0.030625
0.047975
0.016866
-0.020215
-0.034918
-0.037534
0.006861
0.030990
0.009706
-0.011113
-0.003621
-0.000648
0.006415
-0.028074
-0.032429
-0.008950
0.009266
0.014837
-0.000451
0.006337
0.002244
-0.007684
-0.013089
-0.010683
0.009454
0.009829
0.021762
0.007069
-0.038107
-0.013278
0.035412
0.066855
-0.003782
-0.105759
-0.085926
0.017885
0.050335
0.069291
0.105355
0.019420
0.014551
-0.066241
-0.127723
0.088056
0.208885
0.206476
-0.002344
-0.120757
-0.141839
-0.262957
0.035594
0.402830
0.169239
-0.016168
0.017675
0.082853
0.113182
0.127842
0.156366
-0.189237
0.284481
0.458134
-0.239256
-0.111550
-0.307201
-0.467136
-0.351663
0.349859
0.444854
-0.498340
0.006410
0.159368
-0.075281
-0.025515
0.041902
0.029377
0.072640
0.009171
-0.188068
0.026874
-0.145424
-0.143223
-0.186750
-0.143210
0.166154
0.146264
0.162289
0.105415
0.106310
0.035076
0.000503
-0.010406
-0.064016
-0.067564
-0.075499
-0.062736
-0.068461
-0.009556
0.011497
0.006177
-0.001700
-0.000885
0.007739
0.000021
-0.022101
-0.031135
-0.038489
-0.025895
-0.036221
-0.029846
0.004965
0.001192
-0.013024
0.001408
-0.003111
-0.005352
-0.002776
0.006199
0.010875
0.006207
0.004920
-0.001432
-0.002258
-0.008227
-0.009057
-0.012552
-0.001576
-0.000087
0.011177
0.022403
0.015671
0.005416
0.017760
-0.011289
-0.049251
-0.032500
-0.018810
-0.012216
0.025116
0.030095
-0.040147
-0.043353
-0.024552
-0.012164
0.007627
0.000262
-0.001398
0.000105
0.004108
0.006526
0.009937
0.006147
0.004717
0.009801
0.005173
0.005350
0.004381
0.002357
0.001114
0.006244
0.005784
0.005336
0.008155
0.004116
0.004281
0.004842
0.004996
0.002532
0.002461
0.003135
0.004213
0.004235
0.005196
0.003751
-0.000659
-0.003077
-0.004970
-0.000321
0.004056
0.001571
0.001229
0.001842
0.001237
0.000357
0.000693
0.001951
-0.000277
0.000958
0.003125
0.003001
0.003032
0.003017
0.001773
0.000679
0.000311
0.000517
0.001916
0.002684
0.003034
0.002164
0.000944
0.000562
0.000377
0.000471
0.000884
0.000720
0.000603
0.000102
0.000083
0.000454
0.000863
0.000865
0.000730
0.000346
0.000003
0.000071
0.000295
0.000267
0.000165
-0.000257
-0.000309
-0.000099
0.000256
0.000476
0.000506
0.000102
-0.000299
-0.000364
-0.000183
0.000241
0.000668
0.000696
0.000349
0.000090
-0.000020
0.000135
0.000292
0.000330
0.000115
-0.000100
-0.000162
-0.000078
0.000054
-0.000028
-0.000269
-0.000443
-0.000565
-0.000574
-0.000431
-0.000271
-0.000283
-0.000384
-0.000344
-0.000296
-0.000330
-0.000296
-0.000163
-0.000190
-0.000111