0.471359
0.314541
0.103189
-0.073154
-0.138609
-0.059981
0.140531
0.393781
0.610060
0.713333
0.670254
0.502884
0.280235
0.091898
0.013797
0.079177
0.265892
0.504850
0.706399
0.794561
0.736052
0.552991
0.314455
0.110094
0.015898
0.065175
0.235841
0.458870
0.644671
0.717329
0.643620
0.445725
0.192777
-0.025515
-0.133108
-0.096639
0.061858
0.273404
0.448454
0.511136
0.428264
0.222056
-0.038322
-0.263132
-0.376305
-0.344457
-0.189602
0.019294
0.192697
0.254740
0.172243
-0.032581
-0.290570
-0.511995
-0.620801
-0.583621
-0.422490
-0.206400
-0.024911
0.046077
-0.026653
-0.220924
-0.467617
-0.677047
-0.773206
-0.722778
-0.547851
-0.317469
-0.121250
-0.035152
-0.092451
-0.271032
-0.501836
-0.695243
-0.775308
-0.708776
-0.517801
-0.271489
-0.059522
0.042080
-0.000019
-0.163765
-0.380158
-0.559634
-0.626302
-0.546963
-0.343818
-0.086023
0.136694
0.248274
0.215337
0.059904
-0.149059
-0.322017
-0.383105
-0.299145
-0.092357
0.168087
0.392452
0.504669
0.471359
0.314541
0.103189
-0.073154
-0.138609
-0.059981
0.140531
0.393781
0.610060
0.713333
0.670254
0.502884
0.280235
0.091898
0.013797
0.079177
0.265892
0.504850
0.706399
0.794561
0.736052
0.552991
0.314455
0.110094
0.015898
0.065175
0.235841
0.458870
0.644671
0.717329
0.643620
0.445725
0.192777
-0.025515
-0.133108
-0.096639
0.061858
0.273404
0.448454
0.511136
0.428264
0.222056
-0.038322
-0.263132
-0.376305
-0.344457
-0.189602
0.019294
0.192697
0.254740
0.172243
-0.032581
-0.290570
-0.511995
-0.620801
-0.583621
-0.422490
-0.206400
-0.024911
0.046077
-0.026653
-0.220924
-0.467617
-0.677047
-0.773206
-0.722778
-0.547851
-0.317469
-0.121250
-0.035152
-0.092451
-0.271032
-0.501836
-0.695243
-0.775308
-0.708776
-0.517801
-0.271489
-0.059522
0.042080
-0.000019
-0.163765
-0.380158
-0.559634
-0.626302
-0.546963
-0.343818
-0.086023
0.136694
0.248274
0.215337
0.059904
-0.149059
-0.322017
-0.383105
-0.299145
-0.092357
0.168087
0.392452
0.504669
1.221151
0.938356
0.487015
0.040092
-0.231888
-0.225971
0.053900
0.498401
0.934595
1.191998
1.167716
0.865764
0.395552
-0.069881
-0.359937
-0.371591
-0.108716
0.319431
0.739977
0.982501
0.944167
0.629043
0.146595
-0.330092
-0.630375
-0.651188
-0.396370
0.024856
0.439644
0.677595
0.635890
0.318614
-0.164763
-0.641150
-0.939903
-0.957967
-0.699188
-0.272806
0.148312
0.393742
0.360638
0.053049
-0.419594
-0.884239
-1.170294
-1.174748
-0.901505
-0.459860
-0.022740
0.239367
0.223548
-0.066215
-0.520560
-0.966510
-1.233544
-1.218728
-0.926041
-0.464856
-0.008176
0.273433
0.276983
0.006377
-0.429097
-0.856537
-1.105495
-1.073109
-0.763426
-0.285886
0.186441
0.482930
0.500533
0.243098
-0.180140
-0.596326
-0.835057
-0.793511
-0.475772
0.008689
0.486774
0.787837
0.808809
0.553528
0.131218
-0.285269
-0.525528
-0.486732
-0.172953
0.306351
0.778107
1.071689
1.084061
0.819093
0.386048
-0.042179
-0.295138
-0.269951
0.029363
0.493405
0.949159
1.226065
1.221151
0.938356
0.487015
0.040092
-0.231888
-0.225971
0.053900
0.498401
0.934595
1.191998
1.167716
0.865764
0.395552
-0.069881
-0.359937
-0.371591
-0.108716
0.319431
0.739977
0.982501
0.944167
0.629043
0.146595
-0.330092
-0.630375
-0.651188
-0.396370
0.024856
0.439644
0.677595
0.635890
0.318614
-0.164763
-0.641150
-0.939903
-0.957967
-0.699188
-0.272806
0.148312
0.393742
0.360638
0.053049
-0.419594
-0.884239
-1.170294
-1.174748
-0.901505
-0.459860
-0.022740
0.239367
0.223548
-0.066215
-0.520560
-0.966510
-1.233544
-1.218728
-0.926041
-0.464856
-0.008176
0.273433
0.276983
0.006377
-0.429097
-0.856537
-1.105495
-1.073109
-0.763426
-0.285886
0.186441
0.482930
0.500533
0.243098
-0.180140
-0.596326
-0.835057
-0.793511
-0.475772
0.008689
0.486774
0.787837
0.808809
0.553528
0.131218
-0.285269
-0.525528
-0.486732
-0.172953
0.306351
0.778107
1.071689
1.084061
0.819093
0.386048
-0.042179
-0.295138
-0.269951
0.029363
0.493405
0.949159
1.226065