0.451952
0.458500
0.452508
0.434910
0.406788
0.369711
0.326067
0.279183
0.233110
0.192077
0.159755
0.138549
0.129148
0.130483
0.140093
0.154793
0.171403
0.187326
0.200791
0.210754
0.216543
0.217445
0.212444
0.200250
0.179616
0.149853
0.111309
0.065627
0.015645
-0.035073
-0.082931
-0.125008
-0.159545
-0.186070
-0.205130
-0.217772
-0.224950
-0.227121
-0.224144
-0.215525
-0.200897
-0.180510
-0.155551
-0.128130
-0.100921
-0.076590
-0.057207
-0.043846
-0.036540
-0.034577
-0.037024
-0.043277
-0.053407
-0.068168
-0.088658
-0.115755
-0.149535
-0.188906
-0.231599
-0.274534
-0.314440
-0.348518
-0.374930
-0.392952
-0.402783
-0.405098
-0.400568
-0.389530
-0.371967
-0.347789
-0.317304
-0.281673
-0.243133
-0.204863
-0.170481
-0.143319
-0.125684
-0.118360
-0.120478
-0.129807
-0.143327
-0.157900
-0.170784
-0.179873
-0.183609
-0.180672
-0.169645
-0.148852
-0.116483
-0.071020
-0.011827
0.060310
0.142905
0.231900
0.322193
0.408436
0.485877
0.550998
0.601793
0.637652
0.658950
0.666546
0.661394
0.644432
0.616739
0.579884
0.536254
0.489177
0.442703
0.401063
0.367927
0.345701
0.335077
0.334985
0.342967
0.355838
0.370421
0.384120
0.395167
0.402521
0.405511
0.403428
0.395258
0.379714
0.355554
0.322091
0.279676
0.229958
0.175778
0.120704
0.068336
0.021599
-0.017742
-0.049210
-0.073350
-0.091201
-0.103713
-0.111338
-0.113929
-0.110987
-0.102139
-0.087629
-0.068640
-0.047273
-0.026198
-0.008076
0.005031
0.012055
0.012968
0.008490
-0.000441
-0.013215
-0.029894
-0.051227
-0.078308
-0.112005
-0.152388
-0.198359
-0.247644
-0.297154
-0.343614
-0.384216
-0.417117
-0.441587
-0.457817
-0.466478
-0.468232
-0.463412
-0.451994
-0.433882
-0.409378
-0.379638
-0.346891
-0.314312
-0.285514
-0.263821
-0.251537
-0.249439
-0.256654
-0.270945
-0.289290
-0.308541
-0.325956
-0.339423
-0.347379
-0.348500
-0.341367
-0.324297
-0.295478
-0.253389
-0.197390
-0.128263
-0.048492
0.037867
0.125716
0.209709
0.285096
0.348361
0.397501
0.431905
0.488800
0.478542
0.456183
0.422978
0.380748
0.332208
0.281045
0.231640
0.188448
0.155205
0.134206
0.125881
0.128813
0.140188
0.156526
0.174454
0.191275
0.205187
0.215129
0.220383
0.220156
0.213333
0.198553
0.174583
0.140868
0.098013
0.048012
-0.005925
-0.059914
-0.110156
-0.153664
-0.188745
-0.215064
-0.233327
-0.244689
-0.250153
-0.250166
-0.244568
-0.232887
-0.214858
-0.190930
-0.162556
-0.132121
-0.102525
-0.076552
-0.056260
-0.042616
-0.035485
-0.034004
-0.037148
-0.044305
-0.055602
-0.071866
-0.094220
-0.123474
-0.159533
-0.201048
-0.245471
-0.289485
-0.329680
-0.363249
-0.388450
-0.404724
-0.412438
-0.412389
-0.405304
-0.391529
-0.371046
-0.343811
-0.310263
-0.271783
-0.230887
-0.191022
-0.155999
-0.129204
-0.112841
-0.107452
-0.111846
-0.123461
-0.139004
-0.155147
-0.169051
-0.178565
-0.182096
-0.178261
-0.165548
-0.142177
-0.106281
-0.056383
0.007967
0.085654
0.173754
0.267741
0.362094
0.451168
0.530071
0.595301
0.644975
0.678659
0.696898
0.700693
0.691118
0.669232
0.636290
0.594112
0.545413
0.493881
0.443898
0.399917
0.365677
0.343473
0.333737
0.335052
0.344607
0.358923
0.374629
0.389032
0.400330
0.407464
0.409722
0.406311
0.396122
0.377794
0.350100
0.312486
0.265564
0.211331
0.153001
0.094461
0.039517
-0.008842
-0.048916
-0.080367
-0.103894
-0.120648
-0.131626
-0.137271
-0.137416
-0.131584
-0.119503
-0.101617
-0.079374
-0.055153
-0.031846
-0.012231
0.001639
0.008804
0.009404
0.004312
-0.005444
-0.019245
-0.037210
-0.060160
-0.089212
-0.125169
-0.167929
-0.216137
-0.267238
-0.317908
-0.364732
-0.404894
-0.436648
-0.459427
-0.473592
-0.479934
-0.479173
-0.471649
-0.457338
-0.436190
-0.408638
-0.376057
-0.340957
-0.306779
-0.277329
-0.255987
-0.244952
-0.244761
-0.254217
-0.270755
-0.291074
-0.311843
-0.330218
-0.344045
-0.351725
-0.351872
-0.342970
-0.323235
-0.290794
-0.244171
-0.182911
-0.108125
-0.022734
0.068737
0.160770
0.247723
0.324707
0.388219
0.436380
0.468757
0.485896