-0.156853
-0.101831
-0.043298
0.015544
0.071847
0.123531
0.169409
0.209018
0.242262
0.269036
0.288993
0.301575
0.306267
0.303004
0.292521
0.276515
0.257491
0.238342
0.221754
0.209655
0.202863
0.201057
0.203062
0.207331
0.212453
0.217492
0.222067
0.226148
0.229694
0.232295
0.232981
0.230304
0.222673
0.208840
0.188348
0.161770
0.130650
0.097142
0.063481
0.031457
0.002078
-0.024464
-0.048549
-0.070691
-0.091106
-0.109446
-0.124818
-0.136067
-0.142227
-0.142954
-0.138776
-0.131053
-0.121654
-0.112477
-0.104965
-0.099820
-0.096997
-0.095977
-0.096208
-0.097533
-0.100427
-0.105956
-0.115447
-0.129997
-0.150011
-0.174917
-0.203201
-0.232725
-0.261234
-0.286865
-0.308481
-0.325732
-0.338828
-0.348147
-0.353848
-0.355639
-0.352834
-0.344649
-0.330650
-0.311164
-0.287477
-0.261729
-0.236513
-0.214303
-0.196888
-0.185015
-0.178326
-0.175612
-0.175263
-0.175742
-0.175907
-0.175078
-0.172845
-0.168727
-0.161848
-0.150797
-0.133760
-0.108913
-0.074950
-0.031569
0.020270
0.078412
0.139887
0.201491
0.260372
0.314449
0.362530
0.404152
0.439217
0.467616
0.489004
0.502818
0.508545
0.506115
0.496267
0.480693
0.461901
0.442781
0.426022
0.413549
0.406183
0.403601
0.404630
0.407725
0.411475
0.414946
0.417758
0.419881
0.421280
0.421544
0.419707
0.414322
0.403802
0.386901
0.363164
0.333170
0.298464
0.261206
0.223632
0.187536
0.153933
0.123016
0.094410
0.067606
0.042394
0.019123
-0.001305
-0.017733
-0.029188
-0.035322
-0.036657
-0.034548
-0.030859
-0.027480
-0.025851
-0.026667
-0.029877
-0.034956
-0.041347
-0.048885
-0.058041
-0.069873
-0.085703
-0.106622
-0.133026
-0.164341
-0.199044
-0.234990
-0.269920
-0.301962
-0.329975
-0.353602
-0.373046
-0.388681
-0.400655
-0.408675
-0.412046
-0.409978
-0.402033
-0.388530
-0.370749
-0.350825
-0.331345
-0.314777
-0.302906
-0.296472
-0.295111
-0.297611
-0.302355
-0.307802
-0.312805
-0.316678
-0.319008
-0.319308
-0.316699
-0.309765
-0.296688
-0.275640
-0.245312
-0.205397
0.188408
0.132215
0.095716
0.081218
0.087692
0.110922
0.144479
0.181237
0.214920
0.241199
0.258027
0.265180
0.263278
0.252725
0.233032
0.202810
0.160424
0.105052
0.037690
-0.038334
-0.117608
-0.193622
-0.260185
-0.312807
-0.349566
-0.371169
-0.380220
-0.379978
-0.373075
-0.360684
-0.342409
-0.316931
-0.283118
-0.241142
-0.193149
-0.143194
-0.096441
-0.057904
-0.031198
-0.017755
-0.016781
-0.025961
-0.042622
-0.064889
-0.092391
-0.126213
-0.168135
-0.219423
-0.279665
-0.346098
-0.413735
-0.476271
-0.527480
-0.562627
-0.579421
-0.578199
-0.561333
-0.532121
-0.493624
-0.447890
-0.395853
-0.337914
-0.274917
-0.209075
-0.144407
-0.086417
-0.041050
-0.013231
-0.005475
-0.017046
-0.043975
-0.079915
-0.117574
-0.150215
-0.172766
-0.182212
-0.177246
-0.157429
-0.122297
-0.070842
-0.001643
0.086367
0.192804
0.314838
0.446768
0.580415
0.706314
0.815373
0.900506
0.957746
0.986517
0.989056
0.969244
0.931318
0.878932
0.814868
0.741417
0.661179
0.577853
0.496572
0.423553
0.365068
0.326047
0.308800
0.312301
0.332335
0.362478
0.395607
0.425449
0.447679
0.460255
0.462957
0.456408
0.441017
0.416301
0.380875
0.333109
0.272186
0.199109
0.117210
0.031908
-0.050282
-0.123162
-0.182237
-0.225577
-0.253883
-0.269754
-0.276440
-0.276568
-0.271302
-0.260241
-0.242059
-0.215615
-0.181074
-0.140576
-0.098168
-0.059006
-0.028097
-0.009049
-0.003285
-0.010005
-0.026885
-0.051245
-0.081204
-0.116380
-0.157853
-0.207395
-0.266265
-0.334042
-0.407956
-0.483013
-0.552901
-0.611387
-0.653727
-0.677625
-0.683409
-0.673446
-0.651026
-0.619205
-0.580021
-0.534404
-0.482749
-0.425893
-0.366043
-0.307212
-0.254898
-0.215041
-0.192561
-0.189965
-0.206516
-0.238237
-0.278778
-0.320842
-0.357686
-0.384236
-0.397472
-0.396084
-0.379629
-0.347640
-0.299104
-0.232601
-0.147057
-0.042857
0.077173
0.207333
0.339447
0.464051
0.572054
0.656370
0.713035
0.741472
0.743919
0.724257
0.686723
0.634970
0.571780
0.499443
0.420558
0.338821
0.259366