0.109977
0.163255
0.206561
0.239473
0.262607
0.277051
0.283825
0.283569
0.276583
0.263160
0.244060
0.220889
0.196193
0.173171
0.155068
0.144443
0.142547
0.149038
0.162128
0.179118
0.197128
0.213776
0.227595
0.238045
0.245192
0.249189
0.249809
0.246236
0.237199
0.221429
0.198233
0.167982
0.132287
0.093777
0.055532
0.020367
-0.009807
-0.034312
-0.053618
-0.068902
-0.081414
-0.091907
-0.100336
-0.105946
-0.107683
-0.104791
-0.097324
-0.086377
-0.073945
-0.062436
-0.054030
-0.050108
-0.050978
-0.055982
-0.063942
-0.073771
-0.084997
-0.098010
-0.113910
-0.134024
-0.159262
-0.189566
-0.223653
-0.259173
-0.293219
-0.323027
-0.346604
-0.363083
-0.372692
-0.376367
-0.375190
-0.369885
-0.360568
-0.346856
-0.328292
-0.304898
-0.277626
-0.248507
-0.220395
-0.196370
-0.178985
-0.169606
-0.168081
-0.172818
-0.181267
-0.190594
-0.198332
-0.202777
-0.203017
-0.198637
-0.189257
-0.174134
-0.152024
-0.121398
-0.080948
-0.030223
0.029878
0.096933
0.167262
0.236558
0.300703
0.356505
0.402145
0.437198
0.462277
0.478470
0.486793
0.487887
0.482049
0.469571
0.451212
0.428578
0.404214
0.381319
0.363137
0.352228
0.349843
0.355640
0.367833
0.383722
0.400429
0.415575
0.427691
0.436241
0.441293
0.443000
0.441141
0.434898
0.423007
0.404198
0.377783
0.344136
0.304871
0.262620
0.220469
0.181234
0.146831
0.117943
0.094104
0.074141
0.056809
0.041360
0.027842
0.017018
0.009945
0.007384
0.009289
0.014568
0.021232
0.026879
0.029336
0.027226
0.020248
0.009065
-0.005138
-0.021268
-0.038847
-0.058258
-0.080595
-0.107179
-0.138914
-0.175735
-0.216352
-0.258410
-0.298995
-0.335335
-0.365432
-0.388414
-0.404500
-0.414620
-0.419851
-0.420910
-0.417906
-0.410452
-0.398082
-0.380813
-0.359591
-0.336441
-0.314212
-0.295978
-0.284284
-0.280493
-0.284446
-0.294547
-0.308240
-0.322684
-0.335411
-0.344708
-0.349660
-0.349848
-0.344886
-0.334028
-0.316026
-0.289344
-0.252674
-0.205559
-0.148895
-0.085101
-0.017852
0.048545
0.234070
0.170503
0.119277
0.085477
0.072065
0.078863
0.102345
0.136363
0.173587
0.207203
0.232307
0.246569
0.250006
0.244037
0.230239
0.209327
0.180778
0.143210
0.095378
0.037331
-0.028753
-0.098446
-0.165785
-0.224609
-0.270071
-0.299792
-0.314250
-0.316273
-0.309829
-0.298576
-0.284685
-0.268385
-0.248345
-0.222737
-0.190531
-0.152500
-0.111540
-0.072153
-0.039283
-0.016935
-0.007103
-0.009400
-0.021518
-0.040345
-0.063280
-0.089242
-0.118973
-0.154497
-0.197953
-0.250232
-0.309969
-0.373272
-0.434350
-0.486829
-0.525300
-0.546582
-0.550260
-0.538347
-0.514257
-0.481495
-0.442596
-0.398697
-0.349897
-0.296196
-0.238617
-0.179973
-0.124929
-0.079212
-0.048222
-0.035471
-0.041423
-0.063129
-0.094815
-0.129219
-0.159228
-0.179273
-0.186049
-0.178396
-0.156503
-0.120840
-0.071318
-0.007070
0.073038
0.169345
0.280234
0.401357
0.525659
0.644281
0.748134
0.829672
0.884294
0.910962
0.911858
0.891279
0.854185
0.804954
0.746752
0.681673
0.611509
0.538710
0.467075
0.401769
0.348575
0.312582
0.296753
0.300911
0.321535
0.352477
0.386414
0.416532
0.437931
0.448285
0.447616
0.437345
0.419054
0.393464
0.360054
0.317449
0.264407
0.200984
0.129362
0.053975
-0.019208
-0.084021
-0.135610
-0.171592
-0.192437
-0.200966
-0.201143
-0.196618
-0.189556
-0.180178
-0.167148
-0.148630
-0.123587
-0.092784
-0.059113
-0.027066
-0.001579
0.013348
0.015728
0.005958
-0.013649
-0.039973
-0.070405
-0.103857
-0.141064
-0.184042
-0.234922
-0.294590
-0.361670
-0.432267
-0.500581
-0.560229
-0.605797
-0.634097
-0.644706
-0.639632
-0.622280
-0.596150
-0.563769
-0.526270
-0.483742
-0.436183
-0.384606
-0.331822
-0.282486
-0.242323
-0.216725
-0.209201
-0.220207
-0.246791
-0.283175
-0.322090
-0.356420
-0.380591
-0.391294
-0.387367
-0.368992
-0.336638
-0.290212
-0.228844
-0.151398
-0.057530
0.051143
0.170276
0.292817
0.409907
0.512460
0.592929
0.646717
0.672785
0.673316
0.652608
0.615620
0.566731
0.509105
0.444837
0.375718
0.304197