0.132797
0.297133
0.390289
0.385942
0.294812
0.160526
0.042920
-0.004846
0.043367
0.176670
0.351268
0.507166
0.591055
0.576649
0.474707
0.328899
0.199107
0.138537
0.173382
0.292803
0.453062
0.594218
0.663021
0.633246
0.515711
0.354149
0.208503
0.132042
0.151021
0.254665
0.399296
0.525038
0.578699
0.534115
0.402163
0.226631
0.067518
-0.021853
-0.015176
0.076821
0.210508
0.326050
0.370297
0.317121
0.177433
-0.004948
-0.169995
-0.264363
-0.261727
-0.172797
-0.041192
0.073261
0.117417
0.065148
-0.072639
-0.252131
-0.413315
-0.502859
-0.494457
-0.398844
-0.259663
-0.136772
-0.083349
-0.125559
-0.252533
-0.420504
-0.569501
-0.646243
-0.624472
-0.514977
-0.361456
-0.223824
-0.155316
-0.182156
-0.293538
-0.445754
-0.578897
-0.639747
-0.602111
-0.476838
-0.307691
-0.154643
-0.070994
-0.083025
-0.179989
-0.318236
-0.437912
-0.485853
-0.435914
-0.298995
-0.118903
0.044345
0.137409
0.133969
0.044741
-0.086658
-0.200399
-0.243342
-0.189363
-0.049377
0.132797
0.297133
0.390289
0.385942
0.294812
0.160526
0.042920
-0.004846
0.043367
0.176670
0.351268
0.507166
0.591055
0.576649
0.474707
0.328899
0.199107
0.138537
0.173382
0.292803
0.453062
0.594218
0.663021
0.633246
0.515711
0.354149
0.208503
0.132042
0.151021
0.254665
0.399296
0.525038
0.578699
0.534115
0.402163
0.226631
0.067518
-0.021853
-0.015176
0.076821
0.210508
0.326050
0.370297
0.317121
0.177433
-0.004948
-0.169995
-0.264363
-0.261727
-0.172797
-0.041192
0.073261
0.117417
0.065148
-0.072639
-0.252131
-0.413315
-0.502859
-0.494457
-0.398844
-0.259663
-0.136772
-0.083349
-0.125559
-0.252533
-0.420504
-0.569501
-0.646243
-0.624472
-0.514977
-0.361456
-0.223824
-0.155316
-0.182156
-0.293538
-0.445754
-0.578897
-0.639747
-0.602111
-0.476838
-0.307691
-0.154643
-0.070994
-0.083025
-0.179989
-0.318236
-0.437912
-0.485853
-0.435914
-0.298995
-0.118903
0.044345
0.137409
0.133969
0.044741
-0.086658
-0.200399
-0.243342
-0.189363
-0.049377
0.998727
0.722188
0.367162
0.069518
-0.057574
0.033134
0.304924
0.651148
0.935971
1.046274
0.934874
0.638572
0.264114
-0.052557
-0.198193
-0.125475
0.128953
0.458507
0.727422
0.822639
0.697037
0.387470
0.000738
-0.327167
-0.482953
-0.419261
-0.172701
0.150177
0.413632
0.504628
0.376060
0.064794
-0.322365
-0.649420
-0.803086
-0.736009
-0.484815
-0.156070
0.114459
0.213711
0.094546
-0.206206
-0.581780
-0.896227
-1.036311
-0.954732
-0.688172
-0.343259
-0.055823
0.061007
-0.039976
-0.322015
-0.678420
-0.973316
-1.093545
-0.991885
-0.705097
-0.339890
-0.032173
0.104845
0.023877
-0.238399
-0.575371
-0.851242
-0.952926
-0.833277
-0.529126
-0.147250
0.176377
0.328480
0.261715
0.012703
-0.311995
-0.576632
-0.668166
-0.539490
-0.227472
0.161080
0.490166
0.646491
0.582692
0.335379
0.011107
-0.254379
-0.348033
-0.222742
0.084642
0.467328
0.789339
0.937408
0.864205
0.606379
0.270522
-0.007571
-0.114808
-0.004019
0.287999
0.654517
0.959621
1.090112
0.998727
0.722188
0.367162
0.069518
-0.057574
0.033134
0.304924
0.651148
0.935971
1.046274
0.934874
0.638572
0.264114
-0.052557
-0.198193
-0.125475
0.128953
0.458507
0.727422
0.822639
0.697037
0.387470
0.000738
-0.327167
-0.482953
-0.419261
-0.172701
0.150177
0.413632
0.504628
0.376060
0.064794
-0.322365
-0.649420
-0.803086
-0.736009
-0.484815
-0.156070
0.114459
0.213711
0.094546
-0.206206
-0.581780
-0.896227
-1.036311
-0.954732
-0.688172
-0.343259
-0.055823
0.061007
-0.039976
-0.322015
-0.678420
-0.973316
-1.093545
-0.991885
-0.705097
-0.339890
-0.032173
0.104845
0.023877
-0.238399
-0.575371
-0.851242
-0.952926
-0.833277
-0.529126
-0.147250
0.176377
0.328480
0.261715
0.012703
-0.311995
-0.576632
-0.668166
-0.539490
-0.227472
0.161080
0.490166
0.646491
0.582692
0.335379
0.011107
-0.254379
-0.348033
-0.222742
0.084642
0.467328
0.789339
0.937408
0.864205
0.606379
0.270522
-0.007571
-0.114808
-0.004019
0.287999
0.654517
0.959621
1.090112