0.083065
0.070723
0.137055
0.264060
0.410116
0.525851
0.572975
0.538885
0.441454
0.322188
0.230354
0.204145
0.256084
0.368226
0.499007
0.599117
0.630327
0.580096
0.466362
0.330695
0.222425
0.179813
0.215444
0.311439
0.426297
0.510771
0.526693
0.461584
0.333439
0.183885
0.062309
0.007021
0.030659
0.115390
0.219759
0.294557
0.301658
0.228615
0.093456
-0.062165
-0.188837
-0.248230
-0.227689
-0.145036
-0.041718
0.033062
0.041177
-0.029824
-0.161922
-0.313473
-0.435084
-0.488443
-0.460921
-0.370366
-0.258257
-0.173832
-0.155255
-0.215019
-0.335148
-0.474047
-0.582373
-0.621865
-0.579950
-0.474532
-0.347148
-0.247098
-0.212607
-0.256230
-0.360056
-0.482554
-0.574445
-0.597533
-0.539310
-0.417745
-0.274438
-0.158751
-0.108973
-0.137718
-0.227133
-0.335744
-0.414328
-0.424741
-0.354525
-0.221696
-0.067900
0.057462
0.116062
0.095251
0.012850
-0.089694
-0.163182
-0.169490
-0.096177
0.038730
0.193577
0.318957
0.376543
0.353690
0.268228
0.161614
0.083065
0.070723
0.137055
0.264060
0.410116
0.525851
0.572975
0.538885
0.441454
0.322188
0.230354
0.204145
0.256084
0.368226
0.499007
0.599117
0.630327
0.580096
0.466362
0.330695
0.222425
0.179813
0.215444
0.311439
0.426297
0.510771
0.526693
0.461584
0.333439
0.183885
0.062309
0.007021
0.030659
0.115390
0.219759
0.294557
0.301658
0.228615
0.093456
-0.062165
-0.188837
-0.248230
-0.227689
-0.145036
-0.041718
0.033062
0.041177
-0.029824
-0.161922
-0.313473
-0.435084
-0.488443
-0.460921
-0.370366
-0.258257
-0.173832
-0.155255
-0.215019
-0.335148
-0.474047
-0.582373
-0.621865
-0.579950
-0.474532
-0.347148
-0.247098
-0.212607
-0.256230
-0.360056
-0.482554
-0.574445
-0.597533
-0.539310
-0.417745
-0.274438
-0.158751
-0.108973
-0.137718
-0.227133
-0.335744
-0.414328
-0.424741
-0.354525
-0.221696
-0.067900
0.057462
0.116062
0.095251
0.012850
-0.089694
-0.163182
-0.169490
-0.096177
0.038730
0.193577
0.318957
0.376543
0.353690
0.268228
0.161614
0.770176
0.466319
0.169896
-0.006987
0.001392
0.189269
0.481607
0.762771
0.920714
0.889788
0.675848
0.354033
0.040093
-0.153793
-0.161839
0.010258
0.287522
0.554379
0.698836
0.655301
0.429676
0.097148
-0.226491
-0.429024
-0.444630
-0.278978
-0.007017
0.255699
0.397194
0.351887
0.125689
-0.206214
-0.528030
-0.727550
-0.738965
-0.567960
-0.289506
-0.019182
0.131006
0.095442
-0.120001
-0.440178
-0.749346
-0.935344
-0.932417
-0.746307
-0.452044
-0.165270
0.001945
-0.016081
-0.213548
-0.515379
-0.805904
-0.973037
-0.951095
-0.745897
-0.432547
-0.126763
0.059310
0.059915
-0.119220
-0.403093
-0.676102
-0.826230
-0.787864
-0.566886
-0.238462
0.081630
0.281188
0.294402
0.126952
-0.146208
-0.409518
-0.551000
-0.505073
-0.277650
0.056077
0.380310
0.582830
0.597816
0.430939
0.157154
-0.107979
-0.252474
-0.210738
0.011332
0.338566
0.655191
0.849018
0.854261
0.676629
0.391118
0.113337
-0.044679
-0.017286
0.189679
0.501104
0.801278
0.978078
0.965784
0.770176
0.466319
0.169896
-0.006987
0.001392
0.189269
0.481607
0.762771
0.920714
0.889788
0.675848
0.354033
0.040093
-0.153793
-0.161839
0.010258
0.287522
0.554379
0.698836
0.655301
0.429676
0.097148
-0.226491
-0.429024
-0.444630
-0.278978
-0.007017
0.255699
0.397194
0.351887
0.125689
-0.206214
-0.528030
-0.727550
-0.738965
-0.567960
-0.289506
-0.019182
0.131006
0.095442
-0.120001
-0.440178
-0.749346
-0.935344
-0.932417
-0.746307
-0.452044
-0.165270
0.001945
-0.016081
-0.213548
-0.515379
-0.805904
-0.973037
-0.951095
-0.745897
-0.432547
-0.126763
0.059310
0.059915
-0.119220
-0.403093
-0.676102
-0.826230
-0.787864
-0.566886
-0.238462
0.081630
0.281188
0.294402
0.126952
-0.146208
-0.409518
-0.551000
-0.505073
-0.277650
0.056077
0.380310
0.582830
0.597816
0.430939
0.157154
-0.107979
-0.252474
-0.210738
0.011332
0.338566
0.655191
0.849018
0.854261
0.676629
0.391118
0.113337
-0.044679
-0.017286
0.189679
0.501104
0.801278
0.978078
0.965784