0.104872
0.187741
0.321401
0.460934
0.558671
0.582377
0.527546
0.419101
0.301861
0.223407
0.215897
0.283773
0.402062
0.525905
0.607695
0.615261
0.544161
0.419381
0.285805
0.191078
0.167422
0.219344
0.321933
0.430392
0.497176
0.490172
0.404995
0.266687
0.120186
0.013187
-0.022037
0.019064
0.111621
0.210879
0.269328
0.254888
0.163204
0.019344
-0.131734
-0.242315
-0.280114
-0.240569
-0.148542
-0.048788
0.011181
-0.000719
-0.088855
-0.228173
-0.373731
-0.477837
-0.508232
-0.460382
-0.359183
-0.249426
-0.178661
-0.179017
-0.254905
-0.381319
-0.513369
-0.603417
-0.619257
-0.556414
-0.439844
-0.314397
-0.227686
-0.211901
-0.271520
-0.381599
-0.497313
-0.571087
-0.570782
-0.491985
-0.359715
-0.218884
-0.117167
-0.086812
-0.132354
-0.228905
-0.331694
-0.393197
-0.381323
-0.291704
-0.149403
0.000629
0.110681
0.148472
0.109437
0.018438
-0.079774
-0.137694
-0.123246
-0.032072
0.110760
0.260296
0.368828
0.404079
0.361496
0.265955
0.162223
0.097827
0.104872
0.187741
0.321401
0.460934
0.558671
0.582377
0.527546
0.419101
0.301861
0.223407
0.215897
0.283773
0.402062
0.525905
0.607695
0.615261
0.544161
0.419381
0.285805
0.191078
0.167422
0.219344
0.321933
0.430392
0.497176
0.490172
0.404995
0.266687
0.120186
0.013187
-0.022037
0.019064
0.111621
0.210879
0.269328
0.254888
0.163204
0.019344
-0.131734
-0.242315
-0.280114
-0.240569
-0.148542
-0.048788
0.011181
-0.000719
-0.088855
-0.228173
-0.373731
-0.477837
-0.508232
-0.460382
-0.359183
-0.249426
-0.178661
-0.179017
-0.254905
-0.381319
-0.513369
-0.603417
-0.619257
-0.556414
-0.439844
-0.314397
-0.227686
-0.211901
-0.271520
-0.381599
-0.497313
-0.571087
-0.570782
-0.491985
-0.359715
-0.218884
-0.117167
-0.086812
-0.132354
-0.228905
-0.331694
-0.393197
-0.381323
-0.291704
-0.149403
0.000629
0.110681
0.148472
0.109437
0.018438
-0.079774
-0.137694
-0.123246
-0.032072
0.110760
0.260296
0.368828
0.404079
0.361496
0.265955
0.162223
0.097827
0.808281
0.694235
0.492948
0.282038
0.142089
0.125879
0.238216
0.434113
0.635975
0.763252
0.763219
0.631129
0.412048
0.183663
0.026627
-0.006215
0.090013
0.270384
0.457368
0.570471
0.557025
0.412335
0.181519
-0.057693
-0.224602
-0.266326
-0.177954
-0.004381
0.176889
0.285386
0.268458
0.121425
-0.110586
-0.349839
-0.515637
-0.555102
-0.463331
-0.285231
-0.098328
0.016889
0.007741
-0.130483
-0.352691
-0.581187
-0.735313
-0.762239
-0.657112
-0.464892
-0.263159
-0.132462
-0.125541
-0.247169
-0.452322
-0.663368
-0.799721
-0.808619
-0.685281
-0.474739
-0.254645
-0.105621
-0.080479
-0.184063
-0.371421
-0.564992
-0.684259
-0.676525
-0.537078
-0.311011
-0.076038
0.087160
0.125716
0.034730
-0.140892
-0.323637
-0.433029
-0.416414
-0.269111
-0.036246
0.204441
0.372245
0.414282
0.325640
0.151213
-0.031490
-0.141994
-0.127638
0.016265
0.244605
0.479657
0.640742
0.674999
0.577548
0.393318
0.199857
0.077682
0.079499
0.210047
0.424266
0.644489
0.790093
0.808281
0.694235
0.492948
0.282038
0.142089
0.125879
0.238216
0.434113
0.635975
0.763252
0.763219
0.631129
0.412048
0.183663
0.026627
-0.006215
0.090013
0.270384
0.457368
0.570471
0.557025
0.412335
0.181519
-0.057693
-0.224602
-0.266326
-0.177954
-0.004381
0.176889
0.285386
0.268458
0.121425
-0.110586
-0.349839
-0.515637
-0.555102
-0.463331
-0.285231
-0.098328
0.016889
0.007741
-0.130483
-0.352691
-0.581187
-0.735313
-0.762239
-0.657112
-0.464892
-0.263159
-0.132462
-0.125541
-0.247169
-0.452322
-0.663368
-0.799721
-0.808619
-0.685281
-0.474739
-0.254645
-0.105621
-0.080479
-0.184063
-0.371421
-0.564992
-0.684259
-0.676525
-0.537078
-0.311011
-0.076038
0.087160
0.125716
0.034730
-0.140892
-0.323637
-0.433029
-0.416414
-0.269111
-0.036246
0.204441
0.372245
0.414282
0.325640
0.151213
-0.031490
-0.141994
-0.127638
0.016265
0.244605
0.479657
0.640742
0.674999
0.577548
0.393318
0.199857
0.077682
0.079499
0.210047
0.424266
0.644489
0.790093