0.286692
0.308273
0.320429
0.323999
0.319803
0.308642
0.291456
0.269555
0.244779
0.219483
0.196304
0.177744
0.165697
0.161060
0.163572
0.171915
0.184068
0.197776
0.211003
0.222216
0.230441
0.235119
0.235836
0.232097
0.223224
0.208470
0.187286
0.159656
0.126352
0.088994
0.049863
0.011511
-0.023715
-0.054092
-0.078743
-0.097609
-0.111197
-0.120209
-0.125203
-0.126416
-0.123798
-0.117245
-0.106913
-0.093489
-0.078284
-0.063103
-0.049920
-0.040469
-0.035893
-0.036574
-0.042202
-0.052047
-0.065332
-0.081549
-0.100612
-0.122773
-0.148352
-0.177372
-0.209258
-0.242716
-0.275862
-0.306553
-0.332819
-0.353253
-0.367224
-0.374851
-0.376771
-0.373799
-0.366619
-0.355632
-0.341009
-0.322924
-0.301853
-0.278813
-0.255404
-0.233621
-0.215468
-0.202488
-0.195368
-0.193749
-0.196294
-0.201001
-0.205635
-0.208150
-0.206956
-0.200972
-0.189487
-0.171927
-0.147656
-0.115924
-0.076020
-0.027582
0.029047
0.092551
0.160594
0.230034
0.297363
0.359253
0.413047
0.457060
0.490626
0.513904
0.527556
0.532416
0.529305
0.519022
0.502507
0.481068
0.456546
0.431294
0.407951
0.389018
0.376389
0.370962
0.372477
0.379617
0.390362
0.402459
0.413872
0.423071
0.429084
0.431354
0.429470
0.422937
0.411084
0.393163
0.368630
0.337472
0.300465
0.259232
0.216058
0.173499
0.133906
0.099006
0.069682
0.045995
0.027445
0.013335
0.003111
-0.003459
-0.006320
-0.005362
-0.000735
0.006880
0.016176
0.025355
0.032449
0.035730
0.034060
0.027065
0.015060
-0.001220
-0.020989
-0.043734
-0.069361
-0.098119
-0.130318
-0.165977
-0.204511
-0.244624
-0.284422
-0.321756
-0.354651
-0.381693
-0.402243
-0.416415
-0.424838
-0.428322
-0.427544
-0.422900
-0.414553
-0.402670
-0.387724
-0.370724
-0.353264
-0.337334
-0.324931
-0.317593
-0.316002
-0.319792
-0.327622
-0.337484
-0.347139
-0.354536
-0.358079
-0.356682
-0.349631
-0.336347
-0.316189
-0.288404
-0.252277
-0.207442
-0.154239
-0.093980
-0.028998
0.037569
0.102214
0.161614
0.213112
0.255026
0.105111
0.084810
0.080619
0.092402
0.117709
0.151909
0.188927
0.222402
0.246908
0.258883
0.256981
0.241810
0.215186
0.179237
0.135701
0.085668
0.029828
-0.030926
-0.094840
-0.158905
-0.218967
-0.270350
-0.308837
-0.331653
-0.338132
-0.329808
-0.309897
-0.282353
-0.250821
-0.217859
-0.184665
-0.151392
-0.117861
-0.084385
-0.052338
-0.024239
-0.003293
0.007443
0.005955
-0.008105
-0.033318
-0.066951
-0.105809
-0.147151
-0.189338
-0.231971
-0.275481
-0.320336
-0.366192
-0.411342
-0.452684
-0.486281
-0.508304
-0.516056
-0.508708
-0.487493
-0.455304
-0.415861
-0.372749
-0.328688
-0.285259
-0.243171
-0.202879
-0.165272
-0.132097
-0.105888
-0.089380
-0.084583
-0.091861
-0.109344
-0.132947
-0.157004
-0.175358
-0.182563
-0.174820
-0.150403
-0.109471
-0.053448
0.015761
0.096361
0.186841
0.285678
0.390736
0.498659
0.604572
0.702337
0.785339
0.847648
0.885180
0.896507
0.883055
0.848635
0.798483
0.738129
0.672472
0.605311
0.539424
0.477038
0.420410
0.372193
0.335368
0.312705
0.305928
0.314902
0.337180
0.368135
0.401694
0.431501
0.452132
0.460029
0.453851
0.434211
0.402926
0.362132
0.313570
0.258336
0.197124
0.130832
0.061222
-0.008694
-0.074754
-0.132278
-0.177042
-0.206265
-0.219276
-0.217600
-0.204449
-0.183768
-0.159197
-0.133286
-0.107226
-0.081164
-0.054913
-0.028780
-0.004130
0.016525
0.029986
0.033204
0.024172
0.002551
-0.030233
-0.071441
-0.117870
-0.166770
-0.216496
-0.266641
-0.317629
-0.369920
-0.423165
-0.475645
-0.524256
-0.565050
-0.594192
-0.608979
-0.608574
-0.594203
-0.568753
-0.535937
-0.499335
-0.461657
-0.424481
-0.388508
-0.354187
-0.322403
-0.294895
-0.274193
-0.263025
-0.263398
-0.275668
-0.297963
-0.326191
-0.354683
-0.377276
-0.388521
-0.384615
-0.363828
-0.326315
-0.273497
-0.207276
-0.129444
-0.041509
0.055008
0.157974
0.264034
0.368317
0.464684
0.546523
0.607905
0.644746
0.655619
0.641951
0.607554
0.557661
0.497805
0.432883
0.366693
0.302013
0.241068
0.186113
0.139801