-0.017700
-0.017383
-0.002973
0.007512
-0.013240
-0.000817
-0.057801
0.014391
0.078951
-0.026597
-0.058668
-0.029788
0.041697
0.101642
0.093819
0.058428
-0.020044
-0.052756
-0.151043
-0.072179
0.000361
0.042932
0.044474
0.062476
0.027642
0.064113
0.133071
-0.250240
-0.220497
-0.168030
-0.017567
0.371889
0.112183
-0.253705
-0.010166
0.089224
-0.353059
-0.241262
-0.104549
0.022269
0.196384
-0.290107
0.032315
0.269977
0.046209
0.027099
-0.150661
-0.182869
0.035915
0.097122
0.108547
0.254022
0.156004
0.002289
0.121808
0.089652
-0.050914
0.045778
-0.052859
0.025162
-0.009518
-0.164805
-0.075807
-0.009066
0.013673
0.027526
0.006312
0.000116
0.038656
0.035476
-0.011300
-0.019920
-0.030637
0.012396
0.025537
0.003771
0.012267
0.028576
0.019780
-0.003476
-0.012219
-0.010388
0.016285
0.006331
0.007609
0.007247
0.020116
0.030456
0.026454
0.018405
0.015738
0.015185
0.005017
-0.001178
0.006629
0.025202
0.041893
0.013085
0.001117
0.018459
0.016306
0.015807
-0.020694
-0.043782
0.000304
0.006711
0.002575
0.035787
0.019476
0.039394
-0.032647
-0.023576
0.017320
-0.011138
0.026025
0.040234
0.095911
0.065019
-0.112708
-0.046249
0.133043
0.111510
-0.135280
-0.065750
0.104485
0.056928
0.257988
-0.084963
-0.283387
-0.131354
-0.231368
-0.009702
0.020778
0.093556
0.334184
0.061776
-0.344717
-0.013905
0.253580
-0.193021
-0.320324
-0.289610
0.029004
0.470005
0.249398
0.129933
0.137362
0.030014
0.253581
0.143280
-0.143267
-0.199879
0.009238
0.121624
-0.015086
-0.073973
-0.114686
0.083741
-0.066126
-0.050856
0.054473
-0.061285
0.093546
-0.004164
-0.031152
-0.023105
0.014454
0.007629
-0.026588
-0.030230
-0.089945
0.034511
-0.019157
-0.051019
-0.030902
-0.042506
0.006261
0.001400
-0.005525
-0.017929
-0.004454
-0.020193
-0.009173
-0.019907
-0.034850
-0.017529
-0.018076
-0.002003
0.003687
0.010669
0.016082
0.009253
-0.016436
-0.020862
-0.009933
-0.015403
-0.032034
-0.045016
-0.022350
-0.010551
-0.003101
-0.055312
-0.058438
-0.006577
0.001330
0.029795
-0.030423
-0.032258
-0.011934
-0.041077
0.025911
-0.003127
-0.048615
-0.018313
0.021538
0.109537
-0.004236
-0.029819
0.089199
0.109786
0.096935
0.025191
0.036636
-0.038545
-0.167159
-0.117366
0.065686
0.113862
-0.131108
-0.254876
-0.241918
0.034564
0.145487
0.049646
0.003860
-0.132547
0.033950
-0.203643
-0.049649
0.023219
-0.330218
-0.062308
-0.084557
-0.007297
-0.196296
0.002542
0.272528
0.269184
0.261621
-0.105439
0.105274
0.142485
0.207803
0.067013
-0.038975
-0.013066
-0.036817
0.037055
-0.064836
0.118816
0.125413
0.075448
0.032314
-0.040352
-0.027762
-0.050077
-0.015679
-0.076662
-0.049257
-0.034299
-0.012684
0.008054
-0.013178
0.001212
-0.013902
-0.004334
-0.021340
0.005684
0.003113
0.002953
-0.001665
-0.014723
-0.006826
-0.005273
0.000773
-0.005084
-0.005274
-0.012686
-0.003984
0.010452
0.015907
0.025417
0.023645
0.021262
0.006728
0.001100
0.005166
0.005723
0.010807
-0.013918
0.006101
-0.001001
-0.049014
-0.007357
0.033305
-0.024026
-0.001028
0.010398
-0.051115
-0.014396
-0.024068
-0.061956
-0.037973
-0.039853
-0.044523
0.088696
-0.065766
-0.074457
0.060231
-0.231987
0.080005
0.104125
-0.232667
-0.236906
-0.119363
0.105066
0.303683
0.120459
-0.163245
0.094752
-0.142759
-0.159673
-0.009380
-0.059059
-0.069463
-0.053240
0.035455
-0.128707
-0.219568
-0.122713
0.040902
0.067183
0.024418
0.101126
0.165700
0.077837
-0.146825
-0.090936
0.109676
-0.108721
0.000822
0.046405
0.017719
0.140552
-0.017532
-0.031696
0.039361
0.090685
0.069985
0.044497
-0.048313
-0.019983
0.095261
0.051164
0.074896
0.015174
0.029078
0.081820
0.061594
0.012613
0.000447
0.023217
-0.008062
0.045771
0.016714
0.021956
0.032437
0.011642
0.013292
0.001295
0.003295
0.008275
0.030915
0.018263
0.021832
0.021489
0.025298
0.029221
0.028464
0.036593
0.030739
0.030727
0.021126
0.009355
0.005275
0.004532
0.024740
0.017698
0.032935
0.038241
0.003528
-0.007579
0.012971
0.038840
-0.010250
-0.021643
0.016446
0.011178
0.032016
0.052731
-0.031043
0.010213
0.062064
-0.083546
-0.012701
-0.092204
-0.202144
0.132316
0.080105
0.109690
0.310964
-0.092622
-0.128852
-0.034402
-0.133787
0.166363
0.051725
0.206466
0.327633
0.138551
0.146196
-0.152362
-0.247033
-0.009107
0.281574
0.084065
-0.119669
-0.115521
0.000512
0.035126
0.028317
-0.046823
-0.190977
0.088859
-0.105359
0.112234
0.112349
-0.203520
0.233351
0.018452
0.027642
-0.129192
-0.239825
0.113994
0.078385
-0.059630
-0.141822
-0.080317
-0.033777
0.014104
-0.039678
-0.036208
-0.014312
-0.104640
-0.071328
-0.000785
-0.011112
0.030813
-0.004078
-0.031182
0.008861
0.004543
0.013639
0.027130
-0.013901
-0.023917
-0.012356
-0.031559
-0.035998
-0.027824
-0.036278
-0.021842
-0.023979
-0.031193
-0.015818
-0.024079
-0.028512
-0.025305
-0.031065
-0.027817
-0.008774
-0.006821
-0.009709
-0.012336
-0.015497
-0.022798
-0.030383
-0.041977
-0.031591
-0.021590
0.014096
0.016580
-0.032290
-0.032230
-0.041228
-0.026333
-0.009075
-0.022424
0.009622
0.012766
0.003340
0.039290
0.032561
-0.003601
0.024027
0.137445
-0.040439
0.001468
-0.102570
-0.156838
0.238614
0.111401
0.105513
-0.027251
-0.080874
0.083168
-0.001844
-0.193781
-0.345714
-0.055849
0.161986
0.131218
-0.019274
-0.159968
-0.023181
-0.025900
-0.218321
-0.347104
-0.236087
-0.134034
0.045424
0.157839
0.007071
0.083505
0.093577
0.044034
0.152935
-0.084537
-0.253081
-0.039272
-0.001757
0.210863
0.238355
0.081423
0.126462
0.067193
0.108033
0.100612
0.004012
-0.017571
0.001504
0.054833
0.022024
0.024090
-0.009071
-0.047800
-0.006205
-0.005344
-0.024048
-0.012735
-0.031289
-0.033482
-0.002007
-0.013663
0.007955
0.029701
0.031404
0.027001
0.027353
0.010714
-0.009736
-0.007820
-0.012795
-0.001111
0.014909
0.024540
0.036784
0.040148
0.030020
0.023841
0.024047
0.020025
0.018715
0.012531
0.004863
0.013363
0.031002
0.022346
0.018988
0.024298
0.017977
0.022322
0.008735
0.033840
0.007268
-0.009575
-0.100050
-0.046004
0.074522
0.028414
0.054888
-0.036693
-0.067968
-0.072477
0.035236
0.094692
0.074603
0.121114
-0.077911
-0.155716
0.013487
0.041626
0.062709
0.001015
-0.007242
0.235014
-0.029192
-0.240384
-0.086877
-0.133652
-0.064359
0.178973
-0.071402
0.114593
0.250289
-0.478112
0.066906
0.218873
-0.020042
-0.024260
-0.231902
0.055833
0.208495
0.290322
-0.200043
-0.080832
0.015315
0.071632
0.373153
-0.031353
0.009820
0.119214
0.150196
0.066773
-0.046152
-0.076066
-0.038041
-0.032618
-0.163173
-0.034395
0.013035
0.026765
0.064971
0.020334
-0.002742
0.048762
-0.000883
-0.070737
-0.064108
-0.077383
-0.035946
-0.017804
-0.014949
-0.019700
-0.005180
-0.005270
-0.018710
-0.008434
-0.016721
-0.017602
-0.017300
-0.009101
-0.022523
-0.023121
-0.020348
-0.018942
-0.006375
-0.008183
-0.009822
-0.013565
-0.023746
-0.031299
-0.024771
-0.005329
-0.001083
-0.015240
-0.027111
-0.026486
-0.029463
-0.034977
-0.020062
-0.033378
-0.040990
-0.060566
-0.049426
-0.014985
-0.032364
0.014096
0.019658
-0.102106
-0.113330
-0.070044
-0.126177
0.107557
0.124307
0.023849
-0.098635
-0.178848
0.005330
-0.020747
0.026752
-0.073814
-0.182909
-0.033348
0.126895
0.220158
0.054829
-0.307693
0.059753
0.320109
-0.035765
-0.082377
0.085163
0.139622
0.483503
0.387109
-0.314512
0.033355
0.253511
0.061115
0.101872
-0.324584
-0.318807
-0.084939
-0.127208
-0.172607
-0.086672
-0.039423
-0.106260
0.196976
0.024736
-0.013199
0.064742
-0.072498
0.022292
0.048515
0.080688
0.143362
0.134157
-0.019277
0.089389
0.097437
-0.026993
0.006116
0.019214
-0.032971
-0.024316
-0.023256
-0.057554
0.022578
-0.029617
-0.030709
0.040313
-0.011419
-0.028316
-0.022492
-0.019100
-0.021402
-0.000923
-0.020275
-0.014456
0.000274
-0.029092
-0.023786
-0.037000
-0.040052
-0.045372
-0.045801
-0.050337
-0.032368
-0.020271
-0.016092
-0.013607
-0.022349
-0.004150
0.000113
0.002869
-0.004397
0.001793
-0.008198
-0.018333
-0.023700
-0.004803
0.025226
-0.003796
-0.022470
-0.049034
0.003636
0.039321
-0.107524
-0.140409
-0.054799
0.048683
0.129804
-0.021158
-0.102315
-0.067479
-0.158263
0.140213
0.105327
-0.129634
0.105381
-0.099070
0.096858
0.196167
-0.155257
-0.150867
-0.082431
0.218825
0.043235
-0.063641
0.089994
0.110624
0.453660
0.174682
-0.290806
-0.260672
0.075324
0.244499
0.303492
-0.043313
-0.274536
0.132260
-0.094061
-0.171595
-0.103625
-0.227827
-0.128265
0.101292
0.151769
0.041277
-0.074164
-0.206014
0.042982
0.057133
0.004468
0.013795
-0.092529
-0.063886
-0.084891
-0.066637
-0.075474
-0.034735
-0.086342
-0.029829
0.026074
-0.016832
0.008113
-0.029109
-0.000118
0.021989
0.023199
0.013575
0.001655
0.003071
0.011941
0.018981
0.000453
0.003241
-0.002170
0.005328
0.002062
-0.021346
-0.011861
-0.007811
-0.016333
-0.017212
-0.017248
-0.019651
-0.007912
-0.017933
-0.026174
-0.020707
-0.015359
0.003722
0.006966
0.007703
0.002436
-0.004402
-0.004981
-0.024648
-0.016659
0.009463
0.031603
0.010282
-0.047806
-0.065468
-0.017163
0.016936
0.016600
0.060403
0.030907
0.026309
-0.001186
-0.080211
0.016838
0.092294
0.129748
0.060867
-0.041559
-0.029652
-0.088048
-0.042325
0.171855
0.142365
0.038500
0.029329
0.071123
0.112525
0.032633
0.096631
-0.082080
0.066847
0.306070
-0.061208
-0.038500
-0.146112
-0.201678
-0.196803
-0.016065
0.291266
-0.173567
-0.060090
0.080714
0.001322
-0.000748
-0.067490
-0.035497
0.072715
0.052420
-0.152779
0.027607
-0.032096
-0.100233
-0.080641
-0.101961
0.055458
0.086752
0.070709
0.046116
0.066750
0.041829
0.007282
-0.008212
-0.065599
-0.004217
-0.047411
-0.042305
-0.018166
-0.028595
0.005112
0.025131
0.009549
-0.001164
0.005100
-0.020715
-0.022889
-0.025449
-0.025120
-0.017869
-0.017195
-0.020793
-0.020079
-0.020179
-0.018710
-0.015664
-0.009537
-0.003689
-0.005337
-0.004093
0.003537
-0.004866
-0.004911
-0.009855
-0.007683
0.006015
0.003380
-0.009638
-0.018201
-0.014171
-0.006951
0.003809
0.010315
0.009545
0.022790
0.011087
-0.021270
-0.026769
-0.016572
-0.013067
-0.004099
0.012042
-0.014141
-0.018896
-0.011062
-0.010025
0.003171
-0.001929
-0.003633
0.003368
0.004513
0.000850
0.004983
0.004892
0.002550
0.006324
0.002964
0.006075
0.006770
0.001037
0.002591
0.002105
0.000994
0.002627
0.002897
0.002211
0.004802
0.002523
0.000775
-0.000157
-0.000124
0.001365
0.002776
0.002433
0.002294
0.000858
-0.000888
0.000028
0.001439
0.002682
0.000594
-0.000059
0.000179
-0.000893
0.000450
0.000955
0.000121
0.000909
0.000501
0.000176
0.000956
0.001947
0.001617
0.002040
0.002229
0.003280
0.003946
0.004072
0.003233
0.001756
0.000908
0.000903
0.001013
0.001491
0.001484
0.001431
0.001056
0.000752
0.000683
0.000993
0.001247
0.001206
0.001022
0.000732
0.000483
0.000485
0.000722
0.001018
0.001019
0.000858
0.000575
0.000148
0.000123
0.000264
0.000368
0.000428
0.000201
-0.000106
-0.000168
-0.000094
-0.000017
0.000090
0.000080
-0.000003
-0.000043
0.000015
0.000128
0.000190
0.000196
0.000085
-0.000121
-0.000148
-0.000099
-0.000035
-0.000032
-0.000166
-0.000279
-0.000315
-0.000313
-0.000187
-0.000124
-0.000212
-0.000248
-0.000209
-0.000202
-0.000085
-0.000020
-0.000018
-0.017700
-0.017383
-0.002973
0.007512
-0.013240
-0.000817
-0.057801
0.014391
0.078951
-0.026597
-0.058668
-0.029788
0.041697
0.101642
0.093819
0.058428
-0.020044
-0.052756
-0.151043
-0.072179
0.000361
0.042932
0.044474
0.062476
0.027642
0.064113
0.133071
-0.250240
-0.220497
-0.168030
-0.017567
0.371889
0.112183
-0.253705
-0.010166
0.089224
-0.353059
-0.241262
-0.104549
0.022269
0.196384
-0.290107
0.032315
0.269977
0.046209
0.027099
-0.150661
-0.182869
0.035915
0.097122
0.108547
0.254022
0.156004
0.002289
0.121808
0.089652
-0.050914
0.045778
-0.052859
0.025162
-0.009518
-0.164805
-0.075807
-0.009066
0.013673
0.027526
0.006312
0.000116
0.038656
0.035476
-0.011300
-0.019920
-0.030637
0.012396
0.025537
0.003771
0.012267
0.028576
0.019780
-0.003476
-0.012219
-0.010388
0.016285
0.006331
0.007609
0.007247
0.020116
0.030456
0.026454
0.018405
0.015738
0.015185
0.005017
-0.001178
0.006629
0.025202
0.041893
0.013085
0.001117
0.018459
0.016306
0.015807
-0.020694
-0.043782
0.000304
0.006711
0.002575
0.035787
0.019476
0.039394
-0.032647
-0.023576
0.017320
-0.011138
0.026025
0.040234
0.095911
0.065019
-0.112708
-0.046249
0.133043
0.111510
-0.135280
-0.065750
0.104485
0.056928
0.257988
-0.084963
-0.283387
-0.131354
-0.231368
-0.009702
0.020778
0.093556
0.334184
0.061776
-0.344717
-0.013905
0.253580
-0.193021
-0.320324
-0.289610
0.029004
0.470005
0.249398
0.129933
0.137362
0.030014
0.253581
0.143280
-0.143267
-0.199879
0.009238
0.121624
-0.015086
-0.073973
-0.114686
0.083741
-0.066126
-0.050856
0.054473
-0.061285
0.093546
-0.004164
-0.031152
-0.023105
0.014454
0.007629
-0.026588
-0.030230
-0.089945
0.034511
-0.019157
-0.051019
-0.030902
-0.042506
0.006261
0.001400
-0.005525
-0.017929
-0.004454
-0.020193
-0.009173
-0.019907
-0.034850
-0.017529
-0.018076
-0.002003
0.003687
0.010669
0.016082
0.009253
-0.016436
-0.020862
-0.009933
-0.015403
-0.032034
-0.045016
-0.022350
-0.010551
-0.003101
-0.055312
-0.058438
-0.006577
0.001330
0.029795
-0.030423
-0.032258
-0.011934
-0.041077
0.025911
-0.003127
-0.048615
-0.018313
0.021538
0.109537
-0.004236
-0.029819
0.089199
0.109786
0.096935
0.025191
0.036636
-0.038545
-0.167159
-0.117366
0.065686
0.113862
-0.131108
-0.254876
-0.241918
0.034564
0.145487
0.049646
0.003860
-0.132547
0.033950
-0.203643
-0.049649
0.023219
-0.330218
-0.062308
-0.084557
-0.007297
-0.196296
0.002542
0.272528
0.269184
0.261621
-0.105439
0.105274
0.142485
0.207803
0.067013
-0.038975
-0.013066
-0.036817
0.037055
-0.064836
0.118816
0.125413
0.075448
0.032314
-0.040352
-0.027762
-0.050077
-0.015679
-0.076662
-0.049257
-0.034299
-0.012684
0.008054
-0.013178
0.001212
-0.013902
-0.004334
-0.021340
0.005684
0.003113
0.002953
-0.001665
-0.014723
-0.006826
-0.005273
0.000773
-0.005084
-0.005274
-0.012686
-0.003984
0.010452
0.015907
0.025417
0.023645
0.021262
0.006728
0.001100
0.005166
0.005723
0.010807
-0.013918
0.006101
-0.001001
-0.049014
-0.007357
0.033305
-0.024026
-0.001028
0.010398
-0.051115
-0.014396
-0.024068
-0.061956
-0.037973
-0.039853
-0.044523
0.088696
-0.065766
-0.074457
0.060231
-0.231987
0.080005
0.104125
-0.232667
-0.236906
-0.119363
0.105066
0.303683
0.120459
-0.163245
0.094752
-0.142759
-0.159673
-0.009380
-0.059059
-0.069463
-0.053240
0.035455
-0.128707
-0.219568
-0.122713
0.040902
0.067183
0.024418
0.101126
0.165700
0.077837
-0.146825
-0.090936
0.109676
-0.108721
0.000822
0.046405
0.017719
0.140552
-0.017532
-0.031696
0.039361
0.090685
0.069985
0.044497
-0.048313
-0.019983
0.095261
0.051164
0.074896
0.015174
0.029078
0.081820
0.061594
0.012613
0.000447
0.023217
-0.008062
0.045771
0.016714
0.021956
0.032437
0.011642
0.013292
0.001295
0.003295
0.008275
0.030915
0.018263
0.021832
0.021489
0.025298
0.029221
0.028464
0.036593
0.030739
0.030727
0.021126
0.009355
0.005275
0.004532
0.024740
0.017698
0.032935
0.038241
0.003528
-0.007579
0.012971
0.038840
-0.010250
-0.021643
0.016446
0.011178
0.032016
0.052731
-0.031043
0.010213
0.062064
-0.083546
-0.012701
-0.092204
-0.202144
0.132316
0.080105
0.109690
0.310964
-0.092622
-0.128852
-0.034402
-0.133787
0.166363
0.051725
0.206466
0.327633
0.138551
0.146196
-0.152362
-0.247033
-0.009107
0.281574
0.084065
-0.119669
-0.115521
0.000512
0.035126
0.028317
-0.046823
-0.190977
0.088859
-0.105359
0.112234
0.112349
-0.203520
0.233351
0.018452
0.027642
-0.129192
-0.239825
0.113994
0.078385
-0.059630
-0.141822
-0.080317
-0.033777
0.014104
-0.039678
-0.036208
-0.014312
-0.104640
-0.071328
-0.000785
-0.011112
0.030813
-0.004078
-0.031182
0.008861
0.004543
0.013639
0.027130
-0.013901
-0.023917
-0.012356
-0.031559
-0.035998
-0.027824
-0.036278
-0.021842
-0.023979
-0.031193
-0.015818
-0.024079
-0.028512
-0.025305
-0.031065
-0.027817
-0.008774
-0.006821
-0.009709
-0.012336
-0.015497
-0.022798
-0.030383
-0.041977
-0.031591
-0.021590
0.014096
0.016580
-0.032290
-0.032230
-0.041228
-0.026333
-0.009075
-0.022424
0.009622
0.012766
0.003340
0.039290
0.032561
-0.003601
0.024027
0.137445
-0.040439
0.001468
-0.102570
-0.156838
0.238614
0.111401
0.105513
-0.027251
-0.080874
0.083168
-0.001844
-0.193781
-0.345714
-0.055849
0.161986
0.131218
-0.019274
-0.159968
-0.023181
-0.025900
-0.218321
-0.347104
-0.236087
-0.134034
0.045424
0.157839
0.007071
0.083505
0.093577
0.044034
0.152935
-0.084537
-0.253081
-0.039272
-0.001757
0.210863
0.238355
0.081423
0.126462
0.067193
0.108033
0.100612
0.004012
-0.017571
0.001504
0.054833
0.022024
0.024090
-0.009071
-0.047800
-0.006205
-0.005344
-0.024048
-0.012735
-0.031289
-0.033482
-0.002007
-0.013663
0.007955
0.029701
0.031404
0.027001
0.027353
0.010714
-0.009736
-0.007820
-0.012795
-0.001111
0.014909
0.024540
0.036784
0.040148
0.030020
0.023841
0.024047
0.020025
0.018715
0.012531
0.004863
0.013363
0.031002
0.022346
0.018988
0.024298
0.017977
0.022322
0.008735
0.033840
0.007268
-0.009575
-0.100050
-0.046004
0.074522
0.028414
0.054888
-0.036693
-0.067968
-0.072477
0.035236
0.094692
0.074603
0.121114
-0.077911
-0.155716
0.013487
0.041626
0.062709
0.001015
-0.007242
0.235014
-0.029192
-0.240384
-0.086877
-0.133652
-0.064359
0.178973
-0.071402
0.114593
0.250289
-0.478112
0.066906
0.218873
-0.020042
-0.024260
-0.231902
0.055833
0.208495
0.290322
-0.200043
-0.080832
0.015315
0.071632
0.373153
-0.031353
0.009820
0.119214
0.150196
0.066773
-0.046152
-0.076066
-0.038041
-0.032618
-0.163173
-0.034395
0.013035
0.026765
0.064971
0.020334
-0.002742
0.048762
-0.000883
-0.070737
-0.064108
-0.077383
-0.035946
-0.017804
-0.014949
-0.019700
-0.005180
-0.005270
-0.018710
-0.008434
-0.016721
-0.017602
-0.017300
-0.009101
-0.022523
-0.023121
-0.020348
-0.018942
-0.006375
-0.008183
-0.009822
-0.013565
-0.023746
-0.031299
-0.024771
-0.005329
-0.001083
-0.015240
-0.027111
-0.026486
-0.029463
-0.034977
-0.020062
-0.033378
-0.040990
-0.060566
-0.049426
-0.014985
-0.032364
0.014096
0.019658
-0.102106
-0.113330
-0.070044
-0.126177
0.107557
0.124307
0.023849
-0.098635
-0.178848
0.005330
-0.020747
0.026752
-0.073814
-0.182909
-0.033348
0.126895
0.220158
0.054829
-0.307693
0.059753
0.320109
-0.035765
-0.082377
0.085163
0.139622
0.483503
0.387109
-0.314512
0.033355
0.253511
0.061115
0.101872
-0.324584
-0.318807
-0.084939
-0.127208
-0.172607
-0.086672
-0.039423
-0.106260
0.196976
0.024736
-0.013199
0.064742
-0.072498
0.022292
0.048515
0.080688
0.143362
0.134157
-0.019277
0.089389
0.097437
-0.026993
0.006116
0.019214
-0.032971
-0.024316
-0.023256
-0.057554
0.022578
-0.029617
-0.030709
0.040313
-0.011419
-0.028316
-0.022492
-0.019100
-0.021402
-0.000923
-0.020275
-0.014456
0.000274
-0.029092
-0.023786
-0.037000
-0.040052
-0.045372
-0.045801
-0.050337
-0.032368
-0.020271
-0.016092
-0.013607
-0.022349
-0.004150
0.000113
0.002869
-0.004397
0.001793
-0.008198
-0.018333
-0.023700
-0.004803
0.025226
-0.003796
-0.022470
-0.049034
0.003636
0.039321
-0.107524
-0.140409
-0.054799
0.048683
0.129804
-0.021158
-0.102315
-0.067479
-0.158263
0.140213
0.105327
-0.129634
0.105381
-0.099070
0.096858
0.196167
-0.155257
-0.150867
-0.082431
0.218825
0.043235
-0.063641
0.089994
0.110624
0.453660
0.174682
-0.290806
-0.260672
0.075324
0.244499
0.303492
-0.043313
-0.274536
0.132260
-0.094061
-0.171595
-0.103625
-0.227827
-0.128265
0.101292
0.151769
0.041277
-0.074164
-0.206014
0.042982
0.057133
0.004468
0.013795
-0.092529
-0.063886
-0.084891
-0.066637
-0.075474
-0.034735
-0.086342
-0.029829
0.026074
-0.016832
0.008113
-0.029109
-0.000118
0.021989
0.023199
0.013575
0.001655
0.003071
0.011941
0.018981
0.000453
0.003241
-0.002170
0.005328
0.002062
-0.021346
-0.011861
-0.007811
-0.016333
-0.017212
-0.017248
-0.019651
-0.007912
-0.017933
-0.026174
-0.020707
-0.015359
0.003722
0.006966
0.007703
0.002436
-0.004402
-0.004981
-0.024648
-0.016659
0.009463
0.031603
0.010282
-0.047806
-0.065468
-0.017163
0.016936
0.016600
0.060403
0.030907
0.026309
-0.001186
-0.080211
0.016838
0.092294
0.129748
0.060867
-0.041559
-0.029652
-0.088048
-0.042325
0.171855
0.142365
0.038500
0.029329
0.071123
0.112525
0.032633
0.096631
-0.082080
0.066847
0.306070
-0.061208
-0.038500
-0.146112
-0.201678
-0.196803
-0.016065
0.291266
-0.173567
-0.060090
0.080714
0.001322
-0.000748
-0.067490
-0.035497
0.072715
0.052420
-0.152779
0.027607
-0.032096
-0.100233
-0.080641
-0.101961
0.055458
0.086752
0.070709
0.046116
0.066750
0.041829
0.007282
-0.008212
-0.065599
-0.004217
-0.047411
-0.042305
-0.018166
-0.028595
0.005112
0.025131
0.009549
-0.001164
0.005100
-0.020715
-0.022889
-0.025449
-0.025120
-0.017869
-0.017195
-0.020793
-0.020079
-0.020179
-0.018710
-0.015664
-0.009537
-0.003689
-0.005337
-0.004093
0.003537
-0.004866
-0.004911
-0.009855
-0.007683
0.006015
0.003380
-0.009638
-0.018201
-0.014171
-0.006951
0.003809
0.010315
0.009545
0.022790
0.011087
-0.021270
-0.026769
-0.016572
-0.013067
-0.004099
0.012042
-0.014141
-0.018896
-0.011062
-0.010025
0.003171
-0.001929
-0.003633
0.003368
0.004513
0.000850
0.004983
0.004892
0.002550
0.006324
0.002964
0.006075
0.006770
0.001037
0.002591
0.002105
0.000994
0.002627
0.002897
0.002211
0.004802
0.002523
0.000775
-0.000157
-0.000124
0.001365
0.002776
0.002433
0.002294
0.000858
-0.000888
0.000028
0.001439
0.002682
0.000594
-0.000059
0.000179
-0.000893
0.000450
0.000955
0.000121
0.000909
0.000501
0.000176
0.000956
0.001947
0.001617
0.002040
0.002229
0.003280
0.003946
0.004072
0.003233
0.001756
0.000908
0.000903
0.001013
0.001491
0.001484
0.001431
0.001056
0.000752
0.000683
0.000993
0.001247
0.001206
0.001022
0.000732
0.000483
0.000485
0.000722
0.001018
0.001019
0.000858
0.000575
0.000148
0.000123
0.000264
0.000368
0.000428
0.000201
-0.000106
-0.000168
-0.000094
-0.000017
0.000090
0.000080
-0.000003
-0.000043
0.000015
0.000128
0.000190
0.000196
0.000085
-0.000121
-0.000148
-0.000099
-0.000035
-0.000032
-0.000166
-0.000279
-0.000315
-0.000313
-0.000187
-0.000124
-0.000212
-0.000248
-0.000209
-0.000202
-0.000085
-0.000020
-0.000018