0.405775
0.372257
0.332505
0.289039
0.244959
0.203774
0.168970
0.143438
0.128919
0.125650
0.132329
0.146429
0.164748
0.184041
0.201545
0.215240
0.223841
0.226557
0.222781
0.211876
0.193153
0.166087
0.130670
0.087758
0.039254
-0.011996
-0.062587
-0.109124
-0.148823
-0.179934
-0.201882
-0.215093
-0.220587
-0.219503
-0.212731
-0.200783
-0.183923
-0.162497
-0.137286
-0.109741
-0.081966
-0.056440
-0.035558
-0.021147
-0.014139
-0.014500
-0.021449
-0.033876
-0.050796
-0.071664
-0.096439
-0.125372
-0.158603
-0.195731
-0.235534
-0.275951
-0.314370
-0.348106
-0.374936
-0.393499
-0.403433
-0.405235
-0.399900
-0.388513
-0.371939
-0.350743
-0.325357
-0.296405
-0.265031
-0.233079
-0.202995
-0.177452
-0.158801
-0.148497
-0.146709
-0.152231
-0.162714
-0.175153
-0.186455
-0.193915
-0.195458
-0.189634
-0.175402
-0.151880
-0.118185
-0.073496
-0.017334
0.050029
0.127184
0.211402
0.298757
0.384569
0.464065
0.533076
0.588585
0.628987
0.654015
0.664414
0.661514
0.646864
0.622064
0.588813
0.549115
0.505489
0.461036
0.419264
0.383660
0.357117
0.341377
0.336675
0.341715
0.353968
0.370235
0.387274
0.402323
0.413365
0.419117
0.418792
0.411786
0.397463
0.375139
0.344293
0.304919
0.257880
0.205080
0.149370
0.094161
0.042849
-0.001773
-0.037952
-0.065109
-0.083664
-0.094632
-0.099146
-0.098090
-0.091971
-0.081049
-0.065661
-0.046585
-0.025263
-0.003795
0.015347
0.029774
0.037665
0.038096
0.031106
0.017483
-0.001657
-0.025321
-0.052958
-0.084521
-0.120254
-0.160290
-0.204221
-0.250818
-0.298016
-0.343192
-0.383658
-0.417182
-0.442397
-0.458936
-0.467287
-0.468441
-0.463475
-0.453247
-0.438317
-0.419112
-0.396247
-0.370862
-0.344795
-0.320484
-0.300600
-0.287486
-0.282592
-0.286082
-0.296743
-0.312223
-0.329512
-0.345512
-0.357512
-0.363435
-0.361823
-0.351635
-0.331982
-0.301979
-0.260801
-0.207964
-0.143738
-0.069529
0.011937
0.096737
0.180194
0.257535
0.324596
0.378361
0.417226
0.440926
0.450207
0.446401
0.431057
0.349997
0.299987
0.249994
0.203636
0.164634
0.136198
0.120368
0.117525
0.126247
0.143586
0.165669
0.188478
0.208533
0.223326
0.231385
0.232033
0.224981
0.209971
0.186629
0.154600
0.113910
0.065397
0.011003
-0.046222
-0.102473
-0.153810
-0.196876
-0.229477
-0.250855
-0.261571
-0.263064
-0.257055
-0.245024
-0.227932
-0.206275
-0.180414
-0.151024
-0.119453
-0.087824
-0.058813
-0.035158
-0.019075
-0.011789
-0.013346
-0.022775
-0.038549
-0.059142
-0.083506
-0.111263
-0.142559
-0.177645
-0.216343
-0.257626
-0.299483
-0.339143
-0.373589
-0.400196
-0.417280
-0.424366
-0.422101
-0.411876
-0.395302
-0.373752
-0.348153
-0.319075
-0.287071
-0.253098
-0.218828
-0.186659
-0.159396
-0.139657
-0.129199
-0.128383
-0.135962
-0.149263
-0.164722
-0.178572
-0.187480
-0.188952
-0.181396
-0.163912
-0.135940
-0.096979
-0.046515
0.015760
0.089523
0.173354
0.264431
0.358556
0.450570
0.535064
0.607218
0.663505
0.702096
0.722853
0.726972
0.716445
0.693523
0.660402
0.619179
0.572046
0.521577
0.470904
0.423649
0.383534
0.353768
0.336393
0.331792
0.338545
0.353704
0.373402
0.393619
0.410881
0.422680
0.427549
0.424812
0.414186
0.395416
0.368130
0.331978
0.286990
0.234008
0.174979
0.112957
0.051752
-0.004691
-0.053010
-0.091007
-0.117917
-0.134297
-0.141578
-0.141477
-0.135469
-0.124509
-0.109085
-0.089553
-0.066581
-0.041512
-0.016462
0.005900
0.022842
0.032154
0.032619
0.024198
0.007867
-0.014839
-0.042388
-0.073724
-0.108462
-0.146742
-0.188809
-0.234476
-0.282710
-0.331494
-0.378049
-0.419351
-0.452770
-0.476614
-0.490400
-0.494771
-0.491111
-0.481022
-0.465874
-0.446586
-0.423721
-0.397826
-0.369854
-0.341470
-0.315066
-0.293440
-0.279206
-0.274116
-0.278525
-0.291180
-0.309405
-0.329629
-0.348081
-0.361425
-0.367161
-0.363693
-0.350116
-0.325868
-0.290443
-0.243325
-0.184202
-0.113393
-0.032316
0.056210
0.147990
0.237866
0.320432
0.390870
0.445655
0.482959
0.502644
0.505910
0.494746
0.471408
0.438090
0.396889