0.259880
0.291492
0.313682
0.326882
0.331547
0.328100
0.317081
0.299390
0.276535
0.250700
0.224603
0.201109
0.182731
0.171146
0.166894
0.169349
0.176967
0.187730
0.199618
0.210972
0.220648
0.227923
0.232257
0.233028
0.229378
0.220264
0.204705
0.182148
0.152806
0.117829
0.079223
0.039521
0.001303
-0.033291
-0.062897
-0.087007
-0.105803
-0.119808
-0.129518
-0.135142
-0.136564
-0.133519
-0.125914
-0.114149
-0.099299
-0.083066
-0.067504
-0.054605
-0.045878
-0.042087
-0.043220
-0.048705
-0.057772
-0.069834
-0.084725
-0.102713
-0.124280
-0.149754
-0.178946
-0.210933
-0.244073
-0.276279
-0.305431
-0.329823
-0.348455
-0.361106
-0.368164
-0.370299
-0.368115
-0.361926
-0.351741
-0.337463
-0.319214
-0.297647
-0.274096
-0.250489
-0.229018
-0.211663
-0.199723
-0.193506
-0.192276
-0.194468
-0.198090
-0.201157
-0.202027
-0.199524
-0.192850
-0.181343
-0.164242
-0.140568
-0.109211
-0.069223
-0.020220
0.037250
0.101531
0.169938
0.239120
0.305586
0.366251
0.418844
0.462066
0.495495
0.519302
0.533916
0.539790
0.537348
0.527126
0.510026
0.487552
0.461892
0.435760
0.412024
0.393195
0.380951
0.375833
0.377216
0.383558
0.392840
0.403044
0.412515
0.420107
0.425102
0.426962
0.425067
0.418561
0.406404
0.387619
0.361655
0.328728
0.289993
0.247459
0.203664
0.161191
0.122183
0.088010
0.059184
0.035528
0.016524
0.001680
-0.009208
-0.016018
-0.018480
-0.016495
-0.010458
-0.001439
0.008867
0.018410
0.025207
0.027753
0.025290
0.017835
0.005970
-0.009532
-0.028076
-0.049491
-0.074038
-0.102191
-0.134274
-0.170090
-0.208709
-0.248485
-0.287320
-0.323093
-0.354087
-0.379297
-0.398495
-0.412064
-0.420667
-0.424900
-0.425073
-0.421187
-0.413140
-0.401048
-0.385556
-0.367994
-0.350283
-0.334609
-0.322948
-0.316591
-0.315843
-0.319960
-0.327374
-0.336085
-0.344106
-0.349789
-0.351954
-0.349796
-0.342651
-0.329753
-0.310119
-0.282634
-0.246346
-0.200870
-0.146747
-0.085633
-0.020207
0.046181
0.110044
0.168298
0.218676
0.107504
0.087668
0.084527
0.097569
0.123901
0.158527
0.195208
0.227668
0.250770
0.261326
0.258308
0.242453
0.215480
0.179232
0.135090
0.083863
0.026147
-0.037019
-0.103544
-0.170008
-0.231916
-0.284443
-0.323453
-0.346445
-0.353099
-0.345224
-0.326121
-0.299602
-0.268986
-0.236442
-0.202868
-0.168324
-0.132792
-0.096951
-0.062627
-0.032731
-0.010668
0.000542
-0.000877
-0.014945
-0.039969
-0.073108
-0.111269
-0.151978
-0.193912
-0.236896
-0.281379
-0.327605
-0.374816
-0.420827
-0.462153
-0.494690
-0.514710
-0.519846
-0.509703
-0.485909
-0.451589
-0.410472
-0.365973
-0.320562
-0.275634
-0.231877
-0.189934
-0.151036
-0.117308
-0.091547
-0.076524
-0.074024
-0.083964
-0.103949
-0.129437
-0.154509
-0.173011
-0.179724
-0.171184
-0.145964
-0.104375
-0.047787
0.022107
0.103777
0.195890
0.296910
0.404458
0.514757
0.622469
0.721087
0.803859
0.864981
0.900721
0.910102
0.894948
0.859287
0.808340
0.747424
0.681141
0.613047
0.545847
0.481906
0.423790
0.374512
0.337325
0.315063
0.309270
0.319440
0.342680
0.373998
0.407160
0.435890
0.455057
0.461477
0.454125
0.433743
0.402054
0.360905
0.311684
0.255203
0.192064
0.123312
0.051042
-0.021319
-0.089271
-0.147983
-0.193312
-0.222752
-0.235976
-0.234787
-0.222479
-0.202857
-0.179233
-0.153769
-0.127358
-0.100051
-0.071824
-0.043347
-0.016441
0.005993
0.020555
0.024232
0.015258
-0.006382
-0.038985
-0.079705
-0.125441
-0.173710
-0.223183
-0.273677
-0.325634
-0.379289
-0.433879
-0.487211
-0.535792
-0.575511
-0.602635
-0.614786
-0.611565
-0.594594
-0.566988
-0.532472
-0.494453
-0.455395
-0.416687
-0.379012
-0.343005
-0.309892
-0.281791
-0.261496
-0.251772
-0.254397
-0.269284
-0.294033
-0.324098
-0.353554
-0.376245
-0.386944
-0.382187
-0.360543
-0.322316
-0.268876
-0.201912
-0.122951
-0.033323
0.065438
0.170956
0.279456
0.385600
0.482884
0.564556
0.624816
0.659931
0.668924
0.653619
0.618047
0.567426
0.507075
0.441592
0.374536
0.308609
0.246175
0.189798
0.142492