0.350940
0.364680
0.367939
0.361681
0.346918
0.324826
0.296950
0.265378
0.232752
0.202063
0.176240
0.157648
0.147644
0.146328
0.152579
0.164364
0.179207
0.194690
0.208818
0.220163
0.227778
0.230978
0.229090
0.221330
0.206870
0.185079
0.155856
0.119919
0.078910
0.035257
-0.008203
-0.048713
-0.084078
-0.112964
-0.134953
-0.150340
-0.159783
-0.163934
-0.163198
-0.157711
-0.147512
-0.132854
-0.114488
-0.093798
-0.072725
-0.053462
-0.038042
-0.027944
-0.023860
-0.025703
-0.032834
-0.044435
-0.059860
-0.078850
-0.101512
-0.128084
-0.158586
-0.192481
-0.228500
-0.264714
-0.298828
-0.328615
-0.352348
-0.369076
-0.378668
-0.381632
-0.378785
-0.370919
-0.358598
-0.342156
-0.321885
-0.298337
-0.272576
-0.246280
-0.221588
-0.200741
-0.185595
-0.177175
-0.175407
-0.179112
-0.186274
-0.194462
-0.201287
-0.204739
-0.203320
-0.195959
-0.181813
-0.160058
-0.129811
-0.090239
-0.040856
0.018110
0.085411
0.158676
0.234573
0.309229
0.378796
0.440005
0.490560
0.529277
0.555963
0.571113
0.575579
0.570321
0.556354
0.534851
0.507357
0.475958
0.443299
0.412368
0.386095
0.366847
0.355980
0.353595
0.358574
0.368882
0.382047
0.395652
0.407703
0.416775
0.421923
0.422465
0.417729
0.406936
0.389259
0.364070
0.331274
0.291590
0.246666
0.198931
0.151228
0.106318
0.066399
0.032810
0.005976
-0.014396
-0.028958
-0.038357
-0.042994
-0.042997
-0.038402
-0.029456
-0.016903
-0.002123
0.012950
0.026128
0.035384
0.039246
0.037027
0.028822
0.015275
-0.002789
-0.024720
-0.050249
-0.079478
-0.112640
-0.149747
-0.190255
-0.232890
-0.275715
-0.316429
-0.352799
-0.383092
-0.406348
-0.422433
-0.431845
-0.435397
-0.433874
-0.427835
-0.417606
-0.403474
-0.385983
-0.366194
-0.345777
-0.326866
-0.311696
-0.302118
-0.299150
-0.302714
-0.311626
-0.323864
-0.336991
-0.348616
-0.356722
-0.359806
-0.356795
-0.346840
-0.329113
-0.302726
-0.266845
-0.220978
-0.165351
-0.101207
-0.030915
0.042196
0.114256
0.181419
0.240419
0.288962
0.325866
0.183553
0.141589
0.112950
0.099741
0.102210
0.118437
0.144530
0.175317
0.205341
0.229848
0.245498
0.250601
0.244877
0.228883
0.203390
0.168956
0.125875
0.074496
0.015745
-0.048378
-0.114614
-0.178684
-0.235943
-0.282259
-0.314839
-0.332724
-0.336792
-0.329282
-0.313013
-0.290584
-0.263830
-0.233707
-0.200611
-0.164966
-0.127814
-0.091152
-0.057849
-0.031143
-0.013913
-0.007963
-0.013600
-0.029664
-0.053988
-0.084123
-0.118057
-0.154650
-0.193645
-0.235249
-0.279462
-0.325438
-0.371139
-0.413438
-0.448672
-0.473462
-0.485516
-0.484148
-0.470338
-0.446332
-0.414940
-0.378814
-0.339948
-0.299588
-0.258524
-0.217623
-0.178327
-0.142872
-0.114086
-0.094774
-0.086903
-0.090840
-0.104949
-0.125690
-0.148215
-0.167290
-0.178241
-0.177655
-0.163639
-0.135636
-0.093935
-0.039137
0.028177
0.107417
0.197613
0.296867
0.401888
0.507861
0.608792
0.698293
0.770616
0.821627
0.849444
0.854555
0.839407
0.807644
0.763265
0.709981
0.650951
0.588906
0.526530
0.466831
0.413276
0.369539
0.338904
0.323475
0.323503
0.337071
0.360289
0.387988
0.414714
0.435717
0.447659
0.448855
0.439028
0.418740
0.388765
0.349666
0.301743
0.245347
0.181412
0.111940
0.040197
-0.029533
-0.092599
-0.144863
-0.183527
-0.207626
-0.218031
-0.216975
-0.207271
-0.191511
-0.171524
-0.148259
-0.122106
-0.093480
-0.063419
-0.033912
-0.007818
0.011627
0.021555
0.020168
0.007166
-0.016284
-0.048006
-0.085546
-0.126882
-0.170870
-0.217244
-0.266203
-0.317740
-0.371003
-0.423946
-0.473434
-0.515799
-0.547654
-0.566699
-0.572241
-0.565256
-0.547979
-0.523218
-0.493614
-0.461159
-0.427089
-0.392189
-0.357321
-0.323919
-0.294216
-0.271031
-0.257166
-0.254581
-0.263639
-0.282698
-0.308214
-0.335334
-0.358819
-0.373992
-0.377433
-0.367249
-0.342876
-0.304600
-0.253019
-0.188711
-0.112264
-0.024644
0.072254
0.175140
0.279203
0.378448
0.466492
0.537586
0.587597
0.614646
0.619221
0.603769
0.571934
0.527716
0.474826
0.416421
0.355233
0.293945
0.235563