0.159961
0.071420
0.052554
0.118290
0.250828
0.406409
0.532003
0.585541
0.551957
0.448927
0.320093
0.218379
0.185759
0.237216
0.355006
0.495426
0.605509
0.643246
0.593633
0.474410
0.329282
0.211237
0.162315
0.197563
0.299299
0.423887
0.518419
0.540948
0.476532
0.342968
0.184017
0.052723
-0.008823
0.014477
0.104987
0.219116
0.303997
0.317722
0.245383
0.104807
-0.060215
-0.196617
-0.262286
-0.242110
-0.153710
-0.040671
0.044146
0.058832
-0.011524
-0.149103
-0.310127
-0.441543
-0.501260
-0.474189
-0.377978
-0.256243
-0.161880
-0.136834
-0.196058
-0.321777
-0.470259
-0.588502
-0.634465
-0.593115
-0.482156
-0.345261
-0.235386
-0.194539
-0.237735
-0.347260
-0.479448
-0.581360
-0.611022
-0.553462
-0.426449
-0.273721
-0.148296
-0.092242
-0.120633
-0.215818
-0.334183
-0.422846
-0.439884
-0.370376
-0.232137
-0.068950
0.066126
0.130984
0.110516
0.022343
-0.089950
-0.173506
-0.186421
-0.113789
0.026560
0.190836
0.325977
0.389874
0.367423
0.276253
0.159961
0.071420
0.052554
0.118290
0.250828
0.406409
0.532003
0.585541
0.551957
0.448927
0.320093
0.218379
0.185759
0.237216
0.355006
0.495426
0.605509
0.643246
0.593633
0.474410
0.329282
0.211237
0.162315
0.197563
0.299299
0.423887
0.518419
0.540948
0.476532
0.342968
0.184017
0.052723
-0.008823
0.014477
0.104987
0.219116
0.303997
0.317722
0.245383
0.104807
-0.060215
-0.196617
-0.262286
-0.242110
-0.153710
-0.040671
0.044146
0.058832
-0.011524
-0.149103
-0.310127
-0.441543
-0.501260
-0.474189
-0.377978
-0.256243
-0.161880
-0.136834
-0.196058
-0.321777
-0.470259
-0.588502
-0.634465
-0.593115
-0.482156
-0.345261
-0.235386
-0.194539
-0.237735
-0.347260
-0.479448
-0.581360
-0.611022
-0.553462
-0.426449
-0.273721
-0.148296
-0.092242
-0.120633
-0.215818
-0.334183
-0.422846
-0.439884
-0.370376
-0.232137
-0.068950
0.066126
0.130984
0.110516
0.022343
-0.089950
-0.173506
-0.186421
-0.113789
0.026560
0.190836
0.325977
0.389874
0.367423
0.276253
0.648290
0.372019
0.143668
0.048819
0.121319
0.330356
0.592248
0.802415
0.875346
0.777281
0.539132
0.244697
-0.001316
-0.113254
-0.057205
0.136087
0.383000
0.579014
0.638673
0.528272
0.278768
-0.025994
-0.281266
-0.401358
-0.352326
-0.164886
0.077363
0.269918
0.327339
0.215928
-0.033353
-0.336660
-0.589251
-0.705447
-0.651318
-0.457602
-0.207921
-0.006808
0.060262
-0.040445
-0.278011
-0.568637
-0.807631
-0.909369
-0.839977
-0.630253
-0.363883
-0.145465
-0.060543
-0.142922
-0.361754
-0.633317
-0.852992
-0.935232
-0.846241
-0.616892
-0.330950
-0.093091
0.011067
-0.052360
-0.252597
-0.505995
-0.708009
-0.773159
-0.667717
-0.422623
-0.121702
0.130310
0.247739
0.196650
0.007768
-0.235304
-0.428058
-0.485055
-0.372596
-0.121649
0.183935
0.439406
0.559074
0.508994
0.319888
0.075362
-0.120073
-0.180966
-0.073604
0.171066
0.469219
0.716133
0.826151
0.765367
0.564546
0.307339
0.098307
0.022956
0.115055
0.343717
0.625181
0.854790
0.946956
0.867844
0.648290
0.372019
0.143668
0.048819
0.121319
0.330356
0.592248
0.802415
0.875346
0.777281
0.539132
0.244697
-0.001316
-0.113254
-0.057205
0.136087
0.383000
0.579014
0.638673
0.528272
0.278768
-0.025994
-0.281266
-0.401358
-0.352326
-0.164886
0.077363
0.269918
0.327339
0.215928
-0.033353
-0.336660
-0.589251
-0.705447
-0.651318
-0.457602
-0.207921
-0.006808
0.060262
-0.040445
-0.278011
-0.568637
-0.807631
-0.909369
-0.839977
-0.630253
-0.363883
-0.145465
-0.060543
-0.142922
-0.361754
-0.633317
-0.852992
-0.935232
-0.846241
-0.616892
-0.330950
-0.093091
0.011067
-0.052360
-0.252597
-0.505995
-0.708009
-0.773159
-0.667717
-0.422623
-0.121702
0.130310
0.247739
0.196650
0.007768
-0.235304
-0.428058
-0.485055
-0.372596
-0.121649
0.183935
0.439406
0.559074
0.508994
0.319888
0.075362
-0.120073
-0.180966
-0.073604
0.171066
0.469219
0.716133
0.826151
0.765367
0.564546
0.307339
0.098307
0.022956
0.115055
0.343717
0.625181
0.854790
0.946956
0.867844