0.357079
0.334144
0.305009
0.271424
0.235388
0.199315
0.166014
0.138419
0.119118
0.109826
0.110959
0.121490
0.139119
0.160745
0.183085
0.203247
0.219119
0.229452
0.233688
0.231632
0.223134
0.207937
0.185743
0.156489
0.120696
0.079732
0.035863
-0.007992
-0.048728
-0.083627
-0.110851
-0.129692
-0.140518
-0.144439
-0.142836
-0.136911
-0.127434
-0.114755
-0.099051
-0.080700
-0.060598
-0.040286
-0.021810
-0.007358
0.001218
0.002804
-0.002779
-0.014871
-0.032297
-0.053827
-0.078563
-0.106136
-0.136617
-0.170197
-0.206760
-0.245519
-0.284867
-0.322531
-0.355962
-0.382864
-0.401661
-0.411764
-0.413547
-0.408066
-0.396645
-0.380483
-0.360449
-0.337108
-0.310973
-0.282841
-0.254053
-0.226542
-0.202607
-0.184448
-0.173620
-0.170575
-0.174444
-0.183156
-0.193834
-0.203359
-0.208914
-0.208345
-0.200261
-0.183890
-0.158801
-0.124653
-0.081104
-0.027949
0.034560
0.105340
0.182205
0.261854
0.340164
0.412748
0.475627
0.525828
0.561746
0.583182
0.591077
0.587075
0.573074
0.550924
0.522360
0.489133
0.453239
0.417094
0.383506
0.355408
0.335392
0.325169
0.325161
0.334338
0.350403
0.370257
0.390618
0.408596
0.422082
0.429828
0.431279
0.426244
0.414575
0.396017
0.370277
0.337296
0.297595
0.252551
0.204430
0.156157
0.110841
0.071204
0.039090
0.015210
-0.000796
-0.010037
-0.013886
-0.013540
-0.009764
-0.002902
0.006875
0.019193
0.033165
0.047255
0.059421
0.067483
0.069596
0.064651
0.052476
0.033738
0.009617
-0.018649
-0.050155
-0.084527
-0.121827
-0.162242
-0.205648
-0.251249
-0.297436
-0.341925
-0.382162
-0.415844
-0.441389
-0.458201
-0.466647
-0.467777
-0.462907
-0.453231
-0.439611
-0.422606
-0.402723
-0.380752
-0.358028
-0.336480
-0.318398
-0.305978
-0.300770
-0.303218
-0.312451
-0.326389
-0.342152
-0.356616
-0.366959
-0.371022
-0.367409
-0.355345
-0.334393
-0.304208
-0.264446
-0.214897
-0.155809
-0.088262
-0.014439
0.062362
0.138021
0.208153
0.268782
0.316937
0.351015
0.370819
0.377292
0.372080
0.169575
0.128472
0.097790
0.080346
0.077805
0.089927
0.114222
0.146204
0.180193
0.210460
0.232344
0.243008
0.241623
0.228984
0.206746
0.176600
0.139722
0.096685
0.047831
-0.006081
-0.063270
-0.120654
-0.174096
-0.219114
-0.251873
-0.270093
-0.273573
-0.264135
-0.245008
-0.219870
-0.191887
-0.163075
-0.134194
-0.105162
-0.075805
-0.046598
-0.019112
0.004062
0.019864
0.025612
0.019826
0.002693
-0.023988
-0.057376
-0.094462
-0.132928
-0.171650
-0.210697
-0.250798
-0.292528
-0.335518
-0.378013
-0.416985
-0.448753
-0.469937
-0.478378
-0.473717
-0.457425
-0.432296
-0.401594
-0.368183
-0.333951
-0.299723
-0.265662
-0.231946
-0.199423
-0.169920
-0.146057
-0.130571
-0.125380
-0.130730
-0.144737
-0.163523
-0.181924
-0.194561
-0.196915
-0.186090
-0.161035
-0.122228
-0.071005
-0.008843
0.063093
0.143959
0.232802
0.327906
0.426208
0.523101
0.612776
0.689088
0.746687
0.782081
0.794295
0.784914
0.757522
0.716744
0.667224
0.612876
0.556617
0.500588
0.446690
0.397125
0.354650
0.322373
0.303111
0.298534
0.308401
0.330227
0.359525
0.390620
0.417786
0.436364
0.443520
0.438429
0.421892
0.395564
0.361141
0.319805
0.272132
0.218469
0.159578
0.097249
0.034564
-0.024330
-0.074949
-0.113451
-0.137550
-0.147040
-0.143737
-0.130864
-0.112092
-0.090582
-0.068344
-0.046129
-0.023850
-0.001326
0.020973
0.041486
0.057626
0.066341
0.064957
0.052000
0.027664
-0.006244
-0.046877
-0.091219
-0.136943
-0.182920
-0.229210
-0.276536
-0.325466
-0.375623
-0.425247
-0.471299
-0.510095
-0.538246
-0.553587
-0.555750
-0.546203
-0.527730
-0.503592
-0.476643
-0.448765
-0.420778
-0.392839
-0.365121
-0.338463
-0.314688
-0.296410
-0.286360
-0.286452
-0.296926
-0.315893
-0.339470
-0.362489
-0.379565
-0.386176
-0.379421
-0.358245
-0.323122
-0.275385
-0.216508
-0.147651
-0.069658
0.016525
0.109182
0.205253
0.300131
0.388013
0.462754
0.519005
0.553275
0.564591
0.554539
0.526704
0.485710
0.436202
0.382094
0.326303
0.270969
0.217992