-0.023116
-0.019775
-0.024306
-0.025229
-0.014627
-0.011874
0.003144
-0.014110
-0.015827
-0.029762
-0.028313
0.040082
0.020863
-0.039464
-0.043754
-0.007015
0.052029
0.071448
0.065101
0.020433
-0.018428
-0.072287
-0.085148
-0.023054
0.018416
0.045646
0.039743
0.042209
0.010532
0.091612
-0.023225
-0.173359
-0.126457
-0.094000
0.134308
0.223173
-0.037479
-0.133276
0.025141
-0.088777
-0.226194
-0.121959
-0.065251
0.113360
-0.039242
-0.156940
0.093452
0.082695
0.024373
-0.046003
-0.146112
-0.080056
0.046101
0.069121
0.126995
0.145558
0.051828
0.020550
0.081925
0.029015
0.026338
0.026217
0.007950
0.031283
-0.058892
-0.099063
-0.053266
-0.006093
0.010516
0.020592
0.020766
0.011317
0.026793
0.017153
-0.010422
-0.018220
-0.000825
0.020536
0.018110
0.007880
0.010462
0.026955
0.004289
-0.002695
0.004590
-0.003841
-0.001662
0.009886
0.016289
0.019614
0.013805
0.010414
0.024208
0.018054
0.009551
0.006923
0.005319
0.011463
0.010339
0.019643
0.027184
0.014396
0.011414
0.015442
0.020263
0.008776
-0.018142
-0.011111
0.014978
0.007237
0.015860
0.016968
0.025901
0.008463
-0.030860
-0.005472
-0.002266
0.004191
0.018328
0.037325
0.066873
-0.007843
-0.071535
0.018753
0.101428
0.016201
-0.083442
0.026632
0.054054
0.127992
0.104972
-0.143913
-0.146070
-0.152928
-0.094726
0.024626
0.025643
0.156074
0.175159
-0.108740
-0.186319
0.089394
0.049845
-0.168527
-0.235968
-0.157665
0.154134
0.260103
0.129976
0.099798
0.030368
0.097337
0.188407
0.053362
-0.082283
-0.063130
0.075525
0.048340
-0.019891
-0.079392
-0.034074
0.007586
-0.051656
0.021864
-0.003030
0.031987
0.042394
-0.017424
-0.024045
-0.012613
0.033049
-0.001616
-0.008010
-0.036043
-0.024570
0.003184
-0.024326
-0.027721
-0.039760
-0.022855
-0.009723
-0.001908
-0.007569
-0.001932
-0.004146
-0.028952
-0.020312
-0.013499
-0.019971
-0.028266
-0.019047
-0.004601
0.003998
-0.004602
-0.006164
-0.000403
-0.012574
-0.015572
-0.012222
-0.016056
-0.024813
-0.015220
-0.008975
-0.006986
-0.022955
-0.048839
-0.021993
-0.010730
0.000204
-0.006096
-0.030277
-0.017505
-0.033630
-0.024646
0.002397
-0.027334
-0.030921
-0.019577
0.033882
0.040926
-0.024847
0.018243
0.072416
0.090087
0.061232
0.031214
0.019845
-0.062386
-0.102538
-0.024716
0.082099
0.011916
-0.136352
-0.204509
-0.114470
0.072332
0.078870
0.054051
-0.054534
-0.039037
-0.047675
-0.126406
0.029379
-0.119851
-0.153362
-0.087634
-0.070135
-0.091604
-0.143368
0.075263
0.158949
0.212951
0.045923
-0.011839
0.083822
0.130017
0.145484
0.027279
0.001675
-0.033820
0.013061
-0.022355
0.006349
0.102450
0.083972
0.062079
0.001571
-0.015973
-0.023022
-0.004527
-0.009195
-0.024658
-0.013741
-0.018346
-0.003170
-0.007313
-0.001341
0.001061
-0.001722
-0.014748
-0.002219
0.006880
-0.007217
-0.000648
0.000596
-0.000103
-0.010600
-0.007646
-0.001919
-0.000961
-0.004511
-0.004699
-0.001452
-0.002171
0.004227
0.012911
0.018235
0.007575
-0.001512
0.002785
0.009763
0.014368
0.000398
-0.000512
0.017193
-0.005791
-0.027460
0.006975
0.009841
-0.002876
0.013291
-0.017216
-0.029753
-0.019121
-0.035346
-0.038455
-0.024875
-0.039481
0.011204
0.019524
-0.083286
0.007242
-0.071160
-0.086701
0.084651
-0.050838
-0.180124
-0.172451
-0.040709
0.136522
0.190627
-0.026851
-0.030846
-0.018666
-0.129780
-0.043980
-0.017164
-0.019431
-0.055128
-0.020033
-0.049907
-0.159570
-0.160539
-0.056764
0.030038
0.032898
0.027700
0.079667
0.092214
-0.022148
-0.107419
0.016851
0.005608
-0.038843
0.030079
-0.010127
0.058199
0.041222
-0.031478
-0.000372
0.038512
0.055815
0.052499
0.008035
-0.024194
0.041714
0.053916
0.055932
0.038294
0.008062
0.046016
0.060391
0.045987
0.013186
0.021664
0.019534
0.012186
0.023035
0.028144
0.036052
0.023200
0.021953
0.020730
0.022098
0.011824
0.015932
0.027422
0.017975
0.019338
0.028442
0.028007
0.019990
0.023318
0.027183
0.031322
0.026444
0.017953
0.023225
0.013290
0.012840
0.018215
0.021378
0.038480
0.025179
0.002981
0.006198
0.025809
0.015750
-0.013845
-0.002728
0.017497
0.019575
0.040376
0.018026
-0.015026
0.035210
-0.004280
-0.040357
-0.018935
-0.126010
-0.037714
0.087912
0.039926
0.162576
0.090338
-0.108334
-0.054684
-0.094843
0.014712
0.100693
0.074601
0.224349
0.159196
0.115450
0.021592
-0.137254
-0.094735
0.121144
0.188831
0.026534
-0.089805
-0.063946
0.016485
0.008890
0.034197
-0.088415
-0.036628
0.010916
-0.027800
0.134160
-0.051510
0.016412
0.108725
0.008889
-0.002641
-0.152347
-0.043656
0.088308
0.037680
-0.062144
-0.097052
-0.068801
-0.016804
-0.015428
-0.029519
-0.009115
-0.043076
-0.069864
-0.047276
-0.023334
-0.004796
-0.005890
-0.018041
-0.012291
-0.010275
-0.002637
0.006715
0.002159
-0.014574
-0.018464
-0.018714
-0.031238
-0.025051
-0.022092
-0.024994
-0.024732
-0.030004
-0.015954
-0.020824
-0.030586
-0.032111
-0.029239
-0.022574
-0.026683
-0.023754
-0.014969
-0.015426
-0.011414
-0.013211
-0.027712
-0.035546
-0.038611
-0.023681
0.001982
0.011660
-0.008904
-0.024900
-0.031551
-0.036419
-0.022863
-0.016216
-0.002456
0.009529
-0.008554
0.003194
0.018376
0.014409
-0.002034
0.064085
0.046275
-0.024127
-0.016140
-0.124850
0.032093
0.141663
0.094124
0.060032
-0.056218
0.000032
0.040032
-0.036005
-0.179886
-0.159135
0.036700
0.119220
0.064861
-0.068784
-0.084937
-0.021387
-0.072653
-0.207001
-0.231496
-0.156819
-0.075653
0.062744
0.036396
-0.006122
0.042609
0.013918
0.057677
0.048120
-0.132107
-0.112016
-0.033449
0.047257
0.164155
0.092312
0.057559
0.051104
0.052330
0.095373
0.061889
0.025721
0.012225
0.036490
0.040106
0.016658
0.009913
-0.013506
-0.011605
0.011881
0.003481
-0.006061
-0.001943
-0.018957
-0.011831
-0.007300
-0.004936
0.021390
0.036941
0.027173
0.019067
0.020199
0.012394
0.008553
-0.004974
-0.014580
0.001373
0.017362
0.021161
0.027640
0.025744
0.019999
0.022235
0.014936
0.016575
0.018261
0.010504
0.016146
0.025459
0.026521
0.018896
0.020296
0.021826
0.024920
0.015068
0.022523
0.023995
0.012851
-0.022934
-0.063346
0.014291
0.036701
0.039314
0.014090
-0.041710
-0.060491
-0.033872
0.049708
0.059035
0.079196
0.026948
-0.098900
-0.069502
0.014885
0.043284
0.048103
-0.017381
0.079383
0.103345
-0.106590
-0.122092
-0.076985
-0.088418
0.050161
0.061279
-0.032410
0.171943
-0.093928
-0.199425
0.120074
0.059223
0.043452
-0.112097
-0.086802
0.066119
0.190449
0.059411
-0.126510
-0.022501
-0.018287
0.183897
0.152664
0.008013
0.055876
0.110930
0.107186
0.021304
-0.016822
-0.040452
-0.000396
-0.054312
-0.073652
-0.004089
0.015235
0.026617
0.030670
0.005949
0.007899
0.038664
-0.002044
-0.036091
-0.039257
-0.038063
-0.026095
-0.007105
-0.020038
-0.024127
-0.003703
-0.016486
-0.009643
-0.012769
-0.015358
-0.010600
-0.021768
-0.022727
-0.011724
-0.011049
-0.026215
-0.021376
-0.013064
-0.006610
-0.013391
-0.023009
-0.023018
-0.022826
-0.020381
-0.016794
-0.014699
-0.018291
-0.013943
-0.016852
-0.029690
-0.027162
-0.021182
-0.023057
-0.036440
-0.052729
-0.033468
-0.023120
-0.015492
0.006962
-0.036589
-0.101834
-0.072191
-0.089220
-0.028123
0.086205
0.050588
-0.011254
-0.127632
-0.079358
-0.013358
-0.000034
-0.001427
-0.100959
-0.106162
0.003722
0.102432
0.122047
-0.101488
-0.155319
0.129842
0.108666
-0.049478
-0.006029
0.062693
0.200904
0.381117
0.066049
-0.109868
0.132695
0.138559
0.143835
-0.020608
-0.226571
-0.129262
-0.082665
-0.107385
-0.110047
-0.044911
-0.085447
0.014400
0.090907
-0.020635
0.023030
-0.006979
-0.016835
0.021634
0.053594
0.073065
0.106368
0.046246
0.012628
0.083069
0.031610
-0.005788
0.028282
0.012989
-0.025166
-0.001571
-0.027271
-0.014949
0.010892
-0.029322
-0.004968
0.011904
-0.006733
-0.009339
-0.013771
-0.031846
-0.012967
-0.000269
-0.012169
-0.003437
-0.020600
-0.019196
-0.008711
-0.019464
-0.033354
-0.035533
-0.030054
-0.027842
-0.026631
-0.030761
-0.021110
-0.019305
-0.020319
-0.022456
-0.019551
-0.019256
-0.014230
-0.006502
-0.016739
-0.023276
-0.023333
0.004112
0.009336
-0.006944
-0.025864
-0.021820
0.025682
-0.014828
-0.091066
-0.078572
-0.017715
0.066964
0.053511
-0.052600
-0.061952
-0.106836
-0.040419
0.118938
-0.020970
-0.001231
0.000362
-0.042372
0.124894
0.009790
-0.104971
-0.112445
0.019158
0.120020
-0.024511
0.009025
0.045795
0.192148
0.271557
-0.010432
-0.202672
-0.077484
0.126627
0.243555
0.180255
-0.130462
-0.052067
0.023919
-0.108875
-0.072803
-0.115643
-0.130703
-0.020247
0.089118
0.065923
-0.004792
-0.125870
-0.076996
0.053355
0.031690
0.034753
-0.019659
-0.053575
-0.066894
-0.063328
-0.065941
-0.055715
-0.049557
-0.062445
-0.023872
-0.017254
-0.004011
-0.019704
-0.019767
-0.005385
-0.008292
0.003611
0.003004
0.007153
0.005612
-0.006111
-0.004729
0.000717
-0.008865
-0.005954
-0.005606
-0.015167
-0.003458
0.000460
-0.006741
-0.016566
-0.017284
-0.006960
-0.006823
-0.018699
-0.017437
-0.012910
-0.016481
-0.011350
-0.012966
-0.005913
0.000603
-0.004390
-0.001048
-0.011386
-0.021736
-0.007082
0.015878
0.023683
-0.007230
-0.045601
-0.033527
0.005047
0.009916
0.024304
0.030360
0.014655
0.016644
-0.030219
-0.024910
0.039747
0.082329
0.086327
0.009716
-0.025871
-0.039376
-0.062443
0.040378
0.129459
0.075432
0.028363
0.021053
0.073565
0.059692
0.067432
0.047050
-0.015357
0.169722
0.120620
-0.016745
-0.045383
-0.131365
-0.121664
-0.115463
0.118778
0.069400
-0.108769
-0.007569
0.010970
0.014139
-0.022813
-0.027689
0.015132
0.068331
-0.044510
-0.044914
-0.000084
-0.065664
-0.058125
-0.095114
-0.043934
0.039632
0.053214
0.042028
0.029059
0.040538
0.020191
0.007833
-0.022498
-0.020540
-0.013276
-0.032661
-0.022047
-0.019373
-0.017464
-0.006197
0.002729
-0.009470
-0.003955
0.003218
-0.005007
-0.018237
-0.013253
-0.009068
-0.021023
-0.019481
-0.012689
-0.011421
-0.015954
-0.019269
-0.012762
-0.010914
-0.018195
-0.011637
-0.005187
-0.008688
-0.006981
-0.008235
-0.004985
-0.002105
-0.005957
-0.005095
-0.004141
-0.008024
-0.010598
-0.007816
0.002917
0.007508
0.005656
0.012098
0.001204
-0.014713
-0.015905
-0.010376
-0.004896
0.007020
0.002764
-0.012160
-0.010644
-0.009359
-0.002318
-0.000347
-0.004382
-0.001880
-0.000047
-0.001572
-0.000100
0.002240
0.000129
0.001870
0.003760
0.003486
0.004168
0.003226
0.002274
0.002400
0.001978
0.001198
0.001674
0.000816
0.001201
0.001951
0.000705
-0.000043
0.000103
0.000157
0.000082
0.002186
0.002660
0.001862
0.002288
0.002207
0.000880
0.000844
0.001157
0.000969
-0.000462
-0.000414
0.000747
0.000481
0.000749
0.001320
0.001271
0.000934
0.001304
0.001392
0.001849
0.001687
0.001817
0.002058
0.002323
0.002310
0.002323
0.002077
0.002003
0.001540
0.001305
0.001375
0.001930
0.002028
0.002001
0.001703
0.001341
0.001107
0.001035
0.001055
0.001008
0.000988
0.000953
0.000816
0.000695
0.000653
0.000692
0.000724
0.000744
0.000592
0.000347
0.000202
0.000192
0.000224
0.000237
0.000168
0.000050
-0.000053
-0.000106
-0.000074
0.000002
0.000070
0.000069
0.000059
0.000010
0.000034
0.000087
0.000088
0.000020
-0.000062
-0.000107
-0.000141
-0.000136
-0.000139
-0.000170
-0.000213
-0.000157
-0.000125
-0.000139
-0.000146
-0.000109
-0.000124
-0.000068
0.026923
-0.012701
0.007508
-0.082175
0.028384
0.141941
-0.043209
-0.090709
-0.020224
0.060395
0.118000
0.110849
0.092670
-0.023878
-0.054818
-0.202903
-0.110123
-0.011426
0.040006
0.041919
0.077127
0.053060
0.085573
0.231815
-0.357543
-0.323548
-0.197561
-0.081783
0.492225
0.129624
-0.412893
0.052013
0.278149
-0.546586
-0.381053
-0.022497
0.013117
0.226759
-0.424292
0.085179
0.433137
0.060912
0.072894
-0.159738
-0.229025
0.064984
0.094736
0.086457
0.328889
0.224793
0.006094
0.167995
0.155983
-0.096893
0.009696
-0.078553
0.016070
-0.045052
-0.242735
-0.063659
0.012072
0.040453
0.039888
0.009611
0.017832
0.061354
0.041130
-0.031416
-0.025624
-0.052909
0.010859
0.014504
0.008420
0.032830
0.040298
0.010592
0.007076
-0.008559
-0.020829
0.016085
0.000488
-0.001983
-0.000939
0.025423
0.044355
0.039040
0.028007
0.026654
0.014691
-0.006188
-0.020146
-0.001412
0.023785
0.047964
0.003516
-0.006268
0.029282
0.019752
0.012056
-0.036128
-0.060657
0.003235
0.003534
-0.015914
0.048188
0.028963
0.055414
-0.051088
-0.033123
0.042062
-0.019786
0.025499
0.054616
0.131860
0.095941
-0.182919
-0.068575
0.222827
0.143565
-0.250597
-0.100854
0.187875
0.022442
0.350211
-0.065154
-0.419051
-0.120525
-0.287417
-0.055549
-0.020252
0.118542
0.505432
0.082893
-0.519591
0.054993
0.476889
-0.336078
-0.489271
-0.306917
0.047423
0.582267
0.315535
0.174119
0.211607
0.061407
0.371535
0.140505
-0.295080
-0.309235
-0.005695
0.157771
-0.094447
-0.102484
-0.087306
0.165658
-0.086504
-0.071780
0.098705
-0.141745
0.126463
-0.012845
-0.072171
-0.027546
0.044301
0.012774
-0.058326
-0.015971
-0.103892
0.061082
-0.040024
-0.097367
-0.038336
-0.035380
0.011688
-0.014729
-0.004404
-0.012509
0.007369
-0.012612
0.005207
-0.026191
-0.048189
-0.020727
-0.025095
-0.006843
0.001260
0.019171
0.025438
0.006820
-0.015635
-0.006751
-0.006067
-0.032930
-0.048922
-0.055440
-0.018757
-0.012857
-0.006413
-0.073256
-0.072464
0.016861
0.008035
0.035272
-0.035643
-0.023070
0.014891
-0.055830
0.041436
0.013993
-0.074543
-0.018993
0.047431
0.168406
-0.015597
-0.060903
0.145596
0.142344
0.100405
0.025759
0.060302
-0.053860
-0.265753
-0.167689
0.108745
0.164235
-0.194753
-0.326218
-0.295017
0.064571
0.201193
0.019359
0.013890
-0.160682
0.089945
-0.290312
-0.097948
0.125081
-0.503914
-0.058908
-0.017416
0.016058
-0.291050
0.036250
0.465182
0.312929
0.361086
-0.152672
0.136549
0.175813
0.251228
0.023907
-0.103958
0.027875
-0.067083
0.048161
-0.113850
0.178511
0.175257
0.065869
0.026458
-0.038425
-0.030642
-0.098150
-0.024138
-0.124504
-0.077986
-0.037170
0.010192
0.010439
-0.003924
0.018231
-0.022963
-0.003115
-0.026932
-0.005589
-0.006520
0.004476
-0.006013
-0.019978
-0.000961
0.010891
0.010381
-0.009273
-0.008614
-0.013531
-0.015987
-0.000030
0.016412
0.038055
0.031946
0.030256
0.005836
-0.003504
0.012755
0.008197
-0.001009
-0.037829
0.003563
-0.001649
-0.079673
-0.016607
0.054450
-0.049304
-0.009653
0.044939
-0.067672
-0.021285
-0.013112
-0.086595
-0.069069
-0.052420
-0.057752
0.129800
-0.077970
-0.116350
0.142347
-0.347845
0.122181
0.244500
-0.344541
-0.332672
-0.108438
0.159873
0.355227
0.163082
-0.225995
0.203139
-0.165669
-0.265319
-0.003109
-0.080431
-0.107180
-0.086061
0.141630
-0.153455
-0.320652
-0.090091
0.110927
0.040965
0.027726
0.167255
0.216335
0.111081
-0.214717
-0.111216
0.205651
-0.178414
-0.045939
0.112593
-0.008575
0.189106
-0.008145
-0.048511
0.047841
0.150587
0.104999
0.015865
-0.071297
-0.030988
0.128971
0.050019
0.111575
0.013527
0.052007
0.106119
0.055019
0.003174
-0.016032
0.023750
-0.024291
0.055343
0.012086
0.024512
0.039715
0.015517
0.005603
-0.010599
0.007490
0.014006
0.022422
-0.000754
0.023687
0.023077
0.020604
0.034098
0.035687
0.048183
0.034861
0.025469
0.012665
-0.004797
-0.008617
-0.000747
0.023786
0.005905
0.033069
0.050092
-0.005964
-0.019032
0.026729
0.058240
-0.033760
-0.052454
0.022182
0.001136
0.025687
0.076628
-0.056114
-0.000498
0.113715
-0.124426
-0.020133
-0.090441
-0.306040
0.199985
0.115658
0.087008
0.472391
-0.098487
-0.198234
0.029582
-0.190958
0.188914
0.018328
0.247309
0.460927
0.130029
0.247324
-0.194310
-0.401357
-0.005765
0.387906
0.019091
-0.235182
-0.115430
0.044241
0.040722
0.024330
0.007935
-0.299193
0.148416
-0.127681
0.077097
0.176793
-0.352623
0.349813
0.053864
0.008431
-0.167653
-0.344379
0.174189
0.090752
-0.140760
-0.183936
-0.058737
-0.036215
0.029239
-0.070701
-0.035595
0.009864
-0.156680
-0.077883
0.020785
-0.014033
0.055243
-0.003740
-0.053096
0.032340
0.009337
0.025619
0.031564
-0.020513
-0.024042
-0.026383
-0.038395
-0.039907
-0.027619
-0.042480
-0.020596
-0.022890
-0.026052
-0.015856
-0.014153
-0.025485
-0.028615
-0.033188
-0.024014
0.001506
-0.003731
-0.011296
-0.001330
0.001594
-0.023238
-0.037605
-0.050906
-0.030851
-0.026434
0.023036
0.033649
-0.036530
-0.024229
-0.031005
-0.031608
-0.011914
-0.025335
0.021086
0.032194
0.003592
0.061708
0.041878
-0.019242
0.025387
0.214712
-0.062431
-0.008778
-0.112725
-0.273230
0.338481
0.143052
0.095384
-0.031719
-0.103565
0.145538
-0.017492
-0.282993
-0.502913
-0.068156
0.245142
0.131464
-0.067300
-0.184016
0.030896
0.000783
-0.273263
-0.467800
-0.278588
-0.162645
0.040000
0.233260
0.024047
0.140894
0.203142
0.081743
0.232996
-0.092630
-0.381133
-0.044336
-0.017486
0.242725
0.317268
0.105761
0.212546
0.111967
0.155282
0.136874
-0.049972
-0.056262
-0.032366
0.033930
0.011951
0.027918
-0.009559
-0.046444
0.005850
0.016356
-0.036980
-0.032831
-0.036114
-0.056033
-0.018159
-0.024587
0.008273
0.048090
0.050083
0.036855
0.042272
0.016786
-0.015756
-0.018071
-0.027372
-0.007241
0.010465
0.027237
0.041584
0.039632
0.042521
0.039495
0.038912
0.025153
0.007417
-0.002358
-0.006197
0.005814
0.029811
0.017283
0.008788
0.028175
0.017322
0.022179
-0.002224
0.039554
0.006015
-0.018911
-0.145692
-0.073569
0.113958
0.011273
0.065603
-0.029636
-0.079596
-0.100288
0.050040
0.133793
0.070043
0.188151
-0.091071
-0.243690
0.040708
0.079473
0.029920
-0.022932
-0.004242
0.359730
-0.041659
-0.361210
-0.045673
-0.163554
-0.140181
0.256117
-0.103423
0.121911
0.465121
-0.723956
0.077249
0.443132
-0.105122
-0.087533
-0.303836
0.142881
0.226788
0.405193
-0.265013
-0.142262
0.103497
0.093880
0.462130
-0.118817
-0.008334
0.135160
0.208262
0.054672
-0.103854
-0.068624
-0.049253
-0.066806
-0.237822
-0.040609
-0.004637
0.042258
0.095383
0.028367
-0.003033
0.087297
-0.007336
-0.125413
-0.093602
-0.101259
-0.035273
-0.042856
-0.023605
-0.012127
0.012539
0.012865
-0.016556
-0.019461
-0.019898
-0.021022
-0.034152
-0.010889
-0.032707
-0.035275
-0.017581
-0.006779
0.001109
-0.002733
-0.007203
-0.020389
-0.039476
-0.037789
-0.022178
-0.003540
-0.005680
-0.029037
-0.028306
-0.009847
-0.025887
-0.047655
-0.020599
-0.040086
-0.050499
-0.074645
-0.064529
-0.009744
-0.038340
0.041288
0.052885
-0.132983
-0.140324
-0.045008
-0.191424
0.142042
0.203438
0.015176
-0.127040
-0.223482
0.060877
-0.037588
0.034013
-0.063486
-0.262234
-0.038527
0.223033
0.323100
0.074812
-0.435074
0.143622
0.538661
-0.147224
-0.175600
0.185433
0.144151
0.587096
0.568609
-0.545113
-0.012266
0.470061
-0.020955
0.017932
-0.434055
-0.405967
-0.132148
-0.157346
-0.210692
-0.125963
0.023107
-0.120365
0.278775
0.083611
-0.024599
0.096900
-0.076448
0.001105
0.018588
0.120405
0.174242
0.152958
-0.027790
0.121636
0.144034
-0.054428
-0.011541
0.007633
-0.050355
-0.068649
-0.037322
-0.084878
0.030507
-0.026303
-0.023371
0.064190
-0.016471
-0.026424
-0.045082
-0.026108
-0.040577
-0.011954
-0.026910
-0.017365
-0.013543
-0.031163
-0.012069
-0.041992
-0.048472
-0.059634
-0.060771
-0.054375
-0.024098
-0.024316
-0.024579
-0.011773
-0.009571
0.021131
0.018781
0.008198
0.003248
0.014769
-0.011502
-0.029960
-0.027602
-0.006834
0.038933
-0.007152
-0.031171
-0.062988
0.015633
0.086092
-0.149542
-0.195914
-0.046180
0.071896
0.163521
-0.028469
-0.121433
-0.047158
-0.225692
0.194113
0.167039
-0.249523
0.186181
-0.106174
0.094315
0.327313
-0.227636
-0.219184
-0.078784
0.352399
0.026014
-0.173326
0.187543
0.136409
0.593510
0.279414
-0.447416
-0.391799
0.165177
0.269681
0.290978
-0.072737
-0.402894
0.259300
-0.103844
-0.290730
-0.089773
-0.277926
-0.207188
0.127979
0.254253
0.030563
-0.100673
-0.220118
0.095084
0.034623
-0.011144
0.021127
-0.167114
-0.062926
-0.115074
-0.084814
-0.081598
-0.022216
-0.103361
-0.019940
0.054856
-0.019922
0.012807
-0.040364
0.024835
0.048805
0.038394
0.015709
0.001698
0.002329
0.017098
0.032076
0.002182
0.014181
0.004294
-0.001188
-0.003043
-0.018925
-0.014142
-0.011578
-0.025172
-0.013805
-0.001546
-0.014299
-0.004896
-0.023877
-0.037931
-0.017704
0.000759
0.019422
0.006219
0.006996
0.014798
0.001722
-0.002837
-0.031794
-0.022401
0.016355
0.052629
0.016016
-0.067668
-0.083086
-0.011712
0.030418
0.013715
0.087337
0.044220
0.028239
0.010524
-0.116261
0.020269
0.123970
0.154174
0.057104
-0.059393
-0.008136
-0.120502
-0.087623
0.250519
0.186365
-0.002463
0.049799
0.115447
0.130607
0.001901
0.131598
-0.154090
0.016875
0.471478
-0.148099
-0.109347
-0.112302
-0.267850
-0.322172
-0.023854
0.490724
-0.333222
-0.120167
0.260571
-0.014106
-0.074376
-0.043938
-0.028010
0.045013
0.098692
-0.227850
0.033076
-0.003412
-0.122758
-0.095462
-0.129091
0.113026
0.102042
0.071712
0.052843
0.093366
0.068770
0.005988
-0.027148
-0.078799
-0.000916
-0.086077
-0.057239
-0.024140
-0.039378
0.019810
0.054175
0.022035
0.004762
0.000962
-0.038601
-0.039455
-0.026483
-0.033184
-0.024772
-0.014533
-0.015774
-0.026003
-0.018522
-0.004951
-0.010620
-0.019311
-0.000308
0.006574
-0.006031
0.005573
-0.001559
0.000116
-0.003817
-0.000154
0.010979
0.005374
-0.014169
-0.020112
-0.014771
-0.007726
0.003566
0.010808
0.011386
0.034008
0.021947
-0.025865
-0.034276
-0.019031
-0.022111
-0.016348
0.015547
-0.019603
-0.029696
-0.008584
-0.006467
0.004682
0.000666
-0.004204
0.003497
0.007817
0.003114
0.007343
0.005308
0.002013
0.007189
0.002400
0.007084
0.008547
0.003145
0.005409
0.002647
-0.001029
0.004314
0.005049
0.003660
0.007050
0.002217
-0.000616
-0.001145
0.001767
0.004522
0.006929
0.005776
0.004050
0.002203
-0.000571
0.000864
0.001173
0.001270
-0.001496
-0.003538
-0.000734
-0.000323
0.000057
0.002653
0.000973
0.000620
0.000416
0.001907
0.003033
0.001644
0.000771
0.001100
0.001378
0.001933
0.003385
0.003145
0.003368
0.001768
0.001400
0.001999
0.002166
0.001994
0.001515
0.000576
0.000183
-0.000207
-0.000017
0.000375
0.001199
0.001003
0.000718
0.000458
0.000543
0.000588
0.000871
0.000974
0.000606
0.000095
0.000096
-0.000005
0.000302
0.000600
0.000308
0.000089
-0.000116
-0.000265
0.000051
0.000281
0.000169
0.000075
-0.000034
-0.000189
0.000020
0.000405
0.000502
0.000353
0.000083
-0.000196
-0.000389
-0.000083
0.000163
0.000168
0.000038
-0.000215
-0.000382
-0.000350
-0.000299
-0.000250
-0.000202
-0.000331
-0.000385
-0.000319
-0.000234
-0.000197
-0.000182
-0.000269
-0.000246
-0.000251
-0.000132