-0.018958
-0.020981
-0.023800
-0.021548
-0.023787
-0.028622
-0.010187
0.002176
0.005240
-0.005402
-0.019638
-0.023819
-0.035361
0.006744
0.031854
-0.020861
-0.048089
-0.019625
0.027199
0.052004
0.059126
0.042303
0.007787
-0.026610
-0.069056
-0.046223
-0.002767
0.026167
0.020877
0.029040
0.017664
0.051149
0.055936
-0.097903
-0.133153
-0.091554
0.018871
0.178977
0.076937
-0.114344
-0.018470
0.039414
-0.179013
-0.185533
-0.058370
0.029858
0.008798
-0.133785
-0.018543
0.093960
0.037222
-0.035072
-0.110086
-0.114008
-0.028467
0.025670
0.067429
0.125706
0.106676
0.021087
0.041600
0.073105
0.017877
0.017062
0.038198
0.042445
-0.001930
-0.043295
-0.046687
-0.016386
0.012477
-0.012572
-0.005647
0.005592
0.017323
0.033620
0.006561
-0.000639
0.014816
0.011942
0.002264
-0.003567
-0.006341
0.010612
0.013950
0.015146
0.026016
0.020733
0.006832
0.003929
0.003444
-0.001468
0.003082
0.001200
0.005917
0.016783
0.020093
0.020848
0.016598
0.011633
0.006000
0.004894
0.014059
0.010921
0.009718
0.017884
0.019691
0.014377
-0.000506
-0.007681
0.007860
0.008867
0.005958
0.014141
0.015790
0.013310
-0.019839
-0.017837
0.002535
-0.000477
0.006010
0.025550
0.059359
0.036301
-0.047790
-0.023778
0.075912
0.059111
-0.062239
-0.023879
0.062825
0.075698
0.121195
-0.013867
-0.135856
-0.113984
-0.096703
-0.036545
-0.005993
0.083040
0.169569
0.017042
-0.175045
-0.017684
0.121113
-0.090787
-0.234077
-0.177173
0.001777
0.170273
0.140627
0.079261
0.056178
0.074254
0.151149
0.103745
-0.008696
-0.057548
0.043459
0.098623
0.006051
-0.043738
-0.039119
0.003010
-0.032095
-0.021676
0.010850
0.017103
0.047471
0.018370
-0.001621
-0.024231
-0.001001
-0.004736
-0.031241
-0.026582
-0.028171
0.003164
0.010743
-0.007186
-0.010277
0.000092
-0.019054
-0.042298
-0.037722
-0.020959
-0.007339
-0.014462
-0.013821
-0.007844
-0.009296
-0.012300
-0.010300
-0.025904
-0.033612
-0.022566
-0.014319
-0.003192
0.000422
-0.000412
-0.002713
-0.006289
-0.013424
-0.013813
-0.011009
-0.019350
-0.023998
-0.039317
-0.034792
-0.016693
-0.009089
-0.006339
-0.021644
-0.016550
-0.014375
-0.026240
-0.004633
-0.006199
-0.029996
-0.030984
0.001323
0.033365
-0.012943
-0.019586
0.046159
0.077760
0.065376
0.043219
0.046064
-0.000921
-0.070475
-0.048610
0.051506
0.060207
-0.072738
-0.163559
-0.143938
-0.000306
0.067359
0.037741
-0.006465
-0.038480
-0.010317
-0.095923
-0.035605
-0.019102
-0.154834
-0.119457
-0.066810
-0.079911
-0.169965
-0.042151
0.107515
0.142693
0.093863
-0.017533
0.027259
0.096433
0.143520
0.062145
0.010038
0.008604
0.000843
-0.002386
-0.007507
0.075922
0.102825
0.068440
0.037245
0.021917
-0.001241
0.000691
-0.000917
-0.022293
-0.011272
-0.012304
-0.013798
-0.017414
-0.001623
0.007248
0.008795
0.003507
-0.007087
-0.006347
-0.007482
0.000060
0.003430
0.000834
-0.010327
-0.006801
-0.001589
-0.001855
0.000532
-0.004269
-0.007738
-0.008684
-0.005373
-0.004258
-0.000648
0.003438
0.000941
0.002993
0.010659
0.016859
0.009915
0.004416
0.016779
0.006966
-0.028673
-0.022289
0.000977
-0.012505
0.000619
0.007417
-0.018049
-0.015217
-0.007301
-0.021338
-0.024906
-0.021851
-0.013384
0.020051
-0.042422
-0.039662
-0.014851
-0.094215
0.013363
0.038419
-0.121533
-0.188602
-0.083856
0.052257
0.133868
0.054859
-0.047502
0.000418
-0.060719
-0.085590
-0.027950
0.001393
-0.044168
-0.050183
-0.007490
-0.101608
-0.170240
-0.089022
-0.006134
0.000874
0.001821
0.032875
0.078808
0.032596
-0.077180
-0.026076
0.036561
-0.043037
-0.023244
0.005985
0.023044
0.058886
0.006822
-0.004682
0.026488
0.054919
0.048129
0.009863
-0.021940
0.006033
0.052989
0.059479
0.045594
0.014529
0.032704
0.050371
0.051873
0.035437
0.022094
0.027749
0.019081
0.026437
0.041078
0.033469
0.020691
0.030695
0.020792
0.018376
0.023904
0.017538
0.018954
0.015857
0.018734
0.024862
0.017538
0.011940
0.018242
0.023426
0.030403
0.033003
0.029959
0.030557
0.023367
0.014731
0.011120
0.003046
0.013925
0.025076
0.011699
0.002996
0.020423
0.029469
0.001623
-0.007618
0.014291
0.016627
0.023350
0.029182
-0.004895
0.009947
0.026411
-0.028638
-0.024618
-0.059915
-0.084887
0.035042
0.052120
0.071199
0.124641
-0.020865
-0.086774
-0.057505
-0.035682
0.048780
0.048807
0.134991
0.169296
0.116553
0.088174
-0.041903
-0.102949
0.040722
0.181750
0.084252
-0.046675
-0.049203
0.022527
0.017273
0.023477
-0.008553
-0.087680
-0.003105
-0.017081
0.040467
0.047282
-0.021195
0.072673
0.061219
0.004119
-0.098474
-0.098751
0.033882
0.074901
-0.013569
-0.066348
-0.039616
-0.032024
-0.025599
-0.033956
-0.025254
-0.031916
-0.076478
-0.067675
-0.031986
-0.012732
0.004177
-0.024539
-0.029210
-0.017389
-0.025108
-0.002323
-0.013348
-0.013554
0.000920
-0.008104
-0.007908
-0.020705
-0.027520
-0.026207
-0.031912
-0.026839
-0.020516
-0.028055
-0.022373
-0.018840
-0.020782
-0.019074
-0.030901
-0.032145
-0.021891
-0.018023
-0.009112
-0.002709
-0.013396
-0.023738
-0.028055
-0.025426
-0.015735
-0.000625
0.000772
-0.016098
-0.026204
-0.031406
-0.031305
-0.021786
-0.010904
0.004914
-0.002355
-0.010610
0.004780
0.012149
-0.000969
0.022598
0.061056
-0.003338
-0.014008
-0.063379
-0.051775
0.101190
0.111184
0.065163
-0.010067
-0.011781
0.042810
0.016058
-0.093517
-0.164714
-0.034896
0.093659
0.072868
-0.023579
-0.063884
-0.018430
-0.025062
-0.131301
-0.213312
-0.169859
-0.114304
-0.033227
0.026982
-0.015730
-0.006728
0.017817
0.007837
0.044554
-0.044899
-0.135482
-0.063034
0.004148
0.090189
0.101757
0.050012
0.037867
0.033060
0.071933
0.078505
0.048471
0.039731
0.047245
0.058669
0.046537
0.024258
-0.001576
-0.021371
-0.010158
0.016579
0.009328
0.007990
0.016702
0.006845
0.011505
0.009502
-0.006680
0.002172
0.003436
-0.003359
0.020087
0.026108
0.025209
0.023349
0.010543
0.012025
0.006840
-0.002014
-0.002676
0.002881
0.015619
0.025066
0.024675
0.022554
0.023517
0.024460
0.019787
0.011267
0.007982
0.001448
0.006769
0.019253
0.022164
0.019026
0.017361
0.029392
0.027393
0.007418
-0.044162
-0.022611
0.029757
0.027386
0.020216
-0.013653
-0.044898
-0.049624
0.011892
0.049092
0.053777
0.058038
-0.031957
-0.084967
-0.005485
0.045310
0.033741
-0.002239
0.031550
0.111499
-0.010093
-0.117524
-0.066210
-0.059194
-0.031728
0.053402
-0.015944
0.056497
0.068812
-0.187037
-0.030961
0.125939
0.042862
-0.085250
-0.101542
0.019477
0.099983
0.124663
-0.056209
-0.078056
-0.002192
0.083791
0.134051
0.046322
0.038871
0.095159
0.141518
0.060971
0.007040
-0.002066
-0.012732
-0.017088
-0.053139
-0.035397
0.020509
0.020165
0.021112
0.038195
0.003723
0.018646
0.012229
-0.030542
-0.036379
-0.023385
-0.022134
-0.025149
-0.013201
-0.021010
-0.007795
-0.006125
-0.023031
-0.025206
-0.014104
-0.004927
-0.012025
-0.017031
-0.020897
-0.020716
-0.022707
-0.020044
-0.024804
-0.029722
-0.018383
-0.010171
-0.011343
-0.013124
-0.015439
-0.024089
-0.026416
-0.024046
-0.019758
-0.013730
-0.022235
-0.026741
-0.013502
-0.008035
-0.021993
-0.044867
-0.044032
-0.033451
-0.029168
-0.007569
-0.011277
-0.070623
-0.074667
-0.056427
-0.061069
0.032705
0.070642
0.015602
-0.079701
-0.094723
-0.028482
-0.017494
-0.003765
-0.049563
-0.111937
-0.054028
0.057111
0.106584
-0.010005
-0.159884
0.003032
0.135635
-0.023391
-0.074105
0.035508
0.107779
0.266180
0.224499
-0.066540
0.031382
0.205394
0.149816
0.059360
-0.074503
-0.101246
-0.072392
-0.055948
-0.092144
-0.082132
-0.053240
-0.059727
0.027667
0.017732
-0.013878
-0.003161
-0.018653
-0.020078
0.023756
0.048974
0.049459
0.054518
0.010503
0.044485
0.089490
0.031949
0.015414
0.047916
0.008055
-0.003627
0.002833
-0.030038
-0.016169
-0.020952
-0.021171
0.002245
0.004312
-0.012422
-0.014374
-0.003150
-0.012553
-0.012430
-0.016974
-0.015916
-0.015996
-0.013683
-0.007437
-0.011983
-0.021527
-0.021961
-0.013756
-0.022081
-0.031439
-0.040564
-0.041103
-0.031134
-0.021859
-0.026581
-0.029055
-0.019577
-0.009742
0.006575
-0.000232
-0.019038
-0.023318
-0.008930
0.003199
-0.007338
-0.021329
-0.028109
0.005546
0.015502
-0.053327
-0.084336
-0.038733
0.028564
0.051118
-0.014069
-0.057422
-0.070604
-0.081871
0.045982
0.041405
-0.039893
0.010391
-0.024434
0.042552
0.079011
-0.046965
-0.114939
-0.040352
0.099704
0.012201
-0.044879
0.034480
0.105749
0.222595
0.128617
-0.119764
-0.138393
0.074224
0.180991
0.182521
0.019953
-0.077259
0.043947
-0.022814
-0.089101
-0.062712
-0.102594
-0.088822
0.027191
0.076030
0.023082
-0.071318
-0.093306
0.002065
0.023272
0.023769
-0.011860
-0.044424
-0.042870
-0.052885
-0.035835
-0.043757
-0.054229
-0.068371
-0.061444
-0.031253
-0.008062
-0.029372
-0.029536
-0.003379
-0.012298
-0.005844
-0.013934
-0.027603
-0.013600
0.000519
0.000705
-0.002678
-0.007249
0.002651
0.010040
0.001666
0.002521
-0.008668
-0.017023
-0.012814
-0.005581
0.000793
-0.006013
-0.018211
-0.016835
-0.006552
-0.009048
-0.014896
-0.020803
-0.018342
0.000634
0.012719
0.011485
-0.002028
-0.015340
-0.009535
0.008729
0.021327
0.004581
-0.031226
-0.037754
-0.007633
0.005426
0.004504
0.016621
0.011032
0.012151
-0.002934
-0.027493
0.009383
0.061613
0.078533
0.031960
-0.013023
-0.019652
-0.051922
-0.022198
0.088590
0.088651
0.022606
0.014718
0.054039
0.065273
0.056293
0.076262
0.008340
0.077066
0.173814
0.035646
-0.028917
-0.042258
-0.081515
-0.130036
0.016309
0.126410
-0.076192
-0.074246
0.040216
0.018401
-0.034032
-0.013890
0.000159
0.020082
0.013649
-0.054565
-0.026247
-0.017586
-0.046415
-0.084145
-0.074470
0.005347
0.025618
0.014209
0.029512
0.044343
0.028976
0.013262
-0.013229
-0.022101
-0.014558
-0.020405
-0.027299
-0.030365
-0.007696
-0.001643
-0.000607
0.003938
-0.008461
-0.008129
0.002232
-0.009092
-0.006849
-0.005072
-0.024251
-0.019970
-0.008637
-0.010665
-0.017766
-0.019052
-0.016031
-0.017051
-0.011811
-0.004830
-0.007204
-0.008874
-0.002133
-0.004018
-0.007838
-0.003331
-0.006301
-0.008723
-0.004286
-0.002377
-0.006226
-0.007731
-0.006121
-0.004978
-0.002797
0.005516
0.004687
-0.005615
-0.004226
-0.000534
-0.001752
0.002485
0.005699
-0.010043
-0.019056
-0.014335
-0.009539
-0.005238
-0.004492
-0.003478
-0.000653
0.002263
0.003417
0.004031
0.004287
0.003229
0.002724
0.001329
0.000365
0.000487
0.000287
0.001131
0.002958
0.002848
0.002121
0.001861
0.001119
0.000903
0.001698
0.001237
-0.000427
0.000145
-0.000163
-0.000107
0.000936
0.000816
0.001234
0.001356
0.001485
0.001595
0.001981
0.002253
0.001870
0.001520
0.001213
0.000562
0.000016
0.000599
0.000869
0.001325
0.001901
0.001785
0.001492
0.001645
0.001812
0.001620
0.001351
0.001249
0.001422
0.002094
0.002531
0.002319
0.001830
0.001429
0.001230
0.001414
0.001636
0.001497
0.001214
0.001117
0.000950
0.000798
0.000794
0.000897
0.001017
0.001035
0.000969
0.000843
0.000762
0.000732
0.000704
0.000663
0.000510
0.000408
0.000401
0.000426
0.000409
0.000365
0.000274
0.000109
-0.000005
-0.000045
-0.000003
0.000058
0.000055
-0.000044
-0.000167
-0.000225
-0.000174
-0.000085
-0.000033
-0.000081
-0.000146
-0.000141
-0.000130
-0.000097
-0.000066
-0.000066
-0.000106
-0.000089
-0.000064
-0.000056
-0.000019
0.006169
-0.028468
-0.043011
0.094859
0.082201
-0.077425
-0.069638
0.004936
0.068662
0.105667
0.104198
0.055224
-0.020584
-0.082012
-0.164227
-0.083339
-0.006638
0.039648
0.031900
0.040554
0.048869
0.163532
0.056814
-0.321694
-0.286263
-0.192856
0.128028
0.383346
-0.105004
-0.275380
0.184611
0.039582
-0.540879
-0.279392
0.014858
0.084369
-0.046290
-0.274112
0.161246
0.296907
0.130829
-0.017913
-0.199990
-0.093270
0.086236
0.062757
0.148001
0.293951
0.186576
0.034913
0.164665
0.123189
-0.060210
-0.022330
-0.017420
0.005023
-0.085081
-0.168442
-0.058346
-0.005053
0.028421
0.000166
-0.002996
0.014118
0.075820
0.041433
-0.028691
-0.020547
-0.001484
0.035155
0.026294
0.012252
0.025589
0.030653
-0.017892
0.002505
0.014609
0.002986
0.005019
0.004323
0.016086
0.027932
0.010191
0.012846
0.030370
0.012126
-0.000351
-0.000890
-0.008405
0.000643
0.007637
0.023112
0.033283
-0.008318
-0.011623
0.016342
0.017293
-0.008844
-0.048494
-0.029895
0.025224
0.002288
0.000629
0.038192
0.046448
0.026300
-0.051514
-0.003764
0.025251
-0.013017
0.013104
0.079717
0.143234
-0.000867
-0.165442
0.050693
0.221430
0.006163
-0.213196
-0.003773
0.112032
0.145799
0.246321
-0.182505
-0.318134
-0.138665
-0.184521
-0.114417
-0.056270
0.288537
0.371358
-0.180178
-0.341839
0.261481
0.262112
-0.374549
-0.437096
-0.193504
0.185304
0.464136
0.261116
0.111004
0.130741
0.251973
0.338655
0.000716
-0.246516
-0.155209
0.092971
0.061639
-0.131089
-0.093760
-0.043658
0.033925
-0.096303
-0.047251
-0.029051
-0.025667
0.129751
-0.016464
-0.060018
0.011471
0.062554
-0.036275
-0.048033
-0.030559
-0.079256
-0.001920
-0.042868
-0.054074
-0.020041
-0.003477
-0.000426
-0.009113
-0.026568
-0.005607
0.002189
-0.049586
-0.035992
-0.014954
-0.020348
-0.032531
-0.015208
0.008932
0.012610
-0.008151
-0.009883
-0.006605
-0.025789
-0.019807
-0.018721
-0.030979
-0.043781
-0.028083
0.008096
0.002262
-0.037885
-0.080979
-0.029019
0.011284
0.007019
0.005013
-0.025487
-0.002653
-0.015358
-0.022338
0.041475
-0.013229
-0.058546
0.003900
0.102077
0.107183
-0.051127
0.009808
0.153192
0.122402
0.077407
0.059398
0.059705
-0.105164
-0.232658
-0.074891
0.137045
0.061724
-0.238428
-0.349037
-0.215411
0.103203
0.117369
-0.015740
-0.050247
-0.037627
-0.027712
-0.235234
0.024823
-0.086856
-0.367665
-0.024514
0.000787
-0.131494
-0.256002
0.162989
0.372716
0.320007
0.207452
-0.050080
0.154811
0.271567
0.235554
-0.028867
-0.040061
0.032731
0.000094
-0.049086
-0.066965
0.151764
0.116355
0.052275
0.010658
-0.006037
-0.046966
-0.049662
-0.052056
-0.107306
-0.050721
-0.014777
-0.011743
-0.025476
0.025457
0.003080
-0.015517
0.000075
0.017464
0.015516
-0.001814
-0.001927
-0.012002
-0.002026
-0.010074
-0.003625
-0.000647
-0.012979
-0.015668
-0.008449
-0.000696
-0.005503
0.010919
0.022909
0.021964
0.001605
-0.027851
-0.015114
0.007382
0.001701
-0.028506
-0.014417
0.024448
-0.018950
-0.058439
0.007175
0.011331
-0.040168
0.017434
0.004247
-0.058557
-0.017533
-0.022726
-0.074131
-0.067107
-0.035547
0.012088
0.041241
-0.085535
-0.012564
-0.060132
-0.203594
0.206990
0.065433
-0.346368
-0.295654
-0.018609
0.216137
0.265306
0.029881
-0.064080
0.092870
-0.169777
-0.161062
-0.034669
-0.077570
-0.121144
0.017716
0.052112
-0.269517
-0.247906
-0.022667
0.043626
0.009831
0.069608
0.178286
0.204320
0.022734
-0.152798
0.020334
0.075382
-0.105411
0.007598
0.044508
0.046392
0.120815
-0.037165
-0.031152
0.094108
0.190865
0.066515
-0.034033
-0.020537
0.024876
0.091215
0.091844
0.067907
0.013617
0.090663
0.087447
0.047010
-0.004685
0.014579
0.035435
0.000843
0.026482
0.030305
0.028428
0.010526
0.006192
0.009196
0.013656
0.006965
0.025612
0.029816
-0.000403
0.014589
0.025705
0.027115
0.026522
0.024752
0.032623
0.028685
0.002096
-0.003662
0.013768
0.003137
0.007165
0.012576
0.011812
0.042283
0.018616
-0.032174
-0.007136
0.038277
0.022132
-0.037756
-0.024593
0.013350
0.006890
0.040443
0.023673
-0.046471
0.039493
0.045163
-0.075491
-0.043835
-0.175046
-0.135205
0.146345
0.073863
0.226248
0.296948
-0.118081
-0.104448
-0.024758
-0.048546
0.097387
0.076969
0.329238
0.308626
0.225106
0.149757
-0.296908
-0.260942
0.176378
0.288728
-0.077974
-0.209489
-0.046012
0.032683
0.005114
0.033349
-0.119690
-0.172566
0.090819
-0.069019
0.100681
-0.037756
-0.100993
0.275322
0.064433
-0.025035
-0.252906
-0.174958
0.144917
0.023215
-0.159130
-0.160597
-0.052114
0.007421
-0.032381
-0.078985
-0.032657
-0.061060
-0.113364
-0.068348
-0.004400
0.009529
0.005188
-0.029481
-0.022514
0.032960
0.010801
0.013758
0.004163
-0.006507
-0.031891
-0.025593
-0.037888
-0.039510
-0.004192
-0.027675
-0.034335
-0.029498
-0.013272
-0.013156
-0.023481
-0.035194
-0.020767
-0.009861
-0.010842
-0.001885
-0.004591
-0.016850
-0.005009
-0.000560
-0.016459
-0.036737
-0.044188
-0.022197
0.005663
0.029287
0.006977
-0.025473
-0.015126
-0.028353
-0.036094
-0.020438
0.001708
0.026277
0.008728
0.025080
0.052269
0.007740
-0.006014
0.095847
0.134103
-0.033159
-0.030630
-0.187353
-0.076747
0.273577
0.132606
0.040936
-0.076166
0.007103
0.127905
-0.071224
-0.361339
-0.392144
0.042678
0.208228
0.024282
-0.151348
-0.116159
0.044882
-0.052833
-0.332316
-0.407355
-0.239922
-0.112452
0.076039
0.106337
0.025243
0.134899
0.159154
0.153581
0.169888
-0.155880
-0.244729
-0.033081
0.084805
0.268974
0.212503
0.120239
0.151698
0.125098
0.176199
0.061462
-0.037562
-0.010897
0.026962
0.059299
0.023547
0.006559
-0.032588
-0.047203
0.001844
-0.017812
-0.061612
-0.021779
-0.022561
-0.016078
0.000825
-0.004987
0.033020
0.065792
0.050818
0.021252
0.012057
0.006145
0.006138
-0.002463
-0.007007
0.018267
0.027792
0.031708
0.026831
0.019889
0.017877
0.013277
0.009487
0.010956
0.004846
-0.005633
0.005702
0.021186
0.022463
0.000323
-0.000195
0.012761
0.009627
-0.004549
-0.001041
0.036532
0.013406
-0.046608
-0.121657
-0.005866
0.070995
0.028269
0.045995
-0.045372
-0.092034
-0.052975
0.071791
0.096837
0.124298
0.123288
-0.145718
-0.157781
0.077822
0.078814
-0.027081
-0.038797
0.150744
0.237184
-0.150835
-0.232747
-0.098960
-0.148685
0.001962
0.087780
-0.044434
0.277020
0.051893
-0.501380
0.203586
0.292849
-0.058966
-0.199688
-0.141832
0.167858
0.279455
0.227961
-0.273173
-0.085665
0.151114
0.229599
0.218585
-0.087251
0.044731
0.200285
0.192616
-0.014687
-0.054999
-0.040953
-0.046478
-0.127356
-0.186266
-0.073274
-0.005224
0.051468
0.047987
0.013080
0.016541
0.072131
-0.043528
-0.084192
-0.068933
-0.077412
-0.042071
-0.040417
-0.023969
-0.020405
0.004936
-0.016961
-0.015543
-0.024710
-0.011013
-0.000797
-0.045704
-0.035550
-0.020046
-0.022525
-0.032561
-0.018705
-0.010663
-0.010564
-0.026279
-0.042677
-0.033470
-0.026691
-0.011888
-0.006362
-0.020392
-0.033612
-0.023848
-0.014504
-0.043220
-0.051905
-0.023223
-0.019636
-0.040917
-0.062386
-0.043270
-0.022713
-0.007018
0.048706
-0.013435
-0.133582
-0.099789
-0.107814
-0.107101
0.168898
0.158363
-0.028946
-0.160319
-0.098197
0.020731
-0.017534
0.027581
-0.136522
-0.228511
0.030312
0.280882
0.248059
-0.149771
-0.244843
0.340502
0.311363
-0.157859
-0.052533
0.122325
0.299414
0.648750
0.189888
-0.424670
0.188161
0.401262
0.010926
-0.146883
-0.366576
-0.279668
-0.161926
-0.155387
-0.253336
-0.149506
-0.059162
-0.032883
0.187813
0.044598
0.008329
0.071669
-0.015265
0.014986
0.104685
0.155431
0.136185
0.085832
0.041387
0.128619
0.060522
-0.043250
0.013402
0.019894
-0.051131
-0.062333
-0.056252
-0.061854
0.000649
-0.049554
-0.025415
-0.018892
-0.027533
-0.013828
-0.044284
-0.041210
-0.020985
-0.005709
-0.023322
-0.009502
-0.040341
-0.035992
-0.022405
-0.036286
-0.045396
-0.048995
-0.033607
-0.013672
-0.010588
-0.029053
-0.017488
-0.006747
-0.001368
0.007714
-0.003676
-0.011880
-0.007967
0.011682
-0.011239
-0.031160
-0.029674
0.008909
0.035396
-0.020564
-0.060909
-0.038874
0.054621
0.015363
-0.162987
-0.151821
-0.006395
0.107887
0.099306
-0.039990
-0.092624
-0.129451
-0.076424
0.200083
-0.003545
-0.097613
0.081140
-0.058921
0.206970
0.165345
-0.227614
-0.193017
0.095318
0.279739
-0.085128
-0.074322
0.137034
0.280782
0.561144
0.063608
-0.460943
-0.197155
0.241758
0.297650
0.147848
-0.218251
-0.138194
0.163914
-0.161832
-0.225388
-0.175586
-0.272579
-0.131285
0.170313
0.181712
-0.058790
-0.141411
-0.090691
0.059173
0.039066
0.034550
-0.079080
-0.104944
-0.047590
-0.108057
-0.105658
-0.083377
-0.044224
-0.079973
-0.025201
-0.006768
-0.022761
-0.023482
-0.005243
0.047621
0.042123
0.019382
0.000479
0.023926
0.010614
0.005808
0.011747
-0.000157
0.010196
0.020359
-0.005914
-0.024109
-0.002858
-0.005828
0.000275
-0.015973
-0.013662
0.010136
-0.002335
-0.022245
-0.023950
-0.006804
0.008432
0.016529
0.008357
0.005557
0.005973
0.001286
0.012559
-0.004226
-0.035996
-0.009493
0.039755
0.057931
-0.007363
-0.082021
-0.055609
0.009006
0.019669
0.033382
0.063874
0.039370
0.030169
-0.037455
-0.085159
0.041487
0.136488
0.125015
0.015250
-0.016438
-0.039541
-0.141875
0.024187
0.237310
0.097510
0.011914
0.079973
0.115442
0.093179
0.076832
0.030333
-0.128386
0.220256
0.297471
-0.163227
-0.076869
-0.122567
-0.323007
-0.268720
0.194568
0.181844
-0.339562
0.031415
0.172211
-0.071447
-0.061262
-0.004379
-0.008604
0.079749
0.024306
-0.145661
-0.012254
-0.009651
-0.087264
-0.158887
-0.067891
0.102898
0.075234
0.044537
0.039293
0.108837
0.063965
-0.000831
-0.023148
-0.022232
-0.037937
-0.070669
-0.069863
-0.052913
-0.015130
0.020559
0.025054
-0.002437
0.002855
-0.007567
-0.031651
-0.030399
-0.012220
-0.011168
-0.019112
-0.022421
-0.016692
-0.006411
-0.018915
-0.017257
0.005797
-0.003662
-0.002015
0.008374
0.006117
-0.005286
-0.006424
-0.005606
0.006581
0.010214
-0.003133
-0.003409
-0.008021
-0.013220
-0.016067
-0.002310
0.013227
0.008311
0.009062
0.028836
0.000494
-0.037089
-0.028318
-0.020386
-0.022000
0.003283
0.010461
-0.023235
-0.020202
-0.008537
-0.009629
-0.003382
-0.003013
-0.002699
0.001070
0.010542
0.006500
0.004205
0.009133
0.008098
0.008760
0.005887
0.004967
0.005346
0.003045
-0.001289
0.002359
0.002567
0.002877
0.005794
0.005842
0.004947
0.000998
-0.000515
0.000774
0.004585
0.007364
0.006842
0.002534
0.002134
0.000949
0.000088
0.002024
0.001880
0.000711
0.000730
0.000592
-0.000670
0.000612
0.002027
0.000923
0.001686
0.001921
0.002007
0.000358
0.001354
0.002040
-0.000369
0.000327
0.001897
0.002965
0.002019
0.001966
0.001415
0.002066
0.001476
0.001545
0.001569
0.001640
0.001143
0.000647
-0.000202
-0.000072
0.000052
0.000800
0.000784
0.000766
0.000567
0.000501
0.000348
0.000633
0.000669
0.000632
0.000552
0.000303
0.000085
0.000161
0.000186
0.000305
0.000389
0.000127
0.000050
-0.000010
0.000049
0.000223
0.000167
-0.000002
-0.000023
0.000007
0.000112
0.000282
0.000259
0.000101
-0.000070
-0.000175
-0.000132
0.000102
0.000298
0.000202
-0.000053
-0.000284
-0.000353
-0.000286
-0.000167
-0.000119
-0.000229
-0.000348
-0.000337
-0.000311
-0.000397
-0.000279
-0.000241
-0.000252
-0.000210
-0.000119
-0.000175
-0.000114