-0.022693
-0.025560
-0.023141
-0.024457
-0.021283
-0.023555
-0.017451
-0.009337
0.001085
-0.003076
-0.017938
-0.019819
-0.038488
-0.001554
0.035259
-0.010470
-0.044449
-0.026266
0.021840
0.051700
0.060819
0.044756
0.003906
-0.027904
-0.070308
-0.047004
-0.000056
0.032584
0.031294
0.038922
0.016964
0.039098
0.060087
-0.094020
-0.135083
-0.097954
0.004762
0.180838
0.106328
-0.101610
-0.046998
0.027570
-0.165991
-0.179982
-0.069106
0.026171
0.039455
-0.123287
-0.038690
0.080849
0.040433
-0.029251
-0.109097
-0.117450
-0.030196
0.030771
0.069175
0.117209
0.095880
0.018127
0.038630
0.066771
0.019724
0.027833
0.024782
0.040805
0.013993
-0.055043
-0.058203
-0.018567
0.015666
0.006499
0.008196
0.009292
0.016768
0.020607
-0.000340
-0.002478
0.001233
0.009548
0.016863
0.010163
-0.004908
0.007738
0.013596
0.009731
0.010741
0.008476
0.007013
0.007953
0.013112
0.011117
0.007142
0.004372
0.010285
0.015443
0.013995
0.015280
0.013699
0.007733
0.008094
0.013610
0.018553
0.014284
0.013288
0.018534
0.020799
0.016880
-0.003215
-0.014481
0.005367
0.010211
0.006030
0.013359
0.017040
0.018455
-0.016800
-0.019216
-0.000911
-0.003108
0.007087
0.021354
0.052068
0.038159
-0.044294
-0.033046
0.065534
0.070672
-0.050556
-0.029838
0.058132
0.069243
0.128021
-0.003184
-0.137789
-0.120531
-0.108195
-0.030214
0.007569
0.077662
0.171178
0.045377
-0.170920
-0.056548
0.110164
-0.061884
-0.214063
-0.186678
-0.014814
0.173966
0.155110
0.086728
0.049318
0.041396
0.133336
0.116381
0.002433
-0.063170
0.027545
0.095157
0.018351
-0.034029
-0.039856
0.009555
-0.035769
-0.020484
0.023732
0.008008
0.045376
0.023457
-0.011030
-0.030555
0.013750
0.014632
-0.019122
-0.027313
-0.039449
-0.004677
-0.002143
-0.013202
-0.014215
-0.016294
-0.023223
-0.013115
-0.004309
-0.016832
-0.017907
-0.018623
-0.017847
-0.017196
-0.012012
-0.019045
-0.023651
-0.018858
-0.011451
-0.009746
-0.012690
-0.006714
-0.003486
-0.002499
-0.006743
-0.009471
-0.016267
-0.019777
-0.014400
-0.011866
-0.013079
-0.039105
-0.037596
-0.014095
-0.007402
-0.004563
-0.021682
-0.022483
-0.021454
-0.031194
-0.008821
-0.009100
-0.029128
-0.029705
-0.001211
0.038038
-0.005947
-0.020648
0.041243
0.074592
0.066717
0.038557
0.039594
-0.000609
-0.071614
-0.057357
0.041675
0.069933
-0.049963
-0.151154
-0.152139
-0.013515
0.071714
0.056157
0.004632
-0.048866
-0.011244
-0.099090
-0.044324
-0.011030
-0.144405
-0.117067
-0.079042
-0.065745
-0.157758
-0.055433
0.092666
0.138988
0.110420
-0.019265
0.018695
0.085331
0.135203
0.061680
0.015608
0.005794
-0.003464
0.003436
-0.014392
0.061658
0.099866
0.084989
0.038146
0.014297
-0.002529
-0.004718
0.008636
-0.004585
-0.007317
-0.018387
-0.009924
-0.011420
-0.003020
-0.001810
-0.002900
-0.000847
-0.003094
-0.000691
-0.002600
0.002527
-0.003339
0.002069
-0.001133
-0.008953
-0.011596
-0.004845
0.000489
-0.005577
-0.001345
-0.005639
-0.006713
0.003169
0.011206
0.008656
0.000314
0.001771
0.005656
0.011139
0.008138
0.001800
0.012947
0.009966
-0.019486
-0.015533
0.008266
-0.007131
0.000338
0.006300
-0.022121
-0.021728
-0.018027
-0.029871
-0.026629
-0.022517
-0.018320
0.026658
-0.032832
-0.043712
-0.006945
-0.096178
0.000683
0.039348
-0.106679
-0.185069
-0.104155
0.036745
0.141768
0.076274
-0.049889
-0.005430
-0.063969
-0.090388
-0.030914
0.007387
-0.033627
-0.048884
-0.005623
-0.095831
-0.168978
-0.102994
-0.008688
0.008224
0.008431
0.036707
0.073494
0.037017
-0.077091
-0.052996
0.029357
-0.029558
-0.016539
0.013090
0.014207
0.044843
0.008510
-0.008166
0.009689
0.052988
0.055393
0.016711
-0.009453
0.011619
0.044876
0.045336
0.045102
0.019423
0.030860
0.047353
0.049930
0.033959
0.023339
0.024969
0.020225
0.033267
0.030157
0.033715
0.036873
0.028823
0.015590
0.020879
0.020578
0.014742
0.022397
0.020108
0.020092
0.022358
0.024065
0.021222
0.020253
0.019629
0.025178
0.030872
0.027381
0.027305
0.022231
0.015543
0.014447
0.013901
0.023153
0.026375
0.012299
0.002676
0.016143
0.026837
0.001097
-0.010864
0.010848
0.015937
0.024979
0.035595
-0.001226
0.007601
0.027940
-0.027119
-0.021065
-0.056895
-0.094647
0.030961
0.054318
0.068316
0.131402
-0.013761
-0.091657
-0.068771
-0.047325
0.053861
0.052772
0.138244
0.174694
0.112359
0.083693
-0.046660
-0.109651
0.016464
0.178586
0.113883
-0.026220
-0.054389
0.006044
0.012832
0.026561
-0.006354
-0.075967
0.013312
-0.027798
0.045471
0.054226
-0.038681
0.073768
0.056320
0.015473
-0.086617
-0.102216
0.032646
0.069941
-0.006098
-0.069353
-0.058684
-0.031633
-0.012631
-0.028141
-0.023337
-0.026138
-0.058998
-0.064009
-0.039582
-0.025199
-0.004788
-0.015491
-0.025672
-0.011939
-0.023001
-0.013430
-0.006609
-0.002876
-0.009356
-0.020286
-0.013977
-0.019984
-0.021702
-0.022338
-0.029559
-0.031636
-0.021262
-0.022697
-0.023668
-0.025773
-0.028409
-0.021724
-0.024516
-0.024900
-0.025423
-0.024090
-0.010217
-0.005415
-0.013462
-0.024817
-0.033763
-0.027828
-0.015484
0.004481
0.005223
-0.017725
-0.026482
-0.031790
-0.030969
-0.020365
-0.013559
0.001938
-0.000162
-0.008689
0.005603
0.012891
-0.001593
0.019562
0.064569
-0.000865
-0.011596
-0.060088
-0.062727
0.093697
0.109543
0.077240
-0.002728
-0.021709
0.031324
0.016204
-0.079841
-0.166105
-0.046695
0.093283
0.088562
-0.005272
-0.067013
-0.034340
-0.027670
-0.122401
-0.209851
-0.172101
-0.112872
-0.023128
0.035742
-0.010690
-0.009139
0.009198
0.002680
0.040291
-0.045382
-0.136412
-0.069490
-0.005392
0.090014
0.104656
0.050939
0.043024
0.032533
0.064769
0.068711
0.042176
0.034670
0.044133
0.058895
0.040460
0.024012
0.009402
-0.007365
0.001311
0.013213
-0.000422
0.006194
0.011221
0.000742
0.001548
-0.000098
0.006032
0.022341
0.020215
0.004740
0.010503
0.014085
0.016336
0.015324
0.001087
0.000806
0.006288
0.013399
0.018260
0.015785
0.014540
0.017569
0.021290
0.022952
0.021975
0.018002
0.013532
0.014590
0.021556
0.014281
0.011091
0.018299
0.022752
0.022278
0.017469
0.026071
0.021068
0.005040
-0.042407
-0.024784
0.028193
0.029885
0.026032
-0.011433
-0.042568
-0.054584
0.005030
0.047955
0.050932
0.060547
-0.028483
-0.090842
-0.019501
0.035594
0.042798
0.008754
0.020349
0.110464
0.005228
-0.116650
-0.076277
-0.065251
-0.033198
0.066089
-0.005385
0.052141
0.084716
-0.186113
-0.050142
0.107950
0.054152
-0.055962
-0.101431
0.002960
0.085297
0.142956
-0.050874
-0.082382
-0.012101
0.064239
0.147629
0.062042
0.037547
0.076535
0.127193
0.064358
0.006790
-0.006102
0.000490
-0.013454
-0.053401
-0.027341
0.010958
0.027579
0.031068
0.023831
-0.002604
0.030072
0.019321
-0.020302
-0.031897
-0.038037
-0.024706
-0.015599
-0.010611
-0.020703
-0.011677
-0.019752
-0.019281
-0.006281
-0.012715
-0.018708
-0.017256
-0.012858
-0.018013
-0.010028
-0.019822
-0.030111
-0.023484
-0.018827
-0.015510
-0.018207
-0.019325
-0.017433
-0.015702
-0.017470
-0.018393
-0.020519
-0.020199
-0.015007
-0.022057
-0.027283
-0.019701
-0.018132
-0.023073
-0.041743
-0.043121
-0.028972
-0.026571
-0.008432
-0.007417
-0.066009
-0.082312
-0.063778
-0.068970
0.025779
0.068977
0.023572
-0.069993
-0.101701
-0.033348
-0.019321
0.002293
-0.039501
-0.105544
-0.057783
0.039460
0.103304
0.013677
-0.161219
-0.026326
0.132381
-0.000923
-0.066218
0.029926
0.096676
0.250311
0.244072
-0.053284
0.005360
0.179828
0.147067
0.077105
-0.073291
-0.114574
-0.071842
-0.043456
-0.089574
-0.077684
-0.032638
-0.053382
0.034926
0.025691
-0.020246
-0.017548
-0.016252
-0.006729
0.010267
0.040116
0.064454
0.061705
0.010629
0.040680
0.061293
0.018439
0.019408
0.045306
0.014367
-0.005735
-0.003396
-0.011773
0.009005
-0.018730
-0.023070
0.001063
-0.000447
-0.003347
-0.007449
-0.021130
-0.026676
-0.001264
-0.004947
-0.009839
-0.010732
-0.016646
-0.014809
-0.010944
-0.018945
-0.029868
-0.026290
-0.030065
-0.026716
-0.030093
-0.033980
-0.029906
-0.025692
-0.024582
-0.025933
-0.022637
-0.018126
-0.005122
-0.007747
-0.015106
-0.019615
-0.011801
0.005957
0.001258
-0.013602
-0.027442
0.001810
0.017489
-0.049112
-0.084719
-0.047919
0.019682
0.058145
-0.005086
-0.055896
-0.069159
-0.091648
0.041293
0.053830
-0.034362
0.014205
-0.031481
0.031387
0.076287
-0.041158
-0.110862
-0.061700
0.094013
0.026433
-0.034911
0.031870
0.083124
0.218359
0.141809
-0.110580
-0.148404
0.049749
0.173326
0.204465
0.045484
-0.085791
0.026889
-0.016141
-0.085066
-0.072558
-0.087282
-0.077609
0.026518
0.086108
0.023836
-0.070747
-0.099441
-0.004200
0.021509
0.028006
0.000100
-0.038557
-0.041415
-0.062220
-0.058009
-0.052385
-0.039899
-0.057947
-0.046599
-0.031833
-0.024903
-0.017315
-0.017132
-0.019422
-0.022167
-0.006371
-0.013575
-0.006097
0.000960
-0.013576
-0.018016
-0.005590
0.001464
0.001068
-0.000113
-0.007382
-0.001340
0.000159
-0.002688
-0.010770
-0.015161
-0.011210
-0.006687
-0.004845
-0.015940
-0.018040
-0.015076
-0.014788
-0.014034
-0.012380
-0.004348
0.001051
0.005278
0.002329
-0.011288
-0.012260
0.003742
0.020104
0.009440
-0.023545
-0.038261
-0.012621
0.007795
0.008119
0.021119
0.014298
0.011255
-0.003932
-0.030355
0.005088
0.056031
0.082639
0.043251
-0.010200
-0.021138
-0.051356
-0.027315
0.083243
0.096804
0.035783
0.013101
0.044440
0.061021
0.046950
0.076308
0.007038
0.065816
0.177127
0.046539
-0.021090
-0.054885
-0.083583
-0.124636
0.000766
0.140019
-0.049050
-0.068191
0.023136
0.011620
-0.022667
-0.018448
-0.008589
0.030073
0.025234
-0.059580
-0.026509
-0.016901
-0.052498
-0.086792
-0.070071
-0.002180
0.028184
0.037130
0.024613
0.028170
0.026884
0.014697
-0.011687
-0.018704
-0.010059
-0.026201
-0.026857
-0.019021
-0.010952
-0.009834
-0.005213
-0.002403
0.000371
-0.001270
-0.002727
-0.004920
-0.008729
-0.014456
-0.015707
-0.010851
-0.021429
-0.017097
-0.009589
-0.020236
-0.019829
-0.013021
-0.013941
-0.014297
-0.005802
-0.004701
-0.007023
-0.003725
-0.004283
-0.007237
-0.006574
-0.004631
-0.007553
-0.006099
-0.005683
-0.006931
-0.002597
0.000911
0.000886
0.005509
0.005972
-0.005803
-0.011729
-0.005230
-0.002091
0.001502
0.006927
-0.004962
-0.013976
-0.011652
-0.007825
-0.003440
-0.002711
-0.004085
-0.002935
-0.000627
-0.001502
-0.000023
0.002179
0.002246
0.001985
0.002137
0.002921
0.002410
0.001901
0.001690
0.001826
0.001677
0.001731
0.001269
0.000454
0.001072
0.000668
0.000286
0.000845
0.001146
0.000167
0.000096
0.001192
0.002210
0.002486
0.001935
0.001155
0.000793
0.000535
0.001567
0.002056
0.000772
0.000485
0.001027
0.000979
0.000706
0.001127
0.001197
0.001213
0.001394
0.001664
0.001597
0.001844
0.001824
0.001591
0.001577
0.001895
0.001993
0.002185
0.002193
0.001999
0.001591
0.001493
0.001640
0.001727
0.001696
0.001523
0.001183
0.000967
0.000881
0.000829
0.000832
0.000911
0.000951
0.000884
0.000769
0.000718
0.000745
0.000741
0.000676
0.000527
0.000359
0.000285
0.000304
0.000349
0.000310
0.000169
0.000031
-0.000063
-0.000092
-0.000043
0.000049
0.000086
0.000048
-0.000043
-0.000111
-0.000086
-0.000015
0.000014
-0.000007
-0.000071
-0.000154
-0.000193
-0.000148
-0.000054
-0.000042
-0.000065
-0.000098
-0.000125
-0.000128
-0.000055
0.006627
-0.040285
-0.038914
0.143108
0.045608
-0.113983
-0.050260
0.026986
0.090948
0.111953
0.116455
0.029219
-0.035511
-0.118983
-0.182563
-0.049109
0.001397
0.043643
0.028876
0.080507
0.041694
0.234066
-0.049043
-0.428928
-0.229736
-0.203129
0.256807
0.388620
-0.267803
-0.241347
0.353408
-0.152531
-0.675411
-0.090754
-0.002616
0.124623
-0.142645
-0.242337
0.368006
0.234739
0.092346
-0.050654
-0.222415
-0.058309
0.115892
0.064403
0.220051
0.330608
0.099894
0.031228
0.235456
0.038655
-0.086621
-0.002845
-0.020654
0.003643
-0.175801
-0.164680
-0.024629
0.013932
0.028316
-0.011314
0.037739
0.050208
0.076332
0.012668
-0.029013
-0.042000
-0.013826
0.027289
0.028278
0.018358
0.025074
0.035857
-0.013655
-0.013103
-0.006198
0.015891
0.015910
0.002479
0.007770
0.038674
0.029177
0.014942
0.022518
0.009982
0.005216
0.005774
-0.012512
0.004456
0.016156
0.029881
0.022282
-0.020499
0.001881
0.016454
0.010620
-0.008497
-0.051710
-0.025090
0.025300
-0.011208
0.019793
0.037949
0.048313
0.009435
-0.068475
0.030868
0.009216
-0.014296
0.032799
0.103358
0.154737
-0.072691
-0.173943
0.137689
0.235325
-0.104714
-0.255283
0.127126
0.075717
0.187588
0.256817
-0.358571
-0.268163
-0.160880
-0.204848
-0.076994
-0.018366
0.410989
0.332459
-0.341692
-0.286002
0.492931
0.088164
-0.566945
-0.366911
-0.131764
0.320742
0.497369
0.212641
0.162352
0.117229
0.299172
0.340909
-0.127624
-0.317582
-0.143153
0.163974
-0.021716
-0.166166
-0.094567
0.004305
0.038231
-0.139934
0.065807
-0.078797
0.010638
0.142181
-0.064890
-0.057690
0.008071
0.075610
-0.088312
-0.032353
-0.042735
-0.046767
0.000114
-0.088212
-0.045764
-0.027231
0.008076
-0.000412
0.002390
-0.035410
-0.007417
0.025862
-0.029746
-0.051851
-0.045000
-0.004166
-0.015385
-0.011008
0.004260
0.013479
-0.004266
-0.009683
-0.001416
-0.028716
-0.026217
-0.018109
-0.024677
-0.046424
-0.026061
0.003135
-0.004396
-0.049121
-0.099831
-0.007732
0.013791
0.013582
0.004693
-0.033083
0.014902
-0.033882
-0.009163
0.054498
-0.049884
-0.052875
0.024793
0.143498
0.087401
-0.095816
0.071894
0.175097
0.109964
0.060834
0.061229
0.041041
-0.195009
-0.249495
-0.011826
0.187972
-0.031558
-0.314754
-0.344468
-0.145770
0.196136
0.065571
0.007276
-0.089963
-0.002600
-0.066935
-0.298732
0.172717
-0.270696
-0.359418
0.054609
0.002363
-0.181464
-0.260239
0.396343
0.348706
0.381745
0.112938
-0.042986
0.236553
0.261036
0.199717
-0.132285
0.017126
-0.039077
-0.005209
-0.077036
-0.002943
0.209623
0.068928
0.064119
-0.005860
0.009667
-0.084212
-0.039460
-0.078990
-0.132865
-0.042926
-0.009251
0.007016
-0.029568
0.022012
-0.007043
0.004939
-0.005973
-0.004794
0.012365
0.005434
0.002499
-0.025370
-0.004946
-0.007016
-0.001885
0.006089
-0.004558
-0.012291
-0.018791
0.005057
0.009410
0.019570
0.019051
0.022021
0.005774
-0.022613
0.001046
0.004786
-0.000773
-0.030725
-0.010564
0.022856
-0.045606
-0.057638
0.035106
-0.007129
-0.054199
0.049559
-0.017836
-0.072007
0.002118
-0.041518
-0.098409
-0.054095
-0.044227
0.035475
0.046127
-0.158690
0.073163
-0.138643
-0.191157
0.351751
-0.085142
-0.428127
-0.237275
0.079232
0.246691
0.294745
-0.078504
-0.004822
0.101923
-0.299981
-0.096409
-0.033430
-0.097079
-0.165985
0.103840
0.026960
-0.362396
-0.199410
0.052694
0.049754
-0.006849
0.136667
0.220006
0.202603
-0.046994
-0.196314
0.118152
0.010448
-0.185645
0.097026
0.016315
0.092370
0.122057
-0.074776
-0.015988
0.129003
0.197070
0.024620
-0.027586
-0.037049
0.073123
0.075952
0.099926
0.064250
-0.009571
0.101371
0.089258
0.061181
-0.026661
0.013996
0.011489
0.012410
0.019992
0.014952
0.042680
0.013865
0.008978
0.001737
0.025838
0.009000
0.009773
0.021953
0.009459
0.015745
0.021625
0.038033
0.028905
0.029910
0.033659
0.028851
0.005481
-0.012598
0.009906
0.003483
0.018644
0.010869
0.006501
0.052322
0.009922
-0.034118
0.004849
0.051975
0.006666
-0.055973
-0.006755
0.017555
-0.002888
0.055299
0.011913
-0.065690
0.095079
0.006787
-0.110562
-0.010028
-0.264978
-0.068947
0.225708
0.018058
0.349893
0.259272
-0.249554
-0.019704
-0.070986
-0.017742
0.111064
0.079201
0.459205
0.243314
0.252619
0.074026
-0.417008
-0.218634
0.291615
0.242346
-0.216490
-0.177088
-0.000559
0.044604
-0.024107
0.079196
-0.227601
-0.106354
0.120644
-0.126811
0.252096
-0.199410
0.000831
0.299452
-0.023078
-0.033420
-0.366682
-0.037387
0.165842
-0.052878
-0.195851
-0.131584
-0.036840
-0.007268
-0.033123
-0.067280
0.004432
-0.086487
-0.125839
-0.039262
0.012200
0.019043
0.004678
-0.051439
-0.004426
0.049414
0.013975
0.028365
-0.001857
-0.033487
-0.046903
-0.016643
-0.033995
-0.041097
-0.026540
-0.018472
-0.014042
-0.036098
-0.023388
-0.016454
-0.023109
-0.027932
-0.021851
-0.011312
-0.008447
-0.006673
-0.000066
-0.014465
-0.003412
-0.013187
-0.029047
-0.035050
-0.036790
-0.030452
0.007856
0.045260
-0.008371
-0.030936
-0.013750
-0.033920
-0.028345
-0.025019
0.010416
0.039729
0.003404
0.040111
0.055891
0.004743
-0.014586
0.159681
0.104910
-0.087810
0.000084
-0.288246
0.051029
0.315115
0.067795
0.041257
-0.116040
0.082162
0.096168
-0.144840
-0.469075
-0.346819
0.168200
0.179830
-0.016934
-0.173093
-0.057326
0.059111
-0.124525
-0.416739
-0.399691
-0.203580
-0.100524
0.164999
0.112670
0.036828
0.209636
0.148945
0.182556
0.155390
-0.290190
-0.210879
0.009096
0.102771
0.324699
0.178187
0.148236
0.156863
0.129197
0.199181
0.023795
-0.039489
-0.036900
0.017249
0.044736
0.016385
0.007338
-0.064282
-0.046637
0.019540
-0.017313
-0.052546
-0.018068
-0.045854
-0.022583
0.001924
0.003850
0.032406
0.056497
0.050114
0.032368
0.027836
-0.010281
-0.015170
-0.008694
-0.007032
0.023794
0.032347
0.031606
0.027077
0.029127
0.030351
0.024175
0.007539
0.005626
0.010081
0.002703
0.012809
0.025420
0.015668
-0.005429
0.005764
0.012460
0.012704
-0.013685
0.016344
0.041586
0.001345
-0.072558
-0.147727
0.055048
0.054609
0.027010
0.042800
-0.072623
-0.099325
-0.037506
0.133316
0.077719
0.154729
0.094265
-0.240868
-0.105392
0.127232
0.033906
-0.039391
-0.037000
0.239655
0.215064
-0.296533
-0.183112
-0.072567
-0.213309
0.074901
0.108937
-0.104501
0.472068
-0.185247
-0.526017
0.509634
0.137903
-0.128362
-0.263604
-0.006601
0.182846
0.344085
0.152611
-0.399263
0.076765
0.097714
0.331144
0.150129
-0.117288
0.099490
0.201592
0.186023
-0.092041
-0.053870
-0.076898
-0.050330
-0.179092
-0.158359
-0.038133
0.002087
0.068544
0.045467
0.015740
0.036486
0.080867
-0.091435
-0.098852
-0.067582
-0.068856
-0.065290
-0.047104
-0.020447
-0.021051
0.027165
-0.008378
-0.013144
-0.027970
-0.017311
-0.000402
-0.028309
-0.043406
-0.046392
-0.018460
-0.005789
-0.008663
-0.016408
-0.011695
-0.026291
-0.043616
-0.028236
-0.025895
-0.016561
-0.005855
-0.018668
-0.033416
-0.021920
-0.016154
-0.054705
-0.042716
-0.020672
-0.033162
-0.050656
-0.072994
-0.030315
-0.024360
-0.000586
0.069686
-0.045950
-0.174150
-0.066350
-0.142111
-0.068616
0.257738
0.103359
-0.064678
-0.206300
-0.034094
0.019718
-0.034420
0.035324
-0.219771
-0.202526
0.133931
0.334181
0.226679
-0.278193
-0.188046
0.543615
0.182691
-0.272761
0.069408
0.177140
0.328825
0.764221
-0.057759
-0.495614
0.452206
0.267060
-0.077548
-0.201422
-0.442220
-0.275153
-0.169457
-0.161869
-0.280335
-0.045885
-0.085576
0.038176
0.273668
-0.003423
0.063080
0.042680
-0.024045
0.001116
0.113236
0.178017
0.144022
0.044561
0.021102
0.183256
0.024721
-0.066237
0.015062
0.010278
-0.089548
-0.030478
-0.048569
-0.070236
0.002760
-0.060216
0.023862
-0.007030
-0.036205
-0.036213
-0.025380
-0.030088
-0.023055
-0.017806
-0.050571
-0.010858
-0.030536
-0.025611
-0.039231
-0.044693
-0.043176
-0.054066
-0.040007
-0.008382
-0.016230
-0.038997
-0.009545
0.001518
0.005921
0.007828
-0.001298
-0.002997
-0.000553
0.012629
-0.020425
-0.028657
-0.030344
0.021638
0.028564
-0.035866
-0.064305
-0.031692
0.090486
-0.028144
-0.218061
-0.115242
0.029303
0.134055
0.081952
-0.095134
-0.065003
-0.168775
-0.037242
0.296742
-0.148925
-0.029449
0.097282
-0.097029
0.341024
0.044920
-0.290583
-0.172548
0.210766
0.266322
-0.231801
0.061601
0.162100
0.369754
0.593887
-0.147780
-0.546479
-0.065879
0.315814
0.241489
0.135056
-0.350808
-0.037229
0.173959
-0.301839
-0.179538
-0.194133
-0.305346
-0.076784
0.292116
0.143051
-0.085080
-0.162005
-0.059790
0.089341
-0.010052
0.063304
-0.121818
-0.102862
-0.075848
-0.114783
-0.100870
-0.074019
-0.065425
-0.100026
0.042916
0.012024
0.006901
-0.033802
-0.010373
0.063616
0.047836
0.030445
-0.011620
0.012470
0.024156
0.026083
0.007246
-0.002473
-0.013033
-0.001269
0.013543
-0.005570
-0.009893
-0.020895
-0.003872
-0.007932
-0.011312
0.000089
-0.008882
-0.028454
-0.027455
0.003603
0.015026
0.014506
-0.004670
0.000118
0.018580
-0.003585
0.008892
-0.013421
-0.039823
0.007352
0.052131
0.052615
-0.035212
-0.095848
-0.044336
0.027773
0.017230
0.052022
0.074635
0.024834
0.040282
-0.071528
-0.076041
0.088633
0.150733
0.117308
-0.021324
-0.007035
-0.059690
-0.169636
0.112741
0.272889
0.033070
0.022464
0.110636
0.143576
0.051109
0.087599
-0.000274
-0.188921
0.391226
0.189310
-0.256365
-0.019825
-0.200473
-0.364280
-0.269785
0.406649
0.036042
-0.428883
0.245780
0.131542
-0.122399
-0.050541
0.026825
-0.044958
0.122103
-0.049348
-0.149534
0.058247
-0.069555
-0.116286
-0.174655
0.018314
0.114304
0.063149
0.069204
0.069622
0.123987
0.031417
-0.004877
-0.057742
-0.020104
-0.049070
-0.087792
-0.050188
-0.050560
-0.018533
0.032612
0.043785
-0.001613
-0.009450
-0.014516
-0.020772
-0.021502
-0.028156
-0.020353
-0.024202
-0.025543
-0.025398
-0.008226
-0.002793
-0.021294
-0.004681
0.008059
0.004713
-0.008409
0.004066
0.000221
-0.004546
-0.005703
0.010514
0.015231
-0.002633
-0.005557
-0.015397
-0.016838
-0.009937
0.000564
0.010472
0.010786
0.021705
0.030889
-0.014994
-0.042399
-0.023725
-0.020040
-0.027697
0.015762
0.006825
-0.036258
-0.013368
-0.006815
-0.006540
-0.003142
-0.002024
-0.001570
0.004568
0.013072
0.003844
0.005806
0.007206
0.007160
0.006004
0.005549
0.007199
0.004685
0.002456
0.000592
0.004052
0.001289
0.004808
0.004927
0.004577
0.004810
0.000924
-0.001164
0.000566
0.006268
0.008028
0.007653
0.003080
0.001922
0.000884
0.001777
0.003431
0.001948
-0.001110
-0.002266
-0.001224
-0.000946
0.001004
0.002299
0.000986
0.002058
0.002369
0.002151
-0.000076
0.001478
0.002530
-0.000130
0.000708
0.002754
0.003419
0.001539
0.001432
0.000996
0.001726
0.001533
0.001842
0.002034
0.002286
0.001567
0.000524
-0.000440
-0.000091
0.000093
0.000809
0.000590
0.000631
0.000477
0.000408
0.000496
0.000886
0.000840
0.000601
0.000378
0.000142
-0.000060
0.000147
0.000186
0.000294
0.000211
0.000017
-0.000020
-0.000142
0.000125
0.000241
0.000033
-0.000049
0.000056
0.000017
0.000250
0.000441
0.000288
0.000095
-0.000033
-0.000163
-0.000121
0.000148
0.000256
0.000113
-0.000186
-0.000383
-0.000337
-0.000151
-0.000049
-0.000132
-0.000334
-0.000481
-0.000434
-0.000313
-0.000307
-0.000220
-0.000252
-0.000287
-0.000268
-0.000207
-0.000251
-0.000139