0.265917
0.297697
0.319850
0.332802
0.336992
0.332840
0.320893
0.302095
0.278021
0.250955
0.223715
0.199262
0.180171
0.168142
0.163700
0.166174
0.173967
0.185003
0.197223
0.208945
0.219005
0.226660
0.231341
0.232376
0.228853
0.219672
0.203819
0.180740
0.150682
0.114866
0.075386
0.034863
-0.004052
-0.039179
-0.069141
-0.093438
-0.112267
-0.126165
-0.135623
-0.140840
-0.141683
-0.137885
-0.129373
-0.116596
-0.100695
-0.083453
-0.066994
-0.053355
-0.044061
-0.039862
-0.040712
-0.046003
-0.054943
-0.066940
-0.081845
-0.099947
-0.121745
-0.147567
-0.177196
-0.209659
-0.243254
-0.275837
-0.305254
-0.329786
-0.348451
-0.361058
-0.368027
-0.370043
-0.367711
-0.361325
-0.350872
-0.336238
-0.317555
-0.295510
-0.271494
-0.247507
-0.225802
-0.208398
-0.196602
-0.190698
-0.189903
-0.192602
-0.196756
-0.200353
-0.201736
-0.199726
-0.193510
-0.182402
-0.165596
-0.142054
-0.110610
-0.070276
-0.020664
0.037647
0.102928
0.172404
0.242627
0.310023
0.371451
0.424610
0.468194
0.501781
0.525542
0.539897
0.545287
0.542129
0.530969
0.512751
0.489049
0.462146
0.434862
0.410157
0.390604
0.377907
0.372589
0.373981
0.380486
0.390032
0.400559
0.410387
0.418354
0.423720
0.425917
0.424277
0.417888
0.405655
0.386567
0.360072
0.326422
0.286840
0.243424
0.198800
0.155621
0.116073
0.081537
0.052517
0.028820
0.009917
-0.004682
-0.015168
-0.021405
-0.023120
-0.020234
-0.013189
-0.003125
0.008186
0.018622
0.026155
0.029264
0.027206
0.020032
0.008357
-0.007020
-0.025502
-0.046932
-0.071594
-0.099980
-0.132411
-0.168665
-0.207760
-0.247990
-0.287203
-0.323238
-0.354372
-0.379614
-0.398767
-0.412244
-0.420726
-0.424808
-0.424781
-0.420624
-0.412218
-0.399687
-0.383713
-0.365682
-0.347586
-0.331673
-0.319957
-0.313739
-0.313297
-0.317844
-0.325758
-0.334996
-0.343539
-0.349729
-0.352379
-0.350671
-0.343918
-0.331307
-0.311796
-0.284216
-0.247574
-0.201479
-0.146508
-0.084384
-0.017880
0.049558
0.114361
0.173388
0.224341
0.117211
0.094086
0.087568
0.097465
0.121216
0.154117
0.190124
0.223012
0.247548
0.260322
0.260009
0.247043
0.222875
0.189155
0.147139
0.097554
0.040934
-0.021758
-0.088520
-0.156014
-0.219786
-0.274968
-0.317279
-0.343977
-0.354431
-0.350132
-0.334115
-0.310016
-0.281093
-0.249551
-0.216379
-0.181736
-0.145670
-0.108883
-0.073188
-0.041476
-0.017175
-0.003392
-0.002056
-0.013389
-0.035903
-0.066919
-0.103429
-0.142955
-0.184108
-0.226620
-0.270869
-0.317086
-0.364560
-0.411197
-0.453604
-0.487714
-0.509759
-0.517234
-0.509540
-0.488072
-0.455747
-0.416160
-0.372672
-0.327777
-0.282936
-0.238907
-0.196375
-0.156582
-0.121645
-0.094379
-0.077630
-0.073337
-0.081653
-0.100463
-0.125489
-0.151006
-0.170938
-0.180001
-0.174556
-0.152920
-0.115123
-0.062282
0.004120
0.082713
0.172299
0.271478
0.378022
0.488317
0.597165
0.698139
0.784451
0.850130
0.891138
0.906099
0.896401
0.865676
0.818837
0.761017
0.696754
0.629632
0.562434
0.497621
0.437855
0.386253
0.346202
0.320728
0.311638
0.318741
0.339480
0.369155
0.401722
0.430962
0.451644
0.460364
0.455799
0.438387
0.409585
0.371047
0.324032
0.269275
0.207313
0.139114
0.066687
-0.006625
-0.076362
-0.137652
-0.186206
-0.219275
-0.236225
-0.238538
-0.229242
-0.211969
-0.189968
-0.165438
-0.139361
-0.111889
-0.083064
-0.053579
-0.025240
-0.000931
0.015926
0.022233
0.016067
-0.002786
-0.032829
-0.071379
-0.115418
-0.162461
-0.211111
-0.261094
-0.312780
-0.366392
-0.421213
-0.475142
-0.524776
-0.566044
-0.595169
-0.609640
-0.608851
-0.594190
-0.568567
-0.535571
-0.498556
-0.460009
-0.421387
-0.383439
-0.346846
-0.312843
-0.283543
-0.261753
-0.250315
-0.251163
-0.264445
-0.288040
-0.317666
-0.347593
-0.371741
-0.384822
-0.383193
-0.365167
-0.330771
-0.281117
-0.217687
-0.141847
-0.054792
0.042080
0.146543
0.254986
0.362212
0.461795
0.546951
0.611707
0.652028
0.666537
0.656625
0.625922
0.579341
0.522016
0.458483
0.392327
0.326329
0.262949
0.204847
0.155140