0.407832
0.386026
0.356028
0.319761
0.279661
0.238710
0.200254
0.167593
0.143453
0.129489
0.125966
0.131746
0.144569
0.161556
0.179769
0.196674
0.210371
0.219582
0.223442
0.221240
0.212248
0.195727
0.171133
0.138445
0.098468
0.052983
0.004637
-0.043415
-0.088037
-0.126640
-0.157564
-0.180196
-0.194807
-0.202193
-0.203258
-0.198707
-0.188942
-0.174195
-0.154820
-0.131608
-0.105973
-0.079925
-0.055800
-0.035841
-0.021768
-0.014489
-0.014048
-0.019827
-0.030918
-0.046521
-0.066209
-0.089972
-0.118010
-0.150374
-0.186591
-0.225421
-0.264876
-0.302478
-0.335708
-0.362483
-0.381508
-0.392391
-0.395509
-0.391695
-0.381870
-0.366791
-0.346988
-0.322922
-0.295273
-0.265227
-0.234606
-0.205763
-0.181225
-0.163184
-0.152987
-0.150788
-0.155483
-0.164925
-0.176367
-0.186964
-0.194198
-0.196088
-0.191178
-0.178365
-0.156681
-0.125182
-0.083024
-0.029733
0.034417
0.108072
0.188640
0.272431
0.355065
0.432085
0.499583
0.554695
0.595826
0.622588
0.635515
0.635692
0.624443
0.603199
0.573549
0.537416
0.497234
0.455988
0.417021
0.383635
0.358558
0.343444
0.338560
0.342770
0.353813
0.368814
0.384838
0.399350
0.410455
0.416876
0.417750
0.412373
0.400016
0.379944
0.351618
0.315019
0.270958
0.221218
0.168451
0.115817
0.066455
0.022960
-0.013004
-0.040818
-0.060749
-0.073587
-0.080231
-0.081381
-0.077432
-0.068611
-0.055268
-0.038184
-0.018770
0.000971
0.018709
0.032208
0.039753
0.040444
0.034242
0.021773
0.003950
-0.018418
-0.044900
-0.075476
-0.110343
-0.149544
-0.192598
-0.238260
-0.284533
-0.328933
-0.368937
-0.402452
-0.428178
-0.445715
-0.455436
-0.458164
-0.454817
-0.446143
-0.432667
-0.414843
-0.393347
-0.369355
-0.344686
-0.321687
-0.302879
-0.290447
-0.285733
-0.288887
-0.298798
-0.313315
-0.329685
-0.345060
-0.356915
-0.363264
-0.362650
-0.353964
-0.336233
-0.308509
-0.269946
-0.220066
-0.159138
-0.088515
-0.010784
0.070366
0.150559
0.225339
0.290802
0.344085
0.383594
0.408944
0.420670
0.419857
0.307857
0.255015
0.206024
0.164638
0.134207
0.116979
0.113541
0.122585
0.141106
0.164995
0.189848
0.211750
0.227814
0.236340
0.236611
0.228469
0.211885
0.186715
0.152752
0.110056
0.059397
0.002622
-0.057265
-0.116380
-0.170568
-0.216147
-0.250584
-0.272860
-0.283436
-0.283845
-0.276063
-0.261904
-0.242638
-0.218963
-0.191291
-0.160222
-0.126971
-0.093563
-0.062678
-0.037198
-0.019587
-0.011343
-0.012719
-0.022807
-0.039964
-0.062406
-0.088763
-0.118367
-0.151196
-0.187480
-0.227145
-0.269327
-0.312134
-0.352801
-0.388174
-0.415387
-0.432477
-0.438764
-0.434838
-0.422213
-0.402772
-0.378235
-0.349844
-0.318370
-0.284415
-0.248857
-0.213219
-0.179780
-0.151321
-0.130559
-0.119442
-0.118533
-0.126706
-0.141255
-0.158401
-0.174019
-0.184369
-0.186599
-0.178905
-0.160362
-0.130555
-0.089220
-0.036089
0.028976
0.105597
0.192383
0.286567
0.383950
0.479244
0.566775
0.641357
0.699091
0.737871
0.757464
0.759186
0.745328
0.718543
0.681419
0.636345
0.585662
0.531957
0.478307
0.428287
0.385654
0.353756
0.334846
0.329511
0.336444
0.352644
0.374002
0.396118
0.415080
0.428003
0.433190
0.429928
0.418063
0.397568
0.368304
0.330068
0.282924
0.227646
0.166086
0.101253
0.037036
-0.022406
-0.073385
-0.113363
-0.141316
-0.157698
-0.164038
-0.162304
-0.154305
-0.141307
-0.123999
-0.102788
-0.078267
-0.051645
-0.024940
-0.000826
0.017821
0.028546
0.029856
0.021506
0.004409
-0.019782
-0.049280
-0.082705
-0.119383
-0.159285
-0.202634
-0.249349
-0.298559
-0.348365
-0.395996
-0.438291
-0.472374
-0.496280
-0.509319
-0.512076
-0.506057
-0.493140
-0.475037
-0.452985
-0.427749
-0.399923
-0.370380
-0.340637
-0.312968
-0.290147
-0.274886
-0.269128
-0.273430
-0.286661
-0.306110
-0.327994
-0.348182
-0.362931
-0.369382
-0.365730
-0.351045
-0.324906
-0.287049
-0.237200
-0.175218
-0.101480
-0.017372
0.074342
0.169464
0.262708
0.348403
0.421364
0.477695
0.515290
0.533918
0.534895
0.520514
0.493427
0.456224
0.411294
0.360975