0.311497
0.323743
0.326708
0.321507
0.309218
0.290946
0.268017
0.242161
0.215581
0.190821
0.170434
0.156523
0.150323
0.151926
0.160277
0.173429
0.188985
0.204586
0.218298
0.228792
0.235293
0.237363
0.234638
0.226650
0.212828
0.192678
0.166081
0.133587
0.096561
0.057105
0.017755
-0.018971
-0.051026
-0.077161
-0.097014
-0.110946
-0.119716
-0.124103
-0.124634
-0.121507
-0.114727
-0.104385
-0.090963
-0.075513
-0.059642
-0.045274
-0.034277
-0.028072
-0.027375
-0.032151
-0.041790
-0.055450
-0.072406
-0.092292
-0.115135
-0.141166
-0.170493
-0.202763
-0.236948
-0.271359
-0.303884
-0.332394
-0.355167
-0.371197
-0.380287
-0.382918
-0.379942
-0.372248
-0.360520
-0.345179
-0.326526
-0.305006
-0.281478
-0.257347
-0.234481
-0.214905
-0.200364
-0.191880
-0.189461
-0.192052
-0.197747
-0.204193
-0.209040
-0.210307
-0.206555
-0.196849
-0.180567
-0.157176
-0.126102
-0.086776
-0.038860
0.017423
0.080984
0.149730
0.220668
0.290258
0.354938
0.411654
0.458275
0.493755
0.518048
0.531824
0.536114
0.532031
0.520651
0.503081
0.480644
0.455069
0.428561
0.403664
0.382928
0.368460
0.361493
0.362120
0.369289
0.381051
0.395013
0.408817
0.420530
0.428825
0.432930
0.432409
0.426900
0.415940
0.398958
0.375464
0.345343
0.309148
0.268248
0.224748
0.181188
0.140093
0.103510
0.072695
0.048015
0.029111
0.015232
0.005603
-0.000298
-0.002664
-0.001494
0.003125
0.010719
0.020241
0.030089
0.038345
0.043149
0.043083
0.037439
0.026259
0.010157
-0.010016
-0.033531
-0.060014
-0.089485
-0.122170
-0.158170
-0.197125
-0.238000
-0.279100
-0.318307
-0.353485
-0.382905
-0.405554
-0.421230
-0.430405
-0.433927
-0.432678
-0.427335
-0.418314
-0.405908
-0.390557
-0.373113
-0.354976
-0.338007
-0.324226
-0.315373
-0.312463
-0.315499
-0.323421
-0.334317
-0.345829
-0.355603
-0.361651
-0.362531
-0.357304
-0.345342
-0.326109
-0.299026
-0.263520
-0.219249
-0.166434
-0.106159
-0.040515
0.027509
0.094376
0.156526
0.210908
0.255393
0.288937
0.112450
0.088364
0.079677
0.086891
0.108312
0.139984
0.176247
0.210782
0.237848
0.253324
0.255254
0.243758
0.220413
0.187364
0.146535
0.099214
0.046153
-0.011916
-0.073600
-0.136348
-0.196383
-0.249178
-0.290339
-0.316630
-0.326754
-0.321642
-0.304106
-0.278002
-0.247183
-0.214596
-0.181851
-0.149349
-0.116902
-0.084558
-0.053274
-0.025173
-0.003245
0.009391
0.010396
-0.001064
-0.024038
-0.056091
-0.094052
-0.134953
-0.176785
-0.218813
-0.261322
-0.304917
-0.349653
-0.394359
-0.436427
-0.472187
-0.497753
-0.510052
-0.507674
-0.491239
-0.463181
-0.427015
-0.386390
-0.344253
-0.302436
-0.261761
-0.222581
-0.185493
-0.151870
-0.123969
-0.104495
-0.095768
-0.098754
-0.112355
-0.133217
-0.156179
-0.175242
-0.184760
-0.180487
-0.160158
-0.123489
-0.071652
-0.006508
0.070072
0.156529
0.251454
0.353054
0.458505
0.563529
0.662454
0.748840
0.816539
0.860888
0.879655
0.873431
0.845365
0.800326
0.743799
0.680862
0.615576
0.550897
0.489061
0.432165
0.382637
0.343319
0.317068
0.305990
0.310589
0.329174
0.357793
0.390787
0.421842
0.445220
0.456803
0.454639
0.438853
0.411024
0.373304
0.327620
0.275266
0.216997
0.153553
0.086330
0.017885
-0.048000
-0.106790
-0.154088
-0.186648
-0.203172
-0.204581
-0.193681
-0.174323
-0.150350
-0.124707
-0.098994
-0.073605
-0.048347
-0.023259
0.000708
0.021439
0.035951
0.041133
0.034652
0.015682
-0.014818
-0.054406
-0.099905
-0.148337
-0.197687
-0.247212
-0.297191
-0.348220
-0.400347
-0.452395
-0.501747
-0.544726
-0.577440
-0.596809
-0.601414
-0.591870
-0.570604
-0.541124
-0.507072
-0.471389
-0.435901
-0.401423
-0.368302
-0.337129
-0.309272
-0.286981
-0.272958
-0.269513
-0.277611
-0.296147
-0.321763
-0.349293
-0.372733
-0.386434
-0.386143
-0.369595
-0.336500
-0.288026
-0.226032
-0.152385
-0.068642
0.023791
0.123124
0.226535
0.329749
0.427094
0.512131
0.578716
0.622186
0.640308
0.633676
0.605439
0.560466
0.504240
0.441843
0.377331
0.313662
0.253069
0.197650
0.149830