0.347182
0.313926
0.276479
0.236868
0.197536
0.161367
0.131427
0.110474
0.100369
0.101590
0.113032
0.132174
0.155577
0.179576
0.200948
0.217358
0.227496
0.230880
0.227481
0.217339
0.200344
0.176272
0.145071
0.107250
0.064205
0.018305
-0.027332
-0.069346
-0.104762
-0.131565
-0.149003
-0.157561
-0.158595
-0.153800
-0.144678
-0.132220
-0.116877
-0.098826
-0.078382
-0.056386
-0.034383
-0.014510
0.000894
0.009812
0.011022
0.004342
-0.009439
-0.028920
-0.052602
-0.079353
-0.108662
-0.140579
-0.175379
-0.213071
-0.252971
-0.293498
-0.332290
-0.366630
-0.394022
-0.412734
-0.422120
-0.422628
-0.415492
-0.402268
-0.384369
-0.362797
-0.338144
-0.310860
-0.281636
-0.251732
-0.223079
-0.198061
-0.179038
-0.167735
-0.164710
-0.169086
-0.178642
-0.190242
-0.200458
-0.206196
-0.205127
-0.195821
-0.177592
-0.150171
-0.113391
-0.067044
-0.010983
0.054535
0.128429
0.208467
0.291206
0.372278
0.446979
0.511015
0.561176
0.595769
0.614680
0.619086
0.610961
0.592542
0.565961
0.533135
0.495901
0.456287
0.416736
0.380130
0.349538
0.327718
0.316531
0.316457
0.326393
0.343817
0.365293
0.387159
0.406192
0.420062
0.427459
0.427904
0.421372
0.407907
0.387399
0.359631
0.324552
0.282677
0.235404
0.185107
0.134908
0.088173
0.047879
0.016049
-0.006563
-0.020434
-0.026918
-0.027702
-0.024283
-0.017648
-0.008241
0.003767
0.018068
0.033825
0.049499
0.062961
0.071878
0.074238
0.068827
0.055469
0.034960
0.008706
-0.021786
-0.055376
-0.091549
-0.130346
-0.172036
-0.216622
-0.263413
-0.310820
-0.356475
-0.397654
-0.431855
-0.457337
-0.473451
-0.480635
-0.480118
-0.473450
-0.462037
-0.446873
-0.428545
-0.407497
-0.384414
-0.360551
-0.337829
-0.318630
-0.305307
-0.299580
-0.302000
-0.311686
-0.326411
-0.343034
-0.358122
-0.368577
-0.372065
-0.367151
-0.353144
-0.329772
-0.296865
-0.254209
-0.201654
-0.139455
-0.068687
0.008419
0.088423
0.166959
0.239329
0.301237
0.349478
0.382360
0.399770
0.402888
0.393687
0.374407
0.205581
0.159961
0.121844
0.094401
0.080244
0.080592
0.094657
0.119509
0.150497
0.182162
0.209333
0.228090
0.236311
0.233645
0.221008
0.199828
0.171350
0.136284
0.094903
0.047521
-0.004874
-0.060133
-0.114864
-0.164848
-0.205840
-0.234528
-0.249291
-0.250520
-0.240365
-0.222017
-0.198773
-0.173217
-0.146787
-0.119867
-0.092313
-0.064184
-0.036363
-0.010794
0.009762
0.022386
0.024831
0.016193
-0.002811
-0.030089
-0.062852
-0.098461
-0.135143
-0.172305
-0.210333
-0.249963
-0.291484
-0.334083
-0.375607
-0.412853
-0.442299
-0.461017
-0.467461
-0.461833
-0.445923
-0.422491
-0.394429
-0.364028
-0.332605
-0.300606
-0.268113
-0.235514
-0.204019
-0.175797
-0.153598
-0.139994
-0.136475
-0.142736
-0.156429
-0.173487
-0.188930
-0.197909
-0.196633
-0.182915
-0.156192
-0.117085
-0.066739
-0.006223
0.063731
0.142555
0.229315
0.322074
0.417440
0.510551
0.595597
0.666762
0.719319
0.750535
0.760111
0.750025
0.723857
0.685848
0.640021
0.589635
0.537123
0.484431
0.433550
0.386942
0.347614
0.318737
0.302924
0.301396
0.313368
0.335910
0.364376
0.393307
0.417535
0.433145
0.438016
0.431800
0.415419
0.390301
0.357699
0.318325
0.272456
0.220409
0.163181
0.102922
0.043030
-0.012270
-0.058730
-0.093030
-0.113545
-0.120660
-0.116519
-0.104307
-0.087316
-0.068122
-0.048159
-0.027802
-0.006903
0.014487
0.035493
0.054174
0.067779
0.073394
0.068780
0.053040
0.026898
-0.007549
-0.047503
-0.090316
-0.134212
-0.178589
-0.223825
-0.270650
-0.319345
-0.369091
-0.417727
-0.462044
-0.498512
-0.524197
-0.537545
-0.538753
-0.529603
-0.512847
-0.491372
-0.467464
-0.442430
-0.416713
-0.390387
-0.363834
-0.338259
-0.315824
-0.299273
-0.291175
-0.293011
-0.304474
-0.323210
-0.345144
-0.365296
-0.378809
-0.381888
-0.372342
-0.349604
-0.314292
-0.267546
-0.210432
-0.143678
-0.067850
0.016122
0.106304
0.199305
0.290266
0.373380
0.442833
0.493898
0.523844
0.532375
0.521468
0.494705
0.456327
0.410357
0.360056
0.307854
0.255699