0.090059
0.099935
0.184085
0.317135
0.454563
0.549680
0.571438
0.516273
0.409444
0.295369
0.220647
0.216242
0.285653
0.403562
0.525508
0.604863
0.610642
0.539343
0.416288
0.285961
0.195023
0.174505
0.227966
0.330154
0.436668
0.500941
0.492049
0.406546
0.269813
0.126385
0.022976
-0.009335
0.033059
0.124949
0.221976
0.277609
0.260957
0.168608
0.025966
-0.122407
-0.229780
-0.265057
-0.224620
-0.133670
-0.036562
0.020171
0.005637
-0.083588
-0.222110
-0.365385
-0.466700
-0.494984
-0.446646
-0.346920
-0.240194
-0.173039
-0.176389
-0.253712
-0.379659
-0.509738
-0.597288
-0.611291
-0.548214
-0.433347
-0.311139
-0.228222
-0.215593
-0.276781
-0.386503
-0.500330
-0.571664
-0.569554
-0.490527
-0.359938
-0.222299
-0.124300
-0.097000
-0.143985
-0.240028
-0.340754
-0.399617
-0.385714
-0.295620
-0.154734
-0.007607
0.099032
0.134091
0.093954
0.003818
-0.091962
-0.146861
-0.129992
-0.037941
0.103885
0.250931
0.356470
0.389412
0.346150
0.251894
0.151016
0.090059
0.099935
0.184085
0.317135
0.454563
0.549680
0.571438
0.516273
0.409444
0.295369
0.220647
0.216242
0.285653
0.403562
0.525508
0.604863
0.610642
0.539343
0.416288
0.285961
0.195023
0.174505
0.227966
0.330154
0.436668
0.500941
0.492049
0.406546
0.269813
0.126385
0.022976
-0.009335
0.033059
0.124949
0.221976
0.277609
0.260957
0.168608
0.025966
-0.122407
-0.229780
-0.265057
-0.224620
-0.133670
-0.036562
0.020171
0.005637
-0.083588
-0.222110
-0.365385
-0.466700
-0.494984
-0.446646
-0.346920
-0.240194
-0.173039
-0.176389
-0.253712
-0.379659
-0.509738
-0.597288
-0.611291
-0.548214
-0.433347
-0.311139
-0.228222
-0.215593
-0.276781
-0.386503
-0.500330
-0.571664
-0.569554
-0.490527
-0.359938
-0.222299
-0.124300
-0.097000
-0.143985
-0.240028
-0.340754
-0.399617
-0.385714
-0.295620
-0.154734
-0.007607
0.099032
0.134091
0.093954
0.003818
-0.091962
-0.146861
-0.129992
-0.037941
0.103885
0.250931
0.356470
0.389412
0.346150
0.251894
0.151016
0.788186
0.598088
0.362779
0.171976
0.097672
0.166642
0.350225
0.575275
0.752118
0.808815
0.718660
0.510399
0.257273
0.049069
-0.042150
0.010456
0.178292
0.388273
0.550785
0.593946
0.491103
0.271052
0.007081
-0.210981
-0.311033
-0.266197
-0.105040
0.099381
0.257473
0.297371
0.192435
-0.028530
-0.292233
-0.508845
-0.606271
-0.557644
-0.391547
-0.181055
-0.015785
0.032370
-0.063264
-0.273917
-0.526340
-0.730748
-0.815095
-0.752564
-0.571794
-0.345918
-0.164613
-0.099836
-0.178325
-0.371380
-0.605820
-0.791931
-0.857740
-0.776503
-0.576932
-0.332235
-0.132163
-0.048747
-0.108799
-0.283691
-0.500313
-0.669025
-0.717918
-0.620318
-0.404999
-0.145233
0.069170
0.166122
0.118758
-0.044344
-0.250121
-0.408974
-0.449036
-0.343665
-0.121668
0.143659
0.362483
0.462698
0.417426
0.255238
0.049192
-0.111110
-0.153797
-0.052217
0.164839
0.424095
0.635740
0.727699
0.673125
0.500625
0.283300
0.110793
0.055026
0.142703
0.345086
0.588958
0.784568
0.859904
0.788186
0.598088
0.362779
0.171976
0.097672
0.166642
0.350225
0.575275
0.752118
0.808815
0.718660
0.510399
0.257273
0.049069
-0.042150
0.010456
0.178292
0.388273
0.550785
0.593946
0.491103
0.271052
0.007081
-0.210981
-0.311033
-0.266197
-0.105040
0.099381
0.257473
0.297371
0.192435
-0.028530
-0.292233
-0.508845
-0.606271
-0.557644
-0.391547
-0.181055
-0.015785
0.032370
-0.063264
-0.273917
-0.526340
-0.730748
-0.815095
-0.752564
-0.571794
-0.345918
-0.164613
-0.099836
-0.178325
-0.371380
-0.605820
-0.791931
-0.857740
-0.776503
-0.576932
-0.332235
-0.132163
-0.048747
-0.108799
-0.283691
-0.500313
-0.669025
-0.717918
-0.620318
-0.404999
-0.145233
0.069170
0.166122
0.118758
-0.044344
-0.250121
-0.408974
-0.449036
-0.343665
-0.121668
0.143659
0.362483
0.462698
0.417426
0.255238
0.049192
-0.111110
-0.153797
-0.052217
0.164839
0.424095
0.635740
0.727699
0.673125
0.500625
0.283300
0.110793
0.055026
0.142703
0.345086
0.588958
0.784568
0.859904