0.047424
0.117920
0.183272
0.239995
0.285671
0.319200
0.340710
0.351197
0.352050
0.344647
0.330149
0.309574
0.284040
0.255080
0.224821
0.195916
0.171211
0.153209
0.143521
0.142475
0.149032
0.161044
0.175773
0.190502
0.203050
0.212025
0.216782
0.217135
0.212975
0.203975
0.189523
0.168903
0.141675
0.108091
0.069357
0.027639
-0.014251
-0.053380
-0.087280
-0.114399
-0.134268
-0.147351
-0.154643
-0.157185
-0.155671
-0.150303
-0.140927
-0.127390
-0.109964
-0.089641
-0.068188
-0.047898
-0.031136
-0.019814
-0.014999
-0.016787
-0.024474
-0.036957
-0.053214
-0.072660
-0.095253
-0.121321
-0.151155
-0.184567
-0.220559
-0.257276
-0.292259
-0.322932
-0.347156
-0.363670
-0.372259
-0.373622
-0.368990
-0.359663
-0.346638
-0.330470
-0.311401
-0.289692
-0.265998
-0.241620
-0.218483
-0.198828
-0.184697
-0.177370
-0.176953
-0.182267
-0.191067
-0.200526
-0.207825
-0.210647
-0.207435
-0.197362
-0.180070
-0.155327
-0.122781
-0.081926
-0.032326
0.025989
0.092098
0.163944
0.238369
0.311483
0.379262
0.438218
0.485932
0.521301
0.544452
0.556378
0.558469
0.552099
0.538430
0.518478
0.493361
0.464612
0.434356
0.405248
0.380133
0.361515
0.351006
0.348933
0.354261
0.364840
0.377935
0.390831
0.401348
0.408096
0.410434
0.408175
0.401215
0.389230
0.371610
0.347641
0.316889
0.279608
0.237007
0.191257
0.145174
0.101694
0.063290
0.031518
0.006853
-0.011165
-0.023528
-0.031269
-0.035080
-0.035154
-0.031334
-0.023463
-0.011803
0.002656
0.018154
0.032403
0.043045
0.048175
0.046730
0.038621
0.024559
0.005651
-0.017072
-0.043018
-0.072143
-0.104764
-0.141169
-0.181160
-0.223735
-0.267032
-0.308586
-0.345813
-0.376569
-0.399586
-0.414643
-0.422431
-0.424176
-0.421171
-0.414409
-0.404437
-0.391490
-0.375823
-0.358088
-0.339578
-0.322211
-0.308224
-0.299654
-0.297773
-0.302684
-0.313203
-0.327077
-0.341477
-0.353577
-0.361057
-0.362354
-0.356637
-0.343544
-0.322839
-0.294166
-0.257014
-0.210944
-0.155984
-0.093049
-0.024195
0.539902
0.494499
0.442188
0.386512
0.330104
0.275022
0.223273
0.177220
0.139651
0.113413
0.100709
0.102310
0.117001
0.141495
0.170906
0.199674
0.222664
0.236107
0.238096
0.228533
0.208590
0.179937
0.144046
0.101841
0.053795
0.000408
-0.057175
-0.116704
-0.174751
-0.227138
-0.269732
-0.299369
-0.314587
-0.315897
-0.305510
-0.286611
-0.262431
-0.235457
-0.207042
-0.177526
-0.146780
-0.114944
-0.083029
-0.053135
-0.028184
-0.011244
-0.004700
-0.009585
-0.025306
-0.049897
-0.080678
-0.115082
-0.151340
-0.188772
-0.227565
-0.268160
-0.310485
-0.353344
-0.394240
-0.429711
-0.456093
-0.470449
-0.471344
-0.459189
-0.436055
-0.405032
-0.369375
-0.331758
-0.293890
-0.256602
-0.220322
-0.185702
-0.154097
-0.127657
-0.108938
-0.100141
-0.102251
-0.114376
-0.133565
-0.155198
-0.173847
-0.184342
-0.182716
-0.166742
-0.135944
-0.091149
-0.033810
0.034590
0.112816
0.199735
0.293823
0.392582
0.492149
0.587341
0.672213
0.741011
0.789253
0.814595
0.817211
0.799581
0.765767
0.720439
0.667980
0.611933
0.554931
0.499035
0.446250
0.398940
0.359896
0.331966
0.317354
0.316833
0.329191
0.351141
0.377802
0.403616
0.423451
0.433540
0.431981
0.418678
0.394808
0.362043
0.321862
0.275191
0.222507
0.164317
0.101767
0.037117
-0.026205
-0.084013
-0.132169
-0.167504
-0.188550
-0.195812
-0.191497
-0.178781
-0.160890
-0.140306
-0.118376
-0.095431
-0.071338
-0.046229
-0.021108
0.001930
0.019970
0.029953
0.029498
0.017582
-0.005198
-0.036869
-0.074741
-0.116242
-0.159597
-0.204117
-0.249983
-0.297629
-0.346976
-0.396820
-0.444659
-0.487023
-0.520242
-0.541372
-0.548970
-0.543442
-0.526852
-0.502282
-0.472983
-0.441622
-0.409901
-0.378647
-0.348279
-0.319445
-0.293494
-0.272571
-0.259225
-0.255653
-0.262835
-0.279873
-0.303812
-0.330027
-0.353086
-0.367813
-0.370239
-0.358131
-0.331011
-0.289700
-0.235650
-0.170340
-0.095001
-0.010765
0.080848
0.177342
0.274857
0.368211
0.451461
0.518856
0.565914
0.590292
0.592165
0.574015