0.548894
0.402708
0.214098
0.062169
0.011549
0.087675
0.267054
0.486213
0.665927
0.741459
0.687274
0.526777
0.323367
0.156207
0.089984
0.150198
0.313417
0.516235
0.679488
0.738507
0.667819
0.490897
0.271203
0.087965
0.005933
0.050670
0.198805
0.386991
0.536123
0.581585
0.497960
0.308772
0.077530
-0.116491
-0.208499
-0.172893
-0.033005
0.147848
0.290590
0.330632
0.242578
0.049968
-0.183675
-0.379066
-0.471407
-0.435096
-0.293470
-0.109850
0.036676
0.081504
-0.000781
-0.186661
-0.412640
-0.599464
-0.682368
-0.635788
-0.483100
-0.287671
-0.128632
-0.070640
-0.139161
-0.310731
-0.521909
-0.693502
-0.760803
-0.698311
-0.529464
-0.317692
-0.142194
-0.067688
-0.119706
-0.274850
-0.469745
-0.625259
-0.676752
-0.598783
-0.414852
-0.188448
0.001172
0.089234
0.050153
-0.092725
-0.276072
-0.420803
-0.462320
-0.375220
-0.183041
0.050695
0.246705
0.340187
0.305535
0.166079
-0.014868
-0.158229
-0.199412
-0.113017
0.077423
0.308393
0.500618
0.589314
0.548894
0.402708
0.214098
0.062169
0.011549
0.087675
0.267054
0.486213
0.665927
0.741459
0.687274
0.526777
0.323367
0.156207
0.089984
0.150198
0.313417
0.516235
0.679488
0.738507
0.667819
0.490897
0.271203
0.087965
0.005933
0.050670
0.198805
0.386991
0.536123
0.581585
0.497960
0.308772
0.077530
-0.116491
-0.208499
-0.172893
-0.033005
0.147848
0.290590
0.330632
0.242578
0.049968
-0.183675
-0.379066
-0.471407
-0.435096
-0.293470
-0.109850
0.036676
0.081504
-0.000781
-0.186661
-0.412640
-0.599464
-0.682368
-0.635788
-0.483100
-0.287671
-0.128632
-0.070640
-0.139161
-0.310731
-0.521909
-0.693502
-0.760803
-0.698311
-0.529464
-0.317692
-0.142194
-0.067688
-0.119706
-0.274850
-0.469745
-0.625259
-0.676752
-0.598783
-0.414852
-0.188448
0.001172
0.089234
0.050153
-0.092725
-0.276072
-0.420803
-0.462320
-0.375220
-0.183041
0.050695
0.246705
0.340187
0.305535
0.166079
-0.014868
-0.158229
-0.199412
-0.113017
0.077423
0.308393
0.500618
0.589314
0.548894
0.402708
0.214098
0.062169
0.011549
0.087675
0.267054
0.486213
0.665927
0.741459
0.687274
0.526777
0.323367
0.156207
0.089984
0.150198
0.313417
0.516235
0.679488
0.738507
0.667819
0.490897
0.271203
0.087965
0.005933
0.050670
0.198805
0.386991
0.536123
0.581585
0.497960
0.308772
0.077530
-0.116491
-0.208499
-0.172893
-0.033005
0.147848
0.290590
0.330632
0.242578
0.049968
-0.183675
-0.379066
-0.471407
-0.435096
-0.293470
-0.109850
0.036676
0.081504
-0.000781
-0.186661
-0.412640
-0.599464
-0.682368
-0.635788
-0.483100
-0.287671
-0.128632
-0.070640
-0.139161
-0.310731
-0.521909
-0.693502
-0.760803
-0.698311
-0.529464
-0.317692
-0.142194
-0.067688
-0.119706
-0.274850
-0.469745
-0.625259
-0.676752
-0.598783
-0.414852
-0.188448
0.001172
0.089234
0.050153
-0.092725
-0.276072
-0.420803
-0.462320
-0.375220
-0.183041
0.050695
0.246705
0.340187
0.305535
0.166079
-0.014868
-0.158229
-0.199412
-0.113017
0.077423
0.308393
0.500618
0.589314
0.548894
0.402708
0.214098
0.062169
0.011549
0.087675
0.267054
0.486213
0.665927
0.741459
0.687274
0.526777
0.323367
0.156207
0.089984
0.150198
0.313417
0.516235
0.679488
0.738507
0.667819
0.490897
0.271203
0.087965
0.005933
0.050670
0.198805
0.386991
0.536123
0.581585
0.497960
0.308772
0.077530
-0.116491
-0.208499
-0.172893
-0.033005
0.147848
0.290590
0.330632
0.242578
0.049968
-0.183675
-0.379066
-0.471407
-0.435096
-0.293470
-0.109850
0.036676
0.081504
-0.000781
-0.186661
-0.412640
-0.599464
-0.682368
-0.635788
-0.483100
-0.287671
-0.128632
-0.070640
-0.139161
-0.310731
-0.521909
-0.693502
-0.760803
-0.698311
-0.529464
-0.317692
-0.142194
-0.067688
-0.119706
-0.274850
-0.469745
-0.625259
-0.676752
-0.598783
-0.414852
-0.188448
0.001172
0.089234
0.050153
-0.092725
-0.276072
-0.420803
-0.462320
-0.375220
-0.183041
0.050695
0.246705
0.340187
0.305535
0.166079
-0.014868
-0.158229
-0.199412
-0.113017
0.077423
0.308393
0.500618
0.589314