0.326347
0.373937
0.406264
0.423482
0.426891
0.418416
0.400111
0.373868
0.341395
0.304417
0.264960
0.225546
0.189142
0.158834
0.137279
0.126126
0.125584
0.134307
0.149653
0.168246
0.186670
0.202074
0.212539
0.217091
0.215445
0.207601
0.193494
0.172850
0.145316
0.110802
0.069888
0.024116
-0.024001
-0.071274
-0.114396
-0.150574
-0.178039
-0.196274
-0.205885
-0.208185
-0.204653
-0.196461
-0.184245
-0.168186
-0.148344
-0.125096
-0.099481
-0.073309
-0.048952
-0.028891
-0.015175
-0.008984
-0.010450
-0.018805
-0.032786
-0.051147
-0.073069
-0.098330
-0.127148
-0.159787
-0.196065
-0.234980
-0.274601
-0.312291
-0.345201
-0.370874
-0.387748
-0.395402
-0.394474
-0.386292
-0.372385
-0.354064
-0.332211
-0.307369
-0.280050
-0.251120
-0.222073
-0.195044
-0.172502
-0.156718
-0.149146
-0.149950
-0.157836
-0.170242
-0.183847
-0.195217
-0.201395
-0.200253
-0.190542
-0.171670
-0.143361
-0.105372
-0.057415
0.000652
0.068451
0.144654
0.226720
0.310917
0.392708
0.467394
0.530864
0.580222
0.614112
0.632689
0.637251
0.629720
0.612151
0.586435
0.554279
0.517408
0.477848
0.438121
0.401194
0.370153
0.347657
0.335356
0.333459
0.340622
0.354204
0.370832
0.387090
0.400131
0.408037
0.409837
0.405249
0.394276
0.376855
0.352717
0.321511
0.283151
0.238222
0.188267
0.135806
0.084032
0.036255
-0.004727
-0.037140
-0.060461
-0.075293
-0.082943
-0.084884
-0.082283
-0.075771
-0.065523
-0.051594
-0.034353
-0.014836
0.005155
0.023254
0.036985
0.044306
0.044044
0.036072
0.021166
0.000594
-0.024391
-0.052964
-0.084896
-0.120397
-0.159725
-0.202694
-0.248293
-0.294584
-0.338925
-0.378460
-0.410724
-0.434151
-0.448312
-0.453838
-0.452051
-0.444476
-0.432414
-0.416744
-0.398001
-0.376691
-0.353675
-0.330442
-0.309118
-0.292171
-0.281862
-0.279641
-0.285669
-0.298644
-0.316000
-0.334411
-0.350439
-0.361122
-0.364327
-0.358801
-0.343948
-0.319488
-0.285173
-0.240715
-0.185964
-0.121298
-0.048040
0.031270
0.112905
0.192329
0.264846
0.491591
0.496819
0.486530
0.463794
0.431694
0.392889
0.349527
0.303505
0.256871
0.212150
0.172375
0.140760
0.120069
0.111902
0.116143
0.130796
0.152295
0.176221
0.198197
0.214702
0.223557
0.223959
0.216125
0.200716
0.178307
0.149110
0.113069
0.070257
0.021403
-0.031697
-0.086108
-0.138076
-0.183704
-0.219749
-0.244294
-0.257049
-0.259211
-0.252914
-0.240502
-0.223862
-0.204074
-0.181461
-0.156009
-0.127949
-0.098257
-0.068853
-0.042398
-0.021746
-0.009250
-0.006178
-0.012446
-0.026781
-0.047236
-0.071871
-0.099335
-0.129139
-0.161507
-0.196886
-0.235307
-0.275852
-0.316457
-0.354146
-0.385631
-0.408083
-0.419799
-0.420549
-0.411480
-0.394647
-0.372343
-0.346505
-0.318379
-0.288592
-0.257528
-0.225854
-0.194934
-0.166919
-0.144439
-0.129960
-0.125023
-0.129630
-0.141993
-0.158777
-0.175733
-0.188554
-0.193657
-0.188677
-0.172530
-0.145117
-0.106819
-0.058047
0.000951
0.069942
0.148263
0.234290
0.325059
0.416243
0.502585
0.578675
0.639887
0.683172
0.707483
0.713718
0.704222
0.682063
0.650327
0.611668
0.568237
0.521929
0.474796
0.429359
0.388654
0.355895
0.333849
0.324115
0.326580
0.339249
0.358559
0.380092
0.399473
0.413185
0.419051
0.416272
0.405066
0.386100
0.359949
0.326832
0.286696
0.239617
0.186329
0.128631
0.069466
0.012590
-0.038096
-0.079342
-0.109226
-0.127455
-0.135217
-0.134643
-0.128071
-0.117382
-0.103649
-0.087192
-0.067988
-0.046262
-0.022986
-0.000072
0.019826
0.033859
0.039681
0.036031
0.022999
0.001865
-0.025417
-0.056900
-0.091228
-0.127903
-0.167144
-0.209390
-0.254666
-0.302047
-0.349461
-0.393927
-0.432150
-0.461294
-0.479650
-0.486981
-0.484427
-0.474036
-0.458097
-0.438538
-0.416602
-0.392907
-0.367832
-0.342039
-0.316884
-0.294515
-0.277553
-0.268462
-0.268778
-0.278493
-0.295820
-0.317414
-0.339025
-0.356338
-0.365769
-0.364946
-0.352784
-0.329176
-0.294502
-0.249170
-0.193421
-0.127489
-0.052031
0.031330
0.119632
0.208554
0.292838
0.367077
0.426646
0.468499