-0.001056
0.067534
0.133166
0.192162
0.241728
0.280326
0.307694
0.324549
0.332108
0.331614
0.324058
0.310169
0.290657
0.266574
0.239604
0.212124
0.186961
0.166892
0.154042
0.149379
0.152481
0.161672
0.174465
0.188188
0.200564
0.210077
0.216013
0.218217
0.216687
0.211198
0.201133
0.185588
0.163735
0.135289
0.100888
0.062229
0.021866
-0.017265
-0.052468
-0.081827
-0.104505
-0.120704
-0.131313
-0.137407
-0.139773
-0.138659
-0.133825
-0.124865
-0.111663
-0.094798
-0.075704
-0.056528
-0.039711
-0.027427
-0.021100
-0.021153
-0.027075
-0.037788
-0.052148
-0.069396
-0.089381
-0.112476
-0.139215
-0.169802
-0.203689
-0.239399
-0.274668
-0.306886
-0.333680
-0.353434
-0.365585
-0.370580
-0.369551
-0.363819
-0.354450
-0.342008
-0.326605
-0.308210
-0.287076
-0.264095
-0.240910
-0.219713
-0.202763
-0.191792
-0.187487
-0.189237
-0.195236
-0.202901
-0.209464
-0.212539
-0.210477
-0.202414
-0.188044
-0.167245
-0.139740
-0.104961
-0.062197
-0.010975
0.048455
0.114749
0.185356
0.256758
0.325015
0.386447
0.438258
0.478907
0.508129
0.526641
0.535656
0.536419
0.529918
0.516880
0.498014
0.474374
0.447641
0.420193
0.394857
0.374409
0.360977
0.355526
0.357637
0.365635
0.377033
0.389161
0.399745
0.407268
0.411020
0.410848
0.406751
0.398508
0.385504
0.366837
0.341685
0.309764
0.271715
0.229240
0.184896
0.141622
0.102121
0.068311
0.041033
0.020091
0.004600
-0.006510
-0.014022
-0.018177
-0.018732
-0.015273
-0.007682
0.003471
0.016755
0.030030
0.040861
0.047079
0.047266
0.041007
0.028816
0.011780
-0.008953
-0.032615
-0.059052
-0.088628
-0.121871
-0.158980
-0.199400
-0.241647
-0.283450
-0.322194
-0.355498
-0.381742
-0.400354
-0.411777
-0.417133
-0.417741
-0.414658
-0.408443
-0.399201
-0.386895
-0.371773
-0.354720
-0.337374
-0.321920
-0.310613
-0.305179
-0.306298
-0.313356
-0.324539
-0.337261
-0.348749
-0.356611
-0.359194
-0.355628
-0.345605
-0.328998
-0.305525
-0.274614
-0.235550
-0.187858
-0.131783
-0.068666
0.512971
0.456655
0.397059
0.337439
0.280053
0.226666
0.179126
0.139694
0.110939
0.095196
0.093765
0.106179
0.129835
0.160198
0.191566
0.218185
0.235378
0.240342
0.232384
0.212561
0.182915
0.145606
0.102278
0.053879
0.000964
-0.055695
-0.114471
-0.172555
-0.226100
-0.270865
-0.303147
-0.320698
-0.323276
-0.312653
-0.292052
-0.265212
-0.235417
-0.204815
-0.174252
-0.143650
-0.112738
-0.081831
-0.052330
-0.026730
-0.008120
0.000647
-0.002198
-0.016795
-0.041627
-0.074011
-0.110933
-0.149905
-0.189529
-0.229561
-0.270453
-0.312577
-0.355444
-0.397232
-0.434851
-0.464536
-0.482787
-0.487321
-0.477716
-0.455503
-0.423704
-0.385987
-0.345747
-0.305442
-0.266406
-0.229151
-0.193994
-0.161706
-0.133867
-0.112751
-0.100719
-0.099335
-0.108527
-0.126108
-0.147890
-0.168369
-0.181806
-0.183350
-0.169874
-0.140275
-0.095212
-0.036441
0.033944
0.114062
0.202360
0.297294
0.396738
0.497426
0.594720
0.682908
0.756004
0.808849
0.838170
0.843259
0.826051
0.790576
0.741989
0.685488
0.625481
0.565225
0.506977
0.452505
0.403657
0.362696
0.332191
0.314479
0.310864
0.320879
0.341925
0.369468
0.397810
0.421199
0.434961
0.436298
0.424519
0.400686
0.366845
0.325158
0.277276
0.224149
0.166338
0.104621
0.040628
-0.022826
-0.081888
-0.132313
-0.170392
-0.193870
-0.202501
-0.198050
-0.183735
-0.163287
-0.139984
-0.115969
-0.092080
-0.068234
-0.044152
-0.020143
0.002400
0.020987
0.032537
0.034205
0.024227
0.002471
-0.029539
-0.069113
-0.113230
-0.159394
-0.206202
-0.253400
-0.301435
-0.350672
-0.400614
-0.449433
-0.494030
-0.530636
-0.555742
-0.567059
-0.564159
-0.548564
-0.523293
-0.492006
-0.458090
-0.423998
-0.391059
-0.359778
-0.330466
-0.303887
-0.281618
-0.265926
-0.259167
-0.262900
-0.277046
-0.299416
-0.325815
-0.350737
-0.368435
-0.374057
-0.364471
-0.338570
-0.297008
-0.241540
-0.174255
-0.097032
-0.011421
0.081037
0.178220
0.276861
0.372326
0.458905
0.530613
0.582292
0.610670
0.615041
0.597341
0.561599