0.005359
0.075082
0.141619
0.201247
0.251149
0.289780
0.316881
0.333186
0.339931
0.338396
0.329619
0.314395
0.293514
0.268116
0.239970
0.211524
0.185649
0.165140
0.152105
0.147473
0.150771
0.160264
0.173410
0.187490
0.200184
0.209936
0.215994
0.218167
0.216419
0.210503
0.199798
0.183419
0.160582
0.131065
0.095581
0.055899
0.014638
-0.025223
-0.060961
-0.090650
-0.113455
-0.129581
-0.139923
-0.145558
-0.147284
-0.145365
-0.139594
-0.129607
-0.115348
-0.097453
-0.077411
-0.057409
-0.039908
-0.027090
-0.020372
-0.020161
-0.025939
-0.036624
-0.051071
-0.068521
-0.088820
-0.112320
-0.139523
-0.170588
-0.204916
-0.240980
-0.276480
-0.308786
-0.335519
-0.355072
-0.366895
-0.371450
-0.369881
-0.363519
-0.353444
-0.340240
-0.324053
-0.304901
-0.283094
-0.259581
-0.236053
-0.214729
-0.197873
-0.187196
-0.183345
-0.185656
-0.192268
-0.200548
-0.207682
-0.211241
-0.209537
-0.201666
-0.187283
-0.166230
-0.138207
-0.102644
-0.058855
-0.006422
0.054329
0.121961
0.193828
0.266327
0.335451
0.397475
0.449580
0.490217
0.519127
0.537040
0.545194
0.544864
0.537089
0.522662
0.502372
0.477359
0.449392
0.420918
0.394809
0.373859
0.360177
0.354693
0.356934
0.365166
0.376851
0.389267
0.400099
0.407791
0.411594
0.411320
0.406933
0.398190
0.384473
0.364900
0.338690
0.305624
0.266419
0.222847
0.177531
0.133455
0.093346
0.059132
0.031655
0.010714
-0.004581
-0.015304
-0.022245
-0.025666
-0.025352
-0.020935
-0.012354
-0.000238
0.013930
0.027967
0.039418
0.046108
0.046627
0.040572
0.028468
0.011404
-0.009470
-0.033389
-0.060190
-0.090221
-0.123976
-0.161609
-0.202514
-0.245158
-0.287233
-0.326104
-0.359384
-0.385461
-0.403778
-0.414791
-0.419636
-0.419640
-0.415875
-0.408919
-0.398914
-0.385869
-0.370089
-0.352517
-0.334838
-0.319266
-0.308059
-0.302923
-0.304497
-0.312115
-0.323909
-0.337240
-0.349290
-0.357627
-0.360556
-0.357168
-0.347115
-0.330234
-0.306221
-0.274504
-0.234390
-0.185458
-0.128032
-0.063545
0.525485
0.472589
0.415085
0.356327
0.298711
0.244136
0.194558
0.152339
0.120189
0.100659
0.095372
0.104262
0.125151
0.153866
0.184925
0.212600
0.232037
0.240107
0.235710
0.219515
0.193258
0.158905
0.118009
0.071476
0.019818
-0.036272
-0.095293
-0.154562
-0.210312
-0.258264
-0.294537
-0.316565
-0.323708
-0.317336
-0.300349
-0.276303
-0.248452
-0.219033
-0.189038
-0.158515
-0.127251
-0.095532
-0.064680
-0.037112
-0.015905
-0.004011
-0.003406
-0.014514
-0.036104
-0.065714
-0.100439
-0.137779
-0.176240
-0.215458
-0.255809
-0.297683
-0.340694
-0.383181
-0.422194
-0.454020
-0.475077
-0.482861
-0.476627
-0.457560
-0.428390
-0.392607
-0.353557
-0.313765
-0.274679
-0.236925
-0.200882
-0.167325
-0.137823
-0.114664
-0.100321
-0.096587
-0.103727
-0.119948
-0.141418
-0.162874
-0.178635
-0.183718
-0.174699
-0.150094
-0.110170
-0.056350
0.009521
0.085733
0.170873
0.263545
0.361807
0.462599
0.561471
0.652805
0.730557
0.789317
0.825383
0.837502
0.827033
0.797510
0.753733
0.700726
0.642888
0.583569
0.525169
0.469586
0.418778
0.375108
0.341286
0.319867
0.312474
0.319044
0.337401
0.363374
0.391485
0.416008
0.432093
0.436612
0.428471
0.408341
0.377963
0.339308
0.293930
0.242742
0.186260
0.125183
0.061015
-0.003557
-0.064756
-0.118303
-0.160308
-0.188201
-0.201336
-0.201076
-0.190316
-0.172606
-0.151193
-0.128308
-0.104936
-0.081120
-0.056638
-0.031773
-0.007836
0.012761
0.026947
0.031778
0.025285
0.007050
-0.021688
-0.058460
-0.100355
-0.144865
-0.190488
-0.236854
-0.284333
-0.333305
-0.383381
-0.432889
-0.478875
-0.517618
-0.545530
-0.560098
-0.560573
-0.548131
-0.525497
-0.496154
-0.463443
-0.429879
-0.396909
-0.365150
-0.334974
-0.307153
-0.283248
-0.265544
-0.256506
-0.257922
-0.270055
-0.291103
-0.317232
-0.343173
-0.363242
-0.372449
-0.367369
-0.346513
-0.310144
-0.259682
-0.196968
-0.123708
-0.041315
0.048820
0.144757
0.243438
0.340415
0.430073
0.506368
0.563893
0.598946
0.610275
0.599242
0.569378