-0.031910
-0.033867
-0.023863
-0.019821
-0.020265
-0.023128
-0.031562
-0.006873
0.001832
0.002045
0.005199
-0.016676
-0.000276
-0.053548
-0.008606
0.077921
-0.014164
-0.065700
-0.022994
0.037772
0.076662
0.079128
0.073598
0.000026
-0.038512
-0.136089
-0.095833
-0.018041
0.023462
0.035782
0.064523
0.054064
0.050049
0.161743
-0.186508
-0.253736
-0.153429
-0.076395
0.284371
0.178920
-0.227069
-0.055004
0.182348
-0.293442
-0.341387
-0.082304
0.002000
0.162823
-0.226188
-0.024956
0.292585
0.082359
0.009781
-0.098875
-0.174501
-0.013569
0.084122
0.063846
0.208418
0.202100
0.032650
0.086308
0.122137
-0.043854
-0.000585
-0.045689
0.000907
-0.001136
-0.141606
-0.088830
0.002686
0.026851
0.027847
0.020355
0.013217
0.037116
0.036171
-0.012017
-0.017919
-0.028322
0.004225
0.023701
0.000094
-0.000412
0.022291
0.015064
-0.000564
0.001749
-0.004949
0.013055
0.008811
0.007381
0.003920
0.006956
0.011731
0.029080
0.030116
0.020106
0.017729
0.013800
0.009804
-0.004319
-0.009331
0.023415
0.020177
0.005022
0.018840
0.024565
0.033442
-0.000521
-0.037704
-0.007126
0.007926
-0.009032
0.020977
0.020680
0.041530
-0.018384
-0.032549
0.022040
-0.004460
0.009649
0.033916
0.088462
0.089002
-0.083983
-0.081446
0.115136
0.133510
-0.126269
-0.104355
0.122200
0.042751
0.208902
0.009632
-0.273814
-0.139651
-0.197174
-0.071824
-0.007968
0.057165
0.321393
0.159446
-0.309046
-0.086791
0.298391
-0.145120
-0.381612
-0.257213
0.002654
0.378358
0.278397
0.148725
0.176450
0.068409
0.218747
0.155244
-0.145155
-0.236375
-0.026276
0.119712
-0.032249
-0.068938
-0.076331
0.086466
-0.028872
-0.062063
0.070982
-0.060010
0.054573
0.028498
-0.032207
-0.040883
0.020950
0.019946
-0.046320
-0.024535
-0.071283
0.014221
-0.019962
-0.061328
-0.021615
-0.027264
-0.012959
-0.008038
-0.003779
-0.018085
-0.000462
-0.008576
-0.000834
-0.007596
-0.026585
-0.016791
-0.026959
-0.021071
-0.012721
-0.011104
-0.009382
0.012596
0.017152
0.000302
-0.007047
-0.008533
-0.010688
-0.036577
-0.040240
-0.027869
-0.010941
-0.043633
-0.058276
-0.005389
0.003039
0.023566
-0.014669
-0.027348
-0.009781
-0.050511
0.010932
0.018510
-0.045968
-0.030931
0.016156
0.114542
0.019670
-0.047351
0.079240
0.115009
0.087810
0.024644
0.037743
-0.016218
-0.163767
-0.146933
0.032099
0.113619
-0.102166
-0.228434
-0.223549
-0.004834
0.134887
0.043488
0.019217
-0.103270
0.045482
-0.161893
-0.131769
0.052650
-0.297262
-0.134902
-0.049824
0.010089
-0.182441
-0.043202
0.287413
0.259875
0.272128
-0.044727
0.071374
0.130157
0.177418
0.057545
-0.058278
-0.004328
-0.036811
0.027455
-0.072332
0.086534
0.145726
0.081260
0.039047
-0.012921
-0.010261
-0.057091
-0.023291
-0.065932
-0.049874
-0.024655
-0.008691
0.004453
-0.010895
0.006731
-0.012314
-0.010295
-0.026395
-0.008932
-0.007522
-0.005699
0.004416
0.000038
-0.002679
-0.007340
0.005169
0.006191
-0.008449
-0.018850
-0.019145
-0.001078
0.005065
0.012797
0.021097
0.025036
0.017791
0.006674
0.016371
0.011358
0.004583
-0.016901
0.005890
0.010468
-0.053387
-0.034133
0.037718
-0.007629
-0.013028
0.023005
-0.034002
-0.017616
-0.007204
-0.054139
-0.054968
-0.038074
-0.053736
0.065297
-0.036783
-0.104392
0.082161
-0.186681
-0.004367
0.158861
-0.172813
-0.269594
-0.120440
0.082699
0.236427
0.154244
-0.137984
0.084133
-0.065178
-0.206863
-0.056870
-0.046572
-0.085072
-0.084825
0.065140
-0.074089
-0.225707
-0.123505
0.046403
0.049110
0.013386
0.102029
0.169317
0.100271
-0.114564
-0.114455
0.105928
-0.088455
-0.062562
0.062953
0.018240
0.117647
0.028110
-0.026845
0.014186
0.093023
0.081506
0.031987
-0.034153
-0.019683
0.090266
0.049065
0.065886
0.026574
0.030662
0.069269
0.060728
0.020198
-0.017925
0.013603
-0.012995
0.031285
0.027499
0.033450
0.043188
0.023151
0.016371
0.009941
0.004300
-0.009700
0.013891
0.018321
0.024918
0.020320
0.019618
0.029767
0.025318
0.026299
0.033310
0.032704
0.022572
0.015337
0.013432
0.001524
0.011879
0.006210
0.026292
0.044364
0.006297
-0.002382
0.022649
0.046884
-0.008405
-0.035125
0.016727
0.013641
0.007015
0.051565
-0.013483
-0.008125
0.074757
-0.062962
-0.036447
-0.046094
-0.201359
0.077308
0.113039
0.055246
0.298454
0.015392
-0.151242
-0.018968
-0.115382
0.093726
0.047600
0.155386
0.339088
0.158605
0.161116
-0.073502
-0.256500
-0.086000
0.244622
0.097467
-0.135452
-0.096107
0.035808
0.034030
0.003669
0.003638
-0.184037
0.060898
-0.049421
0.039143
0.152691
-0.190502
0.162546
0.085273
0.002649
-0.102854
-0.238825
0.057646
0.090722
-0.060572
-0.138976
-0.061579
-0.035245
0.005597
-0.032829
-0.035099
0.000342
-0.086683
-0.088635
-0.012503
-0.007418
0.025445
0.008366
-0.025167
0.005822
0.006775
-0.006569
0.006226
-0.011755
-0.022970
-0.005866
-0.015358
-0.024090
-0.022320
-0.038783
-0.029125
-0.022894
-0.028182
-0.020964
-0.019805
-0.021014
-0.015686
-0.019497
-0.031423
-0.027748
-0.015680
-0.007173
-0.009215
-0.009976
-0.021680
-0.021441
-0.034083
-0.033379
-0.027425
-0.000038
0.019149
-0.024275
-0.027833
-0.030304
-0.036733
-0.014627
-0.014324
0.008233
0.013327
-0.007904
0.034513
0.040829
-0.005359
-0.000799
0.137722
-0.006288
-0.022134
-0.055587
-0.177521
0.176857
0.146363
0.082501
-0.001285
-0.062443
0.070653
0.013972
-0.167161
-0.348323
-0.108856
0.149109
0.122612
-0.013088
-0.126532
-0.015599
-0.003852
-0.191189
-0.350685
-0.248489
-0.142707
-0.007897
0.151849
0.039949
0.077999
0.131329
0.051960
0.127079
-0.030597
-0.261334
-0.086271
-0.011935
0.144580
0.228826
0.104625
0.134948
0.099587
0.108599
0.103526
-0.000307
-0.029459
-0.011285
0.039846
0.019958
0.021738
0.007504
-0.035417
-0.006433
0.009205
-0.016440
-0.016592
-0.017824
-0.030549
-0.005973
-0.006214
0.004732
0.023999
0.023504
0.017291
0.032087
0.025950
-0.000139
-0.010801
-0.017905
-0.003713
0.007297
0.005962
0.009650
0.023837
0.037690
0.038607
0.031195
0.025715
0.030483
0.023231
0.004751
-0.000544
0.010915
0.009808
0.007463
0.023769
0.027938
0.029496
0.016182
0.039940
0.020716
-0.001676
-0.092216
-0.074787
0.062167
0.029045
0.044879
-0.005632
-0.043203
-0.070771
0.016016
0.091480
0.052684
0.116456
-0.021198
-0.159550
-0.014593
0.051567
0.034549
-0.005345
-0.018901
0.225490
0.038372
-0.247297
-0.096730
-0.093978
-0.125794
0.137114
-0.013343
0.033006
0.323545
-0.364654
-0.089244
0.277834
0.003315
-0.082571
-0.204611
0.052067
0.158384
0.292836
-0.114023
-0.125498
0.056628
0.057484
0.311628
0.015218
-0.013101
0.114604
0.168377
0.060765
-0.053596
-0.062403
-0.045915
-0.028369
-0.150510
-0.051559
0.011956
0.017393
0.063095
0.048441
0.005251
0.048229
0.019142
-0.076951
-0.078420
-0.074036
-0.045349
-0.034204
-0.022316
-0.010020
0.006156
0.003639
-0.014362
-0.022019
-0.027277
-0.015917
-0.018243
-0.015400
-0.013938
-0.015676
-0.014182
-0.016484
-0.016600
-0.007451
-0.013910
-0.023355
-0.025058
-0.017333
-0.017487
-0.022998
-0.010826
-0.008821
-0.015483
-0.020314
-0.026977
-0.031403
-0.011843
-0.020690
-0.040196
-0.065605
-0.058822
-0.019015
-0.033700
-0.004315
0.025039
-0.073286
-0.111237
-0.045095
-0.126567
0.045403
0.142713
0.039286
-0.084702
-0.172362
-0.004256
-0.026347
-0.003630
-0.043705
-0.163859
-0.059505
0.114863
0.208933
0.097396
-0.272324
-0.008015
0.355559
-0.005757
-0.153123
0.105222
0.146377
0.368428
0.460414
-0.221787
-0.091636
0.295889
0.073211
0.015835
-0.254831
-0.307025
-0.118451
-0.111363
-0.170808
-0.105042
0.014702
-0.086051
0.162622
0.103427
-0.017162
0.053542
-0.036991
-0.011401
0.017388
0.065378
0.108091
0.122517
-0.011184
0.061816
0.117554
-0.020496
-0.023015
0.026540
-0.021144
-0.041851
-0.011023
-0.044905
0.004061
-0.017183
-0.023838
0.046540
0.007705
-0.019998
-0.028836
-0.026593
-0.031938
-0.014860
-0.025693
-0.028297
-0.006825
-0.009011
0.004312
-0.026849
-0.041891
-0.035763
-0.032862
-0.043222
-0.042435
-0.039824
-0.024338
-0.007939
-0.015736
-0.016395
-0.007964
0.007876
0.004698
0.004883
-0.012297
-0.022024
-0.025635
-0.015777
0.014734
-0.002335
-0.017154
-0.038734
0.000938
0.054985
-0.078898
-0.145253
-0.061731
0.032493
0.105849
-0.004476
-0.087331
-0.043342
-0.154366
0.073075
0.142877
-0.137766
0.073044
-0.028402
0.035496
0.204762
-0.090328
-0.169925
-0.099367
0.205136
0.077738
-0.104373
0.099577
0.118473
0.380333
0.256849
-0.223903
-0.300240
0.049592
0.200104
0.228156
0.015749
-0.259660
0.110661
-0.021608
-0.216248
-0.116912
-0.173314
-0.160611
0.050590
0.183911
0.064222
-0.050020
-0.163283
0.023565
0.049179
-0.020602
0.006139
-0.086866
-0.072064
-0.084560
-0.067475
-0.082742
-0.041820
-0.072346
-0.040630
0.028834
0.000544
0.011457
-0.029243
-0.005129
0.025537
0.028885
0.012584
-0.005718
-0.000427
0.002125
0.009522
-0.002113
-0.005293
-0.002542
0.002727
0.015882
0.004674
-0.014970
-0.019539
-0.018099
-0.010065
-0.002502
-0.011157
-0.012948
-0.011883
-0.011805
-0.015448
-0.026612
-0.021795
-0.007998
0.010901
0.012228
-0.001763
0.000588
-0.015944
-0.017172
-0.000032
0.024662
0.015793
-0.042491
-0.063200
-0.014895
0.018410
0.003305
0.046999
0.040366
0.025257
0.010076
-0.070537
-0.004902
0.077478
0.116668
0.063831
-0.030733
-0.011196
-0.065777
-0.073761
0.138304
0.165726
0.037336
0.033138
0.090489
0.119231
0.018507
0.090934
-0.049784
-0.015184
0.302039
-0.000549
-0.091675
-0.096955
-0.161340
-0.224011
-0.093653
0.306804
-0.105702
-0.134019
0.137468
0.056523
-0.046708
-0.061909
-0.024414
0.020683
0.062425
-0.131972
-0.010589
-0.003727
-0.093849
-0.089561
-0.104899
0.037194
0.082726
0.071137
0.050112
0.071596
0.065300
0.008407
-0.020095
-0.068427
-0.009814
-0.039363
-0.054930
-0.023315
-0.020596
-0.004711
0.022609
0.021389
0.002840
0.008462
-0.008469
-0.018087
-0.022311
-0.023923
-0.021369
-0.021493
-0.012977
-0.008852
-0.015328
-0.020549
-0.023440
-0.015703
-0.013684
-0.008177
-0.009300
0.004440
0.007982
-0.002268
-0.003855
-0.001365
-0.001849
-0.005696
-0.007917
-0.010807
-0.015084
-0.014154
0.001321
0.010395
0.001602
0.011344
0.017672
-0.006436
-0.021341
-0.016420
-0.012435
-0.007221
0.008858
-0.013720
-0.023685
-0.009926
-0.007691
0.000087
-0.000656
0.001364
0.007247
0.008823
0.002256
0.003064
0.004318
0.000815
0.001608
0.001620
0.003502
0.004936
0.004872
0.004777
0.003542
0.000554
0.001445
0.002897
0.001551
0.003287
0.001939
-0.002102
-0.002678
-0.001160
-0.000859
0.002080
0.004593
0.002475
0.001451
0.001348
0.001015
-0.000490
0.001070
0.001608
0.000149
0.000106
0.000540
0.000408
-0.000007
-0.000355
-0.000174
0.001187
0.002284
0.002376
0.002502
0.002805
0.002218
0.001404
0.001151
0.001838
0.002257
0.002479
0.002146
0.001710
0.001376
0.001506
0.001655
0.001644
0.001224
0.000889
0.000854
0.000873
0.000734
0.000909
0.001103
0.001063
0.000833
0.000667
0.000573
0.000636
0.000866
0.000967
0.000819
0.000542
0.000390
0.000332
0.000421
0.000510
0.000446
0.000193
-0.000055
-0.000164
-0.000074
0.000013
0.000009
-0.000017
-0.000122
-0.000149
0.000028
0.000131
0.000140
0.000053
-0.000178
-0.000326
-0.000187
-0.000071
-0.000044
0.000044
-0.000071
-0.000243
-0.000242
-0.000174
-0.000186
-0.000092
-0.031910
-0.033867
-0.023863
-0.019821
-0.020265
-0.023128
-0.031562
-0.006873
0.001832
0.002045
0.005199
-0.016676
-0.000276
-0.053548
-0.008606
0.077921
-0.014164
-0.065700
-0.022994
0.037772
0.076662
0.079128
0.073598
0.000026
-0.038512
-0.136089
-0.095833
-0.018041
0.023462
0.035782
0.064523
0.054064
0.050049
0.161743
-0.186508
-0.253736
-0.153429
-0.076395
0.284371
0.178920
-0.227069
-0.055004
0.182348
-0.293442
-0.341387
-0.082304
0.002000
0.162823
-0.226188
-0.024956
0.292585
0.082359
0.009781
-0.098875
-0.174501
-0.013569
0.084122
0.063846
0.208418
0.202100
0.032650
0.086308
0.122137
-0.043854
-0.000585
-0.045689
0.000907
-0.001136
-0.141606
-0.088830
0.002686
0.026851
0.027847
0.020355
0.013217
0.037116
0.036171
-0.012017
-0.017919
-0.028322
0.004225
0.023701
0.000094
-0.000412
0.022291
0.015064
-0.000564
0.001749
-0.004949
0.013055
0.008811
0.007381
0.003920
0.006956
0.011731
0.029080
0.030116
0.020106
0.017729
0.013800
0.009804
-0.004319
-0.009331
0.023415
0.020177
0.005022
0.018840
0.024565
0.033442
-0.000521
-0.037704
-0.007126
0.007926
-0.009032
0.020977
0.020680
0.041530
-0.018384
-0.032549
0.022040
-0.004460
0.009649
0.033916
0.088462
0.089002
-0.083983
-0.081446
0.115136
0.133510
-0.126269
-0.104355
0.122200
0.042751
0.208902
0.009632
-0.273814
-0.139651
-0.197174
-0.071824
-0.007968
0.057165
0.321393
0.159446
-0.309046
-0.086791
0.298391
-0.145120
-0.381612
-0.257213
0.002654
0.378358
0.278397
0.148725
0.176450
0.068409
0.218747
0.155244
-0.145155
-0.236375
-0.026276
0.119712
-0.032249
-0.068938
-0.076331
0.086466
-0.028872
-0.062063
0.070982
-0.060010
0.054573
0.028498
-0.032207
-0.040883
0.020950
0.019946
-0.046320
-0.024535
-0.071283
0.014221
-0.019962
-0.061328
-0.021615
-0.027264
-0.012959
-0.008038
-0.003779
-0.018085
-0.000462
-0.008576
-0.000834
-0.007596
-0.026585
-0.016791
-0.026959
-0.021071
-0.012721
-0.011104
-0.009382
0.012596
0.017152
0.000302
-0.007047
-0.008533
-0.010688
-0.036577
-0.040240
-0.027869
-0.010941
-0.043633
-0.058276
-0.005389
0.003039
0.023566
-0.014669
-0.027348
-0.009781
-0.050511
0.010932
0.018510
-0.045968
-0.030931
0.016156
0.114542
0.019670
-0.047351
0.079240
0.115009
0.087810
0.024644
0.037743
-0.016218
-0.163767
-0.146933
0.032099
0.113619
-0.102166
-0.228434
-0.223549
-0.004834
0.134887
0.043488
0.019217
-0.103270
0.045482
-0.161893
-0.131769
0.052650
-0.297262
-0.134902
-0.049824
0.010089
-0.182441
-0.043202
0.287413
0.259875
0.272128
-0.044727
0.071374
0.130157
0.177418
0.057545
-0.058278
-0.004328
-0.036811
0.027455
-0.072332
0.086534
0.145726
0.081260
0.039047
-0.012921
-0.010261
-0.057091
-0.023291
-0.065932
-0.049874
-0.024655
-0.008691
0.004453
-0.010895
0.006731
-0.012314
-0.010295
-0.026395
-0.008932
-0.007522
-0.005699
0.004416
0.000038
-0.002679
-0.007340
0.005169
0.006191
-0.008449
-0.018850
-0.019145
-0.001078
0.005065
0.012797
0.021097
0.025036
0.017791
0.006674
0.016371
0.011358
0.004583
-0.016901
0.005890
0.010468
-0.053387
-0.034133
0.037718
-0.007629
-0.013028
0.023005
-0.034002
-0.017616
-0.007204
-0.054139
-0.054968
-0.038074
-0.053736
0.065297
-0.036783
-0.104392
0.082161
-0.186681
-0.004367
0.158861
-0.172813
-0.269594
-0.120440
0.082699
0.236427
0.154244
-0.137984
0.084133
-0.065178
-0.206863
-0.056870
-0.046572
-0.085072
-0.084825
0.065140
-0.074089
-0.225707
-0.123505
0.046403
0.049110
0.013386
0.102029
0.169317
0.100271
-0.114564
-0.114455
0.105928
-0.088455
-0.062562
0.062953
0.018240
0.117647
0.028110
-0.026845
0.014186
0.093023
0.081506
0.031987
-0.034153
-0.019683
0.090266
0.049065
0.065886
0.026574
0.030662
0.069269
0.060728
0.020198
-0.017925
0.013603
-0.012995
0.031285
0.027499
0.033450
0.043188
0.023151
0.016371
0.009941
0.004300
-0.009700
0.013891
0.018321
0.024918
0.020320
0.019618
0.029767
0.025318
0.026299
0.033310
0.032704
0.022572
0.015337
0.013432
0.001524
0.011879
0.006210
0.026292
0.044364
0.006297
-0.002382
0.022649
0.046884
-0.008405
-0.035125
0.016727
0.013641
0.007015
0.051565
-0.013483
-0.008125
0.074757
-0.062962
-0.036447
-0.046094
-0.201359
0.077308
0.113039
0.055246
0.298454
0.015392
-0.151242
-0.018968
-0.115382
0.093726
0.047600
0.155386
0.339088
0.158605
0.161116
-0.073502
-0.256500
-0.086000
0.244622
0.097467
-0.135452
-0.096107
0.035808
0.034030
0.003669
0.003638
-0.184037
0.060898
-0.049421
0.039143
0.152691
-0.190502
0.162546
0.085273
0.002649
-0.102854
-0.238825
0.057646
0.090722
-0.060572
-0.138976
-0.061579
-0.035245
0.005597
-0.032829
-0.035099
0.000342
-0.086683
-0.088635
-0.012503
-0.007418
0.025445
0.008366
-0.025167
0.005822
0.006775
-0.006569
0.006226
-0.011755
-0.022970
-0.005866
-0.015358
-0.024090
-0.022320
-0.038783
-0.029125
-0.022894
-0.028182
-0.020964
-0.019805
-0.021014
-0.015686
-0.019497
-0.031423
-0.027748
-0.015680
-0.007173
-0.009215
-0.009976
-0.021680
-0.021441
-0.034083
-0.033379
-0.027425
-0.000038
0.019149
-0.024275
-0.027833
-0.030304
-0.036733
-0.014627
-0.014324
0.008233
0.013327
-0.007904
0.034513
0.040829
-0.005359
-0.000799
0.137722
-0.006288
-0.022134
-0.055587
-0.177521
0.176857
0.146363
0.082501
-0.001285
-0.062443
0.070653
0.013972
-0.167161
-0.348323
-0.108856
0.149109
0.122612
-0.013088
-0.126532
-0.015599
-0.003852
-0.191189
-0.350685
-0.248489
-0.142707
-0.007897
0.151849
0.039949
0.077999
0.131329
0.051960
0.127079
-0.030597
-0.261334
-0.086271
-0.011935
0.144580
0.228826
0.104625
0.134948
0.099587
0.108599
0.103526
-0.000307
-0.029459
-0.011285
0.039846
0.019958
0.021738
0.007504
-0.035417
-0.006433
0.009205
-0.016440
-0.016592
-0.017824
-0.030549
-0.005973
-0.006214
0.004732
0.023999
0.023504
0.017291
0.032087
0.025950
-0.000139
-0.010801
-0.017905
-0.003713
0.007297
0.005962
0.009650
0.023837
0.037690
0.038607
0.031195
0.025715
0.030483
0.023231
0.004751
-0.000544
0.010915
0.009808
0.007463
0.023769
0.027938
0.029496
0.016182
0.039940
0.020716
-0.001676
-0.092216
-0.074787
0.062167
0.029045
0.044879
-0.005632
-0.043203
-0.070771
0.016016
0.091480
0.052684
0.116456
-0.021198
-0.159550
-0.014593
0.051567
0.034549
-0.005345
-0.018901
0.225490
0.038372
-0.247297
-0.096730
-0.093978
-0.125794
0.137114
-0.013343
0.033006
0.323545
-0.364654
-0.089244
0.277834
0.003315
-0.082571
-0.204611
0.052067
0.158384
0.292836
-0.114023
-0.125498
0.056628
0.057484
0.311628
0.015218
-0.013101
0.114604
0.168377
0.060765
-0.053596
-0.062403
-0.045915
-0.028369
-0.150510
-0.051559
0.011956
0.017393
0.063095
0.048441
0.005251
0.048229
0.019142
-0.076951
-0.078420
-0.074036
-0.045349
-0.034204
-0.022316
-0.010020
0.006156
0.003639
-0.014362
-0.022019
-0.027277
-0.015917
-0.018243
-0.015400
-0.013938
-0.015676
-0.014182
-0.016484
-0.016600
-0.007451
-0.013910
-0.023355
-0.025058
-0.017333
-0.017487
-0.022998
-0.010826
-0.008821
-0.015483
-0.020314
-0.026977
-0.031403
-0.011843
-0.020690
-0.040196
-0.065605
-0.058822
-0.019015
-0.033700
-0.004315
0.025039
-0.073286
-0.111237
-0.045095
-0.126567
0.045403
0.142713
0.039286
-0.084702
-0.172362
-0.004256
-0.026347
-0.003630
-0.043705
-0.163859
-0.059505
0.114863
0.208933
0.097396
-0.272324
-0.008015
0.355559
-0.005757
-0.153123
0.105222
0.146377
0.368428
0.460414
-0.221787
-0.091636
0.295889
0.073211
0.015835
-0.254831
-0.307025
-0.118451
-0.111363
-0.170808
-0.105042
0.014702
-0.086051
0.162622
0.103427
-0.017162
0.053542
-0.036991
-0.011401
0.017388
0.065378
0.108091
0.122517
-0.011184
0.061816
0.117554
-0.020496
-0.023015
0.026540
-0.021144
-0.041851
-0.011023
-0.044905
0.004061
-0.017183
-0.023838
0.046540
0.007705
-0.019998
-0.028836
-0.026593
-0.031938
-0.014860
-0.025693
-0.028297
-0.006825
-0.009011
0.004312
-0.026849
-0.041891
-0.035763
-0.032862
-0.043222
-0.042435
-0.039824
-0.024338
-0.007939
-0.015736
-0.016395
-0.007964
0.007876
0.004698
0.004883
-0.012297
-0.022024
-0.025635
-0.015777
0.014734
-0.002335
-0.017154
-0.038734
0.000938
0.054985
-0.078898
-0.145253
-0.061731
0.032493
0.105849
-0.004476
-0.087331
-0.043342
-0.154366
0.073075
0.142877
-0.137766
0.073044
-0.028402
0.035496
0.204762
-0.090328
-0.169925
-0.099367
0.205136
0.077738
-0.104373
0.099577
0.118473
0.380333
0.256849
-0.223903
-0.300240
0.049592
0.200104
0.228156
0.015749
-0.259660
0.110661
-0.021608
-0.216248
-0.116912
-0.173314
-0.160611
0.050590
0.183911
0.064222
-0.050020
-0.163283
0.023565
0.049179
-0.020602
0.006139
-0.086866
-0.072064
-0.084560
-0.067475
-0.082742
-0.041820
-0.072346
-0.040630
0.028834
0.000544
0.011457
-0.029243
-0.005129
0.025537
0.028885
0.012584
-0.005718
-0.000427
0.002125
0.009522
-0.002113
-0.005293
-0.002542
0.002727
0.015882
0.004674
-0.014970
-0.019539
-0.018099
-0.010065
-0.002502
-0.011157
-0.012948
-0.011883
-0.011805
-0.015448
-0.026612
-0.021795
-0.007998
0.010901
0.012228
-0.001763
0.000588
-0.015944
-0.017172
-0.000032
0.024662
0.015793
-0.042491
-0.063200
-0.014895
0.018410
0.003305
0.046999
0.040366
0.025257
0.010076
-0.070537
-0.004902
0.077478
0.116668
0.063831
-0.030733
-0.011196
-0.065777
-0.073761
0.138304
0.165726
0.037336
0.033138
0.090489
0.119231
0.018507
0.090934
-0.049784
-0.015184
0.302039
-0.000549
-0.091675
-0.096955
-0.161340
-0.224011
-0.093653
0.306804
-0.105702
-0.134019
0.137468
0.056523
-0.046708
-0.061909
-0.024414
0.020683
0.062425
-0.131972
-0.010589
-0.003727
-0.093849
-0.089561
-0.104899
0.037194
0.082726
0.071137
0.050112
0.071596
0.065300
0.008407
-0.020095
-0.068427
-0.009814
-0.039363
-0.054930
-0.023315
-0.020596
-0.004711
0.022609
0.021389
0.002840
0.008462
-0.008469
-0.018087
-0.022311
-0.023923
-0.021369
-0.021493
-0.012977
-0.008852
-0.015328
-0.020549
-0.023440
-0.015703
-0.013684
-0.008177
-0.009300
0.004440
0.007982
-0.002268
-0.003855
-0.001365
-0.001849
-0.005696
-0.007917
-0.010807
-0.015084
-0.014154
0.001321
0.010395
0.001602
0.011344
0.017672
-0.006436
-0.021341
-0.016420
-0.012435
-0.007221
0.008858
-0.013720
-0.023685
-0.009926
-0.007691
0.000087
-0.000656
0.001364
0.007247
0.008823
0.002256
0.003064
0.004318
0.000815
0.001608
0.001620
0.003502
0.004936
0.004872
0.004777
0.003542
0.000554
0.001445
0.002897
0.001551
0.003287
0.001939
-0.002102
-0.002678
-0.001160
-0.000859
0.002080
0.004593
0.002475
0.001451
0.001348
0.001015
-0.000490
0.001070
0.001608
0.000149
0.000106
0.000540
0.000408
-0.000007
-0.000355
-0.000174
0.001187
0.002284
0.002376
0.002502
0.002805
0.002218
0.001404
0.001151
0.001838
0.002257
0.002479
0.002146
0.001710
0.001376
0.001506
0.001655
0.001644
0.001224
0.000889
0.000854
0.000873
0.000734
0.000909
0.001103
0.001063
0.000833
0.000667
0.000573
0.000636
0.000866
0.000967
0.000819
0.000542
0.000390
0.000332
0.000421
0.000510
0.000446
0.000193
-0.000055
-0.000164
-0.000074
0.000013
0.000009
-0.000017
-0.000122
-0.000149
0.000028
0.000131
0.000140
0.000053
-0.000178
-0.000326
-0.000187
-0.000071
-0.000044
0.000044
-0.000071
-0.000243
-0.000242
-0.000174
-0.000186
-0.000092