0.171120
0.231479
0.280806
0.317219
0.340291
0.350847
0.350522
0.341236
0.324777
0.302634
0.276094
0.246520
0.215638
0.185684
0.159274
0.139013
0.126953
0.124068
0.129949
0.142838
0.159990
0.178280
0.194845
0.207570
0.215281
0.217618
0.214687
0.206642
0.193406
0.174626
0.149900
0.119168
0.083099
0.043299
0.002229
-0.037183
-0.072111
-0.100408
-0.120993
-0.133931
-0.140182
-0.141123
-0.138038
-0.131740
-0.122482
-0.110159
-0.094706
-0.076523
-0.056748
-0.037239
-0.020276
-0.008061
-0.002208
-0.003401
-0.011342
-0.025003
-0.043084
-0.064489
-0.088649
-0.115565
-0.145551
-0.178792
-0.214893
-0.252601
-0.289826
-0.323977
-0.352497
-0.373434
-0.385836
-0.389851
-0.386519
-0.377331
-0.363749
-0.346859
-0.327279
-0.305341
-0.281455
-0.256470
-0.231873
-0.209689
-0.192111
-0.180932
-0.177006
-0.179892
-0.187842
-0.198122
-0.207578
-0.213258
-0.212892
-0.205095
-0.189280
-0.165341
-0.133302
-0.093081
-0.044502
0.012450
0.077219
0.148301
0.223066
0.297903
0.368678
0.431401
0.482894
0.521276
0.546113
0.558232
0.559266
0.551132
0.535618
0.514212
0.488201
0.458945
0.428173
0.398118
0.371398
0.350618
0.337830
0.334008
0.338746
0.350285
0.365882
0.382415
0.397021
0.407587
0.412942
0.412728
0.407053
0.396075
0.379719
0.357635
0.329424
0.295030
0.255125
0.211321
0.166079
0.122334
0.082916
0.049976
0.024600
0.006726
-0.004599
-0.010749
-0.013000
-0.012162
-0.008482
-0.001849
0.007807
0.020091
0.033872
0.047297
0.058093
0.064065
0.063602
0.056029
0.041650
0.021497
-0.003121
-0.031102
-0.061872
-0.095424
-0.132066
-0.171975
-0.214752
-0.259136
-0.303031
-0.343838
-0.378995
-0.406543
-0.425523
-0.436077
-0.439238
-0.436491
-0.429292
-0.418721
-0.405387
-0.389620
-0.371820
-0.352834
-0.334139
-0.317757
-0.305874
-0.300278
-0.301817
-0.310045
-0.323208
-0.338568
-0.352966
-0.363444
-0.367727
-0.364427
-0.352951
-0.333190
-0.305163
-0.268785
-0.223876
-0.170416
-0.108959
-0.041005
0.030819
0.102904
0.511996
0.465708
0.413019
0.358034
0.303636
0.251688
0.203599
0.160937
0.125769
0.100560
0.087600
0.088187
0.101870
0.126082
0.156354
0.187098
0.212739
0.228837
0.232868
0.224418
0.204780
0.176148
0.140728
0.100108
0.055102
0.006091
-0.046324
-0.100668
-0.154243
-0.203295
-0.243678
-0.271807
-0.285581
-0.284934
-0.271811
-0.249572
-0.222028
-0.192454
-0.162913
-0.134117
-0.105835
-0.077662
-0.049810
-0.023616
-0.001524
0.013442
0.018533
0.012137
-0.005693
-0.033232
-0.067622
-0.105735
-0.145063
-0.184277
-0.223271
-0.262674
-0.303042
-0.344047
-0.384008
-0.419961
-0.448272
-0.465592
-0.469814
-0.460691
-0.439903
-0.410552
-0.376278
-0.340333
-0.304924
-0.271059
-0.238898
-0.208435
-0.180172
-0.155509
-0.136609
-0.125785
-0.124595
-0.132992
-0.148851
-0.168094
-0.185400
-0.195294
-0.193268
-0.176584
-0.144531
-0.098104
-0.039289
0.029729
0.107117
0.191496
0.281579
0.375539
0.470416
0.561866
0.644458
0.712479
0.761038
0.787126
0.790267
0.772569
0.738135
0.692065
0.639370
0.584156
0.529306
0.476683
0.427697
0.383916
0.347410
0.320644
0.305910
0.304507
0.315987
0.337784
0.365433
0.393348
0.415955
0.428819
0.429419
0.417344
0.393890
0.361256
0.321651
0.276668
0.227124
0.173405
0.116117
0.056741
-0.002022
-0.056413
-0.102279
-0.136031
-0.155562
-0.160801
-0.153685
-0.137570
-0.116261
-0.093026
-0.069923
-0.047656
-0.025989
-0.004508
0.016578
0.035941
0.051143
0.059167
0.057272
0.043851
0.018965
-0.015656
-0.057143
-0.102365
-0.148804
-0.195126
-0.241218
-0.287701
-0.335124
-0.383152
-0.430098
-0.472990
-0.508188
-0.532335
-0.543319
-0.540885
-0.526708
-0.503881
-0.476040
-0.446429
-0.417249
-0.389502
-0.363343
-0.338758
-0.316246
-0.297198
-0.283774
-0.278280
-0.282271
-0.295693
-0.316416
-0.340357
-0.362192
-0.376440
-0.378590
-0.365898
-0.337651
-0.294839
-0.239445
-0.173650
-0.099285
-0.017725
0.069745
0.161302
0.253986
0.343458
0.424288
0.490762
0.537995
0.562976
0.565232
0.546870