0.369298
0.398863
0.412042
0.410412
0.396586
0.373498
0.343825
0.309702
0.272798
0.234642
0.197023
0.162220
0.132932
0.111864
0.101095
0.101455
0.112133
0.130694
0.153520
0.176561
0.196161
0.209694
0.215850
0.214492
0.206205
0.191732
0.171545
0.145712
0.114107
0.076857
0.034830
-0.010076
-0.054985
-0.096479
-0.131276
-0.156950
-0.172432
-0.178133
-0.175643
-0.167127
-0.154648
-0.139637
-0.122715
-0.103896
-0.083066
-0.060538
-0.037430
-0.015722
0.002075
0.013502
0.016787
0.011299
-0.002356
-0.022625
-0.047577
-0.075527
-0.105490
-0.137283
-0.171261
-0.207773
-0.246577
-0.286448
-0.325145
-0.359772
-0.387423
-0.405887
-0.414173
-0.412666
-0.402885
-0.386946
-0.366921
-0.344360
-0.320116
-0.294538
-0.267908
-0.240920
-0.214984
-0.192177
-0.174837
-0.164905
-0.163247
-0.169204
-0.180542
-0.193827
-0.205124
-0.210795
-0.208130
-0.195642
-0.172973
-0.140495
-0.098814
-0.048409
0.010442
0.077410
0.151652
0.231334
0.313386
0.393623
0.467276
0.529780
0.577606
0.608872
0.623542
0.623197
0.610444
0.588218
0.559196
0.525511
0.488833
0.450689
0.412868
0.377651
0.347736
0.325829
0.314010
0.313110
0.322320
0.339204
0.360147
0.381103
0.398414
0.409460
0.412931
0.408694
0.397336
0.379603
0.355972
0.326512
0.291101
0.249871
0.203693
0.154470
0.105081
0.058950
0.019362
-0.011252
-0.031818
-0.042742
-0.045607
-0.042576
-0.035704
-0.026418
-0.015332
-0.002455
0.012332
0.028724
0.045607
0.061009
0.072423
0.077398
0.074169
0.062110
0.041833
0.014899
-0.016756
-0.051439
-0.088157
-0.126724
-0.167487
-0.210786
-0.256374
-0.303020
-0.348476
-0.389838
-0.424195
-0.449330
-0.464242
-0.469312
-0.466054
-0.456574
-0.442939
-0.426693
-0.408683
-0.389253
-0.368676
-0.347642
-0.327554
-0.310484
-0.298765
-0.294331
-0.298043
-0.309239
-0.325676
-0.343917
-0.360023
-0.370349
-0.372181
-0.364029
-0.345530
-0.317051
-0.279195
-0.232437
-0.177052
-0.113364
-0.042215
0.034567
0.113912
0.191639
0.262981
0.323376
0.493032
0.477635
0.448784
0.410770
0.367457
0.321780
0.275737
0.230785
0.188404
0.150545
0.119711
0.098590
0.089351
0.092847
0.108051
0.131959
0.160057
0.187219
0.208778
0.221421
0.223649
0.215673
0.198845
0.174876
0.145143
0.110361
0.070716
0.026375
-0.021864
-0.072095
-0.121219
-0.165366
-0.200689
-0.224279
-0.234879
-0.233146
-0.221359
-0.202677
-0.180224
-0.156310
-0.132066
-0.107589
-0.082516
-0.056771
-0.031170
-0.007629
0.011113
0.022180
0.023387
0.013903
-0.005505
-0.032742
-0.065064
-0.099921
-0.135642
-0.171705
-0.208507
-0.246729
-0.286549
-0.327032
-0.365948
-0.400102
-0.426093
-0.441226
-0.444260
-0.435721
-0.417689
-0.393136
-0.365070
-0.335805
-0.306614
-0.277852
-0.249478
-0.221726
-0.195607
-0.173021
-0.156372
-0.147823
-0.148427
-0.157479
-0.172334
-0.188792
-0.201942
-0.207194
-0.201179
-0.182225
-0.150311
-0.106571
-0.052587
0.010218
0.080847
0.158551
0.242305
0.330180
0.418922
0.503961
0.579943
0.641651
0.685049
0.708115
0.711191
0.696738
0.668615
0.631112
0.588092
0.542491
0.496307
0.450995
0.408037
0.369385
0.337541
0.315195
0.304518
0.306363
0.319705
0.341543
0.367364
0.392044
0.410919
0.420679
0.419827
0.408577
0.388285
0.360665
0.327098
0.288302
0.244468
0.195766
0.142998
0.088077
0.034104
-0.015046
-0.055519
-0.084402
-0.100434
-0.104266
-0.098170
-0.085302
-0.068778
-0.050903
-0.032802
-0.014566
0.004174
0.023500
0.042604
0.059574
0.071679
0.076050
0.070507
0.054227
0.027983
-0.006123
-0.045340
-0.087112
-0.129760
-0.172757
-0.216491
-0.261637
-0.308366
-0.355738
-0.401514
-0.442492
-0.475266
-0.497134
-0.506846
-0.504925
-0.493442
-0.475363
-0.453690
-0.430732
-0.407752
-0.385102
-0.362735
-0.340877
-0.320536
-0.303602
-0.292479
-0.289320
-0.295175
-0.309333
-0.329144
-0.350404
-0.368195
-0.377926
-0.376220
-0.361403
-0.333449
-0.293488
-0.243099
-0.183700
-0.116286
-0.041602
0.039328
0.124580
0.210902
0.293727
0.367702
0.427612
0.469423
0.491116