-0.023094
-0.016913
-0.016160
-0.018968
-0.025344
-0.022996
-0.020780
-0.024322
-0.024336
-0.023572
-0.030113
-0.014223
-0.000689
0.007911
-0.006704
-0.016667
-0.017936
-0.044428
0.005325
0.038371
-0.023421
-0.054882
-0.020971
0.038945
0.063197
0.063762
0.036856
-0.008457
-0.045799
-0.089481
-0.046095
0.003342
0.034668
0.031934
0.052519
0.021171
0.063273
0.057286
-0.147710
-0.152270
-0.103279
0.033129
0.222527
0.072643
-0.151898
-0.011084
0.038758
-0.236714
-0.200521
-0.060203
0.054339
0.031932
-0.153633
0.022332
0.128020
0.038188
-0.040750
-0.120617
-0.118131
-0.006156
0.054719
0.085878
0.148492
0.109666
0.007862
0.054913
0.069998
-0.000354
0.012175
0.016843
0.035991
-0.023664
-0.085030
-0.058776
-0.005721
0.029209
0.013186
0.003625
0.022464
0.036448
0.013125
-0.003510
-0.004591
-0.008718
0.008062
0.012043
0.011406
0.002779
0.006314
0.012888
0.004019
-0.007889
0.002756
0.016171
0.016069
0.014327
0.004004
0.010288
0.016324
0.008828
0.003150
0.016486
0.023406
0.010021
0.001576
0.005384
0.013324
0.016389
0.007214
0.011887
0.021156
0.023584
0.022243
0.001516
-0.009494
0.009939
0.007824
0.006933
0.015548
0.016465
0.015566
-0.024479
-0.011631
0.004631
-0.005832
0.009324
0.030187
0.066941
0.031572
-0.067577
-0.023846
0.096242
0.064724
-0.091280
-0.018204
0.079323
0.077792
0.138151
-0.054188
-0.173577
-0.132738
-0.116297
-0.018711
0.008634
0.104105
0.209946
0.014942
-0.220775
0.000794
0.141870
-0.139136
-0.267799
-0.176764
0.054378
0.243007
0.171285
0.103142
0.065949
0.069053
0.168338
0.098364
-0.060930
-0.109988
0.044677
0.095298
-0.016493
-0.071741
-0.044788
0.027837
-0.046361
-0.001380
0.029695
0.000552
0.048965
0.017938
-0.005879
-0.025081
0.017373
0.006917
-0.024718
-0.041453
-0.032887
0.009251
-0.028997
-0.033897
-0.022926
-0.015563
-0.009426
-0.007577
-0.007415
-0.013937
-0.009335
-0.007107
-0.004777
-0.026200
-0.029278
-0.012997
-0.009039
-0.024522
-0.030712
-0.014482
-0.008146
-0.007960
-0.001880
0.003794
-0.002204
-0.002909
-0.008351
-0.015564
-0.015792
-0.017457
-0.016661
-0.044348
-0.042227
-0.012924
0.005125
0.005470
-0.028114
-0.022308
-0.021175
-0.035045
-0.003253
-0.013065
-0.036363
-0.028850
0.018909
0.059667
-0.014357
-0.015566
0.066359
0.093272
0.063899
0.027509
0.035451
-0.025003
-0.106038
-0.068204
0.056618
0.054342
-0.100332
-0.185155
-0.147883
0.032419
0.091310
0.057127
-0.011939
-0.050311
-0.000394
-0.132116
-0.029832
-0.036820
-0.193312
-0.118133
-0.062606
-0.054615
-0.176377
0.001730
0.160461
0.191377
0.115378
-0.027369
0.050061
0.113336
0.153610
0.034207
-0.005622
-0.017704
-0.013904
-0.012465
-0.021714
0.095213
0.099347
0.064793
0.026469
0.011517
-0.005688
-0.005818
0.006543
-0.024615
-0.017629
-0.014418
-0.005937
-0.005348
-0.002585
-0.013029
-0.005025
0.001185
-0.021857
-0.013187
0.003325
0.011113
0.001293
-0.002292
-0.005940
-0.006217
-0.003142
-0.000790
-0.001696
-0.010626
-0.015543
-0.011874
-0.002245
0.004698
0.008697
0.010116
0.006312
0.008254
0.008886
0.010697
0.012365
0.004139
0.011948
0.002076
-0.029015
-0.008225
0.017036
-0.008449
0.005228
0.010077
-0.023378
-0.020670
-0.019157
-0.034543
-0.027616
-0.029541
-0.017832
0.034897
-0.060197
-0.038164
-0.004905
-0.118714
0.032182
0.038796
-0.151329
-0.206883
-0.072411
0.082678
0.176848
0.052273
-0.066591
0.015408
-0.086582
-0.101979
-0.030931
-0.002417
-0.065627
-0.053040
0.006497
-0.117204
-0.186055
-0.083056
0.023814
0.022454
0.017150
0.069463
0.108398
0.035604
-0.101179
-0.032577
0.043388
-0.068673
-0.020665
0.017725
0.025323
0.062635
0.005584
-0.024258
0.014861
0.071649
0.055332
0.024418
-0.016855
0.014115
0.066117
0.050001
0.039024
0.017050
0.030871
0.041680
0.055177
0.028873
0.007112
0.009577
0.011868
0.035967
0.027420
0.032184
0.037921
0.038031
0.020267
0.012647
0.020516
0.015358
0.005621
0.012624
0.028115
0.019554
0.020325
0.023553
0.021225
0.021767
0.022545
0.030105
0.029480
0.021019
0.015872
0.018642
0.020784
0.010001
0.020645
0.029166
0.013857
0.002810
0.022058
0.030759
-0.007421
-0.012534
0.018048
0.015535
0.023806
0.033679
-0.010777
0.015052
0.029729
-0.042322
-0.018868
-0.076262
-0.098820
0.069402
0.060527
0.092627
0.155356
-0.047723
-0.097242
-0.064193
-0.034485
0.075029
0.052143
0.178759
0.198226
0.121406
0.079391
-0.087990
-0.141700
0.031633
0.201840
0.072011
-0.079361
-0.057758
0.033434
0.009266
0.029171
-0.031326
-0.094785
0.030026
-0.032292
0.090621
0.039628
-0.049490
0.103196
0.035640
0.010859
-0.122653
-0.113562
0.068531
0.064453
-0.047245
-0.088126
-0.059205
-0.028767
-0.012517
-0.027031
-0.006165
-0.030070
-0.070637
-0.060078
-0.036649
-0.005047
0.008085
-0.023543
-0.026217
-0.009003
-0.008616
-0.004395
-0.003163
-0.012818
-0.023146
-0.012872
-0.011367
-0.015659
-0.015938
-0.027567
-0.020389
-0.020942
-0.030073
-0.030902
-0.024600
-0.016248
-0.018164
-0.028689
-0.027090
-0.023954
-0.026949
-0.019099
-0.008241
-0.008321
-0.023237
-0.030745
-0.027524
-0.024186
-0.018338
0.009851
0.007033
-0.026166
-0.032995
-0.034690
-0.025455
-0.016681
-0.015651
0.005207
0.001247
-0.005816
0.011433
0.016017
-0.006896
0.031752
0.076031
-0.019822
-0.011045
-0.082373
-0.051877
0.136214
0.113483
0.067069
-0.028530
-0.017122
0.044095
0.001814
-0.132700
-0.204727
-0.021678
0.120057
0.083852
-0.034234
-0.078882
-0.020304
-0.037008
-0.171662
-0.251583
-0.175430
-0.108144
0.011684
0.069768
0.001578
0.026515
0.036524
0.024593
0.058477
-0.075157
-0.160293
-0.064896
0.012113
0.124046
0.116592
0.066897
0.059206
0.042722
0.087571
0.072344
0.030848
0.018933
0.026863
0.049529
0.034383
0.023459
0.001105
-0.023392
-0.000697
0.016524
-0.002400
-0.000256
-0.004098
-0.009250
0.003119
0.007802
0.015264
0.017107
0.016038
0.016086
0.022022
0.017513
0.002730
-0.004672
-0.000612
0.001405
0.003818
0.009915
0.010142
0.013944
0.016770
0.022669
0.026578
0.020865
0.021921
0.023542
0.016301
0.014515
0.017213
0.007001
0.007928
0.017852
0.025872
0.024518
0.023291
0.034160
0.022513
0.000857
-0.058723
-0.019865
0.038371
0.029844
0.024257
-0.015433
-0.044267
-0.052317
0.028872
0.060176
0.056697
0.061711
-0.055044
-0.102739
-0.000581
0.045323
0.038618
-0.009995
0.031684
0.137597
-0.034397
-0.151758
-0.070019
-0.076868
-0.030834
0.088866
-0.026311
0.093747
0.082971
-0.243371
0.006858
0.140215
0.035432
-0.111546
-0.103024
0.047952
0.130573
0.152425
-0.102570
-0.075543
-0.001775
0.109364
0.179343
0.034993
0.034327
0.100976
0.139550
0.040595
-0.012507
-0.037590
-0.020479
-0.029425
-0.074645
-0.027544
0.013097
0.031339
0.030430
0.028828
0.017165
0.029430
0.012149
-0.031685
-0.055815
-0.029327
-0.016400
-0.040362
-0.022208
-0.013443
-0.008916
-0.009306
-0.012154
-0.017614
-0.021305
-0.019934
-0.011945
-0.003744
-0.018503
-0.020966
-0.014179
-0.011477
-0.020304
-0.026135
-0.021719
-0.018274
-0.021069
-0.021461
-0.017567
-0.016484
-0.014702
-0.015520
-0.014072
-0.013589
-0.022318
-0.023971
-0.014354
-0.018254
-0.029328
-0.047541
-0.040732
-0.028382
-0.031313
-0.002676
-0.006740
-0.084901
-0.083149
-0.062242
-0.067436
0.056465
0.081859
0.012522
-0.103555
-0.103815
-0.015635
-0.021912
-0.004089
-0.063350
-0.119788
-0.034477
0.080347
0.133605
-0.017811
-0.199998
0.038873
0.177535
-0.039230
-0.070061
0.073971
0.137894
0.323880
0.235134
-0.129450
0.031127
0.204752
0.121199
0.018084
-0.155101
-0.161472
-0.094444
-0.067119
-0.117121
-0.062214
-0.030964
-0.043438
0.089432
0.036085
-0.000138
0.004794
-0.019634
-0.011248
0.023415
0.050893
0.076497
0.067398
-0.009167
0.042728
0.074048
0.006452
-0.010548
0.033027
0.006450
-0.015035
0.005741
-0.009123
-0.011075
-0.018664
-0.002549
0.011689
0.006137
-0.016323
-0.028801
-0.015095
-0.017250
-0.014020
-0.022465
-0.016707
-0.008133
-0.003412
-0.006002
-0.014386
-0.017039
-0.022500
-0.023475
-0.030598
-0.029855
-0.030797
-0.029819
-0.031175
-0.024274
-0.019812
-0.025751
-0.023274
-0.013339
-0.004281
-0.012617
-0.017987
-0.023261
-0.010824
0.004080
-0.001764
-0.012696
-0.028301
0.010403
0.021539
-0.066296
-0.093983
-0.036608
0.041301
0.064269
-0.028196
-0.063385
-0.073617
-0.094536
0.082001
0.045332
-0.050344
0.027480
-0.036513
0.066897
0.082371
-0.074325
-0.137011
-0.041055
0.138719
0.003212
-0.038631
0.060131
0.127259
0.269607
0.114549
-0.178600
-0.160822
0.089156
0.195949
0.197389
-0.029600
-0.112408
0.048885
-0.056906
-0.110750
-0.088638
-0.113022
-0.085270
0.063986
0.114721
0.022039
-0.075316
-0.098204
0.015167
0.032872
0.020977
-0.016687
-0.046174
-0.063494
-0.074692
-0.051541
-0.064664
-0.059805
-0.071973
-0.034106
-0.005366
0.002900
-0.008283
-0.031961
-0.011189
0.002552
0.007754
-0.000466
-0.012574
-0.012486
0.003649
-0.004716
-0.016933
-0.009121
-0.012276
-0.002890
0.013417
0.008476
-0.005314
-0.008151
-0.007277
-0.003802
-0.006856
-0.009416
-0.007795
-0.014116
-0.014754
-0.014943
-0.015562
-0.017640
-0.022502
-0.010661
0.004243
0.005868
-0.002896
-0.014355
-0.008717
0.008210
0.020256
0.003939
-0.034275
-0.045701
-0.008865
0.013270
0.013396
0.027497
0.013344
0.012917
-0.009325
-0.036535
0.013843
0.067657
0.088108
0.030357
-0.020220
-0.021997
-0.060893
-0.016336
0.115641
0.102897
0.026620
0.020174
0.073525
0.071902
0.047845
0.079967
-0.022091
0.083639
0.189820
0.003582
-0.051409
-0.082015
-0.106266
-0.163254
0.031409
0.164685
-0.101459
-0.060177
0.067602
0.027657
-0.039465
-0.019326
-0.004511
0.037135
0.011013
-0.070263
-0.015446
-0.037018
-0.065321
-0.103446
-0.071426
0.029354
0.043388
0.037236
0.040415
0.060318
0.031733
0.008140
-0.012320
-0.035847
-0.015583
-0.019986
-0.034606
-0.029950
-0.009649
-0.014266
-0.005237
0.010962
0.002734
-0.011797
0.000762
0.010477
-0.010395
-0.016012
-0.010295
-0.017339
-0.018284
-0.012988
-0.014604
-0.015533
-0.021206
-0.023681
-0.015495
-0.011175
-0.011107
-0.007519
-0.000272
0.003674
-0.005118
-0.007600
-0.000219
-0.003919
-0.014199
-0.012820
-0.006190
-0.005740
-0.005151
-0.000172
0.003797
0.010246
0.004242
-0.010749
-0.013713
-0.005278
-0.001952
0.002277
0.006869
-0.009622
-0.015491
-0.011345
-0.006785
-0.001308
-0.002225
-0.002731
0.001426
0.004143
0.000265
0.000626
0.002172
0.001639
0.000868
0.000815
0.002034
0.002168
0.001967
0.002312
0.002652
0.001414
0.001505
0.000220
-0.001038
0.000730
0.000937
-0.000255
-0.000974
0.000488
0.001180
0.001344
0.002910
0.002207
0.001383
0.001623
0.001194
0.000880
0.001085
0.000934
0.000406
0.000698
0.000748
0.001294
0.001327
0.001534
0.001401
0.001508
0.001614
0.001396
0.001051
0.001176
0.001257
0.001148
0.000831
0.001243
0.001839
0.002179
0.002218
0.002377
0.002233
0.001634
0.001488
0.001740
0.001680
0.001507
0.001387
0.001193
0.000950
0.001040
0.001119
0.001042
0.000915
0.000921
0.000860
0.000723
0.000734
0.000807
0.000779
0.000698
0.000582
0.000395
0.000286
0.000340
0.000407
0.000281
0.000099
-0.000056
-0.000136
-0.000112
0.000001
0.000059
0.000005
-0.000045
-0.000119
-0.000169
-0.000071
0.000037
0.000007
0.000006
-0.000008
-0.000084
-0.000116
-0.000058
-0.000096
-0.000066
-0.019468
-0.016249
-0.007472
-0.031725
-0.008474
0.010449
0.017841
0.021027
-0.013341
0.005146
-0.072405
0.013332
0.130543
-0.031630
-0.088748
-0.005106
0.054223
0.077389
0.096666
0.098531
-0.001112
-0.032448
-0.172229
-0.133333
-0.035764
0.020909
0.028301
0.083070
0.069314
0.077806
0.228302
-0.281081
-0.333948
-0.178142
-0.117652
0.362292
0.165175
-0.357186
0.029433
0.340271
-0.505846
-0.474159
0.034200
0.013742
0.126393
-0.292673
0.054434
0.383963
0.104344
0.045739
-0.091235
-0.171013
0.009175
0.073622
0.054795
0.259933
0.261510
0.031684
0.111297
0.177350
-0.082511
-0.048822
-0.036694
-0.000459
-0.053000
-0.198536
-0.091391
0.005447
0.055039
0.031797
0.019538
0.045540
0.064638
0.039537
-0.026230
-0.026808
-0.037670
0.016964
0.009075
-0.005578
0.006120
0.032099
0.006058
-0.003616
0.011923
0.002540
0.023567
0.010747
-0.002049
-0.008136
0.004945
0.020517
0.035817
0.029047
0.033155
0.040308
0.005527
-0.018565
-0.014884
-0.007610
0.023041
0.003207
-0.002615
0.036197
0.032222
0.023098
-0.014909
-0.049316
-0.008837
-0.004104
-0.028178
0.035401
0.040491
0.056730
-0.032029
-0.032511
0.038528
-0.021997
0.003223
0.055680
0.131906
0.105440
-0.149157
-0.085645
0.200210
0.136662
-0.243010
-0.107544
0.190619
0.000394
0.277398
0.030684
-0.376110
-0.133512
-0.219936
-0.146383
-0.081740
0.115375
0.472867
0.142728
-0.446580
0.014407
0.482368
-0.292513
-0.518525
-0.202498
0.039296
0.403373
0.328945
0.195545
0.212922
0.139977
0.330641
0.123140
-0.266340
-0.308008
-0.009856
0.130261
-0.147083
-0.115382
-0.034135
0.133211
-0.051014
-0.038507
0.099353
-0.123027
0.095022
0.039510
-0.070201
-0.065808
0.046748
0.008833
-0.087834
-0.008888
-0.080383
0.015084
-0.037608
-0.081044
-0.030042
-0.012566
0.002341
-0.019081
-0.012975
-0.031812
0.015946
0.006390
0.000071
-0.018785
-0.028821
-0.010744
-0.024317
-0.026560
-0.031319
-0.015357
0.006955
0.025030
0.009221
0.000332
0.005762
-0.014843
-0.036781
-0.054355
-0.034805
-0.028177
-0.020513
-0.060324
-0.055044
0.016506
0.007722
0.026649
-0.023587
-0.022636
0.011784
-0.050321
0.027978
0.028444
-0.059300
-0.020106
0.050436
0.155725
-0.005267
-0.066710
0.135224
0.138684
0.077730
0.031741
0.072469
-0.039383
-0.257069
-0.186431
0.069541
0.140341
-0.162910
-0.278213
-0.254765
0.013058
0.148595
0.010356
0.024207
-0.099181
0.090253
-0.261826
-0.159480
0.115642
-0.429907
-0.119727
0.046505
0.020197
-0.303457
0.022904
0.456208
0.290906
0.350334
-0.042055
0.103105
0.171434
0.225292
-0.003649
-0.103923
0.034375
-0.065690
0.009218
-0.124763
0.127131
0.179326
0.082689
0.040094
0.004853
-0.008579
-0.108550
-0.031690
-0.109735
-0.079093
-0.027321
0.004831
-0.007113
-0.005777
0.019039
-0.013241
0.003545
-0.025679
-0.018152
-0.010141
0.001108
-0.006886
-0.010683
-0.006721
-0.001491
0.017677
0.008625
-0.013262
-0.019818
-0.021248
-0.009644
0.008205
0.025618
0.028007
0.027030
0.014726
0.006510
0.014387
0.005425
-0.004625
-0.030360
0.000970
0.001548
-0.077840
-0.032590
0.052636
-0.041470
-0.018263
0.054231
-0.049817
-0.030701
0.005052
-0.070095
-0.089170
-0.048571
-0.064361
0.087017
-0.055696
-0.114139
0.130310
-0.278761
0.047625
0.271776
-0.264628
-0.363468
-0.077334
0.131443
0.239139
0.176988
-0.144871
0.168997
-0.085474
-0.300675
-0.078700
-0.052783
-0.133840
-0.099574
0.187352
-0.126695
-0.336803
-0.061031
0.103446
0.005911
0.038784
0.191922
0.208911
0.119381
-0.172299
-0.115687
0.166817
-0.162161
-0.091195
0.131776
0.009116
0.137693
0.048312
-0.041067
0.016294
0.169990
0.123151
-0.000475
-0.033361
-0.016726
0.090256
0.043349
0.090249
0.016806
0.061618
0.097473
0.060506
0.017010
-0.038451
0.009054
-0.024149
0.033668
0.024954
0.036267
0.040429
0.030095
0.014393
-0.008728
0.001635
-0.003459
0.015866
0.010886
0.024861
0.027336
0.020278
0.019621
0.021677
0.035765
0.037272
0.028499
0.018611
0.008473
-0.002614
-0.008665
0.014860
-0.007020
0.017410
0.053548
0.004007
-0.009493
0.031735
0.057892
-0.026876
-0.055588
0.018308
-0.002508
-0.002340
0.067670
-0.036046
-0.011774
0.115938
-0.092467
-0.044424
-0.055629
-0.275892
0.122810
0.135847
0.052480
0.431668
0.030317
-0.191913
0.029922
-0.135694
0.074132
0.008883
0.235070
0.428629
0.163733
0.248179
-0.135139
-0.397349
-0.062933
0.337509
0.022788
-0.231741
-0.061454
0.071788
-0.017120
-0.007288
0.047527
-0.258735
0.129819
-0.047050
0.015959
0.158506
-0.295159
0.247711
0.118686
-0.005297
-0.166733
-0.291795
0.110849
0.065806
-0.135594
-0.170955
-0.046186
-0.031738
0.005357
-0.053203
-0.020906
0.012430
-0.119996
-0.094826
-0.010324
0.002668
0.040101
0.011972
-0.032277
0.022124
0.011381
-0.007527
0.004724
-0.017232
-0.026968
-0.004685
-0.012495
-0.037360
-0.028951
-0.046315
-0.030893
-0.026457
-0.021344
-0.020440
-0.010526
-0.003925
-0.011413
-0.024606
-0.035142
-0.020527
-0.010436
-0.009772
-0.003919
0.006398
-0.017338
-0.028283
-0.036304
-0.034048
-0.033324
0.005550
0.030044
-0.024082
-0.018356
-0.015415
-0.032351
-0.016012
-0.019453
0.018977
0.027627
-0.000271
0.053252
0.043718
-0.014736
0.014657
0.203927
-0.029390
-0.026960
-0.071435
-0.261308
0.239507
0.169189
0.063049
-0.012905
-0.043476
0.120104
-0.014397
-0.255740
-0.485490
-0.106913
0.212367
0.084239
-0.074205
-0.119133
0.037991
0.007457
-0.241190
-0.445356
-0.267264
-0.164475
-0.015379
0.197883
0.052123
0.125852
0.224312
0.104351
0.196515
-0.028575
-0.337706
-0.087524
-0.008647
0.159841
0.262401
0.139787
0.204190
0.139580
0.163362
0.121419
-0.042674
-0.045281
-0.030682
0.017446
0.002680
0.013308
-0.004746
-0.047761
-0.003220
0.031905
-0.024625
-0.028637
-0.016010
-0.039796
-0.010826
-0.008362
0.000465
0.023141
0.037443
0.031208
0.043416
0.032109
-0.009989
-0.016610
-0.015557
-0.004098
0.000583
0.006644
0.010334
0.022138
0.042800
0.051560
0.045302
0.032049
0.025518
0.010217
-0.001561
-0.007467
0.000673
-0.003776
-0.001985
0.029912
0.030869
0.024375
0.005915
0.046141
0.014993
-0.015366
-0.135563
-0.093473
0.090642
0.016534
0.055508
0.010889
-0.054077
-0.102272
0.029588
0.112894
0.053318
0.185044
-0.025393
-0.230639
0.011640
0.077828
-0.019752
-0.042457
0.024378
0.331861
-0.001600
-0.334959
-0.055041
-0.122689
-0.190644
0.192638
-0.035826
0.065774
0.467382
-0.559865
-0.078371
0.465422
-0.055763
-0.186090
-0.188807
0.156292
0.129215
0.379294
-0.165668
-0.192791
0.156383
0.112509
0.329001
-0.041417
0.000787
0.126462
0.226037
0.019614
-0.121711
-0.038751
-0.053287
-0.071418
-0.197302
-0.056775
-0.024152
0.031217
0.084372
0.061563
0.018912
0.070329
0.015063
-0.120605
-0.103966
-0.088882
-0.059350
-0.071636
-0.029583
-0.002676
0.019230
0.015909
-0.009964
-0.032077
-0.035765
-0.009171
-0.020625
-0.011479
-0.027616
-0.036697
-0.017832
-0.001638
-0.014655
-0.016350
-0.016167
-0.021831
-0.019271
-0.025141
-0.026546
-0.015564
-0.010253
-0.026079
-0.024321
-0.010485
-0.026500
-0.041824
-0.015216
-0.021818
-0.044432
-0.078376
-0.067399
-0.023694
-0.042852
0.023296
0.061569
-0.101008
-0.130318
-0.028546
-0.180223
0.069196
0.205688
0.032177
-0.121751
-0.174277
0.038709
-0.061812
0.004344
-0.028365
-0.226111
-0.051735
0.206509
0.290812
0.087398
-0.354584
0.126720
0.540236
-0.126581
-0.219793
0.223852
0.151292
0.439694
0.584491
-0.426620
-0.138159
0.501606
-0.006614
-0.126777
-0.303883
-0.347190
-0.211428
-0.130106
-0.218875
-0.162855
0.084479
-0.078201
0.224400
0.180366
-0.013851
0.066597
0.003617
-0.034203
-0.017969
0.119107
0.122037
0.110193
-0.009162
0.088006
0.136387
-0.048448
-0.040029
0.032158
-0.031275
-0.087660
-0.009635
-0.069808
-0.028899
-0.015051
0.000283
0.059156
0.001636
-0.017259
-0.050877
-0.028955
-0.038700
-0.032388
-0.049087
-0.031956
-0.009414
-0.008952
-0.001284
-0.043473
-0.038982
-0.046648
-0.050917
-0.043862
-0.028680
-0.039385
-0.024007
-0.007845
-0.007470
0.009848
0.006417
0.009407
0.010486
0.020580
-0.007389
-0.033272
-0.041171
-0.017679
0.029352
-0.007753
-0.030701
-0.049520
0.019085
0.085580
-0.116038
-0.186033
-0.052640
0.057546
0.123747
-0.009438
-0.084695
-0.032783
-0.205186
0.122495
0.163809
-0.227798
0.146853
-0.019620
0.041997
0.291460
-0.139990
-0.240409
-0.065954
0.347292
0.018077
-0.190215
0.206453
0.151145
0.492555
0.345453
-0.367885
-0.403230
0.154924
0.197681
0.172195
-0.017778
-0.316653
0.207076
-0.046164
-0.334178
-0.130622
-0.187343
-0.230584
0.077868
0.291540
0.016666
-0.098461
-0.135392
0.057074
0.006509
-0.017945
0.009117
-0.139162
-0.063287
-0.118944
-0.103006
-0.100134
-0.039806
-0.073581
-0.009623
0.056485
0.003088
0.010313
-0.047295
0.019292
0.058077
0.050653
0.013784
-0.012912
-0.001967
0.007891
0.014443
-0.008507
-0.005367
0.001775
0.018985
0.021873
0.001193
-0.027286
-0.027630
-0.023180
-0.010775
0.008300
0.000338
-0.007921
-0.011703
-0.012257
-0.016873
-0.016303
-0.012450
-0.010648
0.015556
0.025923
0.015422
0.004708
-0.035547
-0.026821
0.013118
0.041255
0.016730
-0.056760
-0.071585
-0.003702
0.025963
0.004214
0.071660
0.051550
0.030501
0.017422
-0.097937
-0.008419
0.104455
0.141704
0.058461
-0.031278
0.015000
-0.106909
-0.115328
0.212464
0.196145
0.001985
0.073033
0.148378
0.110181
-0.016744
0.116431
-0.127260
-0.038553
0.441187
-0.087409
-0.166688
-0.049060
-0.216001
-0.381531
-0.059972
0.469972
-0.276319
-0.151985
0.329896
0.010295
-0.158970
-0.009638
-0.006793
-0.016697
0.108262
-0.174798
-0.031884
0.013458
-0.110787
-0.130712
-0.105589
0.099904
0.081733
0.090525
0.062991
0.092210
0.088716
-0.002176
-0.045398
-0.070708
-0.001249
-0.072918
-0.072767
-0.038168
-0.034846
-0.002132
0.044820
0.042446
0.015499
0.005588
-0.011706
-0.024507
-0.033806
-0.035495
-0.030655
-0.025900
-0.008235
-0.005079
-0.013367
-0.016834
-0.017243
-0.015832
-0.011318
0.002946
0.000859
0.004614
0.008636
0.005324
-0.000695
-0.002498
-0.000319
-0.000077
-0.011464
-0.014860
-0.008580
-0.006412
-0.002263
0.004668
0.004600
0.025890
0.026214
-0.020918
-0.026343
-0.011096
-0.023716
-0.019360
0.015134
-0.018617
-0.035753
-0.008231
-0.007547
-0.001334
0.004728
0.008065
0.007929
0.012120
0.005173
0.000077
0.002704
0.001820
0.004035
0.003516
0.004814
0.005884
0.006270
0.005259
0.002389
0.001522
0.002348
0.004927
0.006707
0.006356
0.001421
-0.003110
-0.004915
-0.001448
0.002459
0.006075
0.005023
0.001016
-0.000176
-0.000271
0.001679
0.001479
0.001330
-0.000409
-0.001726
0.000415
0.001178
-0.000391
-0.000236
0.000320
0.000344
0.001433
0.002861
0.003134
0.002910
0.001647
0.001269
0.001679
0.002291
0.002542
0.002884
0.002970
0.002161
0.001330
0.000858
0.000660
0.000855
0.001007
0.000742
0.000443
0.000350
0.000647
0.000962
0.001111
0.000891
0.000530
0.000204
0.000082
0.000326
0.000718
0.000856
0.000730
0.000402
0.000120
0.000055
0.000238
0.000473
0.000456
0.000240
0.000026
-0.000043
0.000010
0.000254
0.000256
-0.000024
-0.000191
-0.000185
-0.000050
0.000310
0.000514
0.000281
-0.000087
-0.000348
-0.000416
-0.000125
0.000133
0.000098
-0.000133
-0.000453
-0.000534
-0.000286
-0.000050
-0.000048
-0.000080
-0.000184
-0.000267
-0.000114