0.015631
0.212248
0.371732
0.442394
0.406261
0.285907
0.135796
0.021444
-0.005638
0.072352
0.232673
0.420706
0.570783
0.631252
0.584181
0.452187
0.289779
0.162523
0.121981
0.186006
0.331914
0.505142
0.640081
0.685139
0.622443
0.474674
0.296403
0.153257
0.096861
0.145132
0.275448
0.433305
0.553157
0.583471
0.506434
0.344780
0.153137
-0.002816
-0.071402
-0.034657
0.084841
0.232634
0.343214
0.365084
0.280464
0.112120
-0.085296
-0.246080
-0.318537
-0.284689
-0.167099
-0.020221
0.090441
0.113392
0.030846
-0.134439
-0.327822
-0.483617
-0.550148
-0.509459
-0.384141
-0.228679
-0.108609
-0.075466
-0.147074
-0.300719
-0.481806
-0.624696
-0.677766
-0.623113
-0.483382
-0.313115
-0.177907
-0.129353
-0.185337
-0.323206
-0.488430
-0.615430
-0.652647
-0.582239
-0.426915
-0.241278
-0.090984
-0.027686
-0.069327
-0.193313
-0.345164
-0.459358
-0.484384
-0.402449
-0.236309
-0.040607
0.118960
0.190702
0.156643
0.039348
-0.106731
-0.216094
-0.237249
-0.152418
0.015631
0.212248
0.371732
0.442394
0.406261
0.285907
0.135796
0.021444
-0.005638
0.072352
0.232673
0.420706
0.570783
0.631252
0.584181
0.452187
0.289779
0.162523
0.121981
0.186006
0.331914
0.505142
0.640081
0.685139
0.622443
0.474674
0.296403
0.153257
0.096861
0.145132
0.275448
0.433305
0.553157
0.583471
0.506434
0.344780
0.153137
-0.002816
-0.071402
-0.034657
0.084841
0.232634
0.343214
0.365084
0.280464
0.112120
-0.085296
-0.246080
-0.318537
-0.284689
-0.167099
-0.020221
0.090441
0.113392
0.030846
-0.134439
-0.327822
-0.483617
-0.550148
-0.509459
-0.384141
-0.228679
-0.108609
-0.075466
-0.147074
-0.300719
-0.481806
-0.624696
-0.677766
-0.623113
-0.483382
-0.313115
-0.177907
-0.129353
-0.185337
-0.323206
-0.488430
-0.615430
-0.652647
-0.582239
-0.426915
-0.241278
-0.090984
-0.027686
-0.069327
-0.193313
-0.345164
-0.459358
-0.484384
-0.402449
-0.236309
-0.040607
0.118960
0.190702
0.156643
0.039348
-0.106731
-0.216094
-0.237249
-0.152418
-0.014688
-0.037697
0.123263
0.410320
0.716755
0.927750
0.964240
0.813104
0.532175
0.228150
0.015834
-0.025700
0.116688
0.385200
0.673187
0.865908
0.884367
0.715515
0.417256
0.096353
-0.132319
-0.189625
-0.062363
0.191730
0.466063
0.645945
0.652435
0.472529
0.164174
-0.165825
-0.402559
-0.466860
-0.345499
-0.096190
0.174496
0.351881
0.357035
0.176958
-0.130400
-0.458241
-0.691662
-0.751510
-0.624571
-0.368584
-0.090145
0.096038
0.110999
-0.058299
-0.353951
-0.669202
-0.889202
-0.934848
-0.792985
-0.521408
-0.226776
-0.023861
0.008305
-0.143382
-0.421088
-0.718128
-0.919724
-0.946845
-0.786410
-0.496287
-0.183209
0.037982
0.088178
-0.045793
-0.306168
-0.586332
-0.771570
-0.782920
-0.607359
-0.302817
0.023916
0.257944
0.320110
0.197193
-0.053087
-0.324154
-0.501331
-0.505685
-0.324223
-0.014898
0.315483
0.552008
0.615510
0.492763
0.241488
-0.031738
-0.212227
-0.221035
-0.045150
0.257497
0.580124
0.807851
0.861546
0.728021
0.465038
0.179223
-0.014688
-0.037697
0.123263
0.410320
0.716755
0.927750
0.964240
0.813104
0.532175
0.228150
0.015834
-0.025700
0.116688
0.385200
0.673187
0.865908
0.884367
0.715515
0.417256
0.096353
-0.132319
-0.189625
-0.062363
0.191730
0.466063
0.645945
0.652435
0.472529
0.164174
-0.165825
-0.402559
-0.466860
-0.345499
-0.096190
0.174496
0.351881
0.357035
0.176958
-0.130400
-0.458241
-0.691662
-0.751510
-0.624571
-0.368584
-0.090145
0.096038
0.110999
-0.058299
-0.353951
-0.669202
-0.889202
-0.934848
-0.792985
-0.521408
-0.226776
-0.023861
0.008305
-0.143382
-0.421088
-0.718128
-0.919724
-0.946845
-0.786410
-0.496287
-0.183209
0.037982
0.088178
-0.045793
-0.306168
-0.586332
-0.771570
-0.782920
-0.607359
-0.302817
0.023916
0.257944
0.320110
0.197193
-0.053087
-0.324154
-0.501331
-0.505685
-0.324223
-0.014898
0.315483
0.552008
0.615510
0.492763
0.241488
-0.031738
-0.212227
-0.221035
-0.045150
0.257497
0.580124
0.807851
0.861546
0.728021
0.465038
0.179223