0.220016
0.281618
0.330986
0.366582
0.388224
0.396807
0.393866
0.381141
0.360307
0.332931
0.300622
0.265274
0.229235
0.195270
0.166284
0.144847
0.132670
0.130196
0.136465
0.149308
0.165810
0.182913
0.197968
0.209083
0.215175
0.215779
0.210714
0.199777
0.182617
0.158823
0.128228
0.091258
0.049206
0.004266
-0.040709
-0.082685
-0.119002
-0.147850
-0.168503
-0.181246
-0.187039
-0.187062
-0.182293
-0.173290
-0.160236
-0.143216
-0.122591
-0.099309
-0.075014
-0.051886
-0.032250
-0.018102
-0.010700
-0.010381
-0.016652
-0.028526
-0.044957
-0.065211
-0.089033
-0.116544
-0.147906
-0.182906
-0.220615
-0.259277
-0.296480
-0.329584
-0.356244
-0.374879
-0.384914
-0.386742
-0.381426
-0.370287
-0.354515
-0.334978
-0.312260
-0.286917
-0.259805
-0.232319
-0.206423
-0.184396
-0.168373
-0.159792
-0.158967
-0.164895
-0.175399
-0.187550
-0.198225
-0.204642
-0.204703
-0.197067
-0.180994
-0.156061
-0.121922
-0.078227
-0.024778
0.038149
0.109429
0.186835
0.267044
0.345945
0.419201
0.482913
0.534192
0.571499
0.594649
0.604537
0.602695
0.590864
0.570717
0.543820
0.511782
0.476497
0.440311
0.405992
0.376443
0.354238
0.341084
0.337428
0.342311
0.353564
0.368275
0.383386
0.396253
0.404983
0.408497
0.406333
0.398311
0.384233
0.363748
0.336452
0.302179
0.261359
0.215290
0.166169
0.116852
0.070380
0.029415
-0.004228
-0.029816
-0.047631
-0.058630
-0.063984
-0.064668
-0.061233
-0.053859
-0.042624
-0.027882
-0.010577
0.007653
0.024635
0.038048
0.045905
0.046953
0.040861
0.028128
0.009748
-0.013227
-0.040056
-0.070479
-0.104608
-0.142599
-0.184235
-0.228578
-0.273865
-0.317681
-0.357375
-0.390599
-0.415764
-0.432288
-0.440557
-0.441631
-0.436822
-0.427315
-0.413969
-0.397366
-0.378054
-0.356882
-0.335241
-0.315087
-0.298697
-0.288196
-0.285021
-0.289477
-0.300557
-0.316080
-0.333110
-0.348521
-0.359526
-0.364022
-0.360664
-0.348707
-0.327725
-0.297367
-0.257280
-0.207262
-0.147586
-0.079375
-0.004850
0.072667
0.149067
0.533628
0.517689
0.488714
0.450350
0.405746
0.357392
0.307336
0.257613
0.210638
0.169328
0.136831
0.115918
0.108232
0.113674
0.130161
0.153897
0.180092
0.203925
0.221457
0.230215
0.229306
0.219069
0.200462
0.174429
0.141534
0.101963
0.055899
0.004077
-0.051747
-0.108633
-0.162736
-0.209965
-0.246833
-0.271203
-0.282687
-0.282554
-0.273190
-0.257310
-0.237210
-0.214299
-0.189092
-0.161598
-0.131943
-0.100953
-0.070439
-0.043058
-0.021786
-0.009175
-0.006693
-0.014369
-0.030892
-0.054114
-0.081781
-0.112195
-0.144583
-0.179019
-0.215946
-0.255499
-0.296896
-0.338153
-0.376260
-0.407773
-0.429635
-0.439926
-0.438302
-0.425970
-0.405223
-0.378726
-0.348821
-0.317106
-0.284415
-0.251175
-0.217966
-0.185998
-0.157292
-0.134426
-0.119907
-0.115368
-0.120876
-0.134608
-0.153035
-0.171567
-0.185465
-0.190728
-0.184689
-0.166163
-0.135166
-0.092375
-0.038589
0.025560
0.099540
0.182501
0.272729
0.367195
0.461477
0.550133
0.627496
0.688652
0.730335
0.751431
0.752986
0.737707
0.709175
0.671035
0.626438
0.577873
0.527388
0.477020
0.429183
0.386795
0.353005
0.330586
0.321183
0.324697
0.339048
0.360441
0.384090
0.405177
0.419762
0.425379
0.421135
0.407375
0.385057
0.355134
0.318168
0.274353
0.223875
0.167473
0.106907
0.045122
-0.014030
-0.066456
-0.108661
-0.138506
-0.155596
-0.161194
-0.157680
-0.147765
-0.133737
-0.117001
-0.098065
-0.076932
-0.053721
-0.029253
-0.005331
0.015393
0.029952
0.035798
0.031470
0.016946
-0.006455
-0.036579
-0.071165
-0.108509
-0.147832
-0.189198
-0.233045
-0.279502
-0.327779
-0.375885
-0.420804
-0.459086
-0.487665
-0.504616
-0.509589
-0.503783
-0.489485
-0.469354
-0.445726
-0.420193
-0.393580
-0.366312
-0.338961
-0.312732
-0.289639
-0.272256
-0.263084
-0.263751
-0.274318
-0.292958
-0.316136
-0.339259
-0.357581
-0.367099
-0.365142
-0.350519
-0.323243
-0.283987
-0.233548
-0.172552
-0.101532
-0.021330
0.066339
0.158450
0.250582
0.337298
0.412929
0.472567
0.512943
0.532948