-0.015737
-0.018999
-0.026315
-0.027861
-0.022440
-0.025356
-0.023242
-0.017825
-0.029492
-0.018931
-0.003443
0.005342
0.000592
-0.018099
-0.008642
-0.045611
-0.009703
0.055823
-0.009535
-0.059241
-0.031903
0.029056
0.068768
0.070544
0.056678
-0.001421
-0.034832
-0.104555
-0.077635
-0.012814
0.028838
0.036074
0.055135
0.039910
0.043399
0.112203
-0.133301
-0.199364
-0.131126
-0.037488
0.233011
0.155592
-0.158639
-0.073473
0.099607
-0.212760
-0.272837
-0.091058
0.013866
0.112389
-0.163291
-0.039107
0.186701
0.072037
-0.007747
-0.104961
-0.142855
-0.027565
0.068233
0.081024
0.165316
0.156598
0.024877
0.054530
0.094555
-0.012260
0.010672
-0.009068
0.016803
0.004231
-0.102948
-0.084160
-0.015849
0.013175
0.018785
0.015652
0.018234
0.037702
0.032092
-0.004965
-0.009584
-0.017918
-0.007588
0.018521
0.012470
0.001764
0.014946
0.015088
0.005200
0.002393
-0.007258
0.005600
0.012184
0.011998
0.002569
0.010897
0.017588
0.019546
0.017272
0.013411
0.021936
0.011329
-0.002153
0.004741
0.009113
0.021065
0.012685
0.004428
0.019403
0.025000
0.024132
-0.000076
-0.017402
0.004892
0.010732
0.000788
0.018804
0.017945
0.029173
-0.017670
-0.025704
0.009469
-0.003855
0.009793
0.026927
0.069163
0.066096
-0.060872
-0.061555
0.083090
0.108485
-0.081137
-0.076181
0.088533
0.059601
0.164069
0.006337
-0.208563
-0.143183
-0.159154
-0.047437
0.004390
0.064027
0.243467
0.116067
-0.231175
-0.096229
0.197785
-0.081629
-0.300610
-0.234603
-0.006351
0.290420
0.236879
0.125110
0.112644
0.056050
0.174551
0.146561
-0.061440
-0.162625
-0.013766
0.111433
-0.005072
-0.067308
-0.077621
0.040288
-0.026965
-0.046631
0.053320
-0.014849
0.045866
0.029022
-0.016166
-0.036267
0.008490
0.015990
-0.027932
-0.022759
-0.050498
0.008787
-0.010936
-0.046672
-0.026435
-0.025010
-0.021192
-0.012893
0.000936
-0.012366
-0.002950
-0.009548
-0.004545
-0.008936
-0.027105
-0.019646
-0.019054
-0.020336
-0.022994
-0.007902
-0.005403
-0.004601
0.000110
-0.002794
-0.000958
-0.007644
-0.012303
-0.020729
-0.018996
-0.016136
-0.012592
-0.040913
-0.051348
-0.012346
-0.001749
0.011816
-0.017787
-0.027035
-0.011640
-0.038637
-0.005106
0.001279
-0.035276
-0.030674
0.003438
0.076583
0.013294
-0.030874
0.059297
0.098467
0.083108
0.030832
0.035262
-0.007422
-0.119863
-0.112349
0.024285
0.088408
-0.076103
-0.198185
-0.197229
-0.012111
0.109311
0.058960
0.018300
-0.076749
0.018051
-0.123593
-0.095040
0.015705
-0.222499
-0.137388
-0.071467
-0.017598
-0.162239
-0.058226
0.198883
0.216532
0.205588
-0.023001
0.045618
0.115086
0.163990
0.069276
-0.025486
-0.009775
-0.027987
0.012474
-0.046835
0.068891
0.116415
0.075122
0.039082
-0.001817
-0.005562
-0.034945
-0.008192
-0.035543
-0.031656
-0.020833
-0.007926
0.005411
-0.007080
-0.000817
-0.013608
-0.001570
-0.019919
-0.013682
-0.000882
0.001255
0.001301
-0.008030
0.000764
-0.002674
-0.000480
0.001822
-0.005341
-0.007568
-0.012913
-0.011344
-0.003642
0.010414
0.013174
0.011300
0.008712
0.006406
0.013362
0.013377
0.012555
-0.003705
0.007844
0.009281
-0.033822
-0.023785
0.023344
-0.003455
-0.004387
0.018433
-0.022607
-0.022498
-0.014274
-0.037243
-0.038708
-0.032944
-0.040582
0.044181
-0.031952
-0.080548
0.032962
-0.137186
-0.011954
0.096749
-0.128361
-0.229573
-0.122498
0.062476
0.196282
0.125378
-0.093587
0.026711
-0.057865
-0.146379
-0.052363
-0.020806
-0.059010
-0.074076
0.026423
-0.077635
-0.199150
-0.125730
0.015537
0.044628
0.013765
0.071697
0.133792
0.078154
-0.088503
-0.089610
0.065216
-0.054699
-0.043618
0.033758
0.022423
0.080032
0.017031
-0.019688
0.003470
0.070266
0.068680
0.029818
-0.018165
-0.005742
0.071545
0.055610
0.053607
0.020743
0.027550
0.051409
0.052385
0.030777
0.001767
0.012138
-0.000804
0.031351
0.023083
0.025680
0.039500
0.030485
0.022837
0.013698
0.016035
0.009561
0.012727
0.009887
0.022190
0.024861
0.016779
0.023231
0.024410
0.026022
0.027387
0.029613
0.027699
0.020213
0.016371
0.007487
0.017766
0.011628
0.019892
0.036795
0.016191
0.001081
0.016013
0.038087
0.000989
-0.021571
0.011065
0.017032
0.018028
0.042497
-0.006651
-0.004853
0.049622
-0.041030
-0.030391
-0.049693
-0.147027
0.049693
0.091434
0.066558
0.211319
0.008075
-0.120027
-0.050142
-0.079959
0.077688
0.054544
0.147560
0.262104
0.145353
0.124915
-0.061846
-0.185267
-0.053852
0.201372
0.121599
-0.084592
-0.089290
0.016062
0.021047
0.013600
-0.005586
-0.136031
0.033646
-0.029869
0.051924
0.114145
-0.114061
0.109724
0.065327
0.012317
-0.089271
-0.181832
0.044016
0.085592
-0.025433
-0.109086
-0.070637
-0.037025
-0.010999
-0.027685
-0.024675
-0.014177
-0.066985
-0.068027
-0.026272
-0.007774
0.008163
-0.009365
-0.023214
-0.006842
0.002412
-0.004421
0.001970
-0.005306
-0.021928
-0.015573
-0.013531
-0.023353
-0.018776
-0.025125
-0.030413
-0.018507
-0.025007
-0.025063
-0.018935
-0.022292
-0.022205
-0.028911
-0.027667
-0.020971
-0.023369
-0.015872
-0.010474
-0.006241
-0.020325
-0.032382
-0.033272
-0.027935
-0.020799
0.001760
0.011494
-0.019179
-0.030808
-0.034913
-0.031191
-0.016253
-0.016988
0.003771
0.009721
-0.005834
0.016448
0.025063
0.000411
0.007567
0.098785
-0.001211
-0.017373
-0.054886
-0.120182
0.129690
0.133447
0.087477
-0.003787
-0.049259
0.047325
0.014899
-0.117553
-0.261713
-0.093746
0.120052
0.113615
-0.002657
-0.104964
-0.037706
-0.015725
-0.154466
-0.283342
-0.218009
-0.131893
-0.014444
0.103111
0.025276
0.038378
0.071546
0.035456
0.089509
-0.028083
-0.193657
-0.085055
-0.007222
0.121370
0.170432
0.081117
0.086439
0.060273
0.090355
0.095989
0.027641
0.002726
0.006234
0.048150
0.027634
0.014312
0.002920
-0.032990
-0.003088
0.014210
-0.008111
-0.003173
-0.006339
-0.018321
-0.004736
-0.008525
0.005020
0.022483
0.022748
0.019057
0.026948
0.023439
0.007012
-0.002379
-0.010611
-0.005292
0.000370
0.006755
0.015555
0.019614
0.022470
0.026592
0.029346
0.023029
0.021707
0.020672
0.011395
0.012863
0.018422
0.011338
0.010390
0.018810
0.024161
0.026481
0.016337
0.035717
0.023921
0.007114
-0.061305
-0.052728
0.044304
0.033712
0.036730
-0.008302
-0.041576
-0.062697
0.008303
0.075301
0.055508
0.086770
-0.021017
-0.125768
-0.024028
0.041897
0.042915
0.001325
-0.008647
0.163224
0.030084
-0.183715
-0.099839
-0.081080
-0.080519
0.099571
0.000447
0.038018
0.205859
-0.256448
-0.087159
0.182735
0.046182
-0.067106
-0.161966
0.030188
0.125087
0.225996
-0.068521
-0.115684
0.014714
0.057698
0.244303
0.055026
0.005126
0.093148
0.149082
0.070346
-0.023421
-0.049365
-0.038467
-0.019419
-0.106448
-0.047208
0.011796
0.023047
0.045437
0.032286
0.005882
0.033902
0.023854
-0.044402
-0.055313
-0.052539
-0.029691
-0.028501
-0.029456
-0.011277
-0.002299
-0.008731
-0.017966
-0.008619
-0.018678
-0.021271
-0.012901
-0.017091
-0.012487
-0.014399
-0.022028
-0.013974
-0.013873
-0.016773
-0.013844
-0.015751
-0.023745
-0.024094
-0.020235
-0.019160
-0.014316
-0.015212
-0.016140
-0.012263
-0.020682
-0.027034
-0.014793
-0.019337
-0.028616
-0.051614
-0.052986
-0.025186
-0.030295
-0.007772
0.010417
-0.070268
-0.103688
-0.055046
-0.091468
0.033179
0.104639
0.037287
-0.075998
-0.142697
-0.023108
-0.022414
-0.003445
-0.042689
-0.135504
-0.062582
0.073730
0.162926
0.069118
-0.217858
-0.035726
0.244397
0.022860
-0.108015
0.058961
0.133516
0.314844
0.365817
-0.117198
-0.063965
0.221066
0.121889
0.045419
-0.175135
-0.233763
-0.119559
-0.086529
-0.132688
-0.103356
-0.015433
-0.072484
0.102689
0.083489
-0.005008
0.029439
-0.024593
-0.006690
0.020567
0.053557
0.088677
0.098588
-0.000947
0.043576
0.091730
0.003814
-0.014940
0.023607
0.002503
-0.025429
-0.012901
-0.029075
0.003863
-0.013351
-0.021062
0.025231
0.004335
-0.007340
-0.019831
-0.027188
-0.025371
-0.011806
-0.021532
-0.022829
-0.006725
-0.016761
-0.001805
-0.010323
-0.028369
-0.024980
-0.025816
-0.037068
-0.029698
-0.029933
-0.030693
-0.022703
-0.020975
-0.016249
-0.017698
-0.015023
-0.009839
0.000695
-0.010621
-0.021390
-0.024994
-0.017648
0.009791
0.000814
-0.016444
-0.033913
-0.002418
0.038133
-0.054951
-0.114220
-0.060309
0.027494
0.089448
-0.001396
-0.075195
-0.056841
-0.123671
0.051874
0.104514
-0.081081
0.038527
-0.027489
0.035916
0.140762
-0.058486
-0.141108
-0.097833
0.147872
0.067716
-0.069612
0.061969
0.099884
0.303020
0.210702
-0.158425
-0.233566
0.031245
0.194068
0.226870
0.030185
-0.187029
0.047137
-0.018652
-0.148860
-0.110020
-0.138869
-0.121486
0.034996
0.146950
0.056833
-0.054383
-0.135167
0.000449
0.046133
0.010033
0.002871
-0.056883
-0.057987
-0.079314
-0.059355
-0.075199
-0.056143
-0.070634
-0.045560
0.011411
-0.007962
0.003713
-0.018405
-0.012316
0.009938
0.010810
0.002565
-0.002057
0.000459
-0.001732
0.003437
-0.005476
-0.007813
-0.005336
-0.005891
0.001361
0.003243
-0.002908
-0.010552
-0.008503
-0.007532
-0.008162
-0.008549
-0.008601
-0.012884
-0.015968
-0.016311
-0.017818
-0.013776
-0.017209
-0.007315
0.005244
0.001946
-0.002029
-0.018877
-0.015890
0.004954
0.021830
0.012326
-0.031705
-0.053512
-0.017643
0.014190
0.007465
0.033347
0.027414
0.018308
0.005812
-0.048665
-0.004058
0.063211
0.101035
0.057420
-0.022726
-0.018454
-0.055106
-0.051201
0.107102
0.137503
0.043859
0.021559
0.069254
0.099653
0.036305
0.083939
-0.016346
0.015749
0.233563
0.031810
-0.060614
-0.090536
-0.128435
-0.177042
-0.067538
0.222711
-0.058587
-0.108426
0.072978
0.046229
-0.025903
-0.047804
-0.012816
0.027306
0.043917
-0.087218
-0.022392
-0.014817
-0.072928
-0.092654
-0.095350
0.017381
0.058510
0.057725
0.043492
0.059061
0.050188
0.009601
-0.007246
-0.046384
-0.016008
-0.028005
-0.038771
-0.025853
-0.014311
-0.009027
-0.000717
0.012295
-0.000685
-0.001308
-0.006667
-0.001185
-0.009589
-0.023014
-0.011604
-0.014823
-0.019061
-0.012680
-0.013851
-0.016081
-0.018138
-0.018962
-0.019316
-0.008543
-0.008166
-0.010065
-0.002480
0.003937
-0.005191
-0.007677
0.000664
-0.001843
-0.008270
-0.011828
-0.011423
-0.010361
-0.004435
0.002716
0.001633
0.010659
0.013123
-0.008401
-0.018020
-0.009347
-0.006361
-0.005773
0.008136
-0.005904
-0.017876
-0.011225
-0.007801
-0.001063
-0.001221
-0.001270
0.002632
0.006434
0.002949
0.001935
0.002354
0.000437
0.001426
0.001074
0.002836
0.003458
0.002362
0.002622
0.003315
0.001998
0.001335
0.001727
0.000611
0.002030
0.001588
-0.001264
-0.003390
-0.001047
0.000586
0.000828
0.003253
0.003387
0.002382
0.000002
0.001666
0.002582
0.000492
0.000903
0.000866
0.000091
-0.000249
0.000225
0.000074
0.001005
0.001032
0.001072
0.001961
0.002794
0.002317
0.001672
0.001353
0.001289
0.000871
0.001267
0.001682
0.002242
0.002150
0.002010
0.001727
0.001626
0.001749
0.001856
0.001668
0.001461
0.001145
0.000959
0.000964
0.001117
0.001070
0.001060
0.001019
0.000890
0.000810
0.000736
0.000751
0.000827
0.000825
0.000694
0.000517
0.000385
0.000343
0.000392
0.000375
0.000219
0.000021
-0.000106
-0.000108
-0.000087
-0.000044
-0.000016
-0.000046
-0.000085
-0.000032
-0.000020
0.000008
0.000034
-0.000058
-0.000180
-0.000159
0.000015
0.000039
-0.000006
-0.000112
-0.000190
-0.000269
-0.000140
-0.021899
-0.014510
-0.027135
-0.021303
-0.025339
-0.008754
0.006377
-0.001773
0.022719
-0.009860
0.007159
-0.053883
-0.041231
0.108073
0.016483
-0.083760
-0.027069
0.034760
0.079129
0.087075
0.104553
0.012823
-0.027107
-0.135039
-0.149121
-0.037048
0.005551
0.038594
0.057769
0.094031
0.022744
0.225913
-0.128239
-0.359115
-0.167182
-0.171228
0.249441
0.298299
-0.244687
-0.153362
0.320636
-0.237715
-0.533465
-0.056463
-0.029656
0.182368
-0.194933
-0.139372
0.379225
0.148102
0.042226
-0.051721
-0.187061
-0.056622
0.084861
0.032858
0.203980
0.273020
0.071230
0.070617
0.191070
-0.041073
-0.044599
-0.039645
-0.035884
0.002765
-0.170743
-0.115208
0.001904
0.037439
0.050135
0.023452
0.023216
0.040913
0.045597
-0.015874
-0.027409
-0.038685
0.000496
0.029487
-0.000668
-0.005150
0.021984
0.029022
-0.006371
-0.006967
0.003735
0.022318
0.001933
0.009114
-0.007365
-0.000666
0.020104
0.025891
0.041184
0.024699
0.025239
0.032715
0.000986
-0.021651
-0.017711
0.021980
0.021629
-0.005105
0.016690
0.034234
0.046653
0.001769
-0.051768
-0.019593
0.009235
-0.026844
0.012663
0.023954
0.055811
0.001279
-0.054261
0.034587
-0.000426
-0.004907
0.034797
0.092743
0.134009
-0.072761
-0.140652
0.116401
0.194217
-0.122416
-0.202576
0.157368
0.034508
0.188882
0.150685
-0.331533
-0.166407
-0.196324
-0.158528
-0.036077
0.008022
0.368337
0.298887
-0.314658
-0.219997
0.421835
-0.052872
-0.498455
-0.291867
-0.066683
0.360914
0.374811
0.172964
0.238342
0.107252
0.238781
0.225244
-0.173189
-0.310938
-0.117031
0.144892
-0.046268
-0.103059
-0.067137
0.108804
0.036595
-0.117731
0.109792
-0.087050
0.018150
0.069365
-0.060020
-0.056092
0.009569
0.054310
-0.065651
-0.016541
-0.072055
-0.009253
-0.008754
-0.078710
-0.032970
-0.031907
-0.003225
-0.011898
-0.001759
-0.028668
-0.004328
0.013057
0.002215
-0.013711
-0.023031
-0.009654
-0.034225
-0.016651
-0.025889
-0.024700
-0.002605
0.021784
0.029811
-0.001798
-0.004088
0.006641
-0.007565
-0.061014
-0.057922
-0.026955
-0.015003
-0.044039
-0.079051
0.000422
0.015068
0.027831
0.002576
-0.040311
0.000176
-0.042899
0.000008
0.040912
-0.051272
-0.033295
0.014903
0.133113
0.058730
-0.082511
0.080934
0.138537
0.097232
0.034019
0.041310
0.016273
-0.189000
-0.212816
-0.009350
0.156957
-0.068153
-0.253623
-0.258677
-0.071343
0.167297
0.033848
0.044545
-0.105342
0.041083
-0.115785
-0.271427
0.142363
-0.314051
-0.222398
0.005299
0.031049
-0.171500
-0.155194
0.391854
0.286160
0.358710
0.010704
0.026698
0.157953
0.177418
0.099395
-0.116788
0.024449
-0.060866
0.033548
-0.085558
0.044548
0.194970
0.093437
0.062814
-0.020031
0.000857
-0.084124
-0.039055
-0.078654
-0.084575
-0.026887
-0.008091
0.008923
-0.017230
0.022980
-0.016950
-0.003932
-0.026639
-0.026484
-0.010038
-0.010130
0.006014
-0.007160
0.000013
-0.002138
0.007838
0.020203
-0.011742
-0.031774
-0.019704
-0.002975
-0.000414
0.011838
0.031129
0.035171
0.028060
0.008549
0.017022
0.012342
0.001162
-0.023278
-0.008248
0.013176
-0.062233
-0.059065
0.048530
-0.002651
-0.040191
0.042337
-0.021593
-0.033739
0.002636
-0.056630
-0.081275
-0.040753
-0.074696
0.045241
0.022469
-0.165856
0.125119
-0.166006
-0.114750
0.282089
-0.132911
-0.342199
-0.169027
0.080401
0.212777
0.248927
-0.138904
0.072321
0.034100
-0.293836
-0.097797
-0.057718
-0.085433
-0.139448
0.106030
-0.004399
-0.283504
-0.157309
0.072657
0.055596
-0.000942
0.124561
0.195078
0.149817
-0.090123
-0.190832
0.135811
-0.049706
-0.152978
0.109185
0.015335
0.111547
0.077284
-0.034775
0.001339
0.112903
0.125596
0.028149
-0.026066
-0.053499
0.087054
0.051583
0.079176
0.048321
0.016278
0.099746
0.067705
0.022090
-0.034810
0.008094
-0.023511
0.026451
0.028930
0.028340
0.059908
0.018054
0.023636
0.007380
-0.006955
-0.020083
0.013649
0.018938
0.016341
0.019690
0.022888
0.037913
0.021408
0.026660
0.039546
0.034141
0.022032
0.006154
0.013081
-0.005660
0.000789
0.010295
0.012651
0.045724
0.017305
-0.006229
0.017428
0.058316
0.001200
-0.053074
0.008478
0.009887
-0.014429
0.057849
0.005143
-0.042107
0.101893
-0.038384
-0.079976
0.005603
-0.255838
0.006547
0.190694
0.004274
0.344627
0.154425
-0.214744
0.010930
-0.127404
0.035734
0.069362
0.090903
0.431275
0.190121
0.213780
0.000013
-0.333254
-0.185646
0.253772
0.156507
-0.189224
-0.118199
0.033552
0.052416
-0.030505
0.076239
-0.212162
0.018159
0.030266
-0.086782
0.245091
-0.248763
0.108292
0.196453
-0.023208
-0.051944
-0.323340
0.020583
0.119546
-0.072304
-0.171359
-0.069641
-0.037024
0.007029
-0.027566
-0.044769
0.021904
-0.091010
-0.109514
-0.024919
-0.007842
0.037040
0.024614
-0.024916
0.011736
0.012587
-0.005996
0.005384
-0.012064
-0.026908
-0.013696
0.002211
-0.030499
-0.033404
-0.033398
-0.033858
-0.024075
-0.034454
-0.023178
-0.014024
-0.017046
-0.003819
-0.018528
-0.037694
-0.021979
-0.019569
0.002347
-0.013829
-0.013638
-0.002369
-0.019769
-0.033517
-0.037574
-0.037850
-0.004957
0.030318
-0.020120
-0.026844
-0.019168
-0.039099
-0.011565
-0.015058
0.001090
0.028158
-0.008821
0.040397
0.050914
0.000768
-0.024655
0.165421
0.047529
-0.069508
0.002369
-0.265748
0.130070
0.216784
0.064678
0.042088
-0.084962
0.084055
0.032579
-0.157674
-0.423582
-0.226133
0.164537
0.142141
-0.001107
-0.135150
-0.016672
0.033889
-0.164686
-0.400046
-0.318211
-0.163383
-0.071800
0.173592
0.086241
0.075645
0.207652
0.096828
0.144812
0.059738
-0.314431
-0.152638
-0.020914
0.091979
0.282014
0.143757
0.181011
0.151631
0.120355
0.146284
-0.009504
-0.052359
-0.045810
0.015207
0.015875
0.010541
0.027035
-0.034185
-0.011759
0.027657
-0.015301
-0.030639
-0.020637
-0.047864
-0.015671
-0.004939
-0.002626
0.018347
0.032537
0.027985
0.037313
0.034186
-0.005424
-0.016320
-0.016982
-0.005063
-0.000372
-0.000259
0.005164
0.024673
0.047286
0.040006
0.043558
0.037933
0.034399
0.029126
-0.005857
-0.011782
0.006500
0.000349
-0.002182
0.024857
0.029382
0.038348
0.011449
0.041414
0.030727
-0.006280
-0.091582
-0.133950
0.064074
0.033776
0.040669
0.023060
-0.038277
-0.079047
-0.020989
0.115602
0.044646
0.140627
0.048482
-0.202965
-0.058040
0.078045
0.014939
-0.004489
-0.045227
0.246867
0.146406
-0.303540
-0.130713
-0.062697
-0.205511
0.111557
0.073549
-0.090270
0.480185
-0.295516
-0.329072
0.434122
0.026224
-0.096802
-0.250141
0.053886
0.132055
0.335176
0.007670
-0.256193
0.124094
0.034421
0.337889
0.061450
-0.062319
0.110095
0.182397
0.105840
-0.096793
-0.056441
-0.055681
-0.021498
-0.180877
-0.094483
0.000202
0.012186
0.075661
0.065391
0.021045
0.047531
0.042099
-0.092576
-0.100586
-0.100500
-0.059185
-0.051996
-0.032742
-0.001808
0.006975
0.029417
-0.015463
-0.025522
-0.029175
-0.030450
-0.013435
-0.017889
-0.028069
-0.010392
-0.015501
-0.015999
-0.003381
-0.008783
-0.020060
-0.023177
-0.021069
-0.022260
-0.018822
-0.030634
-0.006171
0.002162
-0.028087
-0.024962
-0.018998
-0.032336
-0.015855
-0.022041
-0.046133
-0.064638
-0.072599
-0.025633
-0.039805
-0.014140
0.056753
-0.040399
-0.147775
-0.033395
-0.139592
-0.016429
0.201280
0.060268
-0.061412
-0.207998
-0.009344
-0.018323
-0.028019
0.006295
-0.180924
-0.112189
0.127828
0.244751
0.192264
-0.264800
-0.115860
0.484817
0.073156
-0.261293
0.108161
0.178635
0.294306
0.641231
-0.159235
-0.311447
0.406054
0.106487
-0.054146
-0.231969
-0.384807
-0.183851
-0.134133
-0.166513
-0.186854
0.064778
-0.068013
0.128298
0.212497
-0.029373
0.066530
-0.017394
-0.024262
-0.019304
0.064749
0.124949
0.139386
0.006632
0.042200
0.157000
-0.006597
-0.051124
0.015446
-0.004620
-0.081064
-0.019294
-0.047445
-0.026417
-0.004530
-0.023734
0.067370
0.014138
-0.021693
-0.033584
-0.028226
-0.042592
-0.027604
-0.030906
-0.051463
0.009034
-0.004247
-0.005753
-0.022226
-0.047483
-0.039448
-0.035228
-0.061901
-0.052284
-0.034893
-0.028769
-0.006264
-0.013247
-0.010365
0.006989
0.026861
0.005392
0.006208
0.002946
-0.023441
-0.030126
-0.032334
0.017672
0.009519
-0.019735
-0.043578
-0.013416
0.084744
-0.055286
-0.181129
-0.083562
0.017075
0.116706
0.035394
-0.104198
-0.022445
-0.168282
-0.004243
0.247063
-0.182323
0.044409
0.056525
-0.053441
0.284593
-0.039186
-0.213940
-0.145817
0.218745
0.177573
-0.197565
0.120173
0.133109
0.370955
0.429547
-0.189361
-0.430091
-0.001347
0.223109
0.181837
0.105533
-0.328005
0.074915
0.092560
-0.298777
-0.148640
-0.160805
-0.215936
-0.020356
0.245120
0.094494
-0.044868
-0.161037
-0.002959
0.069599
-0.046236
0.025602
-0.110260
-0.082318
-0.101005
-0.089019
-0.089099
-0.040915
-0.057764
-0.060607
0.065332
-0.005816
0.010654
-0.024694
-0.019046
0.049937
0.046825
0.018097
-0.005296
-0.001804
0.002826
0.016402
-0.001865
-0.007043
-0.003668
0.014322
0.029852
0.001385
-0.021996
-0.026760
-0.020777
-0.007171
-0.008515
-0.013884
0.001115
-0.011813
-0.011560
-0.010123
-0.036093
-0.020002
-0.000258
0.006468
0.017664
0.004607
0.011061
-0.008507
-0.031491
-0.004966
0.031211
0.026528
-0.040131
-0.075310
-0.026404
0.026941
0.000717
0.049068
0.067881
0.022631
0.029074
-0.077042
-0.039797
0.082051
0.128976
0.094535
-0.029905
-0.004062
-0.052574
-0.133702
0.119966
0.230347
0.039382
0.035090
0.106548
0.146347
0.001631
0.081813
-0.013051
-0.140333
0.362010
0.073124
-0.179206
-0.052975
-0.176233
-0.267673
-0.230390
0.397166
-0.029660
-0.278185
0.227538
0.098455
-0.092117
-0.073689
0.000938
-0.034494
0.105893
-0.125800
-0.078604
0.044491
-0.100272
-0.093386
-0.129784
0.038726
0.099020
0.075282
0.069653
0.071854
0.087900
0.014473
-0.017851
-0.082029
-0.015402
-0.040011
-0.072859
-0.036895
-0.029325
-0.001257
0.029859
0.041767
0.011904
0.013956
-0.012331
-0.022164
-0.026122
-0.043711
-0.021745
-0.020958
-0.021132
0.000601
-0.010891
-0.022109
-0.024903
-0.011440
-0.012791
-0.016340
-0.003391
0.012608
0.006477
0.003342
0.002669
-0.001389
0.002050
-0.005706
-0.010631
-0.008776
-0.020722
-0.013795
0.005828
0.008786
0.000383
0.013116
0.031322
-0.002109
-0.028300
-0.019482
-0.012675
-0.018326
0.005911
-0.008898
-0.034550
-0.009911
-0.008280
-0.005057
0.002613
0.007640
0.009325
0.009714
0.005599
0.002526
0.004541
-0.001987
0.000466
0.002587
0.004395
0.006100
0.006496
0.007705
0.003974
0.001091
0.000906
0.003687
0.003153
0.004559
0.004232
-0.002492
-0.005008
-0.003259
-0.000310
0.003089
0.004991
0.004974
0.002035
-0.000709
0.001040
0.000896
0.000616
-0.000612
-0.000376
0.000605
0.000163
0.000176
-0.000001
-0.000769
-0.000020
0.001454
0.001390
0.003424
0.003548
0.002882
0.002117
0.001267
0.001410
0.002093
0.002052
0.002725
0.002601
0.001679
0.001085
0.001643
0.001401
0.001238
0.000811
0.000554
0.000533
0.000486
0.000595
0.001024
0.001153
0.000928
0.000597
0.000274
0.000248
0.000537
0.000836
0.000902
0.000706
0.000434
0.000237
0.000213
0.000412
0.000592
0.000412
0.000093
-0.000064
-0.000093
0.000080
0.000196
0.000102
-0.000106
-0.000250
-0.000233
0.000119
0.000389
0.000318
0.000149
-0.000186
-0.000530
-0.000412
-0.000070
0.000077
0.000075
-0.000097
-0.000320
-0.000390
-0.000254
-0.000162
-0.000022
-0.000052
-0.000065