0.195754
0.350126
0.432890
0.421177
0.327925
0.196905
0.085968
0.044919
0.096462
0.227501
0.394115
0.538314
0.610161
0.586831
0.481309
0.337413
0.213046
0.158066
0.195230
0.311501
0.463016
0.591843
0.648108
0.609046
0.487703
0.327963
0.187788
0.117099
0.138717
0.239664
0.376139
0.490269
0.532237
0.479336
0.344667
0.172163
0.019841
-0.062333
-0.051492
0.039429
0.166668
0.272389
0.306808
0.247247
0.106834
-0.070475
-0.226645
-0.311694
-0.302743
-0.212721
-0.085386
0.021425
0.057925
0.001428
-0.134952
-0.307272
-0.457520
-0.535735
-0.519067
-0.420474
-0.283748
-0.166762
-0.119345
-0.164226
-0.288335
-0.447781
-0.584598
-0.648882
-0.617835
-0.504474
-0.352649
-0.220292
-0.157292
-0.186441
-0.294730
-0.438330
-0.559340
-0.607915
-0.561322
-0.432637
-0.265772
-0.118717
-0.041421
-0.056731
-0.151693
-0.282531
-0.391392
-0.428483
-0.371113
-0.232402
-0.056301
0.099163
0.184008
0.175358
0.086140
-0.039892
-0.144907
-0.179122
-0.119862
0.019748
0.195754
0.350126
0.432890
0.421177
0.327925
0.196905
0.085968
0.044919
0.096462
0.227501
0.394115
0.538314
0.610161
0.586831
0.481309
0.337413
0.213046
0.158066
0.195230
0.311501
0.463016
0.591843
0.648108
0.609046
0.487703
0.327963
0.187788
0.117099
0.138717
0.239664
0.376139
0.490269
0.532237
0.479336
0.344667
0.172163
0.019841
-0.062333
-0.051492
0.039429
0.166668
0.272389
0.306808
0.247247
0.106834
-0.070475
-0.226645
-0.311694
-0.302743
-0.212721
-0.085386
0.021425
0.057925
0.001428
-0.134952
-0.307272
-0.457520
-0.535735
-0.519067
-0.420474
-0.283748
-0.166762
-0.119345
-0.164226
-0.288335
-0.447781
-0.584598
-0.648882
-0.617835
-0.504474
-0.352649
-0.220292
-0.157292
-0.186441
-0.294730
-0.438330
-0.559340
-0.607915
-0.561322
-0.432637
-0.265772
-0.118717
-0.041421
-0.056731
-0.151693
-0.282531
-0.391392
-0.428483
-0.371113
-0.232402
-0.056301
0.099163
0.184008
0.175358
0.086140
-0.039892
-0.144907
-0.179122
-0.119862
0.019748
0.161607
0.008852
0.008588
0.165636
0.424094
0.688674
0.861089
0.877578
0.733259
0.483983
0.225000
0.054577
0.036465
0.175554
0.416015
0.662630
0.817182
0.815982
0.654216
0.387806
0.112068
-0.074664
-0.108575
0.015288
0.241154
0.473865
0.615258
0.601696
0.428414
0.151378
-0.134052
-0.329505
-0.371131
-0.253947
-0.033697
0.194482
0.332446
0.316571
0.142101
-0.134993
-0.419350
-0.612605
-0.650915
-0.529312
-0.303555
-0.068805
0.076770
0.069514
-0.095361
-0.361923
-0.634853
-0.815830
-0.841060
-0.705626
-0.465344
-0.215428
-0.054111
-0.045106
-0.193269
-0.442733
-0.698245
-0.861554
-0.868937
-0.715544
-0.457265
-0.189384
-0.010204
0.016490
-0.114226
-0.346555
-0.585314
-0.732314
-0.723897
-0.555278
-0.282404
-0.000619
0.191720
0.230776
0.111576
-0.110128
-0.339194
-0.477473
-0.461341
-0.286043
-0.007553
0.278764
0.474532
0.515901
0.397889
0.176243
-0.053895
-0.194373
-0.181556
-0.010678
0.262305
0.542050
0.730208
0.762958
0.635351
0.403173
0.161607
0.008852
0.008588
0.165636
0.424094
0.688674
0.861089
0.877578
0.733259
0.483983
0.225000
0.054577
0.036465
0.175554
0.416015
0.662630
0.817182
0.815982
0.654216
0.387806
0.112068
-0.074664
-0.108575
0.015288
0.241154
0.473865
0.615258
0.601696
0.428414
0.151378
-0.134052
-0.329505
-0.371131
-0.253947
-0.033697
0.194482
0.332446
0.316571
0.142101
-0.134993
-0.419350
-0.612605
-0.650915
-0.529312
-0.303555
-0.068805
0.076770
0.069514
-0.095361
-0.361923
-0.634853
-0.815830
-0.841060
-0.705626
-0.465344
-0.215428
-0.054111
-0.045106
-0.193269
-0.442733
-0.698245
-0.861554
-0.868937
-0.715544
-0.457265
-0.189384
-0.010204
0.016490
-0.114226
-0.346555
-0.585314
-0.732314
-0.723897
-0.555278
-0.282404
-0.000619
0.191720
0.230776
0.111576
-0.110128
-0.339194
-0.477473
-0.461341
-0.286043
-0.007553
0.278764
0.474532
0.515901
0.397889
0.176243
-0.053895
-0.194373
-0.181556
-0.010678
0.262305
0.542050
0.730208
0.762958
0.635351
0.403173