-0.016249
-0.015937
-0.021970
-0.021808
-0.033720
-0.025781
-0.000394
0.017608
0.016194
-0.013842
-0.009218
-0.037059
-0.016482
0.059008
-0.006698
-0.079141
-0.031524
0.033644
0.059540
0.058073
0.061569
0.013594
-0.020547
-0.088604
-0.085580
-0.015174
0.022706
0.017566
0.024916
0.035798
0.039848
0.129998
-0.097041
-0.230711
-0.121683
-0.044817
0.201067
0.171187
-0.189442
-0.106835
0.186657
-0.173397
-0.370328
-0.056968
0.048657
0.062192
-0.182488
-0.085711
0.211196
0.103310
-0.016073
-0.080215
-0.126505
-0.017735
0.070073
0.037924
0.127705
0.183947
0.041022
0.032656
0.143968
0.031140
-0.010042
0.009723
0.015875
-0.009354
-0.104519
-0.084688
-0.010608
0.013877
0.016874
0.015952
0.013549
0.030541
0.053947
-0.003492
-0.029745
-0.007767
0.013402
0.020594
0.011585
-0.002995
0.012178
0.000518
-0.017805
0.009462
0.014369
0.014664
0.016224
0.016639
0.008096
0.003997
-0.005066
0.001192
0.010610
0.008678
0.016918
0.016865
0.009257
0.016506
0.010543
0.009189
0.003412
-0.001593
0.015302
0.020134
0.019235
0.007551
-0.009751
0.010313
0.019968
-0.005102
0.015392
0.024337
0.029007
-0.018382
-0.037417
0.013260
-0.000120
-0.007495
0.023038
0.076075
0.085373
-0.052491
-0.071584
0.102787
0.134438
-0.089679
-0.114399
0.106520
0.068867
0.133162
0.058395
-0.213333
-0.147483
-0.108845
-0.080965
-0.045553
0.036330
0.250253
0.136210
-0.254577
-0.113862
0.287726
-0.041127
-0.381888
-0.234114
-0.006012
0.231492
0.225356
0.091463
0.104036
0.110293
0.221899
0.183413
-0.056787
-0.145897
-0.005428
0.106127
-0.040684
-0.095096
-0.065301
0.036768
-0.001886
-0.063325
0.047704
0.000073
0.041164
0.045738
-0.019596
-0.036491
0.014626
0.014481
-0.052269
-0.018001
-0.046866
-0.025537
-0.006124
-0.040574
-0.030855
-0.002097
0.007050
-0.017010
-0.024115
-0.025592
-0.003038
-0.025010
-0.035649
-0.005017
-0.005392
-0.014803
-0.009165
-0.002346
-0.021003
-0.030527
-0.027614
-0.017737
-0.012971
-0.006262
0.010765
0.001846
-0.008275
-0.000830
0.007428
-0.011570
-0.027435
-0.046269
-0.053235
-0.017926
-0.011591
-0.001373
-0.017285
-0.027083
-0.004074
-0.031902
-0.008439
0.020330
-0.025144
-0.034831
0.002643
0.080158
0.024902
-0.049596
0.052140
0.112106
0.080430
0.036340
0.052669
0.017510
-0.118859
-0.124583
0.025813
0.101884
-0.078748
-0.219105
-0.198997
-0.025299
0.110980
0.029743
-0.005988
-0.060177
0.026516
-0.095080
-0.137980
0.046724
-0.207939
-0.200247
-0.044882
-0.018848
-0.195005
-0.112910
0.224041
0.212472
0.190952
0.019370
0.049355
0.144955
0.187266
0.083119
-0.056592
0.000480
-0.003700
0.003902
-0.061274
0.049627
0.137449
0.071538
0.039900
0.028201
0.023889
-0.022587
-0.004732
-0.043561
-0.049172
-0.013917
-0.003786
-0.013012
-0.017436
0.011808
-0.007986
-0.010847
-0.006100
0.000798
-0.007403
-0.013357
-0.008863
-0.011972
-0.007170
-0.004186
0.001918
0.007593
0.000420
-0.006851
-0.015310
-0.016718
-0.011301
-0.000531
0.000682
-0.003260
-0.003377
0.000277
0.015736
0.021626
0.018369
0.002682
0.016659
0.025490
-0.028907
-0.037337
0.015940
-0.008584
-0.024434
0.012856
-0.023308
-0.032455
0.002917
-0.018598
-0.041968
-0.025059
-0.027393
0.035865
-0.014721
-0.099680
0.031047
-0.120145
-0.056590
0.143448
-0.104557
-0.278655
-0.118012
0.086777
0.162550
0.120861
-0.086153
0.027101
0.003950
-0.157192
-0.070283
-0.012008
-0.072004
-0.107379
0.026585
-0.063061
-0.231480
-0.131584
0.029235
0.024993
-0.009263
0.074549
0.144600
0.092060
-0.078801
-0.096875
0.082979
-0.029538
-0.084965
0.038033
0.027674
0.064138
0.023254
-0.026882
0.014539
0.100356
0.101832
0.024115
-0.015342
-0.006405
0.058677
0.052980
0.055517
0.019358
0.028374
0.075964
0.061225
0.026037
0.002707
0.027890
-0.003872
0.006029
0.032693
0.036850
0.029244
0.028249
0.033170
0.020982
0.017632
0.010449
0.015887
0.004071
0.005199
0.025796
0.015410
0.007535
0.016575
0.023967
0.023901
0.023462
0.025037
0.030238
0.029177
0.013400
0.019509
0.007913
0.007476
0.030688
0.008401
-0.014365
0.011692
0.047500
0.010177
-0.027457
0.013347
0.027768
0.013263
0.037112
-0.001486
-0.015882
0.059265
-0.021817
-0.054692
-0.035390
-0.147733
0.016040
0.114780
0.039802
0.200974
0.073572
-0.139523
-0.033306
-0.043163
0.042448
0.050577
0.116436
0.265386
0.151870
0.139102
-0.008021
-0.193076
-0.059124
0.235544
0.129872
-0.137210
-0.096487
0.043572
0.018870
-0.018121
0.024817
-0.130731
0.004002
0.027222
-0.001958
0.104942
-0.112178
0.068623
0.120460
0.004416
-0.079136
-0.178674
0.016188
0.097493
-0.045615
-0.146118
-0.059692
-0.010227
-0.016575
-0.035951
-0.031236
-0.008601
-0.070551
-0.092310
-0.031498
-0.012071
-0.005759
-0.008208
-0.026358
-0.001205
0.014245
0.000428
-0.005287
-0.019974
-0.024300
-0.015044
-0.005382
-0.014677
-0.009078
-0.007899
-0.028858
-0.034129
-0.020247
-0.020822
-0.025596
-0.026144
-0.018331
-0.014014
-0.024771
-0.024397
-0.019824
-0.017799
-0.015367
-0.002613
-0.015382
-0.027480
-0.023511
-0.018482
-0.016237
-0.004074
0.008147
-0.017415
-0.030106
-0.027513
-0.033412
-0.026768
-0.017334
0.004052
0.007569
-0.012499
0.013238
0.028211
0.002605
-0.004764
0.100413
0.021254
-0.038664
-0.034099
-0.137402
0.096930
0.169207
0.064894
-0.007187
-0.035073
0.071640
0.043552
-0.115920
-0.280650
-0.123317
0.131640
0.102487
-0.040291
-0.110593
-0.013164
0.016140
-0.140281
-0.297400
-0.226122
-0.125056
-0.056218
0.061271
0.009923
0.010787
0.094918
0.061433
0.095774
0.025404
-0.189011
-0.106193
0.003845
0.086124
0.154966
0.074372
0.078562
0.088343
0.106340
0.122204
0.039072
0.006756
0.023332
0.053382
0.029106
0.011299
0.008692
-0.027670
-0.014493
0.018500
-0.005553
-0.012800
0.003625
-0.008261
0.000238
0.006533
0.009314
0.022922
0.025093
0.004489
0.006665
0.013090
0.004848
0.004066
-0.003420
0.006612
0.020647
0.009588
0.000210
-0.002628
0.001558
0.014397
0.018664
0.016280
0.023275
0.031497
0.030809
0.022763
0.015400
0.002987
-0.003965
0.008785
0.012724
0.014735
0.008396
0.036108
0.037625
0.017451
-0.048765
-0.059784
0.049643
0.036450
0.020586
-0.002351
-0.040501
-0.063213
-0.000871
0.077995
0.050751
0.088297
0.013525
-0.131898
-0.029268
0.079321
0.029741
-0.024033
-0.006722
0.176549
0.067417
-0.199859
-0.101766
-0.038953
-0.103103
0.060625
0.022632
-0.019435
0.234528
-0.206781
-0.199967
0.252985
0.094627
-0.120992
-0.175033
0.049599
0.119205
0.196304
-0.042042
-0.171172
0.045836
0.099779
0.220708
0.053281
-0.016418
0.112933
0.179748
0.072518
-0.033710
-0.014512
-0.019925
-0.024372
-0.113103
-0.074722
0.007516
0.015816
0.024112
0.042604
0.019120
0.040625
0.042112
-0.046222
-0.051756
-0.047848
-0.050624
-0.044411
-0.037822
-0.026111
-0.002293
0.003175
-0.015513
-0.016715
-0.021036
-0.014443
-0.014937
-0.026977
-0.021088
-0.014012
-0.023718
-0.016259
-0.010949
-0.019460
-0.022769
-0.023263
-0.023445
-0.021898
-0.014812
-0.012270
-0.015823
-0.024529
-0.020177
-0.006466
-0.017665
-0.037386
-0.015468
0.000519
-0.017083
-0.045420
-0.054284
-0.027909
-0.033801
-0.017529
0.007356
-0.070236
-0.113688
-0.041134
-0.086872
-0.000113
0.129530
0.056473
-0.074532
-0.139269
-0.014193
-0.011677
-0.024464
-0.034114
-0.146251
-0.100807
0.085753
0.176309
0.066606
-0.222313
-0.048739
0.311187
0.043917
-0.177399
0.061137
0.156340
0.266115
0.397984
-0.090490
-0.144983
0.320286
0.195010
-0.027178
-0.158100
-0.194461
-0.122562
-0.103950
-0.138178
-0.145983
-0.028519
-0.063430
0.067640
0.105298
-0.006296
0.037658
0.005059
-0.028306
0.014556
0.071740
0.071351
0.072180
0.003495
0.029455
0.100920
0.013489
-0.014571
0.046973
0.021246
-0.030850
-0.007232
-0.033397
-0.016174
-0.013973
-0.039703
0.011634
0.005509
-0.007559
-0.016590
-0.023234
-0.020325
-0.006541
-0.025345
-0.031634
-0.012062
-0.021787
-0.006527
-0.000410
-0.021120
-0.029337
-0.013146
-0.010858
-0.019683
-0.039341
-0.042415
-0.026760
-0.027235
-0.030125
-0.030191
-0.026042
-0.014373
0.012456
0.007931
-0.020006
-0.020038
-0.003352
0.016866
-0.002853
-0.029891
-0.037158
-0.002010
0.044771
-0.048095
-0.127616
-0.056797
0.038129
0.080569
0.000387
-0.083302
-0.050479
-0.112208
0.017148
0.125997
-0.098198
0.001104
0.016746
0.003741
0.156917
-0.020730
-0.171550
-0.096595
0.171626
0.095979
-0.129123
0.053154
0.134457
0.282780
0.264002
-0.129618
-0.268727
0.060320
0.238834
0.174273
0.015682
-0.188237
0.051776
0.042804
-0.183523
-0.123150
-0.108841
-0.153158
-0.008314
0.154959
0.049558
-0.073624
-0.120440
0.006229
0.055061
0.007556
0.010339
-0.070422
-0.065512
-0.074132
-0.080459
-0.087846
-0.053200
-0.055593
-0.058061
0.002183
-0.003074
-0.014535
-0.028893
-0.004246
0.015939
0.016315
0.009469
-0.002849
-0.002976
-0.008651
-0.001563
-0.005968
-0.018430
-0.004891
0.012912
0.008348
0.011565
0.013092
-0.004058
-0.012269
-0.010620
0.002705
0.003433
-0.016966
-0.020135
-0.003761
-0.000871
-0.011544
-0.022277
-0.027546
-0.013862
0.005525
0.008205
0.002892
-0.015581
-0.011103
0.015242
0.027495
0.013037
-0.033819
-0.054560
-0.018345
0.011870
-0.000160
0.020776
0.027991
0.012894
0.005755
-0.050544
-0.017738
0.071082
0.105771
0.054578
-0.023439
-0.009851
-0.045152
-0.076187
0.092707
0.154619
0.023273
0.010917
0.090073
0.112258
0.036407
0.084891
0.007508
-0.017643
0.262430
0.080922
-0.114814
-0.057010
-0.094312
-0.205286
-0.109598
0.251587
-0.044847
-0.203276
0.116616
0.095846
-0.079134
-0.046934
0.032520
0.008879
0.040889
-0.066807
-0.062050
-0.014578
-0.060012
-0.098132
-0.118098
0.010638
0.072754
0.038113
0.023648
0.067690
0.070864
0.011408
-0.003876
-0.029952
-0.014622
-0.030618
-0.045348
-0.045336
-0.033326
-0.005722
0.008123
0.007072
0.000551
0.011086
0.006338
-0.007888
-0.003767
-0.006464
-0.018337
-0.023930
-0.017304
-0.005294
-0.007017
-0.018983
-0.019572
-0.013770
-0.022717
-0.015515
-0.006892
-0.010399
-0.007307
0.004458
0.003726
0.000394
0.001221
-0.000445
-0.007050
-0.013421
-0.010579
-0.007191
-0.008393
-0.000977
-0.001387
0.001537
0.004990
-0.011743
-0.015039
-0.004673
-0.002671
-0.002124
0.015082
-0.000593
-0.024023
-0.017242
-0.012628
-0.009920
-0.008422
-0.005088
-0.001617
0.005132
0.008184
0.005563
0.006575
0.006267
0.007511
0.005486
0.002698
0.003389
0.002854
0.001749
0.000701
0.001032
0.001879
0.003410
0.003985
0.003744
0.002423
0.000679
-0.000202
-0.001474
-0.000863
0.002283
0.002129
0.000788
0.001824
0.001191
0.000156
0.000430
0.001609
-0.000393
-0.000170
0.001044
0.001137
0.001727
0.001118
0.000887
0.000880
0.000868
0.000893
0.002128
0.001955
0.001557
0.001417
0.001637
0.001511
0.000967
0.000956
0.001847
0.001916
0.002059
0.002022
0.001882
0.001666
0.001855
0.001632
0.001091
0.000756
0.000900
0.000833
0.000768
0.000774
0.000873
0.000850
0.000737
0.000700
0.000771
0.000923
0.001051
0.000979
0.000685
0.000395
0.000361
0.000429
0.000532
0.000548
0.000439
0.000331
0.000221
0.000194
0.000188
0.000198
0.000106
0.000007
-0.000041
-0.000045
-0.000033
-0.000011
-0.000078
-0.000196
-0.000288
-0.000319
-0.000311
-0.000209
-0.000131
-0.000237
-0.000242
-0.000220
-0.000211
-0.000165
-0.000032
-0.000057
-0.000060
-0.022397
-0.020493
-0.035809
-0.028317
0.003384
0.011222
0.016450
0.002978
0.009331
-0.035090
-0.042656
0.070638
0.035078
-0.074727
-0.041582
0.018607
0.046740
0.055317
0.082106
0.040118
-0.002677
-0.075234
-0.117634
-0.052555
-0.006761
0.014684
0.026197
0.059736
0.029450
0.155251
-0.027779
-0.267414
-0.163753
-0.132234
0.115721
0.234677
-0.136398
-0.155730
0.231439
-0.087471
-0.473891
-0.125351
0.018602
0.076864
-0.122478
-0.149321
0.226602
0.179059
0.027822
-0.035863
-0.112027
-0.041630
0.053575
0.020153
0.124363
0.231669
0.104585
0.020422
0.150218
0.055509
-0.047092
-0.015360
0.004154
0.002992
-0.103428
-0.118888
-0.020159
0.022409
0.023042
0.015478
0.023867
0.031509
0.040568
0.001864
-0.027485
-0.016021
0.020736
0.032538
0.022359
0.002212
0.003600
-0.001694
-0.024045
-0.001562
0.000216
0.022535
0.035297
0.018158
0.004139
0.004013
-0.003561
-0.002824
0.001126
0.009932
0.022722
0.021973
0.020439
0.020062
0.002574
0.007158
0.013252
-0.013729
-0.004686
0.019071
0.034630
0.019807
-0.019132
-0.013110
0.017454
-0.009642
0.006882
0.026314
0.037592
0.008103
-0.041724
0.005415
0.003375
-0.010156
0.025694
0.075275
0.114685
-0.020934
-0.106889
0.076073
0.164373
-0.059301
-0.175999
0.077374
0.066761
0.109764
0.152204
-0.182704
-0.169964
-0.116085
-0.157645
-0.101969
-0.022916
0.250798
0.250679
-0.192796
-0.200091
0.302751
0.080749
-0.380458
-0.271221
-0.053006
0.182546
0.272292
0.143903
0.152794
0.146320
0.211553
0.205155
-0.055644
-0.182231
-0.072096
0.093942
-0.030989
-0.114392
-0.058244
0.036084
0.025111
-0.080470
0.030598
-0.022096
0.014915
0.073264
-0.016300
-0.044190
0.011266
0.035880
-0.052425
-0.023617
-0.046787
-0.048963
-0.020003
-0.051592
-0.029941
0.002462
0.011337
-0.011925
-0.013517
-0.034576
-0.027862
-0.027568
-0.030823
-0.010397
-0.013835
0.001533
0.006852
-0.002266
-0.016476
-0.026769
-0.029087
-0.022773
-0.010770
-0.008858
0.000596
0.004971
0.010483
-0.000708
-0.025631
-0.027470
-0.016526
-0.036852
-0.075434
-0.028955
0.002247
0.006176
-0.005864
-0.026412
0.005230
-0.023428
-0.012703
0.034988
-0.024962
-0.035616
0.012626
0.097356
0.057008
-0.063341
0.036813
0.122589
0.081167
0.035110
0.049883
0.041531
-0.114995
-0.176482
-0.035610
0.108435
-0.019711
-0.201748
-0.228406
-0.102358
0.083520
0.019104
-0.001876
-0.047976
0.019285
-0.062466
-0.219188
0.061998
-0.153569
-0.238466
-0.017221
0.016194
-0.154656
-0.180605
0.222250
0.247501
0.247690
0.088305
0.030990
0.150271
0.191100
0.110466
-0.058599
0.020136
0.004733
-0.000205
-0.077409
-0.003068
0.142315
0.085610
0.049959
0.028308
0.030273
-0.050024
-0.030800
-0.041283
-0.069369
-0.021997
-0.003987
-0.005194
-0.025784
0.011050
0.001133
-0.010366
-0.003259
-0.002537
-0.006084
-0.015473
-0.012896
-0.014198
-0.012884
-0.005519
0.002177
0.007763
-0.005781
-0.010019
-0.016874
-0.009784
0.002832
0.001085
0.001399
0.000410
0.009383
-0.001278
0.008773
0.020358
0.016733
-0.007514
-0.002955
0.027652
-0.023146
-0.048121
0.019674
-0.000326
-0.049306
0.008946
-0.007130
-0.036966
0.002965
-0.018027
-0.060854
-0.040311
-0.042107
0.010075
0.015177
-0.115101
0.038435
-0.087180
-0.133151
0.184575
-0.017165
-0.281585
-0.176261
0.039556
0.128693
0.166493
-0.045046
0.023309
0.062779
-0.189827
-0.138915
-0.041608
-0.065593
-0.122287
0.044388
0.009592
-0.232381
-0.165658
0.018327
0.020309
-0.010959
0.077737
0.158545
0.145549
-0.023798
-0.134417
0.068238
0.007232
-0.127405
0.037305
0.036191
0.067231
0.069361
-0.021680
-0.004283
0.097357
0.129792
0.031982
-0.006733
-0.006206
0.052067
0.045443
0.056533
0.036733
0.028290
0.081163
0.071404
0.054275
-0.005101
0.014473
-0.003339
-0.004786
0.018532
0.025526
0.041541
0.040767
0.032952
0.011073
0.011365
-0.006057
0.000010
0.016401
0.020130
0.025777
0.017605
0.016747
0.020981
0.013137
0.015198
0.026253
0.029503
0.020737
0.020757
0.015837
0.018210
0.004160
0.000990
0.034296
0.008605
-0.014796
0.012327
0.047883
0.015799
-0.035190
0.004125
0.022626
-0.006029
0.030873
0.014777
-0.032040
0.059831
0.006613
-0.066949
-0.006608
-0.155280
-0.054456
0.128568
0.027001
0.217352
0.197950
-0.115481
-0.022826
-0.042708
-0.014790
0.043020
0.069239
0.306613
0.206679
0.180512
0.064703
-0.225712
-0.159521
0.176990
0.160644
-0.119691
-0.108758
0.039713
0.031510
-0.048904
0.043105
-0.121762
-0.040486
0.063672
-0.068244
0.125911
-0.103273
0.007833
0.178593
0.018221
-0.047027
-0.211903
-0.051511
0.093557
-0.037357
-0.153083
-0.086143
-0.021874
-0.012697
-0.043052
-0.039230
0.011136
-0.054863
-0.110317
-0.054011
-0.019389
-0.007299
0.011215
-0.005012
0.012642
0.034071
-0.008886
-0.017222
-0.022253
-0.030966
-0.014286
-0.007712
-0.004211
-0.007544
-0.021471
-0.027332
-0.035698
-0.027500
-0.031947
-0.024921
-0.010973
-0.019327
-0.013263
-0.016436
-0.017974
-0.015436
-0.013571
-0.017806
-0.010878
-0.018618
-0.013013
-0.014136
-0.027994
-0.025267
-0.011137
0.016553
-0.010178
-0.029813
-0.016145
-0.027550
-0.029799
-0.022439
-0.005260
0.018985
-0.000329
0.022331
0.037092
0.005287
-0.020657
0.103834
0.077345
-0.042328
-0.004213
-0.169601
0.020728
0.186077
0.064073
0.021376
-0.031837
0.064723
0.059456
-0.104466
-0.313755
-0.232998
0.079121
0.101611
-0.034562
-0.103771
-0.018907
0.039573
-0.098413
-0.309023
-0.277360
-0.154144
-0.103347
0.059077
0.058815
0.033214
0.133943
0.100841
0.107513
0.092614
-0.168667
-0.148961
-0.008543
0.059156
0.179672
0.125650
0.116338
0.133636
0.110701
0.127418
0.029075
-0.015570
0.003952
0.029830
0.035125
0.015384
0.016721
-0.015252
-0.023654
0.008679
-0.014310
-0.036418
-0.005010
-0.008802
0.000444
0.016683
0.015574
0.020439
0.025559
0.011848
0.005300
0.008706
-0.006544
-0.004146
0.006973
0.014982
0.024146
0.012818
0.001714
0.000059
0.002022
0.009328
0.007574
0.014985
0.034382
0.037840
0.031271
0.020845
0.016169
0.010141
-0.015533
-0.007390
0.006864
0.016230
0.011111
0.032077
0.044544
0.023645
-0.041586
-0.095818
0.023994
0.036634
0.018284
0.023149
-0.021870
-0.064157
-0.030682
0.071724
0.053189
0.104439
0.078406
-0.125205
-0.078777
0.067265
0.015669
-0.030960
-0.029327
0.168546
0.155390
-0.182814
-0.135465
-0.036111
-0.147858
0.005693
0.061692
-0.060983
0.296679
-0.089584
-0.334178
0.256186
0.147406
-0.101289
-0.184893
0.025257
0.116021
0.215464
0.065386
-0.200497
0.049956
0.094944
0.188119
0.092082
-0.022180
0.089717
0.184970
0.102665
-0.056716
-0.027777
-0.024204
-0.026934
-0.117218
-0.099957
-0.026395
0.003435
0.031458
0.038721
0.025134
0.039031
0.060427
-0.042899
-0.070291
-0.053972
-0.071975
-0.066628
-0.044137
-0.012720
0.007560
0.006622
-0.006372
-0.025624
-0.033708
-0.021399
-0.022542
-0.024641
-0.021839
-0.017948
-0.016838
-0.009735
-0.016802
-0.017858
-0.022917
-0.030788
-0.024929
-0.018513
-0.011533
-0.013003
-0.012022
-0.018421
-0.017137
-0.021489
-0.031190
-0.035507
-0.018342
-0.008364
-0.025394
-0.041312
-0.054386
-0.030450
-0.037698
-0.027062
0.023489
-0.032074
-0.120037
-0.052482
-0.102055
-0.055082
0.142901
0.084614
-0.042209
-0.140207
-0.030445
-0.015066
-0.049129
-0.008956
-0.123673
-0.128419
0.071781
0.191701
0.150388
-0.155930
-0.111077
0.348639
0.142302
-0.198977
0.038088
0.166423
0.213136
0.470821
0.015029
-0.270726
0.283538
0.223947
-0.069534
-0.146779
-0.226030
-0.171696
-0.133205
-0.151028
-0.195197
-0.027126
-0.042915
0.031580
0.162917
0.023087
0.027721
0.041539
-0.012263
-0.007321
0.080281
0.090963
0.092566
0.036459
0.020471
0.098424
0.017898
-0.039481
0.021202
0.027752
-0.041296
-0.024458
-0.036659
-0.039603
-0.008714
-0.046793
0.002345
0.013797
-0.010021
-0.019848
-0.013355
-0.006824
-0.019246
-0.031358
-0.035070
-0.018021
-0.016319
-0.006543
-0.019421
-0.030004
-0.030190
-0.024382
-0.024484
-0.028460
-0.030697
-0.026803
-0.025331
-0.032219
-0.027009
-0.020824
-0.012169
-0.001320
0.007765
0.005530
-0.003388
-0.012630
-0.021190
0.002075
0.006067
-0.020933
-0.042632
-0.023429
0.055511
-0.009889
-0.136329
-0.089640
0.009331
0.072033
0.035800
-0.060323
-0.036568
-0.115999
-0.054777
0.156871
-0.082954
-0.025103
0.072860
-0.031096
0.179589
0.047907
-0.167858
-0.121313
0.145633
0.167753
-0.143492
0.030882
0.144560
0.259005
0.371914
-0.044993
-0.329510
-0.032767
0.183595
0.134169
0.078286
-0.178231
0.017256
0.106475
-0.206970
-0.175482
-0.106115
-0.180527
-0.079234
0.164314
0.091765
-0.049493
-0.108542
-0.028451
0.040989
-0.018436
0.017165
-0.069464
-0.064120
-0.064629
-0.104098
-0.101591
-0.063828
-0.043396
-0.054962
0.003287
0.004192
-0.010533
-0.035940
-0.008172
0.031215
0.028371
0.019055
0.001489
0.012239
0.008275
0.000081
-0.007694
-0.024155
-0.011086
0.014680
0.023321
0.020809
0.008484
-0.008550
-0.018316
-0.019178
-0.012196
-0.009184
-0.009832
0.003934
0.005538
-0.007092
-0.009756
-0.020308
-0.024402
-0.008845
0.007380
0.004369
0.008324
-0.002425
-0.017047
-0.002881
0.020951
0.032142
-0.017414
-0.063396
-0.032339
0.016259
0.001387
0.017876
0.045166
0.023473
0.022550
-0.043810
-0.046035
0.047331
0.102331
0.083575
0.003909
0.011304
-0.021354
-0.108907
0.048739
0.184620
0.055539
0.027945
0.097779
0.123475
0.035406
0.058200
0.020022
-0.095180
0.236735
0.149489
-0.138067
-0.037119
-0.088377
-0.234286
-0.215968
0.231264
0.050905
-0.254812
0.116892
0.140151
-0.087835
-0.068941
0.017669
-0.014974
0.062546
-0.047753
-0.089672
0.011226
-0.039883
-0.096148
-0.131851
-0.009064
0.068151
0.049545
0.036586
0.062414
0.099829
0.018923
-0.019502
-0.037289
-0.009985
-0.031543
-0.058173
-0.035509
-0.038474
-0.019254
0.009765
0.014983
0.005452
0.013106
0.013613
-0.009737
-0.015771
-0.015698
-0.028221
-0.028710
-0.013261
-0.004049
-0.004524
-0.006985
-0.019201
-0.016084
-0.021625
-0.012779
-0.010472
-0.010020
0.007651
0.008602
-0.000198
-0.002300
0.003766
-0.002358
-0.014511
-0.010437
-0.002577
-0.008448
-0.008084
0.007747
0.000015
-0.003885
0.015060
-0.004337
-0.025931
-0.015733
-0.005459
-0.008107
0.010052
0.003279
-0.025863
-0.017216
-0.009949
-0.011733
-0.009310
-0.002671
0.004083
0.008490
0.007751
0.005238
0.009842
0.008465
0.003480
0.002649
0.002135
0.001910
0.003183
0.003231
0.001928
0.002578
0.002755
0.003670
0.004787
0.005785
0.003948
0.000310
-0.001841
0.000079
0.002559
0.001840
0.000933
0.000462
0.000570
0.000580
0.002553
0.002453
-0.000406
-0.000811
0.000271
0.000497
0.002334
0.003080
0.001466
0.000734
-0.000333
-0.000741
0.000129
0.000947
0.000983
0.001441
0.001781
0.002516
0.002212
0.002383
0.002753
0.002295
0.001618
0.001630
0.001301
0.001080
0.001433
0.001619
0.001034
0.000873
0.000834
0.000775
0.000750
0.000990
0.000974
0.000638
0.000380
0.000337
0.000544
0.000863
0.000975
0.000903
0.000625
0.000388
0.000425
0.000485
0.000489
0.000593
0.000569
0.000284
0.000203
0.000260
0.000270
0.000269
0.000154
-0.000083
-0.000203
-0.000162
-0.000009
0.000131
0.000114
-0.000027
-0.000092
-0.000159
-0.000162
0.000007
-0.000088
-0.000346
-0.000370
-0.000232
-0.000158
0.000023
0.000024
-0.000220
-0.000334
-0.000278
-0.000198
-0.000073