-0.014990
-0.023472
-0.021614
-0.035118
-0.026395
0.002073
0.013506
0.013982
-0.007244
0.001430
-0.035044
-0.027483
0.065903
0.011233
-0.076688
-0.035885
0.026773
0.052628
0.056181
0.073321
0.025454
-0.012533
-0.084467
-0.100010
-0.032050
0.008207
0.015620
0.024802
0.047412
0.035668
0.143448
-0.069017
-0.248810
-0.139485
-0.084059
0.165742
0.197108
-0.171163
-0.126887
0.211080
-0.138212
-0.419974
-0.081622
0.037859
0.066376
-0.162979
-0.115122
0.223039
0.135895
0.000809
-0.061340
-0.122709
-0.023944
0.065702
0.028934
0.126231
0.208630
0.070113
0.022974
0.149400
0.041905
-0.029118
-0.001320
0.010406
-0.002204
-0.105102
-0.097803
-0.013989
0.012373
0.018444
0.013398
0.019589
0.034525
0.051853
0.000554
-0.029298
-0.010819
0.013550
0.024772
0.018370
0.000363
0.009432
-0.005106
-0.020314
0.008708
0.005731
0.016658
0.026882
0.017626
0.004745
0.002455
-0.004543
0.003505
0.007444
0.005113
0.017590
0.019116
0.015014
0.020655
0.006277
0.010101
0.010078
-0.009691
0.002799
0.019596
0.026617
0.011407
-0.014086
0.000714
0.021896
-0.006308
0.009659
0.024583
0.030727
-0.007855
-0.037902
0.012319
0.003331
-0.009112
0.024555
0.076600
0.099587
-0.041568
-0.088689
0.091916
0.146550
-0.077761
-0.141313
0.099461
0.069886
0.122490
0.098343
-0.205557
-0.156219
-0.110388
-0.115195
-0.071399
0.007035
0.254912
0.184431
-0.232451
-0.149225
0.298436
0.008916
-0.387441
-0.245330
-0.021038
0.211809
0.248696
0.110472
0.125006
0.126163
0.220497
0.194549
-0.058454
-0.157290
-0.029978
0.103297
-0.039804
-0.106062
-0.062206
0.033443
0.007870
-0.077120
0.038297
-0.005638
0.033309
0.060789
-0.021322
-0.039414
0.011942
0.020360
-0.052315
-0.019528
-0.045145
-0.036256
-0.011839
-0.046316
-0.029979
0.002545
0.003750
-0.016115
-0.018420
-0.027411
-0.012325
-0.033298
-0.033330
-0.001913
-0.009460
-0.011437
-0.002104
-0.000695
-0.019515
-0.025532
-0.028237
-0.020763
-0.011885
-0.008971
0.007035
0.001423
0.000639
0.000139
-0.009404
-0.020004
-0.020801
-0.039928
-0.066692
-0.025165
-0.004992
0.005743
-0.008569
-0.026631
0.000757
-0.031663
-0.011420
0.029127
-0.027799
-0.037774
0.007192
0.090951
0.040745
-0.055171
0.049926
0.119226
0.078903
0.031971
0.050897
0.029773
-0.119433
-0.146790
-0.000196
0.103977
-0.054883
-0.213564
-0.210303
-0.059852
0.098295
0.020976
-0.005693
-0.053315
0.026024
-0.080263
-0.177359
0.054643
-0.188518
-0.220009
-0.031074
-0.002825
-0.174625
-0.141513
0.228188
0.228910
0.214590
0.049802
0.041043
0.151104
0.189963
0.092034
-0.059737
0.007420
0.006806
0.001827
-0.070815
0.028039
0.137212
0.075510
0.042125
0.034219
0.028327
-0.037011
-0.015259
-0.046573
-0.058237
-0.019240
-0.004071
-0.009737
-0.019979
0.012673
-0.008510
-0.010837
-0.002875
0.003706
-0.005781
-0.015600
-0.011796
-0.016636
-0.010831
-0.005161
0.005423
0.006157
-0.006419
-0.006828
-0.015723
-0.011914
-0.003683
0.001516
0.000832
-0.002368
0.001662
-0.001902
0.013004
0.020928
0.016086
-0.002105
0.009322
0.025835
-0.028396
-0.044083
0.020326
-0.002330
-0.036082
0.011179
-0.016329
-0.033958
0.001369
-0.019117
-0.051336
-0.031382
-0.032811
0.023981
-0.001843
-0.107733
0.038978
-0.106806
-0.089294
0.164974
-0.070151
-0.281622
-0.143333
0.068412
0.145858
0.137227
-0.070551
0.026860
0.032138
-0.171411
-0.098153
-0.023706
-0.071672
-0.114581
0.034906
-0.032363
-0.233720
-0.147147
0.023331
0.020858
-0.011069
0.077004
0.156099
0.118869
-0.054445
-0.112033
0.078625
-0.012690
-0.103637
0.040509
0.032131
0.064529
0.041986
-0.027947
0.008833
0.101640
0.114434
0.024223
-0.013492
-0.003787
0.057709
0.051979
0.054327
0.024702
0.031221
0.075108
0.062803
0.038942
0.001454
0.025494
-0.001786
0.000921
0.024640
0.030650
0.030159
0.034409
0.035783
0.015213
0.014427
0.003890
0.008371
0.008457
0.013114
0.026134
0.015100
0.012621
0.020715
0.019613
0.017614
0.022495
0.026477
0.027683
0.026101
0.013253
0.017920
0.004890
0.005188
0.034950
0.008266
-0.015074
0.014388
0.046436
0.009422
-0.031716
0.011305
0.026881
0.003868
0.034183
0.005756
-0.023635
0.058670
-0.009750
-0.059480
-0.021991
-0.150317
-0.013137
0.120409
0.030740
0.208725
0.127600
-0.131949
-0.024047
-0.039962
0.020961
0.047763
0.095218
0.286040
0.174358
0.160182
0.023987
-0.209341
-0.102738
0.209824
0.142543
-0.134517
-0.099381
0.047904
0.023319
-0.034790
0.030225
-0.129473
-0.013118
0.046239
-0.028953
0.115445
-0.110457
0.045121
0.144449
0.007152
-0.065783
-0.195309
-0.011547
0.099795
-0.044264
-0.150931
-0.070682
-0.012435
-0.017713
-0.043598
-0.035333
-0.003530
-0.060374
-0.098824
-0.038228
-0.012470
-0.013172
0.000479
-0.019246
0.006023
0.028086
-0.006044
-0.009115
-0.023004
-0.026478
-0.014737
-0.009035
-0.008315
-0.006941
-0.013102
-0.031678
-0.035937
-0.022271
-0.026502
-0.023304
-0.017377
-0.019600
-0.015512
-0.021671
-0.021091
-0.013568
-0.015089
-0.017358
-0.005618
-0.020689
-0.021264
-0.019144
-0.023303
-0.018178
-0.006761
0.013075
-0.012807
-0.032040
-0.023382
-0.032935
-0.028209
-0.017288
-0.000361
0.013105
-0.008141
0.019514
0.032664
0.001216
-0.012577
0.102474
0.046558
-0.041809
-0.019864
-0.150824
0.066812
0.177715
0.061475
0.003867
-0.035618
0.071483
0.050161
-0.113069
-0.294898
-0.170153
0.114865
0.098805
-0.043710
-0.110312
-0.018097
0.027647
-0.127395
-0.305401
-0.244579
-0.136386
-0.074276
0.056748
0.027701
0.018409
0.113407
0.080767
0.100832
0.056942
-0.181416
-0.121540
0.002649
0.076369
0.166443
0.092205
0.093923
0.106996
0.109257
0.126464
0.034613
0.000223
0.017150
0.045339
0.030350
0.010768
0.010502
-0.024566
-0.016978
0.014269
-0.011022
-0.022254
0.001484
-0.004554
0.000264
0.008073
0.011619
0.021538
0.025206
0.006908
0.005467
0.011248
-0.000314
0.001675
0.001851
0.012310
0.021852
0.006967
0.000645
-0.000125
0.003630
0.011934
0.010977
0.014642
0.029916
0.034535
0.030299
0.021858
0.015477
0.008246
-0.009790
-0.000107
0.008611
0.014147
0.010718
0.035795
0.042485
0.020184
-0.046836
-0.076365
0.037903
0.035074
0.016922
0.008293
-0.030848
-0.061447
-0.010862
0.077141
0.051151
0.094818
0.041968
-0.130748
-0.049374
0.075351
0.021400
-0.028289
-0.017033
0.178283
0.106940
-0.196222
-0.115426
-0.039258
-0.124239
0.035856
0.038805
-0.038036
0.265668
-0.157833
-0.260767
0.258647
0.115226
-0.116196
-0.180346
0.044457
0.122642
0.204623
0.004256
-0.183905
0.052239
0.099281
0.205326
0.068488
-0.023090
0.109784
0.185104
0.082589
-0.040686
-0.020622
-0.020074
-0.027489
-0.117974
-0.087098
-0.009013
0.015742
0.025157
0.039355
0.017669
0.036929
0.053586
-0.046309
-0.057461
-0.051647
-0.059839
-0.054503
-0.044951
-0.017226
0.002303
0.002416
-0.013293
-0.019807
-0.024646
-0.014719
-0.020287
-0.031870
-0.016307
-0.014205
-0.023531
-0.014355
-0.016257
-0.017909
-0.020826
-0.025867
-0.024788
-0.018999
-0.013579
-0.013983
-0.013271
-0.022208
-0.017654
-0.013104
-0.027022
-0.035493
-0.014681
-0.005473
-0.022404
-0.045498
-0.052035
-0.025451
-0.034939
-0.022516
0.012226
-0.053547
-0.116094
-0.044022
-0.096045
-0.023915
0.137751
0.067114
-0.061695
-0.140930
-0.016586
-0.013771
-0.037390
-0.022700
-0.137311
-0.111563
0.081289
0.183947
0.100747
-0.197826
-0.071938
0.331901
0.083183
-0.189101
0.054979
0.165391
0.246237
0.432493
-0.049003
-0.201942
0.312430
0.206148
-0.052864
-0.157140
-0.206914
-0.138920
-0.117952
-0.147149
-0.170185
-0.030472
-0.057117
0.052419
0.130901
0.004946
0.036929
0.023820
-0.025093
0.007903
0.075720
0.076754
0.081423
0.018708
0.025700
0.098036
0.016417
-0.026755
0.037241
0.027467
-0.037978
-0.017541
-0.039485
-0.025397
-0.009848
-0.044732
0.005011
0.005763
-0.004258
-0.016619
-0.018746
-0.011361
-0.013505
-0.028894
-0.031910
-0.016354
-0.022092
-0.004889
-0.010896
-0.028587
-0.026322
-0.016295
-0.017427
-0.026224
-0.038039
-0.032730
-0.023152
-0.031385
-0.029713
-0.023551
-0.019354
-0.006631
0.010947
0.003978
-0.012443
-0.014811
-0.012172
0.009154
-0.000907
-0.025675
-0.037577
-0.011105
0.050371
-0.031780
-0.132513
-0.071840
0.026225
0.076575
0.014102
-0.074099
-0.043667
-0.113308
-0.012931
0.142378
-0.095035
-0.010998
0.041753
-0.012131
0.171092
0.006355
-0.170927
-0.107136
0.162772
0.129800
-0.139081
0.048304
0.140659
0.273139
0.313573
-0.096826
-0.293057
0.023973
0.217572
0.154534
0.032712
-0.186700
0.038944
0.070434
-0.197906
-0.148282
-0.109317
-0.170505
-0.035234
0.162330
0.065814
-0.062178
-0.116091
-0.006990
0.047878
-0.005340
0.012761
-0.069631
-0.061369
-0.068936
-0.090671
-0.097305
-0.059919
-0.050720
-0.056613
0.000338
-0.001746
-0.012884
-0.033372
-0.000968
0.024908
0.016683
0.011106
-0.000110
0.006265
-0.000101
0.001024
-0.007077
-0.021305
-0.004361
0.012475
0.011776
0.015979
0.010531
-0.006064
-0.011823
-0.014107
-0.003878
-0.005360
-0.017432
-0.006008
0.003825
-0.004470
-0.011731
-0.019199
-0.024724
-0.010724
0.005480
0.003732
0.005455
-0.008122
-0.012823
0.005979
0.023240
0.020622
-0.025104
-0.057393
-0.024141
0.013873
-0.003482
0.018855
0.036658
0.019758
0.015167
-0.048928
-0.029854
0.059991
0.102767
0.066151
-0.012094
-0.000491
-0.033522
-0.089830
0.076371
0.169198
0.033184
0.016967
0.094038
0.119386
0.037431
0.074091
0.012848
-0.054295
0.255849
0.110853
-0.128107
-0.046857
-0.092530
-0.219511
-0.159590
0.244824
-0.006354
-0.231599
0.122310
0.115753
-0.087817
-0.059282
0.026699
0.001236
0.047755
-0.057149
-0.073298
-0.003479
-0.047113
-0.098014
-0.126727
-0.000101
0.072290
0.042678
0.025905
0.070591
0.084473
0.011498
-0.010135
-0.032254
-0.012448
-0.032398
-0.050237
-0.041290
-0.032409
-0.008981
0.007708
0.008633
0.001594
0.012895
0.009419
-0.007081
-0.008732
-0.009714
-0.023402
-0.028843
-0.013776
-0.006348
-0.007514
-0.012423
-0.015870
-0.013947
-0.025354
-0.012045
-0.007805
-0.011229
0.000702
0.006311
0.000259
-0.001926
0.000980
-0.000628
-0.008361
-0.011891
-0.007441
-0.008475
-0.007478
0.004685
-0.001231
-0.002751
0.009909
-0.007004
-0.020566
-0.010295
-0.004374
-0.005631
0.011159
0.000680
-0.023632
-0.014850
-0.010420
-0.012452
-0.009042
-0.005476
0.001429
0.007318
0.007922
0.005814
0.006627
0.007776
0.005620
0.004064
0.003210
0.003466
0.004117
0.002443
0.001355
0.001466
0.002149
0.002751
0.002956
0.004014
0.001409
-0.000166
-0.001827
-0.001250
0.000703
0.002904
0.003647
0.001116
0.002041
0.001216
-0.000347
0.000413
0.000506
0.000128
-0.000765
0.000481
0.002329
0.002055
0.001002
0.000904
0.000953
0.000375
0.001487
0.001938
0.002243
0.001932
0.001425
0.001194
0.001001
0.001057
0.001575
0.001827
0.001893
0.001965
0.002034
0.001583
0.001777
0.001853
0.001322
0.000831
0.000731
0.000721
0.000624
0.000692
0.000850
0.000856
0.000777
0.000721
0.000729
0.000792
0.000821
0.000906
0.000811
0.000588
0.000469
0.000463
0.000488
0.000527
0.000614
0.000426
0.000249
0.000200
0.000169
0.000238
0.000223
0.000084
-0.000054
-0.000074
-0.000011
0.000034
0.000048
-0.000111
-0.000271
-0.000326
-0.000308
-0.000196
-0.000098
-0.000095
-0.000214
-0.000277
-0.000235
-0.000160
-0.000054
0.000001
0.000026
-0.000041
-0.000044
-0.014990
-0.023472
-0.021614
-0.035118
-0.026395
0.002073
0.013506
0.013982
-0.007244
0.001430
-0.035044
-0.027483
0.065903
0.011233
-0.076688
-0.035885
0.026773
0.052628
0.056181
0.073321
0.025454
-0.012533
-0.084467
-0.100010
-0.032050
0.008207
0.015620
0.024802
0.047412
0.035668
0.143448
-0.069017
-0.248810
-0.139485
-0.084059
0.165742
0.197108
-0.171163
-0.126887
0.211080
-0.138212
-0.419974
-0.081622
0.037859
0.066376
-0.162979
-0.115122
0.223039
0.135895
0.000809
-0.061340
-0.122709
-0.023944
0.065702
0.028934
0.126231
0.208630
0.070113
0.022974
0.149400
0.041905
-0.029118
-0.001320
0.010406
-0.002204
-0.105102
-0.097803
-0.013989
0.012373
0.018444
0.013398
0.019589
0.034525
0.051853
0.000554
-0.029298
-0.010819
0.013550
0.024772
0.018370
0.000363
0.009432
-0.005106
-0.020314
0.008708
0.005731
0.016658
0.026882
0.017626
0.004745
0.002455
-0.004543
0.003505
0.007444
0.005113
0.017590
0.019116
0.015014
0.020655
0.006277
0.010101
0.010078
-0.009691
0.002799
0.019596
0.026617
0.011407
-0.014086
0.000714
0.021896
-0.006308
0.009659
0.024583
0.030727
-0.007855
-0.037902
0.012319
0.003331
-0.009112
0.024555
0.076600
0.099587
-0.041568
-0.088689
0.091916
0.146550
-0.077761
-0.141313
0.099461
0.069886
0.122490
0.098343
-0.205557
-0.156219
-0.110388
-0.115195
-0.071399
0.007035
0.254912
0.184431
-0.232451
-0.149225
0.298436
0.008916
-0.387441
-0.245330
-0.021038
0.211809
0.248696
0.110472
0.125006
0.126163
0.220497
0.194549
-0.058454
-0.157290
-0.029978
0.103297
-0.039804
-0.106062
-0.062206
0.033443
0.007870
-0.077120
0.038297
-0.005638
0.033309
0.060789
-0.021322
-0.039414
0.011942
0.020360
-0.052315
-0.019528
-0.045145
-0.036256
-0.011839
-0.046316
-0.029979
0.002545
0.003750
-0.016115
-0.018420
-0.027411
-0.012325
-0.033298
-0.033330
-0.001913
-0.009460
-0.011437
-0.002104
-0.000695
-0.019515
-0.025532
-0.028237
-0.020763
-0.011885
-0.008971
0.007035
0.001423
0.000639
0.000139
-0.009404
-0.020004
-0.020801
-0.039928
-0.066692
-0.025165
-0.004992
0.005743
-0.008569
-0.026631
0.000757
-0.031663
-0.011420
0.029127
-0.027799
-0.037774
0.007192
0.090951
0.040745
-0.055171
0.049926
0.119226
0.078903
0.031971
0.050897
0.029773
-0.119433
-0.146790
-0.000196
0.103977
-0.054883
-0.213564
-0.210303
-0.059852
0.098295
0.020976
-0.005693
-0.053315
0.026024
-0.080263
-0.177359
0.054643
-0.188518
-0.220009
-0.031074
-0.002825
-0.174625
-0.141513
0.228188
0.228910
0.214590
0.049802
0.041043
0.151104
0.189963
0.092034
-0.059737
0.007420
0.006806
0.001827
-0.070815
0.028039
0.137212
0.075510
0.042125
0.034219
0.028327
-0.037011
-0.015259
-0.046573
-0.058237
-0.019240
-0.004071
-0.009737
-0.019979
0.012673
-0.008510
-0.010837
-0.002875
0.003706
-0.005781
-0.015600
-0.011796
-0.016636
-0.010831
-0.005161
0.005423
0.006157
-0.006419
-0.006828
-0.015723
-0.011914
-0.003683
0.001516
0.000832
-0.002368
0.001662
-0.001902
0.013004
0.020928
0.016086
-0.002105
0.009322
0.025835
-0.028396
-0.044083
0.020326
-0.002330
-0.036082
0.011179
-0.016329
-0.033958
0.001369
-0.019117
-0.051336
-0.031382
-0.032811
0.023981
-0.001843
-0.107733
0.038978
-0.106806
-0.089294
0.164974
-0.070151
-0.281622
-0.143333
0.068412
0.145858
0.137227
-0.070551
0.026860
0.032138
-0.171411
-0.098153
-0.023706
-0.071672
-0.114581
0.034906
-0.032363
-0.233720
-0.147147
0.023331
0.020858
-0.011069
0.077004
0.156099
0.118869
-0.054445
-0.112033
0.078625
-0.012690
-0.103637
0.040509
0.032131
0.064529
0.041986
-0.027947
0.008833
0.101640
0.114434
0.024223
-0.013492
-0.003787
0.057709
0.051979
0.054327
0.024702
0.031221
0.075108
0.062803
0.038942
0.001454
0.025494
-0.001786
0.000921
0.024640
0.030650
0.030159
0.034409
0.035783
0.015213
0.014427
0.003890
0.008371
0.008457
0.013114
0.026134
0.015100
0.012621
0.020715
0.019613
0.017614
0.022495
0.026477
0.027683
0.026101
0.013253
0.017920
0.004890
0.005188
0.034950
0.008266
-0.015074
0.014388
0.046436
0.009422
-0.031716
0.011305
0.026881
0.003868
0.034183
0.005756
-0.023635
0.058670
-0.009750
-0.059480
-0.021991
-0.150317
-0.013137
0.120409
0.030740
0.208725
0.127600
-0.131949
-0.024047
-0.039962
0.020961
0.047763
0.095218
0.286040
0.174358
0.160182
0.023987
-0.209341
-0.102738
0.209824
0.142543
-0.134517
-0.099381
0.047904
0.023319
-0.034790
0.030225
-0.129473
-0.013118
0.046239
-0.028953
0.115445
-0.110457
0.045121
0.144449
0.007152
-0.065783
-0.195309
-0.011547
0.099795
-0.044264
-0.150931
-0.070682
-0.012435
-0.017713
-0.043598
-0.035333
-0.003530
-0.060374
-0.098824
-0.038228
-0.012470
-0.013172
0.000479
-0.019246
0.006023
0.028086
-0.006044
-0.009115
-0.023004
-0.026478
-0.014737
-0.009035
-0.008315
-0.006941
-0.013102
-0.031678
-0.035937
-0.022271
-0.026502
-0.023304
-0.017377
-0.019600
-0.015512
-0.021671
-0.021091
-0.013568
-0.015089
-0.017358
-0.005618
-0.020689
-0.021264
-0.019144
-0.023303
-0.018178
-0.006761
0.013075
-0.012807
-0.032040
-0.023382
-0.032935
-0.028209
-0.017288
-0.000361
0.013105
-0.008141
0.019514
0.032664
0.001216
-0.012577
0.102474
0.046558
-0.041809
-0.019864
-0.150824
0.066812
0.177715
0.061475
0.003867
-0.035618
0.071483
0.050161
-0.113069
-0.294898
-0.170153
0.114865
0.098805
-0.043710
-0.110312
-0.018097
0.027647
-0.127395
-0.305401
-0.244579
-0.136386
-0.074276
0.056748
0.027701
0.018409
0.113407
0.080767
0.100832
0.056942
-0.181416
-0.121540
0.002649
0.076369
0.166443
0.092205
0.093923
0.106996
0.109257
0.126464
0.034613
0.000223
0.017150
0.045339
0.030350
0.010768
0.010502
-0.024566
-0.016978
0.014269
-0.011022
-0.022254
0.001484
-0.004554
0.000264
0.008073
0.011619
0.021538
0.025206
0.006908
0.005467
0.011248
-0.000314
0.001675
0.001851
0.012310
0.021852
0.006967
0.000645
-0.000125
0.003630
0.011934
0.010977
0.014642
0.029916
0.034535
0.030299
0.021858
0.015477
0.008246
-0.009790
-0.000107
0.008611
0.014147
0.010718
0.035795
0.042485
0.020184
-0.046836
-0.076365
0.037903
0.035074
0.016922
0.008293
-0.030848
-0.061447
-0.010862
0.077141
0.051151
0.094818
0.041968
-0.130748
-0.049374
0.075351
0.021400
-0.028289
-0.017033
0.178283
0.106940
-0.196222
-0.115426
-0.039258
-0.124239
0.035856
0.038805
-0.038036
0.265668
-0.157833
-0.260767
0.258647
0.115226
-0.116196
-0.180346
0.044457
0.122642
0.204623
0.004256
-0.183905
0.052239
0.099281
0.205326
0.068488
-0.023090
0.109784
0.185104
0.082589
-0.040686
-0.020622
-0.020074
-0.027489
-0.117974
-0.087098
-0.009013
0.015742
0.025157
0.039355
0.017669
0.036929
0.053586
-0.046309
-0.057461
-0.051647
-0.059839
-0.054503
-0.044951
-0.017226
0.002303
0.002416
-0.013293
-0.019807
-0.024646
-0.014719
-0.020287
-0.031870
-0.016307
-0.014205
-0.023531
-0.014355
-0.016257
-0.017909
-0.020826
-0.025867
-0.024788
-0.018999
-0.013579
-0.013983
-0.013271
-0.022208
-0.017654
-0.013104
-0.027022
-0.035493
-0.014681
-0.005473
-0.022404
-0.045498
-0.052035
-0.025451
-0.034939
-0.022516
0.012226
-0.053547
-0.116094
-0.044022
-0.096045
-0.023915
0.137751
0.067114
-0.061695
-0.140930
-0.016586
-0.013771
-0.037390
-0.022700
-0.137311
-0.111563
0.081289
0.183947
0.100747
-0.197826
-0.071938
0.331901
0.083183
-0.189101
0.054979
0.165391
0.246237
0.432493
-0.049003
-0.201942
0.312430
0.206148
-0.052864
-0.157140
-0.206914
-0.138920
-0.117952
-0.147149
-0.170185
-0.030472
-0.057117
0.052419
0.130901
0.004946
0.036929
0.023820
-0.025093
0.007903
0.075720
0.076754
0.081423
0.018708
0.025700
0.098036
0.016417
-0.026755
0.037241
0.027467
-0.037978
-0.017541
-0.039485
-0.025397
-0.009848
-0.044732
0.005011
0.005763
-0.004258
-0.016619
-0.018746
-0.011361
-0.013505
-0.028894
-0.031910
-0.016354
-0.022092
-0.004889
-0.010896
-0.028587
-0.026322
-0.016295
-0.017427
-0.026224
-0.038039
-0.032730
-0.023152
-0.031385
-0.029713
-0.023551
-0.019354
-0.006631
0.010947
0.003978
-0.012443
-0.014811
-0.012172
0.009154
-0.000907
-0.025675
-0.037577
-0.011105
0.050371
-0.031780
-0.132513
-0.071840
0.026225
0.076575
0.014102
-0.074099
-0.043667
-0.113308
-0.012931
0.142378
-0.095035
-0.010998
0.041753
-0.012131
0.171092
0.006355
-0.170927
-0.107136
0.162772
0.129800
-0.139081
0.048304
0.140659
0.273139
0.313573
-0.096826
-0.293057
0.023973
0.217572
0.154534
0.032712
-0.186700
0.038944
0.070434
-0.197906
-0.148282
-0.109317
-0.170505
-0.035234
0.162330
0.065814
-0.062178
-0.116091
-0.006990
0.047878
-0.005340
0.012761
-0.069631
-0.061369
-0.068936
-0.090671
-0.097305
-0.059919
-0.050720
-0.056613
0.000338
-0.001746
-0.012884
-0.033372
-0.000968
0.024908
0.016683
0.011106
-0.000110
0.006265
-0.000101
0.001024
-0.007077
-0.021305
-0.004361
0.012475
0.011776
0.015979
0.010531
-0.006064
-0.011823
-0.014107
-0.003878
-0.005360
-0.017432
-0.006008
0.003825
-0.004470
-0.011731
-0.019199
-0.024724
-0.010724
0.005480
0.003732
0.005455
-0.008122
-0.012823
0.005979
0.023240
0.020622
-0.025104
-0.057393
-0.024141
0.013873
-0.003482
0.018855
0.036658
0.019758
0.015167
-0.048928
-0.029854
0.059991
0.102767
0.066151
-0.012094
-0.000491
-0.033522
-0.089830
0.076371
0.169198
0.033184
0.016967
0.094038
0.119386
0.037431
0.074091
0.012848
-0.054295
0.255849
0.110853
-0.128107
-0.046857
-0.092530
-0.219511
-0.159590
0.244824
-0.006354
-0.231599
0.122310
0.115753
-0.087817
-0.059282
0.026699
0.001236
0.047755
-0.057149
-0.073298
-0.003479
-0.047113
-0.098014
-0.126727
-0.000101
0.072290
0.042678
0.025905
0.070591
0.084473
0.011498
-0.010135
-0.032254
-0.012448
-0.032398
-0.050237
-0.041290
-0.032409
-0.008981
0.007708
0.008633
0.001594
0.012895
0.009419
-0.007081
-0.008732
-0.009714
-0.023402
-0.028843
-0.013776
-0.006348
-0.007514
-0.012423
-0.015870
-0.013947
-0.025354
-0.012045
-0.007805
-0.011229
0.000702
0.006311
0.000259
-0.001926
0.000980
-0.000628
-0.008361
-0.011891
-0.007441
-0.008475
-0.007478
0.004685
-0.001231
-0.002751
0.009909
-0.007004
-0.020566
-0.010295
-0.004374
-0.005631
0.011159
0.000680
-0.023632
-0.014850
-0.010420
-0.012452
-0.009042
-0.005476
0.001429
0.007318
0.007922
0.005814
0.006627
0.007776
0.005620
0.004064
0.003210
0.003466
0.004117
0.002443
0.001355
0.001466
0.002149
0.002751
0.002956
0.004014
0.001409
-0.000166
-0.001827
-0.001250
0.000703
0.002904
0.003647
0.001116
0.002041
0.001216
-0.000347
0.000413
0.000506
0.000128
-0.000765
0.000481
0.002329
0.002055
0.001002
0.000904
0.000953
0.000375
0.001487
0.001938
0.002243
0.001932
0.001425
0.001194
0.001001
0.001057
0.001575
0.001827
0.001893
0.001965
0.002034
0.001583
0.001777
0.001853
0.001322
0.000831
0.000731
0.000721
0.000624
0.000692
0.000850
0.000856
0.000777
0.000721
0.000729
0.000792
0.000821
0.000906
0.000811
0.000588
0.000469
0.000463
0.000488
0.000527
0.000614
0.000426
0.000249
0.000200
0.000169
0.000238
0.000223
0.000084
-0.000054
-0.000074
-0.000011
0.000034
0.000048
-0.000111
-0.000271
-0.000326
-0.000308
-0.000196
-0.000098
-0.000095
-0.000214
-0.000277
-0.000235
-0.000160
-0.000054
0.000001
0.000026
-0.000041
-0.000044