-0.017260
-0.019129
-0.028063
-0.046132
-0.018354
0.010509
0.019334
0.009766
-0.014205
0.001454
-0.047366
-0.005769
0.071069
-0.025146
-0.075966
-0.017422
0.037999
0.054194
0.063926
0.070617
0.016547
-0.015187
-0.117392
-0.097536
-0.029836
0.014921
0.014743
0.056912
0.047593
0.061889
0.158208
-0.169377
-0.236957
-0.142985
-0.083369
0.227744
0.140648
-0.230079
-0.014549
0.229294
-0.298525
-0.354840
-0.046196
0.013324
0.073069
-0.222360
0.005701
0.267971
0.096606
0.017548
-0.062933
-0.132365
-0.008116
0.046562
0.030842
0.182458
0.199968
0.038625
0.088530
0.136981
-0.024219
-0.020660
-0.025007
0.006256
-0.032589
-0.138329
-0.077764
0.002080
0.033371
0.029348
0.026616
0.038682
0.042811
0.018437
-0.027791
-0.028077
-0.033394
0.011463
0.036596
0.023597
0.006693
0.014059
0.003571
-0.004977
-0.007310
-0.008231
0.012698
0.018694
0.014808
-0.001104
0.009177
0.012871
0.010801
0.010928
0.013423
0.021883
0.015354
0.012002
0.017545
0.007591
0.009907
-0.001194
0.000669
0.019675
0.019394
0.025351
0.012690
-0.010690
0.008069
0.004145
-0.014119
0.017458
0.021731
0.037153
-0.023237
-0.029490
0.018557
-0.006947
0.002212
0.035026
0.092289
0.089347
-0.074141
-0.065984
0.124706
0.119257
-0.148166
-0.086274
0.123486
0.023416
0.179621
0.026015
-0.237319
-0.121604
-0.157442
-0.107950
-0.065716
0.053106
0.308511
0.137446
-0.294701
-0.030915
0.323127
-0.154432
-0.378792
-0.198741
0.016597
0.279948
0.228788
0.149420
0.174154
0.122793
0.245802
0.129137
-0.150201
-0.216716
-0.011892
0.092045
-0.076245
-0.089769
-0.030619
0.103082
-0.028479
-0.037851
0.062942
-0.061224
0.039604
0.024961
-0.042732
-0.050342
0.033272
0.021281
-0.035954
-0.006196
-0.049481
-0.006415
-0.043288
-0.062519
-0.029495
-0.012633
-0.005362
-0.010886
-0.005585
-0.025209
-0.010643
-0.016499
-0.008072
-0.017785
-0.020354
-0.004405
-0.005448
-0.006708
-0.021606
-0.023011
-0.026833
-0.012596
-0.000844
0.000475
0.001502
-0.000652
0.004945
-0.003276
-0.010090
-0.030401
-0.031190
-0.054621
-0.057953
-0.015061
-0.009581
0.009329
-0.017260
-0.014418
0.001801
-0.042507
0.005975
0.020669
-0.031733
-0.025547
0.021083
0.106795
0.013692
-0.041421
0.078419
0.104141
0.063122
0.026125
0.053541
-0.014082
-0.162618
-0.142531
0.037164
0.095910
-0.111372
-0.211142
-0.198042
-0.008414
0.089200
0.013920
0.005554
-0.067859
0.056818
-0.175052
-0.126358
0.048559
-0.270353
-0.137438
-0.005770
0.010138
-0.224009
-0.025487
0.280311
0.240128
0.231381
-0.010034
0.081441
0.132046
0.180842
0.021609
-0.046721
0.022649
-0.016766
0.006848
-0.074268
0.081930
0.125600
0.076325
0.040437
0.016312
-0.006969
-0.064661
-0.023468
-0.064685
-0.043040
-0.016939
0.016039
0.003277
-0.010473
0.002172
-0.012853
0.001237
-0.026670
-0.019833
-0.018485
-0.015425
-0.011627
-0.005875
0.007817
0.003892
0.010254
0.009971
-0.000786
-0.016310
-0.027324
-0.017134
-0.000974
0.010315
0.001483
0.004449
0.009310
0.016160
0.026515
0.021624
0.013465
-0.008225
0.012354
0.014308
-0.048021
-0.033815
0.028882
-0.019534
-0.017664
0.020428
-0.039317
-0.025153
0.006793
-0.037809
-0.054192
-0.037927
-0.047663
0.055831
-0.049313
-0.094335
0.066976
-0.180260
-0.000471
0.164625
-0.159276
-0.275024
-0.083697
0.077270
0.176143
0.114800
-0.101812
0.100927
-0.046739
-0.204402
-0.087510
-0.041715
-0.102158
-0.090001
0.087116
-0.074661
-0.241229
-0.092522
0.063184
0.010566
0.003800
0.112547
0.153617
0.094547
-0.109966
-0.085350
0.111143
-0.086195
-0.071967
0.064254
0.021767
0.085322
0.035572
-0.017861
0.022683
0.111367
0.082217
0.012906
-0.027711
0.000742
0.075610
0.042002
0.069831
0.027481
0.037847
0.068015
0.063117
0.028860
-0.004146
0.007538
-0.018165
0.015511
0.010848
0.032598
0.047388
0.043545
0.033028
0.019804
0.015771
-0.007480
-0.007332
-0.000870
0.023915
0.024747
0.016032
0.023837
0.024481
0.026981
0.023100
0.026733
0.027656
0.024750
0.019421
0.010728
0.021001
0.001009
0.013029
0.038831
0.009487
-0.011238
0.021917
0.050551
-0.006539
-0.031428
0.019646
0.014613
0.004312
0.044352
-0.017899
-0.004803
0.078079
-0.055940
-0.035217
-0.039638
-0.181305
0.068006
0.099641
0.045504
0.281922
0.046840
-0.120240
-0.001005
-0.083003
0.050148
0.013084
0.158563
0.307866
0.155412
0.174051
-0.041565
-0.247920
-0.064670
0.237622
0.048334
-0.154541
-0.064981
0.060423
0.005453
-0.001998
0.023740
-0.157682
0.065959
-0.038683
0.014871
0.097370
-0.167039
0.145060
0.100634
0.015283
-0.118572
-0.198100
0.051440
0.070828
-0.093885
-0.134793
-0.042929
-0.037003
-0.008580
-0.047280
-0.019867
0.013623
-0.078426
-0.081588
-0.035434
-0.024088
0.006675
-0.001264
-0.008203
0.028004
0.017183
-0.001134
-0.004933
-0.028767
-0.036625
-0.020834
-0.001162
-0.008700
-0.009522
-0.026615
-0.029221
-0.020454
-0.027422
-0.029625
-0.026488
-0.027431
-0.017401
-0.019711
-0.021757
-0.020554
-0.022939
-0.010675
-0.005545
-0.008567
-0.027161
-0.029878
-0.019046
-0.015081
-0.029210
-0.006341
0.012051
-0.023239
-0.023854
-0.026690
-0.036761
-0.024087
-0.020529
0.011671
0.015389
-0.009523
0.026176
0.039275
-0.005551
0.004068
0.131084
-0.009204
-0.010544
-0.050505
-0.161771
0.146751
0.137053
0.063511
-0.007476
-0.020132
0.077630
0.009116
-0.171313
-0.335900
-0.103875
0.125010
0.070440
-0.055294
-0.092846
0.019055
0.008491
-0.173342
-0.330127
-0.224149
-0.151100
-0.042132
0.101121
0.028517
0.083734
0.155533
0.079828
0.129481
-0.018230
-0.236722
-0.086492
-0.014529
0.107028
0.179726
0.108823
0.150574
0.118727
0.129122
0.102670
-0.003962
-0.026952
-0.013604
0.020525
0.006094
0.020937
0.017329
-0.010291
0.009945
0.020970
-0.020811
-0.022867
-0.016319
-0.034588
-0.015226
0.001879
0.020090
0.034566
0.027325
0.012086
0.022601
0.018540
-0.006063
-0.014841
-0.012480
0.004884
0.014125
0.013281
0.003542
0.002764
0.018868
0.028355
0.026338
0.015399
0.022922
0.036328
0.030817
0.022083
0.015096
-0.002625
-0.003219
0.011808
0.015520
0.016554
0.010037
0.046912
0.038075
0.016598
-0.079366
-0.065842
0.053421
0.021782
0.031873
0.002454
-0.034062
-0.070797
0.020071
0.079710
0.044527
0.117244
-0.005880
-0.147884
-0.008642
0.054458
0.004138
-0.030988
0.008927
0.228898
0.023831
-0.232510
-0.066821
-0.078676
-0.137231
0.110965
-0.030524
0.034293
0.305445
-0.334161
-0.091601
0.289580
0.018195
-0.141750
-0.145776
0.081026
0.112932
0.252698
-0.091112
-0.107113
0.076048
0.099443
0.230797
-0.003624
0.007611
0.110448
0.181507
0.046317
-0.057613
-0.042120
-0.025667
-0.040595
-0.145366
-0.048531
-0.002493
0.018409
0.046573
0.040407
0.011431
0.055364
0.029384
-0.068625
-0.069925
-0.062940
-0.050933
-0.066597
-0.031578
-0.000608
0.010983
0.015444
-0.007422
-0.020365
-0.036486
-0.032872
-0.027723
-0.021543
-0.021481
-0.020897
-0.009889
0.004074
-0.003815
-0.015141
-0.020051
-0.029355
-0.032014
-0.020637
-0.016097
-0.021465
-0.016825
-0.013613
-0.009816
-0.007453
-0.027574
-0.039215
-0.009945
-0.008786
-0.032630
-0.062895
-0.056764
-0.025009
-0.039196
-0.007844
0.018117
-0.083836
-0.106256
-0.034525
-0.119991
0.027798
0.133773
0.045577
-0.085004
-0.134014
0.000868
-0.048169
-0.020488
-0.041323
-0.159731
-0.061497
0.120096
0.201825
0.078846
-0.240204
0.045612
0.365445
-0.039224
-0.172256
0.133950
0.136968
0.320538
0.425783
-0.215097
-0.085326
0.338962
0.072913
-0.064810
-0.213746
-0.235439
-0.145394
-0.110505
-0.177713
-0.124705
0.021632
-0.056609
0.141721
0.110715
0.004421
0.035677
-0.004439
-0.018972
-0.003279
0.070755
0.104420
0.102585
-0.003087
0.066310
0.107221
-0.018555
-0.029095
0.029750
-0.015136
-0.059584
-0.011553
-0.035257
-0.005883
-0.018345
-0.019165
0.031877
0.011938
-0.008322
-0.036436
-0.023807
-0.021696
-0.011340
-0.035822
-0.038435
-0.014331
-0.005101
0.013309
-0.013225
-0.032832
-0.030536
-0.024529
-0.028799
-0.030792
-0.050603
-0.042866
-0.017102
-0.016530
-0.024163
-0.028543
-0.013280
0.003399
0.018861
-0.000719
-0.021151
-0.021692
-0.006667
0.016835
-0.007331
-0.027058
-0.043156
0.008065
0.058928
-0.074110
-0.137633
-0.054112
0.035569
0.085260
-0.018427
-0.073095
-0.031758
-0.147762
0.062114
0.107553
-0.142506
0.071583
-0.002092
0.038085
0.188454
-0.063452
-0.171885
-0.064494
0.226939
0.035051
-0.124524
0.109992
0.136418
0.343363
0.258626
-0.201826
-0.284378
0.089204
0.161608
0.144350
-0.011657
-0.201892
0.132742
-0.004177
-0.220126
-0.125433
-0.139513
-0.162776
0.034111
0.170320
0.034850
-0.067695
-0.110938
0.044031
0.014460
-0.017538
-0.000872
-0.082987
-0.064129
-0.091835
-0.083427
-0.090382
-0.034999
-0.062100
-0.031752
0.019248
-0.005519
0.003355
-0.029655
-0.002910
0.022725
0.025417
0.013503
0.002411
0.001897
0.005139
0.011041
-0.005849
-0.011560
-0.021054
-0.005686
0.023212
0.025034
0.004361
-0.015137
-0.017763
-0.009940
-0.003619
-0.011905
-0.018030
-0.015762
0.001194
0.003046
-0.016247
-0.029280
-0.036860
-0.008574
0.017238
0.007101
-0.002346
-0.019030
-0.008786
0.016095
0.029161
0.009223
-0.041477
-0.056616
-0.010052
0.013151
-0.005761
0.035824
0.034081
0.026255
0.011840
-0.067201
-0.012274
0.073454
0.111470
0.053542
-0.018005
0.012032
-0.054462
-0.074496
0.135022
0.153107
0.019974
0.042960
0.117785
0.105770
0.010327
0.091539
-0.055994
-0.012641
0.293923
-0.004759
-0.113506
-0.055337
-0.117257
-0.262342
-0.075717
0.297329
-0.141831
-0.138251
0.185051
0.056728
-0.107586
-0.023086
0.003906
-0.000643
0.052675
-0.118925
-0.030644
0.006130
-0.067398
-0.104437
-0.095477
0.043328
0.053868
0.047738
0.049070
0.076941
0.062093
0.017313
-0.023142
-0.055703
-0.007313
-0.046556
-0.049138
-0.027067
-0.018159
-0.013358
0.016245
0.023522
-0.002539
0.000269
0.000514
-0.003042
-0.016841
-0.024666
-0.020707
-0.025752
-0.013314
-0.000887
-0.001918
-0.009943
-0.021945
-0.028369
-0.021114
-0.014498
-0.021588
-0.011318
0.005342
0.013394
0.004506
0.002250
0.005289
-0.001930
-0.011501
-0.014614
-0.012630
-0.010411
-0.006945
0.001068
0.001203
0.008752
0.008309
-0.011636
-0.015704
-0.007347
-0.012487
-0.008045
0.016795
-0.006676
-0.024155
-0.012591
-0.010419
-0.008449
-0.006020
0.000339
0.005275
0.010026
0.006197
0.005343
0.007201
0.005782
0.004998
0.002692
0.002541
0.000485
0.000715
0.003333
0.002709
0.001806
0.002649
0.003972
0.003678
0.004636
0.001778
-0.001157
-0.002873
-0.000375
0.001100
0.002843
0.004820
-0.000409
-0.000794
0.000689
0.000486
0.002443
0.002259
0.000707
-0.002764
0.000997
0.003651
0.000803
0.000772
0.000937
0.000302
-0.000375
0.001293
0.001241
0.002014
0.001050
0.001164
0.001358
0.002144
0.002313
0.002147
0.002315
0.002853
0.001962
0.001713
0.001191
0.001714
0.001881
0.001458
0.000615
0.000608
0.000967
0.000984
0.000969
0.000915
0.000801
0.000743
0.000640
0.000637
0.000748
0.000912
0.000975
0.000870
0.000563
0.000398
0.000441
0.000605
0.000704
0.000546
0.000218
0.000036
0.000003
0.000122
0.000164
0.000019
-0.000115
-0.000214
-0.000203
-0.000017
0.000096
-0.000008
-0.000110
-0.000265
-0.000289
-0.000074
0.000085
0.000084
-0.000020
-0.000345
-0.000541
-0.000218
0.000022
0.000088
0.000034
-0.000074
-0.000349
-0.000228
-0.017260
-0.019129
-0.028063
-0.046132
-0.018354
0.010509
0.019334
0.009766
-0.014205
0.001454
-0.047366
-0.005769
0.071069
-0.025146
-0.075966
-0.017422
0.037999
0.054194
0.063926
0.070617
0.016547
-0.015187
-0.117392
-0.097536
-0.029836
0.014921
0.014743
0.056912
0.047593
0.061889
0.158208
-0.169377
-0.236957
-0.142985
-0.083369
0.227744
0.140648
-0.230079
-0.014549
0.229294
-0.298525
-0.354840
-0.046196
0.013324
0.073069
-0.222360
0.005701
0.267971
0.096606
0.017548
-0.062933
-0.132365
-0.008116
0.046562
0.030842
0.182458
0.199968
0.038625
0.088530
0.136981
-0.024219
-0.020660
-0.025007
0.006256
-0.032589
-0.138329
-0.077764
0.002080
0.033371
0.029348
0.026616
0.038682
0.042811
0.018437
-0.027791
-0.028077
-0.033394
0.011463
0.036596
0.023597
0.006693
0.014059
0.003571
-0.004977
-0.007310
-0.008231
0.012698
0.018694
0.014808
-0.001104
0.009177
0.012871
0.010801
0.010928
0.013423
0.021883
0.015354
0.012002
0.017545
0.007591
0.009907
-0.001194
0.000669
0.019675
0.019394
0.025351
0.012690
-0.010690
0.008069
0.004145
-0.014119
0.017458
0.021731
0.037153
-0.023237
-0.029490
0.018557
-0.006947
0.002212
0.035026
0.092289
0.089347
-0.074141
-0.065984
0.124706
0.119257
-0.148166
-0.086274
0.123486
0.023416
0.179621
0.026015
-0.237319
-0.121604
-0.157442
-0.107950
-0.065716
0.053106
0.308511
0.137446
-0.294701
-0.030915
0.323127
-0.154432
-0.378792
-0.198741
0.016597
0.279948
0.228788
0.149420
0.174154
0.122793
0.245802
0.129137
-0.150201
-0.216716
-0.011892
0.092045
-0.076245
-0.089769
-0.030619
0.103082
-0.028479
-0.037851
0.062942
-0.061224
0.039604
0.024961
-0.042732
-0.050342
0.033272
0.021281
-0.035954
-0.006196
-0.049481
-0.006415
-0.043288
-0.062519
-0.029495
-0.012633
-0.005362
-0.010886
-0.005585
-0.025209
-0.010643
-0.016499
-0.008072
-0.017785
-0.020354
-0.004405
-0.005448
-0.006708
-0.021606
-0.023011
-0.026833
-0.012596
-0.000844
0.000475
0.001502
-0.000652
0.004945
-0.003276
-0.010090
-0.030401
-0.031190
-0.054621
-0.057953
-0.015061
-0.009581
0.009329
-0.017260
-0.014418
0.001801
-0.042507
0.005975
0.020669
-0.031733
-0.025547
0.021083
0.106795
0.013692
-0.041421
0.078419
0.104141
0.063122
0.026125
0.053541
-0.014082
-0.162618
-0.142531
0.037164
0.095910
-0.111372
-0.211142
-0.198042
-0.008414
0.089200
0.013920
0.005554
-0.067859
0.056818
-0.175052
-0.126358
0.048559
-0.270353
-0.137438
-0.005770
0.010138
-0.224009
-0.025487
0.280311
0.240128
0.231381
-0.010034
0.081441
0.132046
0.180842
0.021609
-0.046721
0.022649
-0.016766
0.006848
-0.074268
0.081930
0.125600
0.076325
0.040437
0.016312
-0.006969
-0.064661
-0.023468
-0.064685
-0.043040
-0.016939
0.016039
0.003277
-0.010473
0.002172
-0.012853
0.001237
-0.026670
-0.019833
-0.018485
-0.015425
-0.011627
-0.005875
0.007817
0.003892
0.010254
0.009971
-0.000786
-0.016310
-0.027324
-0.017134
-0.000974
0.010315
0.001483
0.004449
0.009310
0.016160
0.026515
0.021624
0.013465
-0.008225
0.012354
0.014308
-0.048021
-0.033815
0.028882
-0.019534
-0.017664
0.020428
-0.039317
-0.025153
0.006793
-0.037809
-0.054192
-0.037927
-0.047663
0.055831
-0.049313
-0.094335
0.066976
-0.180260
-0.000471
0.164625
-0.159276
-0.275024
-0.083697
0.077270
0.176143
0.114800
-0.101812
0.100927
-0.046739
-0.204402
-0.087510
-0.041715
-0.102158
-0.090001
0.087116
-0.074661
-0.241229
-0.092522
0.063184
0.010566
0.003800
0.112547
0.153617
0.094547
-0.109966
-0.085350
0.111143
-0.086195
-0.071967
0.064254
0.021767
0.085322
0.035572
-0.017861
0.022683
0.111367
0.082217
0.012906
-0.027711
0.000742
0.075610
0.042002
0.069831
0.027481
0.037847
0.068015
0.063117
0.028860
-0.004146
0.007538
-0.018165
0.015511
0.010848
0.032598
0.047388
0.043545
0.033028
0.019804
0.015771
-0.007480
-0.007332
-0.000870
0.023915
0.024747
0.016032
0.023837
0.024481
0.026981
0.023100
0.026733
0.027656
0.024750
0.019421
0.010728
0.021001
0.001009
0.013029
0.038831
0.009487
-0.011238
0.021917
0.050551
-0.006539
-0.031428
0.019646
0.014613
0.004312
0.044352
-0.017899
-0.004803
0.078079
-0.055940
-0.035217
-0.039638
-0.181305
0.068006
0.099641
0.045504
0.281922
0.046840
-0.120240
-0.001005
-0.083003
0.050148
0.013084
0.158563
0.307866
0.155412
0.174051
-0.041565
-0.247920
-0.064670
0.237622
0.048334
-0.154541
-0.064981
0.060423
0.005453
-0.001998
0.023740
-0.157682
0.065959
-0.038683
0.014871
0.097370
-0.167039
0.145060
0.100634
0.015283
-0.118572
-0.198100
0.051440
0.070828
-0.093885
-0.134793
-0.042929
-0.037003
-0.008580
-0.047280
-0.019867
0.013623
-0.078426
-0.081588
-0.035434
-0.024088
0.006675
-0.001264
-0.008203
0.028004
0.017183
-0.001134
-0.004933
-0.028767
-0.036625
-0.020834
-0.001162
-0.008700
-0.009522
-0.026615
-0.029221
-0.020454
-0.027422
-0.029625
-0.026488
-0.027431
-0.017401
-0.019711
-0.021757
-0.020554
-0.022939
-0.010675
-0.005545
-0.008567
-0.027161
-0.029878
-0.019046
-0.015081
-0.029210
-0.006341
0.012051
-0.023239
-0.023854
-0.026690
-0.036761
-0.024087
-0.020529
0.011671
0.015389
-0.009523
0.026176
0.039275
-0.005551
0.004068
0.131084
-0.009204
-0.010544
-0.050505
-0.161771
0.146751
0.137053
0.063511
-0.007476
-0.020132
0.077630
0.009116
-0.171313
-0.335900
-0.103875
0.125010
0.070440
-0.055294
-0.092846
0.019055
0.008491
-0.173342
-0.330127
-0.224149
-0.151100
-0.042132
0.101121
0.028517
0.083734
0.155533
0.079828
0.129481
-0.018230
-0.236722
-0.086492
-0.014529
0.107028
0.179726
0.108823
0.150574
0.118727
0.129122
0.102670
-0.003962
-0.026952
-0.013604
0.020525
0.006094
0.020937
0.017329
-0.010291
0.009945
0.020970
-0.020811
-0.022867
-0.016319
-0.034588
-0.015226
0.001879
0.020090
0.034566
0.027325
0.012086
0.022601
0.018540
-0.006063
-0.014841
-0.012480
0.004884
0.014125
0.013281
0.003542
0.002764
0.018868
0.028355
0.026338
0.015399
0.022922
0.036328
0.030817
0.022083
0.015096
-0.002625
-0.003219
0.011808
0.015520
0.016554
0.010037
0.046912
0.038075
0.016598
-0.079366
-0.065842
0.053421
0.021782
0.031873
0.002454
-0.034062
-0.070797
0.020071
0.079710
0.044527
0.117244
-0.005880
-0.147884
-0.008642
0.054458
0.004138
-0.030988
0.008927
0.228898
0.023831
-0.232510
-0.066821
-0.078676
-0.137231
0.110965
-0.030524
0.034293
0.305445
-0.334161
-0.091601
0.289580
0.018195
-0.141750
-0.145776
0.081026
0.112932
0.252698
-0.091112
-0.107113
0.076048
0.099443
0.230797
-0.003624
0.007611
0.110448
0.181507
0.046317
-0.057613
-0.042120
-0.025667
-0.040595
-0.145366
-0.048531
-0.002493
0.018409
0.046573
0.040407
0.011431
0.055364
0.029384
-0.068625
-0.069925
-0.062940
-0.050933
-0.066597
-0.031578
-0.000608
0.010983
0.015444
-0.007422
-0.020365
-0.036486
-0.032872
-0.027723
-0.021543
-0.021481
-0.020897
-0.009889
0.004074
-0.003815
-0.015141
-0.020051
-0.029355
-0.032014
-0.020637
-0.016097
-0.021465
-0.016825
-0.013613
-0.009816
-0.007453
-0.027574
-0.039215
-0.009945
-0.008786
-0.032630
-0.062895
-0.056764
-0.025009
-0.039196
-0.007844
0.018117
-0.083836
-0.106256
-0.034525
-0.119991
0.027798
0.133773
0.045577
-0.085004
-0.134014
0.000868
-0.048169
-0.020488
-0.041323
-0.159731
-0.061497
0.120096
0.201825
0.078846
-0.240204
0.045612
0.365445
-0.039224
-0.172256
0.133950
0.136968
0.320538
0.425783
-0.215097
-0.085326
0.338962
0.072913
-0.064810
-0.213746
-0.235439
-0.145394
-0.110505
-0.177713
-0.124705
0.021632
-0.056609
0.141721
0.110715
0.004421
0.035677
-0.004439
-0.018972
-0.003279
0.070755
0.104420
0.102585
-0.003087
0.066310
0.107221
-0.018555
-0.029095
0.029750
-0.015136
-0.059584
-0.011553
-0.035257
-0.005883
-0.018345
-0.019165
0.031877
0.011938
-0.008322
-0.036436
-0.023807
-0.021696
-0.011340
-0.035822
-0.038435
-0.014331
-0.005101
0.013309
-0.013225
-0.032832
-0.030536
-0.024529
-0.028799
-0.030792
-0.050603
-0.042866
-0.017102
-0.016530
-0.024163
-0.028543
-0.013280
0.003399
0.018861
-0.000719
-0.021151
-0.021692
-0.006667
0.016835
-0.007331
-0.027058
-0.043156
0.008065
0.058928
-0.074110
-0.137633
-0.054112
0.035569
0.085260
-0.018427
-0.073095
-0.031758
-0.147762
0.062114
0.107553
-0.142506
0.071583
-0.002092
0.038085
0.188454
-0.063452
-0.171885
-0.064494
0.226939
0.035051
-0.124524
0.109992
0.136418
0.343363
0.258626
-0.201826
-0.284378
0.089204
0.161608
0.144350
-0.011657
-0.201892
0.132742
-0.004177
-0.220126
-0.125433
-0.139513
-0.162776
0.034111
0.170320
0.034850
-0.067695
-0.110938
0.044031
0.014460
-0.017538
-0.000872
-0.082987
-0.064129
-0.091835
-0.083427
-0.090382
-0.034999
-0.062100
-0.031752
0.019248
-0.005519
0.003355
-0.029655
-0.002910
0.022725
0.025417
0.013503
0.002411
0.001897
0.005139
0.011041
-0.005849
-0.011560
-0.021054
-0.005686
0.023212
0.025034
0.004361
-0.015137
-0.017763
-0.009940
-0.003619
-0.011905
-0.018030
-0.015762
0.001194
0.003046
-0.016247
-0.029280
-0.036860
-0.008574
0.017238
0.007101
-0.002346
-0.019030
-0.008786
0.016095
0.029161
0.009223
-0.041477
-0.056616
-0.010052
0.013151
-0.005761
0.035824
0.034081
0.026255
0.011840
-0.067201
-0.012274
0.073454
0.111470
0.053542
-0.018005
0.012032
-0.054462
-0.074496
0.135022
0.153107
0.019974
0.042960
0.117785
0.105770
0.010327
0.091539
-0.055994
-0.012641
0.293923
-0.004759
-0.113506
-0.055337
-0.117257
-0.262342
-0.075717
0.297329
-0.141831
-0.138251
0.185051
0.056728
-0.107586
-0.023086
0.003906
-0.000643
0.052675
-0.118925
-0.030644
0.006130
-0.067398
-0.104437
-0.095477
0.043328
0.053868
0.047738
0.049070
0.076941
0.062093
0.017313
-0.023142
-0.055703
-0.007313
-0.046556
-0.049138
-0.027067
-0.018159
-0.013358
0.016245
0.023522
-0.002539
0.000269
0.000514
-0.003042
-0.016841
-0.024666
-0.020707
-0.025752
-0.013314
-0.000887
-0.001918
-0.009943
-0.021945
-0.028369
-0.021114
-0.014498
-0.021588
-0.011318
0.005342
0.013394
0.004506
0.002250
0.005289
-0.001930
-0.011501
-0.014614
-0.012630
-0.010411
-0.006945
0.001068
0.001203
0.008752
0.008309
-0.011636
-0.015704
-0.007347
-0.012487
-0.008045
0.016795
-0.006676
-0.024155
-0.012591
-0.010419
-0.008449
-0.006020
0.000339
0.005275
0.010026
0.006197
0.005343
0.007201
0.005782
0.004998
0.002692
0.002541
0.000485
0.000715
0.003333
0.002709
0.001806
0.002649
0.003972
0.003678
0.004636
0.001778
-0.001157
-0.002873
-0.000375
0.001100
0.002843
0.004820
-0.000409
-0.000794
0.000689
0.000486
0.002443
0.002259
0.000707
-0.002764
0.000997
0.003651
0.000803
0.000772
0.000937
0.000302
-0.000375
0.001293
0.001241
0.002014
0.001050
0.001164
0.001358
0.002144
0.002313
0.002147
0.002315
0.002853
0.001962
0.001713
0.001191
0.001714
0.001881
0.001458
0.000615
0.000608
0.000967
0.000984
0.000969
0.000915
0.000801
0.000743
0.000640
0.000637
0.000748
0.000912
0.000975
0.000870
0.000563
0.000398
0.000441
0.000605
0.000704
0.000546
0.000218
0.000036
0.000003
0.000122
0.000164
0.000019
-0.000115
-0.000214
-0.000203
-0.000017
0.000096
-0.000008
-0.000110
-0.000265
-0.000289
-0.000074
0.000085
0.000084
-0.000020
-0.000345
-0.000541
-0.000218
0.000022
0.000088
0.000034
-0.000074
-0.000349
-0.000228