0.200058
0.038434
-0.019646
0.054481
0.238484
0.467549
0.659112
0.744378
0.694577
0.531944
0.321208
0.144860
0.071638
0.130262
0.298463
0.511489
0.686840
0.755784
0.689617
0.510637
0.283638
0.091176
0.002051
0.045046
0.197955
0.396087
0.556998
0.612015
0.532488
0.340768
0.101699
-0.102114
-0.201827
-0.168616
-0.024648
0.165421
0.319181
0.367984
0.283207
0.087221
-0.155114
-0.361179
-0.462122
-0.429114
-0.284320
-0.092401
0.064227
0.116904
0.036992
-0.153158
-0.388707
-0.587065
-0.679410
-0.636945
-0.481875
-0.278900
-0.110480
-0.045322
-0.112112
-0.288552
-0.509856
-0.693492
-0.770694
-0.712726
-0.541854
-0.322840
-0.138209
-0.056728
-0.107152
-0.267245
-0.472287
-0.639808
-0.701107
-0.627511
-0.441347
-0.207438
-0.008367
0.087041
0.049977
-0.097376
-0.290348
-0.446518
-0.497229
-0.413849
-0.218744
0.023227
0.229451
0.331072
0.299258
0.156171
-0.033535
-0.187453
-0.236934
-0.153351
0.040928
0.281049
0.484405
0.582152
0.545473
0.396550
0.200058
0.038434
-0.019646
0.054481
0.238484
0.467549
0.659112
0.744378
0.694577
0.531944
0.321208
0.144860
0.071638
0.130262
0.298463
0.511489
0.686840
0.755784
0.689617
0.510637
0.283638
0.091176
0.002051
0.045046
0.197955
0.396087
0.556998
0.612015
0.532488
0.340768
0.101699
-0.102114
-0.201827
-0.168616
-0.024648
0.165421
0.319181
0.367984
0.283207
0.087221
-0.155114
-0.361179
-0.462122
-0.429114
-0.284320
-0.092401
0.064227
0.116904
0.036992
-0.153158
-0.388707
-0.587065
-0.679410
-0.636945
-0.481875
-0.278900
-0.110480
-0.045322
-0.112112
-0.288552
-0.509856
-0.693492
-0.770694
-0.712726
-0.541854
-0.322840
-0.138209
-0.056728
-0.107152
-0.267245
-0.472287
-0.639808
-0.701107
-0.627511
-0.441347
-0.207438
-0.008367
0.087041
0.049977
-0.097376
-0.290348
-0.446518
-0.497229
-0.413849
-0.218744
0.023227
0.229451
0.331072
0.299258
0.156171
-0.033535
-0.187453
-0.236934
-0.153351
0.040928
0.281049
0.484405
0.582152
0.545473
0.396550
-0.051956
-0.057008
0.108001
0.384472
0.670629
0.860377
0.883817
0.733934
0.469265
0.191542
0.006824
-0.015008
0.133055
0.392481
0.661562
0.834269
0.840772
0.674121
0.392921
0.098967
-0.101616
-0.138885
-0.005770
0.239256
0.494541
0.654112
0.648190
0.469873
0.177814
-0.126150
-0.335855
-0.381322
-0.255447
-0.016676
0.233363
0.388720
0.379630
0.199206
-0.093892
-0.397823
-0.606422
-0.649716
-0.520609
-0.277559
-0.022211
0.139463
0.137674
-0.034494
-0.318415
-0.612281
-0.809970
-0.841550
-0.699972
-0.443743
-0.174561
0.001549
0.014740
-0.141963
-0.409994
-0.687610
-0.868750
-0.883550
-0.725026
-0.451753
-0.165494
0.027657
0.057785
-0.082150
-0.333649
-0.595035
-0.760310
-0.759673
-0.586201
-0.298528
0.001527
0.207814
0.250368
0.122098
-0.118542
-0.369917
-0.526071
-0.517236
-0.336524
-0.042595
0.262705
0.473206
0.518927
0.392765
0.153164
-0.098245
-0.255504
-0.248842
-0.071362
0.218288
0.518279
0.722463
0.760884
0.626465
0.377686
0.116214
-0.051956
-0.057008
0.108001
0.384472
0.670629
0.860377
0.883817
0.733934
0.469265
0.191542
0.006824
-0.015008
0.133055
0.392481
0.661562
0.834269
0.840772
0.674121
0.392921
0.098967
-0.101616
-0.138885
-0.005770
0.239256
0.494541
0.654112
0.648190
0.469873
0.177814
-0.126150
-0.335855
-0.381322
-0.255447
-0.016676
0.233363
0.388720
0.379630
0.199206
-0.093892
-0.397823
-0.606422
-0.649716
-0.520609
-0.277559
-0.022211
0.139463
0.137674
-0.034494
-0.318415
-0.612281
-0.809970
-0.841550
-0.699972
-0.443743
-0.174561
0.001549
0.014740
-0.141963
-0.409994
-0.687610
-0.868750
-0.883550
-0.725026
-0.451753
-0.165494
0.027657
0.057785
-0.082150
-0.333649
-0.595035
-0.760310
-0.759673
-0.586201
-0.298528
0.001527
0.207814
0.250368
0.122098
-0.118542
-0.369917
-0.526071
-0.517236
-0.336524
-0.042595
0.262705
0.473206
0.518927
0.392765
0.153164
-0.098245
-0.255504
-0.248842
-0.071362
0.218288
0.518279
0.722463
0.760884
0.626465
0.377686
0.116214