-0.026486
-0.022274
-0.019385
-0.018295
-0.027066
-0.038651
-0.014431
0.009211
0.021693
-0.002325
-0.016346
-0.022545
-0.048578
0.028490
0.046251
-0.058619
-0.074890
-0.004877
0.059302
0.066273
0.068107
0.035260
-0.012241
-0.049162
-0.105848
-0.051969
0.001583
0.035141
0.025806
0.055727
0.013860
0.095985
0.062922
-0.213598
-0.171210
-0.106268
0.059916
0.266240
0.017358
-0.226467
0.063420
0.078272
-0.346975
-0.212020
-0.011299
0.077578
-0.013917
-0.211167
0.090680
0.186377
0.040460
-0.040593
-0.118229
-0.119671
0.024425
0.062058
0.071282
0.174609
0.126131
0.003056
0.106028
0.094620
-0.020604
0.010606
0.002961
0.015054
-0.058687
-0.119200
-0.047174
0.022277
0.034474
0.016391
0.013354
0.020647
0.039272
0.014120
-0.020964
-0.018237
-0.009964
0.019889
0.021814
0.008558
0.001619
0.013953
0.004195
-0.004676
-0.006932
0.007344
0.016976
0.016040
0.011852
0.003165
0.011625
0.008624
0.002031
0.005016
0.018709
0.021508
0.008533
0.003275
0.012035
0.016851
0.011336
-0.004421
0.009582
0.026185
0.025414
0.015393
-0.002417
-0.000640
0.024232
0.005741
0.002446
0.018907
0.021695
0.014299
-0.040535
-0.010751
0.008288
-0.007621
0.013716
0.041694
0.088655
0.028193
-0.091327
-0.000268
0.145991
0.047174
-0.155155
0.008091
0.106136
0.071860
0.160336
-0.100050
-0.212745
-0.126573
-0.114680
-0.030514
-0.015305
0.140472
0.262485
-0.038746
-0.291297
0.102853
0.205017
-0.258825
-0.340775
-0.150728
0.110288
0.286365
0.169641
0.111112
0.095608
0.123553
0.232218
0.074726
-0.146780
-0.142278
0.082716
0.070003
-0.073114
-0.078846
-0.013789
0.065096
-0.061933
0.009462
0.030785
-0.019059
0.052058
0.010501
-0.029714
-0.029495
0.047005
-0.006422
-0.034897
-0.034588
-0.036597
0.005290
-0.042844
-0.042312
-0.023630
-0.004646
-0.003218
-0.007739
-0.019020
-0.021666
-0.004823
-0.010455
-0.012347
-0.029872
-0.018126
-0.003504
-0.004447
-0.020947
-0.031495
-0.024492
-0.022975
-0.011364
-0.003484
0.003394
0.003816
0.003898
-0.002318
-0.002110
0.000785
-0.017604
-0.032521
-0.066240
-0.039816
-0.004816
-0.004772
-0.005986
-0.032842
-0.009484
-0.014703
-0.033278
0.008881
-0.011634
-0.035035
-0.019552
0.040770
0.068154
-0.035558
-0.005711
0.097607
0.099516
0.051898
0.030272
0.050446
-0.049433
-0.145666
-0.066768
0.091336
0.043733
-0.160419
-0.223780
-0.144125
0.076270
0.093999
0.035231
-0.038735
-0.042230
0.017476
-0.181717
-0.005275
-0.053035
-0.254597
-0.111944
-0.030540
-0.070164
-0.230442
0.082811
0.233927
0.222855
0.114204
-0.026997
0.094324
0.145947
0.169406
-0.009902
-0.020720
-0.018463
-0.003029
-0.020705
-0.027656
0.130083
0.106006
0.060459
0.015557
0.016602
-0.011563
-0.012749
-0.004248
-0.049757
-0.025293
-0.012451
0.009122
-0.010721
-0.003600
-0.006582
-0.004206
-0.005677
-0.028577
-0.013926
-0.009901
0.001534
-0.003444
-0.002299
-0.000869
-0.000362
0.004200
0.005382
0.002683
-0.017063
-0.025838
-0.021072
-0.007219
0.005762
0.001281
0.003499
0.001729
0.014119
0.020825
0.021503
0.014586
0.002733
0.023840
0.003066
-0.042280
-0.008811
0.014525
-0.027861
0.007627
0.014082
-0.039554
-0.020432
-0.005516
-0.032039
-0.028939
-0.033005
-0.011209
0.049323
-0.092899
-0.029651
-0.005508
-0.160784
0.081586
0.056521
-0.218414
-0.239091
-0.014023
0.129939
0.197975
0.018577
-0.082014
0.057198
-0.112657
-0.128407
-0.028988
-0.015937
-0.114840
-0.042460
0.029929
-0.163890
-0.206769
-0.040968
0.058833
0.004253
0.013903
0.108000
0.129304
0.013628
-0.134743
-0.002370
0.064935
-0.100557
-0.012799
0.033196
0.035148
0.067595
0.000097
-0.023040
0.038069
0.109311
0.059703
0.008116
-0.033762
0.023704
0.073190
0.049620
0.050017
0.020103
0.042663
0.057911
0.059885
0.004812
0.003697
0.005941
-0.002365
0.033092
0.026165
0.041104
0.041842
0.035810
0.019773
0.022449
0.019720
0.009221
0.000807
0.001542
0.020058
0.017465
0.019199
0.017047
0.017783
0.027918
0.028446
0.031032
0.025622
0.022692
0.019710
0.020879
0.021570
0.004939
0.019843
0.025721
0.005170
-0.003724
0.028531
0.035426
-0.015852
-0.008099
0.027963
0.013854
0.028642
0.034821
-0.029452
0.025131
0.040567
-0.064908
-0.019250
-0.100784
-0.107359
0.117623
0.061871
0.111807
0.194755
-0.082592
-0.103356
-0.043869
-0.025850
0.076617
0.040727
0.227466
0.216906
0.130520
0.090920
-0.119908
-0.170364
0.077035
0.247704
-0.008435
-0.151218
-0.035891
0.060098
-0.009131
0.043785
-0.051642
-0.110546
0.062185
-0.057173
0.111667
0.000213
-0.072105
0.156724
0.039430
-0.002942
-0.170454
-0.105195
0.098783
0.046168
-0.103966
-0.110477
-0.038170
-0.015750
-0.009344
-0.034680
-0.005652
-0.033932
-0.088422
-0.068788
-0.029953
-0.001553
0.008917
-0.017251
-0.021436
0.002036
0.002754
0.002646
-0.004706
-0.022286
-0.030652
-0.013567
-0.003545
-0.012597
-0.009090
-0.022085
-0.021389
-0.019375
-0.029314
-0.029596
-0.028043
-0.026803
-0.017167
-0.021349
-0.023399
-0.025291
-0.027524
-0.015853
-0.001595
-0.008030
-0.026373
-0.034333
-0.026048
-0.013979
-0.013964
0.011768
-0.003022
-0.035108
-0.028254
-0.034567
-0.030287
-0.022302
-0.016830
0.016604
0.002447
-0.007995
0.016382
0.018607
-0.011876
0.051254
0.090413
-0.049276
-0.007971
-0.108865
-0.048333
0.183470
0.114915
0.051847
-0.048116
0.008007
0.066546
-0.016699
-0.204043
-0.254745
0.023286
0.151920
0.058551
-0.075635
-0.077494
0.016160
-0.038119
-0.229515
-0.294696
-0.173580
-0.111326
0.031826
0.074360
-0.007066
0.064705
0.082055
0.059095
0.087907
-0.113118
-0.197071
-0.050090
0.024053
0.146081
0.127973
0.080484
0.091036
0.079330
0.121212
0.071944
0.012193
-0.001324
0.021058
0.044882
0.015834
0.026352
0.004791
-0.022551
0.010115
0.014652
-0.018101
-0.004723
-0.013658
-0.020079
0.002984
0.009589
0.024256
0.028563
0.017035
0.010233
0.018098
0.011528
-0.001395
-0.008692
-0.005928
0.004812
0.013600
0.014520
0.002136
-0.000457
0.008963
0.023546
0.028994
0.017757
0.020293
0.029333
0.028009
0.025534
0.015024
-0.008596
0.001505
0.017860
0.024272
0.016890
0.016840
0.040630
0.031242
0.001616
-0.075910
-0.008978
0.052295
0.027358
0.022719
-0.021892
-0.055804
-0.057550
0.057902
0.069669
0.061872
0.075814
-0.083195
-0.117009
0.035842
0.063289
0.022390
-0.034610
0.064562
0.183474
-0.089086
-0.190436
-0.045737
-0.091879
-0.038019
0.114156
-0.064663
0.140370
0.090117
-0.338861
0.079412
0.206156
-0.009787
-0.187451
-0.082640
0.081705
0.156548
0.164068
-0.177847
-0.052497
0.043901
0.163073
0.191075
-0.018072
0.030464
0.141216
0.157088
0.004343
-0.023982
-0.039282
-0.008902
-0.054883
-0.114444
-0.021955
0.014269
0.027021
0.041330
0.037390
0.017590
0.054997
0.001416
-0.064138
-0.060156
-0.038470
-0.034676
-0.049540
-0.020725
-0.013666
0.002629
0.001933
-0.013171
-0.021377
-0.030062
-0.024210
-0.013138
-0.012264
-0.025830
-0.021193
-0.010121
-0.002296
-0.009796
-0.026633
-0.025997
-0.024474
-0.026482
-0.019787
-0.019064
-0.016334
-0.016223
-0.017460
-0.008872
-0.004371
-0.024766
-0.031357
-0.010037
-0.009639
-0.025837
-0.057333
-0.046031
-0.030412
-0.032430
0.006045
-0.012531
-0.117332
-0.084534
-0.054121
-0.068058
0.093129
0.099310
-0.001569
-0.134158
-0.090217
0.001832
-0.035746
-0.007381
-0.088033
-0.147985
-0.015457
0.132001
0.168390
-0.063148
-0.237908
0.149957
0.237711
-0.123369
-0.088916
0.132433
0.160665
0.393046
0.230449
-0.239468
0.089863
0.297028
0.081902
-0.062971
-0.217593
-0.180453
-0.103769
-0.085410
-0.162148
-0.056632
-0.025124
-0.031605
0.141528
0.027500
-0.000189
0.023573
-0.018835
-0.018545
0.032237
0.064499
0.095730
0.059887
-0.024181
0.080029
0.079702
-0.019511
0.001153
0.042345
-0.020885
-0.024024
0.004012
-0.022498
-0.005968
-0.028947
-0.004063
0.023686
0.004208
-0.024507
-0.032313
-0.020406
-0.022594
-0.005775
-0.030290
-0.024638
-0.010156
-0.003244
0.003140
-0.007081
-0.021063
-0.024429
-0.017663
-0.021608
-0.021707
-0.043173
-0.048476
-0.032158
-0.019032
-0.021889
-0.033564
-0.029646
-0.006371
0.013566
-0.003056
-0.021139
-0.026793
-0.000344
0.018835
-0.005152
-0.030030
-0.039685
0.027479
0.025816
-0.099458
-0.107910
-0.018638
0.067294
0.068007
-0.055339
-0.071145
-0.081724
-0.100235
0.133510
0.020141
-0.086453
0.052270
-0.039597
0.100990
0.096898
-0.109677
-0.167616
0.008843
0.202803
-0.055784
-0.052073
0.099977
0.172724
0.334496
0.087114
-0.264893
-0.155976
0.174232
0.214668
0.165795
-0.113303
-0.120966
0.109017
-0.087789
-0.154766
-0.099464
-0.132801
-0.108914
0.099068
0.128513
-0.010550
-0.099361
-0.079336
0.060043
0.023123
0.012262
-0.028864
-0.069696
-0.083528
-0.079543
-0.061487
-0.074887
-0.038855
-0.073101
-0.026888
0.005732
-0.001103
-0.012844
-0.026912
-0.003768
0.012608
0.023733
0.002749
-0.006623
-0.013518
-0.002494
-0.000456
-0.013349
-0.009025
-0.013668
0.003144
0.020995
0.015338
0.002461
-0.009273
-0.014108
-0.001885
0.004652
-0.003749
-0.015412
-0.026949
-0.012476
-0.001300
-0.010823
-0.026800
-0.037216
-0.010671
0.013379
0.010964
-0.005971
-0.023946
-0.005669
0.026840
0.035387
-0.006403
-0.057638
-0.052747
0.003598
0.014771
0.007688
0.030717
0.010010
0.014955
-0.014623
-0.048369
0.021699
0.087951
0.099847
0.014942
-0.028114
-0.018229
-0.078864
-0.008534
0.160113
0.101550
0.003720
0.033779
0.110022
0.072305
0.046939
0.091993
-0.062989
0.119603
0.230919
-0.055044
-0.080683
-0.080281
-0.127043
-0.218156
0.095535
0.198391
-0.202463
-0.043076
0.140074
0.015593
-0.080787
0.003542
0.004187
0.033749
-0.002823
-0.096537
-0.011382
-0.040047
-0.074034
-0.118962
-0.058183
0.053661
0.051714
0.038542
0.039935
0.076845
0.035689
0.010852
-0.022023
-0.038718
-0.012263
-0.037362
-0.044970
-0.034141
-0.015780
-0.012466
0.016744
0.014545
-0.002456
-0.003477
-0.000424
0.001637
-0.009743
-0.013325
-0.013647
-0.018705
-0.013376
-0.005159
-0.008679
-0.020137
-0.026499
-0.027982
-0.015632
-0.013093
-0.016208
-0.008738
-0.000258
0.009212
0.001827
0.001149
0.004072
-0.005832
-0.015258
-0.012898
-0.010061
-0.010500
-0.007975
-0.003486
0.003055
0.013166
0.000142
-0.019368
-0.013185
0.003032
-0.003179
0.001043
0.012524
-0.012384
-0.020878
-0.013805
-0.008883
-0.006367
-0.007368
-0.003290
0.003774
0.007792
0.004687
0.006630
0.006177
0.003798
0.003721
0.001635
0.002570
0.001877
0.001193
0.002452
0.003019
0.001760
0.002167
0.003403
0.003204
0.004458
0.002238
-0.001454
-0.001824
-0.000896
-0.001417
0.000502
0.002936
0.001962
0.001508
0.001517
0.001176
0.000438
0.001288
0.001259
0.000316
0.000671
0.001359
0.001290
0.000578
0.000049
0.000115
0.000898
0.001556
0.001774
0.001745
0.001919
0.002201
0.001719
0.001151
0.001009
0.001137
0.001675
0.002053
0.002320
0.002158
0.001725
0.001846
0.002155
0.001904
0.001305
0.000815
0.000676
0.000896
0.001066
0.000902
0.000864
0.000935
0.000947
0.000810
0.000763
0.000877
0.000930
0.000904
0.000817
0.000561
0.000372
0.000411
0.000543
0.000497
0.000355
0.000178
0.000062
0.000060
0.000034
0.000067
0.000035
-0.000062
-0.000131
-0.000068
-0.000036
0.000021
-0.000001
-0.000190
-0.000285
-0.000235
-0.000210
-0.000158
-0.000066
-0.000130
-0.000219
-0.000229
-0.000219
-0.000209
-0.000109
-0.000016
-0.016539
-0.036714
-0.041968
0.006864
0.010859
0.020335
0.011174
0.007833
-0.014047
-0.066677
0.051481
0.072839
-0.060676
-0.057219
-0.001666
0.033652
0.051444
0.097423
0.073795
0.018385
-0.048867
-0.156101
-0.087441
-0.031403
0.011012
0.020743
0.091447
0.025527
0.154886
0.093684
-0.299383
-0.213376
-0.200177
-0.019698
0.304393
-0.017564
-0.248806
0.221214
0.101317
-0.532077
-0.228918
-0.020442
0.055371
-0.001240
-0.231618
0.188266
0.272364
0.078765
0.022761
-0.078826
-0.109830
0.008964
0.016544
0.086846
0.252619
0.190549
0.019295
0.142146
0.092718
-0.075748
-0.035954
-0.021903
0.006771
-0.093268
-0.142336
-0.050638
0.026606
0.048381
0.019513
0.036582
0.041254
0.029697
0.003847
-0.021960
-0.042387
-0.004679
0.042502
0.019392
0.018332
0.004862
0.003950
-0.004377
-0.011529
-0.017322
0.015326
0.037475
0.021055
0.001688
-0.004527
0.003731
0.004514
0.005334
0.015812
0.031996
0.026798
0.022413
0.019108
-0.003889
-0.002058
0.014828
-0.010883
0.003310
0.022580
0.025003
0.028480
-0.007254
-0.026319
0.006830
-0.013917
-0.001235
0.033808
0.036972
0.029775
-0.046001
-0.006643
0.011420
-0.019160
0.016876
0.069306
0.140192
0.043900
-0.134921
0.004094
0.182189
0.012130
-0.232872
0.022322
0.084652
0.051563
0.259028
-0.105254
-0.223846
-0.124771
-0.229142
-0.137196
-0.070231
0.198620
0.389459
-0.034849
-0.337611
0.224026
0.256849
-0.352172
-0.331073
-0.125258
0.101272
0.323058
0.214731
0.197676
0.178248
0.172299
0.238040
-0.011467
-0.234061
-0.199465
0.077576
0.026782
-0.131143
-0.057967
0.035027
0.083836
-0.085642
0.036071
-0.012164
-0.053027
0.081667
-0.018484
-0.049729
-0.023248
0.054363
-0.022840
-0.029426
-0.035258
-0.055596
-0.006974
-0.068532
-0.045880
-0.013726
0.004421
-0.003914
-0.007957
-0.027906
-0.048223
-0.018213
-0.005785
-0.006136
-0.024183
-0.000157
0.011364
0.000579
-0.011179
-0.027904
-0.033671
-0.028134
-0.007364
0.003503
0.001700
-0.001750
0.011248
0.002606
-0.028144
-0.031115
-0.024496
-0.028651
-0.074587
-0.046273
-0.008944
-0.000434
0.009112
-0.023403
0.008307
-0.010463
-0.027616
0.052920
0.000442
-0.043833
-0.006521
0.081244
0.111142
-0.054239
-0.011218
0.114673
0.091239
0.048418
0.039699
0.060673
-0.091794
-0.221956
-0.111376
0.103708
0.058632
-0.166366
-0.235199
-0.194706
0.036428
0.034549
0.020891
-0.016640
-0.011010
0.020758
-0.297036
0.020822
-0.056461
-0.304492
-0.019940
0.043609
-0.068816
-0.261829
0.183159
0.300590
0.300159
0.189453
-0.020911
0.127333
0.159316
0.151590
-0.052906
0.018274
-0.000660
-0.009338
-0.046085
-0.074525
0.144701
0.118356
0.066833
0.023289
0.024243
-0.058049
-0.066414
-0.029983
-0.092392
-0.042560
0.001461
0.012505
-0.013194
0.008589
0.000442
-0.001337
-0.006387
-0.029968
-0.019821
-0.020784
-0.015987
-0.009878
-0.004324
-0.004981
0.005096
0.014452
0.007806
-0.001081
-0.018722
-0.025530
-0.002582
0.006600
0.000813
0.003797
0.019382
0.011194
0.015499
0.019918
0.014358
-0.002719
-0.009955
0.027890
-0.009969
-0.068118
0.001689
0.016691
-0.063757
0.004648
0.013187
-0.046394
0.002083
-0.007744
-0.075661
-0.060509
-0.054921
-0.024445
0.067594
-0.128569
-0.000781
0.003496
-0.226724
0.177252
0.110396
-0.265784
-0.246158
-0.019720
0.078299
0.214839
0.033326
-0.031045
0.143243
-0.192212
-0.229519
-0.078022
-0.047789
-0.138474
0.035424
0.123490
-0.202728
-0.227597
-0.004716
0.031857
-0.011201
0.066191
0.152019
0.185892
0.045405
-0.185588
0.021142
0.085447
-0.177356
0.024089
0.066903
0.031273
0.120376
0.012507
-0.032878
0.066284
0.144748
0.050114
0.014765
-0.025462
0.022632
0.060716
0.048698
0.066040
0.029337
0.074412
0.069475
0.075276
0.001764
-0.016368
-0.006900
-0.018601
0.012661
0.018974
0.051898
0.048747
0.040339
0.012189
0.008728
-0.001447
-0.011737
0.005978
0.024539
0.025015
0.013885
0.019968
0.022723
0.020728
0.020387
0.025470
0.034117
0.022669
0.017355
0.014922
0.013114
0.009763
-0.007162
0.028540
0.024070
-0.010162
0.003448
0.049425
0.037459
-0.038772
-0.021182
0.021164
-0.015144
0.021021
0.042760
-0.047973
0.049743
0.054903
-0.092534
0.014323
-0.130684
-0.156822
0.153482
0.031937
0.170628
0.344440
-0.068481
-0.057597
-0.029401
-0.094233
0.042392
0.004208
0.308687
0.288625
0.206206
0.164600
-0.211883
-0.291065
0.056861
0.224115
-0.063998
-0.136504
0.002621
0.059840
-0.064501
0.052741
-0.063583
-0.119200
0.116768
-0.126663
0.130698
-0.041528
-0.120444
0.231123
0.038282
0.000682
-0.218675
-0.138202
0.093755
-0.011143
-0.142301
-0.110890
-0.042905
-0.012819
-0.029501
-0.047291
0.030231
-0.028775
-0.116606
-0.076525
-0.035460
0.001485
0.035699
0.008950
0.010367
0.029663
0.000396
-0.014206
-0.014348
-0.034639
-0.032001
-0.003820
-0.007742
-0.005286
-0.023264
-0.038677
-0.018039
-0.030808
-0.037249
-0.028046
-0.018154
-0.015182
-0.009678
-0.015430
-0.021815
-0.027305
-0.015868
-0.007138
-0.007960
-0.011490
-0.015605
-0.016895
-0.024015
-0.036276
-0.036578
0.017304
0.011260
-0.022284
-0.012054
-0.030285
-0.034649
-0.024228
-0.014977
0.028047
0.009940
0.015569
0.049072
0.025242
-0.034476
0.072786
0.143339
-0.048960
0.026620
-0.171120
-0.109072
0.211111
0.093073
0.064342
-0.027446
0.022493
0.067733
-0.058389
-0.305938
-0.358504
0.003492
0.123980
0.010067
-0.082604
-0.047438
0.047886
-0.028622
-0.273816
-0.340421
-0.185647
-0.166039
0.027580
0.124412
0.044757
0.167292
0.157747
0.099661
0.160672
-0.122029
-0.221223
-0.045435
0.002350
0.175153
0.183793
0.157351
0.173622
0.120367
0.142539
0.039373
-0.033152
-0.033806
-0.018699
0.022950
0.011639
0.028934
0.010731
-0.024381
0.001866
0.001825
-0.039124
-0.013723
-0.019104
-0.026682
0.003077
0.015335
0.022250
0.025617
0.020368
0.010683
0.022822
0.005334
-0.020258
-0.006485
0.009892
0.015525
0.023098
0.007968
-0.010234
0.007584
0.018553
0.021125
0.024282
0.026663
0.039543
0.038994
0.023220
0.012901
0.010056
-0.010911
-0.007963
0.006702
0.014050
0.008658
0.026275
0.052344
0.028103
-0.016065
-0.126798
-0.013531
0.052995
0.013845
0.046469
-0.001596
-0.061307
-0.074637
0.060072
0.055728
0.094564
0.152648
-0.089657
-0.144790
0.034808
0.008281
-0.022071
-0.041626
0.116343
0.261034
-0.127375
-0.207301
-0.025566
-0.173985
-0.084813
0.139645
-0.109073
0.288197
0.150988
-0.490982
0.179953
0.232064
-0.074390
-0.186954
-0.035362
0.091970
0.200821
0.245567
-0.222372
0.011487
0.082243
0.136517
0.177666
-0.031813
0.028335
0.154311
0.170757
-0.063385
-0.042446
-0.018874
-0.037103
-0.102750
-0.131175
-0.050978
-0.010974
0.042834
0.042760
0.042679
0.042480
0.061419
-0.020044
-0.095188
-0.089952
-0.061328
-0.076044
-0.061837
0.000161
0.002388
0.019164
0.017062
-0.017930
-0.043967
-0.035983
-0.037221
-0.023460
-0.010982
-0.032599
-0.020892
0.003683
-0.001583
-0.011191
-0.015820
-0.032113
-0.029971
-0.020794
-0.014640
-0.014443
-0.018431
-0.019524
-0.015990
-0.021287
-0.024159
-0.032082
-0.027855
-0.007999
-0.020784
-0.046505
-0.070393
-0.039483
-0.034002
-0.039682
0.023989
0.009288
-0.119298
-0.067429
-0.085560
-0.136988
0.127069
0.131245
0.012739
-0.136000
-0.083234
-0.004097
-0.068560
0.012653
-0.093134
-0.171586
0.028729
0.191333
0.251243
-0.026774
-0.231307
0.307593
0.301560
-0.215266
-0.049102
0.187586
0.119781
0.505114
0.242225
-0.404983
0.154498
0.289531
-0.078882
-0.102467
-0.255647
-0.251847
-0.154046
-0.131439
-0.242543
-0.017362
0.015622
-0.041334
0.233531
0.077100
0.008564
0.067590
0.004837
-0.059338
0.046122
0.109409
0.100834
0.086306
-0.000139
0.087669
0.067701
-0.051709
-0.021508
0.041274
-0.053266
-0.058360
-0.009276
-0.053746
-0.020734
-0.031989
-0.002093
0.039512
0.017312
-0.035462
-0.028412
-0.002608
-0.033167
-0.027325
-0.043484
-0.036640
-0.011846
0.013154
-0.016561
-0.039833
-0.031057
-0.035787
-0.028642
-0.028135
-0.035302
-0.037877
-0.026527
-0.027293
-0.019593
-0.024546
-0.012636
0.012961
0.012827
0.010473
-0.002843
-0.013857
-0.023059
0.001594
0.005823
-0.021514
-0.035101
-0.044341
0.052312
0.036844
-0.136788
-0.124165
-0.025318
0.058767
0.076413
-0.042495
-0.026327
-0.082538
-0.153316
0.166269
-0.025571
-0.098846
0.139833
-0.057848
0.161389
0.152622
-0.147723
-0.168275
0.069591
0.255145
-0.128161
-0.033001
0.149998
0.189046
0.467440
0.117868
-0.371178
-0.177822
0.137387
0.089672
0.167239
-0.132566
-0.096349
0.203178
-0.181250
-0.246065
-0.097858
-0.181184
-0.167329
0.150123
0.161105
-0.022906
-0.075933
-0.075773
0.026081
-0.031598
0.005663
-0.046265
-0.066676
-0.070850
-0.117605
-0.093376
-0.074183
-0.033246
-0.054614
0.007911
0.012092
0.012043
-0.020308
-0.040052
0.026727
0.037556
0.038686
0.023168
0.001940
0.001444
0.013088
-0.002163
-0.015913
-0.016780
-0.009454
0.027359
0.038677
0.010366
-0.017183
-0.031818
-0.026232
-0.006850
-0.007891
-0.005902
0.000079
-0.003552
-0.002418
-0.008946
-0.021710
-0.030751
-0.017612
0.014140
0.008482
0.004075
-0.000878
-0.017655
-0.006099
0.012793
0.036766
0.002583
-0.056198
-0.045739
0.007465
0.000018
0.011095
0.062936
0.028893
0.032721
-0.026123
-0.076742
0.026524
0.102486
0.117272
0.026784
0.008584
0.013657
-0.116547
-0.019662
0.206036
0.105433
0.030650
0.094015
0.133611
0.038161
0.013361
0.065356
-0.161867
0.147845
0.266611
-0.137388
-0.045695
-0.065077
-0.222506
-0.337434
0.143578
0.228281
-0.277308
0.067764
0.199433
-0.073445
-0.111133
0.003320
-0.045206
0.066452
0.000251
-0.133580
0.046389
-0.023424
-0.098631
-0.126355
-0.044175
0.063866
0.065844
0.069135
0.040127
0.101653
0.046952
-0.025795
-0.043673
-0.027429
-0.021325
-0.059200
-0.037045
-0.037238
-0.032170
0.004996
0.034400
0.019907
0.010344
0.003124
-0.009860
-0.022968
-0.029130
-0.026872
-0.028894
-0.018238
0.000900
-0.003354
0.000848
-0.009763
-0.030418
-0.025032
-0.010432
-0.019668
-0.019507
0.009429
0.015715
0.003922
0.000174
0.007068
0.002328
-0.010793
-0.011570
-0.006806
-0.009921
-0.004896
0.002644
-0.003038
-0.004515
0.017605
0.006250
-0.023391
-0.016742
-0.010431
-0.020017
0.005414
0.015817
-0.021805
-0.021456
-0.013095
-0.011556
-0.006707
-0.001148
0.005450
0.011459
0.012641
0.002361
0.004096
0.005484
0.003390
0.004951
0.004264
0.001652
0.002046
0.002562
0.000655
0.003722
0.005160
0.006345
0.008543
0.009482
0.006914
-0.001675
-0.007993
-0.008656
-0.000251
0.005009
0.006821
0.006404
-0.001081
-0.002561
0.001103
0.003182
0.002473
0.001248
0.000208
-0.001445
0.002432
0.001263
-0.001795
-0.000865
-0.001499
-0.001709
0.001026
0.003824
0.003332
0.003031
0.001435
0.001611
0.001833
0.002239
0.002369
0.001944
0.002066
0.002313
0.001317
0.001471
0.001854
0.001978
0.001068
0.000545
0.000263
0.000621
0.001092
0.001087
0.000929
0.000567
0.000117
0.000129
0.000417
0.000814
0.001184
0.001103
0.000680
0.000204
0.000098
0.000374
0.000631
0.000791
0.000579
0.000163
0.000008
0.000075
0.000203
0.000264
0.000001
-0.000338
-0.000333
-0.000086
0.000245
0.000560
0.000451
0.000000
-0.000388
-0.000631
-0.000414
0.000291
0.000646
0.000264
-0.000317
-0.000899
-0.000970
-0.000318
0.000170
0.000131
-0.000126
-0.000323
-0.000448
-0.000157
0.000042