0.300119
0.136685
0.026173
0.017991
0.122014
0.304789
0.502290
0.644346
0.681426
0.603541
0.444040
0.266859
0.142087
0.119186
0.208092
0.375410
0.557174
0.683278
0.704252
0.610171
0.434447
0.241081
0.100226
0.061408
0.134624
0.286542
0.453258
0.564722
0.571526
0.463797
0.275004
0.069198
-0.083419
-0.133274
-0.070327
0.072131
0.230233
0.333964
0.333944
0.220331
0.026613
-0.183137
-0.338702
-0.390499
-0.328477
-0.185926
-0.026712
0.079144
0.082256
-0.027233
-0.215849
-0.419541
-0.568115
-0.612014
-0.541222
-0.389059
-0.219434
-0.102404
-0.087403
-0.184333
-0.359770
-0.549715
-0.684028
-0.713209
-0.627300
-0.459680
-0.274318
-0.141336
-0.110229
-0.190963
-0.350177
-0.523938
-0.642168
-0.655431
-0.553832
-0.370812
-0.170402
-0.022781
0.022497
-0.044589
-0.190734
-0.352054
-0.458522
-0.460749
-0.348881
-0.156401
0.052623
0.207977
0.260079
0.198877
0.057657
-0.099719
-0.203239
-0.203524
-0.090731
0.101656
0.309569
0.462797
0.511767
0.446441
0.300119
0.136685
0.026173
0.017991
0.122014
0.304789
0.502290
0.644346
0.681426
0.603541
0.444040
0.266859
0.142087
0.119186
0.208092
0.375410
0.557174
0.683278
0.704252
0.610171
0.434447
0.241081
0.100226
0.061408
0.134624
0.286542
0.453258
0.564722
0.571526
0.463797
0.275004
0.069198
-0.083419
-0.133274
-0.070327
0.072131
0.230233
0.333964
0.333944
0.220331
0.026613
-0.183137
-0.338702
-0.390499
-0.328477
-0.185926
-0.026712
0.079144
0.082256
-0.027233
-0.215849
-0.419541
-0.568115
-0.612014
-0.541222
-0.389059
-0.219434
-0.102404
-0.087403
-0.184333
-0.359770
-0.549715
-0.684028
-0.713209
-0.627300
-0.459680
-0.274318
-0.141336
-0.110229
-0.190963
-0.350177
-0.523938
-0.642168
-0.655431
-0.553832
-0.370812
-0.170402
-0.022781
0.022497
-0.044589
-0.190734
-0.352054
-0.458522
-0.460749
-0.348881
-0.156401
0.052623
0.207977
0.260079
0.198877
0.057657
-0.099719
-0.203239
-0.203524
-0.090731
0.101656
0.309569
0.462797
0.511767
0.446441
-0.068213
0.035423
0.283267
0.584432
0.827027
0.920880
0.831978
0.595443
0.302120
0.063869
-0.029158
0.057053
0.287387
0.571025
0.796146
0.872647
0.766583
0.513145
0.203243
-0.051196
-0.159957
-0.088965
0.126727
0.396358
0.608160
0.672085
0.554236
0.289851
-0.030117
-0.293702
-0.410650
-0.346856
-0.137345
0.127147
0.334873
0.395801
0.276044
0.010850
-0.308826
-0.571019
-0.685481
-0.618116
-0.403963
-0.133778
0.080672
0.149326
0.038269
-0.217288
-0.526425
-0.777221
-0.879473
-0.799132
-0.571289
-0.286752
-0.057348
0.026806
-0.068268
-0.307421
-0.599800
-0.833547
-0.918528
-0.820762
-0.575408
-0.273345
-0.026467
0.075039
-0.002874
-0.225124
-0.500924
-0.718482
-0.787729
-0.674745
-0.414749
-0.098677
0.161519
0.275601
0.209474
-0.001829
-0.267563
-0.475977
-0.537036
-0.416853
-0.150677
0.170533
0.434806
0.551885
0.487665
0.277172
0.011146
-0.198660
-0.262205
-0.145593
0.115942
0.431458
0.689007
0.798360
0.725440
0.505309
0.228745
0.007543
-0.068213
0.035423
0.283267
0.584432
0.827027
0.920880
0.831978
0.595443
0.302120
0.063869
-0.029158
0.057053
0.287387
0.571025
0.796146
0.872647
0.766583
0.513145
0.203243
-0.051196
-0.159957
-0.088965
0.126727
0.396358
0.608160
0.672085
0.554236
0.289851
-0.030117
-0.293702
-0.410650
-0.346856
-0.137345
0.127147
0.334873
0.395801
0.276044
0.010850
-0.308826
-0.571019
-0.685481
-0.618116
-0.403963
-0.133778
0.080672
0.149326
0.038269
-0.217288
-0.526425
-0.777221
-0.879473
-0.799132
-0.571289
-0.286752
-0.057348
0.026806
-0.068268
-0.307421
-0.599800
-0.833547
-0.918528
-0.820762
-0.575408
-0.273345
-0.026467
0.075039
-0.002874
-0.225124
-0.500924
-0.718482
-0.787729
-0.674745
-0.414749
-0.098677
0.161519
0.275601
0.209474
-0.001829
-0.267563
-0.475977
-0.537036
-0.416853
-0.150677
0.170533
0.434806
0.551885
0.487665
0.277172
0.011146
-0.198660
-0.262205
-0.145593
0.115942
0.431458
0.689007
0.798360
0.725440
0.505309
0.228745
0.007543