0.326939
0.154233
0.023293
-0.008473
0.078035
0.256285
0.464225
0.627959
0.689948
0.630975
0.477460
0.291360
0.146485
0.100297
0.171953
0.334982
0.527390
0.675342
0.721363
0.646297
0.476630
0.274380
0.113422
0.051282
0.107180
0.254706
0.431927
0.565070
0.596716
0.507768
0.324765
0.109779
-0.063266
-0.136795
-0.091545
0.046118
0.214300
0.339262
0.363619
0.268301
0.079873
-0.139571
-0.316090
-0.392096
-0.348314
-0.211107
-0.042365
0.084169
0.111106
0.019364
-0.164506
-0.378427
-0.548481
-0.617104
-0.565051
-0.418718
-0.240031
-0.102771
-0.064371
-0.143958
-0.315027
-0.515554
-0.671672
-0.725873
-0.658970
-0.497415
-0.303196
-0.150155
-0.095787
-0.159280
-0.314197
-0.498574
-0.638609
-0.676859
-0.594197
-0.417139
-0.207733
-0.039882
0.028860
-0.020751
-0.162332
-0.333973
-0.461922
-0.488781
-0.395472
-0.208551
0.009894
0.185926
0.261958
0.218716
0.082560
-0.084623
-0.209097
-0.233481
-0.138703
0.048674
0.266559
0.441018
0.514471
0.467653
0.326939
0.154233
0.023293
-0.008473
0.078035
0.256285
0.464225
0.627959
0.689948
0.630975
0.477460
0.291360
0.146485
0.100297
0.171953
0.334982
0.527390
0.675342
0.721363
0.646297
0.476630
0.274380
0.113422
0.051282
0.107180
0.254706
0.431927
0.565070
0.596716
0.507768
0.324765
0.109779
-0.063266
-0.136795
-0.091545
0.046118
0.214300
0.339262
0.363619
0.268301
0.079873
-0.139571
-0.316090
-0.392096
-0.348314
-0.211107
-0.042365
0.084169
0.111106
0.019364
-0.164506
-0.378427
-0.548481
-0.617104
-0.565051
-0.418718
-0.240031
-0.102771
-0.064371
-0.143958
-0.315027
-0.515554
-0.671672
-0.725873
-0.658970
-0.497415
-0.303196
-0.150155
-0.095787
-0.159280
-0.314197
-0.498574
-0.638609
-0.676859
-0.594197
-0.417139
-0.207733
-0.039882
0.028860
-0.020751
-0.162332
-0.333973
-0.461922
-0.488781
-0.395472
-0.208551
0.009894
0.185926
0.261958
0.218716
0.082560
-0.084623
-0.209097
-0.233481
-0.138703
0.048674
0.266559
0.441018
0.514471
0.467653
-0.089772
0.060251
0.348225
0.667474
0.898731
0.955678
0.817911
0.538727
0.224767
-0.004721
-0.063428
0.069058
0.339460
0.641172
0.854996
0.894682
0.739895
0.443999
0.113701
-0.131687
-0.205793
-0.088144
0.168041
0.456213
0.657227
0.684884
0.518895
0.212670
-0.127045
-0.380900
-0.462488
-0.351309
-0.100555
0.183246
0.380966
0.406419
0.239325
-0.066901
-0.405513
-0.657167
-0.735464
-0.619916
-0.363734
-0.073465
0.131735
0.165652
0.007973
-0.287926
-0.615339
-0.854965
-0.920454
-0.791368
-0.520970
-0.215866
0.004732
0.054548
-0.086794
-0.365982
-0.676376
-0.898742
-0.946798
-0.800174
-0.512205
-0.189564
0.048467
0.115544
-0.008778
-0.271254
-0.565309
-0.771775
-0.804432
-0.642972
-0.340787
-0.004605
0.246236
0.325342
0.212222
-0.039924
-0.324564
-0.522563
-0.547737
-0.379808
-0.072191
0.268362
0.522497
0.603807
0.491791
0.239646
-0.046095
-0.246296
-0.274761
-0.111200
0.190988
0.525073
0.771728
0.844574
0.723143
0.460671
0.163731
-0.048498
-0.089772
0.060251
0.348225
0.667474
0.898731
0.955678
0.817911
0.538727
0.224767
-0.004721
-0.063428
0.069058
0.339460
0.641172
0.854996
0.894682
0.739895
0.443999
0.113701
-0.131687
-0.205793
-0.088144
0.168041
0.456213
0.657227
0.684884
0.518895
0.212670
-0.127045
-0.380900
-0.462488
-0.351309
-0.100555
0.183246
0.380966
0.406419
0.239325
-0.066901
-0.405513
-0.657167
-0.735464
-0.619916
-0.363734
-0.073465
0.131735
0.165652
0.007973
-0.287926
-0.615339
-0.854965
-0.920454
-0.791368
-0.520970
-0.215866
0.004732
0.054548
-0.086794
-0.365982
-0.676376
-0.898742
-0.946798
-0.800174
-0.512205
-0.189564
0.048467
0.115544
-0.008778
-0.271254
-0.565309
-0.771775
-0.804432
-0.642972
-0.340787
-0.004605
0.246236
0.325342
0.212222
-0.039924
-0.324564
-0.522563
-0.547737
-0.379808
-0.072191
0.268362
0.522497
0.603807
0.491791
0.239646
-0.046095
-0.246296
-0.274761
-0.111200
0.190988
0.525073
0.771728
0.844574
0.723143
0.460671
0.163731
-0.048498