0.325827
0.387108
0.433062
0.462592
0.476210
0.475646
0.463284
0.441625
0.412942
0.379220
0.342329
0.304295
0.267486
0.234590
0.208303
0.190827
0.183321
0.185511
0.195614
0.210626
0.226917
0.240939
0.249851
0.251882
0.246341
0.233333
0.213323
0.186748
0.153828
0.114654
0.069499
0.019203
-0.034548
-0.089203
-0.141635
-0.188674
-0.227720
-0.257223
-0.276892
-0.287539
-0.290648
-0.287812
-0.280250
-0.268575
-0.252874
-0.233059
-0.209320
-0.182509
-0.154262
-0.126829
-0.102632
-0.083741
-0.071427
-0.065981
-0.066838
-0.072966
-0.083352
-0.097399
-0.115070
-0.136729
-0.162730
-0.192924
-0.226279
-0.260781
-0.293665
-0.321931
-0.342967
-0.355083
-0.357783
-0.351699
-0.338238
-0.319090
-0.295793
-0.269508
-0.241070
-0.211270
-0.181213
-0.152560
-0.127523
-0.108553
-0.097790
-0.096452
-0.104376
-0.119855
-0.139863
-0.160593
-0.178145
-0.189153
-0.191183
-0.182804
-0.163394
-0.132795
-0.091023
-0.038165
0.025473
0.099019
0.180663
0.267417
0.355184
0.439161
0.514510
0.577113
0.624202
0.654678
0.669051
0.669053
0.657067
0.635591
0.606900
0.572979
0.535698
0.497082
0.459503
0.425645
0.398209
0.379396
0.370367
0.370849
0.379062
0.392003
0.406043
0.417637
0.423948
0.423206
0.414722
0.398605
0.375323
0.345316
0.308808
0.265893
0.216848
0.162516
0.104588
0.045619
-0.011261
-0.062877
-0.106623
-0.140946
-0.165550
-0.181241
-0.189500
-0.191913
-0.189695
-0.183453
-0.173270
-0.159050
-0.140981
-0.119906
-0.097457
-0.075878
-0.057585
-0.044643
-0.038317
-0.038891
-0.045795
-0.057990
-0.074459
-0.094597
-0.118362
-0.146112
-0.178195
-0.214454
-0.253855
-0.294374
-0.333243
-0.367455
-0.394391
-0.412357
-0.420851
-0.420498
-0.412700
-0.399142
-0.381356
-0.360496
-0.337395
-0.312837
-0.287921
-0.264304
-0.244193
-0.230033
-0.223960
-0.227189
-0.239550
-0.259332
-0.283506
-0.308260
-0.329691
-0.344428
-0.350033
-0.345074
-0.328922
-0.301419
-0.262576
-0.212478
-0.151428
-0.080294
-0.000887
0.083810
0.169702
0.251986
0.579437
0.522880
0.465512
0.408717
0.354534
0.306134
0.267559
0.242757
0.234262
0.242016
0.262819
0.290684
0.318052
0.337486
0.343325
0.332753
0.305977
0.265511
0.214891
0.157342
0.094878
0.028174
-0.042820
-0.117813
-0.195149
-0.271308
-0.341180
-0.399105
-0.440313
-0.462257
-0.465347
-0.452795
-0.429614
-0.401105
-0.371385
-0.342448
-0.314087
-0.284648
-0.252305
-0.216337
-0.177900
-0.140008
-0.106721
-0.081866
-0.067787
-0.064617
-0.070358
-0.081739
-0.095521
-0.109747
-0.124440
-0.141476
-0.163658
-0.193332
-0.231086
-0.275015
-0.320856
-0.362981
-0.395879
-0.415636
-0.420877
-0.412861
-0.394746
-0.370329
-0.342761
-0.313733
-0.283423
-0.251188
-0.216678
-0.180877
-0.146600
-0.118173
-0.100342
-0.096768
-0.108635
-0.133889
-0.167395
-0.201991
-0.230102
-0.245366
-0.243759
-0.223901
-0.186516
-0.133369
-0.066152
0.014194
0.107434
0.213313
0.330444
0.455337
0.582012
0.702479
0.808023
0.890922
0.946066
0.971941
0.970676
0.947160
0.907570
0.857826
0.802493
0.744463
0.685403
0.626699
0.570392
0.519654
0.478531
0.450973
0.439517
0.444106
0.461545
0.485851
0.509466
0.524959
0.526671
0.511792
0.480532
0.435409
0.379966
0.317430
0.249821
0.177819
0.101380
0.020800
-0.062262
-0.144276
-0.220129
-0.284155
-0.331576
-0.359841
-0.369354
-0.363319
-0.346744
-0.324922
-0.301964
-0.279858
-0.258389
-0.235898
-0.210551
-0.181619
-0.150253
-0.119460
-0.093292
-0.075569
-0.068627
-0.072595
-0.085466
-0.103962
-0.124836
-0.146125
-0.167846
-0.191868
-0.220984
-0.257537
-0.302107
-0.352780
-0.405291
-0.454000
-0.493393
-0.519550
-0.531087
-0.529259
-0.517217
-0.498752
-0.477009
-0.453674
-0.428918
-0.402095
-0.372847
-0.342154
-0.312826
-0.289184
-0.275969
-0.276838
-0.292970
-0.322307
-0.359710
-0.398014
-0.429639
-0.448219
-0.449729
-0.432785
-0.398108
-0.347459
-0.282529
-0.204257
-0.112875
-0.008637
0.107072
0.230764
0.356459
0.476169
0.581179
0.663768
0.718826
0.744840
0.743938
0.721008
0.682228
0.633516