0.049570
-0.033887
-0.098250
-0.110722
-0.058384
0.046841
0.172707
0.278933
0.332554
0.320489
0.254504
0.166687
0.097173
0.078777
0.124445
0.222277
0.340059
0.437539
0.481790
0.459765
0.383269
0.284435
0.203438
0.173140
0.206533
0.291768
0.396677
0.481061
0.512044
0.476632
0.386682
0.274381
0.179956
0.136324
0.156527
0.228770
0.320935
0.392874
0.411760
0.364647
0.263439
0.140365
0.035697
-0.017610
-0.006473
0.057346
0.141764
0.206663
0.219245
0.166586
0.060615
-0.066422
-0.174238
-0.229863
-0.220207
-0.157026
-0.072399
-0.006445
0.008031
-0.041899
-0.144319
-0.266996
-0.369660
-0.419362
-0.403035
-0.332462
-0.239750
-0.165052
-0.141204
-0.181174
-0.273085
-0.384744
-0.475925
-0.513725
-0.485124
-0.401952
-0.296368
-0.208573
-0.171458
-0.198041
-0.276498
-0.374690
-0.452443
-0.476909
-0.435118
-0.338954
-0.220626
-0.120387
-0.071175
-0.086057
-0.153255
-0.240674
-0.308184
-0.322975
-0.272118
-0.167530
-0.041455
0.065824
0.121341
0.112004
0.049570
-0.033887
-0.098250
-0.110722
-0.058384
0.046841
0.172707
0.278933
0.332554
0.320489
0.254504
0.166687
0.097173
0.078777
0.124445
0.222277
0.340059
0.437539
0.481790
0.459765
0.383269
0.284435
0.203438
0.173140
0.206533
0.291768
0.396677
0.481061
0.512044
0.476632
0.386682
0.274381
0.179956
0.136324
0.156527
0.228770
0.320935
0.392874
0.411760
0.364647
0.263439
0.140365
0.035697
-0.017610
-0.006473
0.057346
0.141764
0.206663
0.219245
0.166586
0.060615
-0.066422
-0.174238
-0.229863
-0.220207
-0.157026
-0.072399
-0.006445
0.008031
-0.041899
-0.144319
-0.266996
-0.369660
-0.419362
-0.403035
-0.332462
-0.239750
-0.165052
-0.141204
-0.181174
-0.273085
-0.384744
-0.475925
-0.513725
-0.485124
-0.401952
-0.296368
-0.208573
-0.171458
-0.198041
-0.276498
-0.374690
-0.452443
-0.476909
-0.435118
-0.338954
-0.220626
-0.120387
-0.071175
-0.086057
-0.153255
-0.240674
-0.308184
-0.322975
-0.272118
-0.167530
-0.041455
0.065824
0.121341
0.112004
0.643119
0.795670
0.861019
0.813339
0.669124
0.480898
0.317158
0.236229
0.263997
0.384049
0.543956
0.675332
0.719981
0.652157
0.488436
0.281415
0.099668
0.001590
0.013136
0.117955
0.263680
0.381980
0.414710
0.336173
0.162984
-0.052218
-0.240831
-0.344431
-0.337041
-0.234996
-0.090653
0.027664
0.061809
-0.013920
-0.182918
-0.392566
-0.574281
-0.669667
-0.652779
-0.539991
-0.383700
-0.252279
-0.203925
-0.264396
-0.417149
-0.609627
-0.773314
-0.849888
-0.813476
-0.680530
-0.503527
-0.350921
-0.280991
-0.319584
-0.450240
-0.620490
-0.761907
-0.816256
-0.757752
-0.602933
-0.404364
-0.230583
-0.139953
-0.158403
-0.269551
-0.421007
-0.544418
-0.581617
-0.506891
-0.336840
-0.124088
0.062770
0.165317
0.157582
0.055900
-0.087374
-0.203918
-0.235596
-0.156714
0.016112
0.230245
0.417086
0.518218
0.507674
0.401803
0.252974
0.129531
0.089639
0.159024
0.321106
0.523292
0.697029
0.783952
0.758151
0.636034
0.470035
0.328565
0.269860
0.319722
0.461646
0.643119
0.795670
0.861019
0.813339
0.669124
0.480898
0.317158
0.236229
0.263997
0.384049
0.543956
0.675332
0.719981
0.652157
0.488436
0.281415
0.099668
0.001590
0.013136
0.117955
0.263680
0.381980
0.414710
0.336173
0.162984
-0.052218
-0.240831
-0.344431
-0.337041
-0.234996
-0.090653
0.027664
0.061809
-0.013920
-0.182918
-0.392566
-0.574281
-0.669667
-0.652779
-0.539991
-0.383700
-0.252279
-0.203925
-0.264396
-0.417149
-0.609627
-0.773314
-0.849888
-0.813476
-0.680530
-0.503527
-0.350921
-0.280991
-0.319584
-0.450240
-0.620490
-0.761907
-0.816256
-0.757752
-0.602933
-0.404364
-0.230583
-0.139953
-0.158403
-0.269551
-0.421007
-0.544418
-0.581617
-0.506891
-0.336840
-0.124088
0.062770
0.165317
0.157582
0.055900
-0.087374
-0.203918
-0.235596
-0.156714
0.016112
0.230245
0.417086
0.518218
0.507674
0.401803
0.252974
0.129531
0.089639
0.159024
0.321106
0.523292
0.697029
0.783952
0.758151
0.636034
0.470035
0.328565
0.269860
0.319722
0.461646