0.404098
0.463710
0.506080
0.530573
0.538046
0.530295
0.509465
0.477625
0.436657
0.388421
0.335092
0.279440
0.224878
0.175186
0.133935
0.103792
0.085924
0.079721
0.082938
0.092229
0.103908
0.114702
0.122252
0.125260
0.123264
0.116191
0.103912
0.085982
0.061699
0.030455
-0.007772
-0.051993
-0.100043
-0.148788
-0.194664
-0.234385
-0.265594
-0.287231
-0.299524
-0.303599
-0.300891
-0.292561
-0.279153
-0.260599
-0.236559
-0.206946
-0.172418
-0.134630
-0.096126
-0.059903
-0.028787
-0.004853
0.010912
0.018591
0.018976
0.013031
0.001383
-0.015938
-0.039415
-0.069634
-0.106709
-0.149776
-0.196751
-0.244482
-0.289255
-0.327512
-0.356527
-0.374847
-0.382349
-0.379944
-0.369057
-0.351106
-0.327183
-0.298044
-0.264393
-0.227309
-0.188613
-0.150962
-0.117587
-0.091712
-0.075810
-0.070951
-0.076453
-0.089953
-0.107884
-0.126200
-0.141110
-0.149607
-0.149657
-0.140050
-0.120049
-0.089038
-0.046364
0.008524
0.075679
0.154141
0.241535
0.333980
0.426397
0.513182
0.589076
0.649973
0.693445
0.718854
0.727057
0.719851
0.699377
0.667707
0.626720
0.578279
0.524557
0.468325
0.412997
0.362353
0.319965
0.288501
0.269131
0.261245
0.262600
0.269851
0.279315
0.287720
0.292711
0.292992
0.288103
0.277975
0.262481
0.241179
0.213372
0.178454
0.136406
0.088222
0.036071
-0.016910
-0.067151
-0.111364
-0.147185
-0.173552
-0.190687
-0.199712
-0.202055
-0.198875
-0.190708
-0.177484
-0.158854
-0.134729
-0.105760
-0.073597
-0.040778
-0.010294
0.015033
0.033134
0.043030
0.044808
0.039266
0.027374
0.009765
-0.013526
-0.042975
-0.079161
-0.122195
-0.171206
-0.224104
-0.277730
-0.328366
-0.372446
-0.407241
-0.431291
-0.444467
-0.447675
-0.442333
-0.429856
-0.411329
-0.387503
-0.359076
-0.327123
-0.293459
-0.260737
-0.232184
-0.211016
-0.199704
-0.199313
-0.209155
-0.226865
-0.248871
-0.271123
-0.289826
-0.301969
-0.305514
-0.299249
-0.282432
-0.254445
-0.214633
-0.162439
-0.097811
-0.021705
0.063508
0.153947
0.244535
0.329672
0.578498
0.606772
0.615604
0.607050
0.583685
0.548033
0.502316
0.448583
0.389066
0.326573
0.264652
0.207391
0.158846
0.122262
0.099328
0.089739
0.091232
0.100108
0.112074
0.123155
0.130384
0.132087
0.127714
0.117359
0.101189
0.079046
0.050391
0.014613
-0.028425
-0.077849
-0.131484
-0.185969
-0.237294
-0.281594
-0.315944
-0.338900
-0.350597
-0.352392
-0.346199
-0.333758
-0.316125
-0.293540
-0.265723
-0.232445
-0.194140
-0.152303
-0.109492
-0.068924
-0.033792
-0.006559
0.011520
0.020481
0.021313
0.015348
0.003613
-0.013581
-0.036664
-0.066425
-0.103360
-0.147024
-0.195625
-0.246058
-0.294372
-0.336552
-0.369335
-0.390806
-0.400583
-0.399563
-0.389358
-0.371651
-0.347741
-0.318430
-0.284284
-0.246124
-0.205519
-0.165024
-0.128014
-0.098112
-0.078358
-0.070406
-0.073996
-0.086902
-0.105368
-0.124890
-0.141100
-0.150450
-0.150540
-0.140024
-0.118221
-0.084656
-0.038782
0.019979
0.091849
0.176114
0.270585
0.371364
0.473064
0.569477
0.654535
0.723293
0.772634
0.801526
0.810785
0.802465
0.779141
0.743337
0.697276
0.643005
0.582759
0.519347
0.456315
0.397754
0.347723
0.309465
0.284673
0.273042
0.272313
0.278788
0.288177
0.296507
0.300814
0.299426
0.291797
0.278025
0.258279
0.232405
0.199868
0.160060
0.112849
0.059112
0.001029
-0.058035
-0.114065
-0.163192
-0.202485
-0.230497
-0.247356
-0.254416
-0.253583
-0.246595
-0.234500
-0.217534
-0.195411
-0.167896
-0.135418
-0.099466
-0.062593
-0.028009
0.001100
0.022274
0.034266
0.037118
0.031825
0.019724
0.001848
-0.021484
-0.050698
-0.086575
-0.129607
-0.179342
-0.233983
-0.290417
-0.344688
-0.392777
-0.431412
-0.458674
-0.474175
-0.478807
-0.474175
-0.461958
-0.443449
-0.419444
-0.390504
-0.357446
-0.321832
-0.286214
-0.253962
-0.228692
-0.213443
-0.209862
-0.217685
-0.234683
-0.257094
-0.280412
-0.300264
-0.313099
-0.316514
-0.309160
-0.290350
-0.259610
-0.216387
-0.160103
-0.090530
-0.008384
0.084150
0.183177
0.283310
0.378343
0.462211
0.529967