0.635654
0.457450
0.245503
0.086706
0.047072
0.146498
0.351143
0.586340
0.765104
0.821342
0.735095
0.540149
0.311132
0.135008
0.077856
0.159642
0.346595
0.564119
0.725297
0.764107
0.660656
0.448801
0.203236
0.010988
-0.061797
0.004907
0.177389
0.381108
0.529205
0.555707
0.440771
0.218298
-0.036974
-0.237982
-0.318544
-0.258604
-0.091847
0.107212
0.251728
0.275744
0.159428
-0.063315
-0.317746
-0.516804
-0.594317
-0.530239
-0.358271
-0.152952
-0.001147
0.031155
-0.075910
-0.288472
-0.531834
-0.718979
-0.783779
-0.706242
-0.520121
-0.300008
-0.132831
-0.084635
-0.175350
-0.371171
-0.597464
-0.767281
-0.814564
-0.719387
-0.515573
-0.277787
-0.093024
-0.027399
-0.100912
-0.279823
-0.489568
-0.643261
-0.674911
-0.564651
-0.346367
-0.094776
0.103068
0.181001
0.118974
-0.049320
-0.249357
-0.394291
-0.418163
-0.301140
-0.077131
0.179120
0.380545
0.460963
0.400317
0.232293
0.031414
-0.115469
-0.142390
-0.029505
0.189293
0.439283
0.633420
0.705552
0.635654
0.457450
0.245503
0.086706
0.047072
0.146498
0.351143
0.586340
0.765104
0.821342
0.735095
0.540149
0.311132
0.135008
0.077856
0.159642
0.346595
0.564119
0.725297
0.764107
0.660656
0.448801
0.203236
0.010988
-0.061797
0.004907
0.177389
0.381108
0.529205
0.555707
0.440771
0.218298
-0.036974
-0.237982
-0.318544
-0.258604
-0.091847
0.107212
0.251728
0.275744
0.159428
-0.063315
-0.317746
-0.516804
-0.594317
-0.530239
-0.358271
-0.152952
-0.001147
0.031155
-0.075910
-0.288472
-0.531834
-0.718979
-0.783779
-0.706242
-0.520121
-0.300008
-0.132831
-0.084635
-0.175350
-0.371171
-0.597464
-0.767281
-0.814564
-0.719387
-0.515573
-0.277787
-0.093024
-0.027399
-0.100912
-0.279823
-0.489568
-0.643261
-0.674911
-0.564651
-0.346367
-0.094776
0.103068
0.181001
0.118974
-0.049320
-0.249357
-0.394291
-0.418163
-0.301140
-0.077131
0.179120
0.380545
0.460963
0.400317
0.232293
0.031414
-0.115469
-0.142390
-0.029505
0.189293
0.439283
0.633420
0.705552
-0.099058
-0.026681
0.245589
0.616740
0.947230
1.112279
1.049524
0.782840
0.413216
0.080188
-0.091454
-0.039321
0.212755
0.563842
0.874477
1.019958
0.937999
0.652551
0.264677
-0.086014
-0.274663
-0.238815
-0.002236
0.334202
0.631095
0.763793
0.670064
0.373902
-0.023585
-0.382753
-0.578707
-0.548964
-0.317266
0.015535
0.310047
0.441632
0.348061
0.053329
-0.341465
-0.696684
-0.887450
-0.851301
-0.612004
-0.270441
0.033962
0.176529
0.094985
-0.186722
-0.567543
-0.907896
-1.082964
-1.030344
-0.773870
-0.414491
-0.091703
0.069743
0.007501
-0.254559
-0.615464
-0.935714
-1.090568
-1.017705
-0.741036
-0.361594
-0.018951
0.162064
0.119026
-0.124270
-0.466926
-0.769512
-0.907359
-0.818211
-0.526045
-0.131954
0.224432
0.418229
0.386961
0.154379
-0.178663
-0.472774
-0.603315
-0.508062
-0.211015
0.186714
0.545480
0.740390
0.708964
0.474953
0.139216
-0.158843
-0.294572
-0.205725
0.083723
0.472689
0.821564
1.005493
0.962041
0.715003
0.365294
0.052370
-0.099058
-0.026681
0.245589
0.616740
0.947230
1.112279
1.049524
0.782840
0.413216
0.080188
-0.091454
-0.039321
0.212755
0.563842
0.874477
1.019958
0.937999
0.652551
0.264677
-0.086014
-0.274663
-0.238815
-0.002236
0.334202
0.631095
0.763793
0.670064
0.373902
-0.023585
-0.382753
-0.578707
-0.548964
-0.317266
0.015535
0.310047
0.441632
0.348061
0.053329
-0.341465
-0.696684
-0.887450
-0.851301
-0.612004
-0.270441
0.033962
0.176529
0.094985
-0.186722
-0.567543
-0.907896
-1.082964
-1.030344
-0.773870
-0.414491
-0.091703
0.069743
0.007501
-0.254559
-0.615464
-0.935714
-1.090568
-1.017705
-0.741036
-0.361594
-0.018951
0.162064
0.119026
-0.124270
-0.466926
-0.769512
-0.907359
-0.818211
-0.526045
-0.131954
0.224432
0.418229
0.386961
0.154379
-0.178663
-0.472774
-0.603315
-0.508062
-0.211015
0.186714
0.545480
0.740390
0.708964
0.474953
0.139216
-0.158843
-0.294572
-0.205725
0.083723
0.472689
0.821564
1.005493
0.962041
0.715003
0.365294
0.052370