-0.196428
-0.152326
-0.079172
0.004497
0.076204
0.118083
0.123663
0.100304
0.066348
0.044074
0.051153
0.093862
0.164652
0.244995
0.312426
0.349097
0.348558
0.318193
0.276370
0.245400
0.242988
0.275451
0.335277
0.403982
0.459148
0.482976
0.469064
0.424851
0.368759
0.323156
0.305804
0.323078
0.367528
0.420730
0.460327
0.468580
0.439151
0.379539
0.308227
0.247641
0.215606
0.218553
0.249088
0.288842
0.315512
0.311410
0.270246
0.199564
0.117893
0.047701
0.006848
0.001800
0.025196
0.058695
0.080018
0.071498
0.026863
-0.046329
-0.129539
-0.200295
-0.240733
-0.244388
-0.218628
-0.181803
-0.156205
-0.159517
-0.198033
-0.264217
-0.339561
-0.401621
-0.432569
-0.425976
-0.389252
-0.340790
-0.302927
-0.293395
-0.318538
-0.370875
-0.431950
-0.479377
-0.495384
-0.473604
-0.421504
-0.357538
-0.304105
-0.279000
-0.288626
-0.325563
-0.371418
-0.403863
-0.405187
-0.369079
-0.303064
-0.225651
-0.159291
-0.121829
-0.119720
-0.145589
-0.181085
-0.203923
-0.196428
-0.152326
-0.079172
0.004497
0.076204
0.118083
0.123663
0.100304
0.066348
0.044074
0.051153
0.093862
0.164652
0.244995
0.312426
0.349097
0.348558
0.318193
0.276370
0.245400
0.242988
0.275451
0.335277
0.403982
0.459148
0.482976
0.469064
0.424851
0.368759
0.323156
0.305804
0.323078
0.367528
0.420730
0.460327
0.468580
0.439151
0.379539
0.308227
0.247641
0.215606
0.218553
0.249088
0.288842
0.315512
0.311410
0.270246
0.199564
0.117893
0.047701
0.006848
0.001800
0.025196
0.058695
0.080018
0.071498
0.026863
-0.046329
-0.129539
-0.200295
-0.240733
-0.244388
-0.218628
-0.181803
-0.156205
-0.159517
-0.198033
-0.264217
-0.339561
-0.401621
-0.432569
-0.425976
-0.389252
-0.340790
-0.302927
-0.293395
-0.318538
-0.370875
-0.431950
-0.479377
-0.495384
-0.473604
-0.421504
-0.357538
-0.304105
-0.279000
-0.288626
-0.325563
-0.371418
-0.403863
-0.405187
-0.369079
-0.303064
-0.225651
-0.159291
-0.121829
-0.119720
-0.145589
-0.181085
-0.203923
0.519188
0.258392
0.145403
0.218139
0.442621
0.725984
0.951972
1.025375
0.908435
0.635301
0.299032
0.016093
-0.118082
-0.065493
0.139962
0.405492
0.614912
0.673078
0.542290
0.256754
-0.090424
-0.382734
-0.524706
-0.478310
-0.277419
-0.014805
0.193358
0.251930
0.123210
-0.158604
-0.500420
-0.785750
-0.919153
-0.862630
-0.650095
-0.374367
-0.151671
-0.077205
-0.188730
-0.452119
-0.774352
-1.039018
-1.150757
-1.071656
-0.835718
-0.535855
-0.288386
-0.188607
-0.274381
-0.511680
-0.807587
-1.045797
-1.131053
-1.025547
-0.763386
-0.437584
-0.164566
-0.039726
-0.101026
-0.314535
-0.587431
-0.803499
-0.867568
-0.741915
-0.460727
-0.117093
0.172494
0.312572
0.265119
0.064012
-0.197976
-0.404672
-0.460943
-0.329098
-0.043347
0.303204
0.594048
0.733720
0.684199
0.479369
0.212020
-0.001655
-0.066497
0.055222
0.329330
0.662766
0.939077
1.062854
0.996139
0.772885
0.485953
0.251613
0.165107
0.264248
0.514953
0.824254
1.075792
1.174256
1.081790
0.832445
0.519188
0.258392
0.145403
0.218139
0.442621
0.725984
0.951972
1.025375
0.908435
0.635301
0.299032
0.016093
-0.118082
-0.065493
0.139962
0.405492
0.614912
0.673078
0.542290
0.256754
-0.090424
-0.382734
-0.524706
-0.478310
-0.277419
-0.014805
0.193358
0.251930
0.123210
-0.158604
-0.500420
-0.785750
-0.919153
-0.862630
-0.650095
-0.374367
-0.151671
-0.077205
-0.188730
-0.452119
-0.774352
-1.039018
-1.150757
-1.071656
-0.835718
-0.535855
-0.288386
-0.188607
-0.274381
-0.511680
-0.807587
-1.045797
-1.131053
-1.025547
-0.763386
-0.437584
-0.164566
-0.039726
-0.101026
-0.314535
-0.587431
-0.803499
-0.867568
-0.741915
-0.460727
-0.117093
0.172494
0.312572
0.265119
0.064012
-0.197976
-0.404672
-0.460943
-0.329098
-0.043347
0.303204
0.594048
0.733720
0.684199
0.479369
0.212020
-0.001655
-0.066497
0.055222
0.329330
0.662766
0.939077
1.062854
0.996139
0.772885
0.485953
0.251613
0.165107
0.264248
0.514953
0.824254
1.075792
1.174256
1.081790
0.832445