-0.008435
-0.008466
-0.008907
-0.010317
-0.010154
-0.009864
-0.009257
-0.008828
-0.009331
-0.006233
-0.007644
-0.008484
-0.007936
-0.006369
-0.004026
-0.003485
-0.005808
-0.007051
-0.006110
-0.005042
-0.002986
-0.003488
0.002793
-0.004406
-0.010979
0.004813
0.002374
-0.011640
-0.013691
-0.008939
0.001284
0.005069
0.005094
0.012227
0.023512
0.009337
-0.007494
-0.011632
-0.015133
-0.014943
-0.003896
0.001023
0.009381
0.044878
0.018059
-0.009367
-0.011877
-0.042194
-0.000526
0.034554
-0.039642
-0.037825
0.038035
0.001182
-0.048576
-0.069867
-0.062878
0.008795
-0.046224
-0.092414
-0.016541
-0.001636
-0.019402
-0.033069
-0.047869
-0.001026
0.007241
-0.050918
-0.040364
-0.008634
-0.008798
0.008653
0.032241
0.034273
0.039364
0.026123
0.025936
0.038116
0.018738
-0.003562
-0.005797
0.000844
0.003072
0.015633
0.036104
0.051413
0.056903
0.038401
0.019809
0.012278
0.007231
0.006098
0.001191
-0.004424
-0.002686
0.001467
-0.000273
0.001989
0.008366
0.015483
0.017435
0.013499
0.009810
0.010044
0.006701
0.003650
0.003041
0.002243
0.003520
0.002042
0.002730
0.003092
0.000775
0.002334
0.003647
0.001055
0.001068
0.000817
0.005284
0.007123
0.000060
0.002481
0.009114
0.007077
0.006563
0.007087
0.015454
0.013490
0.002671
0.003813
0.004744
0.002278
-0.003131
0.002166
0.025487
0.016985
-0.013684
0.006037
0.036611
0.007596
-0.012277
0.008626
0.010022
0.041123
0.033441
-0.011153
0.006714
-0.003166
-0.021579
-0.028648
-0.056157
0.000131
0.065894
-0.000482
-0.020935
0.050613
0.030304
-0.028176
-0.078866
-0.081834
-0.001797
-0.003273
-0.048126
-0.010218
0.030778
0.075619
0.100139
0.065095
0.031197
0.024624
0.026312
0.003985
-0.026967
-0.036494
0.002878
0.015778
0.008709
0.033438
0.047346
0.066330
0.054564
0.022376
0.010775
0.012267
0.002660
-0.016683
-0.022295
-0.024755
-0.011642
-0.007593
-0.020965
-0.022969
-0.014636
-0.006513
-0.002626
-0.005978
-0.011414
-0.008707
-0.012655
-0.018940
-0.021230
-0.021653
-0.021707
-0.022552
-0.023663
-0.021945
-0.018753
-0.022014
-0.021597
-0.020598
-0.020558
-0.019150
-0.017923
-0.014498
-0.012267
-0.010852
-0.009822
-0.005366
-0.008740
-0.015927
-0.013606
-0.011420
-0.008289
-0.011956
-0.012370
-0.003436
-0.007636
-0.010318
-0.006229
-0.011413
-0.016889
-0.018184
-0.001419
0.004119
-0.014188
-0.007421
0.014393
0.024607
0.019751
0.020662
0.035275
0.025550
-0.009121
-0.013221
0.011113
0.008371
-0.014692
-0.038395
-0.023629
0.003423
-0.007479
-0.017644
-0.010975
0.034760
0.014371
-0.029532
-0.015946
-0.058605
-0.085470
-0.071443
-0.058789
-0.076652
-0.093057
-0.077586
-0.034242
0.016001
0.007157
0.021268
0.047426
0.052534
0.018472
-0.014899
-0.006656
0.007307
0.010703
-0.020481
-0.017951
0.020363
0.043795
0.057903
0.074565
0.082887
0.078320
0.058860
0.024088
0.014414
0.015700
0.015884
0.010121
0.000461
0.000150
0.006127
0.016180
0.018556
0.022641
0.018436
0.008783
-0.003380
-0.011117
-0.013016
-0.014102
-0.011276
-0.010773
-0.007216
-0.007816
-0.009040
-0.007836
-0.008670
-0.010955
-0.012970
-0.013143
-0.014409
-0.015344
-0.014275
-0.009964
-0.005646
-0.009984
-0.007660
0.002121
-0.002754
-0.009142
-0.000877
-0.004032
-0.007715
0.000020
-0.005707
-0.001773
0.003901
-0.005977
-0.004815
-0.006519
-0.017565
0.003938
-0.004055
-0.024306
0.008639
-0.027532
-0.041838
0.004337
-0.020598
-0.047939
-0.051252
-0.058492
-0.013142
0.001779
-0.046817
0.003932
0.035093
-0.006107
-0.023831
-0.036764
-0.044077
-0.046834
-0.037648
-0.028182
-0.046818
-0.066616
-0.057706
-0.041876
-0.025525
-0.016050
0.013937
0.048335
0.003248
-0.041001
-0.011663
-0.020748
-0.031765
-0.027420
-0.035314
-0.000013
0.005037
-0.022094
-0.002266
0.026315
0.040490
0.049992
0.035066
0.028768
0.034282
0.019410
0.015045
0.014911
0.020793
0.040234
0.046298
0.042106
0.036018
0.037864
0.036956
0.031865
0.028480
0.029746
0.030249
0.031240
0.027267
0.028126
0.036424
0.032195
0.029877
0.026569
0.021900
0.019996
0.017337
0.013499
0.012069
0.010364
0.011424
0.015925
0.015008
0.013876
0.012055
0.009683
0.011132
0.006906
0.005827
0.011173
0.009604
0.003584
0.003609
0.011851
0.010298
0.001886
0.005066
0.008733
0.007330
0.014680
0.003995
0.000650
0.020392
0.001741
0.001114
0.006332
-0.034614
-0.014486
-0.002235
-0.026057
0.028833
0.035817
0.010434
0.031119
-0.000253
0.001939
-0.001121
-0.017371
0.033734
0.050685
0.065848
0.077504
0.023817
0.005114
0.050502
0.052850
0.034263
0.020804
0.031018
0.040140
0.016877
0.004907
-0.003596
0.044595
0.050658
0.028214
0.044847
-0.005589
-0.007070
0.016497
0.014108
0.020008
-0.010238
-0.020174
0.007622
-0.019267
-0.049668
-0.027622
-0.017352
-0.004803
-0.028031
-0.046747
-0.012137
-0.010576
-0.026535
-0.029259
-0.041078
-0.035506
-0.041779
-0.055096
-0.034669
-0.026750
-0.025534
-0.024930
-0.034880
-0.030222
-0.025850
-0.022501
-0.019676
-0.023541
-0.024261
-0.021667
-0.017967
-0.011865
-0.006914
-0.006816
-0.007398
-0.011790
-0.010575
-0.008925
-0.010995
-0.009832
-0.012043
-0.012972
-0.011080
-0.013464
-0.012793
-0.012018
-0.013588
-0.014054
-0.011523
-0.006390
-0.008001
-0.007959
-0.006254
-0.007431
-0.009733
-0.015005
-0.013635
-0.006109
-0.008015
-0.004474
0.005806
-0.002267
-0.008746
0.011711
0.005343
0.010531
0.010541
-0.029864
-0.006597
0.010097
0.005340
0.016301
0.012200
0.028584
0.052489
0.021723
-0.034299
-0.042283
-0.013042
0.008033
-0.006416
-0.029851
-0.010173
0.020948
0.001222
-0.053536
-0.066377
-0.064543
-0.074387
-0.071921
-0.086781
-0.068405
-0.026020
-0.030384
-0.006995
0.010907
-0.028622
-0.030096
-0.047017
-0.061945
-0.041953
-0.048922
-0.026173
0.010845
0.028648
0.054112
0.059115
0.050487
0.053759
0.049332
0.039497
0.032815
0.021641
0.018323
0.020944
0.032150
0.044748
0.048236
0.052290
0.041907
0.031717
0.029757
0.021248
0.022039
0.024104
0.015659
0.018173
0.018856
0.014065
0.013318
0.004192
0.001919
0.005932
0.005577
0.005127
0.002994
0.001728
0.003303
0.003337
0.002947
0.004214
0.005537
0.004858
0.003417
0.004288
0.004020
-0.000009
-0.001613
0.000236
0.002317
0.002813
0.004442
0.008234
0.017834
0.007394
-0.004130
0.007797
0.006885
0.005925
0.006848
0.004993
-0.000830
0.001805
0.001736
-0.004237
0.017969
0.024997
0.002515
0.001815
0.004399
0.002140
-0.008585
-0.029115
0.022830
0.054072
0.003762
-0.004169
-0.012819
-0.034660
0.003804
-0.030322
-0.032569
0.075314
-0.001448
-0.046398
0.021630
0.011045
0.013604
-0.011874
-0.034700
0.012614
0.043583
-0.023829
-0.039319
-0.005329
0.012330
0.051898
0.031722
0.013230
0.038697
0.066695
0.058316
0.037402
0.029694
0.032824
0.039400
0.008204
-0.009781
0.008288
0.015193
0.009233
0.014478
0.019576
0.044547
0.056584
0.029285
0.012063
0.000699
-0.009100
-0.020695
-0.032172
-0.040472
-0.033648
-0.021376
-0.017598
-0.010447
-0.007452
-0.003849
-0.005857
-0.011994
-0.019801
-0.026389
-0.028732
-0.033377
-0.033581
-0.028709
-0.024041
-0.022582
-0.022596
-0.022168
-0.021188
-0.021496
-0.022362
-0.022444
-0.021930
-0.018945
-0.018439
-0.020673
-0.019094
-0.016491
-0.013232
-0.015741
-0.018712
-0.014752
-0.019926
-0.020726
-0.009565
-0.018277
-0.026909
-0.018155
-0.038833
-0.038885
-0.015705
-0.008452
-0.006979
-0.020009
-0.014333
-0.013424
-0.025643
-0.032766
-0.045595
-0.043141
-0.030213
-0.009419
0.014469
-0.040905
-0.048741
0.042949
0.036266
-0.013251
-0.001482
-0.015557
0.032867
0.106591
0.021681
0.018760
0.104514
0.087835
0.080843
0.043328
0.003791
0.044686
0.030859
-0.036892
-0.042644
-0.013637
-0.012010
0.020305
0.031994
0.027765
0.045301
0.028141
-0.001276
-0.010816
-0.018878
-0.024382
-0.013114
-0.036567
-0.040430
-0.001392
0.003584
-0.000600
0.017316
0.017406
0.021038
0.024915
0.003266
0.006637
0.006279
-0.008934
0.001645
0.011845
0.010046
0.007123
0.001150
-0.006113
-0.005832
-0.012168
-0.019316
-0.018347
-0.021845
-0.020266
-0.018928
-0.017014
-0.016531
-0.013935
-0.009662
-0.008196
-0.009848
-0.012296
-0.014434
-0.016801
-0.018006
-0.020094
-0.018677
-0.019749
-0.019005
-0.018083
-0.018182
-0.019545
-0.021654
-0.018741
-0.016620
-0.015244
-0.021961
-0.022093
-0.003759
-0.006990
-0.023510
-0.026420
-0.017137
0.003500
-0.002626
-0.011896
0.004279
-0.017547
-0.010285
0.006779
-0.031587
-0.005691
-0.001896
-0.017077
0.027888
0.011361
-0.031062
-0.032353
0.000397
0.014179
-0.009432
-0.012943
-0.005992
0.040646
0.085160
0.042035
0.004671
0.040119
0.042404
0.050638
0.037630
-0.020213
0.050241
0.075324
0.001150
-0.006493
-0.014172
-0.021683
0.005923
0.003920
0.014098
0.024723
-0.017456
-0.014839
-0.001849
-0.005814
-0.000160
-0.015617
-0.022745
-0.036274
-0.061309
-0.070263
-0.062461
-0.060401
-0.051842
-0.037478
-0.023120
-0.018001
-0.033102
-0.034559
-0.031660
-0.023094
-0.016943
-0.024283
-0.027344
-0.030912
-0.034678
-0.030230
-0.024219
-0.020846
-0.013944
-0.010255
-0.004955
0.000835
0.003323
0.005232
0.004074
0.006134
0.008543
0.008219
0.006014
0.004237
0.004491
0.005651
0.005316
0.002135
0.003315
0.003442
0.002174
0.003920
0.001277
-0.000969
-0.001814
0.001137
0.007892
0.003919
-0.006239
-0.006199
-0.002568
-0.006989
-0.004770
-0.001481
0.005485
0.016021
0.003049
-0.005022
0.001412
0.011488
0.014920
0.006534
0.016493
0.015431
-0.014013
-0.010619
0.008249
0.008741
0.016478
0.033246
0.044640
0.039259
0.043849
0.021920
0.012799
0.073148
0.066856
0.030814
0.031414
0.023291
-0.015627
-0.037980
0.013657
0.008948
-0.013497
0.014877
0.028228
0.023602
0.010838
-0.017554
0.000200
0.033770
-0.014884
-0.028925
-0.019926
-0.040089
-0.051135
-0.069854
-0.051324
-0.010039
-0.009655
-0.015287
-0.002430
0.009384
0.017992
0.007055
-0.007152
-0.003238
-0.011169
-0.021956
-0.030407
-0.032401
-0.027215
-0.020135
-0.010218
-0.000359
0.010379
0.016607
0.014127
0.005417
0.001515
-0.005456
-0.009870
-0.012234
-0.014805
-0.010481
-0.008841
-0.008803
-0.004796
-0.001835
-0.000856
-0.001213
-0.002624
-0.003739
-0.005790
-0.007368
-0.006325
-0.005021
-0.004499
-0.005272
-0.006081
-0.004876
-0.006913
-0.007930
-0.006153
-0.005965
-0.004570
-0.000392
-0.000097
-0.002430
-0.002244
-0.003649
-0.003848
-0.000323
-0.001694
-0.002737
-0.002301
-0.003776
-0.004554
-0.006118
-0.006779
-0.004916
-0.001354
-0.001729
-0.001582
-0.001574
-0.002384
-0.001152
-0.000939
0.000044
0.000325
-0.000612
-0.002418
-0.003163
-0.002541
-0.001957
0.000276
0.001224
0.001898
0.002441
0.003095
0.002954
0.002710
0.002657
0.002108
0.002245
0.001784
0.001684
0.001512
0.001328
0.001256
0.001307
0.001348
0.001625
0.001760
0.001935
0.002066
0.002158
0.001898
0.001792
0.001653
0.001624
0.001431
0.001287
0.001128
0.000963
0.000905
0.000918
0.000909
0.000946
0.000870
0.000743
0.000711
0.000667
0.000633
0.000676
0.000780
0.000841
0.000851
0.000853
0.000839
0.000817
0.000834
0.000897
0.000947
0.000942
0.000916
0.000876
0.000832
0.000802
0.000725
0.000648
0.000557
0.000493
0.000417
0.000339
0.000306
0.000234
0.000237
0.000238
0.000238
0.000246
0.000232
0.000198
0.000162
0.000175
0.000137
0.000147
0.000149
0.000121
0.000083
0.000058
0.000025
-0.003986
0.085716
-0.095038
-0.078604
0.175702
0.050586
-0.102091
-0.027286
0.059246
-0.000464
-0.007198
0.226008
0.169990
-0.008730
-0.215470
-0.167295
0.002384
0.056523
-0.030873
0.106741
-0.024153
-0.114393
0.298411
-0.121668
-0.150019
-0.083539
-0.379054
0.201634
0.419701
-0.324856
-0.128777
0.477095
-0.465788
-0.840367
0.104130
0.575267
-0.062261
-0.975587
0.065791
0.531403
-0.249647
-0.187030
0.123903
0.267194
-0.100355
-0.482791
0.107953
0.432465
0.344151
0.043295
-0.139393
0.370052
0.234038
-0.001983
0.242907
0.349484
-0.072498
-0.260426
-0.060085
0.021996
-0.031360
-0.120003
0.061969
0.178443
-0.035770
-0.103100
0.009754
0.037986
0.026037
-0.023617
-0.029043
0.001092
-0.021193
0.010832
0.019355
-0.021513
0.013152
0.048585
0.044102
0.012132
-0.009860
0.009869
0.025960
-0.006845
-0.007426
-0.005913
-0.012645
0.005577
-0.002789
-0.003500
-0.007616
-0.016879
0.025922
0.000032
-0.032364
0.011665
0.006525
0.019864
-0.013752
-0.055073
0.020947
0.012438
-0.039871
0.020229
0.046425
0.112492
-0.070370
-0.080758
0.086182
0.003639
-0.034720
-0.047541
0.103911
0.250449
-0.149709
-0.253859
0.235739
0.355185
-0.290665
-0.149955
0.444856
-0.102665
0.005658
0.241182
0.051147
-0.083565
-0.463492
-0.153747
-0.142589
-0.096148
0.647652
0.326780
-0.771989
-0.349000
0.720989
0.095652
-0.726093
-0.207233
0.264455
-0.252647
-0.472563
0.482281
0.721803
-0.055110
-0.038734
0.222988
0.470484
0.135993
-0.048813
0.228874
-0.268748
-0.275656
0.216682
0.263878
-0.388788
-0.337308
0.288235
0.190723
-0.021783
-0.137614
0.017708
-0.054398
-0.052080
0.034657
-0.112081
-0.041408
-0.024127
-0.074858
-0.072705
-0.076606
-0.015353
0.059685
-0.026468
-0.093525
-0.016910
0.016033
-0.017840
-0.051034
-0.061756
-0.050657
-0.027321
-0.037253
-0.032154
-0.021152
-0.013411
-0.014266
-0.016314
-0.013639
-0.020704
-0.023079
-0.016267
0.000947
-0.012515
-0.034555
-0.016528
-0.001967
0.036669
-0.036833
-0.059684
0.005309
-0.021417
0.020469
-0.012211
0.027507
0.046808
-0.143443
-0.039588
0.082494
0.005977
-0.076317
-0.093486
0.184814
0.012437
-0.174883
0.169448
0.237909
0.067256
-0.013824
0.272130
0.336317
-0.209156
-0.349852
0.131214
0.314824
-0.082745
-0.270770
-0.272786
-0.137805
-0.187253
-0.039932
0.290900
0.070063
0.123728
-0.618476
-0.381215
0.557044
-0.200790
-0.439187
-0.200311
0.084379
-0.599087
-0.520627
0.459854
0.279879
0.040601
0.086468
0.343868
0.163814
0.107993
0.104467
0.371264
0.376819
-0.065524
-0.223982
-0.171001
0.271209
0.392860
0.104762
0.019186
0.161418
0.092029
-0.098625
-0.029306
0.081365
-0.034710
-0.112480
-0.076097
-0.140516
-0.102177
0.008909
0.033056
0.017255
-0.006328
-0.011381
-0.004659
-0.008716
-0.036400
-0.026890
-0.025092
-0.032043
-0.041296
-0.030948
-0.011967
-0.009576
-0.004426
-0.009063
-0.015190
-0.023564
-0.014047
-0.001567
-0.014506
-0.034591
-0.026262
-0.008327
-0.006880
-0.057619
0.022140
0.088106
-0.084564
-0.084736
0.107710
-0.021853
-0.082224
0.087862
0.030712
-0.062927
-0.047158
-0.013094
-0.008163
-0.067558
-0.080351
0.192289
-0.112142
-0.177613
0.308637
-0.355648
-0.192357
0.347443
0.004873
-0.404139
-0.342837
0.049044
0.148725
0.011994
0.102755
0.477890
-0.125140
-0.517298
-0.208339
0.507030
0.214764
-0.569565
0.081812
0.141550
-0.665093
-0.299375
0.230268
-0.005699
-0.161522
-0.006262
0.408045
0.189630
-0.463229
-0.125515
0.567358
-0.091147
-0.294077
0.130277
0.192370
0.025957
-0.230247
0.138408
0.182562
0.072312
0.182199
0.077821
0.066500
0.120569
-0.066356
0.001141
0.177644
0.067384
0.133568
0.049082
0.016693
0.109560
0.074851
0.147863
0.043129
-0.081942
0.025206
0.081381
0.029423
0.020417
-0.025500
0.006636
0.033486
-0.001774
0.022929
0.008909
-0.003068
0.000132
-0.004576
-0.003589
0.005388
-0.006042
0.011200
0.004232
-0.009172
0.007387
0.007536
-0.007768
0.014467
-0.022256
-0.014762
0.051365
0.010389
-0.050766
-0.018544
0.088170
-0.021204
-0.102555
0.073872
0.029633
-0.085579
0.087415
0.002985
-0.016445
0.129369
-0.155402
0.013544
0.057289
-0.370297
0.062084
0.019194
-0.130429
0.469042
0.151590
-0.116629
-0.148340
-0.202536
0.273236
-0.214942
0.287541
0.622004
-0.171220
0.299539
0.212900
-0.256025
-0.036607
0.351972
0.398249
-0.110680
-0.176342
0.306586
-0.428084
-0.398252
0.462366
0.071750
0.113757
-0.478053
-0.233767
0.363454
-0.301135
0.172158
0.081775
0.015949
-0.061943
-0.433567
0.218478
0.117036
-0.336305
0.010538
0.053368
-0.050605
-0.325203
-0.358699
0.321139
0.195555
-0.304535
-0.259491
-0.117597
-0.026709
-0.008870
-0.115721
0.041769
-0.005626
-0.145589
0.012599
0.022146
0.067540
0.031098
-0.065985
0.032067
-0.005010
-0.057358
0.038333
0.014241
-0.018330
0.001414
-0.018554
0.010424
-0.000251
-0.030822
0.015898
-0.000401
-0.022691
0.000839
-0.024576
-0.015257
0.016621
-0.000453
-0.003589
-0.018007
-0.019642
-0.036757
-0.000395
0.075911
0.016502
-0.012075
-0.017058
-0.046166
-0.049166
-0.035512
0.059216
0.054864
-0.082024
-0.013494
0.079500
-0.046274
-0.064125
0.275098
-0.003900
0.020391
0.009463
-0.332065
0.113420
0.108861
0.211901
0.114037
-0.031237
0.115512
-0.078915
-0.057986
-0.179609
-0.164677
0.140966
-0.094530
-0.181772
0.105816
0.120398
-0.110525
-0.398778
-0.346574
0.069553
-0.232213
-0.555373
-0.128972
0.019066
0.097672
0.036363
-0.182879
0.225740
0.214016
-0.096186
0.015675
-0.179742
0.008224
0.107325
0.186953
0.435920
-0.030797
0.022952
0.303352
0.227523
0.353824
0.144576
0.019777
0.048024
-0.037446
0.147969
0.060579
-0.107577
0.049301
-0.003827
-0.000417
0.065985
-0.061428
-0.067637
-0.044709
-0.022177
0.041534
0.009960
-0.023605
0.006129
0.004463
0.006655
-0.005929
-0.002242
0.032030
-0.007465
-0.006748
0.012829
0.002764
0.009859
-0.000180
-0.015918
-0.000371
-0.002550
0.001889
-0.002241
-0.021253
0.010026
0.001026
-0.032030
-0.000813
0.016615
0.004665
-0.027099
0.023823
0.036388
0.078555
-0.114283
-0.129409
0.101489
-0.016312
-0.004320
0.071798
0.064231
-0.206744
-0.139466
0.110862
0.045532
0.256826
0.175181
-0.280334
-0.156069
0.076129
0.147944
-0.011929
-0.065344
0.543169
0.007976
-0.559701
0.141786
0.126925
-0.341232
0.076579
-0.110891
0.118581
0.631514
-0.759724
-0.396845
0.456114
0.378343
-0.223613
-0.418921
0.510785
-0.190620
-0.239892
0.203850
0.148102
0.077938
-0.190332
-0.043886
0.286508
0.359327
0.129513
0.169256
-0.028713
-0.056659
0.315326
0.263467
-0.193074
-0.323840
-0.071881
0.114764
-0.050625
-0.164201
0.033687
0.045593
0.047890
0.007694
-0.033114
-0.053910
-0.034308
-0.076104
-0.176812
-0.098717
-0.039722
-0.040452
-0.063086
-0.052382
-0.017341
0.016239
0.006592
-0.038128
-0.045279
-0.051137
-0.049562
-0.050974
-0.044345
-0.044969
-0.037353
-0.026750
-0.023827
-0.023447
-0.018306
-0.022921
-0.024843
-0.012133
-0.022767
-0.032409
-0.012675
-0.021766
-0.050918
-0.019922
0.007887
0.010193
-0.062793
-0.046116
0.039788
-0.085224
-0.033407
0.144200
-0.070291
-0.165361
0.015592
-0.239263
-0.092989
0.172925
0.261327
-0.050999
-0.281882
0.098134
-0.154866
-0.103804
0.245027
-0.008023
-0.233268
-0.266678
0.139964
0.475905
-0.447540
-0.094421
0.687459
-0.280746
-0.479445
0.551274
0.300373
-0.073222
0.514058
0.148085
0.156838
0.488318
0.166332
-0.045259
0.121087
0.487949
-0.290047
-0.748814
-0.260068
-0.075042
0.187120
-0.331149
-0.406681
0.073740
0.005396
-0.052184
0.072553
-0.079721
-0.207247
0.044958
0.195378
0.153542
-0.097394
0.014051
0.251253
0.110676
-0.040117
0.235650
0.212584
-0.100569
-0.094865
0.038442
0.051795
-0.137083
-0.092451
0.020913
-0.020954
-0.072678
-0.077858
-0.006301
-0.025380
-0.104264
-0.052543
-0.002356
-0.055539
-0.060038
-0.047378
-0.048377
-0.017381
-0.033595
-0.018745
-0.003391
-0.018867
-0.024109
-0.011280
-0.012141
-0.013964
-0.016625
-0.020967
-0.004636
-0.036285
-0.010956
0.001039
-0.005883
-0.030596
-0.027274
0.016728
0.012149
0.017032
-0.062911
-0.025668
0.138485
-0.045509
-0.164106
-0.061396
0.020830
0.095614
-0.074821
0.073204
0.178747
-0.497801
-0.086822
0.280450
-0.143384
0.276122
-0.106524
-0.179914
0.170299
0.041076
0.024366
-0.311341
0.316707
0.076992
-0.517802
0.427584
0.196236
0.038676
0.461548
0.037794
-0.091996
0.136432
-0.082654
0.256752
0.339798
0.095667
0.331986
-0.419929
-0.617588
0.104893
0.397970
-0.146907
-0.657278
-0.008528
0.328641
-0.255834
-0.232196
0.100831
-0.230726
-0.041988
0.175088
0.105176
-0.038541
-0.462240
-0.249980
0.074978
0.016130
-0.086972
-0.152290
-0.116650
-0.002541
-0.085295
-0.045218
0.081403
-0.027510
-0.034777
0.013013
0.023499
0.047018
-0.014224
-0.016605
0.063141
0.020959
0.024898
0.042908
0.018247
0.054489
0.034246
0.026299
0.034964
0.005668
0.015164
0.027902
0.012279
0.008272
0.006307
0.008226
0.019009
0.009066
-0.002993
0.019103
0.009606
0.000629
0.026142
-0.002478
-0.019608
-0.013247
0.031483
0.065774
-0.019040
-0.082398
-0.008276
-0.012638
-0.068264
0.068128
0.089107
0.039835
-0.008040
-0.127280
-0.035505
0.050008
0.173873
0.098326
-0.061148
0.131556
-0.104583
-0.416431
0.119013
0.374136
0.055256
-0.097655
0.145702
0.139944
-0.226816
0.354196
0.228987
-0.144045
0.472457
0.074843
-0.178378
0.106758
0.208244
-0.576804
-0.639616
0.857265
0.016529
-0.715241
0.246518
0.208772
-0.452495
-0.198787
0.372757
0.291130
-0.238803
-0.343745
0.119109
0.043125
-0.117128
-0.292232
-0.167579
0.195057
-0.090057
-0.138825
0.143209
0.130512
0.104132
-0.034304
-0.019717
0.157876
0.035253
-0.101506
-0.051822
-0.057717
-0.041931
-0.045108
-0.030802
0.048156
0.018240
-0.007316
0.037365
-0.001053
-0.019968
-0.001896
-0.026592
-0.016206
-0.043953
-0.041401
0.005179
0.000416
-0.005168
0.012626
0.007536
0.006935
0.003811
-0.003313
0.009453
-0.002953
-0.011612
-0.001588
-0.002231
-0.001048
-0.003859
-0.004879
0.001303
-0.014908
-0.001909
0.021836
-0.004728
0.012505
0.039046
-0.016760
-0.039874
0.002887
-0.008631
-0.043305
0.015307
0.017925
-0.036164
-0.037176
-0.020868
-0.019078
-0.019792
0.010250
0.009181
-0.017353
-0.017335
-0.003921
0.013033
0.019573
0.002899
0.004569
0.013173
0.005342
0.009128
0.011302
0.006256
0.009552
0.011789
0.011278
0.010914
0.008623
0.014070
0.014837
0.010886
0.010818
0.003841
0.000914
0.002999
0.005551
0.005424
0.003669
0.002976
0.000550
-0.001340
0.001271
0.001659
-0.002355
-0.000573
0.002955
0.001589
0.002061
0.002227
0.001430
-0.002872
-0.000955
0.001115
-0.001341
0.000137
0.000603
0.000275
-0.000687
0.000240
0.000294
0.001718
0.001563
0.002351
0.002504
0.002439
0.001489
0.000659
-0.000055
0.000282
-0.000261
-0.000136
-0.000320
0.000230
0.000349
0.000713
0.000564
0.000581
0.000227
-0.000200
-0.000477
-0.000127
0.000258
0.000324
0.000085
-0.000092
-0.000143
0.000197
0.000526
0.000704
0.000623
0.000403
0.000328
0.000430
0.000466
0.000276
0.000194
0.000160
0.000037
0.000042
0.000290
0.000316
0.000125
-0.000072
-0.000241
-0.000446
-0.000293
0.000047
0.000024
-0.000331
-0.000554
-0.000734
-0.000848
-0.000753
-0.000693
-0.000767
-0.000868
-0.000541
-0.000444
-0.000560
-0.000613
-0.000535
-0.000569
-0.000282