0.000000
-0.000031
-0.000092
-0.000031
-0.000092
0.000000
-0.000061
-0.000061
-0.000092
0.000153
-0.000244
0.000244
-0.000580
0.000671
-0.000916
0.000916
-0.001343
0.001648
-0.001862
0.002747
-0.000885
0.064209
0.120789
-0.124847
-0.118866
0.079681
0.026611
0.010681
0.075531
0.205536
0.184326
0.001404
0.008423
0.037811
-0.002502
0.007507
-0.039246
-0.055359
-0.015533
-0.037750
-0.035431
-0.015228
-0.024139
-0.006531
-0.014954
-0.016846
-0.001068
-0.012787
-0.010864
-0.009216
-0.022949
-0.014801
-0.013336
-0.012207
-0.000580
-0.000854
0.003845
0.006439
-0.006561
-0.012085
-0.015808
-0.018585
-0.017395
-0.021088
-0.017303
-0.018616
-0.017639
-0.012451
-0.012939
-0.014343
-0.010834
-0.010345
-0.010437
-0.010498
-0.010468
-0.005402
-0.007202
-0.009613
-0.008057
-0.008331
-0.008057
-0.007477
-0.006592
-0.005707
-0.006836
-0.006592
-0.007996
-0.008118
-0.008301
-0.008362
-0.009674
-0.009979
-0.009705
-0.009644
-0.008270
-0.008667
-0.008423
-0.009003
-0.007568
-0.006165
-0.005585
-0.003571
-0.002930
-0.002594
-0.002563
-0.003479
-0.003632
-0.005096
-0.005341
-0.005554
-0.005768
-0.004211
-0.002808
-0.001587
-0.001221
-0.002045
-0.003418
-0.003723
-0.002777
-0.002106
-0.002258
-0.001404
-0.000854
0.000000
0.000885
0.000458
0.000214
0.000732
0.000580
-0.001099
0.001678
-0.003052
0.003754
-0.005219
0.006378
-0.008545
0.010437
-0.008636
0.192841
0.141632
-0.404999
-0.003723
0.211884
-0.127686
0.049164
0.330658
0.287109
-0.014069
0.151733
0.318878
-0.021027
-0.101807
-0.020874
-0.093414
-0.042603
-0.057495
-0.129333
-0.037231
-0.042175
-0.066193
0.005157
-0.041229
-0.041504
-0.038330
-0.065582
-0.028656
-0.044342
-0.065155
-0.031342
-0.024933
-0.032227
-0.014374
-0.018433
-0.007355
-0.016266
-0.026489
-0.009430
-0.016937
-0.015656
-0.007080
-0.013245
-0.009125
-0.006592
-0.009064
-0.009369
-0.013489
-0.018677
-0.013367
-0.009491
-0.007660
-0.007233
-0.007263
-0.005646
-0.010559
-0.006165
-0.002838
-0.006317
-0.007477
-0.001770
-0.000275
-0.001587
-0.005920
-0.006561
-0.005676
-0.007782
-0.007172
-0.006805
-0.006500
-0.005951
-0.004700
-0.004486
-0.003204
-0.002930
-0.003571
-0.005066
-0.004578
-0.003906
-0.002533
-0.002563
-0.004547
-0.003052
-0.001831
-0.002838
-0.003143
-0.004639
-0.006256
-0.007965
-0.006836
-0.005219
-0.005707
-0.003387
-0.002808
-0.002228
-0.001801
-0.000946
-0.000092
-0.000763
-0.000366
0.000977
0.001007
0.000793
0.002411
0.002228
0.002014
0.001556
0.001343
0.002350
0.002106
0.003876
0.004822
0.005402
0.007111
0.006653
0.006042
0.004791
0.005066