0.497960
0.542866
0.568687
0.576332
0.567782
0.545423
0.511544
0.468167
0.417208
0.360842
0.301850
0.243725
0.190422
0.145776
0.112736
0.092700
0.085149
0.087757
0.096936
0.108659
0.119299
0.126236
0.128050
0.124310
0.115093
0.100454
0.080104
0.053413
0.019754
-0.020959
-0.067782
-0.118515
-0.169874
-0.218049
-0.259464
-0.291515
-0.313022
-0.324255
-0.326542
-0.321619
-0.310966
-0.295368
-0.274872
-0.249115
-0.217894
-0.181732
-0.142200
-0.101863
-0.063836
-0.031126
-0.005973
0.010557
0.018582
0.019047
0.013124
0.001633
-0.015303
-0.038210
-0.067846
-0.104573
-0.147758
-0.195456
-0.244506
-0.291040
-0.331246
-0.362127
-0.382019
-0.390705
-0.389121
-0.378799
-0.361273
-0.337697
-0.308790
-0.275129
-0.237632
-0.197989
-0.158834
-0.123519
-0.095515
-0.077613
-0.071178
-0.075713
-0.088878
-0.106968
-0.125681
-0.140938
-0.149493
-0.149181
-0.138776
-0.117605
-0.085136
-0.040751
0.016147
0.085728
0.167171
0.258183
0.354840
0.451856
0.543283
0.623438
0.687807
0.733667
0.760254
0.768475
0.760313
0.738151
0.704279
0.660719
0.609386
0.552457
0.492713
0.433648
0.379218
0.333257
0.298719
0.276999
0.267584
0.268148
0.275104
0.284428
0.292497
0.296691
0.295594
0.288778
0.276322
0.258285
0.234382
0.203984
0.166471
0.121759
0.070796
0.015786
-0.039983
-0.092695
-0.138771
-0.175603
-0.202005
-0.218242
-0.225637
-0.225923
-0.220573
-0.210367
-0.195347
-0.175144
-0.149551
-0.119084
-0.085309
-0.050785
-0.018622
0.008180
0.027387
0.037937
0.039955
0.034392
0.022427
0.004884
-0.018108
-0.047068
-0.082748
-0.125503
-0.174696
-0.228376
-0.283376
-0.335821
-0.381894
-0.418591
-0.444244
-0.458630
-0.462679
-0.457917
-0.445874
-0.427696
-0.404098
-0.375653
-0.343273
-0.308641
-0.274389
-0.243864
-0.220530
-0.207175
-0.205159
-0.213980
-0.231296
-0.253396
-0.275974
-0.294948
-0.307068
-0.310165
-0.303010
-0.284928
-0.255382
-0.213753
-0.159439
-0.092269
-0.013062
0.075893
0.170671
0.265991
0.355906
0.434733
0.497960
0.542866
0.568687
0.576332
0.567782
0.545423
0.511544
0.468167
0.417208
0.360842
0.301850
0.243725
0.190422
0.145776
0.112736
0.092700
0.085149
0.087757
0.096936
0.108659
0.119299
0.126236
0.128050
0.124310
0.115093
0.100454
0.080104
0.053413
0.019754
-0.020959
-0.067782
-0.118515
-0.169874
-0.218049
-0.259464
-0.291515
-0.313022
-0.324255
-0.326542
-0.321619
-0.310966
-0.295368
-0.274872
-0.249115
-0.217894
-0.181732
-0.142200
-0.101863
-0.063836
-0.031126
-0.005973
0.010557
0.018582
0.019047
0.013124
0.001633
-0.015303
-0.038210
-0.067846
-0.104573
-0.147758
-0.195456
-0.244506
-0.291040
-0.331246
-0.362127
-0.382019
-0.390705
-0.389121
-0.378799
-0.361273
-0.337697
-0.308790
-0.275129
-0.237632
-0.197989
-0.158834
-0.123519
-0.095515
-0.077613
-0.071178
-0.075713
-0.088878
-0.106968
-0.125681
-0.140938
-0.149493
-0.149181
-0.138776
-0.117605
-0.085136
-0.040751
0.016147
0.085728
0.167171
0.258183
0.354840
0.451856
0.543283
0.623438
0.687807
0.733667
0.760254
0.768475
0.760313
0.738151
0.704279
0.660719
0.609386
0.552457
0.492713
0.433648
0.379218
0.333257
0.298719
0.276999
0.267584
0.268148
0.275104
0.284428
0.292497
0.296691
0.295594
0.288778
0.276322
0.258285
0.234382
0.203984
0.166471
0.121759
0.070796
0.015786
-0.039983
-0.092695
-0.138771
-0.175603
-0.202005
-0.218242
-0.225637
-0.225923
-0.220573
-0.210367
-0.195347
-0.175144
-0.149551
-0.119084
-0.085309
-0.050785
-0.018622
0.008180
0.027387
0.037937
0.039955
0.034392
0.022427
0.004884
-0.018108
-0.047068
-0.082748
-0.125503
-0.174696
-0.228376
-0.283376
-0.335821
-0.381894
-0.418591
-0.444244
-0.458630
-0.462679
-0.457917
-0.445874
-0.427696
-0.404098
-0.375653
-0.343273
-0.308641
-0.274389
-0.243864
-0.220530
-0.207175
-0.205159
-0.213980
-0.231296
-0.253396
-0.275974
-0.294948
-0.307068
-0.310165
-0.303010
-0.284928
-0.255382
-0.213753
-0.159439
-0.092269
-0.013062
0.075893
0.170671
0.265991
0.355906
0.434733