-0.133227
-0.040095
0.037035
0.077608
0.075121
0.039573
-0.006395
-0.036176
-0.029405
0.020235
0.102561
0.194746
0.270001
0.307780
0.301592
0.261448
0.210009
0.173902
0.173518
0.215203
0.288805
0.371529
0.436627
0.463591
0.445973
0.393828
0.329867
0.280765
0.266964
0.294863
0.354364
0.422730
0.473266
0.485525
0.453114
0.386150
0.307399
0.243595
0.215239
0.228788
0.274199
0.328791
0.365925
0.365205
0.320290
0.241345
0.151185
0.076589
0.038101
0.042216
0.078929
0.125594
0.155603
0.148588
0.098233
0.014724
-0.079105
-0.156461
-0.196790
-0.193589
-0.156859
-0.109246
-0.077363
-0.081585
-0.128238
-0.207151
-0.295508
-0.366539
-0.399714
-0.388557
-0.343102
-0.286030
-0.243989
-0.237396
-0.272619
-0.339531
-0.415366
-0.473402
-0.493160
-0.468217
-0.408662
-0.337231
-0.280629
-0.259330
-0.279760
-0.331853
-0.392898
-0.436232
-0.441435
-0.402142
-0.328496
-0.243292
-0.173287
-0.139009
-0.146936
-0.187048
-0.236684
-0.269227
-0.264296
-0.215570
-0.133227
-0.040095
0.037035
0.077608
0.075121
0.039573
-0.006395
-0.036176
-0.029405
0.020235
0.102561
0.194746
0.270001
0.307780
0.301592
0.261448
0.210009
0.173902
0.173518
0.215203
0.288805
0.371529
0.436627
0.463591
0.445973
0.393828
0.329867
0.280765
0.266964
0.294863
0.354364
0.422730
0.473266
0.485525
0.453114
0.386150
0.307399
0.243595
0.215239
0.228788
0.274199
0.328791
0.365925
0.365205
0.320290
0.241345
0.151185
0.076589
0.038101
0.042216
0.078929
0.125594
0.155603
0.148588
0.098233
0.014724
-0.079105
-0.156461
-0.196790
-0.193589
-0.156859
-0.109246
-0.077363
-0.081585
-0.128238
-0.207151
-0.295508
-0.366539
-0.399714
-0.388557
-0.343102
-0.286030
-0.243989
-0.237396
-0.272619
-0.339531
-0.415366
-0.473402
-0.493160
-0.468217
-0.408662
-0.337231
-0.280629
-0.259330
-0.279760
-0.331853
-0.392898
-0.436232
-0.441435
-0.402142
-0.328496
-0.243292
-0.173287
-0.139009
-0.146936
-0.187048
-0.236684
-0.269227
-0.264296
-0.215570
0.764297
0.599365
0.443402
0.352035
0.355298
0.446173
0.583296
0.706784
0.761136
0.716465
0.579952
0.393141
0.216112
0.104577
0.088649
0.161384
0.281492
0.389155
0.428936
0.371005
0.222596
0.025299
-0.160765
-0.279846
-0.301805
-0.233559
-0.116381
-0.010078
0.029918
-0.026222
-0.171274
-0.363658
-0.543275
-0.654400
-0.666923
-0.587801
-0.458349
-0.338422
-0.283506
-0.323490
-0.451212
-0.625162
-0.785312
-0.876015
-0.867243
-0.766033
-0.613791
-0.470460
-0.391620
-0.407253
-0.510292
-0.659327
-0.794427
-0.860044
-0.826248
-0.700178
-0.523334
-0.355759
-0.253127
-0.245515
-0.325947
-0.453103
-0.567137
-0.612586
-0.559599
-0.415389
-0.221530
-0.038130
0.079073
0.099945
0.031409
-0.085261
-0.190261
-0.228162
-0.169145
-0.020446
0.176343
0.361103
0.478091
0.497173
0.425278
0.303696
0.192249
0.146391
0.195973
0.333796
0.518311
0.689447
0.791515
0.794441
0.705217
0.565200
0.434287
0.368006
0.396292
0.512029
0.673753
0.821486
0.899629
0.878203
0.764297
0.599365
0.443402
0.352035
0.355298
0.446173
0.583296
0.706784
0.761136
0.716465
0.579952
0.393141
0.216112
0.104577
0.088649
0.161384
0.281492
0.389155
0.428936
0.371005
0.222596
0.025299
-0.160765
-0.279846
-0.301805
-0.233559
-0.116381
-0.010078
0.029918
-0.026222
-0.171274
-0.363658
-0.543275
-0.654400
-0.666923
-0.587801
-0.458349
-0.338422
-0.283506
-0.323490
-0.451212
-0.625162
-0.785312
-0.876015
-0.867243
-0.766033
-0.613791
-0.470460
-0.391620
-0.407253
-0.510292
-0.659327
-0.794427
-0.860044
-0.826248
-0.700178
-0.523334
-0.355759
-0.253127
-0.245515
-0.325947
-0.453103
-0.567137
-0.612586
-0.559599
-0.415389
-0.221530
-0.038130
0.079073
0.099945
0.031409
-0.085261
-0.190261
-0.228162
-0.169145
-0.020446
0.176343
0.361103
0.478091
0.497173
0.425278
0.303696
0.192249
0.146391
0.195973
0.333796
0.518311
0.689447
0.791515
0.794441
0.705217
0.565200
0.434287
0.368006
0.396292
0.512029
0.673753
0.821486
0.899629
0.878203