0.034805
-0.004187
-0.053944
-0.086913
-0.081939
-0.032377
0.051332
0.145620
0.222758
0.261417
0.254781
0.213119
0.159834
0.122493
0.122270
0.165828
0.242751
0.329498
0.398369
0.428068
0.411814
0.359914
0.295813
0.247119
0.235050
0.266317
0.330553
0.404266
0.459809
0.475937
0.445923
0.380129
0.302053
0.239360
0.213323
0.230707
0.281201
0.341367
0.383611
0.386741
0.344080
0.266041
0.176171
0.102181
0.065388
0.072600
0.113546
0.164825
0.198879
0.194548
0.145185
0.061229
-0.033750
-0.112021
-0.152249
-0.147613
-0.108374
-0.057926
-0.023825
-0.027229
-0.074790
-0.156076
-0.247527
-0.321427
-0.356458
-0.345818
-0.299794
-0.241804
-0.199435
-0.193880
-0.231823
-0.302871
-0.383506
-0.446052
-0.469238
-0.446308
-0.387596
-0.316573
-0.260876
-0.241749
-0.265932
-0.323086
-0.389746
-0.438294
-0.447511
-0.410698
-0.338244
-0.253674
-0.184677
-0.152553
-0.164089
-0.208999
-0.263865
-0.301115
-0.299576
-0.252591
-0.170589
-0.077132
0.000054
0.039640
0.034805
-0.004187
-0.053944
-0.086913
-0.081939
-0.032377
0.051332
0.145620
0.222758
0.261417
0.254781
0.213119
0.159834
0.122493
0.122270
0.165828
0.242751
0.329498
0.398369
0.428068
0.411814
0.359914
0.295813
0.247119
0.235050
0.266317
0.330553
0.404266
0.459809
0.475937
0.445923
0.380129
0.302053
0.239360
0.213323
0.230707
0.281201
0.341367
0.383611
0.386741
0.344080
0.266041
0.176171
0.102181
0.065388
0.072600
0.113546
0.164825
0.198879
0.194548
0.145185
0.061229
-0.033750
-0.112021
-0.152249
-0.147613
-0.108374
-0.057926
-0.023825
-0.027229
-0.074790
-0.156076
-0.247527
-0.321427
-0.356458
-0.345818
-0.299794
-0.241804
-0.199435
-0.193880
-0.231823
-0.302871
-0.383506
-0.446052
-0.469238
-0.446308
-0.387596
-0.316573
-0.260876
-0.241749
-0.265932
-0.323086
-0.389746
-0.438294
-0.447511
-0.410698
-0.338244
-0.253674
-0.184677
-0.152553
-0.164089
-0.208999
-0.263865
-0.301115
-0.299576
-0.252591
-0.170589
-0.077132
0.000054
0.039640
0.862879
0.870456
0.774231
0.608739
0.434080
0.312976
0.286823
0.359906
0.497779
0.640452
0.725330
0.711159
0.593814
0.407914
0.213640
0.073790
0.029836
0.086132
0.208299
0.336407
0.407922
0.381639
0.253482
0.058115
-0.144246
-0.290772
-0.339962
-0.287443
-0.167579
-0.040290
0.031892
0.007761
-0.116769
-0.307048
-0.502880
-0.641460
-0.681322
-0.618127
-0.486282
-0.345754
-0.259128
-0.267666
-0.375516
-0.548094
-0.725274
-0.844324
-0.863855
-0.779609
-0.626076
-0.463308
-0.353978
-0.339438
-0.423926
-0.572953
-0.726481
-0.821876
-0.817841
-0.710210
-0.533565
-0.348051
-0.216429
-0.180141
-0.243510
-0.372128
-0.506041
-0.582691
-0.560854
-0.436436
-0.244085
-0.044006
0.100979
0.149379
0.096822
-0.022329
-0.148155
-0.218129
-0.191056
-0.062861
0.131793
0.332691
0.477009
0.523257
0.467073
0.342834
0.210479
0.132559
0.150304
0.267823
0.450496
0.638155
0.768028
0.798684
0.725820
0.583880
0.432873
0.335423
0.332837
0.429305
0.590290
0.755709
0.862879
0.870456
0.774231
0.608739
0.434080
0.312976
0.286823
0.359906
0.497779
0.640452
0.725330
0.711159
0.593814
0.407914
0.213640
0.073790
0.029836
0.086132
0.208299
0.336407
0.407922
0.381639
0.253482
0.058115
-0.144246
-0.290772
-0.339962
-0.287443
-0.167579
-0.040290
0.031892
0.007761
-0.116769
-0.307048
-0.502880
-0.641460
-0.681322
-0.618127
-0.486282
-0.345754
-0.259128
-0.267666
-0.375516
-0.548094
-0.725274
-0.844324
-0.863855
-0.779609
-0.626076
-0.463308
-0.353978
-0.339438
-0.423926
-0.572953
-0.726481
-0.821876
-0.817841
-0.710210
-0.533565
-0.348051
-0.216429
-0.180141
-0.243510
-0.372128
-0.506041
-0.582691
-0.560854
-0.436436
-0.244085
-0.044006
0.100979
0.149379
0.096822
-0.022329
-0.148155
-0.218129
-0.191056
-0.062861
0.131793
0.332691
0.477009
0.523257
0.467073
0.342834
0.210479
0.132559
0.150304
0.267823
0.450496
0.638155
0.768028
0.798684
0.725820
0.583880
0.432873
0.335423
0.332837
0.429305
0.590290
0.755709