0.287574
0.057249
-0.027476
0.070278
0.317009
0.621617
0.870190
0.969502
0.882618
0.642996
0.341707
0.092653
-0.010940
0.067879
0.295686
0.581454
0.811345
0.892207
0.787178
0.529788
0.211178
-0.054682
-0.174500
-0.111259
0.101675
0.373336
0.589942
0.658393
0.541875
0.273965
-0.054155
-0.328479
-0.455681
-0.398713
-0.190918
0.076759
0.290551
0.357370
0.240408
-0.026757
-0.352945
-0.624158
-0.747081
-0.684685
-0.470333
-0.194996
0.027528
0.104117
-0.002075
-0.257513
-0.571064
-0.828778
-0.937395
-0.859943
-0.629842
-0.338127
-0.098660
-0.004631
-0.092953
-0.330162
-0.625197
-0.864183
-0.953931
-0.857544
-0.608519
-0.297964
-0.039815
0.072665
0.002487
-0.216954
-0.494668
-0.716848
-0.790371
-0.678406
-0.414508
-0.089847
0.181588
0.306478
0.247790
0.038869
-0.229335
-0.443050
-0.509191
-0.390952
-0.121915
0.206731
0.480979
0.607502
0.549257
0.339591
0.069455
-0.147372
-0.217791
-0.104980
0.157499
0.478486
0.744001
0.860754
0.791740
0.570347
0.287574
0.057249
-0.027476
0.070278
0.317009
0.621617
0.870190
0.969502
0.882618
0.642996
0.341707
0.092653
-0.010940
0.067879
0.295686
0.581454
0.811345
0.892207
0.787178
0.529788
0.211178
-0.054682
-0.174500
-0.111259
0.101675
0.373336
0.589942
0.658393
0.541875
0.273965
-0.054155
-0.328479
-0.455681
-0.398713
-0.190918
0.076759
0.290551
0.357370
0.240408
-0.026757
-0.352945
-0.624158
-0.747081
-0.684685
-0.470333
-0.194996
0.027528
0.104117
-0.002075
-0.257513
-0.571064
-0.828778
-0.937395
-0.859943
-0.629842
-0.338127
-0.098660
-0.004631
-0.092953
-0.330162
-0.625197
-0.864183
-0.953931
-0.857544
-0.608519
-0.297964
-0.039815
0.072665
0.002487
-0.216954
-0.494668
-0.716848
-0.790371
-0.678406
-0.414508
-0.089847
0.181588
0.306478
0.247790
0.038869
-0.229335
-0.443050
-0.509191
-0.390952
-0.121915
0.206731
0.480979
0.607502
0.549257
0.339591
0.069455
-0.147372
-0.217791
-0.104980
0.157499
0.478486
0.744001
0.860754
0.791740
0.570347
0.287574
0.057249
-0.027476
0.070278
0.317009
0.621617
0.870190
0.969502
0.882618
0.642996
0.341707
0.092653
-0.010940
0.067879
0.295686
0.581454
0.811345
0.892207
0.787178
0.529788
0.211178
-0.054682
-0.174500
-0.111259
0.101675
0.373336
0.589942
0.658393
0.541875
0.273965
-0.054155
-0.328479
-0.455681
-0.398713
-0.190918
0.076759
0.290551
0.357370
0.240408
-0.026757
-0.352945
-0.624158
-0.747081
-0.684685
-0.470333
-0.194996
0.027528
0.104117
-0.002075
-0.257513
-0.571064
-0.828778
-0.937395
-0.859943
-0.629842
-0.338127
-0.098660
-0.004631
-0.092953
-0.330162
-0.625197
-0.864183
-0.953931
-0.857544
-0.608519
-0.297964
-0.039815
0.072665
0.002487
-0.216954
-0.494668
-0.716848
-0.790371
-0.678406
-0.414508
-0.089847
0.181588
0.306478
0.247790
0.038869
-0.229335
-0.443050
-0.509191
-0.390952
-0.121915
0.206731
0.480979
0.607502
0.549257
0.339591
0.069455
-0.147372
-0.217791
-0.104980
0.157499
0.478486
0.744001
0.860754
0.791740
0.570347
0.287574
0.057249
-0.027476
0.070278
0.317009
0.621617
0.870190
0.969502
0.882618
0.642996
0.341707
0.092653
-0.010940
0.067879
0.295686
0.581454
0.811345
0.892207
0.787178
0.529788
0.211178
-0.054682
-0.174500
-0.111259
0.101675
0.373336
0.589942
0.658393
0.541875
0.273965
-0.054155
-0.328479
-0.455681
-0.398713
-0.190918
0.076759
0.290551
0.357370
0.240408
-0.026757
-0.352945
-0.624158
-0.747081
-0.684685
-0.470333
-0.194996
0.027528
0.104117
-0.002075
-0.257513
-0.571064
-0.828778
-0.937395
-0.859943
-0.629842
-0.338127
-0.098660
-0.004631
-0.092953
-0.330162
-0.625197
-0.864183
-0.953931
-0.857544
-0.608519
-0.297964
-0.039815
0.072665
0.002487
-0.216954
-0.494668
-0.716848
-0.790371
-0.678406
-0.414508
-0.089847
0.181588
0.306478
0.247790
0.038869
-0.229335
-0.443050
-0.509191
-0.390952
-0.121915
0.206731
0.480979
0.607502
0.549257
0.339591
0.069455
-0.147372
-0.217791
-0.104980
0.157499
0.478486
0.744001
0.860754
0.791740
0.570347