-0.014025
-0.015960
-0.015488
-0.014240
-0.011996
-0.010622
-0.007598
-0.009107
-0.009754
-0.010739
-0.009799
-0.006470
-0.008506
-0.007832
-0.007387
-0.005172
-0.003317
-0.002779
-0.004531
-0.005936
-0.002653
-0.003472
-0.002218
-0.002701
-0.001205
-0.004126
-0.009962
0.000270
0.001737
-0.007533
-0.007548
-0.008629
-0.003192
0.006924
0.010517
0.008975
0.011749
0.009435
-0.003810
-0.003493
0.006936
0.000491
-0.004690
0.001130
0.006958
0.031104
0.023820
-0.004468
-0.019638
-0.046432
-0.034450
0.015994
-0.001722
-0.012996
0.029470
0.009543
-0.032119
-0.048014
-0.061537
-0.052768
-0.054951
-0.072590
-0.038080
0.014616
0.004409
-0.055449
-0.088724
-0.050155
-0.051393
-0.068880
-0.014807
0.027560
0.034184
0.009314
0.026302
0.052171
0.034021
0.026891
0.022935
0.025130
0.047850
0.053878
0.050588
0.057807
0.044774
0.013276
0.001409
0.008901
0.006387
0.005557
0.001800
-0.000036
-0.002024
-0.009857
-0.001571
0.008080
0.016054
0.022709
0.019229
0.012745
0.006805
0.004955
0.005117
0.005430
0.007061
0.010574
0.011710
0.008492
0.005182
0.003797
0.001814
0.000250
0.000501
0.000976
-0.000695
0.000922
0.004652
0.003001
0.002934
0.002282
0.002591
0.004892
0.000651
0.001967
0.006386
0.005178
0.006450
0.006464
0.010127
0.010189
0.004113
0.004554
0.007372
0.005901
0.002373
0.001027
0.016443
0.019838
-0.001568
0.004499
0.022790
0.012805
-0.005325
-0.000205
0.004778
0.026087
0.042098
0.010019
0.006380
0.011088
-0.019565
-0.022405
-0.013559
0.004318
0.021876
-0.010739
-0.017747
0.008605
0.010855
-0.022460
-0.077203
-0.093084
-0.042569
0.020852
0.019751
0.016938
0.039627
0.032761
-0.000952
0.001861
0.035628
0.019061
0.014530
0.047920
0.069808
0.083940
0.081592
0.059068
0.031194
0.001880
0.000540
0.008936
-0.005804
-0.023844
-0.014090
0.011684
-0.000738
-0.014654
-0.012496
-0.009688
-0.014945
-0.010250
0.003336
-0.011683
-0.010426
-0.010010
-0.018208
-0.017574
-0.015993
-0.012249
-0.017733
-0.020279
-0.023207
-0.022490
-0.021994
-0.024678
-0.021847
-0.020301
-0.020591
-0.022250
-0.020840
-0.018249
-0.018102
-0.019851
-0.018920
-0.015442
-0.013142
-0.012265
-0.010545
-0.006788
-0.007978
-0.011403
-0.012662
-0.012090
-0.009582
-0.008333
-0.008573
-0.006900
-0.007608
-0.010570
-0.005629
-0.008557
-0.012896
-0.015001
-0.010621
0.002078
-0.003607
-0.004138
0.003300
0.007174
0.013108
0.010794
0.020873
0.028813
0.012503
0.009813
0.027980
0.039589
0.020859
-0.013441
-0.011920
0.006718
-0.001434
-0.022517
-0.036796
-0.029109
-0.041190
-0.056553
-0.022939
-0.028805
-0.071746
-0.074144
-0.067364
-0.058443
-0.039149
-0.044942
-0.044879
-0.035110
-0.034417
-0.053358
-0.036368
0.025335
0.008674
0.004513
0.030658
0.046315
0.048089
0.053090
0.082099
0.085765
0.078491
0.047999
0.040727
0.044100
0.049874
0.047277
0.021278
0.013231
0.010955
0.015193
0.013324
0.023021
0.028008
0.010815
-0.002896
-0.012074
-0.016400
-0.015338
-0.004954
-0.001196
0.000029
0.000530
-0.002284
-0.004991
-0.006606
-0.003681
-0.006744
-0.010857
-0.014782
-0.015862
-0.015641
-0.015803
-0.013003
-0.013024
-0.012333
-0.013111
-0.011758
-0.009091
-0.010367
-0.007493
-0.001967
-0.003513
-0.008728
-0.002910
-0.002072
-0.004597
0.002268
-0.002002
-0.003076
0.003561
-0.001209
-0.005458
-0.002249
-0.007339
-0.007079
-0.005287
-0.014609
-0.004157
-0.019155
-0.035104
-0.009825
-0.020044
-0.044490
-0.043429
-0.053777
-0.033288
-0.002986
-0.023797
-0.028477
-0.017542
-0.015524
-0.036543
-0.029114
-0.013449
-0.036534
-0.040872
-0.018805
-0.006031
-0.002419
-0.015518
-0.057001
-0.050129
-0.057948
-0.065206
-0.013382
0.000960
-0.026754
-0.021106
-0.010256
-0.023954
-0.029580
-0.017603
0.026070
0.048956
0.026764
0.020622
0.028814
0.018649
0.004398
0.004649
0.029347
0.029319
0.028597
0.046624
0.036381
0.034579
0.037272
0.035800
0.039547
0.043286
0.042598
0.036793
0.028987
0.031561
0.041406
0.039628
0.040780
0.032755
0.026540
0.030494
0.024983
0.019117
0.016597
0.014864
0.013356
0.015509
0.016666
0.017121
0.015140
0.012046
0.012199
0.009753
0.010191
0.010205
0.009114
0.009899
0.008121
0.006950
0.008228
0.008636
0.005155
0.004731
0.008135
0.007215
0.003241
0.003259
0.005306
0.004216
0.012205
0.008539
0.000750
0.014208
0.005073
-0.004322
0.006471
-0.012593
-0.016701
-0.002103
-0.013987
0.009456
0.024746
0.000730
0.007421
-0.003637
-0.004182
0.001987
-0.005928
0.020805
0.031131
0.064654
0.093340
0.049477
0.040758
0.045761
0.022176
0.035519
0.038279
0.059117
0.075289
0.072689
0.069430
0.005164
-0.006307
-0.006144
-0.038170
0.004492
0.033687
0.011505
-0.000745
-0.012460
-0.005532
-0.012467
-0.025580
0.010533
-0.005212
-0.017261
-0.013611
-0.019623
0.005659
-0.023242
-0.029601
-0.020442
-0.038673
-0.053807
-0.063620
-0.044167
-0.024188
-0.036918
-0.055624
-0.049088
-0.043000
-0.035834
-0.027593
-0.026224
-0.023889
-0.030643
-0.029519
-0.016292
-0.011577
-0.006288
-0.005291
-0.010271
-0.007647
-0.009222
-0.010988
-0.008979
-0.011659
-0.010719
-0.010369
-0.013492
-0.013560
-0.012277
-0.009784
-0.008419
-0.009570
-0.010902
-0.012035
-0.013808
-0.014722
-0.011615
-0.007631
-0.006343
-0.007030
-0.008139
-0.009974
-0.010442
-0.009266
-0.010223
-0.008240
-0.007766
-0.006291
0.001335
0.002103
-0.002467
0.003283
0.000048
-0.000325
0.007458
-0.010432
-0.002284
0.023559
0.019781
0.017574
0.015117
0.011784
0.030109
0.026649
0.005123
-0.021500
-0.018453
0.003124
-0.007222
0.004605
0.005325
0.000374
-0.013332
-0.061196
-0.077151
-0.079860
-0.089379
-0.083751
-0.067130
-0.044283
-0.029766
-0.054167
-0.068796
-0.050706
-0.066947
-0.074977
-0.066259
-0.045689
0.000776
0.023187
0.039132
0.043657
0.035217
0.042834
0.035034
0.032961
0.036595
0.024732
0.047791
0.072219
0.082154
0.086912
0.062110
0.047765
0.035355
0.027461
0.034199
0.022579
0.014349
0.018216
0.016481
0.013460
0.014242
0.008485
0.005218
0.009590
0.011371
0.010189
0.005839
0.004766
0.006606
0.007951
0.010224
0.010040
0.010422
0.009771
0.004480
0.001560
-0.000759
-0.002201
-0.001684
-0.001819
0.000688
0.002471
0.001851
0.001615
0.002358
0.002260
0.001593
0.003548
0.005239
0.012719
0.010393
0.000537
0.005654
0.008261
0.007803
0.009348
0.006436
-0.000287
0.002366
0.002804
-0.000791
0.007596
0.012167
-0.009117
-0.010635
0.012627
0.011528
0.008621
-0.007346
-0.000775
0.021890
0.013947
0.015764
0.007661
-0.014828
-0.004654
-0.028417
-0.042437
0.038315
0.021976
-0.030652
0.004583
0.012687
-0.013887
-0.038680
-0.046733
-0.018533
0.032991
0.044133
0.006826
-0.002822
0.027089
-0.006720
0.003526
0.045868
0.033068
0.043618
0.042472
0.053955
0.058274
0.061420
0.046683
0.023079
0.023586
0.030362
0.052624
0.032931
0.014283
0.009781
0.010202
0.007180
-0.015057
-0.021657
-0.018609
-0.019760
-0.021692
-0.012593
-0.007709
-0.008837
-0.007509
-0.011010
-0.020803
-0.022916
-0.024073
-0.032306
-0.031454
-0.027380
-0.022982
-0.020945
-0.020369
-0.019899
-0.021592
-0.022994
-0.027208
-0.026497
-0.025320
-0.025328
-0.024755
-0.025866
-0.022188
-0.019719
-0.017835
-0.016684
-0.018290
-0.017423
-0.016760
-0.015827
-0.017282
-0.018818
-0.016091
-0.017188
-0.016762
-0.011809
-0.014917
-0.022212
-0.018508
-0.030106
-0.034746
-0.016347
-0.014362
-0.017967
-0.023860
-0.024664
-0.021806
-0.020875
-0.018130
-0.039670
-0.053070
-0.028451
-0.015455
0.016053
0.005001
-0.034342
-0.011849
-0.009393
-0.014660
0.003970
-0.003733
0.019007
0.082453
0.051848
0.032534
0.097305
0.094210
0.057643
0.076295
0.078637
0.055957
0.058299
0.057360
0.034039
0.036490
0.031278
-0.033680
-0.048590
-0.021330
-0.034050
-0.043744
-0.070014
-0.076933
-0.051483
-0.038058
-0.009933
0.003436
0.010266
0.020319
0.034030
0.029455
0.020847
0.022314
0.018490
0.029193
0.027638
0.029906
0.032750
0.014606
-0.003982
-0.001993
-0.000334
-0.014951
-0.023157
-0.019443
-0.019188
-0.024919
-0.023067
-0.022490
-0.017381
-0.015031
-0.016148
-0.012952
-0.015400
-0.016337
-0.015859
-0.015877
-0.016915
-0.015318
-0.014392
-0.014540
-0.013730
-0.017775
-0.016675
-0.017283
-0.019292
-0.017243
-0.017423
-0.018192
-0.020176
-0.019163
-0.016654
-0.015674
-0.019167
-0.020735
-0.010488
-0.007934
-0.018047
-0.020284
-0.018844
-0.008042
-0.000179
-0.006937
-0.001593
-0.012046
-0.014463
0.002705
-0.015317
-0.007294
-0.005549
-0.031368
0.005921
0.027003
-0.001791
-0.017371
-0.014336
-0.001898
-0.012699
0.004523
0.020834
0.012762
0.065690
0.048701
-0.003422
0.033867
0.028892
0.031348
0.060771
0.047174
0.057622
0.068326
0.052003
0.039444
0.033163
-0.001126
-0.035378
-0.043026
-0.010301
0.022877
0.007223
-0.025578
-0.062761
-0.048334
-0.043718
-0.064307
-0.038010
-0.021799
-0.030951
-0.021281
-0.009527
-0.030551
-0.054441
-0.063249
-0.040887
-0.027520
-0.034209
-0.036214
-0.051578
-0.053445
-0.045219
-0.038452
-0.030488
-0.021733
-0.020599
-0.015602
-0.007862
-0.008547
-0.004192
-0.002957
0.002041
0.007064
0.005714
0.007216
0.006733
0.008069
0.008991
0.007249
0.005279
0.004216
0.005242
0.006461
0.006468
0.003761
0.003775
0.004038
0.002581
0.004014
0.002956
0.001481
0.000139
0.000479
0.004553
0.002207
-0.003874
-0.004901
-0.003366
-0.004387
-0.002983
-0.002258
-0.001841
0.005192
0.002375
-0.002167
0.003650
0.008977
0.008214
0.002848
0.010528
0.018770
0.006011
0.010431
0.020876
0.010910
0.011132
0.013402
0.023377
0.039476
0.052524
0.035445
0.005560
0.039932
0.052476
0.033180
0.066167
0.070165
0.022461
0.002354
0.024329
0.015453
-0.012422
0.010126
0.001911
-0.019035
0.016498
-0.028924
-0.067750
-0.025716
-0.033714
-0.048115
-0.014833
0.027218
-0.012238
-0.052658
-0.029815
-0.019667
-0.029439
-0.023378
-0.011502
-0.009779
-0.001604
-0.015491
-0.019723
-0.010784
-0.013096
-0.009163
-0.007333
0.004908
0.013017
0.007452
0.002773
-0.002029
-0.007243
-0.010294
-0.012660
-0.014026
-0.007580
-0.007369
-0.007682
-0.004319
-0.003787
-0.001428
-0.000874
-0.003462
-0.005781
-0.006108
-0.006630
-0.006613
-0.006859
-0.005054
-0.002828
-0.003987
-0.002970
-0.003045
-0.003675
-0.004850
-0.005853
-0.005768
-0.007628
-0.007188
-0.005611
-0.006141
-0.005200
-0.001400
-0.000253
-0.002322
-0.000922
-0.001552
-0.003220
-0.000385
-0.000820
-0.001580
-0.001119
-0.000446
-0.002438
-0.004489
-0.005192
-0.008998
-0.008666
-0.005978
-0.003161
-0.001394
0.000024
-0.000253
-0.002903
-0.002073
-0.001114
0.000505
0.000989
0.000697
0.001384
0.001051
0.001293
0.001310
0.001830
0.001686
0.001961
0.002259
0.002192
0.002371
0.002151
0.002326
0.002078
0.001778
0.001663
0.001349
0.001265
0.001413
0.001582
0.001769
0.001875
0.002022
0.002093
0.002152
0.002046
0.001881
0.001690
0.001473
0.001231
0.001074
0.001006
0.001054
0.001065
0.001033
0.000916
0.000832
0.000744
0.000717
0.000773
0.000698
0.000621
0.000606
0.000572
0.000592
0.000669
0.000775
0.000809
0.000788
0.000791
0.000777
0.000780
0.000843
0.000947
0.000948
0.000924
0.000924
0.000770
0.000645
0.000575
0.000501
0.000407
0.000343
0.000325
0.000216
0.000185
0.000153
0.000098
0.000047
0.000028
0.000049
0.000051
0.000095
0.000108
0.000095
0.000063
0.000036
0.000016
0.101758
-0.091784
-0.109966
0.193707
0.062641
-0.096605
-0.044909
0.061417
0.031555
-0.037863
0.214229
0.219871
0.025523
-0.246083
-0.219017
-0.043839
0.042430
0.029224
0.146391
0.024372
-0.131124
0.324594
-0.182954
-0.212349
-0.068414
-0.452752
0.278230
0.475162
-0.327868
-0.101682
0.540845
-0.470062
-0.998503
-0.142239
0.628212
0.328189
-1.117165
-0.039490
0.728437
-0.332791
-0.198816
0.049123
0.192230
0.032081
-0.477674
-0.012590
0.502163
0.446927
0.154357
-0.163353
0.224229
0.236629
-0.018837
0.128781
0.439191
0.109062
-0.320946
-0.136631
-0.013102
-0.024079
-0.111471
0.034989
0.208906
0.030576
-0.048111
-0.011561
0.002327
0.018604
0.011440
-0.043025
-0.024210
-0.014068
0.016149
0.024839
-0.035212
0.022363
0.050636
0.031450
-0.002548
-0.006971
0.002817
0.019244
-0.008114
-0.006935
0.005314
-0.015182
0.003443
0.001076
0.003837
0.003285
-0.014601
0.029901
-0.000725
-0.040837
0.009480
0.003817
0.024118
-0.014247
-0.071611
0.022076
0.021720
-0.045838
0.023345
0.042582
0.139980
-0.055508
-0.122362
0.084707
-0.002986
-0.031977
-0.057090
0.100139
0.312982
-0.141191
-0.321351
0.217188
0.414688
-0.280252
-0.235763
0.482407
-0.036219
0.037436
0.188989
0.004801
0.004762
-0.568307
-0.178716
-0.164813
-0.237961
0.848173
0.576451
-0.848565
-0.505125
0.710009
0.082802
-0.771178
-0.343173
0.359027
0.007300
-0.618366
0.397822
0.894794
-0.028105
0.009315
0.168262
0.257467
0.149486
0.033495
0.331905
-0.259877
-0.380951
0.141357
0.318366
-0.353241
-0.403763
0.279538
0.145523
0.098346
-0.067929
0.019721
-0.072529
-0.144501
0.063484
-0.118323
-0.057570
-0.011194
-0.020533
-0.096792
-0.081441
0.015967
0.020296
-0.025293
-0.109253
-0.039464
-0.016886
-0.010915
-0.045025
-0.056975
-0.040480
-0.028866
-0.034209
-0.043901
-0.006893
-0.004340
-0.007556
-0.021164
-0.013262
-0.019599
-0.033691
-0.020122
-0.004793
-0.016727
-0.043974
-0.011433
0.000069
0.044197
-0.028262
-0.069980
0.016077
-0.023066
0.025811
-0.020241
0.014379
0.074824
-0.157139
-0.065051
0.075123
0.001844
-0.053318
-0.105720
0.212274
0.054322
-0.223659
0.164701
0.276917
0.108129
-0.041584
0.231818
0.394308
-0.195688
-0.432495
0.072061
0.360418
-0.042741
-0.262639
-0.306595
-0.144949
-0.167482
-0.127799
0.312110
0.121568
0.283075
-0.599915
-0.623727
0.544022
-0.207802
-0.355972
-0.220024
0.115223
-0.532959
-0.732741
0.470417
0.417195
0.150960
-0.018411
0.386705
0.180872
0.054440
0.118016
0.249351
0.433719
0.027489
-0.142085
-0.361236
0.185623
0.494397
0.174498
0.070089
0.143596
0.123462
-0.167988
-0.085807
0.063430
0.028925
-0.093861
-0.069829
-0.104239
-0.130479
0.018339
0.036531
0.026217
-0.006578
0.021341
-0.023004
-0.052659
-0.041873
-0.028641
-0.035160
-0.049742
-0.036557
-0.041754
-0.014420
-0.001773
0.009486
0.006248
-0.011478
-0.024099
-0.025219
-0.009817
-0.023007
-0.039431
-0.029371
-0.005109
0.003122
-0.062981
0.019317
0.112235
-0.074363
-0.102001
0.110750
-0.017582
-0.093103
0.081196
0.031651
-0.042118
-0.069980
-0.038960
0.006048
-0.086106
-0.100110
0.254523
-0.097166
-0.241040
0.393890
-0.406021
-0.245739
0.398712
-0.026848
-0.349141
-0.447489
0.023919
0.269647
-0.018793
0.021219
0.673151
-0.071243
-0.633188
-0.286785
0.317886
0.371900
-0.474488
0.066917
0.203238
-0.718195
-0.462127
0.208461
0.085337
-0.150817
0.009600
0.469434
0.308879
-0.518236
-0.235103
0.559456
-0.115388
-0.265389
0.147363
0.155277
0.162477
-0.254042
0.052300
0.224179
0.027530
0.212038
0.092425
-0.006253
0.148133
0.029764
-0.072808
0.172504
0.104002
0.141250
0.087660
-0.010371
0.120637
0.054499
0.162546
0.076798
-0.075800
-0.010081
0.064721
0.026471
0.019416
0.005778
-0.001238
0.028992
-0.010480
0.042033
0.022247
-0.007782
0.004438
-0.007183
-0.009508
-0.001459
-0.003776
0.002004
0.003624
-0.010184
0.009711
0.012479
-0.013634
0.019411
-0.022542
-0.021274
0.056234
0.013128
-0.054257
-0.029456
0.094499
-0.008768
-0.127623
0.061553
0.049225
-0.082305
0.087122
0.000777
-0.019640
0.161158
-0.177584
0.002048
0.064189
-0.448015
0.104114
0.027676
-0.182870
0.591343
0.152422
-0.107135
-0.109308
-0.399061
0.316299
-0.223255
0.196561
0.903346
-0.131151
0.281099
0.214849
-0.410457
-0.135766
0.356265
0.479010
-0.043739
-0.203891
0.375983
-0.316798
-0.643387
0.372462
0.102830
0.221230
-0.401630
-0.292904
0.424657
-0.458274
0.296871
0.151806
-0.042049
-0.007758
-0.613173
0.192767
0.208858
-0.313966
-0.024033
0.062455
-0.037540
-0.264361
-0.497133
0.195271
0.313566
-0.265644
-0.226158
-0.148058
-0.083565
0.014107
-0.118785
0.038029
0.065332
-0.158022
-0.024272
0.007174
0.047429
0.096977
-0.063213
-0.009503
-0.002979
-0.062202
0.018160
0.015450
-0.021855
0.013580
-0.003485
-0.001307
0.007182
-0.031598
0.016411
0.001678
-0.024024
0.009886
-0.023484
-0.028957
0.020797
0.008061
0.000678
-0.017100
-0.024269
-0.038062
-0.007603
0.081089
0.026644
-0.004778
-0.017549
-0.054768
-0.059706
-0.065779
0.060954
0.089679
-0.072096
-0.006401
0.084919
-0.055445
-0.095147
0.298358
0.017807
0.022111
0.032070
-0.422444
0.153886
0.090154
0.231625
0.206599
-0.100548
0.196082
-0.082202
-0.171878
-0.255934
-0.166426
0.211551
0.002988
-0.200302
0.014286
0.193086
-0.046301
-0.459258
-0.513424
0.014080
-0.153415
-0.505898
-0.095067
-0.007914
0.147409
0.107188
-0.227475
0.213950
0.182425
-0.188533
0.070474
-0.182559
0.039275
0.180484
0.080501
0.508381
0.048791
-0.039998
0.268703
0.135214
0.357597
0.257196
0.081600
0.053287
-0.081115
0.093378
0.076407
-0.109208
0.050980
0.016072
-0.016882
0.098083
-0.013003
-0.041369
-0.069754
-0.064574
0.036175
0.015489
-0.022219
0.018423
0.000388
0.004202
0.016483
-0.012817
0.023203
-0.006659
-0.025311
0.006326
-0.000453
0.007768
0.001504
-0.015656
-0.004879
0.000513
0.001162
-0.003796
-0.018078
0.015414
0.010697
-0.032309
-0.002742
0.017430
0.014686
-0.029365
0.020070
0.035932
0.087035
-0.119910
-0.172735
0.115621
-0.021700
0.006820
0.072097
0.080937
-0.174163
-0.192881
0.092111
0.028418
0.294608
0.234708
-0.261713
-0.202863
-0.001531
0.156659
0.001739
-0.118696
0.681376
0.139018
-0.712710
0.063392
0.107649
-0.349529
0.118317
-0.159814
0.128106
0.862733
-0.851525
-0.471744
0.417887
0.279658
0.041767
-0.638411
0.512037
0.080193
-0.341407
0.052279
0.189964
0.152732
-0.223024
0.065162
0.078893
0.359471
0.306059
0.232441
-0.027150
-0.190391
0.258848
0.259568
-0.108410
-0.372715
-0.090960
0.100264
-0.028256
-0.107594
0.046497
0.039260
0.013968
0.021142
-0.060748
-0.042613
-0.043537
-0.056491
-0.178415
-0.111013
-0.026322
-0.041489
-0.066908
-0.072833
-0.007982
0.001460
0.004362
-0.033986
-0.045230
-0.060088
-0.058587
-0.060713
-0.062517
-0.035479
-0.032162
-0.022176
-0.019389
-0.015463
-0.013836
-0.019762
-0.026290
-0.015548
-0.031463
-0.050204
-0.011706
-0.017119
-0.054431
-0.022822
0.010535
0.024379
-0.058318
-0.059263
0.048288
-0.088988
-0.050612
0.161523
-0.061079
-0.184766
0.017999
-0.274772
-0.112429
0.181160
0.294030
0.054097
-0.352668
0.098669
-0.147047
-0.204612
0.237873
0.042563
-0.167025
-0.286491
0.114016
0.519081
-0.514403
-0.158423
0.860791
-0.268950
-0.616925
0.487591
0.387768
0.099407
0.556503
0.026881
0.163237
0.503481
0.163365
0.074891
-0.179519
0.475825
0.054607
-0.902242
-0.419696
-0.072546
0.170502
-0.274451
-0.260431
0.038984
-0.053108
-0.014714
0.032107
-0.007559
-0.189831
-0.006783
0.177827
0.204548
-0.075228
0.024755
0.251255
0.023588
-0.049035
0.229559
0.230982
-0.089967
-0.120835
-0.016436
0.075808
-0.124969
-0.130920
0.060071
-0.031526
-0.045714
-0.046620
-0.003599
-0.020061
-0.081183
-0.063313
-0.022060
-0.044441
-0.071725
-0.048517
-0.068268
-0.018505
-0.031764
-0.029199
-0.008391
-0.015730
-0.021711
-0.020428
-0.016044
-0.018350
-0.012843
-0.025337
-0.003699
-0.040301
-0.014847
0.006747
-0.008482
-0.025435
-0.028863
0.025890
0.010684
0.022576
-0.060908
-0.036137
0.166618
-0.045918
-0.193311
-0.084737
0.016161
0.142630
-0.085660
0.036402
0.262351
-0.516316
-0.149322
0.299002
-0.225488
0.374237
-0.062611
-0.192841
0.237139
-0.114438
0.051035
-0.325102
0.294157
0.241370
-0.617654
0.337445
0.297530
0.173507
0.461094
-0.040524
-0.142389
0.111452
-0.066795
0.295627
0.298069
0.018207
0.624780
-0.387945
-0.858940
-0.011322
0.266317
0.029133
-0.514745
-0.063107
0.382407
-0.226683
-0.369222
0.193452
-0.188145
-0.196099
0.201413
0.115894
0.080880
-0.409213
-0.338242
-0.048050
-0.035518
-0.022725
-0.107095
-0.148881
-0.038685
-0.046147
-0.090142
0.108693
0.011519
-0.051188
-0.007717
-0.005906
0.079093
0.020211
-0.015390
0.057941
0.032051
0.021322
0.051723
0.001629
0.031795
0.046649
0.028925
0.035909
0.000668
0.014352
0.029945
0.017639
0.011643
0.016707
0.012007
0.016371
0.019815
-0.001998
0.019445
0.009195
-0.005591
0.029918
-0.002380
-0.023725
-0.018440
0.027348
0.078135
-0.011182
-0.090686
-0.011480
-0.007643
-0.084431
0.067084
0.105307
0.064674
0.019161
-0.169515
-0.063877
0.037247
0.185204
0.156048
-0.075102
0.147243
-0.074686
-0.496299
0.050738
0.405185
0.125768
-0.055182
0.140820
0.196763
-0.290195
0.264422
0.272251
-0.146362
0.562269
0.100715
-0.198985
0.025345
0.195149
-0.467809
-0.877695
0.851211
0.203378
-0.735132
0.215208
0.300346
-0.396581
-0.442329
0.330941
0.475250
-0.178658
-0.439795
0.177710
-0.005600
-0.172504
-0.166579
-0.313259
0.158258
0.017154
-0.137330
0.097662
0.153207
0.173707
-0.041912
-0.103199
0.111747
0.095511
-0.121108
-0.059746
-0.035489
-0.030783
-0.023276
-0.044502
0.041754
0.024560
-0.005036
0.025576
-0.009693
-0.024126
0.015315
-0.027855
-0.031868
-0.031417
-0.042726
-0.000918
0.001577
0.002165
0.026634
0.009268
0.000539
0.002243
-0.007681
-0.002577
-0.010182
-0.018463
-0.000869
-0.000928
0.003779
0.003619
-0.001157
0.006226
-0.009081
-0.000819
0.021247
-0.004277
0.009475
0.041900
-0.017150
-0.049513
-0.007490
-0.007840
-0.042293
0.016412
0.029122
-0.023864
-0.039364
-0.029930
-0.015675
-0.030707
0.003490
0.024266
-0.011967
-0.022129
-0.004779
0.005395
0.013812
0.013820
0.009399
0.014355
0.006837
0.011091
0.011379
0.003242
0.008977
0.008341
0.008879
0.009077
0.008427
0.012717
0.013382
0.012441
0.012828
0.008793
0.005926
0.005848
0.003712
0.006588
0.005880
0.003908
-0.000777
-0.001311
0.000958
0.000576
0.000470
-0.002038
0.001361
0.002580
0.000469
0.003383
0.002561
0.000791
-0.003828
-0.000749
0.001944
-0.001844
-0.000735
0.000647
0.000430
-0.001154
0.000044
-0.000497
0.002137
0.001973
0.002731
0.002465
0.002638
0.001979
0.000788
-0.000322
0.000424
-0.000402
-0.000393
-0.000749
0.000081
0.000369
0.000616
0.000460
0.000422
0.000130
-0.000316
-0.000271
0.000200
0.000191
0.000043
-0.000132
-0.000119
0.000030
0.000428
0.000765
0.000696
0.000392
0.000207
0.000177
0.000264
0.000323
0.000318
0.000293
0.000074
-0.000089
0.000033
0.000057
-0.000013
-0.000113
-0.000226
-0.000306
-0.000263
-0.000030
-0.000034
-0.000208
-0.000363
-0.000564
-0.000726
-0.000726
-0.000715
-0.000770
-0.000862
-0.000872
-0.000574
-0.000542
-0.000578
-0.000652
-0.000556
-0.000629
-0.000337