-0.017939
-0.018338
-0.013542
-0.011568
-0.006772
-0.006383
-0.005649
-0.000683
-0.000596
-0.003875
-0.004314
-0.007693
-0.012362
-0.009901
-0.010436
-0.001861
-0.005145
0.004522
0.003807
-0.031852
-0.003026
0.024556
-0.011792
-0.021832
-0.007040
0.016046
0.007536
0.004007
0.038999
0.051310
0.015934
-0.037957
-0.051264
-0.041974
-0.033579
-0.012430
0.025794
0.009033
0.068317
0.061186
-0.047070
-0.042318
-0.096391
-0.079309
0.073720
-0.001963
-0.072330
0.099923
0.102220
-0.120456
-0.219396
-0.127521
0.060524
-0.058772
-0.194169
0.056006
0.096000
-0.011072
-0.021518
-0.059075
0.017154
0.000005
-0.104027
-0.003266
0.082879
0.114007
0.081570
0.060911
0.091945
0.044391
-0.024698
0.023698
0.078072
0.009289
-0.050753
-0.044535
-0.033510
-0.037410
-0.047704
-0.013433
0.036794
0.039844
0.028714
0.013518
0.006105
0.014017
0.009304
-0.003973
0.001397
0.013405
0.032131
0.028529
0.017893
0.018888
0.018731
0.010570
0.001956
-0.003766
0.003135
0.004255
-0.002491
-0.001804
-0.002643
-0.000291
0.001194
0.002089
0.003435
0.002199
0.002927
0.008593
0.000172
0.002303
0.009234
0.012300
0.015353
-0.002354
-0.006657
0.009922
0.001391
0.001916
0.007222
0.027070
0.036647
-0.005010
-0.001202
0.010598
-0.006789
-0.014890
-0.012118
0.049287
0.059757
-0.035734
-0.020920
0.077907
0.042299
-0.072021
-0.000511
0.056891
0.040128
0.065768
0.008035
0.014305
-0.018698
-0.096513
-0.077482
-0.150757
-0.040011
0.196376
0.065386
-0.094025
0.051777
0.106907
-0.072859
-0.216356
-0.134045
0.041690
-0.001395
-0.061764
0.109872
0.161166
0.142813
0.156614
0.068070
0.029097
0.002536
0.041717
0.061835
-0.050806
-0.077237
0.012836
0.013924
-0.069647
-0.041377
-0.002975
0.017894
0.034174
0.007438
0.005163
-0.008189
-0.007749
-0.006693
-0.029503
-0.016988
0.010749
0.014355
0.004651
-0.003690
-0.002559
0.000949
-0.005728
-0.019699
-0.026860
-0.020522
-0.014422
-0.015991
-0.023605
-0.023844
-0.022065
-0.023738
-0.021231
-0.017111
-0.012940
-0.011951
-0.008094
-0.009547
-0.013090
-0.015307
-0.011651
-0.008123
-0.016656
-0.018792
-0.013535
-0.002824
-0.001664
-0.019976
-0.015493
-0.009127
-0.007216
-0.008245
-0.018777
0.003433
-0.001580
-0.029811
-0.011086
-0.011410
-0.020693
-0.032904
-0.008505
0.036687
-0.017023
-0.020950
0.050969
0.068825
0.043313
0.029294
0.083021
0.074658
-0.043877
-0.070967
0.006195
0.015701
-0.045690
-0.092006
-0.074913
-0.026459
-0.063893
-0.055088
-0.017874
0.061180
0.067465
-0.114386
-0.050328
-0.017221
-0.128187
-0.103940
-0.045833
-0.040545
-0.162870
-0.116473
0.054525
0.094967
0.052814
0.067249
0.111746
0.115173
0.066188
0.011287
0.038296
0.070005
0.048413
-0.037096
-0.065236
0.025907
0.068486
0.042527
0.051034
0.061887
0.031012
-0.018712
-0.037669
-0.028896
-0.029660
-0.017410
-0.008330
-0.014369
0.001138
0.019304
0.028248
0.025774
0.026364
0.018425
0.008375
0.001225
-0.000064
-0.001646
-0.009794
-0.011371
-0.013080
-0.010234
-0.009374
-0.005612
-0.002142
-0.001497
-0.006784
-0.014589
-0.014300
-0.009106
-0.011241
-0.012369
-0.008875
-0.001352
-0.008404
-0.013998
0.012253
0.011502
-0.017255
-0.000214
0.012599
-0.013287
-0.001491
0.008708
0.001987
0.001183
-0.014025
-0.013809
-0.016583
-0.047289
-0.006544
0.022065
-0.058023
0.013812
0.009405
-0.103132
0.003974
0.021089
-0.061997
-0.101969
-0.103189
0.003345
0.036540
-0.059259
0.053316
0.138162
0.012155
-0.073427
-0.088387
-0.018246
-0.043877
-0.081342
0.030168
-0.023567
-0.156195
-0.093345
-0.048870
-0.054662
-0.056320
0.009788
0.130391
0.070753
-0.065734
0.015650
0.041610
-0.061698
-0.045380
-0.019764
0.045112
0.056452
-0.012127
0.025834
0.033676
0.025617
0.043150
-0.004712
0.009130
0.045268
0.007405
0.014062
0.023730
0.015586
0.049458
0.044972
0.044006
0.041343
0.031628
0.046724
0.030979
0.005047
0.013459
0.015689
0.016328
0.022892
0.019876
0.023652
0.016813
0.017532
0.020787
0.017590
0.016658
0.017899
0.015044
0.014585
0.012649
0.012090
0.018496
0.016458
0.013098
0.014490
0.010634
0.012324
0.011662
0.000834
0.010553
0.019841
0.009092
-0.000208
0.016784
0.027588
-0.001985
-0.008265
0.015490
0.001723
0.007801
0.016410
-0.006192
0.034139
0.022212
-0.020274
0.020722
-0.056282
-0.069690
0.015252
-0.049447
0.035908
0.121566
0.036504
0.059014
-0.024394
-0.030780
0.003942
-0.091495
0.101472
0.157096
0.104282
0.192731
0.053675
-0.056981
0.013182
0.042986
0.037303
-0.036055
0.028388
0.112919
-0.046729
-0.057928
-0.032512
-0.017361
0.028443
-0.061752
0.035200
0.008240
-0.037293
0.087360
0.040185
0.049060
-0.032483
-0.093645
0.060739
0.007453
-0.061075
-0.008101
-0.013194
0.020674
-0.072602
-0.113734
0.004106
-0.006110
-0.049791
-0.043500
-0.061123
-0.032064
-0.033579
-0.053305
0.000282
-0.002273
-0.016858
-0.005415
-0.015305
0.004743
0.004606
-0.011509
-0.004325
-0.019786
-0.028894
-0.018722
-0.017609
-0.014763
-0.010824
-0.017925
-0.015025
-0.017195
-0.017638
-0.012578
-0.018556
-0.018577
-0.013439
-0.019426
-0.014906
-0.006745
-0.006057
-0.006506
-0.011665
-0.017666
-0.021217
-0.006190
0.000782
-0.002408
-0.000299
-0.003276
-0.012651
-0.029021
-0.030658
-0.004591
-0.006845
-0.012314
0.013052
0.013283
-0.021332
0.014089
0.038169
0.004683
0.031127
-0.047400
-0.046866
0.025490
0.012709
0.051086
0.027646
0.040623
0.090017
0.005797
-0.079965
-0.120955
-0.063711
0.021859
-0.024421
-0.054679
0.006833
0.060184
0.010236
-0.132776
-0.167581
-0.112550
-0.139512
-0.119652
-0.073709
-0.033413
0.052022
0.034467
0.026889
0.079072
-0.016126
-0.039191
-0.029469
-0.049495
0.019532
-0.003830
0.040956
0.117240
0.062103
0.079767
0.060279
0.020890
0.061748
0.041744
0.034583
0.021400
-0.008266
0.010592
-0.010824
-0.013306
0.013396
-0.001904
0.013101
0.020844
0.011745
0.014244
-0.001698
-0.000874
0.011764
0.010339
0.023362
0.032839
0.031089
0.032919
0.020570
0.012487
0.012006
0.004796
0.002898
0.004522
0.003722
0.007555
0.005615
0.001023
0.000295
-0.000761
-0.000781
-0.002591
-0.000288
0.006138
0.003130
0.002493
0.008564
0.014417
0.009248
0.007962
0.014776
0.027433
0.018507
-0.029987
-0.007266
0.013415
-0.002770
0.004701
0.016105
0.008261
-0.020308
-0.012358
-0.007063
0.013679
0.071761
0.035155
-0.015964
-0.000481
0.003117
-0.000203
-0.063176
0.028060
0.162944
0.005120
-0.061357
0.006721
-0.064933
-0.046382
-0.040027
-0.103654
0.137545
0.089043
-0.135029
0.009758
0.043615
0.044350
-0.072547
-0.098775
0.096333
0.061661
-0.018553
-0.006709
0.015912
0.039868
0.047232
0.014114
0.013729
0.075382
0.131659
0.123719
0.044995
-0.000027
0.036597
0.033075
-0.039442
-0.066470
-0.039224
-0.009651
-0.015370
-0.007496
0.010938
0.028334
0.035832
0.011823
-0.006264
-0.017433
-0.012783
-0.023083
-0.035149
-0.026048
-0.014645
-0.006891
-0.003564
0.001883
-0.002568
-0.003986
-0.005879
-0.011649
-0.020945
-0.028373
-0.031336
-0.032604
-0.027974
-0.026055
-0.022987
-0.016541
-0.013108
-0.013873
-0.014990
-0.018197
-0.016915
-0.016645
-0.022840
-0.024216
-0.016144
-0.018245
-0.020883
-0.013954
-0.008229
-0.010587
-0.027814
-0.017169
-0.017274
-0.036642
-0.005013
0.004753
-0.040632
-0.025865
-0.043522
-0.083100
-0.033836
0.007670
0.036219
-0.018637
-0.021757
0.013708
-0.056450
-0.055433
-0.028892
-0.051925
-0.035716
-0.024952
0.069953
0.009431
-0.130600
0.079548
0.135239
-0.082807
-0.064951
0.037687
0.068825
0.187594
0.122364
0.023384
0.146070
0.164718
0.109936
-0.001629
-0.054718
0.071467
-0.033698
-0.167495
-0.149329
-0.111092
-0.068835
-0.060360
-0.022470
0.007211
0.006243
0.014561
0.022134
0.003034
-0.006779
0.013282
0.062663
0.055309
0.043267
0.083538
0.086438
0.033522
0.020410
0.039302
0.021046
-0.011960
-0.033764
-0.021239
-0.030660
-0.062886
-0.040618
-0.018541
-0.022081
-0.016564
-0.015416
-0.004656
-0.000480
-0.018632
-0.019158
-0.006672
-0.008920
-0.004068
-0.007112
-0.005149
-0.000056
-0.006141
-0.009583
-0.006808
-0.008143
-0.012725
-0.013450
-0.015447
-0.015025
-0.019920
-0.019103
-0.021064
-0.023340
-0.016677
-0.015200
-0.020548
-0.023986
-0.016438
-0.009242
-0.008611
-0.015790
-0.025751
0.009200
0.022474
-0.030416
-0.047617
-0.030430
0.010101
0.009436
-0.035305
0.026574
-0.000886
-0.077265
0.015260
-0.043437
-0.037475
0.045331
-0.028974
0.049868
0.045096
-0.033758
-0.047330
-0.042575
0.078570
-0.023947
-0.083615
0.053778
0.078212
0.160555
0.125791
-0.020935
0.023642
0.037380
0.028742
0.059545
-0.039704
0.082130
0.169270
-0.050427
-0.120311
-0.091522
-0.077704
-0.067060
-0.086165
0.015811
0.051920
-0.060130
-0.011201
0.026364
-0.041845
-0.020876
-0.014745
0.019690
0.034371
-0.041260
-0.056379
-0.049030
-0.063975
-0.053742
-0.057445
-0.039319
-0.007244
-0.035391
-0.033700
-0.010938
-0.018030
-0.022041
-0.025040
-0.019460
-0.000088
-0.000002
0.001801
0.005935
-0.004748
0.001715
0.001271
-0.004156
0.003089
-0.000096
-0.001077
-0.002445
-0.009578
-0.006111
-0.001752
-0.004369
-0.002807
-0.000593
-0.000470
0.000734
-0.001724
-0.001277
0.003947
0.000973
0.002357
0.002922
-0.005417
-0.007165
-0.005306
0.007702
0.008815
-0.013081
-0.014152
0.000638
-0.012467
-0.015157
0.006175
0.017030
0.033953
0.007561
-0.023980
-0.011413
0.011470
0.040758
0.015849
0.017214
0.050376
-0.036710
-0.071542
0.016090
0.035217
0.021548
0.038796
0.095601
0.060771
0.019118
0.061800
-0.002754
0.065894
0.140338
0.027760
0.008817
0.037599
0.003764
-0.166035
-0.096460
0.072162
-0.082414
-0.070283
0.090292
0.049677
-0.048823
-0.072323
0.017087
0.072734
-0.037705
-0.028779
0.023914
-0.007720
-0.013719
-0.081942
-0.078740
0.011657
-0.016305
-0.020040
0.025664
0.055007
0.064660
0.004534
-0.019475
0.005107
-0.020163
-0.035598
-0.028152
-0.026377
-0.014437
-0.014080
-0.012830
0.000867
0.003479
0.000408
0.003526
-0.007758
-0.006944
-0.008864
-0.015293
-0.014100
-0.012904
-0.009154
-0.004499
-0.002918
0.003586
0.008177
0.003433
-0.000569
-0.004454
-0.006303
-0.007253
-0.012921
-0.013018
-0.006480
-0.006829
-0.006383
-0.006402
-0.005630
-0.004667
-0.005785
-0.002395
-0.001490
-0.001421
0.006663
0.004995
-0.005796
-0.007391
-0.005400
-0.012288
-0.010658
-0.003373
-0.004868
-0.006653
-0.008235
-0.006749
-0.009274
-0.010811
-0.003279
0.001841
-0.000392
-0.000182
-0.000482
-0.001035
0.001573
0.002209
0.003145
0.003041
0.002236
0.002648
0.000981
0.001389
0.001709
0.000439
0.000689
0.000883
0.001146
0.001620
0.001677
0.000357
-0.000603
-0.000306
-0.000524
0.000193
0.001689
0.002103
0.002251
0.002077
0.001719
0.001233
0.001196
0.000906
0.001268
0.001512
0.001751
0.001617
0.001634
0.001738
0.001576
0.001247
0.000980
0.000791
0.000772
0.000563
0.000681
0.000871
0.000903
0.000857
0.000891
0.000848
0.000772
0.000852
0.000901
0.000827
0.000845
0.000924
0.000931
0.001055
0.001210
0.001238
0.001116
0.000931
0.000773
0.000627
0.000590
0.000582
0.000624
0.000619
0.000595
0.000535
0.000463
0.000361
0.000273
0.000310
0.000368
0.000448
0.000570
0.000625
0.000549
0.000435
0.000355
0.000278
0.000260
0.000260
0.000207
0.000181
0.000178
0.000141
0.000112
0.000084
0.000004
-0.000064
-0.000030
-0.000045
-0.000036
-0.012093
-0.005438
0.013757
-0.003447
0.025694
0.039754
-0.071750
0.013673
0.104438
-0.034466
-0.067941
0.022413
0.031411
-0.036003
0.058356
0.159054
0.056126
-0.023227
-0.057526
-0.048302
-0.045648
-0.067888
-0.068249
0.056231
-0.045916
0.079136
0.204699
-0.099124
-0.068158
-0.154771
-0.236645
0.155588
0.094741
-0.268658
0.123561
0.292687
-0.399028
-0.357921
0.143565
0.030524
-0.491997
-0.337215
0.369478
0.039065
-0.211431
0.142860
0.151434
-0.013689
-0.215064
-0.119853
0.185214
0.129804
0.121401
0.075664
0.174010
0.379853
0.113531
-0.018084
0.230460
0.134367
-0.143449
-0.036804
0.037549
-0.068635
-0.123036
-0.058605
0.060702
0.039303
-0.040015
0.029901
0.065947
0.000399
-0.031924
-0.034561
-0.019754
-0.003586
-0.011794
0.012016
0.021490
0.007062
0.025070
0.020639
0.008081
-0.002385
0.004384
0.017224
0.010135
-0.000719
0.005196
0.000620
-0.004352
0.000823
-0.005719
-0.004590
-0.011893
-0.005134
0.017600
-0.008868
-0.009335
0.011084
0.003229
0.007670
-0.013127
-0.017016
0.021891
-0.010219
-0.012529
0.020222
0.047914
0.046494
-0.047980
0.016697
0.050810
-0.036856
-0.035643
-0.008637
0.106781
0.098775
-0.119554
-0.025056
0.232711
0.078914
-0.234695
0.111547
0.195560
-0.152961
0.137235
0.223325
-0.022863
-0.190657
-0.177104
-0.062711
-0.269719
-0.059955
0.349332
-0.020684
-0.338906
0.236503
0.417691
-0.298850
-0.453137
0.006808
-0.080634
-0.419288
0.005634
0.527821
0.133266
-0.013301
0.367720
0.397229
0.223798
-0.075273
0.026015
0.101253
-0.178279
-0.065340
0.150654
-0.050267
-0.279519
0.042005
0.163896
-0.051824
-0.073075
0.027665
0.040152
-0.090089
-0.003206
-0.004849
-0.108260
-0.026449
-0.033932
-0.071456
-0.038753
-0.019720
-0.034630
-0.017162
-0.039431
-0.044002
0.011047
-0.009027
-0.029033
-0.031565
-0.029902
-0.027858
-0.030620
-0.033197
-0.033093
-0.015121
-0.016261
-0.015243
-0.009408
-0.012516
-0.017679
-0.021116
-0.013401
-0.007858
-0.017260
-0.015039
-0.001238
0.010995
0.012599
-0.036715
-0.020750
-0.006675
-0.022350
-0.002158
-0.013729
0.025595
-0.009331
-0.073239
0.027157
0.027672
-0.046143
-0.081627
0.007459
0.115201
-0.060496
-0.033598
0.166955
0.113028
0.026135
0.110964
0.264560
0.107311
-0.169074
-0.068661
0.145177
0.011881
-0.170441
-0.143766
-0.146961
-0.132470
-0.158152
0.032358
0.048130
-0.019637
0.030682
-0.303841
0.073846
0.163437
-0.416121
-0.341101
-0.000298
-0.081928
-0.550749
-0.104590
0.258690
-0.035732
0.035551
0.325893
0.271776
0.114181
0.232947
0.197209
0.213312
0.109274
-0.032647
-0.025236
0.022472
0.164151
0.082968
0.015665
0.149292
0.189294
0.048324
-0.044540
0.046016
-0.019899
-0.141467
-0.086039
-0.037664
-0.089830
-0.050665
0.018197
-0.021186
-0.012318
0.000705
-0.008465
-0.015170
-0.018182
-0.025215
-0.030960
-0.022909
-0.023963
-0.025069
-0.014025
-0.004502
-0.008156
-0.008524
-0.010455
-0.016920
-0.017838
-0.011096
-0.007529
-0.021832
-0.023633
-0.012822
-0.001408
-0.015226
-0.027257
0.041169
0.027467
-0.072027
0.002733
0.064371
-0.062590
-0.022861
0.071817
-0.014379
-0.052401
0.008776
0.004182
-0.045056
-0.075598
0.004299
0.079043
-0.150295
0.037662
0.107074
-0.285759
0.009482
0.189804
-0.149982
-0.320812
-0.091451
0.036664
-0.034343
-0.016442
0.214169
0.197261
-0.119759
-0.114907
0.054001
0.172621
-0.266402
-0.331305
0.255385
-0.072811
-0.471276
0.005449
0.055063
-0.236142
-0.134109
0.151417
0.240094
0.017442
-0.143120
0.199663
0.199755
-0.260841
-0.076537
0.130406
0.050258
-0.077416
0.031669
0.202053
0.029592
0.056783
0.165129
0.047929
0.068995
0.075929
-0.041990
0.079820
0.115377
0.015868
0.075209
0.063682
0.087700
0.091220
0.046336
0.080730
-0.006245
-0.023731
0.055904
0.021960
-0.013185
0.011897
0.012344
0.026381
0.026356
0.007014
0.014236
-0.005193
-0.007987
-0.001737
-0.006348
0.001891
-0.000921
0.001448
0.009647
0.002928
0.000869
0.010712
0.003494
0.001089
0.009345
-0.011808
0.012420
0.031225
-0.004678
-0.029893
0.022568
0.051194
-0.046857
-0.027129
0.063196
-0.032959
-0.028551
0.083566
-0.018359
0.018036
0.057315
-0.071094
0.057731
-0.072469
-0.208701
0.049110
-0.083475
0.002117
0.285845
0.056655
0.008790
-0.036589
0.040876
0.023004
-0.228645
0.293195
0.205245
-0.003421
0.459974
0.202950
-0.141398
0.068541
0.221033
0.056143
-0.185303
0.073845
0.174354
-0.348000
0.034347
0.237681
-0.204964
-0.106912
-0.194750
0.101712
0.045787
-0.207432
0.122864
0.026213
0.064350
-0.087045
-0.154556
0.139963
-0.114272
-0.194940
0.048338
-0.036100
-0.113431
-0.187125
-0.060166
0.156787
-0.124381
-0.229353
-0.008366
-0.051106
-0.065901
-0.080757
-0.081383
0.029123
-0.061858
-0.035000
0.057200
0.014322
0.023753
-0.009824
-0.020055
0.042954
-0.023375
-0.032413
0.030938
-0.009076
-0.009595
0.009506
-0.002627
0.005836
-0.015548
-0.017323
0.007252
-0.018224
-0.014715
-0.005375
-0.021668
-0.005084
0.004898
-0.004852
-0.009454
-0.013024
-0.017692
-0.029916
0.009956
0.031462
-0.007654
-0.001107
-0.001804
-0.027067
-0.039544
-0.025540
0.016106
-0.028266
-0.046763
0.040844
0.054209
-0.061234
0.038436
0.147668
-0.047197
0.064462
-0.046240
-0.136679
0.063789
0.061102
0.110011
0.020633
0.078703
0.119957
0.006652
-0.010842
-0.195929
-0.172091
-0.011266
-0.112451
-0.052303
0.100423
0.016521
-0.094438
-0.156156
-0.150178
-0.156424
-0.447065
-0.356082
-0.034039
-0.060158
-0.005105
0.020483
0.077933
0.264617
0.070472
-0.061138
-0.052080
-0.113634
0.020680
0.034444
0.183953
0.230704
0.037014
0.260801
0.301340
0.148917
0.168453
0.054132
0.060319
0.076574
0.032926
0.090668
-0.030059
-0.047376
0.068400
-0.021245
-0.011487
0.016987
-0.064386
-0.042497
-0.024597
-0.018520
-0.002666
-0.015646
0.004819
0.019111
0.017769
0.017374
-0.006712
-0.001015
0.001689
-0.021541
0.000524
0.009513
-0.000930
0.010171
0.001379
-0.001650
0.004834
-0.004567
-0.000070
-0.006368
-0.008141
0.013920
-0.004188
-0.009600
0.009198
0.009610
-0.012885
-0.005887
0.024013
0.035278
0.029865
-0.085002
-0.015314
0.044836
-0.041867
-0.000070
0.067051
-0.007488
-0.133212
0.018092
0.062916
-0.006887
0.154224
0.056074
-0.130730
0.027113
0.098026
0.014263
-0.127946
0.084795
0.315773
-0.126871
-0.122021
0.236936
-0.142784
-0.288553
0.067471
-0.136017
0.146864
0.170470
-0.397400
0.042959
0.298142
0.051761
-0.356119
0.008939
0.266708
-0.316856
0.038214
0.278709
-0.063387
-0.106229
0.040267
0.123938
0.201541
0.126481
0.062254
0.220155
0.113181
0.104735
0.199590
-0.005378
-0.165878
-0.105315
-0.006623
-0.061116
-0.132640
-0.039720
0.049584
0.027513
0.021494
0.042766
-0.014700
-0.052971
-0.049266
-0.101313
-0.124828
-0.067055
-0.057357
-0.079121
-0.035307
-0.008772
-0.008243
0.002459
-0.010939
-0.033792
-0.035200
-0.038329
-0.041539
-0.041484
-0.036279
-0.030188
-0.024449
-0.015394
-0.018027
-0.019026
-0.021294
-0.025561
-0.020612
-0.018126
-0.023552
-0.021321
-0.007497
-0.021427
-0.029832
-0.009056
0.003121
-0.011395
-0.049200
-0.004034
-0.003454
-0.077982
0.015387
0.063868
-0.108547
-0.053682
-0.017336
-0.181787
-0.047804
0.108126
0.094164
-0.118573
-0.014247
0.107169
-0.151849
-0.022274
0.088965
-0.172021
-0.198474
-0.041156
0.250073
0.089611
-0.344999
0.196945
0.331063
-0.319800
-0.038931
0.401114
-0.100371
0.063611
0.545373
0.165796
0.124346
0.382571
0.225574
-0.005006
0.194841
0.151567
-0.477666
-0.286185
-0.027408
-0.239129
-0.214929
-0.294777
-0.104677
0.100026
-0.035442
-0.047589
0.067494
-0.093959
-0.097374
0.082512
0.083301
0.015319
-0.002788
0.148322
0.191019
0.044566
0.043767
0.174751
0.049577
-0.083226
0.019775
0.062458
-0.062632
-0.100125
-0.006679
-0.009412
-0.053025
-0.037538
-0.033254
-0.020376
-0.055566
-0.078162
-0.022589
-0.035436
-0.067447
-0.039867
-0.029795
-0.027585
-0.013665
-0.028132
-0.010039
-0.003852
-0.019830
-0.015153
-0.008539
-0.012894
-0.013708
-0.017492
-0.015930
-0.013912
-0.026363
-0.007809
-0.004350
-0.015354
-0.025075
-0.004394
0.009971
0.005120
-0.003162
-0.044095
0.024196
0.067834
-0.069150
-0.087383
-0.028396
0.001729
-0.000039
-0.045056
0.111201
-0.030152
-0.289660
0.132419
0.052480
-0.140489
0.103935
-0.086978
0.019446
0.144559
0.074641
-0.116742
-0.153277
0.264952
-0.148926
-0.183674
0.336767
-0.002205
0.104727
0.443386
0.073512
-0.042272
0.092613
0.023874
0.199962
0.093356
0.078456
0.133835
-0.202673
-0.087793
0.088509
-0.091419
-0.440414
-0.320316
0.216719
0.037571
-0.296896
0.038989
0.050885
-0.211295
0.044351
0.076629
-0.050791
-0.110482
-0.181469
-0.018303
-0.023387
-0.141250
-0.131326
-0.118509
-0.033675
0.002118
-0.068003
-0.000511
0.035349
-0.046003
0.000081
0.037621
0.016618
0.013879
-0.011949
0.030400
0.044083
0.007599
0.025444
0.026388
0.018263
0.032772
0.024217
0.026031
0.031476
0.015253
0.022633
0.016821
0.005196
0.005249
0.003612
0.009054
0.010045
-0.000402
0.000612
0.009165
-0.005256
0.000685
0.009408
-0.010217
-0.012336
-0.000052
0.029588
0.026319
-0.030209
-0.034454
0.005110
-0.038774
-0.038722
0.044989
0.024270
0.015313
0.001522
-0.030426
-0.006346
0.025333
0.084629
0.006191
0.015559
0.118710
-0.124484
-0.171361
0.159314
0.099127
-0.095968
0.028957
0.244882
0.038131
-0.018449
0.336221
-0.019395
-0.037401
0.359075
0.045027
-0.056244
0.175207
0.036671
-0.569158
-0.094296
0.457130
-0.449867
-0.344465
0.419810
-0.001785
-0.368542
0.133473
0.234562
-0.143683
-0.200646
0.067680
0.067196
-0.126720
-0.083075
-0.178351
-0.092272
0.042270
-0.156256
-0.017869
0.139393
0.073714
0.066367
0.044146
0.099013
0.081186
-0.061935
-0.065586
-0.006800
-0.063912
-0.055077
-0.033784
-0.008342
0.030354
-0.007207
0.014292
0.032874
-0.005643
-0.005857
-0.006890
-0.019538
-0.017593
-0.030343
-0.018631
-0.000247
-0.009462
-0.003016
0.009407
0.003613
0.002704
-0.003788
-0.006611
-0.004444
-0.009698
-0.004878
0.002387
0.001740
0.002384
-0.000264
-0.000938
-0.005211
-0.014775
0.001698
0.003552
-0.011341
0.015770
0.020741
-0.015981
-0.014133
0.004808
-0.028295
-0.031585
0.013361
-0.006193
-0.033416
-0.012893
-0.003973
-0.022467
-0.017888
0.001904
-0.011825
-0.014266
0.004915
0.007836
0.007583
0.008132
0.005073
0.010397
0.011813
0.006322
0.010066
0.008215
0.004672
0.010172
0.009826
0.010721
0.011638
0.011106
0.012252
0.008125
0.006843
0.005791
0.001435
0.001103
-0.000399
-0.001344
-0.001325
-0.000006
0.000895
-0.000944
0.001587
0.003052
0.000839
0.000974
0.001888
0.001662
-0.001773
0.000863
0.002673
-0.000581
-0.001287
-0.000840
-0.000582
-0.000997
0.000147
0.000727
0.002902
0.002508
0.002594
0.002229
0.002093
0.001537
0.000339
-0.000386
-0.000035
-0.000253
0.000281
0.000250
0.000852
0.001036
0.001001
0.000648
0.000592
0.000501
0.000252
0.000075
0.000004
-0.000097
0.000095
0.000214
0.000467
0.000531
0.000416
0.000335
0.000399
0.000501
0.000543
0.000647
0.000762
0.000657
0.000559
0.000526
0.000458
0.000263
0.000169
0.000210
0.000109
0.000018
0.000065
0.000153
0.000026
-0.000009
-0.000035
-0.000192
-0.000324
-0.000364
-0.000420
-0.000567
-0.000583
-0.000488
-0.000569
-0.000664
-0.000511
-0.000520
-0.000585
-0.000533
-0.000362
-0.000423
-0.000234