0.093204
0.173409
0.249024
0.315444
0.369078
0.407796
0.431020
0.439463
0.434646
0.418384
0.392432
0.358397
0.317899
0.272872
0.225810
0.179804
0.138287
0.104520
0.080963
0.068746
0.067411
0.075033
0.088675
0.105055
0.121193
0.134852
0.144664
0.149939
0.150296
0.145289
0.134212
0.116179
0.090460
0.056929
0.016455
-0.028964
-0.076385
-0.122407
-0.163818
-0.198180
-0.224179
-0.241641
-0.251211
-0.253864
-0.250413
-0.241235
-0.226277
-0.205364
-0.178647
-0.147009
-0.112261
-0.077006
-0.044224
-0.016693
0.003549
0.015510
0.019235
0.015492
0.005290
-0.010577
-0.031774
-0.058369
-0.090502
-0.127911
-0.169514
-0.213227
-0.256125
-0.294902
-0.326500
-0.348700
-0.360485
-0.362068
-0.354599
-0.339687
-0.318910
-0.293523
-0.264428
-0.232419
-0.198549
-0.164443
-0.132387
-0.105099
-0.085226
-0.074718
-0.074269
-0.083035
-0.098722
-0.118024
-0.137260
-0.153031
-0.162670
-0.164399
-0.157186
-0.140428
-0.113629
-0.076260
-0.027878
0.031523
0.101071
0.178656
0.260856
0.343208
0.420802
0.489033
0.544305
0.584488
0.609003
0.618562
0.614684
0.599183
0.573814
0.540182
0.499909
0.454926
0.407729
0.361408
0.319398
0.284958
0.260550
0.247305
0.244767
0.251009
0.263098
0.277754
0.291997
0.303592
0.311173
0.314053
0.311854
0.304131
0.290180
0.269121
0.240224
0.203368
0.159424
0.110393
0.059224
0.009319
-0.036105
-0.074605
-0.104865
-0.126705
-0.140767
-0.148020
-0.149274
-0.144901
-0.134843
-0.118921
-0.097278
-0.070797
-0.041279
-0.011326
0.016090
0.038196
0.052958
0.059391
0.057544
0.048192
0.032347
0.010812
-0.016074
-0.048374
-0.086222
-0.129351
-0.176671
-0.226095
-0.274691
-0.319147
-0.356401
-0.384227
-0.401604
-0.408737
-0.406773
-0.397314
-0.381933
-0.361880
-0.338051
-0.311236
-0.282482
-0.253410
-0.226299
-0.203863
-0.188747
-0.182892
-0.186988
-0.200189
-0.220196
-0.243698
-0.267010
-0.286728
-0.300183
-0.305591
-0.301920
-0.288559
-0.265011
-0.230744
-0.185313
-0.128705
-0.061794
0.013316
0.728004
0.708004
0.671751
0.621896
0.560982
0.491707
0.417286
0.341674
0.269470
0.205427
0.153695
0.116999
0.096052
0.089387
0.093704
0.104624
0.117619
0.128839
0.135590
0.136374
0.130546
0.117795
0.097697
0.069552
0.032585
-0.013572
-0.068311
-0.129662
-0.194265
-0.257791
-0.315686
-0.364033
-0.400246
-0.423374
-0.433945
-0.433420
-0.423481
-0.405429
-0.379902
-0.347012
-0.306815
-0.259912
-0.207914
-0.153575
-0.100498
-0.052503
-0.012881
0.016220
0.034053
0.041099
0.038547
0.027639
0.009144
-0.016832
-0.050624
-0.092462
-0.141820
-0.196928
-0.254657
-0.310862
-0.361090
-0.401425
-0.429204
-0.443380
-0.444425
-0.433864
-0.413632
-0.385510
-0.350860
-0.310728
-0.266244
-0.219103
-0.171896
-0.128071
-0.091478
-0.065605
-0.052717
-0.053204
-0.065346
-0.085580
-0.109195
-0.131223
-0.147254
-0.153938
-0.149079
-0.131373
-0.099988
-0.054219
0.006575
0.082696
0.173581
0.277235
0.389882
0.506041
0.619064
0.722057
0.808916
0.875203
0.918620
0.938978
0.937735
0.917306
0.880419
0.829722
0.767762
0.697236
0.621362
0.544096
0.470037
0.403942
0.349961
0.310824
0.287243
0.277756
0.279065
0.286794
0.296419
0.304092
0.307123
0.304017
0.294135
0.277168
0.252697
0.220025
0.178383
0.127407
0.067710
0.001268
-0.068557
-0.137429
-0.200788
-0.254712
-0.296610
-0.325526
-0.341982
-0.347432
-0.343553
-0.331639
-0.312324
-0.285712
-0.251854
-0.211344
-0.165787
-0.117931
-0.071371
-0.029923
0.003130
0.025647
0.036886
0.037336
0.028191
0.010700
-0.014361
-0.046880
-0.087185
-0.135500
-0.191293
-0.252787
-0.316846
-0.379321
-0.435751
-0.482213
-0.516041
-0.536179
-0.543095
-0.538308
-0.523746
-0.501186
-0.471984
-0.437180
-0.397899
-0.355832
-0.313564
-0.274537
-0.242599
-0.221231
-0.212694
-0.217375
-0.233549
-0.257649
-0.284959
-0.310509
-0.329885
-0.339734
-0.337857
-0.322947
-0.294168
-0.250814
-0.192241
-0.118145
-0.029086
0.072941
0.184164
0.299101
0.411107
0.513288
0.599540
0.665427
0.708652
0.729025