0.219429
0.291859
0.352983
0.399985
0.431576
0.447979
0.450613
0.441592
0.423226
0.397680
0.366887
0.332677
0.297011
0.262163
0.230705
0.205249
0.187994
0.180206
0.181839
0.191417
0.206261
0.223007
0.238248
0.249141
0.253770
0.251213
0.241325
0.224357
0.200608
0.170231
0.133295
0.090047
0.041266
-0.011472
-0.065750
-0.118557
-0.166765
-0.207699
-0.239620
-0.261953
-0.275200
-0.280580
-0.279526
-0.273230
-0.262394
-0.247270
-0.227937
-0.204706
-0.178465
-0.150819
-0.123940
-0.100187
-0.081614
-0.069544
-0.064365
-0.065614
-0.072312
-0.083408
-0.098171
-0.116361
-0.138126
-0.163663
-0.192776
-0.224521
-0.257085
-0.287967
-0.314423
-0.334030
-0.345188
-0.347394
-0.341212
-0.327971
-0.309314
-0.286784
-0.261583
-0.234585
-0.206568
-0.178537
-0.151964
-0.128812
-0.111284
-0.101343
-0.100160
-0.107666
-0.122378
-0.141564
-0.161710
-0.179143
-0.190620
-0.193727
-0.186984
-0.169692
-0.141635
-0.102802
-0.053274
0.006668
0.076243
0.153827
0.236716
0.321158
0.402688
0.476727
0.539277
0.587522
0.620170
0.637445
0.640763
0.632239
0.614181
0.588755
0.557894
0.523427
0.487316
0.451835
0.419556
0.393095
0.374647
0.365484
0.365557
0.373395
0.386319
0.400967
0.413936
0.422382
0.424393
0.419050
0.406210
0.386128
0.359105
0.325298
0.284778
0.237797
0.185137
0.128379
0.069943
0.012843
-0.039787
-0.085270
-0.121859
-0.148976
-0.167119
-0.177502
-0.181552
-0.180457
-0.174915
-0.165170
-0.151297
-0.133601
-0.112967
-0.090991
-0.069842
-0.051872
-0.039130
-0.032932
-0.033662
-0.040850
-0.053511
-0.070589
-0.091347
-0.115538
-0.143306
-0.174840
-0.209939
-0.247653
-0.286163
-0.322963
-0.355302
-0.380752
-0.397707
-0.405658
-0.405163
-0.397545
-0.384444
-0.367396
-0.347596
-0.325915
-0.303125
-0.280226
-0.258684
-0.240458
-0.227745
-0.222506
-0.225904
-0.237866
-0.256907
-0.280289
-0.304494
-0.325844
-0.341095
-0.347827
-0.344557
-0.330582
-0.305683
-0.269846
-0.223150
-0.165872
-0.098791
-0.023528
0.057216
0.139689
0.565626
0.507289
0.448211
0.390226
0.336498
0.291372
0.259427
0.244037
0.245997
0.262754
0.288601
0.315833
0.336534
0.344400
0.336023
0.311233
0.272448
0.223336
0.167326
0.106546
0.041557
-0.028053
-0.102521
-0.180707
-0.259400
-0.333459
-0.396824
-0.444050
-0.471828
-0.479937
-0.471249
-0.450778
-0.424102
-0.395724
-0.367942
-0.340619
-0.311900
-0.279557
-0.242435
-0.201417
-0.159543
-0.121229
-0.090908
-0.071602
-0.063992
-0.066346
-0.075337
-0.087417
-0.100243
-0.113560
-0.129217
-0.150275
-0.179544
-0.218095
-0.264333
-0.313985
-0.361048
-0.399368
-0.424289
-0.433810
-0.428840
-0.412522
-0.388903
-0.361499
-0.332294
-0.301554
-0.268480
-0.232404
-0.193993
-0.155939
-0.122760
-0.099732
-0.091282
-0.099397
-0.122641
-0.156148
-0.192617
-0.223999
-0.243288
-0.245858
-0.229916
-0.196036
-0.146032
-0.081708
-0.004013
0.087035
0.191633
0.308984
0.436136
0.567396
0.694671
0.808721
0.900981
0.965379
0.999546
1.005047
0.986569
0.950401
0.902733
0.848389
0.790358
0.730210
0.669101
0.608867
0.552674
0.504870
0.470036
0.451550
0.450208
0.463462
0.485608
0.508945
0.525560
0.529153
0.516321
0.486898
0.443307
0.389219
0.328071
0.261994
0.191555
0.116345
0.036136
-0.047928
-0.132629
-0.212823
-0.282441
-0.336033
-0.370284
-0.384966
-0.382944
-0.369227
-0.349385
-0.327915
-0.307108
-0.286820
-0.265189
-0.239980
-0.210031
-0.176219
-0.141574
-0.110508
-0.087446
-0.075401
-0.075049
-0.084651
-0.100870
-0.120155
-0.140152
-0.160601
-0.183343
-0.211434
-0.247675
-0.293131
-0.346199
-0.402601
-0.456327
-0.501215
-0.532604
-0.548485
-0.549764
-0.539574
-0.521958
-0.500425
-0.476955
-0.451808
-0.424178
-0.393391
-0.360111
-0.327025
-0.298644
-0.280241
-0.276237
-0.288616
-0.315937
-0.353331
-0.393492
-0.428368
-0.450949
-0.456606
-0.443543
-0.412331
-0.364782
-0.302697
-0.227023
-0.137775
-0.034756
0.081239
0.207259
0.337615
0.464212
0.577811
0.669849
0.734252
0.768652
0.774614
0.756825
0.721572
0.675045
0.622067