-0.016032
-0.015398
-0.010839
-0.009576
-0.009161
-0.008631
-0.008862
-0.009871
-0.012386
-0.008950
-0.008389
-0.008557
-0.008099
-0.006821
-0.005912
-0.006803
-0.004263
-0.003851
-0.002313
-0.001465
-0.003184
-0.005148
-0.007479
-0.005982
-0.003809
-0.003054
0.000426
-0.000399
-0.005303
0.000298
0.005840
-0.002303
-0.005843
-0.003478
0.000414
0.004294
0.011963
0.018227
0.016937
0.017100
0.013623
-0.002411
-0.018758
-0.020969
-0.011837
-0.000248
0.005387
0.026881
0.028206
0.002580
-0.017180
-0.042927
-0.035630
0.000201
-0.006180
-0.023587
0.004412
0.013959
-0.024733
-0.063324
-0.084158
-0.077371
-0.076092
-0.052164
-0.024604
-0.048994
-0.033125
0.000385
-0.032379
-0.054399
-0.027552
-0.008014
-0.000274
0.003233
0.023998
0.051339
0.071790
0.073383
0.051801
0.036958
0.046358
0.056419
0.047308
0.040089
0.027921
-0.002937
-0.013914
-0.005880
-0.008746
-0.007952
0.009127
0.023570
0.021619
0.010554
0.004605
0.008704
0.010161
0.007224
0.005836
0.006669
0.007724
0.010253
0.010020
0.007598
0.007089
0.008613
0.007704
0.006987
0.003830
0.003375
0.003529
0.002475
0.002824
0.000640
0.000954
0.001724
0.002221
0.003789
0.004237
0.003362
0.002767
0.002494
0.004061
0.004933
0.002590
0.000898
0.002634
0.001598
0.003394
0.005151
0.008548
0.012117
0.009065
0.011212
0.008071
0.000855
0.001288
0.004602
0.015677
0.017500
0.006236
0.008354
0.021680
0.015893
0.000840
0.009100
0.006910
0.014075
0.045177
0.035193
0.002824
-0.016556
-0.014574
-0.026725
-0.067882
-0.051094
0.004829
0.005566
-0.000145
0.026521
0.013396
-0.027273
-0.050056
-0.061630
-0.058839
-0.030456
0.014836
0.025671
-0.000830
0.041655
0.116281
0.106141
0.056717
0.038128
0.055403
0.071336
0.060014
0.028212
0.001105
-0.010064
-0.008264
0.002250
-0.016297
-0.026337
0.001066
0.021175
0.013263
-0.000423
-0.001981
-0.008557
-0.016008
-0.017745
-0.017818
-0.016706
-0.011354
-0.009472
-0.018734
-0.021349
-0.014104
-0.014972
-0.021211
-0.020994
-0.021957
-0.022408
-0.020050
-0.019819
-0.022296
-0.024039
-0.022387
-0.020609
-0.018791
-0.017777
-0.015276
-0.014788
-0.015492
-0.013883
-0.014389
-0.013970
-0.014554
-0.013626
-0.011451
-0.010404
-0.008772
-0.011497
-0.011304
-0.011064
-0.008868
-0.006750
-0.008479
-0.005063
-0.007112
-0.008281
-0.004826
-0.009657
-0.015034
-0.016186
-0.003686
0.005638
-0.002022
0.000183
0.013050
0.020838
0.029506
0.041096
0.047373
0.037594
0.020900
0.015825
0.012704
0.000040
-0.008590
-0.022535
-0.040841
-0.043610
-0.038772
-0.035256
-0.046703
-0.033160
-0.008751
-0.016910
-0.017276
-0.052146
-0.090436
-0.079564
-0.054368
-0.063973
-0.100497
-0.087457
-0.060181
-0.037726
0.000246
0.035669
0.037369
0.051206
0.085589
0.078443
0.054025
0.052670
0.071400
0.062547
0.042511
0.028869
0.022287
0.041394
0.063629
0.064045
0.046162
0.037302
0.028322
0.009325
-0.004472
-0.000441
0.003964
-0.005833
-0.007902
-0.008507
-0.009711
-0.006784
0.002183
0.004830
0.000707
0.000525
-0.003114
-0.006887
-0.010273
-0.011660
-0.012805
-0.015117
-0.013404
-0.013701
-0.012255
-0.011127
-0.009591
-0.008548
-0.011074
-0.010430
-0.013269
-0.012658
-0.011538
-0.009259
-0.008976
-0.009051
-0.002039
-0.001676
-0.003471
-0.000068
-0.000063
-0.003994
-0.000059
0.003207
-0.001759
-0.002202
-0.000786
-0.005077
-0.014672
-0.021026
-0.011666
-0.009219
-0.020343
-0.006100
-0.015659
-0.039467
-0.018207
-0.014096
-0.039236
-0.059235
-0.059917
-0.045954
-0.032764
-0.028143
-0.007283
-0.000298
0.001473
0.013060
-0.012914
-0.043609
-0.055694
-0.030701
0.000800
-0.024333
-0.062832
-0.064024
-0.066650
-0.076100
-0.052147
-0.015472
0.006297
0.014450
0.019033
0.018812
-0.002956
-0.012881
0.002831
0.004337
0.006166
0.017701
0.026237
0.023354
0.010985
0.022722
0.041826
0.035371
0.030353
0.035821
0.034636
0.041257
0.039603
0.028635
0.033416
0.046796
0.052480
0.042506
0.039020
0.039126
0.038720
0.038274
0.035229
0.026178
0.019122
0.021259
0.023018
0.020904
0.016773
0.018860
0.017113
0.015082
0.016819
0.014644
0.012913
0.011919
0.010235
0.009829
0.010162
0.009482
0.008811
0.009547
0.007612
0.008346
0.008032
0.005426
0.007319
0.007575
0.005404
0.002988
0.006555
0.008215
0.002322
0.002115
0.003479
-0.000473
0.004782
0.009482
0.001996
0.005866
0.010362
0.006694
0.004932
-0.017560
-0.025765
-0.017350
-0.023854
0.000717
0.023238
0.021620
0.029045
0.017425
0.012156
0.000802
-0.014522
0.028870
0.054799
0.080560
0.118931
0.086457
0.036414
0.037336
0.053317
0.045822
0.031763
0.044522
0.046639
0.023516
0.026009
-0.008703
-0.043354
-0.021494
0.006499
0.024238
-0.013842
-0.021063
0.006537
0.010682
0.024904
0.000757
-0.026669
-0.014398
-0.014947
-0.018252
-0.019778
-0.035095
-0.027651
-0.026754
-0.038689
-0.050889
-0.064027
-0.047392
-0.029925
-0.038758
-0.049683
-0.050727
-0.044429
-0.037507
-0.031895
-0.024520
-0.018404
-0.020075
-0.019295
-0.013196
-0.008267
-0.006440
-0.010545
-0.012704
-0.013446
-0.014117
-0.013414
-0.010673
-0.008794
-0.010446
-0.010725
-0.010197
-0.009537
-0.009847
-0.010037
-0.009294
-0.011228
-0.009179
-0.009199
-0.009089
-0.009665
-0.010708
-0.010833
-0.012800
-0.008484
-0.007762
-0.007809
-0.005246
-0.005373
-0.007929
-0.012571
-0.013639
-0.011506
-0.009500
-0.003675
0.004062
0.004463
-0.002242
0.008267
0.016680
0.014644
0.022376
0.003880
-0.004305
0.005368
0.012490
0.022468
0.015530
0.026432
0.044658
0.035796
0.002753
-0.039321
-0.050230
-0.023553
-0.008694
-0.019454
-0.030105
-0.027181
-0.017900
-0.035037
-0.075312
-0.115314
-0.127298
-0.094022
-0.078587
-0.084063
-0.071430
-0.047095
-0.013764
0.003358
-0.016204
-0.024594
-0.023338
-0.013217
0.010895
0.012419
0.021111
0.035669
0.047976
0.074905
0.074246
0.055341
0.056305
0.068543
0.080362
0.077878
0.062082
0.041831
0.025559
0.024086
0.025190
0.016299
0.014738
0.016197
0.017066
0.016973
0.011049
0.006790
0.002478
0.003362
0.009150
0.009362
0.011400
0.013862
0.011635
0.009427
0.007878
0.006585
0.005400
0.004237
0.001603
0.001103
0.002192
0.001726
0.001286
0.000509
-0.000323
0.000030
0.001010
0.002526
0.001671
0.001564
0.002987
0.003857
0.004319
0.005713
0.008578
0.012208
0.010687
0.001274
0.000417
0.000130
0.000895
0.006143
0.006524
0.001034
-0.004309
0.001820
-0.000113
-0.000124
0.014618
0.015830
0.008991
0.011699
0.009793
-0.004098
-0.020442
0.003511
0.035983
0.023402
0.018486
0.003961
-0.039833
-0.035827
-0.018029
-0.030975
-0.000332
0.006921
-0.010693
0.001342
-0.003680
-0.002780
-0.019436
-0.014420
0.007464
0.011837
0.034657
0.030326
-0.012089
-0.012632
0.045938
0.057750
0.029120
0.028329
0.055940
0.086575
0.096413
0.070774
0.037710
0.032906
0.028913
0.021330
0.002323
-0.018699
-0.014324
0.000216
0.000233
-0.003685
0.002584
0.003880
0.000322
-0.008795
-0.014781
-0.017135
-0.021503
-0.023747
-0.029395
-0.032596
-0.027614
-0.022333
-0.025020
-0.024114
-0.018091
-0.019319
-0.019169
-0.019687
-0.023545
-0.026914
-0.028737
-0.027208
-0.028150
-0.024500
-0.022874
-0.022785
-0.019975
-0.019838
-0.017688
-0.018876
-0.019645
-0.019652
-0.018137
-0.018996
-0.020968
-0.016768
-0.015729
-0.015067
-0.016798
-0.016322
-0.017525
-0.019997
-0.012418
-0.012413
-0.022232
-0.021382
-0.029737
-0.041806
-0.033566
-0.020346
-0.012376
-0.018655
-0.010654
-0.008473
-0.024609
-0.024127
-0.030769
-0.048918
-0.039322
-0.008178
0.013934
-0.013774
-0.040959
0.005608
0.030535
0.014468
0.020273
0.012205
0.015501
0.088492
0.128955
0.090070
0.075663
0.110678
0.137698
0.103564
0.059556
0.040989
0.011893
0.011006
-0.008726
-0.077685
-0.106892
-0.067714
-0.037199
-0.040706
-0.039567
-0.035317
-0.026646
-0.014843
-0.008319
-0.003468
0.006713
0.009620
0.022723
0.040571
0.036239
0.030612
0.033049
0.031095
0.027063
0.025165
0.019929
0.009050
-0.006309
-0.014235
-0.011679
-0.019118
-0.020872
-0.013976
-0.015760
-0.018041
-0.015174
-0.015723
-0.017708
-0.016979
-0.021909
-0.020716
-0.017819
-0.018631
-0.019718
-0.020444
-0.017956
-0.015984
-0.015029
-0.015975
-0.016993
-0.015571
-0.016466
-0.015728
-0.015350
-0.017741
-0.017002
-0.015120
-0.014816
-0.017162
-0.017625
-0.015726
-0.012960
-0.011610
-0.014117
-0.017084
-0.009940
-0.004021
-0.012746
-0.021677
-0.025635
-0.016558
-0.006660
-0.005584
-0.001522
-0.015199
-0.019212
0.005969
-0.010852
-0.020784
-0.007811
-0.003734
0.023742
0.029652
0.009713
-0.019503
-0.020396
0.016397
0.008448
-0.003667
0.005169
0.015092
0.064576
0.096358
0.059235
0.023027
0.032936
0.066606
0.071529
0.033630
0.038951
0.055752
0.052097
0.037583
-0.024861
-0.078501
-0.073878
-0.032240
-0.002242
-0.020516
-0.049749
-0.034219
-0.025527
-0.036881
-0.024714
-0.027887
-0.036081
-0.021436
-0.008074
-0.025315
-0.054782
-0.067681
-0.065685
-0.055875
-0.047132
-0.042531
-0.047372
-0.043028
-0.033617
-0.028754
-0.022204
-0.018056
-0.015990
-0.016442
-0.009113
-0.000581
-0.001298
0.000070
0.003207
0.004658
0.004281
0.005118
0.006233
0.007038
0.007526
0.006303
0.007961
0.007080
0.004868
0.004541
0.004594
0.005407
0.005493
0.005614
0.004212
0.003519
0.003981
0.004152
0.002670
0.000139
-0.001534
-0.000803
0.004034
0.003075
-0.002969
-0.006194
-0.005724
-0.006730
-0.006225
-0.003174
-0.000594
0.007482
0.010920
0.004795
-0.001166
0.001927
0.013866
0.018879
0.024689
0.026923
0.008172
0.000895
0.011168
0.007772
0.009233
0.029785
0.051556
0.047859
0.048392
0.051163
0.022794
0.039426
0.078005
0.072077
0.052057
0.040068
0.015489
-0.031506
-0.017610
-0.005872
-0.055967
-0.041363
0.009053
-0.006773
-0.031273
-0.019350
-0.025169
-0.037135
-0.013877
0.015989
-0.013325
-0.037415
-0.018765
-0.035950
-0.054289
-0.042089
-0.034970
-0.025376
-0.009637
0.000702
0.007189
0.017044
0.017029
0.004766
-0.004814
-0.001830
-0.001993
-0.010543
-0.014699
-0.012016
-0.008363
-0.009744
-0.007796
-0.004453
-0.001821
-0.002495
-0.002760
-0.001345
-0.004090
-0.006285
-0.006898
-0.007503
-0.009365
-0.009627
-0.005323
-0.005089
-0.002139
-0.000533
-0.002011
-0.002736
-0.004274
-0.004651
-0.006290
-0.005619
-0.005504
-0.005000
-0.004379
-0.004448
-0.004043
-0.004821
-0.003957
-0.003281
-0.002368
0.000164
0.000638
-0.000397
-0.002079
-0.003312
-0.005562
-0.005288
-0.002922
-0.002575
-0.003409
-0.002784
-0.001812
-0.005295
-0.007479
-0.005862
-0.004704
-0.002459
-0.000237
-0.000376
-0.002238
-0.001469
0.000417
0.000042
0.001580
0.003049
0.002307
0.002465
0.002696
0.002458
0.000719
0.001228
0.001886
0.000886
0.001057
0.001535
0.001711
0.001415
0.001709
0.001499
0.001902
0.001816
0.002062
0.002205
0.002453
0.002406
0.002153
0.001813
0.001740
0.001452
0.001495
0.001339
0.001454
0.001499
0.001423
0.001305
0.001356
0.001280
0.001144
0.000962
0.000897
0.000801
0.000797
0.000785
0.000761
0.000741
0.000655
0.000612
0.000616
0.000595
0.000620
0.000683
0.000700
0.000643
0.000678
0.000693
0.000709
0.000778
0.000784
0.000744
0.000727
0.000734
0.000694
0.000674
0.000645
0.000592
0.000530
0.000513
0.000454
0.000370
0.000302
0.000206
0.000113
0.000076
0.000018
-0.000045
0.000017
0.000010
-0.000051
-0.000102
-0.000091
-0.000142
-0.000086
0.093262
-0.153845
-0.020565
0.191852
0.000223
-0.101975
-0.022367
0.099877
0.004977
-0.000317
0.234416
0.192880
0.001326
-0.297005
-0.214523
-0.060741
0.032676
0.051861
0.210758
-0.039721
0.040524
0.283181
-0.355642
-0.138207
-0.254548
-0.343152
0.498229
0.279020
-0.401193
0.186980
0.517921
-0.782204
-0.996028
-0.096802
0.768952
0.079737
-1.081289
0.360194
0.527263
-0.296909
-0.183605
-0.048062
0.247778
-0.060833
-0.435878
0.091673
0.513412
0.523675
0.059096
-0.075167
0.271858
0.083407
-0.067047
0.163095
0.480996
0.016345
-0.339008
-0.132056
-0.029232
-0.027384
-0.120841
0.102399
0.214459
0.068377
-0.012521
-0.027855
-0.009200
0.009772
-0.007103
-0.042770
-0.019620
-0.010818
0.035171
0.008430
-0.026151
0.006818
0.027663
0.017416
-0.006189
-0.007011
0.010581
0.020387
-0.007740
0.004968
-0.000169
-0.003070
0.010477
0.002617
0.011804
-0.005475
-0.011965
0.030483
-0.026330
-0.032084
0.005373
0.006575
0.031348
-0.042090
-0.058837
0.043637
0.002456
-0.030504
0.019313
0.073240
0.142702
-0.117731
-0.066509
0.064340
-0.021733
-0.036523
-0.065758
0.211252
0.276209
-0.260272
-0.244649
0.336566
0.319905
-0.436921
-0.034907
0.436495
-0.054015
0.188282
0.020653
0.025875
-0.111154
-0.564710
-0.114163
-0.395912
0.016965
1.064009
0.339945
-0.933575
-0.193278
0.697224
-0.263921
-0.862885
-0.224752
0.467749
-0.049415
-0.499185
0.583869
0.725166
0.058200
0.143020
0.061169
0.156983
-0.008775
0.197202
0.315353
-0.382272
-0.331070
0.138273
0.281681
-0.439462
-0.231802
0.232141
0.115941
0.159627
-0.054856
0.049053
-0.143379
-0.065253
0.008284
-0.139665
-0.015907
-0.012796
-0.000101
-0.121099
-0.082417
-0.003104
-0.003814
-0.052277
-0.103178
-0.047495
-0.020685
-0.002924
-0.029021
-0.039620
-0.036967
-0.023221
-0.035131
-0.027427
-0.004158
-0.003365
-0.020934
-0.029441
-0.018714
-0.027511
-0.034393
-0.023929
-0.003152
-0.018076
-0.032868
-0.007769
0.015530
0.046381
-0.065728
-0.047135
0.011296
-0.014087
0.028377
-0.046450
0.064925
0.036539
-0.168950
-0.012278
0.036007
-0.001435
-0.092064
-0.033971
0.269063
-0.073168
-0.158970
0.229608
0.278052
0.091905
-0.044181
0.331254
0.304401
-0.321432
-0.396475
0.146840
0.301793
-0.132753
-0.308890
-0.293781
-0.057989
-0.213799
-0.046777
0.242762
0.241477
0.326026
-0.838497
-0.315769
0.353308
-0.382604
-0.270923
-0.154054
0.159017
-0.824587
-0.460005
0.546516
0.420266
0.181500
-0.006855
0.443955
0.153312
0.114777
0.009767
0.268660
0.383207
0.049174
-0.209779
-0.386103
0.298107
0.425409
0.177943
0.099599
0.184497
0.051945
-0.202404
-0.071411
0.046339
0.010066
-0.058088
-0.031007
-0.111403
-0.081214
0.017616
0.035021
0.010006
-0.006651
-0.002676
-0.049462
-0.055605
-0.046657
-0.030897
-0.044472
-0.045481
-0.037611
-0.025370
-0.002869
0.005695
0.008255
0.001495
-0.019135
-0.032108
-0.028012
-0.012209
-0.027310
-0.036587
-0.020566
0.008128
-0.008924
-0.065582
0.065594
0.091078
-0.120641
-0.051857
0.104392
-0.068428
-0.046655
0.081389
0.008896
-0.035871
-0.071028
-0.038981
-0.006918
-0.130814
-0.018271
0.271757
-0.248973
-0.028370
0.288627
-0.560143
0.019618
0.306639
-0.113465
-0.439167
-0.381304
0.167755
0.250884
-0.100712
0.164611
0.699609
-0.216998
-0.604938
-0.317338
0.372911
0.151612
-0.389664
0.297323
-0.036850
-0.776601
-0.348437
0.185278
0.044946
-0.136407
0.130592
0.599925
0.197077
-0.584541
-0.056519
0.453825
-0.265117
-0.156664
0.114659
0.234479
0.144421
-0.266462
0.110907
0.103082
0.110588
0.195073
0.023450
0.051643
0.168311
0.009857
-0.022257
0.161192
0.089729
0.180659
0.062146
0.055800
0.073666
0.043806
0.160566
0.027399
-0.063274
-0.013805
0.048785
0.029387
0.031514
0.007482
0.025041
0.014926
-0.001424
0.040511
0.012130
0.002361
-0.002099
-0.013258
-0.008807
-0.003321
-0.007003
0.005780
0.001945
-0.008708
0.008959
0.003951
-0.004794
0.015953
-0.039924
0.002071
0.056194
-0.005300
-0.061655
0.002494
0.105944
-0.064759
-0.105808
0.090269
0.000818
-0.039305
0.093967
-0.060311
0.068546
0.112485
-0.215214
0.101105
-0.128847
-0.392581
0.219982
-0.139294
0.049021
0.614189
0.021432
-0.001899
-0.285747
-0.262902
0.235334
-0.378890
0.593233
0.714738
-0.004008
0.445548
-0.077636
-0.446072
-0.122176
0.440570
0.389661
-0.200797
0.016622
0.399690
-0.524257
-0.433597
0.201508
0.074330
0.303043
-0.533483
0.085218
0.132328
-0.401982
0.464573
-0.022988
0.156090
-0.303657
-0.546438
0.345908
0.035938
-0.251137
-0.056005
0.038185
0.023829
-0.395954
-0.436708
0.263329
0.195067
-0.219464
-0.197126
-0.147333
-0.048401
-0.023459
-0.108305
0.092543
0.035950
-0.128474
-0.024373
-0.021293
0.089733
0.043711
-0.058301
-0.000719
-0.038140
-0.050505
0.012815
0.013715
-0.000428
0.013166
-0.010653
0.008405
-0.004526
-0.014658
0.020451
-0.006422
-0.016115
0.003912
-0.029101
-0.010247
0.020670
0.003342
-0.001132
-0.024140
-0.025164
-0.048802
0.018393
0.078428
0.011393
0.006838
-0.026841
-0.055281
-0.078772
-0.063785
0.091967
0.062201
-0.061748
0.042788
0.076653
-0.117196
-0.007007
0.297135
-0.057527
0.130622
-0.163030
-0.334476
0.226588
0.046884
0.328347
0.050765
0.027224
0.215210
-0.149750
-0.238949
-0.425428
-0.034911
0.277163
-0.034733
-0.182508
0.040235
0.248831
-0.073167
-0.599312
-0.536113
-0.015628
-0.261349
-0.356385
-0.030576
0.006153
0.254193
0.051749
-0.136076
0.296982
-0.024635
-0.169759
0.014106
-0.172123
0.175651
0.064772
0.202326
0.499733
0.001507
0.109589
0.151412
0.122846
0.348588
0.212582
0.155205
0.001295
-0.071795
0.095332
-0.004507
-0.050060
0.068608
-0.018893
0.027340
0.079179
-0.008025
-0.034750
-0.092047
-0.049845
0.027930
0.008261
0.005269
0.034538
0.007242
0.011744
-0.009040
-0.018685
0.012038
-0.021921
-0.021137
-0.007313
-0.003724
0.009742
-0.000169
-0.011698
-0.004139
0.001812
0.008310
-0.002759
-0.006798
0.025664
-0.004641
-0.032765
0.002836
0.022394
0.001605
-0.028802
0.026315
0.053879
0.074669
-0.198555
-0.098090
0.105087
-0.039021
0.033629
0.070003
0.070437
-0.222491
-0.103017
0.049565
0.045315
0.386087
0.118009
-0.265101
-0.145739
0.001498
0.140880
-0.149644
0.070053
0.818691
-0.145289
-0.623644
0.111203
-0.099850
-0.239553
0.117347
-0.294196
0.539284
0.637152
-1.042373
-0.140783
0.298723
0.357427
-0.288660
-0.457301
0.666828
-0.072362
-0.140402
-0.128920
0.221127
0.108550
-0.132002
0.093019
0.002387
0.395887
0.355138
0.314170
-0.126179
-0.179911
0.217831
0.196768
-0.160936
-0.352594
-0.067541
0.074812
-0.035789
-0.047533
0.069605
0.034582
0.061720
-0.024054
-0.066716
-0.060337
-0.030649
-0.077036
-0.187708
-0.088643
-0.038842
-0.029670
-0.074525
-0.052757
-0.019938
-0.012677
-0.009279
-0.035900
-0.047062
-0.066171
-0.058994
-0.061887
-0.047788
-0.025509
-0.019687
-0.021187
-0.016693
-0.018235
-0.015669
-0.027226
-0.032260
-0.024016
-0.043189
-0.039242
-0.006179
-0.025994
-0.047909
-0.012631
0.022640
0.020263
-0.079940
-0.029409
0.029674
-0.123152
0.016345
0.142236
-0.138669
-0.113227
-0.039624
-0.318088
-0.012541
0.199909
0.339879
-0.086482
-0.245707
0.125038
-0.286735
-0.097022
0.156156
-0.005761
-0.127395
-0.226898
0.334053
0.280387
-0.700367
0.253614
0.782824
-0.516298
-0.459674
0.505033
0.319024
0.398247
0.513972
-0.179436
0.330598
0.502977
0.186764
-0.112736
-0.216091
0.534350
-0.203294
-0.798698
-0.466884
-0.082495
0.152048
-0.290690
-0.024939
0.026919
-0.047792
0.016836
0.042722
-0.018404
-0.173470
0.023591
0.195826
0.171719
-0.081193
0.114027
0.203050
-0.064526
-0.052353
0.230950
0.155677
-0.104858
-0.117011
-0.004563
0.057830
-0.163873
-0.051187
0.066490
-0.005660
-0.022039
-0.041449
0.011340
-0.032968
-0.079331
-0.081131
-0.037058
-0.059938
-0.060101
-0.060173
-0.060022
-0.023129
-0.040185
-0.021964
-0.006753
-0.014001
-0.027073
-0.021019
-0.017356
-0.008777
-0.018588
-0.021447
-0.010451
-0.036192
-0.000950
0.002433
-0.006420
-0.039642
-0.013762
0.028797
0.011994
0.009950
-0.094668
0.036604
0.164483
-0.126100
-0.188134
-0.085917
0.087632
0.131998
-0.149427
0.160866
0.119491
-0.558727
0.093437
0.061458
-0.135182
0.420283
-0.195789
0.074925
0.120780
-0.116070
-0.091083
-0.305767
0.573104
-0.109540
-0.478960
0.422005
0.208725
0.473767
0.344178
-0.210698
-0.104523
0.099673
0.020398
0.344307
0.056005
0.210696
0.662353
-0.600081
-0.770300
-0.111658
0.201078
-0.059300
-0.397004
0.182669
0.268323
-0.337926
-0.219599
0.182555
-0.251982
-0.104395
0.108496
0.170785
0.066136
-0.419734
-0.302902
-0.151490
-0.056689
-0.055036
-0.104497
-0.093384
-0.006557
-0.080833
-0.058550
0.112421
0.011912
-0.019751
-0.024369
0.025069
0.088452
0.016908
0.009073
0.050234
0.005234
0.021990
0.025788
0.003250
0.040256
0.030933
0.031113
0.024864
0.011932
0.025183
0.032242
0.022404
0.016222
0.021532
0.021978
0.024314
0.007895
-0.005337
0.018719
-0.000458
0.002112
0.023823
-0.016600
-0.023014
-0.013634
0.051774
0.071437
-0.046534
-0.085761
0.012823
-0.033936
-0.071410
0.087387
0.093961
0.104058
-0.021177
-0.183708
-0.049887
0.048436
0.236148
0.079786
-0.026922
0.192001
-0.232902
-0.455012
0.156694
0.348023
0.097385
-0.015537
0.273074
0.086323
-0.263951
0.355040
0.012951
0.083028
0.618872
-0.068677
-0.145838
0.010742
0.174062
-0.809273
-0.545746
0.956711
-0.234281
-0.452364
0.369911
0.217303
-0.484941
-0.395760
0.395859
0.419778
-0.231690
-0.316583
0.167026
-0.083278
-0.126282
-0.310597
-0.259412
0.196110
-0.040511
-0.069598
0.094940
0.224850
0.178105
-0.103955
-0.087760
0.111968
0.038249
-0.108076
-0.048229
-0.031587
-0.022874
-0.038507
-0.027282
0.040593
0.015646
-0.003249
0.016628
-0.015493
-0.006086
0.002150
-0.025171
-0.020888
-0.035381
-0.027219
0.006694
-0.001682
0.008455
0.023141
0.002622
-0.004154
-0.011623
-0.014839
-0.005903
-0.013502
-0.012485
0.005714
0.008561
0.009967
0.001012
0.005253
0.003707
-0.013975
0.005347
0.016348
-0.011398
0.024846
0.034777
-0.033959
-0.046722
-0.005922
-0.021478
-0.033832
0.032727
0.016297
-0.024330
-0.035170
-0.026574
-0.023066
-0.033613
0.013222
0.023232
-0.008411
-0.014458
-0.005387
0.004336
0.013473
0.013157
0.013262
0.011891
0.007060
0.012262
0.009155
0.006673
0.010021
0.007619
0.007799
0.009494
0.009106
0.012220
0.011593
0.012394
0.012465
0.007414
0.008799
0.005642
0.005223
0.008593
0.006718
0.004778
-0.001960
-0.000776
-0.000835
-0.001615
-0.000514
-0.003416
0.000268
0.001778
0.001090
0.004080
0.003667
0.002777
-0.002735
-0.000813
0.001728
-0.001903
-0.001355
-0.000035
-0.000351
-0.001630
-0.000015
-0.000161
0.002824
0.002370
0.002933
0.002555
0.002392
0.001821
0.000653
-0.000413
0.000390
-0.000447
-0.000391
-0.000819
0.000104
0.000303
0.000551
0.000376
0.000328
0.000138
-0.000211
-0.000131
0.000277
0.000125
0.000035
-0.000127
-0.000066
0.000081
0.000459
0.000798
0.000585
0.000271
0.000098
0.000118
0.000329
0.000387
0.000355
0.000165
-0.000118
-0.000168
-0.000056
0.000038
0.000013
-0.000047
-0.000277
-0.000414
-0.000391
-0.000244
-0.000185
-0.000246
-0.000390
-0.000666
-0.000739
-0.000708
-0.000701
-0.000716
-0.000830
-0.000908
-0.000674
-0.000571
-0.000578
-0.000661
-0.000509
-0.000597
-0.000338