0.422841
0.466880
0.493455
0.503458
0.499011
0.482828
0.457623
0.425778
0.389313
0.350112
0.310240
0.272151
0.238630
0.212434
0.195728
0.189494
0.193143
0.204480
0.220083
0.235988
0.248473
0.254723
0.253164
0.243418
0.225934
0.201479
0.170700
0.133946
0.091382
0.043360
-0.009163
-0.064331
-0.119406
-0.171112
-0.216243
-0.252318
-0.278072
-0.293614
-0.300202
-0.299708
-0.293980
-0.284328
-0.271296
-0.254810
-0.234593
-0.210697
-0.183910
-0.155880
-0.128893
-0.105381
-0.087346
-0.075910
-0.071155
-0.072316
-0.078239
-0.087919
-0.100909
-0.117432
-0.138143
-0.163638
-0.193887
-0.227831
-0.263291
-0.297272
-0.326548
-0.348359
-0.360972
-0.363948
-0.358022
-0.344690
-0.325665
-0.302424
-0.276004
-0.247112
-0.216471
-0.185226
-0.155197
-0.128841
-0.108860
-0.097578
-0.096260
-0.104625
-0.120717
-0.141193
-0.161948
-0.178874
-0.188530
-0.188528
-0.177564
-0.155157
-0.121252
-0.075912
-0.019228
0.048476
0.126246
0.212076
0.302674
0.393571
0.479602
0.555670
0.617566
0.662626
0.690030
0.700668
0.696662
0.680723
0.655568
0.623578
0.586772
0.547035
0.506434
0.467422
0.432784
0.405280
0.387076
0.379156
0.380930
0.390208
0.403568
0.417049
0.426932
0.430403
0.425892
0.413024
0.392250
0.364341
0.329947
0.289421
0.242932
0.190835
0.134092
0.074562
0.014989
-0.041349
-0.091240
-0.132198
-0.162953
-0.183610
-0.195422
-0.200255
-0.199952
-0.195817
-0.188391
-0.177592
-0.163139
-0.145077
-0.124188
-0.102116
-0.081139
-0.063685
-0.051749
-0.046447
-0.047855
-0.055202
-0.067328
-0.083222
-0.102430
-0.125170
-0.152090
-0.183780
-0.220205
-0.260298
-0.301876
-0.341937
-0.377248
-0.405044
-0.423587
-0.432431
-0.432304
-0.424699
-0.411322
-0.393645
-0.372698
-0.349183
-0.323820
-0.297746
-0.272777
-0.251365
-0.236207
-0.229623
-0.232872
-0.245669
-0.266054
-0.290679
-0.315436
-0.336213
-0.349565
-0.353099
-0.345510
-0.326311
-0.295446
-0.252973
-0.198982
-0.133793
-0.058359
0.025318
0.113947
0.203061
0.287498
0.362160
0.596124
0.542593
0.487258
0.431935
0.378222
0.328285
0.285177
0.252523
0.233604
0.230198
0.241602
0.264272
0.292266
0.318429
0.335947
0.339794
0.327618
0.299805
0.258774
0.207809
0.149886
0.086944
0.019826
-0.051137
-0.125194
-0.200333
-0.272940
-0.338156
-0.390867
-0.427000
-0.444652
-0.444640
-0.430251
-0.406259
-0.377548
-0.347824
-0.318853
-0.290470
-0.261314
-0.229973
-0.196072
-0.160893
-0.127258
-0.098757
-0.078603
-0.068574
-0.068458
-0.076222
-0.088840
-0.103472
-0.118528
-0.134197
-0.152239
-0.175089
-0.204618
-0.241018
-0.282240
-0.324224
-0.361844
-0.390264
-0.406214
-0.408745
-0.399230
-0.380639
-0.356401
-0.329297
-0.300809
-0.271148
-0.239918
-0.207100
-0.173916
-0.143167
-0.118844
-0.105087
-0.104829
-0.118623
-0.144059
-0.176026
-0.207746
-0.232252
-0.243821
-0.238918
-0.216390
-0.176940
-0.122165
-0.053613
0.027750
0.121437
0.226746
0.341801
0.462768
0.583634
0.696767
0.794143
0.868919
0.916823
0.936946
0.931675
0.905810
0.865213
0.815436
0.760795
0.704137
0.647274
0.591811
0.539912
0.494633
0.459601
0.438101
0.431911
0.440333
0.459824
0.484447
0.507048
0.520818
0.520735
0.504450
0.472354
0.426870
0.371286
0.308583
0.240704
0.168496
0.092297
0.012864
-0.067789
-0.146040
-0.217025
-0.275626
-0.317762
-0.341524
-0.347725
-0.339644
-0.322049
-0.299819
-0.276652
-0.254308
-0.232616
-0.210209
-0.185666
-0.158608
-0.130308
-0.103582
-0.082014
-0.068810
-0.065740
-0.072586
-0.087308
-0.106873
-0.128434
-0.150394
-0.172937
-0.197814
-0.227453
-0.263720
-0.306800
-0.354637
-0.403164
-0.447250
-0.482052
-0.504292
-0.513017
-0.509592
-0.496984
-0.478613
-0.457256
-0.434388
-0.410216
-0.384337
-0.356728
-0.328605
-0.302764
-0.283193
-0.274024
-0.278188
-0.296233
-0.325745
-0.361608
-0.397041
-0.425074
-0.439979
-0.438218
-0.418637
-0.381932
-0.329701
-0.263489
-0.184257
-0.092493
0.011104
0.124660
0.244342
0.364140
0.476420
0.573162
0.647520
0.695226
0.715370
0.710337
0.684930
0.645008