-0.007442
-0.008979
-0.007564
-0.004102
-0.002855
-0.000857
0.002654
-0.001393
-0.002750
0.000339
-0.005258
-0.008561
-0.005067
-0.006514
-0.004998
-0.002430
0.008116
-0.005257
-0.016451
0.017900
0.003128
-0.015609
0.003920
-0.006889
-0.015873
0.009640
0.035223
0.013379
0.021980
0.041125
-0.007306
-0.028964
-0.026898
-0.035268
-0.022295
-0.006687
-0.001376
0.069906
0.041073
-0.015784
0.011119
-0.087231
-0.060084
0.040810
-0.044104
-0.046796
0.089396
0.011225
-0.085065
-0.011918
-0.116289
-0.153386
-0.043776
-0.043095
-0.083486
-0.031963
0.094551
0.020140
-0.072732
-0.005793
0.006840
-0.046110
-0.063725
0.036900
0.076815
0.015079
0.106469
0.108549
0.016547
0.053910
0.027702
-0.005558
0.018029
0.006130
-0.045797
-0.033234
0.005512
-0.015321
-0.013483
0.014169
0.041859
0.042434
0.028144
0.040998
0.045885
0.019335
0.015641
0.019662
0.010054
0.004226
0.005513
0.005696
0.002226
0.001337
0.002363
0.007160
0.006671
0.005360
0.003748
-0.000241
-0.004520
-0.003639
-0.002166
-0.002338
0.000591
0.004692
0.000971
0.005604
0.008890
0.003960
0.006644
0.004821
0.007118
0.009819
-0.000768
-0.000421
0.003971
-0.000264
0.005725
0.006103
0.014731
0.016395
0.006817
0.014227
-0.004263
-0.004482
-0.000436
-0.008996
0.026958
0.022995
-0.002750
0.022624
0.037873
0.003280
0.002106
0.036438
-0.036033
0.026550
0.125827
-0.015852
-0.018901
0.023524
-0.046892
-0.099465
-0.100828
-0.006851
0.017305
-0.008799
0.043899
0.095922
0.007757
-0.045047
-0.006381
-0.134311
-0.168837
0.026116
0.050083
-0.041875
0.054150
0.203462
0.148228
0.078687
0.096365
0.038573
0.013850
-0.009858
0.010526
0.004505
-0.078135
-0.040897
0.005913
-0.006460
-0.058015
0.000188
0.063397
0.009844
0.016298
0.062601
0.051340
-0.016504
0.001391
0.010603
-0.043965
-0.025535
-0.006448
-0.029573
-0.028943
-0.008760
-0.005953
-0.013350
-0.019546
-0.019863
-0.022799
-0.029965
-0.031916
-0.026025
-0.026590
-0.028498
-0.018956
-0.018269
-0.017263
-0.014228
-0.017848
-0.018170
-0.016708
-0.015672
-0.013558
-0.010892
-0.013720
-0.012480
-0.009453
-0.006062
-0.007096
-0.017617
-0.014011
-0.017088
-0.012685
-0.007669
-0.014251
-0.002563
-0.012894
-0.009935
0.000197
-0.019977
-0.017926
-0.017524
-0.001140
0.004816
-0.009462
0.024545
0.020427
0.025342
0.063453
0.060602
0.051668
0.030074
0.018554
-0.004148
-0.028178
-0.015346
-0.016945
-0.069094
-0.092599
-0.040348
-0.025610
-0.036826
-0.045017
0.031767
0.028006
-0.041003
0.046335
-0.064360
-0.122962
-0.043642
-0.088880
-0.135232
-0.118668
-0.037789
-0.107052
-0.004232
0.134506
0.031120
0.039740
0.142396
0.124203
0.027612
0.045838
0.047392
0.012510
-0.024367
-0.020560
0.003068
-0.006553
0.034859
0.066893
0.056551
0.046723
0.066442
0.035196
-0.008848
0.012703
0.016284
-0.023351
-0.006383
0.025504
0.002433
0.007726
0.028580
0.020921
0.009409
0.010968
0.012841
0.000790
-0.007379
-0.012091
-0.018657
-0.023309
-0.024579
-0.019222
-0.019144
-0.016364
-0.013932
-0.014468
-0.014683
-0.009907
-0.008521
-0.014051
-0.013151
-0.011824
-0.008932
-0.012004
-0.006614
0.008686
-0.002099
-0.005715
0.012726
-0.006992
-0.016335
0.015944
-0.005274
-0.023289
0.010028
-0.001544
-0.028305
-0.014580
-0.015474
-0.012723
-0.012091
-0.027300
0.028241
-0.037327
-0.066968
0.045964
-0.030457
-0.086233
-0.040821
-0.061694
-0.088626
0.002195
0.030010
-0.012012
0.035412
0.049888
0.008716
-0.030169
-0.055251
-0.092587
-0.015210
-0.038647
-0.122737
-0.027709
-0.057675
-0.147778
-0.048493
0.008284
-0.035370
0.023667
0.082570
0.050920
0.026625
0.000831
-0.006361
0.006140
-0.070586
-0.034400
0.049611
0.011500
-0.026380
0.028044
0.074880
0.007461
0.024030
0.059099
0.019185
0.023079
0.049571
0.026594
0.025754
0.041320
0.050041
0.059193
0.038946
0.048969
0.041453
0.023274
0.038064
0.029801
0.015041
0.027739
0.030758
0.021739
0.024135
0.025297
0.019698
0.016162
0.020410
0.021278
0.017571
0.019449
0.014116
0.010795
0.010396
0.009229
0.010438
0.009177
0.010634
0.010691
0.011980
0.007576
0.003738
0.010893
0.008619
0.000164
0.003347
0.012208
0.004479
-0.004493
0.011307
-0.001761
-0.012277
0.028052
0.012851
-0.015322
0.033959
0.012311
-0.011565
0.021474
-0.049225
-0.041768
-0.006778
-0.057950
0.033048
0.066748
0.013868
0.060089
0.033921
0.001670
-0.030432
-0.004396
0.055568
0.003276
0.149633
0.177572
0.027758
0.053786
0.061521
0.023373
-0.020801
0.014425
0.047637
-0.038076
0.021556
0.103727
-0.084570
-0.046185
0.055707
-0.041738
0.022064
-0.005033
0.032523
0.048670
0.008676
0.091126
-0.012356
-0.029203
-0.008172
-0.040460
-0.004224
-0.063512
-0.059361
-0.014276
-0.047445
-0.036147
-0.053363
-0.050279
-0.017728
-0.066799
-0.061025
-0.030191
-0.041337
-0.041999
-0.030000
-0.011284
-0.006680
-0.026062
-0.017029
-0.006321
-0.021759
-0.010468
-0.015926
-0.022617
-0.014329
-0.025075
-0.022257
-0.014454
-0.021783
-0.020287
-0.016949
-0.012368
-0.009196
-0.009667
-0.008416
-0.008462
-0.009842
-0.011589
-0.005546
-0.004745
-0.005547
-0.006783
-0.009748
-0.014927
-0.011850
-0.000222
-0.006471
-0.004698
0.002960
-0.010681
-0.013879
-0.015216
-0.019131
-0.015323
-0.017862
-0.003392
0.009820
-0.001948
-0.002236
0.033238
0.011981
0.004993
0.048726
-0.039152
-0.028413
0.025078
0.000782
0.027776
0.024604
0.048729
0.041163
0.045829
-0.008428
-0.100137
-0.048312
-0.040589
-0.040111
-0.004893
-0.027477
0.001076
0.025344
-0.045865
-0.099211
-0.141590
-0.157122
-0.101438
-0.101918
-0.083616
0.007048
0.009729
0.028241
0.069794
0.010475
-0.023902
-0.046148
-0.051564
-0.020806
-0.015896
0.021332
0.022740
0.065434
0.102508
0.041274
0.062603
0.051338
0.027137
0.056390
0.042558
0.050211
0.027215
0.003934
0.038355
0.011524
-0.003284
0.026188
0.012185
0.017443
0.039623
0.037996
0.029641
0.029724
0.033127
0.021802
0.019448
0.023405
0.013558
0.009736
0.007748
0.002716
0.006643
0.003455
-0.004623
-0.001388
-0.005271
-0.008456
-0.005032
-0.006068
-0.002206
0.000183
0.000389
0.006933
0.007783
0.002533
0.004907
0.003994
0.001615
0.003121
0.008497
0.009877
0.017942
0.013439
-0.010793
0.005646
-0.005034
-0.007535
0.017275
0.001517
-0.015669
-0.001663
0.016221
-0.026214
0.014137
0.060960
-0.008667
0.007684
0.038964
-0.007206
-0.015019
-0.014884
0.027428
0.037792
0.006518
0.059650
-0.016907
-0.100488
0.011569
-0.025119
-0.124036
0.068952
0.037275
-0.075311
0.066119
0.032476
-0.021676
-0.008410
0.018714
-0.080265
0.017553
0.144574
-0.082420
-0.020220
0.074523
0.013158
0.030212
0.039117
0.048576
0.076900
0.093240
0.088402
0.084918
0.024311
-0.000901
0.017578
-0.021272
-0.063654
-0.035233
-0.016922
-0.010766
0.007183
0.031740
0.057258
0.034465
0.015361
0.014324
-0.000204
-0.032781
-0.025842
-0.023982
-0.050343
-0.026302
-0.010040
-0.024533
-0.021031
-0.013096
-0.019663
-0.024342
-0.019905
-0.021969
-0.026819
-0.029275
-0.032713
-0.032980
-0.033067
-0.029931
-0.027131
-0.025793
-0.022055
-0.018377
-0.015632
-0.016761
-0.018158
-0.017558
-0.017572
-0.020625
-0.019675
-0.018565
-0.017339
-0.016663
-0.018443
-0.012764
-0.025294
-0.022869
0.001061
-0.023051
-0.036926
-0.006631
-0.053327
-0.072155
-0.008028
-0.010316
-0.016363
-0.003237
0.021846
-0.027459
-0.035244
0.021125
-0.069721
-0.086047
-0.024761
-0.014532
0.020170
-0.028307
-0.027116
0.068242
-0.009970
-0.002069
0.083903
-0.047732
-0.036713
0.232334
0.141686
-0.027907
0.190934
0.178479
0.033631
0.103090
0.080712
-0.084653
-0.056734
0.010587
-0.152934
-0.129388
-0.059086
-0.090255
-0.005229
-0.003667
0.022088
0.066180
0.011307
0.022653
0.063165
0.018855
0.003516
0.043574
0.028694
0.025361
0.033224
0.016404
0.010797
0.001462
-0.025650
0.009888
0.000710
-0.051963
-0.022892
-0.010749
-0.041839
-0.035609
0.003811
-0.011369
-0.013912
0.004620
0.002038
0.004300
-0.002439
-0.007205
-0.001468
-0.010177
-0.016796
-0.008855
-0.015189
-0.021584
-0.016587
-0.016627
-0.017749
-0.016317
-0.020284
-0.021458
-0.021734
-0.024841
-0.026183
-0.025517
-0.024300
-0.018543
-0.017116
-0.016407
-0.016213
-0.011368
-0.009499
-0.007716
-0.011647
-0.019204
0.006350
0.000001
-0.023907
-0.021344
-0.032999
-0.017367
-0.000990
-0.004752
0.006377
-0.042700
-0.014114
0.033848
-0.071409
-0.006749
0.027622
-0.053120
0.044715
0.058153
-0.006244
-0.055504
0.013039
0.026971
-0.080843
0.053658
0.003247
-0.037395
0.195586
0.120982
-0.001977
0.068562
0.048814
0.022980
0.065283
0.017039
0.023474
0.055685
0.021638
0.007519
-0.052190
-0.115599
-0.104111
-0.011481
-0.031730
-0.047376
0.051893
0.014228
-0.044884
0.043046
0.042980
-0.061484
-0.026271
0.003858
-0.024419
-0.057786
-0.070991
-0.058040
-0.095899
-0.088859
-0.044971
-0.044683
-0.052439
-0.033424
-0.025135
-0.018741
-0.005483
-0.011033
-0.014951
-0.009787
-0.005138
-0.010448
-0.014101
-0.007837
-0.007266
-0.008807
0.000318
0.005216
0.004208
0.003885
0.001237
0.003036
0.002928
0.003187
0.006633
0.005070
0.006039
0.006436
0.005935
0.005000
0.003810
0.005518
0.003518
0.007760
0.007103
0.001547
0.001409
0.002086
0.007981
0.004422
-0.004471
-0.004142
-0.006452
-0.015118
-0.004142
-0.000797
-0.005315
0.020773
0.013483
-0.006952
-0.000467
0.013758
0.020034
0.008027
0.035405
0.022735
-0.030335
0.006139
0.013223
-0.026274
0.018640
0.059095
0.040037
0.032309
0.111647
0.066176
-0.043538
0.117531
0.105964
-0.014546
0.080854
0.065567
-0.068784
-0.095711
0.046707
-0.080467
-0.160811
0.094606
0.002302
-0.087055
0.099029
0.059262
-0.097694
0.007432
0.095185
-0.037847
-0.065249
0.033191
-0.013239
-0.113459
-0.056023
-0.038410
-0.055905
-0.028484
-0.008134
0.032284
0.035127
0.030134
0.030838
-0.004893
-0.010992
-0.010044
-0.041720
-0.039064
-0.027392
-0.031802
-0.022243
-0.008487
0.003558
0.008951
0.006065
0.008616
0.009393
0.002398
-0.005797
-0.003970
-0.004287
-0.009842
-0.009560
-0.005286
-0.004471
-0.007482
-0.004281
-0.003846
-0.003710
-0.002542
-0.002108
-0.004362
-0.005539
-0.005135
-0.007106
-0.008475
-0.005769
-0.004155
-0.007191
-0.004770
-0.000243
-0.004806
-0.003100
0.004964
0.000478
-0.002945
0.000560
-0.005850
-0.013798
-0.002725
-0.002209
-0.011921
-0.001833
0.000757
-0.010017
-0.008048
-0.003261
-0.010026
-0.009941
0.000845
0.001558
-0.001301
0.002727
0.003953
0.002216
0.002239
0.002775
0.002993
0.000835
-0.000139
0.001466
-0.000406
-0.001423
0.000065
-0.000602
0.000335
0.002294
0.002139
0.001904
0.002072
0.001720
0.001655
0.002396
0.003193
0.003071
0.002539
0.002223
0.001676
0.001436
0.001208
0.001187
0.001702
0.002000
0.002165
0.002317
0.002222
0.001880
0.001398
0.001010
0.000793
0.000650
0.000590
0.000593
0.000656
0.000765
0.000868
0.000836
0.000886
0.000973
0.000926
0.000818
0.000792
0.000760
0.000729
0.000788
0.000877
0.000906
0.000846
0.000796
0.000670
0.000597
0.000581
0.000602
0.000596
0.000583
0.000572
0.000529
0.000510
0.000507
0.000475
0.000415
0.000411
0.000368
0.000288
0.000274
0.000320
0.000330
0.000363
0.000376
0.000278
0.000189
0.000138
0.000064
0.000039
0.000063
0.000048
0.000055
0.000062
0.000019
-0.000052
-0.000108
-0.000121
-0.000118
-0.000079
-0.000022
0.022468
0.020915
0.043342
0.039319
-0.080808
0.014295
0.061468
-0.001210
-0.011497
-0.072488
0.006817
0.123689
0.077479
0.042355
0.194765
0.083660
-0.215129
-0.189083
-0.167671
-0.106957
0.041039
0.158142
0.043487
0.281960
0.187064
-0.236288
-0.100181
-0.506104
-0.323960
0.464897
0.112889
-0.192584
0.396111
0.154275
-0.350490
-0.350759
-0.968339
0.024826
0.564805
-0.582167
-0.012909
0.572628
0.178042
-0.033389
-0.236521
-0.150044
0.127464
-0.284736
-0.166318
0.532462
0.328622
0.216796
0.429263
0.048104
-0.033102
-0.020672
-0.219671
0.193243
0.216298
-0.180325
-0.139219
0.008719
-0.017537
-0.115226
0.010420
0.136346
0.184578
0.045646
0.027860
0.054355
-0.006856
-0.024237
-0.013766
-0.001030
-0.045862
-0.026214
-0.005911
-0.011475
-0.039652
-0.028101
-0.007173
0.012596
0.001728
0.004580
0.031442
0.029237
0.014972
0.002244
-0.001296
0.012202
0.007820
0.006431
-0.009527
0.001882
0.020573
-0.010338
-0.017550
-0.016137
0.003503
0.033653
-0.021724
-0.053638
0.015306
-0.001484
0.004354
0.009592
0.046334
0.108904
-0.011275
-0.034320
-0.026119
-0.013430
-0.023758
-0.072850
0.148177
0.223508
-0.075701
-0.137111
0.151404
0.160420
-0.131115
-0.039322
-0.065101
0.230847
0.442847
-0.229549
0.005714
0.012952
-0.536284
-0.221464
-0.276110
-0.202239
0.638335
0.552067
-0.245871
0.042323
0.067522
-0.176930
-0.334343
-0.944609
-0.099018
0.670316
-0.095819
0.137281
0.658752
0.347927
0.302726
0.185652
-0.138682
-0.267862
-0.056288
0.151696
0.162432
-0.238621
-0.237022
0.207873
-0.107805
-0.161343
-0.155858
0.077945
0.297211
0.014481
0.095022
0.124595
0.007776
-0.107816
-0.011890
-0.168232
-0.159444
0.057233
-0.125195
-0.108229
-0.053910
-0.034054
-0.018112
-0.020203
-0.076743
-0.058153
0.010999
-0.021052
-0.008012
-0.024067
-0.019816
-0.007177
-0.011019
-0.027466
-0.011370
-0.009200
-0.033688
-0.023003
-0.027984
-0.030219
-0.021021
0.002505
-0.012194
-0.018849
-0.013674
0.009744
0.032914
-0.053708
-0.041689
-0.025671
0.004578
0.034091
-0.034260
0.036756
0.018589
-0.059414
-0.011464
-0.032140
-0.025800
-0.067817
-0.015744
0.146339
0.038966
-0.035368
0.050815
0.212716
0.226402
0.063263
0.133744
0.192244
-0.072579
-0.344633
-0.097668
0.128591
-0.012328
-0.271220
-0.359125
-0.001916
-0.037537
-0.058987
-0.001313
0.244052
0.310576
-0.310820
-0.061276
-0.232914
-0.398559
-0.157552
-0.246387
-0.067420
-0.274153
-0.326981
-0.181235
0.663835
0.470539
-0.097605
0.368822
0.352817
0.187587
-0.065749
0.121372
0.087713
0.124359
-0.034152
-0.290744
0.036368
0.116056
0.242663
0.202501
0.183317
0.082181
0.015577
-0.108594
-0.116551
0.058912
-0.041838
-0.007514
0.039322
-0.030444
-0.097002
0.025943
0.027152
-0.056834
-0.038463
-0.035307
-0.030817
-0.042936
-0.034347
-0.043544
-0.032216
-0.035722
-0.053034
-0.030043
-0.023714
0.000257
0.000927
-0.003816
-0.009277
-0.003199
-0.001224
-0.020228
-0.014690
-0.020298
0.007028
-0.007466
-0.034790
0.039343
0.037950
-0.049000
-0.009440
-0.007737
-0.041083
0.045686
-0.024955
-0.027873
0.088495
-0.066541
-0.096205
0.046485
-0.138474
-0.059110
0.192776
-0.157825
0.083669
0.049261
-0.368148
0.153183
0.014540
-0.184826
-0.084788
-0.422331
-0.191586
0.567173
-0.000110
-0.089301
0.633857
0.001519
-0.246452
-0.255611
-0.287743
-0.066318
0.029448
-0.015945
0.015588
-0.133170
-0.536358
-0.222714
0.137864
0.006539
-0.047655
0.496950
0.514188
-0.221801
-0.094718
0.081986
-0.169628
-0.052657
-0.235150
0.048452
0.425951
-0.097989
-0.106989
0.220015
0.077429
0.020627
0.197140
-0.033540
0.067027
0.160209
0.042124
0.136638
0.061602
0.094559
0.124970
0.110971
0.019513
0.016294
0.010397
0.052478
0.042013
-0.057495
0.015571
0.045719
0.032117
0.005258
0.031578
0.028628
-0.009004
0.005903
0.011261
0.016833
0.012983
0.016003
-0.005901
-0.006368
-0.008307
-0.006230
0.007091
-0.015012
0.001782
-0.001838
0.005992
0.006804
-0.027580
0.008137
0.031773
-0.001777
-0.026594
0.008749
0.042698
-0.006733
-0.024818
-0.021576
-0.010839
0.079958
0.025222
-0.078876
0.133592
0.032966
-0.137489
0.133493
-0.245457
-0.293822
0.141956
-0.212831
0.174212
0.527760
-0.022533
0.214483
-0.072672
-0.417217
0.040070
-0.172326
0.112842
0.541885
0.545568
0.451857
0.053346
-0.356424
-0.243575
0.023440
0.053831
0.150231
-0.077488
0.098566
0.211894
-0.125330
-0.430318
-0.026617
0.214050
-0.363794
0.245722
0.036332
-0.170159
0.258944
0.089272
0.247370
-0.186852
-0.461781
-0.122160
0.097991
-0.158759
-0.173034
-0.013058
0.000459
-0.023681
-0.358252
-0.123097
0.140351
-0.084145
-0.116208
-0.076795
-0.050394
0.009372
-0.089921
0.002891
0.131215
-0.054117
-0.040335
0.000815
-0.040582
-0.006386
0.011953
-0.022245
0.004897
-0.053768
-0.067402
0.032445
0.010967
-0.009116
-0.007650
0.007827
0.016735
-0.002067
0.004326
0.017160
0.003827
-0.002924
-0.020453
-0.003264
0.005547
-0.006272
-0.009129
-0.018563
-0.041991
-0.040697
0.012288
0.019350
0.027301
0.027429
-0.037818
-0.026107
-0.052169
-0.087293
0.014682
0.030109
0.010171
0.064227
0.059144
-0.058309
0.058359
0.085181
0.000581
0.216294
-0.267894
-0.217107
0.159146
-0.026043
0.256806
0.155346
0.000695
0.179534
0.162162
-0.343686
-0.524774
-0.186183
-0.005847
0.254279
0.039017
-0.100298
0.191875
0.158361
-0.346218
-0.595933
-0.445882
-0.400238
-0.097746
-0.016395
0.013781
0.378099
0.175066
0.054160
0.316607
-0.154868
-0.298329
-0.111169
-0.233995
0.133119
0.221889
0.134993
0.379681
0.285560
0.117113
0.092786
0.047550
0.005508
0.138741
0.176456
0.171198
0.124523
-0.024094
-0.005840
-0.001742
-0.049302
-0.035980
0.008098
-0.012209
0.025368
0.070565
0.003632
-0.013666
0.036341
-0.003405
-0.022319
0.037617
-0.000813
-0.018082
-0.007096
-0.050761
-0.020439
-0.002721
-0.034240
-0.023181
-0.004988
-0.014369
0.006449
0.002057
-0.008748
0.013387
0.014209
0.009904
0.018590
0.023236
-0.000728
-0.001430
-0.010373
0.003525
0.005713
-0.004730
0.006713
0.058636
0.061755
-0.138378
-0.063703
-0.012627
-0.009032
0.080688
0.008469
-0.006925
-0.036738
-0.032390
-0.109357
0.108998
0.272422
0.009944
0.017753
-0.032787
-0.138106
0.071839
-0.110620
-0.048965
0.510469
0.168408
-0.167323
-0.175328
-0.390397
0.001938
0.018066
-0.513219
0.656843
0.484492
-0.635718
0.247570
-0.078019
-0.066872
0.218024
-0.435319
-0.239452
0.664779
0.167610
-0.537828
0.339782
-0.110210
-0.046268
0.312608
-0.110083
0.102444
0.313060
0.388086
0.202854
0.040995
-0.237834
0.014584
0.012711
-0.326443
-0.195362
-0.040554
0.049761
0.061968
0.072707
0.085114
0.175722
0.017215
-0.079941
-0.085706
-0.110705
-0.078656
-0.075674
-0.112208
-0.111822
0.008629
-0.040321
-0.066075
-0.050575
-0.059522
-0.043433
-0.018832
-0.017753
-0.049270
-0.017954
-0.025170
-0.037631
-0.035488
-0.035514
-0.023637
-0.027377
-0.028028
-0.023048
-0.018491
-0.013579
-0.010074
-0.025184
-0.028968
-0.012335
-0.027100
-0.031304
-0.022500
-0.002705
0.015664
-0.042712
-0.029489
-0.019653
-0.066169
0.030165
0.033422
-0.089501
-0.003362
-0.152343
-0.251438
0.049459
0.046496
0.197573
0.128058
-0.094620
-0.082483
-0.064735
-0.065634
-0.211565
-0.078813
-0.008772
-0.057758
0.310140
0.181137
-0.398514
0.080783
0.362568
-0.036162
-0.043556
-0.255916
0.028332
1.091162
0.378189
-0.303799
0.686844
0.103394
0.003776
0.475023
-0.541884
-0.369377
0.276369
-0.407658
-0.711593
-0.016000
-0.234732
-0.138996
0.349288
-0.045959
0.135807
0.162655
-0.097455
0.072250
0.045999
-0.139883
0.138415
0.238780
-0.129799
0.086921
0.140454
-0.083070
-0.066916
-0.068920
-0.041811
0.110719
-0.053427
-0.139605
0.134772
-0.048963
-0.081780
0.086082
0.053079
-0.019475
0.021861
-0.003691
-0.011562
0.002897
-0.102675
-0.042431
-0.043719
-0.079191
-0.060853
-0.051985
-0.058597
-0.053626
-0.039689
-0.026237
-0.006809
-0.026794
-0.020169
-0.006255
-0.003433
-0.009803
-0.022713
-0.010687
-0.013370
-0.003436
-0.004011
-0.001473
-0.029499
-0.016691
0.010071
0.018209
-0.002248
-0.088164
0.037138
0.096237
-0.056926
-0.124721
-0.157903
0.020197
0.166355
-0.036355
0.056425
-0.010264
-0.225424
0.102283
-0.180360
-0.031828
0.247969
-0.227578
0.270580
0.299423
-0.230540
-0.218414
-0.079056
0.061899
0.021033
0.085984
-0.218453
0.167720
0.849384
0.313584
-0.163730
-0.028525
-0.139333
-0.071888
0.519862
-0.131575
-0.065875
0.663049
-0.134001
-0.366321
-0.327412
-0.548655
-0.133055
0.111806
-0.096360
0.342799
0.193146
-0.370662
0.084296
0.051411
-0.159563
-0.136574
0.026784
0.071238
-0.123604
-0.242013
-0.182464
-0.166518
-0.268783
-0.077857
-0.048191
0.020944
0.006968
-0.067081
0.071940
0.098713
0.064340
0.006431
0.003261
0.031203
0.039686
-0.000423
0.028597
0.021307
-0.038945
0.001593
0.015816
0.017922
0.016280
0.017686
0.029791
0.034519
0.016938
0.028252
0.034931
0.018839
0.028887
0.022312
0.023272
0.011545
-0.011099
0.005742
0.002221
0.007434
0.008605
-0.018838
-0.020537
-0.012215
0.027360
0.044516
-0.027771
-0.071847
-0.019268
-0.034115
-0.020668
0.029939
0.029876
0.148903
0.049693
-0.123709
-0.061710
0.002010
0.118948
0.101129
0.062186
0.077779
-0.135712
-0.215349
-0.042026
0.052392
0.175008
0.143380
0.143705
0.191631
0.156526
0.007499
-0.213876
0.333168
0.319986
-0.025222
0.207429
-0.109075
-0.251072
-0.394209
-0.219178
-0.074117
-0.034891
0.203930
-0.124130
0.197814
0.323357
-0.380814
-0.360591
0.524606
0.105070
-0.443840
0.176305
-0.004905
-0.211255
-0.230594
-0.295738
-0.073782
0.044006
-0.030459
0.056839
0.264269
0.171993
0.130473
-0.044030
-0.055292
0.001760
-0.119972
-0.086332
-0.022683
-0.038151
-0.036796
0.005851
0.034241
0.023547
-0.017779
0.010206
0.034608
-0.008655
-0.007999
0.003014
0.010601
-0.006893
-0.035731
-0.015150
-0.007462
-0.016474
-0.014390
0.000520
-0.006707
-0.000978
-0.009988
-0.002861
0.001265
-0.005322
0.001710
0.002099
0.002185
0.000799
-0.004733
-0.010481
-0.006033
0.004005
0.003057
0.003266
0.028167
0.020449
-0.004858
-0.022288
-0.036895
-0.040489
-0.004993
0.000213
-0.011986
0.022153
-0.020384
-0.042943
-0.004467
-0.029508
-0.032106
0.019665
0.024680
0.000408
0.015955
0.008223
0.000051
0.010718
0.003194
0.006702
0.005809
0.002852
0.005367
0.008401
0.007220
0.008719
0.009999
0.007682
0.012661
0.016300
0.015720
0.014179
0.009157
0.004897
0.005725
0.005194
0.004085
0.002206
0.003276
0.002229
-0.000912
-0.002527
-0.004528
-0.002181
-0.000036
-0.000175
0.002326
0.002250
0.001633
-0.001855
0.000167
0.001465
-0.001844
-0.001570
-0.000641
0.000079
-0.000024
0.001828
0.001555
0.003109
0.002347
0.002387
0.002101
0.001970
0.001190
0.000468
-0.000461
0.000074
-0.000182
0.000369
0.000321
0.000982
0.000854
0.000772
0.000438
0.000412
0.000375
0.000091
-0.000193
0.000034
-0.000078
0.000059
0.000260
0.000247
0.000069
0.000020
0.000113
0.000083
0.000389
0.000677
0.000867
0.000786
0.000428
0.000196
0.000016
0.000018
0.000132
0.000184
0.000133
0.000123
0.000175
0.000086
0.000011
-0.000233
-0.000385
-0.000414
-0.000458
-0.000466
-0.000512
-0.000588
-0.000681
-0.000789
-0.000884
-0.000910
-0.000912
-0.000655
-0.000571
-0.000586
-0.000617
-0.000480
-0.000484
-0.000254