-0.015761
-0.017851
-0.015074
-0.013242
-0.007570
-0.003481
-0.004010
-0.003579
-0.000240
-0.001127
-0.005469
-0.003948
-0.010989
-0.012511
-0.010282
-0.007316
0.000286
-0.006662
0.007173
-0.002891
-0.029035
0.003974
0.016587
-0.014267
-0.018121
-0.003445
0.015017
0.006853
0.006868
0.033514
0.044381
0.007779
-0.034811
-0.044179
-0.035807
-0.031185
-0.005255
0.019981
0.009450
0.075112
0.035843
-0.044045
-0.034093
-0.097339
-0.043267
0.073741
-0.035877
-0.053449
0.113671
0.061099
-0.122926
-0.185745
-0.100655
0.062422
-0.082241
-0.168008
0.057451
0.063146
-0.011883
-0.021464
-0.051217
0.028157
-0.002904
-0.091653
-0.003024
0.072188
0.086809
0.056151
0.067532
0.084570
0.033418
-0.007494
0.030344
0.051434
-0.009871
-0.059579
-0.042581
-0.025038
-0.028014
-0.026478
0.002320
0.038855
0.040025
0.022654
0.006455
0.005762
0.010728
0.006660
0.014291
0.020491
0.024459
0.033419
0.023808
0.014351
0.006896
0.007142
0.005726
0.003098
-0.000054
0.000734
0.000607
0.000118
-0.000772
-0.001667
0.003398
0.005915
0.005298
0.002239
-0.001517
0.003938
0.006226
-0.002238
0.003136
0.007940
0.014003
0.013435
-0.003430
-0.001469
0.011058
-0.000225
0.001639
0.007186
0.027351
0.029868
-0.003916
0.004977
0.008650
-0.007412
-0.014842
-0.008005
0.051623
0.040795
-0.038924
-0.002258
0.076759
0.020147
-0.062462
0.012878
0.042257
0.048746
0.057979
-0.008521
0.017417
-0.022743
-0.080405
-0.069681
-0.139412
-0.004856
0.176527
0.018782
-0.075332
0.072953
0.075862
-0.082600
-0.185794
-0.107098
0.045139
-0.003923
-0.052355
0.097088
0.141987
0.142603
0.140591
0.056155
0.016823
0.003701
0.047809
0.039190
-0.061315
-0.070797
0.018934
0.023591
-0.044662
-0.029985
-0.004633
0.015077
0.014160
-0.003377
0.000093
-0.002706
0.001648
0.004977
-0.001930
0.007058
0.022768
0.012200
-0.008443
-0.016349
-0.009071
-0.007665
-0.014263
-0.020295
-0.021320
-0.011330
-0.016200
-0.021629
-0.020573
-0.024096
-0.024077
-0.019773
-0.014986
-0.013682
-0.014349
-0.014091
-0.013354
-0.013247
-0.014330
-0.016274
-0.014225
-0.011457
-0.014540
-0.015953
-0.011667
-0.003782
-0.005209
-0.019128
-0.013841
-0.008427
-0.005356
-0.009014
-0.017778
0.003454
-0.008588
-0.026396
-0.007749
-0.015423
-0.020928
-0.029697
0.002312
0.029457
-0.025185
-0.012176
0.048698
0.060801
0.036806
0.029663
0.078889
0.055953
-0.044545
-0.052968
0.012263
0.006612
-0.048734
-0.087854
-0.059202
-0.019774
-0.060498
-0.050886
-0.019109
0.068244
0.039304
-0.103120
-0.021717
-0.038784
-0.114164
-0.077054
-0.035564
-0.055870
-0.151195
-0.087617
0.050159
0.078867
0.032647
0.050554
0.096770
0.108033
0.052547
0.006109
0.033329
0.061297
0.043822
-0.038966
-0.041859
0.035585
0.047318
0.030498
0.043799
0.044944
0.018235
-0.012780
-0.030381
-0.022003
-0.013181
-0.005232
0.004392
0.006437
0.017159
0.024400
0.026254
0.023707
0.018094
0.013370
0.008555
0.001866
-0.001230
-0.007792
-0.006750
-0.006782
-0.007638
-0.005359
-0.004130
-0.006843
-0.010591
-0.009994
-0.015217
-0.013315
-0.012098
-0.008945
-0.010122
-0.010234
-0.006165
-0.003680
-0.010014
-0.010141
0.012773
0.003426
-0.019139
0.004607
0.006877
-0.011164
0.003063
0.004176
0.001738
0.000258
-0.015627
-0.012996
-0.016044
-0.042859
0.004785
0.008379
-0.056821
0.026904
-0.017748
-0.087177
0.021371
0.000249
-0.066847
-0.090818
-0.087689
0.014060
0.025925
-0.062813
0.061015
0.113961
-0.000924
-0.067308
-0.074078
-0.022970
-0.052916
-0.058103
0.021198
-0.048530
-0.134889
-0.081455
-0.045408
-0.045392
-0.059305
0.014767
0.118171
0.036068
-0.059174
0.028618
0.018864
-0.049582
-0.027450
-0.013782
0.056251
0.041350
-0.026778
0.013775
0.023634
0.023215
0.034620
-0.001936
0.013407
0.038127
0.007636
0.014728
0.017002
0.026870
0.056259
0.050388
0.050610
0.033479
0.032129
0.038103
0.018490
0.009256
0.014828
0.014978
0.024970
0.028075
0.023429
0.026835
0.019056
0.018195
0.018060
0.016262
0.020276
0.018633
0.015015
0.019665
0.015844
0.015610
0.015917
0.013074
0.013414
0.013460
0.009774
0.011452
0.009811
0.001627
0.012290
0.016382
0.007566
0.003651
0.019793
0.023010
-0.006162
-0.002614
0.013083
0.000645
0.013810
0.008764
-0.003654
0.037931
0.008977
-0.012960
0.017571
-0.066010
-0.044165
0.011733
-0.050982
0.056129
0.095994
0.025226
0.058343
-0.029455
-0.012441
-0.008307
-0.070659
0.108603
0.124690
0.111105
0.166295
0.023692
-0.036953
0.029883
0.044238
0.023815
-0.039547
0.043092
0.085438
-0.044667
-0.035790
-0.044683
0.007673
0.031929
-0.044901
0.048140
-0.019367
-0.020799
0.077621
0.033361
0.056817
-0.034642
-0.058163
0.075777
-0.006442
-0.062967
-0.022765
-0.019637
0.011736
-0.074542
-0.084130
0.007469
-0.019471
-0.045629
-0.045019
-0.058485
-0.027772
-0.040962
-0.046197
0.002588
-0.002026
-0.011322
-0.007077
-0.014234
-0.001133
-0.007449
-0.021472
-0.011641
-0.021808
-0.023387
-0.013465
-0.019774
-0.014624
-0.018158
-0.020886
-0.012703
-0.017569
-0.013630
-0.014742
-0.019035
-0.015299
-0.015259
-0.017241
-0.008162
-0.006608
-0.007882
-0.008389
-0.013157
-0.015542
-0.018926
-0.005343
0.000019
-0.004839
-0.001288
-0.006564
-0.012457
-0.023889
-0.025645
-0.002618
-0.009897
-0.009400
0.013067
0.004208
-0.020100
0.023814
0.026767
0.007651
0.025649
-0.057907
-0.025388
0.025771
0.010742
0.045041
0.018427
0.046981
0.083249
-0.002867
-0.083387
-0.109197
-0.040587
0.020395
-0.029980
-0.049944
0.008288
0.060313
0.001561
-0.134493
-0.143329
-0.106099
-0.128743
-0.094248
-0.076110
-0.033883
0.047340
0.020984
0.039301
0.070997
-0.030160
-0.033945
-0.037812
-0.047000
0.010320
-0.016687
0.039642
0.100127
0.061506
0.083667
0.046643
0.014958
0.043451
0.024411
0.027450
0.007394
-0.006340
0.017301
0.003274
0.016756
0.023297
0.000876
0.016726
0.012809
0.005772
0.008795
-0.003973
0.008308
0.024705
0.024306
0.038415
0.039589
0.030709
0.026423
0.011637
0.009973
0.011714
0.003608
0.003105
0.005533
0.004783
0.006092
0.002002
-0.001337
-0.001826
-0.002266
-0.000136
-0.002546
0.001465
0.008101
0.001822
0.004295
0.009636
0.012784
0.009824
0.008415
0.013914
0.027397
0.009127
-0.028064
-0.000014
0.008641
-0.001335
0.007410
0.014973
0.003921
-0.014589
-0.008159
-0.009888
0.020836
0.062850
0.017649
-0.008847
0.004655
0.003662
-0.004732
-0.059812
0.050208
0.137379
-0.018768
-0.040634
-0.001215
-0.067848
-0.020140
-0.056380
-0.084464
0.153585
0.033856
-0.112641
0.033441
0.032564
0.030390
-0.075739
-0.066703
0.092234
0.057653
-0.025393
-0.018365
0.018294
0.041064
0.052545
0.019514
0.007452
0.068585
0.128552
0.094273
0.031705
0.005446
0.029298
0.042392
-0.021616
-0.060706
-0.032688
-0.008384
-0.018481
-0.004138
0.013208
0.027431
0.036433
0.012752
-0.003835
-0.005304
-0.006724
-0.020102
-0.033963
-0.023714
-0.003401
0.000452
0.001059
-0.003138
-0.004326
-0.007051
-0.017575
-0.021535
-0.027430
-0.027711
-0.029758
-0.027701
-0.022134
-0.017699
-0.019007
-0.018180
-0.015880
-0.020124
-0.017924
-0.021596
-0.021748
-0.020232
-0.022203
-0.018450
-0.015011
-0.018449
-0.019253
-0.013471
-0.008490
-0.015739
-0.026600
-0.014629
-0.020459
-0.032577
-0.001636
-0.004519
-0.039780
-0.019495
-0.053049
-0.069909
-0.022648
0.006796
0.023768
-0.027918
-0.011600
0.005214
-0.052702
-0.044422
-0.037514
-0.048360
-0.029816
-0.013184
0.066710
-0.029168
-0.105776
0.105421
0.091749
-0.083724
-0.037389
0.018601
0.080146
0.191747
0.068714
0.021730
0.160513
0.147928
0.101703
-0.005789
-0.048267
0.056481
-0.038523
-0.148750
-0.132092
-0.091470
-0.066001
-0.038670
-0.005217
0.000302
0.011635
0.021323
0.008449
0.013190
0.009342
0.011796
0.073255
0.059195
0.043065
0.088605
0.070322
0.009722
0.011157
0.025373
0.006927
-0.020291
-0.044426
-0.028881
-0.027448
-0.052849
-0.029058
-0.009162
-0.011985
-0.008698
-0.012156
-0.004407
-0.003257
-0.016403
-0.015282
-0.006887
-0.002825
0.000552
-0.003597
-0.003448
-0.006366
-0.008168
-0.008880
-0.011233
-0.013227
-0.012345
-0.014224
-0.014129
-0.014473
-0.019548
-0.017871
-0.022133
-0.022149
-0.018592
-0.017819
-0.021507
-0.023580
-0.017097
-0.012263
-0.008706
-0.017931
-0.023537
0.013013
0.012900
-0.032607
-0.041374
-0.024093
0.013978
0.001979
-0.031023
0.027203
-0.017678
-0.055342
0.019416
-0.058409
-0.017352
0.030029
-0.028427
0.061678
0.026304
-0.039747
-0.046878
-0.015908
0.071487
-0.042071
-0.057731
0.043948
0.078922
0.162645
0.082617
-0.028169
0.038635
0.034347
0.050551
0.045803
-0.055404
0.100651
0.136277
-0.058430
-0.088839
-0.083295
-0.074176
-0.050766
-0.062437
0.013082
0.028987
-0.056985
-0.001219
0.027221
-0.022683
-0.013100
-0.011382
0.030120
0.024114
-0.042804
-0.056557
-0.062425
-0.061600
-0.046401
-0.047737
-0.025814
-0.023680
-0.053804
-0.036645
-0.020699
-0.024488
-0.019990
-0.020143
-0.008573
0.006328
-0.000477
-0.000807
-0.005631
-0.009447
-0.002429
-0.005569
-0.001758
-0.000569
-0.006118
-0.005769
-0.005545
-0.007223
-0.005514
-0.003862
-0.001767
0.002025
0.002446
0.004486
0.002644
-0.000447
-0.000720
0.000332
0.001458
0.003546
0.002579
-0.003755
-0.006361
-0.002689
0.007708
0.004118
-0.014307
-0.010190
0.001668
-0.011202
-0.008270
0.005724
0.016169
0.030482
0.001278
-0.019975
-0.006027
0.015632
0.034395
0.009880
0.021835
0.039457
-0.042508
-0.049738
0.021268
0.024698
0.019560
0.042683
0.087731
0.048641
0.031192
0.046589
-0.006588
0.089634
0.116378
0.016437
0.020238
0.037294
-0.016462
-0.149047
-0.048356
0.042987
-0.089242
-0.030267
0.080673
0.028131
-0.042982
-0.065511
0.026112
0.070299
-0.033005
-0.012164
0.015683
-0.006716
-0.014163
-0.086310
-0.059929
0.014218
-0.023615
-0.023000
0.022529
0.045755
0.035118
-0.005237
-0.012717
0.001344
-0.012794
-0.020711
-0.027813
-0.025795
-0.011881
-0.018700
-0.014150
0.001421
-0.002000
-0.002056
-0.000483
-0.007204
-0.007863
-0.013221
-0.012467
-0.009753
-0.008486
-0.002765
0.003758
0.002509
0.005069
0.001647
-0.002159
-0.004001
-0.011151
-0.009527
-0.008373
-0.008573
-0.007927
-0.006702
-0.004513
-0.005540
-0.007118
-0.006472
-0.006131
-0.005228
-0.001915
-0.002944
-0.002179
0.007533
0.003436
-0.005613
-0.006466
-0.006309
-0.010445
-0.008601
-0.003313
-0.005674
-0.006178
-0.006848
-0.006759
-0.008517
-0.010238
-0.002352
0.001770
-0.000111
0.000231
-0.001181
-0.000454
0.001513
0.001749
0.002461
0.003349
0.002467
0.001234
0.000659
-0.000084
-0.000485
-0.000655
0.000335
0.001218
0.002010
0.002452
0.001127
-0.000208
-0.000364
-0.000756
0.000038
0.001162
0.001668
0.002308
0.002531
0.002189
0.001750
0.001286
0.001013
0.001120
0.001272
0.001714
0.001876
0.001879
0.001773
0.001586
0.001362
0.001218
0.000918
0.000895
0.000817
0.000878
0.000846
0.000799
0.000777
0.000773
0.000836
0.000865
0.000829
0.000898
0.000816
0.000753
0.000780
0.000895
0.000983
0.001116
0.001198
0.001182
0.001126
0.000956
0.000806
0.000682
0.000579
0.000577
0.000591
0.000572
0.000527
0.000507
0.000465
0.000376
0.000337
0.000280
0.000331
0.000405
0.000501
0.000578
0.000559
0.000473
0.000367
0.000285
0.000219
0.000184
0.000170
0.000171
0.000151
0.000143
0.000107
0.000032
-0.000042
-0.000053
-0.000060
-0.000032
-0.003552
0.017957
0.003835
0.006257
0.055979
-0.058969
-0.033393
0.118158
0.015938
-0.088254
-0.000502
0.050133
-0.028375
0.015759
0.170894
0.097278
-0.020005
-0.081382
-0.055178
-0.029621
-0.038335
-0.085098
0.043898
-0.025662
-0.009025
0.240493
-0.036513
-0.106288
-0.103669
-0.274901
0.074410
0.225142
-0.255419
-0.060978
0.386103
-0.277164
-0.522909
0.111291
0.208392
-0.394906
-0.573493
0.255368
0.252742
-0.254800
0.005220
0.225169
0.070968
-0.207058
-0.224765
0.162873
0.213845
0.125147
0.044095
0.092916
0.397798
0.208651
-0.031735
0.195416
0.236111
-0.119944
-0.127774
0.039372
-0.011559
-0.115873
-0.099373
0.050110
0.076423
-0.035446
-0.020468
0.061806
0.026822
-0.024036
-0.041748
-0.024230
0.000318
-0.013958
0.003185
0.024029
0.007811
0.021338
0.028269
0.016755
0.006343
0.002373
0.013741
0.010792
-0.001620
0.007636
0.002506
-0.011001
-0.000124
-0.000347
-0.005375
-0.014360
-0.014360
0.015029
-0.002636
-0.017293
0.010121
0.008486
0.011640
-0.006429
-0.028319
0.013317
0.002192
-0.023277
0.016601
0.044034
0.064874
-0.040395
-0.016905
0.067758
-0.014192
-0.047454
-0.023311
0.083933
0.143266
-0.094339
-0.108176
0.209204
0.196944
-0.236411
-0.026861
0.299242
-0.115593
0.015609
0.272493
0.050132
-0.177148
-0.243232
-0.063250
-0.195522
-0.147954
0.334464
0.141500
-0.436455
0.009072
0.564463
-0.088156
-0.573321
-0.082327
0.051583
-0.408674
-0.211020
0.518243
0.341613
-0.105869
0.212050
0.448125
0.354384
-0.021142
-0.049374
0.141339
-0.141147
-0.152331
0.140142
0.076127
-0.305463
-0.097625
0.223274
0.031437
-0.100421
-0.018431
0.056665
-0.085058
-0.036007
0.024565
-0.090933
-0.053939
-0.028597
-0.073311
-0.048753
-0.022754
-0.031048
-0.013295
-0.033739
-0.049194
0.007954
0.005236
-0.029922
-0.034641
-0.032911
-0.029498
-0.032260
-0.038256
-0.034813
-0.019637
-0.016919
-0.023030
-0.009856
-0.007059
-0.015977
-0.023541
-0.015764
-0.002798
-0.012663
-0.023490
-0.011523
0.004204
0.022873
-0.024223
-0.032718
-0.003615
-0.021918
0.001031
-0.008480
0.015131
0.009966
-0.085256
-0.002619
0.055754
-0.024076
-0.086476
-0.037765
0.126583
-0.014639
-0.091662
0.145844
0.166918
0.029283
0.055611
0.263584
0.201134
-0.152007
-0.162479
0.139928
0.117955
-0.157288
-0.181289
-0.158100
-0.130164
-0.170387
-0.009890
0.116843
-0.029505
0.037224
-0.318605
-0.084929
0.315923
-0.290307
-0.463035
-0.084832
0.039179
-0.532196
-0.302323
0.309493
0.075244
-0.052614
0.243324
0.343586
0.123289
0.192751
0.208692
0.252154
0.171257
-0.037387
-0.067082
-0.003194
0.179439
0.152501
0.011805
0.091148
0.206617
0.087791
-0.056084
0.027479
0.039985
-0.125695
-0.127952
-0.045842
-0.082190
-0.073753
0.004900
-0.005313
-0.013785
0.006367
-0.008862
-0.013754
-0.011744
-0.021110
-0.030113
-0.025118
-0.022685
-0.026838
-0.014559
-0.008369
-0.010537
-0.009799
-0.008286
-0.015348
-0.020575
-0.013587
-0.008444
-0.016791
-0.025401
-0.016260
-0.006212
-0.012351
-0.036017
0.023474
0.050997
-0.064803
-0.038917
0.081529
-0.029455
-0.060795
0.070409
0.020090
-0.065782
-0.011593
0.016442
-0.031442
-0.071974
-0.038708
0.107389
-0.107078
-0.070937
0.185643
-0.241565
-0.127263
0.239255
-0.034689
-0.370611
-0.179386
0.051004
0.002832
-0.030844
0.148391
0.277744
-0.084331
-0.206014
0.000682
0.280651
-0.114070
-0.468137
0.141537
0.107802
-0.505863
-0.157302
0.166051
-0.160861
-0.219652
0.076647
0.285685
0.087344
-0.204031
0.075215
0.342006
-0.174372
-0.208316
0.132262
0.110750
-0.077838
-0.052855
0.206345
0.095643
0.030316
0.155471
0.090003
0.056883
0.094274
-0.039091
0.035092
0.146558
0.034010
0.056101
0.061809
0.075032
0.104364
0.060363
0.085248
0.019547
-0.042012
0.041472
0.047028
-0.006545
0.007155
0.010040
0.021447
0.026082
0.008598
0.015308
0.000302
-0.010752
-0.001564
-0.003886
0.000233
0.002432
-0.003794
0.007966
0.003385
-0.001360
0.010189
0.008398
-0.003713
0.010079
-0.009900
-0.003680
0.033938
0.008301
-0.031759
0.002884
0.063605
-0.025135
-0.059483
0.059583
0.002063
-0.064372
0.074743
0.017642
-0.012987
0.079155
-0.068656
0.018958
0.007858
-0.245991
0.000793
-0.011067
-0.080377
0.283162
0.137105
-0.039201
-0.043511
0.000138
0.110431
-0.220068
0.181060
0.337908
-0.063863
0.337651
0.334483
-0.117716
-0.017051
0.263884
0.162058
-0.173401
-0.054554
0.244507
-0.295678
-0.154169
0.345232
-0.092463
-0.140717
-0.243321
-0.001782
0.167283
-0.219324
0.050532
0.073275
0.040825
-0.049690
-0.206549
0.123297
0.007886
-0.254561
-0.004650
0.022663
-0.103498
-0.212812
-0.135956
0.188398
-0.007211
-0.275950
-0.091410
-0.019944
-0.065980
-0.074770
-0.096444
0.019908
-0.038584
-0.077313
0.042922
0.038035
0.031359
-0.011331
-0.034847
0.041320
0.007253
-0.045039
0.020025
0.007037
-0.017291
0.007466
-0.002236
0.004741
-0.005395
-0.018531
0.005635
-0.012246
-0.022807
-0.004024
-0.019919
-0.012813
0.007989
-0.001249
-0.007732
-0.011879
-0.014804
-0.032841
-0.004325
0.042168
0.004329
-0.007639
0.000551
-0.022792
-0.037911
-0.029156
0.018911
-0.005668
-0.063418
0.011993
0.072855
-0.037878
-0.020611
0.182170
-0.013725
0.017717
0.010974
-0.176456
0.035642
0.083614
0.118229
0.038711
0.040336
0.118939
0.017411
0.004141
-0.147379
-0.198930
-0.013189
-0.093100
-0.107300
0.090024
0.056953
-0.095890
-0.180950
-0.165126
-0.083540
-0.374746
-0.467681
-0.086372
-0.022138
-0.029928
0.009522
0.019338
0.251847
0.159960
-0.065738
-0.039154
-0.110847
-0.015802
0.036094
0.151165
0.277281
0.040788
0.162525
0.341228
0.208528
0.192893
0.085352
0.031276
0.065960
0.030785
0.101300
0.013427
-0.077186
0.051422
0.010756
-0.020598
0.026181
-0.054093
-0.066165
-0.029715
-0.015553
0.005115
-0.010621
-0.008069
0.016579
0.019441
0.020636
-0.003125
-0.003188
0.009292
-0.017148
-0.008330
0.010817
0.004531
0.008777
0.005728
-0.003240
0.003917
-0.002224
-0.003041
-0.006207
-0.015166
0.007171
0.000344
-0.016826
0.005101
0.015097
-0.006018
-0.016173
0.021312
0.032139
0.046889
-0.075831
-0.060658
0.061632
-0.019034
-0.020687
0.061449
0.032472
-0.148205
-0.042728
0.096916
0.003883
0.127817
0.115347
-0.148395
-0.043290
0.118895
0.065555
-0.102588
-0.013814
0.350806
-0.017271
-0.260700
0.207300
0.038970
-0.358585
0.017557
-0.060566
0.032795
0.301922
-0.393382
-0.161981
0.358507
0.202136
-0.343033
-0.165586
0.359794
-0.237262
-0.140119
0.302122
0.068516
-0.135450
-0.043949
0.099782
0.238304
0.189383
0.036254
0.178360
0.131294
0.083903
0.218645
0.091197
-0.170888
-0.162584
-0.016349
-0.009423
-0.125904
-0.086872
0.038362
0.031377
0.018461
0.041693
0.013653
-0.055032
-0.053278
-0.092513
-0.129876
-0.082641
-0.054866
-0.073924
-0.056617
-0.009242
-0.004063
0.003638
-0.006468
-0.029857
-0.036975
-0.038465
-0.041771
-0.043872
-0.036973
-0.034802
-0.030232
-0.023094
-0.017546
-0.018270
-0.019229
-0.026705
-0.025511
-0.015681
-0.020809
-0.025443
-0.012110
-0.018047
-0.033178
-0.010588
0.006769
-0.006687
-0.053582
-0.022788
0.017437
-0.070243
-0.023789
0.091042
-0.069664
-0.108025
0.010453
-0.165425
-0.100258
0.100435
0.144139
-0.092229
-0.107425
0.127397
-0.099294
-0.085026
0.131890
-0.090806
-0.248263
-0.123326
0.202144
0.246670
-0.340583
-0.003540
0.464784
-0.206922
-0.258393
0.447548
0.081650
-0.125489
0.512849
0.294252
0.066581
0.362441
0.290192
0.002604
0.154114
0.278529
-0.385456
-0.455775
-0.039516
-0.151120
-0.181788
-0.317224
-0.207110
0.089961
0.007418
-0.079501
0.066756
-0.048456
-0.155455
0.044177
0.121221
0.056504
-0.037824
0.088684
0.216933
0.098829
0.019511
0.178855
0.115416
-0.089191
-0.025046
0.084511
-0.015447
-0.127919
-0.036273
0.010389
-0.045251
-0.058613
-0.039390
-0.022467
-0.045620
-0.087783
-0.044200
-0.022290
-0.062932
-0.049281
-0.029916
-0.028757
-0.016020
-0.024798
-0.014130
-0.001134
-0.018194
-0.019803
-0.005859
-0.006152
-0.012088
-0.018983
-0.016847
-0.010665
-0.028181
-0.012293
-0.004122
-0.012294
-0.028002
-0.014433
0.009388
0.006385
0.004185
-0.044148
-0.004856
0.088822
-0.034276
-0.112462
-0.042120
0.002459
0.019952
-0.049289
0.075320
0.065110
-0.327516
0.011230
0.184519
-0.147000
0.072845
-0.044652
-0.065396
0.142900
0.116559
-0.057075
-0.228205
0.230831
-0.001433
-0.317073
0.301592
0.130536
-0.011322
0.419195
0.192187
-0.080656
0.089424
0.022297
0.179650
0.184114
0.047121
0.150174
-0.180376
-0.204356
0.110178
0.073663
-0.382102
-0.477773
0.123700
0.178351
-0.295207
-0.093942
0.125293
-0.193214
-0.046761
0.126429
0.006344
-0.109625
-0.240868
-0.084971
0.033970
-0.084370
-0.148214
-0.136239
-0.064025
0.009577
-0.055816
-0.021168
0.044133
-0.036503
-0.027980
0.035052
0.030024
0.016875
-0.016562
0.009976
0.054957
0.012924
0.017301
0.028942
0.021056
0.039476
0.029670
0.023275
0.032224
0.019652
0.017819
0.020845
0.006974
0.007158
0.007951
0.007784
0.008638
-0.000189
-0.000879
0.010775
0.000082
-0.000840
0.014394
-0.003523
-0.015034
-0.005686
0.025082
0.035133
-0.020200
-0.047944
0.003866
-0.017093
-0.053988
0.035687
0.042454
0.011712
0.003609
-0.038350
-0.013134
0.023978
0.096679
0.037440
-0.021348
0.112885
-0.062665
-0.242907
0.112057
0.202992
-0.069947
-0.061661
0.217819
0.123254
-0.097642
0.314263
0.131655
-0.134386
0.327481
0.151492
-0.106451
0.123493
0.165822
-0.507469
-0.357306
0.561347
-0.189598
-0.593381
0.306880
0.216510
-0.423215
-0.025033
0.339141
-0.018734
-0.270909
-0.049544
0.129597
-0.069798
-0.110158
-0.182188
-0.127927
0.065470
-0.117084
-0.093746
0.138862
0.107439
0.056652
0.025824
0.084856
0.121757
-0.031449
-0.093225
-0.016643
-0.039969
-0.065731
-0.045995
-0.020169
0.029980
0.006793
-0.001326
0.034630
0.010362
-0.005984
-0.010916
-0.021485
-0.016646
-0.032439
-0.027616
0.000577
-0.004480
-0.006067
0.011885
0.004618
0.000447
0.000370
-0.004605
-0.000754
-0.005571
-0.004540
-0.000911
-0.001028
0.002038
0.000274
-0.003338
-0.004112
-0.013193
-0.002297
0.009875
-0.009464
0.006610
0.025899
-0.010086
-0.021663
0.007042
-0.014030
-0.039927
0.005338
0.005316
-0.035967
-0.023584
-0.002582
-0.017352
-0.021619
0.002034
-0.004184
-0.019250
-0.004269
0.006695
0.009264
0.010636
0.004257
0.008144
0.013577
0.008529
0.008708
0.009524
0.005439
0.008529
0.010441
0.010097
0.012708
0.010888
0.013092
0.010993
0.007869
0.006582
0.002547
0.001599
0.001128
0.000026
-0.000054
-0.000683
-0.000115
-0.000092
-0.000985
0.001771
0.002376
0.000214
0.001806
0.002673
0.001453
-0.001656
0.001289
0.002729
-0.001686
-0.001648
-0.000498
-0.000333
-0.000802
0.000192
0.000724
0.002612
0.002385
0.002680
0.002205
0.002237
0.001567
0.000417
-0.000619
-0.000204
-0.000226
0.000080
0.000160
0.001063
0.001106
0.000898
0.000516
0.000458
0.000390
0.000228
0.000082
-0.000056
-0.000105
0.000014
0.000262
0.000573
0.000411
0.000168
0.000195
0.000361
0.000550
0.000678
0.000743
0.000622
0.000519
0.000529
0.000517
0.000410
0.000227
0.000221
0.000174
0.000057
0.000045
0.000143
0.000115
-0.000011
-0.000029
-0.000174
-0.000308
-0.000317
-0.000311
-0.000482
-0.000648
-0.000619
-0.000619
-0.000639
-0.000666
-0.000541
-0.000561
-0.000610
-0.000530
-0.000398
-0.000459
-0.000238