0.218307
0.402403
0.515481
0.520811
0.422469
0.263753
0.110623
0.026486
0.047958
0.170857
0.351789
0.524705
0.626121
0.619353
0.508524
0.336981
0.170735
0.073245
0.081179
0.190409
0.357595
0.516743
0.604421
0.584002
0.459660
0.274797
0.095477
-0.014790
-0.019285
0.077912
0.233509
0.381557
0.458670
0.428259
0.294541
0.100954
-0.086404
-0.203991
-0.215061
-0.123665
0.026926
0.170784
0.244538
0.211614
0.076238
-0.118146
-0.305437
-0.422092
-0.431369
-0.337326
-0.183245
-0.035068
0.043818
0.016818
-0.111866
-0.298815
-0.477958
-0.585784
-0.585586
-0.481460
-0.316726
-0.157370
-0.066823
-0.081725
-0.197921
-0.372043
-0.538070
-0.632543
-0.618807
-0.501012
-0.322533
-0.149408
-0.045123
-0.046373
-0.149057
-0.309860
-0.462812
-0.544509
-0.518343
-0.388515
-0.198447
-0.014222
0.100629
0.109369
0.016062
-0.136017
-0.280931
-0.355307
-0.322567
-0.186938
0.008136
0.196551
0.314760
0.326014
0.234365
0.083084
-0.061898
-0.137206
-0.106260
0.026723
0.218307
0.402403
0.515481
0.520811
0.422469
0.263753
0.110623
0.026486
0.047958
0.170857
0.351789
0.524705
0.626121
0.619353
0.508524
0.336981
0.170735
0.073245
0.081179
0.190409
0.357595
0.516743
0.604421
0.584002
0.459660
0.274797
0.095477
-0.014790
-0.019285
0.077912
0.233509
0.381557
0.458670
0.428259
0.294541
0.100954
-0.086404
-0.203991
-0.215061
-0.123665
0.026926
0.170784
0.244538
0.211614
0.076238
-0.118146
-0.305437
-0.422092
-0.431369
-0.337326
-0.183245
-0.035068
0.043818
0.016818
-0.111866
-0.298815
-0.477958
-0.585784
-0.585586
-0.481460
-0.316726
-0.157370
-0.066823
-0.081725
-0.197921
-0.372043
-0.538070
-0.632543
-0.618807
-0.501012
-0.322533
-0.149408
-0.045123
-0.046373
-0.149057
-0.309860
-0.462812
-0.544509
-0.518343
-0.388515
-0.198447
-0.014222
0.100629
0.109369
0.016062
-0.136017
-0.280931
-0.355307
-0.322567
-0.186938
0.008136
0.196551
0.314760
0.326014
0.234365
0.083084
-0.061898
-0.137206
-0.106260
0.026723
0.260994
0.089048
0.045387
0.150102
0.365952
0.612583
0.797210
0.850053
0.750987
0.537230
0.289128
0.099470
0.038058
0.125050
0.323276
0.552451
0.719859
0.755789
0.640182
0.410321
0.146616
-0.058082
-0.133913
-0.060661
0.124557
0.341510
0.497528
0.522945
0.397744
0.159245
-0.112107
-0.323430
-0.404839
-0.336096
-0.154299
0.060332
0.215138
0.240458
0.116274
-0.120095
-0.388216
-0.595219
-0.671235
-0.596048
-0.406780
-0.183683
-0.019446
0.016229
-0.096714
-0.321002
-0.576249
-0.769636
-0.831347
-0.741223
-0.536447
-0.297328
-0.116622
-0.064094
-0.159866
-0.366736
-0.604383
-0.780058
-0.824018
-0.716171
-0.493770
-0.237196
-0.039271
0.030170
-0.049061
-0.239827
-0.461871
-0.622506
-0.652047
-0.530460
-0.295052
-0.026254
0.183060
0.263015
0.193377
0.011249
-0.203149
-0.357158
-0.381121
-0.255025
-0.016195
0.254923
0.465450
0.545502
0.474847
0.290590
0.072961
-0.085369
-0.114725
0.004926
0.236286
0.498938
0.700034
0.769730
0.687835
0.491497
0.260994
0.089048
0.045387
0.150102
0.365952
0.612583
0.797210
0.850053
0.750987
0.537230
0.289128
0.099470
0.038058
0.125050
0.323276
0.552451
0.719859
0.755789
0.640182
0.410321
0.146616
-0.058082
-0.133913
-0.060661
0.124557
0.341510
0.497528
0.522945
0.397744
0.159245
-0.112107
-0.323430
-0.404839
-0.336096
-0.154299
0.060332
0.215138
0.240458
0.116274
-0.120095
-0.388216
-0.595219
-0.671235
-0.596048
-0.406780
-0.183683
-0.019446
0.016229
-0.096714
-0.321002
-0.576249
-0.769636
-0.831347
-0.741223
-0.536447
-0.297328
-0.116622
-0.064094
-0.159866
-0.366736
-0.604383
-0.780058
-0.824018
-0.716171
-0.493770
-0.237196
-0.039271
0.030170
-0.049061
-0.239827
-0.461871
-0.622506
-0.652047
-0.530460
-0.295052
-0.026254
0.183060
0.263015
0.193377
0.011249
-0.203149
-0.357158
-0.381121
-0.255025
-0.016195
0.254923
0.465450
0.545502
0.474847
0.290590
0.072961
-0.085369
-0.114725
0.004926
0.236286
0.498938
0.700034
0.769730
0.687835
0.491497