-0.235430
-0.239303
-0.243868
-0.247576
-0.248788
-0.245861
-0.237247
-0.221606
-0.197932
-0.165677
-0.124857
-0.076107
-0.020684
0.039615
0.102577
0.165758
0.226664
0.282934
0.332481
0.373598
0.405027
0.426001
0.436268
0.436102
0.426298
0.408145
0.383351
0.353937
0.322079
0.289924
0.259411
0.232106
0.209093
0.190929
0.177654
0.168857
0.163766
0.161345
0.160389
0.159603
0.157671
0.153331
0.145455
0.133141
0.115804
0.093248
0.065714
0.033865
-0.001270
-0.038396
-0.076084
-0.112899
-0.147499
-0.178712
-0.205565
-0.227296
-0.243344
-0.253361
-0.257216
-0.255027
-0.247183
-0.234350
-0.217455
-0.197628
-0.176121
-0.154215
-0.133130
-0.113963
-0.097656
-0.084989
-0.076596
-0.072971
-0.074465
-0.081256
-0.093301
-0.110287
-0.131600
-0.156322
-0.183281
-0.211122
-0.238424
-0.263796
-0.285979
-0.303909
-0.316752
-0.323924
-0.325101
-0.320229
-0.309550
-0.293615
-0.273301
-0.249782
-0.224469
-0.198898
-0.174590
-0.152894
-0.134842
-0.121048
-0.111650
-0.106315
-0.104285
-0.104451
-0.105444
-0.105716
-0.103631
-0.097551
-0.085930
-0.067432
-0.041052
-0.006247
0.036966
0.087949
0.145444
0.207650
0.272354
0.337109
0.399420
0.456925
0.507534
0.549541
0.581687
0.603203
0.613837
0.613863
0.604076
0.585764
0.560636
0.530713
0.498171
0.465159
0.433616
0.405108
0.380723
0.361016
0.346031
0.335358
0.328225
0.323601
0.320283
0.316976
0.312368
0.305198
0.294343
0.278904
0.258297
0.232332
0.201250
0.165719
0.126774
0.085710
0.043961
0.002968
-0.035925
-0.071541
-0.102903
-0.129244
-0.149999
-0.164815
-0.173556
-0.176337
-0.173539
-0.165826
-0.154118
-0.139540
-0.123340
-0.106792
-0.091113
-0.077394
-0.066570
-0.059417
-0.056562
-0.058496
-0.065564
-0.077937
-0.095567
-0.118136
-0.145024
-0.175309
-0.207810
-0.241171
-0.273962
-0.304788
-0.332386
-0.355684
-0.373843
-0.386276
-0.392652
-0.392913
-0.387294
-0.376344
-0.360932
-0.342229
-0.321640
-0.300698
-0.280918
-0.263645
-0.249908
-0.240314
-0.234999
-0.233625
0.437257
0.363488
0.304374
0.261687
0.234838
0.221224
0.216973
0.217860
0.220099
0.220784
0.217919
0.210096
0.196043
0.174292
0.143145
0.100993
0.046890
-0.018848
-0.094270
-0.175823
-0.258830
-0.338300
-0.409812
-0.470209
-0.517883
-0.552602
-0.574972
-0.585770
-0.585418
-0.573792
-0.550443
-0.515124
-0.468394
-0.412057
-0.349224
-0.283958
-0.220597
-0.162986
-0.113890
-0.074761
-0.045946
-0.027197
-0.018288
-0.019456
-0.031483
-0.055378
-0.091753
-0.140151
-0.198575
-0.263432
-0.329946
-0.392917
-0.447609
-0.490478
-0.519529
-0.534235
-0.535106
-0.523113
-0.499238
-0.464308
-0.419198
-0.365275
-0.304871
-0.241533
-0.179876
-0.124995
-0.081576
-0.052952
-0.040400
-0.042875
-0.057275
-0.079115
-0.103390
-0.125350
-0.140968
-0.147026
-0.140895
-0.120212
-0.082680
-0.026173
0.050827
0.148579
0.265449
0.397561
0.538915
0.682008
0.818827
0.941963
1.045531
1.125690
1.180663
1.210348
1.215732
1.198362
1.160082
1.103094
1.030253
0.945409
0.853536
0.760501
0.672433
0.594832
0.531656
0.484684
0.453330
0.434995
0.425812
0.421561
0.418460
0.413610
0.405020
0.391287
0.371146
0.343133
0.305558
0.256817
0.195972
0.123345
0.040893
-0.047822
-0.138118
-0.224997
-0.304030
-0.372052
-0.427447
-0.469977
-0.500239
-0.519003
-0.526683
-0.523147
-0.507938
-0.480801
-0.442287
-0.394191
-0.339617
-0.282620
-0.227529
-0.178181
-0.137333
-0.106429
-0.085808
-0.075213
-0.074411
-0.083630
-0.103646
-0.135458
-0.179671
-0.235820
-0.301901
-0.374313
-0.448272
-0.518572
-0.580469
-0.630411
-0.666398
-0.687895
-0.695404
-0.689892
-0.672333
-0.643548
-0.604407
-0.556270
-0.501463
-0.443528
-0.387074
-0.337193
-0.298563
-0.274516
-0.266321
-0.272930
-0.291236
-0.316752
-0.344469
-0.369633
-0.388214
-0.396991
-0.393332
-0.374871
-0.339311
-0.284522
-0.208985
-0.112440
0.003481
0.134902
0.275824
0.418745
0.555652
0.679136
0.783311
0.864335
0.920432
0.951498
0.958517
0.943037
0.906900
0.852303
0.782101
0.700141
0.611394
0.521724