-0.026919
-0.016150
-0.019510
-0.027045
-0.027162
-0.011088
0.023741
0.072669
0.125563
0.170649
0.198979
0.207811
0.201631
0.190403
0.185735
0.196418
0.225036
0.266960
0.312082
0.348661
0.367780
0.366736
0.350053
0.327735
0.311436
0.309991
0.326035
0.354984
0.386785
0.409747
0.415009
0.399921
0.369063
0.332496
0.301928
0.286252
0.288158
0.303119
0.321137
0.330575
0.322625
0.294691
0.251401
0.202866
0.160842
0.134267
0.125874
0.131177
0.140214
0.141386
0.125917
0.091239
0.042009
-0.011640
-0.057931
-0.087910
-0.098830
-0.095168
-0.086878
-0.085556
-0.099981
-0.132722
-0.179132
-0.229088
-0.270828
-0.295415
-0.300126
-0.289459
-0.273397
-0.263568
-0.268782
-0.291647
-0.327554
-0.366421
-0.396529
-0.408989
-0.401124
-0.377483
-0.348099
-0.324654
-0.316011
-0.324832
-0.346564
-0.371181
-0.387021
-0.385250
-0.363247
-0.325618
-0.282452
-0.245482
-0.223628
-0.219602
-0.228902
-0.241551
-0.245935
-0.233265
-0.200963
-0.153675
-0.101529
-0.056293
-0.026919
-0.016150
-0.019510
-0.027045
-0.027162
-0.011088
0.023741
0.072669
0.125563
0.170649
0.198979
0.207811
0.201631
0.190403
0.185735
0.196418
0.225036
0.266960
0.312082
0.348661
0.367780
0.366736
0.350053
0.327735
0.311436
0.309991
0.326035
0.354984
0.386785
0.409747
0.415009
0.399921
0.369063
0.332496
0.301928
0.286252
0.288158
0.303119
0.321137
0.330575
0.322625
0.294691
0.251401
0.202866
0.160842
0.134267
0.125874
0.131177
0.140214
0.141386
0.125917
0.091239
0.042009
-0.011640
-0.057931
-0.087910
-0.098830
-0.095168
-0.086878
-0.085556
-0.099981
-0.132722
-0.179132
-0.229088
-0.270828
-0.295415
-0.300126
-0.289459
-0.273397
-0.263568
-0.268782
-0.291647
-0.327554
-0.366421
-0.396529
-0.408989
-0.401124
-0.377483
-0.348099
-0.324654
-0.316011
-0.324832
-0.346564
-0.371181
-0.387021
-0.385250
-0.363247
-0.325618
-0.282452
-0.245482
-0.223628
-0.219602
-0.228902
-0.241551
-0.245935
-0.233265
-0.200963
-0.153675
-0.101529
-0.056293
0.875352
0.808421
0.665735
0.498925
0.367932
0.318120
0.362971
0.478955
0.614544
0.709922
0.719866
0.631050
0.467178
0.279967
0.129436
0.061028
0.088297
0.187784
0.308025
0.389264
0.386335
0.285962
0.111895
-0.084109
-0.241996
-0.316294
-0.293426
-0.196834
-0.077970
0.003417
0.002157
-0.095031
-0.264408
-0.454238
-0.604490
-0.669722
-0.636393
-0.527987
-0.396002
-0.300240
-0.285926
-0.366401
-0.517997
-0.689043
-0.819585
-0.864259
-0.809604
-0.679188
-0.524596
-0.405719
-0.367874
-0.424496
-0.552008
-0.698837
-0.805123
-0.825598
-0.746896
-0.592681
-0.414632
-0.272731
-0.212388
-0.247124
-0.353451
-0.479879
-0.566627
-0.568506
-0.472223
-0.301510
-0.108112
0.047927
0.121143
0.097964
0.001832
-0.115803
-0.195195
-0.191184
-0.090500
0.083107
0.277882
0.433774
0.505321
0.478956
0.378135
0.254326
0.167298
0.162244
0.252468
0.414261
0.595915
0.737431
0.793404
0.750327
0.631723
0.489131
0.382394
0.356781
0.425678
0.565461
0.724508
0.842910
0.875352
0.808421
0.665735
0.498925
0.367932
0.318120
0.362971
0.478955
0.614544
0.709922
0.719866
0.631050
0.467178
0.279967
0.129436
0.061028
0.088297
0.187784
0.308025
0.389264
0.386335
0.285962
0.111895
-0.084109
-0.241996
-0.316294
-0.293426
-0.196834
-0.077970
0.003417
0.002157
-0.095031
-0.264408
-0.454238
-0.604490
-0.669722
-0.636393
-0.527987
-0.396002
-0.300240
-0.285926
-0.366401
-0.517997
-0.689043
-0.819585
-0.864259
-0.809604
-0.679188
-0.524596
-0.405719
-0.367874
-0.424496
-0.552008
-0.698837
-0.805123
-0.825598
-0.746896
-0.592681
-0.414632
-0.272731
-0.212388
-0.247124
-0.353451
-0.479879
-0.566627
-0.568506
-0.472223
-0.301510
-0.108112
0.047927
0.121143
0.097964
0.001832
-0.115803
-0.195195
-0.191184
-0.090500
0.083107
0.277882
0.433774
0.505321
0.478956
0.378135
0.254326
0.167298
0.162244
0.252468
0.414261
0.595915
0.737431
0.793404
0.750327
0.631723
0.489131
0.382394
0.356781
0.425678
0.565461
0.724508
0.842910