-0.000122
0.000214
0.000031
-0.000244
0.000702
-0.001160
0.001556
-0.002319
0.003082
-0.004150
0.004730
-0.005371
0.006134
0.000000
0.160675
0.111511
-0.324768
0.087830
0.003143
-0.172882
0.356323
0.120056
0.030060
0.299896
0.322479
-0.136993
-0.146912
0.180084
-0.133392
-0.196350
0.060608
-0.020569
-0.128113
-0.030487
-0.016846
0.017303
-0.025421
-0.046082
0.051788
0.002106
-0.019623
0.024902
-0.022980
-0.035645
-0.011902
-0.038788
-0.035553
-0.037140
-0.041412
-0.042969
-0.034363
-0.029388
-0.039032
-0.034546
-0.015442
-0.012939
-0.010651
-0.008209
-0.007416
-0.000610
-0.003204
-0.006561
-0.002563
-0.004822
-0.008728
-0.006134
-0.012756
-0.014862
-0.014191
-0.015045
-0.012878
-0.012238
-0.011597
-0.006653
-0.009430
-0.005707
-0.002960
-0.003113
-0.004150
-0.004791
-0.004028
-0.005585
-0.007446
-0.007080
-0.004974
-0.008270
-0.006866
-0.005920
-0.005310
-0.006500
-0.008179
-0.006439
-0.005554
-0.004364
-0.002563
-0.003326
-0.001556
-0.000793
0.000305
-0.000458
-0.002502
-0.002747
-0.004791
-0.003845
-0.002655
-0.001190
-0.000336
-0.001007
-0.000671
0.000183
-0.000916
-0.000702
-0.001190
-0.001373
-0.001617
-0.000763
0.001038
0.000946
0.001007
0.000702
0.000885
0.001282
0.002502
0.003204
0.003784
0.003296
0.003296
0.003906
0.000427
-0.000671
0.001251
-0.001709
0.002014
-0.002655
0.002930
-0.003235
0.002472
-0.001556
0.000763
-0.000458
0.122406
0.259613
-0.376648
-0.071716
0.168396
-0.297668
0.373871
0.254181
-0.045197
0.317169
0.454407
-0.113617
-0.311554
0.240936
-0.089691
-0.305145
0.064178
0.022705
-0.166748
-0.058258
-0.002594
0.023499
-0.013702
-0.078979
0.067261
0.019714
-0.056549
0.038147
0.009583
-0.055542
-0.007263
-0.028168
-0.041748
-0.046936
-0.068481
-0.055725
-0.051086
-0.049316
-0.046570
-0.031311
-0.008820
-0.008942
-0.007233
0.006805
0.004303
-0.002747
-0.006073
-0.007141
-0.004883
-0.001312
-0.006989
-0.002747
-0.006470
-0.010681
-0.011200
-0.012360
-0.013641
-0.016388
-0.015930
-0.008789
-0.010742
-0.008514
-0.002747
-0.003296
-0.002075
-0.005371
-0.004456
-0.003906
-0.005524
-0.008026
-0.005585
-0.008606
-0.007263
-0.006592
-0.007324
-0.005890
-0.007599
-0.004852
-0.004028
-0.003052
-0.000122
-0.001678
-0.001160
-0.001282
0.000366
-0.000275
-0.003387
-0.001831
-0.005310
-0.005676
-0.005920
-0.003906
-0.002014
-0.001038
0.000336
0.001038
-0.000305
-0.001129
0.000092
-0.000031
0.000549
0.000610
0.001923
0.002899
0.001587
0.000244
-0.000610
-0.000031
0.001465
0.002869
0.005310
0.004852
0.004974
0.005280
0.003815
0.003784