-0.095561
-0.008327
0.066437
0.109587
0.114080
0.087624
0.049701
0.024085
0.029725
0.073474
0.147430
0.231926
0.303003
0.341533
0.340491
0.307606
0.262386
0.228633
0.225330
0.259363
0.322869
0.396224
0.455511
0.481650
0.467662
0.421331
0.362215
0.314173
0.296242
0.315368
0.363746
0.421811
0.465708
0.476416
0.447018
0.385359
0.311057
0.248030
0.215376
0.220097
0.254447
0.298915
0.329700
0.327832
0.286446
0.213431
0.128452
0.055469
0.013619
0.009940
0.036720
0.074476
0.099436
0.092652
0.047276
-0.028783
-0.115851
-0.189958
-0.231964
-0.234830
-0.206271
-0.165776
-0.137130
-0.139294
-0.179134
-0.248765
-0.328535
-0.394507
-0.427569
-0.420719
-0.381711
-0.330074
-0.289638
-0.279411
-0.306305
-0.362489
-0.428364
-0.480046
-0.498481
-0.476724
-0.422588
-0.355662
-0.299835
-0.274177
-0.285662
-0.326517
-0.377206
-0.413903
-0.417614
-0.381453
-0.313288
-0.232765
-0.163827
-0.125593
-0.125089
-0.154589
-0.194601
-0.221342
-0.215858
-0.171296
-0.095561
-0.008327
0.066437
0.109587
0.114080
0.087624
0.049701
0.024085
0.029725
0.073474
0.147430
0.231926
0.303003
0.341533
0.340491
0.307606
0.262386
0.228633
0.225330
0.259363
0.322869
0.396224
0.455511
0.481650
0.467662
0.421331
0.362215
0.314173
0.296242
0.315368
0.363746
0.421811
0.465708
0.476416
0.447018
0.385359
0.311057
0.248030
0.215376
0.220097
0.254447
0.298915
0.329700
0.327832
0.286446
0.213431
0.128452
0.055469
0.013619
0.009940
0.036720
0.074476
0.099436
0.092652
0.047276
-0.028783
-0.115851
-0.189958
-0.231964
-0.234830
-0.206271
-0.165776
-0.137130
-0.139294
-0.179134
-0.248765
-0.328535
-0.394507
-0.427569
-0.420719
-0.381711
-0.330074
-0.289638
-0.279411
-0.306305
-0.362489
-0.428364
-0.480046
-0.498481
-0.476724
-0.422588
-0.355662
-0.299835
-0.274177
-0.285662
-0.326517
-0.377206
-0.413903
-0.417614
-0.381453
-0.313288
-0.232765
-0.163827
-0.125593
-0.125089
-0.154589
-0.194601
-0.221342
-0.215858
-0.171296
0.629851
0.267847
0.048600
0.050943
0.268119
0.610389
0.939335
1.120759
1.075980
0.811920
0.418503
0.034350
-0.206125
-0.224006
-0.025967
0.298326
0.610526
0.776503
0.717635
0.440900
0.036272
-0.357584
-0.606214
-0.630671
-0.437604
-0.116658
0.193833
0.359745
0.302457
0.028940
-0.370843
-0.758248
-0.998846
-1.013721
-0.809561
-0.476053
-0.151582
0.029673
-0.010970
-0.266604
-0.647338
-1.014603
-1.234049
-1.226844
-0.999762
-0.642583
-0.293783
-0.087637
-0.102927
-0.332845
-0.687601
-1.028729
-1.221983
-1.188633
-0.935558
-0.552638
-0.178453
0.052623
0.061710
-0.144480
-0.476254
-0.795232
-0.967258
-0.913685
-0.641472
-0.240575
0.150356
0.396879
0.420056
0.226540
-0.094022
-0.403298
-0.567169
-0.507020
-0.229835
0.174409
0.567049
0.813637
0.835234
0.638500
0.313093
-0.002634
-0.174537
-0.123970
0.142121
0.533804
0.912464
1.143710
1.148661
0.934044
0.589588
0.253721
0.060666
0.089153
0.332323
0.700333
1.054665
1.261020
1.240617
1.000284
0.629851
0.267847
0.048600
0.050943
0.268119
0.610389
0.939335
1.120759
1.075980
0.811920
0.418503
0.034350
-0.206125
-0.224006
-0.025967
0.298326
0.610526
0.776503
0.717635
0.440900
0.036272
-0.357584
-0.606214
-0.630671
-0.437604
-0.116658
0.193833
0.359745
0.302457
0.028940
-0.370843
-0.758248
-0.998846
-1.013721
-0.809561
-0.476053
-0.151582
0.029673
-0.010970
-0.266604
-0.647338
-1.014603
-1.234049
-1.226844
-0.999762
-0.642583
-0.293783
-0.087637
-0.102927
-0.332845
-0.687601
-1.028729
-1.221983
-1.188633
-0.935558
-0.552638
-0.178453
0.052623
0.061710
-0.144480
-0.476254
-0.795232
-0.967258
-0.913685
-0.641472
-0.240575
0.150356
0.396879
0.420056
0.226540
-0.094022
-0.403298
-0.567169
-0.507020
-0.229835
0.174409
0.567049
0.813637
0.835234
0.638500
0.313093
-0.002634
-0.174537
-0.123970
0.142121
0.533804
0.912464
1.143710
1.148661
0.934044
0.589588
0.253721
0.060666
0.089153
0.332323
0.700333
1.054665
1.261020
1.240617
1.000284