-0.263411
-0.229841
-0.189013
-0.141581
-0.088874
-0.032953
0.023523
0.077624
0.126579
0.168196
0.201155
0.225090
0.240466
0.248293
0.249812
0.246246
0.238688
0.228147
0.215691
0.202586
0.190342
0.180598
0.174873
0.174229
0.178984
0.188560
0.201541
0.215942
0.229595
0.240551
0.247380
0.249281
0.246001
0.237626
0.224338
0.206255
0.183408
0.155872
0.123987
0.088552
0.050919
0.012899
-0.023489
-0.056379
-0.084389
-0.106839
-0.123767
-0.135752
-0.143618
-0.148122
-0.149734
-0.148603
-0.144680
-0.137965
-0.128755
-0.117790
-0.106231
-0.095476
-0.086860
-0.081363
-0.079432
-0.080961
-0.085464
-0.092336
-0.101127
-0.111706
-0.124248
-0.139059
-0.156302
-0.175720
-0.196494
-0.217276
-0.236411
-0.252280
-0.263635
-0.269847
-0.270953
-0.267531
-0.260444
-0.250568
-0.238603
-0.225029
-0.210223
-0.194664
-0.179118
-0.164717
-0.152861
-0.144952
-0.142045
-0.144512
-0.151851
-0.162703
-0.175072
-0.186685
-0.195385
-0.199429
-0.197618
-0.189260
-0.174006
-0.151664
-0.122091
-0.085222
-0.041238
0.009204
0.064772
0.123403
0.182435
0.238934
0.290128
0.333823
0.368696
0.394381
0.411339
0.420579
0.423342
0.420849
0.414190
0.404375
0.392472
0.379746
0.367705
0.357990
0.352118
0.351153
0.355411
0.364316
0.376454
0.389839
0.402303
0.411901
0.417203
0.417409
0.412268
0.401867
0.386393
0.365962
0.340610
0.310415
0.275717
0.237320
0.196578
0.155306
0.115524
0.079104
0.047430
0.021185
0.000337
-0.015691
-0.027719
-0.036498
-0.042497
-0.045858
-0.046528
-0.044503
-0.040076
-0.033980
-0.027374
-0.021650
-0.018136
-0.017811
-0.021113
-0.027934
-0.037781
-0.050043
-0.064267
-0.080315
-0.098356
-0.118694
-0.141482
-0.166460
-0.192803
-0.219158
-0.243865
-0.265296
-0.282203
-0.293948
-0.300562
-0.302619
-0.300977
-0.296507
-0.289901
-0.281636
-0.272083
-0.261716
-0.251296
-0.241950
-0.235072
-0.232061
-0.233965
-0.241152
-0.253116
-0.268494
-0.285283
-0.301209
-0.314108
-0.322234
-0.324383
-0.319861
-0.308314
-0.289546
0.681482
0.592922
0.499395
0.406288
0.319175
0.243177
0.182239
0.138522
0.112106
0.101102
0.102134
0.111048
0.123649
0.136244
0.145897
0.150364
0.147855
0.136764
0.115560
0.082913
0.038044
-0.018836
-0.086184
-0.161038
-0.239269
-0.316145
-0.387052
-0.448154
-0.496831
-0.531763
-0.552680
-0.559930
-0.554023
-0.535366
-0.504267
-0.461210
-0.407259
-0.344417
-0.275762
-0.205268
-0.137328
-0.076132
-0.025080
0.013589
0.038838
0.050581
0.049254
0.035398
0.009438
-0.028263
-0.077085
-0.135721
-0.201809
-0.271819
-0.341274
-0.405289
-0.459283
-0.499644
-0.524183
-0.532237
-0.524447
-0.502327
-0.467801
-0.422891
-0.369649
-0.310312
-0.247572
-0.184764
-0.125828
-0.074968
-0.036037
-0.011822
-0.003423
-0.009934
-0.028512
-0.054842
-0.083826
-0.110331
-0.129760
-0.138358
-0.133222
-0.112146
-0.073437
-0.015884
0.061054
0.156879
0.269628
0.395584
0.529292
0.663958
0.792179
0.906854
1.002038
1.073553
1.119209
1.138651
1.132955
1.104139
1.054792
0.987912
0.906963
0.816030
0.719909
0.623989
0.533850
0.454614
0.390229
0.342859
0.312589
0.297534
0.294320
0.298799
0.306779
0.314573
0.319248
0.318567
0.310744
0.294178
0.267343
0.228915
0.178122
0.115180
0.041636
-0.039538
-0.124210
-0.207641
-0.285209
-0.353073
-0.408607
-0.450481
-0.478422
-0.492768
-0.494024
-0.482589
-0.458764
-0.423026
-0.376431
-0.320976
-0.259732
-0.196664
-0.136158
-0.082398
-0.038775
-0.007523
0.010331
0.014708
0.006049
-0.015096
-0.048295
-0.093178
-0.149118
-0.214801
-0.287859
-0.364752
-0.440999
-0.511709
-0.572291
-0.619130
-0.650028
-0.664317
-0.662632
-0.646481
-0.617781
-0.578549
-0.530832
-0.476861
-0.419322
-0.361545
-0.307467
-0.261285
-0.226848
-0.206938
-0.202653
-0.213080
-0.235375
-0.265216
-0.297505
-0.327103
-0.349412
-0.360672
-0.357980
-0.339126
-0.302414
-0.246633
-0.171239
-0.076729
0.034936
0.160040
0.293128
0.427407
0.555474
0.670229
0.765727
0.837789
0.884224
0.904677
0.900224
0.872880
0.825233
0.760279