-0.268048
-0.253099
-0.233284
-0.208258
-0.177694
-0.141413
-0.099565
-0.052804
-0.002360
0.050024
0.102281
0.152312
0.198276
0.238811
0.273126
0.300946
0.322363
0.337649
0.347112
0.351047
0.349788
0.343822
0.333910
0.321130
0.306809
0.292340
0.278944
0.267428
0.258038
0.250454
0.243919
0.237466
0.230173
0.221349
0.210611
0.197839
0.183038
0.166186
0.147134
0.125612
0.101334
0.074180
0.044364
0.012531
-0.020273
-0.052752
-0.083592
-0.111701
-0.136375
-0.157336
-0.174642
-0.188516
-0.199147
-0.206566
-0.210621
-0.211078
-0.207800
-0.200923
-0.190973
-0.178862
-0.165755
-0.152865
-0.141229
-0.131557
-0.124195
-0.119204
-0.116527
-0.116161
-0.118264
-0.123149
-0.131170
-0.142523
-0.157066
-0.174200
-0.192889
-0.211808
-0.229577
-0.245016
-0.257318
-0.266125
-0.271453
-0.273544
-0.272688
-0.269097
-0.262882
-0.254130
-0.243054
-0.230124
-0.216137
-0.202155
-0.189331
-0.178652
-0.170696
-0.165473
-0.162396
-0.160404
-0.158186
-0.154428
-0.148019
-0.138137
-0.124238
-0.105945
-0.082930
-0.054853
-0.021390
0.017638
0.062074
0.111263
0.163975
0.218461
0.272655
0.324454
0.372017
0.413979
0.449548
0.478448
0.500770
0.516785
0.526801
0.531111
0.530048
0.524102
0.514031
0.500915
0.486079
0.470920
0.456657
0.444098
0.433492
0.424518
0.416421
0.408236
0.399043
0.388151
0.375182
0.360016
0.342660
0.323096
0.301178
0.276637
0.249192
0.218724
0.185452
0.150023
0.113488
0.077146
0.042315
0.010090
-0.018820
-0.044132
-0.065902
-0.084347
-0.099652
-0.111842
-0.120763
-0.126174
-0.127933
-0.126173
-0.121413
-0.114561
-0.106777
-0.099268
-0.093065
-0.088874
-0.087035
-0.087604
-0.090519
-0.095770
-0.103509
-0.114046
-0.127727
-0.144744
-0.164949
-0.187736
-0.212066
-0.236606
-0.259973
-0.280978
-0.298812
-0.313110
-0.323882
-0.331366
-0.335845
-0.337527
-0.336518
-0.332899
-0.326878
-0.318920
-0.309818
-0.300629
-0.292500
-0.286414
-0.282946
-0.282099
-0.283282
-0.285433
-0.287233
-0.287367
-0.284717
-0.278461
0.456742
0.389404
0.335680
0.298446
0.277691
0.270488
0.271743
0.275512
0.276428
0.270802
0.257047
0.235357
0.206843
0.172509
0.132503
0.085961
0.031491
-0.031906
-0.103854
-0.181999
-0.262057
-0.338566
-0.406098
-0.460535
-0.499945
-0.524763
-0.537228
-0.540292
-0.536413
-0.526693
-0.510662
-0.486777
-0.453434
-0.410071
-0.357938
-0.300229
-0.241497
-0.186581
-0.139430
-0.102265
-0.075383
-0.057640
-0.047430
-0.043725
-0.046781
-0.058180
-0.080199
-0.114705
-0.162008
-0.220110
-0.284662
-0.349679
-0.408792
-0.456613
-0.489776
-0.507302
-0.510241
-0.500768
-0.481134
-0.452885
-0.416662
-0.372635
-0.321346
-0.264591
-0.205914
-0.150423
-0.103914
-0.071539
-0.056439
-0.058822
-0.075785
-0.101953
-0.130711
-0.155613
-0.171518
-0.175108
-0.164714
-0.139636
-0.099313
-0.042785
0.031301
0.124083
0.235491
0.363284
0.502533
0.645838
0.784298
0.908996
1.012558
1.090312
1.140713
1.164961
1.166019
1.147419
1.112314
1.063084
1.001586
0.929845
0.850818
0.768829
0.689383
0.618339
0.560684
0.519296
0.494170
0.482381
0.478842
0.477612
0.473330
0.462312
0.442975
0.415520
0.381064
0.340614
0.294328
0.241346
0.180282
0.110145
0.031316
-0.053843
-0.141042
-0.224810
-0.299715
-0.361629
-0.408614
-0.441097
-0.461310
-0.472196
-0.476207
-0.474436
-0.466404
-0.450565
-0.425302
-0.390046
-0.346040
-0.296471
-0.245882
-0.199105
-0.160080
-0.131021
-0.112216
-0.102515
-0.100301
-0.104542
-0.115482
-0.134698
-0.164459
-0.206623
-0.261493
-0.327065
-0.398981
-0.471249
-0.537493
-0.592318
-0.632351
-0.656606
-0.666127
-0.663083
-0.649717
-0.627569
-0.597276
-0.559000
-0.513278
-0.461901
-0.408406
-0.357898
-0.316168
-0.288362
-0.277617
-0.284136
-0.305014
-0.334870
-0.367086
-0.395213
-0.414107
-0.420446
-0.412559
-0.389743
-0.351436
-0.296675
-0.224104
-0.132586
-0.022190
0.104847
0.243595
0.386654
0.525123
0.650087
0.754171
0.832701
0.884132
0.909663
0.912257
0.895443
0.862372
0.815424
0.756452
0.687478
0.611458
0.532712