-0.010692
-0.010700
-0.006433
-0.005223
-0.005538
-0.003055
-0.003139
-0.002778
-0.001419
-0.002665
-0.004409
-0.003115
-0.003817
-0.007164
-0.006194
-0.005855
-0.005840
-0.005230
0.002016
-0.001372
-0.013836
0.004668
0.006558
-0.007789
-0.000867
-0.003126
-0.010946
-0.001644
0.023285
0.017634
0.014595
0.035848
0.011535
-0.018318
-0.022670
-0.026689
-0.025690
-0.014536
-0.007419
0.039808
0.050823
0.009516
0.015350
-0.041644
-0.062006
-0.000666
-0.022742
-0.047827
0.029067
0.036855
-0.040949
-0.025187
-0.059974
-0.122416
-0.081478
-0.050070
-0.083965
-0.066912
0.062668
0.053388
-0.043724
-0.018618
0.004698
-0.031355
-0.077251
-0.024459
0.049522
0.020967
0.066801
0.110259
0.051647
0.047651
0.036032
-0.006336
-0.003759
0.010423
-0.016080
-0.021935
0.010002
0.005017
-0.007161
0.009369
0.039771
0.040059
0.026065
0.035314
0.042316
0.026431
0.018540
0.014597
0.004480
-0.002979
-0.003201
0.001486
0.004317
0.007514
0.009888
0.009124
0.004414
0.001028
-0.001218
0.001027
0.000273
0.001446
0.002914
0.002944
0.001720
0.002579
0.001349
0.002072
0.006307
0.006013
0.007233
0.006018
0.006915
0.009537
0.002154
-0.001624
0.000280
0.000297
0.003906
0.004008
0.011602
0.016669
0.011365
0.012678
0.000550
-0.004661
-0.000207
-0.007899
0.011023
0.021788
0.008701
0.014810
0.028111
0.016550
0.003687
0.022882
-0.013306
-0.001429
0.082964
0.026869
-0.013612
0.016624
-0.007536
-0.069218
-0.097811
-0.030682
0.002225
-0.008052
0.024947
0.068444
0.040598
-0.009356
-0.005121
-0.082240
-0.158003
-0.050870
0.030603
-0.025307
0.008420
0.154603
0.158951
0.085243
0.091018
0.059379
0.014782
-0.023079
-0.017929
0.003645
-0.034630
-0.019548
0.013132
0.004610
-0.032764
-0.006528
0.052734
0.027820
0.005994
0.036509
0.058294
0.011046
-0.005975
0.005776
-0.033143
-0.038061
-0.017132
-0.022458
-0.026499
-0.011915
-0.002195
-0.010525
-0.018627
-0.020682
-0.023248
-0.029952
-0.031592
-0.024636
-0.021987
-0.021336
-0.019591
-0.020007
-0.020186
-0.016602
-0.016811
-0.017742
-0.014825
-0.015231
-0.014864
-0.013469
-0.014359
-0.014732
-0.013597
-0.008562
-0.006629
-0.012365
-0.012848
-0.014705
-0.013183
-0.009946
-0.014957
-0.008706
-0.009612
-0.009416
-0.001464
-0.010955
-0.013807
-0.015661
-0.009032
-0.002145
-0.010459
0.010432
0.016898
0.018061
0.045166
0.053580
0.050180
0.035691
0.025257
0.005691
-0.023604
-0.018136
-0.008827
-0.041032
-0.073819
-0.049173
-0.023319
-0.024808
-0.036923
0.008673
0.033768
-0.021963
0.013601
-0.024241
-0.090686
-0.063907
-0.082266
-0.116392
-0.124291
-0.055026
-0.078463
-0.053672
0.076372
0.054259
0.028417
0.095995
0.118240
0.035334
0.015811
0.041721
0.022963
-0.011722
-0.019443
0.002211
0.001701
0.029060
0.063070
0.062468
0.060763
0.071836
0.053009
0.006222
0.003573
0.018380
-0.006913
-0.008232
0.016287
0.009883
0.003999
0.023153
0.026293
0.012539
0.010232
0.006407
-0.005506
-0.014065
-0.012531
-0.014185
-0.017751
-0.019401
-0.020026
-0.020467
-0.017576
-0.013596
-0.011256
-0.010530
-0.008057
-0.007261
-0.011875
-0.013444
-0.012632
-0.009152
-0.009705
-0.008185
0.001404
0.000049
-0.004507
0.004852
-0.001366
-0.012940
0.004134
0.000621
-0.016890
0.000096
0.004461
-0.014872
-0.016795
-0.011471
-0.012725
-0.015107
-0.023758
0.008053
-0.014334
-0.053687
0.007653
-0.008720
-0.057511
-0.048960
-0.047499
-0.073427
-0.038737
0.018264
-0.002821
0.008181
0.044791
0.022482
-0.026972
-0.041386
-0.070838
-0.046016
-0.036318
-0.097231
-0.047310
-0.027845
-0.099783
-0.071087
-0.010633
-0.022308
-0.005924
0.049747
0.053627
0.018417
0.001646
0.005237
0.006836
-0.049816
-0.051025
0.006736
0.012699
-0.013246
0.009072
0.074240
0.039461
0.016689
0.045192
0.024170
0.011968
0.035068
0.032351
0.030901
0.044009
0.050202
0.054231
0.038732
0.041484
0.044518
0.029359
0.034469
0.033609
0.021468
0.028163
0.029623
0.022437
0.020780
0.026242
0.027024
0.020689
0.020785
0.022377
0.017217
0.017262
0.017258
0.011809
0.009536
0.010020
0.010680
0.010880
0.011617
0.010825
0.010676
0.007551
0.004537
0.007087
0.009381
0.004734
0.003027
0.009540
0.008647
-0.000045
0.007627
0.004696
-0.008563
0.013380
0.015870
-0.007544
0.015920
0.018594
-0.003174
0.009858
-0.021343
-0.035506
-0.016824
-0.039759
0.000700
0.043367
0.029890
0.045939
0.037615
0.020283
-0.018720
-0.019278
0.033766
-0.000895
0.079954
0.152603
0.070091
0.060187
0.065278
0.042951
-0.003806
-0.006349
0.036852
-0.011812
-0.002683
0.085864
-0.005373
-0.036744
0.047875
-0.002856
-0.008218
-0.011719
0.019020
0.042608
0.009930
0.070269
0.024136
-0.017373
-0.009290
-0.043137
-0.026926
-0.054537
-0.054443
-0.012459
-0.026552
-0.031050
-0.048130
-0.050824
-0.021693
-0.049980
-0.064923
-0.035668
-0.032975
-0.040192
-0.035138
-0.022970
-0.009333
-0.022671
-0.024535
-0.012763
-0.025198
-0.018016
-0.013743
-0.020077
-0.015218
-0.022210
-0.028423
-0.019886
-0.019124
-0.016385
-0.010142
-0.009924
-0.009327
-0.011387
-0.010829
-0.007249
-0.009280
-0.011647
-0.007337
-0.007331
-0.005881
-0.006470
-0.008433
-0.012674
-0.014722
-0.006789
-0.007578
-0.008551
-0.000906
-0.004381
-0.010002
-0.011931
-0.015742
-0.016362
-0.017534
-0.009844
0.002871
0.000879
-0.000955
0.020898
0.017992
0.005052
0.032086
-0.007716
-0.029210
0.005211
0.005157
0.017312
0.018618
0.043246
0.042326
0.038774
0.019926
-0.060432
-0.055273
-0.037697
-0.043931
-0.020207
-0.019744
-0.002624
0.022967
-0.013602
-0.066706
-0.106951
-0.131560
-0.114513
-0.114174
-0.105699
-0.028142
0.008783
0.021790
0.047586
0.024090
-0.009495
-0.045981
-0.061862
-0.049960
-0.041848
0.001651
0.020499
0.048325
0.091824
0.057882
0.057497
0.058495
0.031614
0.039659
0.035937
0.045931
0.044186
0.022971
0.039836
0.027299
0.006026
0.025280
0.023930
0.019120
0.030551
0.035527
0.033974
0.032063
0.033007
0.022996
0.010303
0.013395
0.012983
0.009194
0.009757
0.006390
0.003842
0.003392
-0.002613
-0.003637
-0.003163
-0.006070
-0.002949
-0.001466
0.000878
0.002729
0.000160
0.003233
0.006506
0.004145
0.005319
0.006099
0.004494
0.004429
0.006588
0.006968
0.011319
0.013100
-0.001759
0.001329
0.000232
-0.004193
0.009558
0.005992
-0.007123
-0.007091
0.009454
-0.012450
-0.003767
0.043655
0.014577
0.001744
0.025650
0.008626
-0.008588
-0.015705
0.009242
0.024541
0.007364
0.042933
0.011914
-0.062076
-0.015742
-0.008064
-0.087732
-0.001987
0.046903
-0.029465
0.010574
0.035742
0.014064
-0.013238
0.014412
-0.041281
-0.042286
0.092867
-0.011038
-0.043928
0.053955
0.042672
0.019331
0.024355
0.044941
0.056118
0.068808
0.076181
0.080910
0.053313
0.024965
0.023629
-0.014224
-0.052770
-0.035335
-0.009587
-0.000627
0.003269
0.026338
0.054527
0.048707
0.025789
0.009870
-0.001736
-0.026399
-0.031798
-0.026891
-0.037605
-0.032518
-0.015764
-0.018472
-0.023014
-0.014496
-0.014465
-0.022268
-0.024417
-0.022472
-0.025355
-0.028980
-0.030251
-0.032746
-0.032726
-0.027804
-0.025950
-0.024987
-0.021157
-0.018230
-0.016821
-0.017251
-0.018302
-0.018743
-0.018803
-0.020963
-0.020132
-0.018655
-0.017514
-0.015862
-0.018415
-0.014024
-0.021074
-0.025030
-0.008269
-0.015395
-0.029560
-0.014805
-0.032476
-0.059946
-0.029235
-0.013910
-0.017172
-0.013413
0.011912
-0.008381
-0.035638
0.006263
-0.036557
-0.077211
-0.043424
-0.025574
-0.000380
-0.013566
-0.018824
0.039356
0.011256
-0.004750
0.050832
-0.006126
-0.043486
0.115157
0.147141
0.017864
0.107805
0.187112
0.086192
0.057905
0.086081
-0.010540
-0.059583
0.008426
-0.081747
-0.127585
-0.049058
-0.049256
-0.025522
-0.005951
0.020429
0.057822
0.028200
0.014161
0.030822
0.015588
-0.003696
0.017359
0.013908
0.004812
0.015551
0.019287
0.017106
0.009522
-0.010634
-0.003724
0.000982
-0.029231
-0.024665
-0.002270
-0.015465
-0.030017
-0.000983
0.005221
-0.008297
-0.001129
0.004319
0.001564
-0.001396
-0.004967
-0.004438
-0.012317
-0.020275
-0.016658
-0.018724
-0.020886
-0.019315
-0.017905
-0.017645
-0.016802
-0.019024
-0.019906
-0.021749
-0.023023
-0.023719
-0.023740
-0.022809
-0.019473
-0.017850
-0.015613
-0.015323
-0.014167
-0.011324
-0.009463
-0.010030
-0.018032
-0.005944
-0.000504
-0.015131
-0.018771
-0.026850
-0.020639
-0.007428
-0.006826
0.003789
-0.022897
-0.020296
0.017285
-0.038664
-0.026962
0.015771
-0.026770
0.006085
0.038774
0.022665
-0.028951
-0.009816
0.030910
-0.053800
0.003201
0.022966
-0.033066
0.100694
0.126379
0.037808
0.049068
0.064761
0.035745
0.029343
0.020414
0.023582
0.041832
0.038625
0.026173
-0.023862
-0.061115
-0.075658
-0.041576
-0.031661
-0.051613
0.024689
0.042773
-0.022449
0.010011
0.042076
-0.027647
-0.039612
-0.017487
-0.034859
-0.061568
-0.068171
-0.042793
-0.061947
-0.083860
-0.059857
-0.053523
-0.054763
-0.036563
-0.026319
-0.018340
-0.008483
-0.008818
-0.013010
-0.016591
-0.017224
-0.018759
-0.021119
-0.008323
0.000513
-0.005990
-0.002646
0.000255
-0.001605
0.001824
0.002387
0.002930
0.003890
0.004830
0.008120
0.006873
0.006265
0.005837
0.004376
0.005516
0.004812
0.005367
0.004873
0.007082
0.007344
0.002890
-0.000028
-0.001807
0.003042
0.003992
-0.000577
-0.003023
-0.004375
-0.009434
-0.006649
-0.002022
-0.004572
0.010362
0.014321
0.001393
-0.001243
0.009034
0.018035
0.007573
0.021131
0.025077
-0.009751
-0.003200
0.010362
-0.010869
0.004971
0.042060
0.043226
0.028741
0.078021
0.083621
-0.007433
0.057530
0.101944
0.019231
0.041586
0.066994
-0.007496
-0.079619
0.004841
-0.018511
-0.122096
0.019705
0.034832
-0.060979
0.031606
0.080925
-0.029782
-0.032989
0.064179
-0.000130
-0.080421
-0.006705
0.012154
-0.082689
-0.072499
-0.030398
-0.045233
-0.036952
-0.019248
0.008000
0.021703
0.027621
0.036772
0.008143
-0.006064
-0.007056
-0.039103
-0.047013
-0.029840
-0.025525
-0.020407
-0.003964
0.005571
0.010019
0.008797
0.007587
0.004415
-0.002201
-0.003970
-0.005780
-0.005902
-0.005953
-0.009157
-0.008127
-0.005007
-0.008131
-0.006482
-0.002999
-0.002417
-0.002461
-0.001940
-0.004515
-0.006596
-0.006928
-0.007142
-0.008138
-0.007240
-0.003950
-0.005009
-0.004715
-0.001354
-0.003299
-0.003373
0.001096
0.001178
-0.000946
0.000035
-0.002111
-0.009845
-0.005545
-0.002834
-0.009427
-0.006213
-0.000301
-0.005562
-0.008112
-0.003112
-0.005266
-0.007916
-0.001932
0.000646
-0.002204
0.000485
0.003181
0.001524
0.001041
0.001509
0.001497
-0.001007
-0.001588
-0.000561
-0.001131
-0.000589
0.000930
0.002352
0.001943
0.002369
0.002056
0.001364
0.001662
0.001668
0.001492
0.001798
0.002444
0.002426
0.002574
0.002613
0.002392
0.002123
0.001966
0.001782
0.001713
0.001820
0.001820
0.001595
0.001593
0.001361
0.001242
0.001146
0.001129
0.001014
0.000966
0.000875
0.000742
0.000741
0.000873
0.000907
0.000944
0.000934
0.000913
0.000813
0.000728
0.000703
0.000724
0.000765
0.000832
0.000925
0.000914
0.000890
0.000795
0.000733
0.000645
0.000577
0.000573
0.000542
0.000558
0.000576
0.000589
0.000568
0.000524
0.000456
0.000384
0.000324
0.000275
0.000300
0.000311
0.000341
0.000358
0.000339
0.000264
0.000171
0.000095
0.000010
-0.000016
-0.000003
0.000066
0.000081
0.000067
0.000016
-0.000046
-0.000053
-0.000039
-0.000013
0.018444
0.049493
0.041237
-0.092685
0.018336
0.078059
0.005176
-0.043281
-0.067862
0.057269
0.105093
0.027951
0.100617
0.228117
0.017091
-0.219980
-0.200384
-0.171010
-0.078821
0.056314
0.174608
0.052796
0.274145
0.127028
-0.245628
-0.148877
-0.524024
-0.185974
0.483755
0.057557
-0.160365
0.385391
0.128313
-0.366576
-0.666220
-0.866916
0.483461
0.312477
-0.703743
0.275307
0.499916
0.002707
-0.088294
-0.259046
0.010005
0.104309
-0.393096
0.074372
0.504238
0.259017
0.328297
0.247044
0.026649
0.033543
-0.101382
-0.076339
0.338650
0.138464
-0.195923
-0.138252
-0.060313
-0.070321
-0.104813
0.040941
0.178920
0.184657
0.064270
0.062029
-0.005264
-0.034158
-0.030260
-0.029875
-0.019722
-0.052402
0.004833
-0.003781
-0.028221
-0.024665
-0.003668
0.000601
0.014441
0.014294
0.024780
0.031110
0.005933
0.014191
0.001018
-0.006438
0.001953
0.000303
0.008677
-0.007383
0.004337
0.021585
-0.014336
-0.021765
-0.016569
0.009281
0.029619
-0.039103
-0.049204
0.027274
-0.004147
0.002663
0.007173
0.065390
0.116328
-0.043957
-0.044248
-0.007549
-0.013226
-0.037702
-0.057093
0.196478
0.222769
-0.143922
-0.143160
0.214865
0.157846
-0.195035
-0.056702
0.060167
0.284136
0.284541
-0.201273
0.091802
-0.145114
-0.533387
-0.140551
-0.388758
-0.120581
0.866316
0.439216
-0.368090
0.027395
0.092068
-0.131530
-0.627713
-0.827668
0.339072
0.433109
-0.288827
0.361522
0.628528
0.255066
0.336435
0.130531
-0.115776
-0.205087
0.033171
0.306826
-0.003750
-0.431498
-0.096682
0.180171
-0.235274
-0.150033
-0.044201
0.199308
0.229135
0.046220
0.170150
0.025775
-0.112803
-0.098473
-0.041608
-0.211680
-0.065246
0.029244
-0.125952
-0.089931
-0.063965
0.007197
-0.034053
-0.042824
-0.065211
-0.006878
0.004144
-0.036514
-0.003127
-0.031735
-0.025386
-0.038985
-0.021081
-0.020260
-0.003748
-0.008900
-0.030568
-0.020297
-0.030589
-0.024457
-0.022702
-0.005616
-0.020847
-0.015239
-0.008787
0.015621
0.026004
-0.061132
-0.037825
-0.022806
0.010375
0.023442
-0.036488
0.057202
0.019180
-0.075477
-0.013790
-0.023580
-0.025014
-0.080364
0.000954
0.187116
0.003606
-0.076240
0.109736
0.255144
0.184542
0.034049
0.191777
0.223729
-0.181485
-0.366021
0.002986
0.135204
-0.065597
-0.318717
-0.293592
0.016386
-0.129062
-0.053332
0.051048
0.320692
0.292695
-0.383591
-0.122078
-0.237321
-0.362987
-0.221585
-0.196117
-0.013452
-0.409016
-0.444832
0.074506
0.731813
0.244048
0.061632
0.429941
0.310433
0.157583
-0.064358
0.163129
0.076760
0.157568
-0.132933
-0.291786
0.052385
0.165199
0.294918
0.191580
0.229965
0.086410
-0.008474
-0.156080
-0.062423
0.036856
-0.076410
0.004499
-0.030470
-0.062106
-0.077717
0.031343
-0.003073
-0.027644
0.008000
-0.020064
-0.029055
-0.052777
-0.032732
-0.055427
-0.047420
-0.050041
-0.043284
-0.019866
-0.012322
0.010539
0.003317
-0.003187
-0.012296
-0.004851
-0.010192
-0.025821
-0.026112
-0.019706
0.013199
-0.017849
-0.039960
0.048617
0.042002
-0.066277
-0.018125
0.004068
-0.030808
0.020934
-0.026173
0.017904
0.054440
-0.097203
-0.048238
0.021680
-0.177482
0.017704
0.188796
-0.195875
0.122687
0.004689
-0.354828
0.142650
-0.009367
-0.109159
-0.191066
-0.495803
0.043889
0.514098
-0.205264
0.145003
0.641554
-0.109172
-0.247476
-0.381750
-0.149949
0.016944
-0.094264
0.098198
0.074478
-0.416613
-0.547256
-0.050011
0.099314
-0.040357
0.060174
0.671460
0.377594
-0.360150
-0.022070
0.071874
-0.219318
-0.113617
-0.160168
0.231627
0.311259
-0.214702
0.033928
0.182553
-0.005328
0.162985
0.174754
-0.040874
0.168839
0.093778
0.055156
0.097157
0.006538
0.155107
0.113964
0.080954
0.034553
0.034842
0.046256
0.068949
-0.001490
-0.033996
0.025447
0.012876
0.037711
0.009101
0.039826
0.011509
-0.006175
0.022302
0.012364
0.016017
0.008993
0.002807
-0.016018
-0.003664
-0.008977
0.001859
0.001635
-0.014239
0.012510
-0.003334
0.004058
0.003227
-0.029717
0.010909
0.033593
-0.008718
-0.035461
0.012623
0.055890
-0.020432
-0.053126
0.001009
0.011922
0.059093
0.013872
-0.053802
0.136931
-0.000413
-0.108576
0.114461
-0.302270
-0.233271
0.128345
-0.223175
0.270192
0.469594
-0.008377
0.253415
-0.253322
-0.334792
0.103811
-0.314463
0.311345
0.663621
0.414633
0.470566
-0.047385
-0.455212
-0.171856
0.053618
0.216906
0.085434
-0.108430
0.325754
-0.010058
-0.332632
-0.332669
0.055095
0.177756
-0.306809
0.324283
-0.039027
-0.185796
0.255074
0.089343
0.207256
-0.289287
-0.507729
0.057913
0.094291
-0.260017
-0.053005
-0.058626
0.039297
-0.121603
-0.446371
0.064963
0.075867
-0.100958
-0.053743
-0.105367
-0.047042
-0.040952
-0.119811
0.063711
0.084720
-0.085420
0.002661
-0.030968
-0.016535
0.039022
-0.010630
-0.022164
-0.014879
-0.067238
-0.019138
0.017705
-0.010534
0.016000
-0.002318
0.012492
0.009198
-0.006136
0.015952
0.007051
-0.005695
0.002990
-0.020891
-0.005249
0.008694
-0.008269
-0.008246
-0.026461
-0.040815
-0.031107
0.013054
0.031599
0.033170
0.017330
-0.032285
-0.030286
-0.076141
-0.083574
0.040189
0.036041
0.009383
0.074549
0.052993
-0.076387
0.057024
0.094870
0.043448
0.170297
-0.305592
-0.147462
0.125586
-0.006546
0.305238
0.086268
0.023254
0.256398
0.043954
-0.419082
-0.463515
-0.189275
0.135480
0.231607
-0.098113
-0.023492
0.212891
0.086159
-0.468485
-0.604844
-0.369103
-0.343585
-0.079599
-0.036805
0.056504
0.336766
0.078807
0.088830
0.296260
-0.203590
-0.208266
-0.087154
-0.193859
0.226564
0.116537
0.125283
0.424093
0.176769
0.146515
0.140531
0.011510
0.127420
0.219434
0.202596
0.170509
-0.008508
-0.041524
-0.020668
-0.058127
-0.006966
-0.021842
0.023506
0.031433
0.053266
0.060643
-0.046844
-0.039769
0.021854
-0.014307
-0.000379
0.043035
-0.006032
0.001113
-0.022047
-0.049618
-0.006369
-0.015301
-0.031378
-0.008094
-0.002362
-0.004343
0.014512
-0.005145
-0.004826
0.011444
0.007262
0.008836
0.011261
0.021575
-0.000917
-0.013358
-0.016177
0.006831
-0.000088
-0.009736
0.010923
0.074367
0.044954
-0.156677
-0.054844
-0.001571
0.005382
0.056583
0.014147
0.020557
-0.065688
-0.071102
-0.071420
0.136817
0.252395
0.059211
-0.009496
-0.100993
-0.094898
0.077192
-0.184533
0.046942
0.638226
0.061104
-0.266364
-0.174402
-0.343578
0.023247
-0.100737
-0.385543
0.820562
0.274561
-0.589294
0.212196
-0.180507
0.163385
0.033245
-0.557169
0.190248
0.587885
-0.174981
-0.284216
0.252006
-0.197078
0.160965
0.156542
-0.066102
0.179771
0.363857
0.438040
0.118757
-0.094521
-0.197279
0.141287
-0.118497
-0.314088
-0.135315
-0.030521
0.033473
0.021631
0.114501
0.090669
0.128473
-0.011722
-0.042716
-0.081911
-0.101500
-0.071396
-0.122011
-0.143763
-0.098376
-0.003220
-0.072363
-0.057053
-0.036216
-0.024377
-0.013621
-0.010383
-0.021735
-0.041932
-0.030371
-0.061199
-0.052774
-0.042898
-0.030598
-0.020779
-0.024064
-0.026067
-0.016036
-0.011879
-0.017224
-0.015135
-0.037625
-0.027127
-0.010126
-0.031376
-0.036458
-0.022912
0.010267
0.009847
-0.056381
-0.024212
-0.015767
-0.071909
0.036017
0.043465
-0.092034
-0.022643
-0.174228
-0.222586
0.030558
0.067146
0.278796
0.056127
-0.135191
-0.009927
-0.110728
-0.142898
-0.137000
-0.030034
-0.035323
-0.045001
0.347435
0.115122
-0.500930
0.199063
0.461106
-0.131510
-0.168955
-0.173166
0.308001
0.989780
0.172314
-0.087429
0.585364
0.004585
0.299540
0.234592
-0.655738
0.018594
0.159466
-0.630984
-0.544409
-0.109969
-0.264493
0.013447
0.206489
0.021869
0.181841
0.021706
-0.017213
0.093743
-0.043438
-0.129132
0.187226
0.137811
-0.125492
0.158643
0.088691
-0.087071
-0.076710
0.015350
0.087783
0.078001
-0.115048
-0.052473
0.117331
-0.140839
-0.045509
0.077584
0.015364
-0.008807
0.017545
-0.009261
-0.004863
-0.044641
-0.100300
-0.025448
-0.087820
-0.072963
-0.049273
-0.056320
-0.061124
-0.050464
-0.026279
-0.014286
-0.008214
-0.023413
-0.009508
-0.012508
-0.003892
-0.013482
-0.017718
-0.011568
-0.017360
0.002043
-0.001983
-0.006682
-0.033134
-0.008122
0.010629
0.017870
-0.015238
-0.087651
0.059712
0.092418
-0.080879
-0.155113
-0.145454
0.074376
0.146061
-0.081357
0.105947
-0.011920
-0.257787
0.097841
-0.184389
0.020194
0.215184
-0.187704
0.353580
0.160937
-0.259886
-0.155798
-0.151190
0.173997
0.090329
-0.138828
-0.097196
0.347029
0.723231
0.281535
-0.189032
-0.050216
-0.138219
0.067845
0.497045
-0.275083
0.176538
0.645197
-0.309603
-0.403956
-0.452165
-0.411776
0.011130
-0.026612
0.047235
0.460210
-0.135527
-0.319288
0.185827
-0.104947
-0.144480
-0.105324
0.098885
0.105640
-0.200594
-0.272338
-0.215299
-0.256404
-0.202096
-0.002833
-0.045573
0.059050
-0.037634
-0.033014
0.106599
0.055310
0.046553
-0.009740
0.000624
0.043261
0.039024
-0.005483
0.031583
-0.009971
-0.017548
0.021243
-0.000261
0.033601
0.030053
0.031189
0.035836
0.025867
0.022723
0.035268
0.017928
0.014448
0.029760
0.016114
0.025130
0.007777
-0.003854
0.011688
0.000561
0.009296
0.008566
-0.017334
-0.020696
-0.009421
0.037562
0.049896
-0.042111
-0.072873
-0.009011
-0.044554
-0.026572
0.030675
0.060409
0.161710
0.007637
-0.128583
-0.057681
0.009563
0.154291
0.095999
0.049724
0.102798
-0.173701
-0.275473
-0.011924
0.118885
0.179427
0.107380
0.209651
0.209038
0.030801
0.001694
-0.111883
0.326348
0.324566
0.055534
0.103655
-0.166146
-0.162686
-0.484396
-0.330926
0.117835
0.040677
-0.020039
0.035485
0.345656
0.046670
-0.519743
-0.101320
0.603789
-0.145953
-0.291522
0.221849
-0.166144
-0.170275
-0.308271
-0.283063
0.009349
0.004962
-0.007545
0.158682
0.239838
0.182940
0.104711
-0.109880
-0.007243
-0.022203
-0.106308
-0.064958
-0.062813
-0.033569
-0.035017
-0.012515
0.024888
0.030226
0.001845
0.038771
0.025673
-0.004412
0.013867
-0.013523
-0.013487
-0.032766
-0.043532
-0.017092
-0.018224
-0.006954
0.008767
0.005125
0.004409
0.005322
-0.010723
0.000772
-0.005275
-0.008327
0.003645
0.001114
0.003241
0.000318
-0.004271
-0.008998
-0.008850
0.001506
0.007730
0.002852
0.027970
0.023847
-0.009036
-0.030083
-0.036874
-0.032469
-0.009912
-0.000244
0.003390
0.011732
-0.035000
-0.031097
-0.010180
-0.043923
-0.016810
0.031254
0.015240
0.003580
0.013011
0.001565
0.004579
0.008334
0.007797
0.010671
0.004062
0.004522
0.007000
0.006146
0.005938
0.008305
0.009280
0.011374
0.013238
0.018141
0.017082
0.012988
0.010093
0.006552
0.006136
0.004455
0.004448
0.003134
0.002183
0.001073
-0.002037
-0.002979
-0.001760
-0.001932
-0.001167
0.002238
0.002859
0.001670
0.000846
0.000960
-0.001569
-0.000283
0.000848
-0.001767
-0.000911
-0.000148
0.000231
0.000632
0.001388
0.001502
0.002450
0.002087
0.002389
0.002098
0.001802
0.001267
0.000256
-0.000463
-0.000098
-0.000202
0.000214
0.000226
0.000664
0.000585
0.000536
0.000480
0.000517
0.000274
0.000093
0.000108
-0.000134
-0.000177
0.000089
0.000082
0.000146
0.000134
0.000161
0.000138
0.000371
0.000702
0.000765
0.000576
0.000292
0.000101
0.000061
0.000154
0.000267
0.000228
0.000170
0.000052
-0.000024
-0.000033
-0.000096
-0.000205
-0.000257
-0.000248
-0.000373
-0.000353
-0.000448
-0.000630
-0.000722
-0.000834
-0.000945
-0.000888
-0.000792
-0.000828
-0.000667
-0.000596
-0.000668
-0.000658
-0.000470
-0.000422
-0.000205