-0.012258
-0.012291
-0.011882
-0.006977
-0.006920
-0.007286
-0.008514
-0.008847
-0.008764
-0.010243
-0.008295
-0.007477
-0.006233
-0.005663
-0.005271
-0.005176
-0.005422
-0.003973
-0.005230
-0.005566
-0.005525
-0.004879
-0.004253
-0.004000
-0.000500
-0.002892
-0.007389
0.003261
0.006210
-0.005122
-0.003254
0.000815
-0.003422
-0.001022
0.013783
0.017234
0.016875
0.021283
0.009532
-0.005104
-0.009148
-0.016125
-0.016060
-0.011285
-0.005000
0.023999
0.033159
0.009570
0.004078
-0.023641
-0.040831
-0.014310
-0.028923
-0.038174
0.024873
0.027608
-0.041621
-0.038301
-0.037427
-0.083882
-0.090464
-0.068018
-0.059206
-0.041612
0.003773
0.008998
-0.028096
-0.034626
-0.031459
-0.040672
-0.044182
-0.002937
0.033653
0.030951
0.060513
0.077737
0.048703
0.051379
0.055492
0.028872
0.021168
0.029561
0.025490
0.016044
0.017839
0.009491
-0.003320
-0.003316
0.008060
0.017358
0.018108
0.020004
0.021593
0.012266
0.004135
-0.000633
0.000011
0.002415
0.005451
0.008959
0.009638
0.011081
0.010590
0.008171
0.005514
0.004805
0.004372
0.004530
0.003666
0.003834
0.003176
0.002295
0.002349
0.003382
0.002958
0.004338
0.004452
0.002267
0.003333
0.004356
0.005103
0.005355
0.001374
0.000556
0.002636
0.001301
0.001333
0.004448
0.009487
0.008924
0.005565
0.009372
0.007914
0.001633
0.001837
0.002157
0.013295
0.015201
0.005897
0.015432
0.029404
0.011270
-0.000827
0.019209
0.005962
0.002813
0.043682
0.027725
0.002596
0.013824
-0.002845
-0.044745
-0.062470
-0.029038
-0.004630
-0.020377
-0.008558
0.040861
0.032413
-0.022046
-0.027678
-0.047953
-0.091948
-0.056831
-0.004635
-0.001484
0.025892
0.089885
0.097096
0.065899
0.059735
0.058780
0.050313
0.028101
0.016411
0.027906
0.025643
0.019655
0.014204
0.003544
-0.013327
-0.009586
0.015296
0.010085
-0.001074
0.013779
0.018430
-0.006437
-0.015492
-0.012040
-0.028903
-0.028955
-0.014540
-0.015074
-0.014982
-0.008029
-0.008967
-0.018084
-0.022676
-0.021748
-0.022398
-0.024536
-0.023610
-0.020744
-0.019766
-0.021243
-0.020274
-0.018810
-0.020235
-0.018643
-0.017709
-0.017140
-0.016274
-0.014320
-0.012413
-0.013171
-0.013908
-0.014273
-0.012004
-0.010548
-0.010649
-0.012918
-0.013722
-0.012553
-0.013171
-0.011633
-0.010004
-0.005124
-0.006554
-0.008622
-0.003155
-0.007202
-0.012188
-0.012889
-0.006030
-0.004648
-0.009995
0.004962
0.017866
0.016909
0.025210
0.037834
0.044400
0.034760
0.023522
0.019359
0.010466
-0.000884
-0.010106
-0.024518
-0.036143
-0.033163
-0.030323
-0.033736
-0.033391
-0.010882
-0.010699
-0.037268
-0.015544
-0.028918
-0.074622
-0.066225
-0.065990
-0.105333
-0.110263
-0.056157
-0.050452
-0.048966
0.005462
0.014315
0.015532
0.056614
0.073758
0.049367
0.047692
0.058545
0.044369
0.028785
0.031610
0.045169
0.044161
0.049388
0.059286
0.056902
0.051137
0.055583
0.047395
0.016178
0.004150
0.003733
-0.009015
-0.012196
0.002337
0.005502
-0.000783
0.003443
0.001699
-0.003085
-0.003565
-0.002274
-0.004371
-0.008611
-0.007642
-0.011443
-0.013613
-0.015594
-0.013981
-0.012996
-0.012230
-0.009252
-0.009666
-0.009311
-0.009675
-0.009273
-0.011356
-0.011430
-0.009384
-0.009243
-0.010230
-0.008893
-0.002130
-0.003919
-0.007391
0.000004
-0.002164
-0.009623
-0.000863
0.002012
-0.007257
-0.000597
0.003628
-0.007352
-0.011295
-0.011059
-0.011324
-0.015284
-0.022548
-0.006061
-0.014257
-0.036581
-0.006360
-0.008172
-0.050532
-0.048782
-0.036791
-0.051686
-0.043775
-0.018220
-0.013425
-0.000223
0.006813
-0.008615
-0.013434
-0.024098
-0.050561
-0.036842
-0.026729
-0.063167
-0.045290
-0.019319
-0.052274
-0.067047
-0.045705
-0.037343
-0.020951
0.008331
0.018660
0.022953
0.014125
-0.006856
-0.010048
-0.018266
-0.018868
0.009334
0.025215
0.018816
0.028595
0.048169
0.028997
0.019195
0.033052
0.029503
0.027953
0.040591
0.038263
0.033467
0.039815
0.044767
0.043804
0.038872
0.046999
0.047860
0.035377
0.033425
0.032670
0.027381
0.028101
0.029087
0.024725
0.020533
0.020612
0.020054
0.018499
0.017372
0.017244
0.014435
0.013557
0.013253
0.010683
0.010983
0.010479
0.009829
0.010305
0.011077
0.010309
0.009456
0.007177
0.004726
0.006938
0.007774
0.004547
0.004579
0.009541
0.008251
0.000897
0.005497
0.005932
-0.002139
0.006430
0.008270
-0.003241
0.008249
0.012162
0.000700
0.005669
-0.011005
-0.022337
-0.010972
-0.023085
-0.006849
0.023548
0.017605
0.021894
0.029771
0.017796
-0.007723
-0.003794
0.022888
0.018084
0.058240
0.106682
0.079322
0.066214
0.077008
0.057669
0.010918
0.008916
0.045221
0.027284
0.025265
0.061408
0.018537
-0.013733
0.004520
-0.017428
-0.019671
-0.011005
0.007921
0.025490
0.013785
0.015324
-0.008178
-0.017356
-0.006167
-0.023016
-0.025612
-0.030093
-0.027680
-0.022166
-0.030796
-0.030778
-0.036063
-0.044561
-0.043468
-0.050749
-0.054209
-0.044183
-0.038757
-0.036020
-0.037973
-0.035177
-0.029550
-0.028287
-0.022493
-0.017162
-0.016955
-0.014337
-0.013157
-0.015429
-0.012550
-0.011287
-0.015948
-0.014600
-0.014301
-0.011379
-0.009749
-0.009855
-0.008389
-0.010265
-0.010353
-0.010198
-0.009830
-0.010899
-0.009230
-0.007974
-0.008331
-0.008287
-0.008891
-0.011725
-0.012685
-0.008240
-0.008509
-0.009238
-0.004336
-0.005710
-0.009785
-0.011112
-0.011589
-0.012185
-0.013625
-0.008650
0.000339
0.000343
-0.001545
0.013556
0.014375
0.007387
0.019104
0.002475
-0.008092
0.012918
0.013438
0.011086
0.017646
0.031512
0.034612
0.031440
0.013307
-0.024814
-0.025722
-0.026719
-0.042334
-0.031364
-0.015412
-0.003250
-0.002495
-0.031775
-0.062821
-0.089436
-0.112995
-0.111345
-0.105939
-0.095113
-0.054782
-0.026753
-0.014947
-0.001644
-0.011955
-0.027788
-0.032574
-0.035056
-0.029289
-0.011381
0.017339
0.034686
0.051275
0.072183
0.063014
0.061605
0.065002
0.056986
0.057280
0.054379
0.060072
0.059326
0.046592
0.043592
0.028037
0.012686
0.018157
0.021282
0.019177
0.022159
0.021614
0.015039
0.010970
0.009128
0.004550
0.002191
0.006782
0.009548
0.011209
0.011910
0.009374
0.006567
0.004404
0.001613
0.001807
0.002637
0.001517
0.002361
0.002494
0.002722
0.003197
0.002450
0.003125
0.003344
0.001806
0.001783
0.003033
0.002333
0.001940
0.004938
0.007263
0.010851
0.008296
0.000840
0.004571
0.004053
-0.003065
0.002303
0.005060
-0.002898
-0.002619
0.006162
-0.004337
0.000343
0.024608
0.009803
0.000936
0.018395
0.013268
-0.003757
-0.006485
0.011831
0.016273
0.000421
0.018275
0.020857
-0.020658
-0.016535
-0.016422
-0.053472
-0.009967
0.014162
-0.026401
0.007097
0.035845
-0.009308
-0.027430
0.001122
-0.023203
-0.020966
0.043322
0.013571
-0.000970
0.038230
0.027275
0.014248
0.022137
0.041934
0.062592
0.071560
0.067175
0.067479
0.064875
0.047530
0.029341
0.006546
-0.009398
-0.006852
0.001544
0.003576
0.003532
0.009693
0.018919
0.014032
0.000953
-0.003119
-0.012787
-0.026411
-0.029274
-0.026025
-0.029626
-0.027703
-0.018500
-0.023930
-0.024829
-0.019555
-0.020052
-0.023077
-0.022937
-0.021226
-0.024597
-0.024892
-0.027238
-0.028123
-0.027583
-0.026467
-0.023820
-0.022469
-0.019416
-0.018968
-0.017993
-0.018282
-0.020467
-0.020121
-0.018812
-0.020325
-0.020747
-0.017241
-0.016711
-0.017866
-0.017786
-0.015658
-0.019639
-0.021465
-0.011990
-0.015025
-0.025268
-0.017027
-0.025661
-0.043379
-0.027516
-0.015147
-0.023583
-0.021070
-0.003104
-0.011661
-0.027475
-0.011011
-0.027661
-0.053508
-0.040331
-0.020898
-0.004680
-0.017230
-0.014888
0.028343
0.013905
-0.019183
0.016565
0.018794
0.002543
0.078459
0.103558
0.044619
0.102105
0.155270
0.092279
0.074750
0.095062
0.042658
0.006943
0.020502
-0.028388
-0.057875
-0.037790
-0.048037
-0.047301
-0.040552
-0.030364
-0.003645
-0.009684
-0.022818
-0.017015
-0.014842
-0.016036
-0.001679
0.011042
0.020306
0.028553
0.028354
0.032780
0.033469
0.019422
0.016108
0.018769
0.004552
0.002301
0.004982
-0.006939
-0.016521
-0.010750
-0.010324
-0.013869
-0.008648
-0.009764
-0.013391
-0.014813
-0.018799
-0.019083
-0.021146
-0.022129
-0.020476
-0.020260
-0.020822
-0.019055
-0.017129
-0.018897
-0.017907
-0.017856
-0.017716
-0.019089
-0.018860
-0.017607
-0.018816
-0.017135
-0.013963
-0.013744
-0.014332
-0.013448
-0.012888
-0.013025
-0.012825
-0.014071
-0.015065
-0.006144
-0.005492
-0.018344
-0.019491
-0.016713
-0.015478
-0.015382
-0.012494
-0.003575
-0.016426
-0.016627
0.002385
-0.022977
-0.022657
0.004185
-0.010245
0.000259
0.026064
0.015385
-0.008649
0.011129
0.016889
-0.034570
-0.007179
0.021791
0.005844
0.063935
0.082782
0.037164
0.048228
0.065296
0.042134
0.032296
0.034755
0.043979
0.057432
0.043328
0.022818
0.009159
-0.022743
-0.054859
-0.042591
-0.038017
-0.049860
-0.010623
0.011778
-0.019129
-0.026824
-0.020488
-0.043233
-0.045520
-0.028332
-0.030148
-0.039132
-0.041018
-0.038319
-0.055097
-0.066939
-0.057972
-0.055613
-0.047860
-0.031452
-0.024207
-0.027941
-0.026893
-0.024320
-0.023115
-0.018698
-0.013199
-0.008756
-0.009343
-0.003841
0.001360
0.001940
0.004332
0.004848
0.005892
0.006451
0.005409
0.004751
0.006231
0.006547
0.006440
0.006601
0.005367
0.004907
0.003971
0.004444
0.004655
0.004790
0.004559
0.004838
0.004518
0.002404
0.000434
-0.000439
0.002209
0.001302
-0.000903
-0.000630
-0.002540
-0.008460
-0.008199
-0.002414
-0.000747
0.005163
0.006823
0.001029
0.002891
0.009956
0.010746
0.005715
0.017063
0.022677
0.003392
0.006987
0.019545
0.005592
0.005557
0.030370
0.037438
0.029290
0.058897
0.067969
0.024347
0.049351
0.070406
0.026525
0.040673
0.071173
0.020299
-0.028493
0.013632
-0.008191
-0.078071
-0.010984
0.020816
-0.038646
-0.009984
0.027629
-0.021312
-0.038264
-0.002630
-0.025141
-0.046633
-0.008838
-0.006409
-0.045680
-0.044452
-0.036071
-0.046541
-0.035626
-0.015439
0.002295
0.009889
0.015596
0.017606
0.004839
-0.003952
-0.006437
-0.015476
-0.020427
-0.014803
-0.008571
-0.005620
-0.004089
-0.002088
0.002533
-0.000767
-0.002615
-0.002246
-0.003795
-0.006619
-0.007950
-0.007211
-0.008839
-0.008026
-0.007464
-0.006480
-0.006839
-0.005076
-0.003504
-0.002896
-0.000537
-0.002137
-0.004177
-0.005287
-0.006525
-0.006251
-0.005702
-0.004392
-0.004176
-0.003822
-0.003528
-0.002992
-0.003443
-0.002920
-0.000306
-0.000257
-0.001175
-0.000372
-0.001597
-0.005428
-0.005004
-0.004711
-0.007278
-0.006115
-0.002372
-0.003526
-0.004806
-0.003522
-0.005416
-0.006161
-0.002678
-0.001324
-0.000992
0.000389
0.001057
0.000379
-0.000185
-0.000949
-0.001218
-0.000188
0.001259
0.002617
0.003226
0.002629
0.002282
0.002115
0.002556
0.002271
0.001430
0.001668
0.001385
0.000911
0.000544
0.000985
0.001272
0.001960
0.001939
0.002402
0.002768
0.002896
0.002490
0.001987
0.001754
0.001625
0.001195
0.001101
0.001035
0.001217
0.001266
0.001342
0.001348
0.001402
0.001259
0.001067
0.000961
0.000861
0.000801
0.000823
0.000880
0.000829
0.000763
0.000751
0.000673
0.000637
0.000681
0.000666
0.000658
0.000762
0.000774
0.000706
0.000669
0.000637
0.000591
0.000629
0.000676
0.000632
0.000602
0.000609
0.000592
0.000526
0.000542
0.000546
0.000482
0.000431
0.000354
0.000290
0.000272
0.000263
0.000180
0.000066
0.000004
0.000036
0.000026
-0.000024
-0.000108
-0.000167
-0.000183
-0.000081
0.104874
-0.097248
-0.079425
0.171627
0.036215
-0.088505
-0.049283
0.067542
0.060257
-0.023938
0.168741
0.220874
0.083695
-0.227180
-0.280466
-0.110174
-0.013732
0.022437
0.202744
0.060443
0.005822
0.319896
-0.242801
-0.245512
-0.203506
-0.443756
0.369279
0.414854
-0.339306
0.058802
0.594925
-0.456811
-1.060463
-0.454505
0.525112
0.452798
-0.896530
-0.069591
0.684826
-0.069242
-0.207702
-0.180907
0.165016
0.114593
-0.450501
-0.028951
0.422624
0.523442
0.250685
-0.061163
0.264723
0.070184
-0.121489
0.097688
0.376875
0.178507
-0.262533
-0.198998
-0.042162
0.004647
-0.142668
0.011919
0.235940
0.119531
0.021559
-0.002039
-0.021368
0.002641
-0.011580
-0.021783
0.001009
-0.056199
0.015487
0.021940
-0.028208
-0.018446
0.010940
0.021869
0.012382
-0.002873
0.002287
0.027101
0.004630
0.009955
0.005428
-0.004788
0.010971
0.003263
0.002942
-0.001154
-0.018680
0.024333
-0.009492
-0.040235
-0.000231
0.002311
0.031875
-0.018987
-0.072977
0.027795
0.021631
-0.030485
0.011661
0.047231
0.154396
-0.049528
-0.108810
0.049221
-0.014816
-0.026984
-0.073002
0.128086
0.338909
-0.137120
-0.304673
0.210405
0.378598
-0.284015
-0.225362
0.391558
0.067652
0.175734
0.065419
-0.073467
0.031730
-0.529923
-0.243334
-0.316792
-0.249255
0.912482
0.682577
-0.635662
-0.434375
0.533913
0.020033
-0.844381
-0.532284
0.329103
0.256940
-0.412053
0.221060
0.801747
0.269211
0.172081
0.057512
0.085103
-0.046811
0.035433
0.461691
-0.205278
-0.450449
-0.002845
0.305294
-0.199233
-0.393082
0.091021
0.147277
0.205526
0.025113
0.045964
-0.051376
-0.108215
0.015520
-0.113014
-0.069966
-0.035561
-0.034863
-0.066908
-0.121239
-0.048445
0.018898
-0.052896
-0.077825
-0.056183
-0.027714
-0.000057
-0.013908
-0.027008
-0.039502
-0.013496
-0.035755
-0.025153
-0.018838
-0.013466
-0.017325
-0.037364
-0.019210
-0.020979
-0.035226
-0.033090
0.000987
-0.006351
-0.030413
-0.014220
0.004711
0.047470
-0.040941
-0.066976
0.004400
-0.015004
0.026560
-0.031104
0.026543
0.080310
-0.133654
-0.056146
0.033469
-0.014351
-0.057375
-0.081300
0.232924
0.043634
-0.199275
0.156725
0.283952
0.171264
-0.034186
0.196277
0.382511
-0.175725
-0.446949
-0.014936
0.295613
-0.021143
-0.302121
-0.320373
-0.069690
-0.144424
-0.163279
0.176858
0.227139
0.453049
-0.518399
-0.565234
0.290714
-0.338984
-0.299217
-0.165189
0.094050
-0.528745
-0.710749
0.356990
0.502971
0.301156
0.005026
0.318243
0.362986
0.131041
-0.045106
0.158146
0.368584
0.143706
-0.117054
-0.391018
0.053010
0.383715
0.249413
0.131916
0.193739
0.091533
-0.113015
-0.122987
0.003262
0.027858
-0.047906
-0.004746
-0.080879
-0.076882
-0.049145
0.019376
0.022114
-0.020252
-0.012833
-0.025206
-0.040821
-0.064431
-0.026547
-0.037900
-0.038832
-0.039875
-0.028037
-0.012369
-0.007787
0.003560
-0.000133
-0.009090
-0.026180
-0.024337
-0.015545
-0.022048
-0.030488
-0.024329
0.002551
-0.000814
-0.058577
0.027180
0.105363
-0.079569
-0.090026
0.084064
-0.030546
-0.061804
0.057978
0.018416
-0.005863
-0.055988
-0.063701
-0.001816
-0.102948
-0.088174
0.250839
-0.109351
-0.155506
0.319197
-0.418189
-0.154115
0.316143
-0.071568
-0.328419
-0.455230
0.022212
0.336236
-0.030736
-0.002465
0.673494
0.111291
-0.538004
-0.487020
0.147427
0.244768
-0.340938
0.192348
0.143464
-0.659021
-0.492005
0.032215
0.093193
-0.058073
-0.032554
0.582792
0.471468
-0.455272
-0.268654
0.389233
-0.110420
-0.256458
0.048733
0.175667
0.278237
-0.226018
-0.019051
0.156415
0.072165
0.207102
0.050362
0.046539
0.160746
0.046689
0.013032
0.126063
0.058450
0.188038
0.104760
0.052490
0.071118
-0.004813
0.128750
0.082851
-0.051197
-0.023664
0.027389
0.033727
0.055126
-0.002392
0.027289
0.025831
-0.015928
0.031149
0.025510
0.005684
-0.001260
-0.009256
-0.008898
-0.000967
-0.013598
0.003408
0.004366
-0.011347
0.010288
0.005973
-0.007572
0.013746
-0.028363
-0.017198
0.054886
0.012136
-0.051587
-0.018721
0.092255
-0.013014
-0.121127
0.049478
0.031749
-0.037603
0.082937
-0.040856
0.026879
0.157688
-0.183426
0.025949
-0.028893
-0.439913
0.125345
-0.028711
-0.088378
0.601740
0.151171
0.009214
-0.137881
-0.409128
0.193728
-0.324726
0.273072
0.869653
0.111590
0.477640
0.057922
-0.478437
-0.193025
0.198429
0.442674
-0.059574
-0.128608
0.462247
-0.237481
-0.533884
0.021457
-0.046738
0.404507
-0.324339
-0.155823
0.315539
-0.448293
0.312621
0.175706
0.078898
-0.094713
-0.692090
0.179915
0.189306
-0.310589
-0.074046
-0.042211
0.116537
-0.219087
-0.553938
0.109617
0.205063
-0.099886
-0.170984
-0.169188
-0.052957
-0.027207
-0.117033
0.061754
0.095571
-0.125719
-0.031008
-0.039520
0.046930
0.060882
-0.060209
0.016749
-0.026541
-0.067994
0.006565
0.007476
-0.003327
0.019367
-0.018921
0.021202
0.006920
-0.024469
0.019878
0.002103
-0.017293
0.006395
-0.020705
-0.014414
0.017682
-0.005187
0.000983
-0.018183
-0.029555
-0.045862
-0.007656
0.072699
0.028968
0.009649
-0.012104
-0.054114
-0.069974
-0.088860
0.045453
0.089390
-0.037551
0.027203
0.087895
-0.069216
-0.069496
0.256468
0.014254
0.081323
-0.045477
-0.401514
0.161257
0.075314
0.230027
0.180710
-0.030958
0.264403
-0.046347
-0.261154
-0.453547
-0.227104
0.308195
0.077080
-0.174332
-0.011803
0.204446
0.123329
-0.487559
-0.695015
-0.172298
-0.192697
-0.323787
-0.063638
-0.020156
0.216860
0.204293
-0.115494
0.241897
0.043138
-0.269325
0.014373
-0.155673
0.107528
0.123851
0.091072
0.526995
0.136645
0.084430
0.161792
0.014913
0.301725
0.232837
0.187670
0.118170
-0.105803
0.068426
0.031428
-0.073100
0.059000
-0.049412
0.004315
0.089217
0.003652
0.003383
-0.066992
-0.073216
0.026934
0.022297
-0.003228
0.034574
0.008840
0.002849
-0.006361
-0.026527
0.007485
-0.018863
-0.029470
-0.010346
-0.009578
0.009199
0.006354
-0.010291
-0.001863
0.003253
0.013352
0.007689
-0.010211
0.021717
0.002835
-0.032816
-0.005784
0.012497
0.008121
-0.028286
0.015039
0.049457
0.093620
-0.139077
-0.162690
0.088380
-0.017573
0.016114
0.059386
0.075652
-0.129375
-0.148304
0.026837
0.007545
0.322672
0.230720
-0.199460
-0.143817
-0.054775
0.081314
-0.070991
-0.095650
0.753913
0.195486
-0.606352
-0.060452
-0.084980
-0.243933
0.081451
-0.297915
0.306420
0.895794
-0.770407
-0.382443
0.276937
0.241829
-0.035298
-0.602596
0.469384
0.201429
-0.129852
-0.141199
-0.006607
0.268949
-0.076388
0.011190
0.052280
0.203645
0.383790
0.441347
0.022752
-0.236911
0.045280
0.237399
-0.049336
-0.335399
-0.225919
0.048415
0.044327
-0.072416
0.095837
0.027826
0.080606
0.023185
-0.068014
-0.065304
-0.058181
-0.057658
-0.174269
-0.107140
-0.062931
-0.026228
-0.062652
-0.074498
-0.038184
-0.017848
-0.013355
-0.026700
-0.031648
-0.056914
-0.045708
-0.056846
-0.045470
-0.036391
-0.026245
-0.024389
-0.024336
-0.020647
-0.017537
-0.023038
-0.038520
-0.020510
-0.032083
-0.040015
-0.010314
-0.020050
-0.046300
-0.020615
0.014671
0.025984
-0.061033
-0.056246
0.034465
-0.094598
-0.031968
0.138453
-0.077443
-0.136254
-0.020969
-0.293688
-0.090234
0.159148
0.304421
0.079332
-0.260256
0.086167
-0.183761
-0.207064
0.092826
-0.024925
-0.038672
-0.186446
0.167546
0.424316
-0.592121
-0.059739
0.859528
-0.222172
-0.567144
0.229089
0.371120
0.483697
0.595173
-0.159076
0.195679
0.584939
0.204524
-0.002375
-0.348434
0.263193
0.093767
-0.634501
-0.594881
-0.322056
0.164820
-0.143926
-0.101447
0.150433
-0.082725
0.007042
0.096143
0.003693
-0.112020
-0.071976
0.148105
0.234253
-0.047892
0.021841
0.207006
-0.022298
-0.141635
0.157256
0.191831
-0.052196
-0.098222
-0.059936
0.088582
-0.092483
-0.100900
0.057600
0.029600
-0.010468
-0.050438
0.006942
-0.014313
-0.077411
-0.092066
-0.045621
-0.062302
-0.053944
-0.066888
-0.064654
-0.036597
-0.044841
-0.019964
-0.008952
-0.012933
-0.027281
-0.018273
-0.014798
-0.003616
-0.018838
-0.026309
-0.002009
-0.029369
-0.005566
0.004014
-0.007520
-0.031436
-0.030409
0.024053
0.015377
0.010799
-0.080442
-0.009460
0.173790
-0.056899
-0.206227
-0.119453
0.036084
0.170978
-0.101263
0.038493
0.219463
-0.443177
-0.059657
0.123700
-0.231829
0.384361
-0.059651
-0.008179
0.258487
-0.188464
-0.082629
-0.321819
0.383822
0.177923
-0.569222
0.276714
0.236890
0.456287
0.551246
-0.254220
-0.149728
0.110733
-0.021967
0.325815
0.071106
0.026348
0.744906
-0.182256
-0.825738
-0.365051
0.010597
0.052715
-0.295132
0.045831
0.341536
-0.193515
-0.273841
0.149707
-0.138562
-0.162453
-0.021564
0.144737
0.210908
-0.334213
-0.363523
-0.194167
-0.140080
-0.060644
-0.080776
-0.095902
0.003855
-0.082398
-0.058438
0.111844
0.038702
0.011431
-0.018617
0.006044
0.085900
0.033765
-0.016897
0.045676
0.001993
0.004998
0.032855
-0.003309
0.040769
0.014638
0.028847
0.046582
0.016819
0.023322
0.034775
0.025867
0.020821
0.026043
0.020789
0.022408
0.005732
-0.008394
0.015530
0.008758
-0.002461
0.020139
-0.011236
-0.022597
-0.014300
0.031996
0.077120
-0.021485
-0.089821
-0.003567
-0.013703
-0.082158
0.041560
0.091964
0.117584
0.048695
-0.169286
-0.093940
0.015269
0.190045
0.144563
-0.037620
0.173936
-0.097184
-0.469722
0.003649
0.294788
0.155365
0.029097
0.208023
0.226545
-0.222525
0.186560
0.081825
-0.021168
0.641035
0.062629
-0.155863
-0.000796
0.089428
-0.528743
-0.781534
0.664317
0.072248
-0.479805
0.302289
0.258293
-0.222827
-0.478024
0.055444
0.548509
-0.003119
-0.399759
0.058879
0.024484
-0.122789
-0.327375
-0.319850
0.118870
-0.010110
-0.071380
0.106657
0.186319
0.227944
0.003286
-0.123349
0.077407
0.037003
-0.076564
-0.069354
-0.061399
-0.010959
-0.048596
-0.038278
0.039946
0.018501
-0.021552
0.038481
0.003764
-0.015091
0.006674
-0.015601
-0.005110
-0.031726
-0.035536
0.003213
-0.011020
-0.006753
0.014997
0.003161
-0.001952
-0.007639
-0.017702
0.002491
-0.003910
-0.012767
0.003924
0.005179
0.012342
0.002913
0.000881
0.001943
-0.012377
-0.003095
0.015383
-0.009510
0.015639
0.041895
-0.016688
-0.045645
-0.016674
-0.018377
-0.036650
0.016045
0.020436
-0.012309
-0.026486
-0.032282
-0.023504
-0.035950
-0.006647
0.025774
0.008396
-0.008259
-0.006958
0.003687
0.012638
0.009114
0.012314
0.013850
0.005024
0.010783
0.008709
0.005456
0.008190
0.007225
0.009797
0.011085
0.009615
0.013386
0.013234
0.011355
0.013154
0.007828
0.007238
0.006855
0.005553
0.007616
0.005249
0.003766
-0.002078
-0.002731
-0.001134
-0.000278
0.000224
-0.002230
0.001319
0.002360
0.000206
0.002209
0.002332
0.002213
-0.002388
-0.000739
0.002077
-0.000900
-0.000687
0.000205
-0.000059
-0.000925
0.000389
0.000002
0.002256
0.001968
0.002524
0.002317
0.002182
0.001678
0.000664
-0.000326
0.000298
-0.000334
-0.000210
-0.000640
0.000061
0.000347
0.000643
0.000451
0.000398
0.000206
-0.000178
-0.000242
0.000165
0.000127
0.000085
0.000003
0.000083
0.000128
0.000402
0.000730
0.000686
0.000380
0.000134
0.000037
0.000148
0.000298
0.000344
0.000335
0.000097
-0.000038
-0.000023
-0.000012
-0.000086
-0.000172
-0.000278
-0.000324
-0.000290
-0.000148
-0.000161
-0.000363
-0.000555
-0.000745
-0.000799
-0.000739
-0.000697
-0.000697
-0.000809
-0.000870
-0.000628
-0.000548
-0.000555
-0.000601
-0.000443
-0.000504
-0.000287