-0.000623
0.076776
0.154157
0.226830
0.290510
0.341933
0.379223
0.401916
0.410674
0.406841
0.391998
0.367701
0.335453
0.296893
0.254058
0.209574
0.166607
0.128554
0.098514
0.078699
0.069974
0.071684
0.081830
0.097546
0.115722
0.133578
0.149024
0.160720
0.167872
0.169899
0.166128
0.155693
0.137673
0.111442
0.077092
0.035739
-0.010415
-0.058338
-0.104673
-0.146350
-0.181107
-0.207761
-0.226162
-0.236863
-0.240662
-0.238190
-0.229706
-0.215172
-0.194562
-0.168272
-0.137452
-0.104101
-0.070876
-0.040648
-0.015960
0.001437
0.010807
0.012350
0.006870
-0.004688
-0.021626
-0.043665
-0.070840
-0.103156
-0.140155
-0.180576
-0.222253
-0.262333
-0.297745
-0.325787
-0.344630
-0.353588
-0.353071
-0.344270
-0.328694
-0.307762
-0.282574
-0.253960
-0.222729
-0.190018
-0.157538
-0.127591
-0.102792
-0.085565
-0.077554
-0.079154
-0.089314
-0.105687
-0.125085
-0.144081
-0.159578
-0.169175
-0.171250
-0.164790
-0.149096
-0.123530
-0.087449
-0.040380
0.017616
0.085530
0.161122
0.240916
0.320529
0.395272
0.460854
0.514011
0.552866
0.576952
0.586931
0.584144
0.570173
0.546571
0.514843
0.476624
0.433955
0.389457
0.346300
0.307880
0.277295
0.256759
0.247138
0.247776
0.256676
0.270974
0.287561
0.303658
0.317178
0.326781
0.331678
0.331286
0.324938
0.311769
0.290860
0.261591
0.224053
0.179368
0.129739
0.078204
0.028122
-0.017434
-0.056196
-0.086979
-0.109627
-0.124691
-0.132964
-0.135072
-0.131270
-0.121515
-0.105776
-0.084445
-0.058666
-0.030435
-0.002402
0.022566
0.041933
0.053950
0.057889
0.053955
0.042956
0.025843
0.003321
-0.024327
-0.057129
-0.095087
-0.137736
-0.183808
-0.231134
-0.276854
-0.317892
-0.351539
-0.375962
-0.390469
-0.395466
-0.392135
-0.381984
-0.366423
-0.346549
-0.323185
-0.297136
-0.269533
-0.242083
-0.217083
-0.197142
-0.184680
-0.181337
-0.187502
-0.202119
-0.222840
-0.246469
-0.269576
-0.289060
-0.302517
-0.308320
-0.305453
-0.293213
-0.270958
-0.238044
-0.193992
-0.138862
-0.073660
0.751765
0.717422
0.667867
0.605824
0.534177
0.456287
0.376218
0.298675
0.228587
0.170395
0.127248
0.100373
0.088823
0.089719
0.098910
0.111854
0.124460
0.133631
0.137407
0.134722
0.124946
0.107458
0.081446
0.046043
0.000760
-0.053980
-0.116426
-0.183415
-0.250701
-0.313638
-0.368010
-0.410759
-0.440373
-0.456836
-0.461186
-0.454861
-0.439105
-0.414639
-0.381714
-0.340507
-0.291675
-0.236828
-0.178709
-0.120967
-0.067594
-0.022200
0.012629
0.035665
0.046965
0.047435
0.038232
0.020220
-0.006273
-0.041326
-0.084961
-0.136540
-0.194276
-0.255066
-0.314757
-0.368787
-0.412998
-0.444376
-0.461481
-0.464446
-0.454595
-0.433848
-0.404145
-0.367126
-0.324141
-0.276568
-0.226250
-0.175823
-0.128733
-0.088851
-0.059772
-0.043990
-0.042212
-0.053050
-0.073200
-0.098046
-0.122509
-0.141872
-0.152356
-0.151306
-0.137023
-0.108406
-0.064613
-0.004959
0.070878
0.162386
0.267684
0.383154
0.503441
0.621925
0.731556
0.825873
0.899910
0.950752
0.977618
0.981503
0.964556
0.929440
0.878903
0.815670
0.742626
0.663133
0.581256
0.501704
0.429407
0.368807
0.323057
0.293384
0.278847
0.276568
0.282399
0.291803
0.300691
0.305970
0.305684
0.298771
0.284605
0.262570
0.231856
0.191605
0.141329
0.081457
0.013746
-0.058636
-0.131439
-0.200010
-0.260128
-0.308730
-0.344298
-0.366810
-0.377297
-0.377192
-0.367733
-0.349635
-0.323141
-0.288423
-0.246131
-0.197870
-0.146375
-0.095289
-0.048597
-0.009904
0.018214
0.034532
0.039115
0.032877
0.016979
-0.007706
-0.040845
-0.082510
-0.132716
-0.190819
-0.255025
-0.322225
-0.388261
-0.448563
-0.498966
-0.536453
-0.559575
-0.568460
-0.564427
-0.549389
-0.525282
-0.493738
-0.456104
-0.413751
-0.368518
-0.323037
-0.280746
-0.245513
-0.220930
-0.209484
-0.211877
-0.226721
-0.250705
-0.279209
-0.307152
-0.329812
-0.343409
-0.345282
-0.333731
-0.307652
-0.266200
-0.208688
-0.134793
-0.045023
0.058742
0.172883
0.292051
0.409624
0.518553
0.612378
0.686135
0.736907
0.763914
0.768150