-0.000679
-0.000827
-0.003686
-0.003881
-0.000121
-0.000468
0.000335
0.004365
-0.006321
-0.011592
-0.007813
-0.007628
-0.003955
-0.001717
0.015339
-0.008177
-0.018282
0.029240
0.001710
-0.018808
0.007591
-0.009145
-0.018031
0.020737
0.047346
0.010781
0.031075
0.045206
-0.027888
-0.044881
-0.033808
-0.040715
-0.017624
0.002744
0.008230
0.103395
0.033891
-0.033290
0.003862
-0.139049
-0.062446
0.073243
-0.062563
-0.043395
0.144763
-0.011627
-0.128064
-0.013725
-0.163313
-0.167280
-0.022619
-0.042173
-0.093400
-0.004708
0.149169
-0.000002
-0.100900
0.009781
0.005067
-0.079812
-0.061831
0.099562
0.096924
0.013151
0.161781
0.129621
-0.000891
0.048880
0.013807
-0.018583
0.020118
-0.000630
-0.064976
-0.021544
0.015610
-0.026974
-0.029584
0.019779
0.059626
0.034747
0.022509
0.045093
0.038810
0.010543
0.021904
0.025482
0.006370
-0.004170
0.003449
0.010177
0.004119
0.003979
0.008401
0.010475
0.005218
0.000600
-0.001577
0.000980
-0.000592
-0.002513
-0.001421
-0.003357
-0.002310
0.002568
-0.001775
0.005760
0.008619
0.003727
0.008374
0.003591
0.006400
0.009200
-0.005698
-0.002656
0.004042
0.001176
0.010732
0.010350
0.023145
0.017361
0.003863
0.013167
-0.013751
-0.006244
-0.001132
-0.007542
0.042590
0.024439
-0.014375
0.026757
0.048345
-0.008261
-0.000004
0.047175
-0.055540
0.060253
0.161494
-0.052911
-0.023778
0.024548
-0.078118
-0.141357
-0.107578
0.028605
0.040470
-0.007190
0.058306
0.119404
-0.027479
-0.072540
-0.016221
-0.197010
-0.182637
0.086623
0.071960
-0.047191
0.108566
0.269637
0.137908
0.069418
0.106232
0.018155
-0.006661
-0.019711
0.028476
-0.007724
-0.094430
-0.020220
0.018779
-0.021449
-0.098345
0.005817
0.078693
0.005194
0.015812
0.072107
0.043138
-0.041704
0.018266
0.008425
-0.069881
-0.028190
-0.003909
-0.029186
-0.024341
-0.000941
-0.006436
-0.015971
-0.021687
-0.024007
-0.029116
-0.034686
-0.026942
-0.023489
-0.028792
-0.025317
-0.014603
-0.016849
-0.019857
-0.017550
-0.019663
-0.017759
-0.015154
-0.017235
-0.016469
-0.013506
-0.012228
-0.009918
-0.008902
-0.002068
-0.004431
-0.017404
-0.012916
-0.018626
-0.009884
-0.006380
-0.015195
0.000699
-0.015309
-0.009339
0.000634
-0.028135
-0.024108
-0.022644
0.006116
0.008862
-0.009460
0.037800
0.027988
0.041155
0.082201
0.070298
0.056189
0.027638
0.010257
-0.023557
-0.037025
-0.011453
-0.019838
-0.097906
-0.111365
-0.032775
-0.027953
-0.042058
-0.045106
0.069029
0.020836
-0.068571
0.064126
-0.112692
-0.155009
-0.040607
-0.096667
-0.161394
-0.118482
-0.013370
-0.123621
0.054933
0.184845
0.018681
0.052739
0.199293
0.135665
-0.011803
0.057552
0.057843
0.012281
-0.031766
-0.011282
0.010513
-0.017358
0.051006
0.085893
0.058599
0.042138
0.060421
0.012253
-0.034559
0.009022
0.008975
-0.035073
0.007368
0.037288
-0.010911
-0.001570
0.038297
0.021812
0.004957
0.012563
0.008621
-0.009031
-0.014475
-0.010794
-0.018835
-0.021058
-0.019880
-0.018786
-0.021645
-0.018046
-0.010933
-0.011506
-0.011477
-0.009179
-0.012307
-0.018561
-0.016513
-0.013211
-0.011044
-0.013969
-0.004787
0.014669
-0.003447
-0.004521
0.020614
-0.012580
-0.017659
0.026012
-0.011385
-0.027768
0.020954
-0.006487
-0.041195
-0.016307
-0.021802
-0.012009
-0.014366
-0.029468
0.050122
-0.063989
-0.077217
0.078102
-0.049853
-0.108819
-0.039388
-0.076108
-0.101766
0.040315
0.042516
-0.010830
0.062205
0.059316
-0.010291
-0.052462
-0.066701
-0.106344
0.009565
-0.042297
-0.143399
-0.015098
-0.082003
-0.181797
-0.026163
0.023118
-0.043349
0.054962
0.119623
0.044567
0.011295
-0.010920
-0.003206
0.011397
-0.086334
-0.010264
0.070748
0.001325
-0.040362
0.055222
0.101708
-0.008455
0.033301
0.068095
0.003970
0.014450
0.061007
0.030500
0.034030
0.055227
0.057188
0.061811
0.031243
0.045973
0.031044
0.017733
0.048769
0.027405
0.008802
0.031008
0.028886
0.014672
0.021241
0.026178
0.021391
0.017901
0.023628
0.022075
0.009901
0.015005
0.014234
0.009794
0.009817
0.007000
0.008085
0.008367
0.008272
0.007763
0.011922
0.007311
0.003629
0.014521
0.010012
-0.001570
0.003050
0.015311
0.001985
-0.008798
0.015142
-0.007691
-0.015983
0.039576
0.006425
-0.021825
0.052386
0.005123
-0.018111
0.026709
-0.078324
-0.045027
-0.004716
-0.070313
0.071320
0.088560
0.009251
0.070566
0.020531
-0.015964
-0.053598
0.009639
0.085240
0.015126
0.220901
0.200941
-0.010326
0.041020
0.064721
0.008373
-0.040899
0.033955
0.055246
-0.065998
0.036709
0.119818
-0.153086
-0.036760
0.083657
-0.071015
0.028212
-0.021837
0.039651
0.044487
0.020221
0.125413
-0.043306
-0.046431
-0.012399
-0.048114
-0.018333
-0.081218
-0.052373
0.004422
-0.041672
-0.046266
-0.068385
-0.060485
-0.021417
-0.075467
-0.060819
-0.016598
-0.046678
-0.047289
-0.019768
-0.004104
-0.004971
-0.035595
-0.007031
0.001116
-0.030452
-0.007944
-0.013922
-0.016942
-0.009483
-0.029839
-0.025128
-0.009175
-0.020752
-0.016971
-0.012186
-0.011705
-0.009264
-0.014798
-0.009724
-0.005757
-0.011120
-0.011734
-0.003778
-0.007238
-0.008520
-0.006353
-0.008851
-0.016392
-0.012843
0.003455
-0.004609
-0.000218
0.009450
-0.011892
-0.016035
-0.019332
-0.023196
-0.016265
-0.016381
0.004551
0.017694
-0.003541
-0.003051
0.046625
0.003766
0.007827
0.061065
-0.072565
-0.026573
0.039139
0.004284
0.036458
0.032610
0.063989
0.040960
0.050097
-0.044325
-0.141007
-0.045855
-0.037553
-0.032490
0.003291
-0.025014
0.010924
0.024838
-0.081419
-0.140298
-0.178218
-0.182232
-0.092152
-0.103434
-0.072021
0.045693
0.021637
0.057022
0.096411
-0.009573
-0.047858
-0.065031
-0.048414
-0.004178
-0.000817
0.051758
0.050619
0.104509
0.122390
0.026717
0.059399
0.046434
0.026093
0.063614
0.046998
0.055389
0.020455
-0.000229
0.042788
-0.006419
-0.019500
0.028544
0.007006
0.014939
0.042182
0.031132
0.025292
0.032969
0.035414
0.020859
0.014530
0.021063
0.010980
0.008118
0.013612
0.006790
0.008017
0.002972
-0.007991
-0.002986
-0.007501
-0.010959
-0.005510
-0.006635
-0.001619
0.001283
-0.000342
0.008097
0.007361
0.000413
0.005522
0.004790
0.002621
0.002938
0.008216
0.008409
0.022673
0.010989
-0.019818
0.008723
-0.010409
-0.005714
0.023818
-0.001561
-0.025415
-0.000351
0.020446
-0.039637
0.035856
0.080959
-0.026405
0.009039
0.044642
-0.021348
-0.025245
-0.015491
0.053639
0.050678
0.003812
0.073794
-0.048559
-0.136863
0.038809
-0.044956
-0.153585
0.150803
0.032007
-0.115352
0.097008
0.027714
-0.045168
-0.014613
0.035233
-0.111988
0.061948
0.171403
-0.145345
0.000684
0.104365
0.013825
0.022790
0.054883
0.059452
0.084947
0.109592
0.101675
0.093406
0.000779
-0.003110
0.016894
-0.052379
-0.088504
-0.045069
-0.009074
0.004483
0.012921
0.042109
0.056286
0.021970
0.008664
0.007088
-0.019168
-0.051528
-0.024201
-0.021569
-0.046619
-0.021603
-0.009033
-0.028594
-0.022341
-0.010597
-0.023686
-0.025338
-0.018531
-0.023934
-0.033662
-0.030324
-0.029425
-0.031796
-0.031774
-0.030956
-0.028287
-0.025759
-0.019544
-0.017922
-0.016281
-0.018272
-0.019677
-0.015739
-0.019490
-0.024228
-0.019479
-0.016090
-0.014492
-0.015953
-0.018356
-0.009720
-0.029969
-0.023074
0.010875
-0.029387
-0.042078
-0.001020
-0.077159
-0.086017
0.008415
-0.002846
-0.012862
0.005120
0.034816
-0.047872
-0.038474
0.032383
-0.100014
-0.095021
-0.008077
0.000682
0.038840
-0.041735
-0.026518
0.097419
-0.028600
-0.000845
0.108314
-0.086098
-0.022083
0.345336
0.127425
-0.064080
0.275640
0.194045
-0.003093
0.114678
0.069844
-0.158671
-0.064194
0.021356
-0.217274
-0.145549
-0.061052
-0.097122
0.013340
0.002441
0.031918
0.056999
-0.002981
0.032324
0.072771
0.000580
0.011499
0.073778
0.036696
0.035520
0.034181
0.018294
0.022279
0.003987
-0.028062
0.012323
-0.014662
-0.064281
-0.017116
-0.009208
-0.052532
-0.037525
0.012655
-0.018140
-0.023454
0.002841
0.001946
-0.003225
-0.010166
-0.009593
-0.001464
-0.014629
-0.020896
-0.011419
-0.018876
-0.020433
-0.010575
-0.009269
-0.013400
-0.014236
-0.019344
-0.020967
-0.022093
-0.025107
-0.026912
-0.027687
-0.023011
-0.019387
-0.020595
-0.017398
-0.019029
-0.011355
-0.008844
-0.004001
-0.012625
-0.021298
0.016688
0.002671
-0.029171
-0.025409
-0.038018
-0.010065
0.006322
0.000134
0.011657
-0.064330
-0.007241
0.042707
-0.105431
0.014855
0.035930
-0.070412
0.076693
0.073911
-0.031053
-0.088372
0.042237
0.024894
-0.112559
0.091210
-0.011845
-0.023777
0.282028
0.123679
-0.039943
0.083434
0.052788
0.014667
0.082973
0.003740
0.033439
0.068826
0.011935
-0.004477
-0.097432
-0.161071
-0.117560
0.009919
-0.034523
-0.048869
0.072699
0.001436
-0.061762
0.065573
0.037284
-0.098281
-0.009611
0.024289
-0.040811
-0.087251
-0.075844
-0.047809
-0.101430
-0.082908
-0.037409
-0.058980
-0.060592
-0.024758
-0.017192
-0.006978
0.003560
-0.008949
-0.011102
-0.006974
-0.006063
-0.013570
-0.015233
0.003550
0.001071
-0.007480
0.007420
0.003103
-0.003056
0.000457
0.003200
0.010140
0.008238
0.005483
0.007467
0.005076
0.005293
0.007337
0.006041
0.005330
0.004630
0.004894
0.003044
0.007018
0.002842
-0.003724
-0.000891
0.003163
0.012840
0.006578
-0.006226
-0.005569
-0.008127
-0.016862
-0.000120
0.001538
-0.002702
0.032510
0.012258
-0.016156
-0.003067
0.020291
0.024370
0.007455
0.048923
0.016551
-0.053045
0.010541
0.016260
-0.033442
0.034350
0.081716
0.041491
0.032848
0.142548
0.044713
-0.075549
0.179303
0.114911
-0.042085
0.105090
0.066209
-0.132983
-0.129968
0.092074
-0.126756
-0.181470
0.168256
-0.021062
-0.122521
0.138510
0.049632
-0.156466
0.052171
0.132653
-0.089410
-0.080808
0.067280
-0.028074
-0.159469
-0.037589
-0.022210
-0.066067
-0.019955
0.011046
0.046100
0.033228
0.033828
0.037899
-0.008315
-0.008728
-0.017455
-0.060820
-0.043018
-0.022121
-0.032666
-0.016230
0.005292
0.008433
0.003499
-0.003597
0.008469
0.005936
-0.005484
-0.004172
-0.000897
-0.001075
-0.006911
-0.008604
-0.005177
-0.005279
-0.007745
-0.001726
-0.000360
-0.004004
-0.003485
-0.004628
-0.006990
-0.007061
-0.007222
-0.005255
-0.006604
-0.004631
-0.003715
-0.006204
-0.002831
0.001914
-0.004042
-0.000775
0.007579
-0.001837
-0.004983
-0.000805
-0.010524
-0.017754
0.000793
-0.001956
-0.015023
0.001010
0.001313
-0.012776
-0.007296
-0.001347
-0.012362
-0.009810
0.002725
-0.001491
-0.003354
0.003816
0.005277
0.002383
0.003825
0.005055
0.003573
0.000741
0.000876
0.003552
0.001263
0.001212
0.002501
0.000411
-0.000550
-0.000313
-0.000698
0.000615
0.002521
0.003061
0.003305
0.003778
0.003283
0.002274
0.002908
0.002747
0.001260
0.001102
0.000998
0.000525
0.000640
0.000905
0.001431
0.002120
0.002214
0.002329
0.002332
0.002215
0.001576
0.000739
0.000344
0.000347
0.000345
0.000353
0.000564
0.000699
0.000729
0.000787
0.000884
0.000920
0.000874
0.000885
0.000855
0.000834
0.000865
0.000925
0.000899
0.000850
0.000690
0.000572
0.000453
0.000414
0.000484
0.000514
0.000552
0.000550
0.000460
0.000386
0.000325
0.000266
0.000275
0.000353
0.000352
0.000352
0.000347
0.000322
0.000336
0.000321
0.000262
0.000203
0.000224
0.000222
0.000203
0.000146
0.000039
-0.000015
-0.000007
-0.000019
-0.000039
-0.000039
-0.000118
-0.000204
-0.000203
-0.000187
-0.000170
-0.000067
-0.020094
-0.003865
0.023136
0.027516
0.058478
-0.067873
-0.017224
0.082141
-0.025129
0.005528
-0.027927
-0.064422
0.083344
0.142523
0.032036
0.076575
0.200052
-0.130489
-0.237595
-0.121034
-0.123432
-0.043440
0.143861
0.060493
0.150340
0.340299
-0.184173
-0.102006
-0.276923
-0.589635
0.303523
0.330269
-0.287448
0.252954
0.429092
-0.423057
-0.198370
-0.558219
-0.701217
0.564092
-0.078857
-0.450613
0.392998
0.476400
0.080379
-0.250458
-0.179020
0.056326
-0.164199
-0.317860
0.351510
0.524878
0.040817
0.391416
0.369344
-0.186619
0.014093
-0.105923
-0.128958
0.214192
0.025677
-0.178864
-0.081745
0.104081
-0.031945
-0.082214
0.048514
0.134603
0.124243
0.028305
0.042962
0.006896
0.000610
0.018032
0.032231
-0.042569
-0.044237
0.010913
-0.013602
-0.064992
-0.042191
-0.022333
-0.014999
-0.000244
0.002640
0.028355
0.027271
0.015902
0.026249
0.022884
-0.001191
-0.003351
0.012395
0.006492
-0.008859
0.017238
-0.002118
-0.007448
-0.007794
-0.014827
0.028090
0.004956
-0.052081
-0.000012
0.009726
-0.005410
0.020393
0.015704
0.096019
0.021520
-0.026790
-0.019450
-0.039812
0.011891
-0.070949
0.044071
0.235512
0.007495
-0.134353
0.068562
0.178463
-0.079993
-0.027222
-0.048419
-0.052028
0.589300
0.011882
-0.310767
0.225936
-0.356374
-0.426527
-0.168920
-0.213996
0.276354
0.595419
0.021479
-0.063265
0.141999
-0.220314
-0.110792
-0.660542
-0.753733
0.581749
0.386670
-0.195563
0.502375
0.628896
0.220796
0.094558
0.082269
-0.238893
-0.254277
0.075169
0.182521
0.026305
-0.333752
0.107469
0.125657
-0.194990
-0.195833
-0.130683
0.283814
0.057905
0.034416
0.211600
0.058325
-0.112527
0.034614
0.072050
-0.303661
-0.093752
0.028567
-0.124626
-0.103148
-0.054587
-0.030045
-0.050868
-0.034950
-0.046759
-0.025094
-0.031324
-0.012232
0.018277
-0.010015
-0.030737
-0.000998
0.001347
-0.024213
-0.016670
-0.027949
-0.030683
-0.019461
-0.025414
-0.030643
-0.005577
0.000263
-0.014044
-0.007438
-0.012603
0.031313
-0.020242
-0.053936
-0.023556
-0.023910
0.045622
-0.014589
0.001441
0.043396
-0.056109
-0.011442
-0.027661
-0.046200
-0.037180
-0.057295
0.107085
0.065785
-0.004329
0.042962
0.104906
0.252329
0.124236
0.065509
0.154292
0.039418
-0.232180
-0.229849
0.083329
0.060599
-0.170000
-0.384985
-0.112921
0.043636
-0.086389
-0.017806
0.095997
0.371695
-0.205417
-0.118520
0.029781
-0.549321
-0.096886
-0.167701
-0.216997
-0.217476
-0.154654
-0.255871
0.142811
0.835575
-0.056317
0.004986
0.479630
0.325357
-0.060436
0.016976
0.196030
0.001094
0.091369
-0.162672
-0.075474
0.026806
0.154690
0.261511
0.111734
0.049128
0.050632
0.015087
-0.166663
0.019425
0.074689
-0.064017
0.025322
0.107113
-0.060319
-0.078245
0.030154
-0.047460
-0.067794
-0.033446
-0.040522
-0.062220
-0.023158
-0.003788
-0.037656
-0.043894
-0.036241
-0.023299
-0.037803
-0.039466
-0.005812
0.000711
-0.003745
-0.005464
0.010146
-0.006811
-0.008863
-0.014000
-0.003447
0.009777
-0.033349
0.016533
0.049856
-0.039165
-0.015742
0.015102
-0.071559
0.039023
0.042198
-0.099395
0.066343
0.044343
-0.153678
0.001187
-0.010189
-0.162925
0.137058
-0.026323
-0.061151
0.185981
-0.369172
0.025044
0.195681
-0.294382
-0.060924
-0.184158
-0.436342
0.301260
0.442442
-0.291052
0.355861
0.360666
-0.259353
-0.225051
-0.230781
-0.202277
-0.012449
0.090976
-0.142069
-0.010958
-0.242531
-0.474821
0.035102
0.176196
-0.170341
0.160197
0.670534
0.057439
-0.247953
0.135653
-0.105851
-0.086575
-0.101317
-0.176639
0.373469
0.103530
-0.216946
0.150526
0.225566
-0.102079
0.082363
0.168297
-0.085094
0.103323
0.149792
0.130501
0.065047
0.101431
0.142526
0.098968
0.013589
0.011641
0.032618
-0.029274
0.059681
0.009709
-0.029125
0.032169
0.050147
0.023338
0.020723
0.029954
-0.009901
-0.004997
0.028488
0.014214
-0.009821
0.016893
0.023629
0.005207
0.001839
-0.018550
-0.001378
-0.005798
-0.010902
0.001199
-0.004462
0.013216
-0.014546
-0.002516
0.035062
0.006011
-0.022012
0.002978
0.040278
-0.003827
-0.011593
-0.002118
-0.055056
0.056899
0.099752
-0.109813
0.053503
0.161899
-0.180574
0.069418
-0.020776
-0.425818
0.096467
-0.064225
-0.102988
0.566399
0.100076
0.030169
0.191700
-0.381775
-0.130566
-0.052167
0.022191
0.301134
0.501154
0.634488
0.075457
-0.217519
-0.200806
-0.060205
-0.057755
0.081660
0.099905
-0.107355
0.160638
0.255768
-0.361252
-0.411917
0.409607
-0.265012
-0.141546
0.321671
-0.223804
0.200377
0.101739
0.279858
0.030535
-0.505148
-0.157620
0.008423
-0.025062
-0.232147
-0.124238
0.039778
0.005199
-0.167995
-0.243241
-0.003490
0.013593
-0.119250
-0.074233
-0.037479
-0.019182
-0.031645
-0.019478
0.110986
0.004856
-0.079792
0.010714
0.002688
-0.055097
-0.001832
-0.018076
-0.039974
0.017253
-0.048148
-0.018867
0.003148
-0.011024
0.006180
-0.002466
-0.001304
0.003320
0.005250
0.021216
0.000619
-0.001287
-0.000866
-0.006772
0.000578
-0.010081
-0.005894
-0.011805
-0.037674
-0.055236
0.006833
0.024053
0.000837
0.040889
-0.015489
-0.047820
-0.021940
-0.079644
-0.026828
0.030623
0.004124
0.049462
0.066035
-0.026637
0.011106
0.131067
-0.070174
0.191671
-0.036717
-0.408216
0.176932
0.034592
0.090479
0.242218
0.025837
0.078361
0.177471
-0.053084
-0.585053
-0.284600
-0.007464
0.084326
0.201440
-0.082866
0.037443
0.247260
-0.122172
-0.554144
-0.483356
-0.441721
-0.209084
0.047771
-0.066302
0.260654
0.332448
0.007100
0.300672
0.060396
-0.411797
-0.168862
-0.189153
-0.009050
0.246793
0.155964
0.268855
0.332570
0.250614
0.024167
-0.013326
0.008348
0.013275
0.190874
0.144005
0.143941
0.085579
0.007457
0.073176
-0.033177
-0.120833
0.000800
-0.007131
-0.034718
0.070959
0.048930
-0.025498
0.031329
0.076968
-0.009306
-0.009357
0.016375
-0.030814
-0.011706
-0.019908
-0.050328
-0.016520
-0.018183
-0.037105
-0.004444
-0.011843
-0.019526
0.009207
-0.004888
0.005511
0.022048
0.008758
0.016436
0.032647
0.010354
0.003002
0.004451
-0.006978
0.010423
0.001913
0.006006
0.024118
0.091429
-0.079712
-0.111713
0.012557
-0.055971
0.074591
0.043967
-0.036754
-0.036591
0.019896
-0.082159
-0.042728
0.325683
0.055923
-0.092085
0.100387
-0.124520
-0.046242
0.038038
-0.127511
0.303334
0.281077
-0.053761
-0.083732
-0.412183
-0.159612
0.240370
-0.540332
0.100103
0.953231
-0.564603
-0.070603
0.353711
-0.328688
0.134288
-0.031411
-0.456028
0.123485
0.792609
-0.481228
-0.171900
0.417772
-0.275060
0.195609
0.088580
-0.022760
0.182578
0.371389
0.277057
0.091086
-0.106393
-0.132726
0.105564
-0.209836
-0.315322
-0.071210
0.040599
0.042054
0.105905
0.091502
0.103415
0.042221
-0.035860
-0.024729
-0.101163
-0.151140
-0.073530
0.010156
-0.114343
-0.049773
0.006355
-0.090267
-0.063777
-0.041095
-0.079431
-0.078569
-0.010097
-0.019377
-0.024906
-0.010004
-0.019103
-0.010104
-0.025063
-0.037895
-0.032463
-0.036288
-0.029533
-0.021693
-0.020364
-0.012057
-0.008131
-0.019887
-0.013262
-0.021171
-0.032316
-0.016659
-0.014424
0.007060
-0.025322
-0.038211
-0.012179
-0.069431
0.008750
0.058639
-0.094679
-0.023903
-0.036151
-0.314917
-0.006366
0.101374
0.056389
0.167843
0.007996
-0.091199
-0.140654
0.058823
-0.147032
-0.265994
0.057162
-0.043043
0.128979
0.325710
-0.250636
-0.097531
0.309941
-0.019928
0.051267
-0.105071
-0.372666
0.831612
0.972070
-0.539883
0.360236
0.713682
-0.383598
0.372705
0.103625
-0.766415
-0.071000
0.217563
-0.695579
-0.423464
0.114151
-0.332303
0.194699
0.191228
-0.055596
0.219997
-0.049496
-0.003627
0.182834
-0.065999
-0.086060
0.308333
0.091696
-0.060825
0.146904
-0.068992
-0.129402
-0.022473
-0.101521
-0.030754
0.035912
-0.175680
0.074285
0.130677
-0.132707
0.002472
0.147594
0.010718
-0.049450
0.052411
-0.014546
-0.002656
-0.049774
-0.057507
-0.013228
-0.067595
-0.075682
-0.037873
-0.055899
-0.078644
-0.034533
-0.032763
-0.036951
-0.024116
-0.019056
-0.015792
-0.008223
-0.004114
-0.013876
-0.012081
-0.017911
-0.006262
0.000757
-0.008218
-0.023965
-0.024810
0.010102
0.009014
0.019436
-0.069248
-0.018526
0.119091
-0.025299
-0.093315
-0.130395
-0.081546
0.150282
0.037375
-0.008451
0.045569
-0.230422
0.080093
-0.048074
-0.243720
0.344529
-0.161815
-0.029388
0.489563
-0.087038
-0.305388
-0.103060
0.148830
-0.153420
0.092850
0.097067
-0.317308
0.756078
0.709313
-0.265695
-0.093427
0.066621
-0.237346
0.322729
0.266235
-0.351017
0.448217
0.273966
-0.340049
-0.249334
-0.493648
-0.404474
0.116061
0.014840
-0.018914
0.404504
-0.119361
-0.199844
0.207909
-0.003703
-0.293182
-0.094373
0.198342
-0.049028
-0.242664
-0.218438
-0.089702
-0.228555
-0.165376
-0.030515
-0.101205
-0.025431
0.001647
0.059677
0.058656
0.053463
0.057475
0.019813
0.024985
0.052824
0.013251
-0.008303
0.032330
-0.005454
-0.012080
0.001790
-0.011621
0.001016
0.023673
0.022034
0.029816
0.021957
0.022169
0.042443
0.018632
0.025003
0.034594
0.017042
0.017054
-0.002577
0.000027
0.000858
-0.006226
0.009283
-0.012930
-0.017595
-0.014154
0.009263
0.042245
-0.002386
-0.065712
-0.035588
-0.021398
-0.030979
0.035557
0.005844
0.091364
0.127034
-0.094395
-0.084095
-0.000694
0.077800
0.091910
0.058799
0.102260
-0.096140
-0.191437
-0.015160
-0.022093
0.090184
0.209296
0.103821
0.108747
0.212754
0.194629
-0.320366
0.101526
0.573166
-0.163684
0.129565
0.202605
-0.311104
-0.428879
-0.131281
0.006122
-0.423562
0.330439
0.172511
-0.326103
0.441022
0.144413
-0.650000
0.108490
0.625594
-0.424470
-0.241048
0.311145
-0.106237
-0.332393
-0.217311
-0.078517
-0.109537
-0.007880
0.050254
0.169224
0.151768
0.120800
0.100219
-0.082599
-0.025606
-0.024299
-0.120947
-0.066850
-0.002364
-0.013531
-0.005727
0.007808
0.025950
-0.003821
-0.019472
0.001342
0.000171
0.006506
0.018137
0.005473
0.015467
-0.001446
-0.011472
-0.013255
-0.026669
-0.023005
-0.004051
-0.017944
-0.023200
-0.009137
-0.001339
0.007811
-0.009001
0.001734
0.012595
0.002416
-0.005314
-0.000539
-0.011115
-0.012529
0.004136
0.004600
-0.001004
0.026996
0.024677
-0.006142
-0.008106
-0.024840
-0.051923
-0.016745
0.018672
-0.029269
0.004473
0.020632
-0.049355
-0.021238
0.002346
-0.038425
-0.015027
0.036160
0.010833
-0.002642
0.020168
0.007995
0.002837
0.005117
0.005201
0.003297
0.000105
0.004778
0.010137
0.006009
0.003652
0.012704
0.011574
0.008872
0.011961
0.012538
0.010924
0.009023
0.008634
0.006357
0.003278
0.002880
0.002725
0.002336
0.001355
-0.000337
-0.002104
-0.002402
-0.000853
-0.000867
-0.000039
0.001374
0.002774
-0.001096
-0.000023
0.001184
-0.002177
-0.001837
-0.001503
-0.000664
0.000306
0.001807
0.002332
0.004026
0.003234
0.002672
0.001957
0.001585
0.000809
0.000059
-0.000426
0.000272
-0.000019
0.000405
0.000566
0.001231
0.001250
0.001079
0.000636
0.000498
0.000140
0.000116
0.000100
-0.000119
-0.000121
0.000090
-0.000002
0.000210
0.000232
0.000151
0.000050
0.000196
0.000285
0.000423
0.000657
0.000812
0.000768
0.000459
0.000246
0.000054
-0.000020
0.000050
0.000174
0.000185
0.000196
0.000128
0.000073
-0.000015
-0.000191
-0.000383
-0.000409
-0.000507
-0.000570
-0.000527
-0.000538
-0.000633
-0.000682
-0.000722
-0.000904
-0.000724
-0.000613
-0.000603
-0.000543
-0.000367
-0.000379
-0.000207