-0.132374
-0.079734
-0.034022
-0.003485
0.009537
0.009472
0.005780
0.009310
0.028112
0.064330
0.113346
0.165503
0.209763
0.237885
0.247541
0.243170
0.234250
0.231650
0.243445
0.271806
0.312146
0.354842
0.388894
0.406102
0.404180
0.387612
0.365925
0.350038
0.348079
0.362274
0.388090
0.415963
0.434951
0.436912
0.419622
0.387625
0.350510
0.319255
0.302049
0.301179
0.312171
0.325520
0.330340
0.318547
0.287970
0.243205
0.193892
0.151057
0.122936
0.111857
0.113387
0.118059
0.115020
0.096219
0.059510
0.009515
-0.044105
-0.090308
-0.120845
-0.133378
-0.132333
-0.127178
-0.128764
-0.145152
-0.178494
-0.224183
-0.272575
-0.312648
-0.336178
-0.340853
-0.331133
-0.316517
-0.307896
-0.313369
-0.335133
-0.368624
-0.404250
-0.431037
-0.440813
-0.431322
-0.407077
-0.377638
-0.353952
-0.344179
-0.350575
-0.368638
-0.388835
-0.400253
-0.394783
-0.370226
-0.331159
-0.287195
-0.249342
-0.225814
-0.218923
-0.224218
-0.232217
-0.232056
-0.215669
-0.180904
-0.132374
-0.079734
-0.034022
-0.003485
0.009537
0.009472
0.005780
0.009310
0.028112
0.064330
0.113346
0.165503
0.209763
0.237885
0.247541
0.243170
0.234250
0.231650
0.243445
0.271806
0.312146
0.354842
0.388894
0.406102
0.404180
0.387612
0.365925
0.350038
0.348079
0.362274
0.388090
0.415963
0.434951
0.436912
0.419622
0.387625
0.350510
0.319255
0.302049
0.301179
0.312171
0.325520
0.330340
0.318547
0.287970
0.243205
0.193892
0.151057
0.122936
0.111857
0.113387
0.118059
0.115020
0.096219
0.059510
0.009515
-0.044105
-0.090308
-0.120845
-0.133378
-0.132333
-0.127178
-0.128764
-0.145152
-0.178494
-0.224183
-0.272575
-0.312648
-0.336178
-0.340853
-0.331133
-0.316517
-0.307896
-0.313369
-0.335133
-0.368624
-0.404250
-0.431037
-0.440813
-0.431322
-0.407077
-0.377638
-0.353952
-0.344179
-0.350575
-0.368638
-0.388835
-0.400253
-0.394783
-0.370226
-0.331159
-0.287195
-0.249342
-0.225814
-0.218923
-0.224218
-0.232217
-0.232056
-0.215669
-0.180904
0.540668
0.362593
0.290339
0.346506
0.503697
0.695004
0.839597
0.873624
0.774636
0.570200
0.327409
0.127298
0.033937
0.070009
0.208195
0.381664
0.509656
0.528383
0.415458
0.198503
-0.055340
-0.264993
-0.366348
-0.336690
-0.203312
-0.033028
0.093415
0.112237
0.001049
-0.212533
-0.461382
-0.664438
-0.757619
-0.718244
-0.573643
-0.390673
-0.250134
-0.215860
-0.310301
-0.505907
-0.735622
-0.918463
-0.990425
-0.928913
-0.761343
-0.554664
-0.389768
-0.330586
-0.399667
-0.569560
-0.773311
-0.930038
-0.975842
-0.888228
-0.694718
-0.462361
-0.272152
-0.188121
-0.232914
-0.379179
-0.560052
-0.694743
-0.719440
-0.611730
-0.399216
-0.149021
0.057790
0.157120
0.126264
-0.007482
-0.177303
-0.302452
-0.319155
-0.205032
0.012291
0.265671
0.474030
0.573266
0.540672
0.403554
0.228739
0.096993
0.072116
0.176522
0.382622
0.623316
0.817579
0.901363
0.852022
0.696928
0.502979
0.351017
0.304922
0.387191
0.570322
0.787307
0.957213
1.016089
0.941388
0.760581
0.540668
0.362593
0.290339
0.346506
0.503697
0.695004
0.839597
0.873624
0.774636
0.570200
0.327409
0.127298
0.033937
0.070009
0.208195
0.381664
0.509656
0.528383
0.415458
0.198503
-0.055340
-0.264993
-0.366348
-0.336690
-0.203312
-0.033028
0.093415
0.112237
0.001049
-0.212533
-0.461382
-0.664438
-0.757619
-0.718244
-0.573643
-0.390673
-0.250134
-0.215860
-0.310301
-0.505907
-0.735622
-0.918463
-0.990425
-0.928913
-0.761343
-0.554664
-0.389768
-0.330586
-0.399667
-0.569560
-0.773311
-0.930038
-0.975842
-0.888228
-0.694718
-0.462361
-0.272152
-0.188121
-0.232914
-0.379179
-0.560052
-0.694743
-0.719440
-0.611730
-0.399216
-0.149021
0.057790
0.157120
0.126264
-0.007482
-0.177303
-0.302452
-0.319155
-0.205032
0.012291
0.265671
0.474030
0.573266
0.540672
0.403554
0.228739
0.096993
0.072116
0.176522
0.382622
0.623316
0.817579
0.901363
0.852022
0.696928
0.502979
0.351017
0.304922
0.387191
0.570322
0.787307
0.957213
1.016089
0.941388
0.760581