-0.247351
-0.242792
-0.237997
-0.232426
-0.225202
-0.215127
-0.200851
-0.181126
-0.155102
-0.122540
-0.083894
-0.040233
0.006970
0.056101
0.105639
0.154284
0.200956
0.244696
0.284526
0.319361
0.348025
0.369388
0.382592
0.387285
0.383781
0.373075
0.356705
0.336485
0.314195
0.291319
0.268907
0.247579
0.227649
0.209308
0.192760
0.178276
0.166121
0.156394
0.148853
0.142811
0.137146
0.130465
0.121370
0.108744
0.091984
0.071090
0.046602
0.019405
-0.009503
-0.039229
-0.069075
-0.098518
-0.127075
-0.154146
-0.178904
-0.200294
-0.217170
-0.228524
-0.233735
-0.232749
-0.226133
-0.214964
-0.200612
-0.184468
-0.167722
-0.151255
-0.135665
-0.121410
-0.108976
-0.099010
-0.092333
-0.089832
-0.092246
-0.099940
-0.112732
-0.129861
-0.150100
-0.171982
-0.194078
-0.215217
-0.234596
-0.251749
-0.266404
-0.278307
-0.287080
-0.292199
-0.293089
-0.289319
-0.280814
-0.268002
-0.251828
-0.233622
-0.214841
-0.196791
-0.180384
-0.166030
-0.153670
-0.142932
-0.133334
-0.124452
-0.115990
-0.107721
-0.099349
-0.090338
-0.079814
-0.066584
-0.049297
-0.026713
0.002019
0.037134
0.078175
0.124071
0.173346
0.224386
0.275667
0.325887
0.373965
0.418939
0.459832
0.495556
0.524936
0.546840
0.560411
0.565295
0.561805
0.550939
0.534233
0.513502
0.490525
0.466789
0.443344
0.420810
0.399505
0.379617
0.361355
0.344991
0.330791
0.318856
0.308948
0.300380
0.292033
0.282518
0.270438
0.254681
0.234646
0.210337
0.182294
0.151410
0.118684
0.085014
0.051101
0.017473
-0.015384
-0.046866
-0.076139
-0.102146
-0.123737
-0.139898
-0.150003
-0.153994
-0.152431
-0.146389
-0.137232
-0.126346
-0.114914
-0.103814
-0.093638
-0.084838
-0.077895
-0.073450
-0.072321
-0.075386
-0.083382
-0.096665
-0.115050
-0.137770
-0.163592
-0.191043
-0.218690
-0.245356
-0.270232
-0.292846
-0.312922
-0.330200
-0.344298
-0.354684
-0.360780
-0.362148
-0.358711
-0.350889
-0.339624
-0.326239
-0.312189
-0.298773
-0.286900
-0.276974
-0.268934
-0.262401
-0.256890
-0.251974
0.489969
0.402437
0.325785
0.263759
0.218147
0.188667
0.173249
0.168632
0.171069
0.176936
0.183099
0.186978
0.186382
0.179273
0.163621
0.137482
0.099304
0.048387
-0.014699
-0.087886
-0.167722
-0.249811
-0.329484
-0.402507
-0.465623
-0.516787
-0.555052
-0.580204
-0.592320
-0.591428
-0.577417
-0.550232
-0.510249
-0.458687
-0.397851
-0.331090
-0.262454
-0.196127
-0.135826
-0.084356
-0.043443
-0.013883
0.004086
0.010367
0.004724
-0.013245
-0.043837
-0.086799
-0.140869
-0.203509
-0.270954
-0.338600
-0.401640
-0.455759
-0.497691
-0.525481
-0.538431
-0.536786
-0.521340
-0.493124
-0.453313
-0.403368
-0.345326
-0.282074
-0.217425
-0.155890
-0.102139
-0.060260
-0.033027
-0.021375
-0.024237
-0.038775
-0.060927
-0.086076
-0.109653
-0.127527
-0.136119
-0.132319
-0.113348
-0.076723
-0.020437
0.056640
0.154259
0.270349
0.400835
0.539832
0.680223
0.814508
0.935713
1.038139
1.117800
1.172481
1.201499
1.205315
1.185194
1.143025
1.081364
1.003592
0.914071
0.818103
0.721619
0.630571
0.550176
0.484187
0.434395
0.400520
0.380499
0.371075
0.368504
0.369168
0.369939
0.368241
0.361890
0.348852
0.327105
0.294708
0.250118
0.192639
0.122850
0.042824
-0.043981
-0.133161
-0.220039
-0.300375
-0.370906
-0.429578
-0.475437
-0.508262
-0.528121
-0.535036
-0.528887
-0.509612
-0.477581
-0.434002
-0.381172
-0.322435
-0.261831
-0.203536
-0.151261
-0.107802
-0.074875
-0.053272
-0.043220
-0.044809
-0.058269
-0.083991
-0.122267
-0.172836
-0.234427
-0.304497
-0.379272
-0.454140
-0.524289
-0.585397
-0.634188
-0.668703
-0.688237
-0.693028
-0.683863
-0.661769
-0.627913
-0.583751
-0.531314
-0.473482
-0.414065
-0.357569
-0.308657
-0.271413
-0.248607
-0.241169
-0.248028
-0.266343
-0.292047
-0.320519
-0.347189
-0.367921
-0.379134
-0.377715
-0.360882
-0.326151
-0.271514
-0.195837
-0.099369
0.015820
0.145656
0.284255
0.424500
0.558892
0.680456
0.783493
0.864015
0.919809
0.950189
0.955615
0.937350
0.897283
0.837964
0.762776
0.676076
0.583165