-0.258330
-0.234665
-0.205486
-0.170654
-0.130191
-0.084491
-0.034505
0.018207
0.071582
0.123317
0.171221
0.213548
0.249213
0.277840
0.299646
0.315200
0.325173
0.330165
0.330649
0.327057
0.319934
0.310078
0.298593
0.286793
0.275985
0.267186
0.260875
0.256864
0.254344
0.252094
0.248792
0.243314
0.234947
0.223438
0.208892
0.191574
0.171705
0.149329
0.124335
0.096585
0.066133
0.033409
-0.000689
-0.034865
-0.067634
-0.097605
-0.123759
-0.145604
-0.163174
-0.176879
-0.187253
-0.194710
-0.199397
-0.201189
-0.199834
-0.195182
-0.187398
-0.177091
-0.165277
-0.153208
-0.142111
-0.132939
-0.126215
-0.122029
-0.120178
-0.120383
-0.122510
-0.126680
-0.133240
-0.142598
-0.154973
-0.170176
-0.187497
-0.205748
-0.223472
-0.239236
-0.251919
-0.260900
-0.266095
-0.267831
-0.266633
-0.262996
-0.257245
-0.249525
-0.239917
-0.228630
-0.216162
-0.203366
-0.191361
-0.181300
-0.174074
-0.170039
-0.168860
-0.169538
-0.170602
-0.170407
-0.167443
-0.160556
-0.149027
-0.132506
-0.110853
-0.083970
-0.051722
-0.013973
0.029253
0.077558
0.129989
0.184984
0.240477
0.294164
0.343852
0.387791
0.424896
0.454792
0.477691
0.494161
0.504875
0.510430
0.511299
0.507914
0.500819
0.490814
0.479000
0.466693
0.455201
0.445542
0.438194
0.432971
0.429065
0.425258
0.420227
0.412851
0.402418
0.388678
0.371738
0.351866
0.329284
0.304040
0.276025
0.245105
0.211335
0.175151
0.137452
0.099539
0.062902
0.028932
-0.001345
-0.027434
-0.049364
-0.067542
-0.082497
-0.094638
-0.104108
-0.110776
-0.114388
-0.114785
-0.112132
-0.107028
-0.100487
-0.093755
-0.088054
-0.084331
-0.083105
-0.084459
-0.088184
-0.093998
-0.101759
-0.111583
-0.123813
-0.138850
-0.156908
-0.177792
-0.200786
-0.224697
-0.248062
-0.269444
-0.287714
-0.302247
-0.312953
-0.320155
-0.324370
-0.326089
-0.325633
-0.323139
-0.318685
-0.312474
-0.304999
-0.297110
-0.289918
-0.284573
-0.281962
-0.282434
-0.285651
-0.290611
-0.295837
-0.299681
-0.300627
-0.297519
-0.289635
-0.276620
0.469799
0.402153
0.346737
0.307139
0.284219
0.275791
0.277133
0.282192
0.285083
0.281399
0.268917
0.247523
0.218449
0.183192
0.142563
0.096253
0.043091
-0.018131
-0.087619
-0.163751
-0.242864
-0.319768
-0.388867
-0.445499
-0.487031
-0.513313
-0.526349
-0.529294
-0.525184
-0.515845
-0.501402
-0.480534
-0.451381
-0.412719
-0.364946
-0.310492
-0.253480
-0.198769
-0.150719
-0.112158
-0.083918
-0.065101
-0.053958
-0.049004
-0.049932
-0.057926
-0.075244
-0.104209
-0.145964
-0.199493
-0.261277
-0.325761
-0.386487
-0.437523
-0.474704
-0.496288
-0.502837
-0.496431
-0.479570
-0.454208
-0.421302
-0.381031
-0.333565
-0.280028
-0.223214
-0.167685
-0.119120
-0.083073
-0.063522
-0.061708
-0.075657
-0.100555
-0.129858
-0.156748
-0.175460
-0.182075
-0.174574
-0.152264
-0.114898
-0.061938
0.007690
0.095195
0.201004
0.323710
0.459320
0.601178
0.740698
0.868746
0.977272
1.060690
1.116602
1.145666
1.150738
1.135630
1.103970
1.058548
1.001343
0.934114
0.859244
0.780368
0.702468
0.631262
0.572060
0.528452
0.501305
0.488435
0.485126
0.485329
0.483162
0.474225
0.456301
0.429279
0.394398
0.353160
0.306381
0.253761
0.194134
0.126297
0.050052
-0.032974
-0.119109
-0.203157
-0.279516
-0.343515
-0.392515
-0.426359
-0.447041
-0.457711
-0.461397
-0.459918
-0.453389
-0.440483
-0.419331
-0.388702
-0.348985
-0.302602
-0.253671
-0.207040
-0.167061
-0.136556
-0.116347
-0.105529
-0.102345
-0.105304
-0.114088
-0.129874
-0.154915
-0.191523
-0.240835
-0.301827
-0.370973
-0.442712
-0.510577
-0.568629
-0.612697
-0.641032
-0.654189
-0.654241
-0.643683
-0.624462
-0.597529
-0.563057
-0.521210
-0.473107
-0.421536
-0.371055
-0.327337
-0.295932
-0.280812
-0.283216
-0.301163
-0.329837
-0.362690
-0.392900
-0.414699
-0.424164
-0.419275
-0.399335
-0.364096
-0.313017
-0.245021
-0.158900
-0.054224
0.067602
0.202584
0.344067
0.483466
0.611647
0.720559
0.804618
0.861422
0.891631
0.898098
0.884635
0.854867
0.811584
0.756760
0.692154
0.620146
0.544368