-0.146339
-0.090288
-0.029379
0.034316
0.098129
0.159027
0.214005
0.260515
0.296844
0.322311
0.337246
0.342769
0.340465
0.332048
0.319131
0.303150
0.285419
0.267260
0.250097
0.235443
0.224737
0.219078
0.218927
0.223895
0.232710
0.243384
0.253563
0.260946
0.263674
0.260557
0.251121
0.235463
0.214008
0.187280
0.155767
0.119933
0.080361
0.037938
-0.006005
-0.049690
-0.091059
-0.128080
-0.159098
-0.183118
-0.199934
-0.210055
-0.214465
-0.214287
-0.210499
-0.203759
-0.194424
-0.182712
-0.168947
-0.153759
-0.138174
-0.123518
-0.111192
-0.102374
-0.097772
-0.097511
-0.101197
-0.108134
-0.117597
-0.129076
-0.142380
-0.157564
-0.174722
-0.193714
-0.213951
-0.234322
-0.253308
-0.269266
-0.280766
-0.286904
-0.287459
-0.282873
-0.274058
-0.262114
-0.248068
-0.232727
-0.216680
-0.200436
-0.184609
-0.170061
-0.157908
-0.149355
-0.145408
-0.146539
-0.152422
-0.161849
-0.172852
-0.183011
-0.189856
-0.191247
-0.185625
-0.172088
-0.150298
-0.120298
-0.082336
-0.036791
0.015781
0.074480
0.137874
0.203889
0.269853
0.332735
0.389524
0.437672
0.475465
0.502220
0.518263
0.524718
0.523165
0.515319
0.502793
0.487021
0.469318
0.451005
0.433507
0.418336
0.406933
0.400398
0.399191
0.402926
0.410331
0.419420
0.427839
0.433292
0.433918
0.428533
0.416662
0.398405
0.374191
0.344546
0.309960
0.270902
0.227957
0.182014
0.134410
0.086925
0.041621
0.000534
-0.034676
-0.063011
-0.084261
-0.098931
-0.107998
-0.112583
-0.113658
-0.111877
-0.107592
-0.101015
-0.092465
-0.082569
-0.072346
-0.063116
-0.056276
-0.052998
-0.053985
-0.059356
-0.068713
-0.081351
-0.096543
-0.113771
-0.132839
-0.153796
-0.176732
-0.201500
-0.227505
-0.253629
-0.278351
-0.300019
-0.317200
-0.328982
-0.335140
-0.336110
-0.332798
-0.326298
-0.317634
-0.307607
-0.296799
-0.285715
-0.274965
-0.265404
-0.258143
-0.254384
-0.255128
-0.260840
-0.271192
-0.284971
-0.300204
-0.314468
-0.325289
-0.330521
-0.328603
-0.318629
-0.300257
-0.273527
-0.238684
-0.196103
0.514867
0.447893
0.386189
0.335079
0.298956
0.279890
0.276765
0.285284
0.298918
0.310496
0.313932
0.305516
0.284369
0.251971
0.211010
0.164028
0.112408
0.056084
-0.005946
-0.074538
-0.149222
-0.227447
-0.304605
-0.374880
-0.432665
-0.474046
-0.497804
-0.505584
-0.501145
-0.488983
-0.472810
-0.454464
-0.433616
-0.408366
-0.376475
-0.336740
-0.289973
-0.239205
-0.189034
-0.144355
-0.108976
-0.084628
-0.070747
-0.065102
-0.065007
-0.068632
-0.075892
-0.088538
-0.109407
-0.141086
-0.184504
-0.237991
-0.297181
-0.355835
-0.407308
-0.446167
-0.469395
-0.476790
-0.470478
-0.453753
-0.429747
-0.400444
-0.366407
-0.327291
-0.282909
-0.234350
-0.184663
-0.138728
-0.102292
-0.080445
-0.076048
-0.088672
-0.114436
-0.146811
-0.178129
-0.201286
-0.211090
-0.204835
-0.182001
-0.143319
-0.089645
-0.021165
0.062708
0.162697
0.278520
0.407741
0.545134
0.682884
0.811702
0.922525
1.008303
1.065288
1.093436
1.095831
1.077376
1.043255
0.997716
0.943554
0.882425
0.815729
0.745630
0.675698
0.610811
0.556297
0.516551
0.493648
0.486475
0.490738
0.499914
0.506835
0.505422
0.491967
0.465596
0.427796
0.381260
0.328534
0.271008
0.208622
0.140378
0.065429
-0.015750
-0.100603
-0.184513
-0.261659
-0.326427
-0.374895
-0.405839
-0.420895
-0.423816
-0.419089
-0.410421
-0.399642
-0.386415
-0.368832
-0.344647
-0.312650
-0.273644
-0.230654
-0.188269
-0.151376
-0.123778
-0.107195
-0.101057
-0.103125
-0.110705
-0.121961
-0.136798
-0.156962
-0.185281
-0.224336
-0.275047
-0.335738
-0.402035
-0.467692
-0.526059
-0.571694
-0.601574
-0.615492
-0.615565
-0.605081
-0.587168
-0.563802
-0.535541
-0.502034
-0.463088
-0.419788
-0.375177
-0.334129
-0.302389
-0.285039
-0.284938
-0.301651
-0.331295
-0.367335
-0.402099
-0.428483
-0.441290
-0.437810
-0.417521
-0.381152
-0.329556
-0.262917
-0.180646
-0.082020
0.032681
0.161025
0.297782
0.435141
0.563813
0.674734
0.760855
0.818427
0.847406
0.850874
0.833734
0.801169
0.757424
0.705294
0.646432
0.582235