-0.000061
-0.000061
0.000000
-0.000061
-0.000183
0.000122
-0.000244
0.000214
-0.000488
0.000366
-0.000549
0.000122
-0.000397
-0.000092
0.000153
-0.000122
0.000793
0.035889
0.162811
-0.015869
-0.217529
-0.014526
0.071991
0.015228
0.066803
0.278107
0.288330
0.001221
-0.011902
0.074249
-0.000092
-0.002960
-0.035675
-0.092834
-0.047241
-0.036743
-0.054321
-0.028778
-0.034119
-0.016724
-0.008240
-0.031860
-0.011566
-0.014038
-0.019806
-0.021545
-0.042511
-0.028717
-0.017273
-0.016388
-0.011871
-0.014221
-0.011261
-0.004944
-0.013855
-0.023651
-0.021606
-0.014038
-0.002686
-0.006836
-0.001343
0.005371
-0.002838
-0.007721
-0.008484
-0.007690
-0.011322
-0.014771
-0.013702
-0.011871
-0.012085
-0.009979
-0.007172
-0.009857
-0.008942
-0.005768
-0.005585
-0.003662
-0.003754
-0.005920
-0.008362
-0.008636
-0.006439
-0.007935
-0.008728
-0.008331
-0.008545
-0.008636
-0.008881
-0.008942
-0.009796
-0.007355
-0.005768
-0.005981
-0.005402
-0.005676
-0.004303
-0.004272
-0.004272
-0.004456
-0.004791
-0.004883
-0.006165
-0.005280
-0.004700
-0.004700
-0.004913
-0.004395
-0.002777
-0.002472
-0.001129
-0.001190
-0.002075
-0.002930
-0.003204
-0.001556
-0.001068
0.000031
0.000671
-0.000214
-0.000793
-0.000458
0.000305
0.000305
-0.000122
-0.000793
-0.000061
0.002655
-0.000153
0.000305
-0.000366
0.000549
-0.000732
0.000824
-0.000885
0.000519
-0.000580
-0.000061
0.000610
-0.001526
0.002167
0.029419
0.189392
-0.027985
-0.188293
-0.009735
-0.002808
0.032837
0.074463
0.276459
0.329773
0.097473
0.040771
0.042450
-0.000153
0.006012
-0.041840
-0.088806
-0.068146
-0.075226
-0.053162
-0.028534
-0.058472
-0.026733
-0.021057
-0.036652
-0.020355
-0.035675
-0.029663
-0.011414
-0.032379
-0.039764
-0.033325
-0.027435
-0.021332
-0.030457
-0.018799
-0.013367
-0.024414
-0.019409
-0.014130
-0.012451
-0.007080
-0.008911
-0.002563
0.000336
-0.007263
-0.009888
-0.009186
-0.008118
-0.005157
-0.002686
-0.001740
-0.000488
-0.005493
-0.005859
-0.008698
-0.011505
-0.011932
-0.012360
-0.011047
-0.008362
-0.005951
-0.004059
-0.006195
-0.008850
-0.008301
-0.006378
-0.004639
-0.004486
-0.005768
-0.008331
-0.006378
-0.004028
-0.004669
-0.006439
-0.005646
-0.004669
-0.004913
-0.005676
-0.005798
-0.004913
-0.003906
-0.004211
-0.004852
-0.005432
-0.005737
-0.005463
-0.005402
-0.005341
-0.005981
-0.005737
-0.004852
-0.003143
-0.000977
-0.000153
-0.000488
-0.000946
-0.000946
-0.000183
-0.000031
0.000519
0.000397
0.000305
0.000641
0.000702
0.001373
0.001068
0.001099
0.000977
0.001221
0.001862
0.002899
0.003937
0.005157
0.005951