-0.004760
-0.006392
-0.004194
-0.004431
-0.001957
0.001604
-0.001733
0.000568
0.002409
-0.005962
-0.010088
-0.006218
-0.006450
-0.004571
-0.002140
0.010881
-0.007451
-0.016768
0.024915
0.003153
-0.017872
0.005177
-0.008105
-0.017856
0.014838
0.040479
0.012283
0.027154
0.043457
-0.016990
-0.036938
-0.029626
-0.038954
-0.019373
-0.001495
0.001395
0.087379
0.038456
-0.024922
0.005958
-0.113195
-0.061475
0.057668
-0.052393
-0.045898
0.117718
-0.000265
-0.106914
-0.010502
-0.137115
-0.163294
-0.033447
-0.043097
-0.093580
-0.013193
0.126023
0.008774
-0.086057
-0.002276
0.001010
-0.056693
-0.058909
0.060546
0.087982
0.018930
0.137272
0.118920
0.000831
0.052248
0.019850
-0.016871
0.021581
0.007343
-0.051918
-0.026069
0.005509
-0.027117
-0.018821
0.017237
0.046284
0.041912
0.027793
0.037583
0.042696
0.020612
0.021175
0.021433
0.002678
0.000235
0.008750
0.009950
0.005470
0.002828
0.004580
0.006297
0.002632
0.002324
0.003475
0.002147
-0.002910
-0.001341
-0.002280
-0.006612
-0.002072
0.002587
0.000487
0.007115
0.008567
0.005787
0.008540
0.004282
0.006167
0.007383
-0.003977
-0.000713
0.005565
0.000619
0.008628
0.008307
0.018678
0.016558
0.003559
0.013748
-0.009288
-0.005360
0.000549
-0.008436
0.034732
0.023431
-0.008512
0.025544
0.042729
-0.002949
0.001428
0.042976
-0.045826
0.042219
0.143783
-0.034863
-0.022298
0.026068
-0.063021
-0.119674
-0.102952
0.008339
0.027271
-0.006947
0.050592
0.104908
-0.006999
-0.056109
-0.011857
-0.164580
-0.180095
0.056774
0.065843
-0.046113
0.080666
0.235085
0.142371
0.077125
0.099216
0.024325
0.007391
-0.014275
0.013847
0.004002
-0.077544
-0.030694
0.007558
-0.024122
-0.082528
0.008034
0.075878
0.007079
0.011869
0.064660
0.049801
-0.024037
0.011463
0.007307
-0.061625
-0.027973
0.001195
-0.024970
-0.026927
-0.006916
-0.008928
-0.014255
-0.018860
-0.023614
-0.025878
-0.030467
-0.031430
-0.024045
-0.025867
-0.028598
-0.019444
-0.018978
-0.017547
-0.015325
-0.017463
-0.017285
-0.014458
-0.017578
-0.017394
-0.011565
-0.014349
-0.009283
-0.007594
-0.004071
-0.005195
-0.018814
-0.012879
-0.017964
-0.012757
-0.009935
-0.014153
0.000954
-0.014829
-0.008842
0.000216
-0.024107
-0.021070
-0.020193
0.003024
0.005999
-0.009275
0.033093
0.025170
0.032160
0.072143
0.065184
0.053350
0.028233
0.013613
-0.012718
-0.032078
-0.013795
-0.017886
-0.082448
-0.101848
-0.038323
-0.026941
-0.038239
-0.045106
0.048930
0.022157
-0.054960
0.055484
-0.087995
-0.137242
-0.038624
-0.093278
-0.150365
-0.116425
-0.022584
-0.114680
0.020511
0.157638
0.024654
0.049754
0.173772
0.121359
0.007580
0.054666
0.052468
0.016669
-0.023789
-0.019142
-0.002341
-0.010972
0.046539
0.076812
0.055697
0.040556
0.063007
0.024425
-0.021913
0.008351
0.015826
-0.025247
0.000860
0.027642
-0.006818
0.006457
0.032502
0.023672
0.009397
0.010796
0.007288
-0.005416
-0.006367
-0.009664
-0.015796
-0.023890
-0.024127
-0.019575
-0.021647
-0.016750
-0.013059
-0.010880
-0.013465
-0.010441
-0.011713
-0.017479
-0.014339
-0.012731
-0.008794
-0.013067
-0.005461
0.012367
-0.002355
-0.004929
0.016180
-0.009912
-0.016935
0.021186
-0.008053
-0.026049
0.014436
-0.003848
-0.035230
-0.014869
-0.018546
-0.012590
-0.012195
-0.027830
0.038542
-0.050350
-0.070595
0.061755
-0.039933
-0.098230
-0.040194
-0.067358
-0.095765
0.020727
0.036749
-0.011816
0.048989
0.055381
-0.003511
-0.039140
-0.057934
-0.102828
0.000737
-0.039632
-0.139374
-0.019020
-0.064979
-0.166640
-0.038719
0.013159
-0.041336
0.043893
0.100649
0.043645
0.019103
-0.001710
-0.002422
0.011173
-0.076893
-0.029348
0.056584
0.007623
-0.028803
0.046139
0.087778
-0.003149
0.025156
0.061764
0.008153
0.021244
0.059227
0.029071
0.031288
0.046620
0.052195
0.058192
0.031793
0.047616
0.040859
0.023626
0.042124
0.027831
0.012299
0.029522
0.027221
0.017526
0.025009
0.027108
0.021093
0.016926
0.022051
0.018170
0.012563
0.019933
0.014761
0.010505
0.009337
0.007667
0.009784
0.009663
0.009863
0.009455
0.011921
0.006185
0.004422
0.014074
0.009544
-0.001193
0.002995
0.013798
0.002249
-0.007398
0.013365
-0.005090
-0.014485
0.035065
0.009949
-0.018822
0.043448
0.008557
-0.015022
0.023952
-0.063841
-0.043030
-0.004027
-0.064059
0.050252
0.076973
0.011203
0.064485
0.028440
-0.006681
-0.043104
0.005811
0.070865
0.005167
0.185300
0.188469
0.007190
0.052594
0.062997
0.013726
-0.029777
0.020238
0.051695
-0.051313
0.029366
0.113676
-0.119713
-0.037912
0.069707
-0.062938
0.021635
-0.015376
0.036740
0.054257
0.020441
0.104507
-0.031982
-0.035566
-0.010368
-0.049619
-0.007925
-0.070222
-0.053206
0.003362
-0.049803
-0.045399
-0.066319
-0.057816
-0.011689
-0.069817
-0.059165
-0.027480
-0.047862
-0.040452
-0.024367
-0.010621
-0.006798
-0.027965
-0.011252
-0.003322
-0.026787
-0.008049
-0.013264
-0.019043
-0.013122
-0.028901
-0.024239
-0.014089
-0.017989
-0.015989
-0.014379
-0.015344
-0.014340
-0.010295
-0.008151
-0.007204
-0.010483
-0.011085
-0.003945
-0.006244
-0.006403
-0.006767
-0.009276
-0.016660
-0.012237
0.003041
-0.005588
-0.001658
0.006831
-0.012119
-0.016221
-0.018156
-0.021310
-0.015334
-0.016853
0.000291
0.013427
-0.002662
-0.002796
0.040387
0.007705
0.005474
0.055579
-0.055451
-0.027091
0.032960
0.001399
0.031812
0.029374
0.055776
0.040660
0.048187
-0.026042
-0.121429
-0.045303
-0.037691
-0.039323
0.000144
-0.026856
0.004218
0.028544
-0.064631
-0.121111
-0.158436
-0.167555
-0.095892
-0.105428
-0.080495
0.028175
0.021643
0.044713
0.078598
-0.004277
-0.036163
-0.051939
-0.047462
-0.014524
-0.007658
0.040259
0.036450
0.086101
0.109322
0.027608
0.060829
0.050016
0.027508
0.061655
0.042306
0.050100
0.028299
0.003636
0.038537
-0.001276
-0.014296
0.031079
0.011174
0.015448
0.038973
0.033100
0.030371
0.034445
0.035822
0.018241
0.014249
0.022934
0.014360
0.013870
0.010883
0.000951
0.006985
0.002975
-0.005575
-0.001374
-0.006712
-0.009020
-0.005465
-0.006133
-0.003215
-0.000712
-0.000299
0.007093
0.008661
0.001787
0.006866
0.004940
0.000888
0.002397
0.006555
0.009125
0.020658
0.012792
-0.014051
0.007921
-0.007384
-0.007504
0.020688
-0.000564
-0.021391
-0.000776
0.018441
-0.032143
0.024719
0.071575
-0.018129
0.007540
0.042817
-0.015704
-0.019191
-0.012757
0.038700
0.043166
0.005418
0.067859
-0.032411
-0.118121
0.025361
-0.036214
-0.137152
0.107954
0.032650
-0.095540
0.081227
0.030527
-0.035024
-0.006081
0.030822
-0.104169
0.035183
0.163310
-0.114225
-0.007865
0.096685
0.005265
0.026810
0.048931
0.044007
0.085800
0.107318
0.090807
0.086847
0.018137
0.000305
0.012411
-0.040976
-0.080806
-0.033986
-0.006044
-0.004204
0.006306
0.030858
0.057166
0.031883
0.011871
0.009687
-0.009700
-0.044979
-0.019694
-0.016584
-0.051652
-0.025334
-0.011678
-0.026647
-0.020081
-0.009717
-0.023267
-0.025815
-0.018254
-0.025439
-0.026888
-0.029998
-0.032456
-0.032140
-0.033271
-0.029577
-0.028997
-0.024587
-0.020353
-0.019160
-0.016864
-0.017844
-0.018494
-0.016674
-0.016605
-0.022410
-0.020235
-0.016810
-0.016598
-0.015679
-0.018403
-0.013213
-0.027132
-0.022096
0.006925
-0.026639
-0.040518
-0.003736
-0.066009
-0.078716
0.000207
-0.006384
-0.014773
0.001466
0.029135
-0.039587
-0.035765
0.027889
-0.085840
-0.090285
-0.015592
-0.008431
0.028497
-0.033847
-0.028102
0.084322
-0.019610
-0.003472
0.097175
-0.066959
-0.028898
0.286626
0.133754
-0.045642
0.235177
0.189460
0.010574
0.106737
0.072895
-0.124066
-0.049508
0.020451
-0.195729
-0.139281
-0.054688
-0.095201
0.006098
-0.003234
0.014941
0.067031
0.012319
0.022234
0.066432
0.012120
0.010046
0.061110
0.033633
0.028334
0.033386
0.019525
0.020234
0.006023
-0.032857
0.005241
-0.006414
-0.056887
-0.015665
-0.008347
-0.054501
-0.038404
0.009794
-0.017918
-0.017562
0.002703
-0.001392
0.002795
-0.001828
-0.007642
-0.002190
-0.011660
-0.020773
-0.007712
-0.015375
-0.021058
-0.011310
-0.013762
-0.015290
-0.016986
-0.021170
-0.020493
-0.022375
-0.025185
-0.027587
-0.027283
-0.024274
-0.018529
-0.018515
-0.017287
-0.017204
-0.011203
-0.007965
-0.004869
-0.013110
-0.019926
0.012351
0.000934
-0.027386
-0.023820
-0.034580
-0.014211
0.001846
-0.002810
0.008531
-0.053574
-0.010996
0.038616
-0.089176
0.003900
0.033251
-0.061899
0.060557
0.064612
-0.019163
-0.069360
0.029338
0.023781
-0.100042
0.074930
-0.001993
-0.033482
0.241404
0.119359
-0.024899
0.082681
0.050581
0.016561
0.072379
0.007719
0.027571
0.067249
0.022861
-0.005920
-0.077499
-0.134114
-0.111227
0.001331
-0.036517
-0.055383
0.067147
0.014253
-0.055167
0.052663
0.036527
-0.077612
-0.012548
0.011088
-0.035998
-0.071821
-0.068409
-0.046954
-0.093896
-0.091512
-0.051355
-0.055241
-0.053401
-0.019629
-0.020064
-0.017220
-0.004135
-0.010346
-0.010648
-0.010082
-0.008874
-0.013817
-0.009396
0.001602
-0.002818
-0.007965
-0.001220
0.000333
0.001672
0.006620
0.004125
0.005967
0.004997
0.003689
0.006564
0.003434
0.004695
0.007182
0.006825
0.004812
0.003673
0.005720
0.004402
0.006622
0.004603
-0.000679
-0.000654
0.003945
0.011168
0.006070
-0.004754
-0.004701
-0.007235
-0.016789
-0.002988
-0.000537
-0.003734
0.025495
0.013002
-0.010584
-0.002142
0.017506
0.020979
0.007551
0.041867
0.019173
-0.040299
0.009978
0.014921
-0.030975
0.026470
0.070185
0.039178
0.031353
0.127181
0.056269
-0.058377
0.149139
0.108977
-0.030472
0.094301
0.065466
-0.102962
-0.107694
0.071904
-0.106249
-0.171917
0.132775
-0.014159
-0.110276
0.124646
0.055155
-0.124121
0.034368
0.106131
-0.068351
-0.069488
0.054721
-0.022642
-0.131387
-0.041298
-0.039957
-0.060778
-0.017885
-0.004595
0.033932
0.037193
0.034733
0.037693
-0.005204
-0.014145
-0.018390
-0.051220
-0.037848
-0.025943
-0.029120
-0.015326
-0.005958
0.001540
0.006508
0.004124
0.005243
0.007989
0.001287
-0.005154
-0.000597
-0.003276
-0.008598
-0.009210
-0.005455
-0.006901
-0.007309
-0.000327
-0.003359
-0.004013
-0.003243
-0.003446
-0.005932
-0.006437
-0.005206
-0.006389
-0.007384
-0.005111
-0.003397
-0.006384
-0.004014
0.000422
-0.005173
-0.002503
0.005863
-0.000497
-0.003256
-0.000127
-0.008029
-0.015283
-0.002047
-0.002363
-0.013295
0.000019
0.001586
-0.011242
-0.006831
-0.002672
-0.012125
-0.010766
0.001467
-0.000466
-0.002036
0.004654
0.004166
0.003170
0.003373
0.003033
0.002886
0.001129
0.001033
0.002165
0.000825
0.000198
0.000894
-0.000416
-0.001138
0.000380
0.000843
0.002019
0.002717
0.002581
0.002494
0.002587
0.002647
0.003201
0.003293
0.001958
0.001601
0.001387
0.000862
0.000754
0.001070
0.001460
0.002063
0.002300
0.002419
0.002211
0.002139
0.001491
0.000932
0.000503
0.000411
0.000360
0.000444
0.000615
0.000797
0.000781
0.000883
0.000933
0.000975
0.000836
0.000750
0.000797
0.000818
0.000825
0.000935
0.000981
0.000849
0.000765
0.000644
0.000506
0.000479
0.000533
0.000581
0.000594
0.000561
0.000555
0.000473
0.000415
0.000393
0.000362
0.000379
0.000384
0.000361
0.000303
0.000312
0.000325
0.000332
0.000348
0.000276
0.000239
0.000203
0.000140
0.000100
0.000065
0.000037
0.000025
0.000051
0.000014
-0.000015
-0.000080
-0.000157
-0.000174
-0.000151
-0.000120
-0.000047
-0.013551
0.030687
0.016932
0.062597
-0.018279
-0.067561
0.067615
0.019489
-0.007332
-0.016929
-0.072342
0.046891
0.136535
0.062141
0.051649
0.209822
-0.026281
-0.245038
-0.160283
-0.140579
-0.076380
0.103064
0.122240
0.062730
0.363332
-0.013239
-0.202562
-0.146756
-0.621920
0.001151
0.484743
-0.139464
-0.015750
0.510689
-0.157141
-0.325227
-0.433886
-0.894912
0.380485
0.234819
-0.572693
0.232688
0.519371
0.161868
-0.141779
-0.257131
-0.024150
-0.003134
-0.349139
0.096752
0.574328
0.190216
0.283973
0.423373
-0.064513
-0.043370
-0.065210
-0.163399
0.207763
0.106425
-0.181512
-0.118790
0.067688
-0.009939
-0.109745
0.030726
0.143863
0.155396
0.024249
0.033141
0.031859
0.007215
-0.016764
0.012635
-0.011977
-0.056084
-0.005751
-0.002433
-0.038823
-0.046565
-0.020961
-0.015038
0.006557
0.003641
0.014994
0.029034
0.023294
0.021041
0.008629
-0.000237
0.007526
0.011449
0.006253
-0.013070
0.013270
0.010484
-0.015599
-0.009405
-0.017935
0.017958
0.023812
-0.044228
-0.026840
0.019954
-0.009388
0.015706
0.006632
0.079816
0.070615
-0.032754
-0.018501
-0.037112
-0.000204
-0.047624
-0.029620
0.219631
0.121414
-0.139382
-0.033224
0.204813
0.026268
-0.109989
-0.005985
-0.101477
0.431527
0.278164
-0.339257
0.146671
-0.177682
-0.502499
-0.178107
-0.292841
0.064990
0.700310
0.242620
-0.210952
0.157336
-0.093128
-0.156374
-0.496103
-0.905403
0.270513
0.567607
-0.162877
0.328793
0.649285
0.313842
0.198001
0.104976
-0.195284
-0.292975
0.031224
0.181095
0.086402
-0.308668
-0.051122
0.195329
-0.161911
-0.173684
-0.184044
0.214829
0.188547
0.001506
0.153650
0.091275
-0.039191
-0.050527
0.040992
-0.248618
-0.119654
0.043454
-0.126903
-0.104321
-0.059212
-0.019624
-0.039420
-0.026685
-0.071191
-0.038649
-0.007424
-0.019516
0.004687
-0.018755
-0.020116
-0.004668
-0.000434
-0.027391
-0.014998
-0.016579
-0.036805
-0.022773
-0.025571
-0.031042
-0.012728
0.005063
-0.015899
-0.013315
-0.011752
0.024650
0.005561
-0.062842
-0.027141
-0.026414
0.028936
0.012198
-0.024226
0.052957
-0.027360
-0.040008
-0.009572
-0.047566
-0.026506
-0.075305
0.056060
0.122550
-0.007251
0.008656
0.082987
0.240048
0.178228
0.053946
0.159526
0.118040
-0.174600
-0.305722
0.011311
0.104932
-0.085808
-0.355675
-0.249202
0.053260
-0.071627
-0.022114
0.018273
0.358867
0.051582
-0.298955
0.063154
-0.432350
-0.261464
-0.140169
-0.219873
-0.151371
-0.251930
-0.254209
-0.036547
0.811757
0.197077
-0.073764
0.415217
0.362579
0.071245
-0.070020
0.189045
0.034642
0.134717
-0.138267
-0.187471
0.064869
0.125587
0.269951
0.154193
0.116300
0.036179
0.032312
-0.146136
-0.058944
0.079653
-0.053210
0.003534
0.075294
-0.031826
-0.098664
0.037686
-0.001884
-0.073852
-0.044318
-0.036949
-0.044074
-0.035482
-0.020732
-0.036002
-0.037537
-0.038365
-0.037944
-0.031279
-0.030998
-0.003096
0.003018
-0.010330
-0.007608
0.007703
-0.004858
-0.017643
-0.012841
-0.011717
0.009863
-0.022669
-0.012475
0.056812
-0.003260
-0.044456
0.017235
-0.045539
-0.011374
0.062510
-0.070503
0.013347
0.079922
-0.119387
-0.051933
0.030409
-0.173134
0.058987
0.097759
-0.161977
0.202782
-0.194821
-0.217129
0.252083
-0.164858
-0.139498
-0.127761
-0.454880
0.061767
0.562795
-0.197353
0.152604
0.531239
-0.163624
-0.240298
-0.266252
-0.216596
-0.063574
0.080973
-0.057194
-0.035529
-0.185955
-0.503401
-0.097377
0.180096
-0.084248
0.022580
0.640182
0.284690
-0.292776
0.062321
-0.021821
-0.144042
-0.046732
-0.254866
0.237756
0.296782
-0.188480
0.018422
0.240616
-0.003151
0.038059
0.183367
-0.069786
0.094228
0.140371
0.105480
0.096000
0.076536
0.132548
0.105352
0.074575
-0.003560
0.029457
-0.007063
0.053846
0.022917
-0.044722
0.021718
0.051402
0.036032
0.002656
0.034170
0.011623
-0.008624
0.015119
0.013020
0.003779
0.013789
0.021763
-0.001198
-0.002852
-0.012483
-0.003956
0.000213
-0.015577
0.003486
-0.003580
0.010668
-0.004065
-0.018625
0.025890
0.019456
-0.014817
-0.016530
0.030187
0.025008
-0.019214
-0.008012
-0.037212
0.010418
0.109706
-0.047177
-0.036422
0.184323
-0.091544
-0.048037
0.102300
-0.396296
-0.085299
0.076936
-0.225155
0.431984
0.332069
-0.047154
0.253552
-0.279858
-0.262391
-0.001541
-0.114027
0.277773
0.484980
0.615883
0.303445
-0.145701
-0.299280
-0.124020
-0.011067
0.062535
0.110398
-0.087233
0.140048
0.209218
-0.184473
-0.491113
0.220998
0.008569
-0.330829
0.357281
-0.161064
0.045834
0.204699
0.159380
0.194044
-0.413289
-0.326867
-0.012219
0.032653
-0.207638
-0.147565
0.005230
0.032388
-0.118043
-0.317810
-0.028001
0.058472
-0.088321
-0.107381
-0.077762
-0.009518
-0.012132
-0.062998
0.072888
0.067747
-0.074545
-0.016344
0.003276
-0.042370
-0.010179
-0.001791
-0.029305
0.008160
-0.055435
-0.035344
0.019076
0.000837
-0.003963
-0.008458
0.006162
0.009363
0.003094
0.011490
0.011964
0.001041
-0.003042
-0.018758
0.001406
0.001784
-0.008596
-0.009585
-0.027886
-0.051584
-0.018959
0.025203
0.008037
0.034195
0.009071
-0.049207
-0.022008
-0.067778
-0.060379
0.034395
0.011078
0.028182
0.073563
0.013841
-0.044339
0.126501
-0.003774
0.085861
0.135315
-0.408412
-0.002425
0.116432
0.018795
0.280182
0.064388
0.047245
0.184804
0.066233
-0.492956
-0.437662
-0.073531
0.058497
0.233561
-0.035639
-0.033868
0.237215
0.044173
-0.497638
-0.550546
-0.438269
-0.328938
0.015284
-0.052025
0.127292
0.406010
0.067270
0.183917
0.219777
-0.334622
-0.231150
-0.156530
-0.137354
0.222201
0.172520
0.227662
0.368915
0.255415
0.089681
0.015175
0.025922
0.011791
0.152846
0.170738
0.151557
0.104922
-0.001811
0.025647
-0.002077
-0.086441
-0.035280
0.010892
-0.028151
0.045779
0.066108
-0.014935
0.008275
0.061258
-0.005508
-0.019109
0.027141
-0.016584
-0.013509
-0.015723
-0.049112
-0.017897
-0.009113
-0.037027
-0.015003
-0.007235
-0.020046
0.007839
-0.000671
-0.003346
0.019002
0.013651
0.011193
0.026447
0.020006
-0.003648
0.002130
-0.008528
0.008332
0.000896
0.003361
0.012161
0.085370
-0.006749
-0.149236
-0.008846
-0.040023
0.033003
0.071604
-0.013593
-0.030114
-0.013665
-0.042362
-0.103589
0.237253
0.193962
-0.073649
0.057869
-0.074410
-0.099488
0.074511
-0.158152
0.152955
0.443239
-0.005821
-0.105933
-0.287585
-0.334921
0.196764
-0.268654
-0.309542
0.967892
-0.093978
-0.439087
0.392298
-0.243392
0.067583
0.061572
-0.445449
-0.076394
0.769413
-0.143106
-0.412024
0.419803
-0.216408
0.103279
0.182860
-0.070258
0.136336
0.365657
0.347338
0.121160
-0.022003
-0.217442
0.087654
-0.097450
-0.339782
-0.152948
0.021548
0.060856
0.074892
0.091226
0.091407
0.117105
-0.013172
-0.062115
-0.104507
-0.122397
-0.080901
-0.032309
-0.109976
-0.084124
0.018738
-0.060618
-0.071172
-0.048023
-0.066277
-0.067871
-0.011592
-0.023718
-0.038382
-0.011081
-0.019806
-0.023921
-0.029051
-0.034860
-0.030469
-0.028699
-0.032863
-0.022280
-0.017990
-0.011991
-0.009465
-0.025863
-0.019190
-0.015534
-0.030697
-0.025116
-0.019628
0.007587
-0.002294
-0.048467
-0.013296
-0.048667
-0.038441
0.063343
-0.032748
-0.077653
0.009459
-0.258950
-0.142511
0.102663
0.051637
0.199606
0.041672
-0.080250
-0.121185
-0.017263
-0.073253
-0.259911
-0.015151
-0.020163
0.021235
0.376844
-0.063944
-0.310217
0.286976
0.159250
-0.048302
-0.022126
-0.366554
0.405605
1.181536
-0.143767
-0.061319
0.805668
-0.172882
0.186477
0.298308
-0.690346
-0.221270
0.260002
-0.549320
-0.610999
0.082879
-0.286774
0.039493
0.296248
-0.085051
0.187430
0.070311
-0.067053
0.122625
0.004343
-0.140371
0.244292
0.187479
-0.127519
0.136282
0.050765
-0.122526
-0.053866
-0.072580
-0.050009
0.079076
-0.118067
-0.046184
0.147589
-0.093393
-0.038028
0.114180
0.040908
-0.039605
0.038418
-0.009287
-0.009688
-0.021048
-0.084010
-0.027604
-0.054286
-0.076714
-0.056574
-0.044205
-0.070052
-0.048359
-0.032168
-0.029322
-0.018955
-0.021174
-0.018915
-0.009558
0.001606
-0.015156
-0.017793
-0.014289
-0.009682
-0.001375
-0.004455
-0.012534
-0.031354
0.000135
0.008316
0.023318
-0.038605
-0.068227
0.098413
0.037932
-0.087652
-0.128108
-0.129921
0.104617
0.109464
-0.045249
0.086527
-0.156222
-0.086578
0.089839
-0.287282
0.199133
0.066352
-0.194604
0.444879
0.097312
-0.283371
-0.189732
0.055792
-0.003846
-0.009734
0.128705
-0.287067
0.443830
0.875682
0.003958
-0.201162
0.054807
-0.208580
0.128162
0.454790
-0.336467
0.242198
0.510011
-0.301503
-0.285746
-0.426831
-0.489420
0.005315
0.083061
-0.076172
0.386670
0.029634
-0.282840
0.149629
0.020392
-0.212817
-0.156744
0.143598
0.015239
-0.203301
-0.228257
-0.132457
-0.188930
-0.222866
-0.054045
-0.073932
0.006740
-0.015436
0.006060
0.077796
0.067203
0.065401
0.008622
0.011176
0.047839
0.029843
-0.010615
0.033717
0.008381
-0.025313
-0.000056
0.003852
0.011038
0.017384
0.019193
0.031365
0.027762
0.016288
0.038545
0.027467
0.021193
0.031900
0.022091
0.020848
0.002251
-0.005281
0.002688
-0.004733
0.011845
-0.001320
-0.022308
-0.017302
-0.000937
0.039230
0.023249
-0.054821
-0.055699
-0.015021
-0.040257
0.014262
0.021471
0.055164
0.155313
-0.034457
-0.114686
-0.031952
0.046930
0.121774
0.063410
0.090742
0.003482
-0.201716
-0.111459
-0.009127
0.060576
0.198198
0.127841
0.134573
0.176773
0.201623
-0.146586
-0.130030
0.532629
0.079962
-0.000350
0.229556
-0.196011
-0.351194
-0.335832
-0.016888
-0.254405
0.081536
0.258211
-0.231417
0.291201
0.262848
-0.527542
-0.162282
0.638647
-0.182011
-0.368961
0.250714
-0.048954
-0.241031
-0.279425
-0.171860
-0.068122
0.007064
0.000473
0.123542
0.225667
0.131440
0.116718
-0.062906
-0.045931
-0.021852
-0.108001
-0.083983
-0.019553
-0.009859
-0.025406
0.005159
0.041939
0.007979
-0.029507
0.008653
0.020908
-0.008551
0.001920
0.009252
0.015792
-0.006324
-0.024832
-0.007869
-0.018225
-0.020026
-0.007292
-0.011912
-0.015164
-0.004024
-0.007726
0.000118
-0.001336
-0.000603
0.005742
0.003326
-0.001329
-0.000234
-0.008260
-0.011990
-0.000526
0.006422
-0.000443
0.012531
0.032576
0.005407
-0.010068
-0.022106
-0.044975
-0.032918
0.011037
-0.011336
-0.007544
0.024435
-0.035903
-0.034346
0.000070
-0.033972
-0.024279
0.029009
0.018706
-0.000860
0.017346
0.008314
0.002340
0.007264
0.003852
0.004501
0.003779
0.003800
0.008119
0.008844
0.004604
0.009941
0.010884
0.008839
0.012194
0.015505
0.013892
0.011076
0.007752
0.006207
0.004836
0.004077
0.003102
0.002660
0.002831
-0.000012
-0.000674
-0.004025
-0.003425
-0.000045
-0.001061
0.000848
0.002595
0.002433
-0.001742
0.000077
0.001429
-0.002082
-0.001746
-0.001148
-0.000066
0.000012
0.001854
0.002084
0.003477
0.002669
0.002496
0.002002
0.001845
0.001155
0.000251
-0.000355
0.000101
-0.000163
0.000389
0.000478
0.001101
0.001061
0.000905
0.000543
0.000398
0.000280
0.000165
-0.000127
-0.000173
-0.000001
0.000000
0.000131
0.000335
0.000171
0.000048
0.000083
0.000155
0.000190
0.000515
0.000782
0.000875
0.000672
0.000358
0.000105
-0.000037
-0.000018
0.000128
0.000157
0.000174
0.000206
0.000136
0.000057
-0.000114
-0.000334
-0.000461
-0.000436
-0.000513
-0.000547
-0.000548
-0.000611
-0.000742
-0.000776
-0.000852
-0.000960
-0.000694
-0.000594
-0.000596
-0.000579
-0.000425
-0.000455
-0.000246