-0.024817
-0.014933
-0.016993
-0.020625
-0.014925
-0.012046
-0.009186
-0.010381
-0.006650
-0.005065
-0.007576
-0.010154
-0.012107
-0.018434
-0.015799
-0.013401
-0.007608
-0.002283
0.001150
0.014394
-0.012352
-0.015827
0.016141
0.001875
-0.018759
-0.019682
-0.008672
0.016802
0.029817
0.025304
0.033162
0.043310
-0.005890
-0.038609
-0.043156
-0.036438
-0.021882
0.015221
0.009222
0.034085
0.090976
-0.010763
-0.051476
-0.079178
-0.119808
0.036766
0.095176
-0.060044
-0.005046
0.120882
-0.010389
-0.101627
-0.172367
-0.119824
0.051401
-0.079051
-0.102513
0.046469
0.053577
0.022709
-0.050841
-0.102152
0.002963
-0.000928
-0.067538
0.018335
0.078978
0.061593
0.073824
0.078922
0.047326
0.029427
-0.018801
0.016816
0.053937
-0.002382
-0.042283
-0.050177
-0.030917
-0.019315
-0.026695
-0.011402
0.025855
0.043123
0.023543
0.002902
0.002411
0.015435
0.013719
0.013193
0.017488
0.022923
0.024276
0.021014
0.013230
0.004754
0.004125
0.006471
0.007775
0.002879
0.005650
0.002648
0.002837
0.004351
0.002487
0.006533
0.012339
0.013541
0.008390
0.005482
0.011966
0.008004
-0.001690
-0.002845
0.000948
0.010062
0.005116
-0.008074
0.001873
0.007480
0.000092
0.000508
0.001227
0.022893
0.010468
-0.005629
0.004711
0.002348
-0.001202
-0.013137
0.008919
0.054942
0.008383
-0.044884
0.017826
0.074397
-0.002013
-0.025182
0.011517
0.019598
0.114883
0.055720
-0.042920
-0.007910
-0.054123
-0.060738
-0.073641
-0.102525
0.066127
0.158659
-0.016660
-0.025101
0.086848
0.008885
-0.091903
-0.193535
-0.151041
0.057841
0.056251
-0.006913
0.055511
0.091230
0.160578
0.145024
0.038173
-0.019822
-0.000902
0.055377
0.053799
-0.014412
-0.061401
-0.001287
-0.011452
-0.027910
-0.023316
-0.038262
0.025354
0.025003
0.000150
0.008683
0.015222
0.000475
0.004715
0.003128
-0.011214
0.016508
0.017595
-0.001168
-0.013213
-0.012323
-0.011857
-0.012233
-0.017202
-0.019745
-0.015908
-0.021037
-0.014665
-0.011605
-0.011010
-0.016818
-0.011778
-0.005167
-0.008242
-0.009368
-0.012722
-0.011661
-0.016476
-0.018036
-0.017238
-0.012858
-0.010581
-0.015073
-0.014858
-0.014398
-0.003886
-0.014328
-0.026965
-0.020159
-0.012834
0.001054
-0.011007
-0.013801
-0.004871
-0.021593
-0.016777
-0.012598
-0.023979
-0.030040
-0.024043
0.024607
0.020961
-0.020102
-0.004884
0.032144
0.052415
0.036328
0.038886
0.062516
0.030258
-0.034092
-0.023838
0.030697
0.011987
-0.052457
-0.113667
-0.063055
-0.006333
-0.021925
-0.041221
-0.022995
0.079282
0.000517
-0.038576
-0.000163
-0.099298
-0.102006
-0.065183
-0.036203
-0.095157
-0.117625
-0.081677
0.019896
0.100581
0.025243
0.025488
0.074101
0.119107
0.057191
0.007652
0.015675
0.049083
0.045049
-0.036837
-0.026320
0.018375
0.041639
0.035563
0.042638
0.028368
0.009548
-0.006245
-0.036706
-0.021620
-0.008389
0.003943
0.001499
0.013017
0.016734
0.012496
0.017119
0.015288
0.019053
0.006291
0.006153
0.003046
0.001401
-0.001937
-0.003090
0.000616
-0.001402
0.002685
0.003044
0.001560
-0.000951
-0.003159
-0.007013
-0.010285
-0.006452
-0.007511
-0.009442
-0.007914
-0.002308
-0.000088
-0.008980
0.003718
0.015217
-0.009019
-0.014570
0.004660
-0.012429
-0.012048
-0.001593
-0.017905
-0.005254
-0.002653
-0.024357
-0.015642
-0.022245
-0.033887
0.028827
-0.008337
-0.021630
0.040374
-0.071042
-0.041997
0.038480
-0.038841
-0.082177
-0.095946
-0.089249
0.045213
0.051129
-0.048945
0.069002
0.074697
-0.000017
-0.032398
-0.058984
-0.057351
-0.041244
-0.002376
-0.005204
-0.066804
-0.116173
-0.098117
-0.066187
-0.034357
-0.033314
0.026653
0.107942
0.015135
-0.042941
0.019179
-0.023298
-0.028913
-0.019085
-0.029375
0.056764
0.043045
-0.027318
-0.006174
0.018349
0.019136
0.021606
-0.009069
0.001742
0.030836
0.017897
0.025026
0.011419
0.022893
0.052804
0.054338
0.040239
0.032131
0.025373
0.020577
0.025262
0.014979
0.016707
0.012230
0.020833
0.026900
0.025024
0.022694
0.019058
0.021099
0.018092
0.019771
0.019571
0.019847
0.017100
0.018954
0.018448
0.015969
0.017988
0.016946
0.018194
0.016390
0.012980
0.017352
0.010640
0.009398
0.017507
0.010259
-0.002282
0.002403
0.017813
0.009069
-0.003939
0.003975
0.003923
0.012974
0.031690
0.000424
0.009247
0.039757
-0.012154
0.007944
-0.006516
-0.089635
-0.010486
-0.012137
-0.031656
0.098597
0.052790
0.013911
0.033053
-0.049193
-0.007903
-0.031529
-0.017019
0.099579
0.118226
0.161714
0.122686
-0.026360
-0.040847
0.055044
0.047964
0.016991
-0.005853
0.032274
0.052938
0.020345
-0.040571
-0.091866
0.013846
-0.010403
0.014558
0.051243
-0.040861
0.029374
0.052334
0.065269
0.040587
-0.060101
-0.031530
0.052355
0.009334
-0.038297
-0.035546
-0.014413
0.015850
-0.051508
-0.067051
-0.019938
-0.025898
-0.036197
-0.034097
-0.045432
-0.023839
-0.027528
-0.040199
0.001198
0.001692
-0.007658
-0.008951
-0.018117
-0.005880
-0.008076
-0.018760
-0.018588
-0.019759
-0.026715
-0.022806
-0.021668
-0.019880
-0.019008
-0.025605
-0.021318
-0.017424
-0.015797
-0.013978
-0.016671
-0.013064
-0.012450
-0.016575
-0.009721
-0.007809
-0.009661
-0.010217
-0.012083
-0.016331
-0.007373
0.002018
-0.003029
-0.005626
-0.013211
-0.017512
-0.016396
-0.024737
-0.014263
-0.001208
-0.006285
0.006066
0.016020
-0.010725
-0.012932
0.032298
0.003570
0.030170
0.000335
-0.078857
0.004503
0.022815
0.030137
0.034225
0.007124
0.046709
0.079752
-0.001699
-0.121395
-0.110081
-0.018601
0.044507
0.011569
-0.041917
0.000197
0.059719
-0.004989
-0.131384
-0.155523
-0.144434
-0.101378
-0.050539
-0.062735
-0.014121
0.036440
0.011468
0.060717
0.037300
-0.066173
-0.050617
-0.059021
-0.013166
0.035044
-0.000608
0.033976
0.063224
0.067471
0.067627
0.024331
0.001767
0.023292
0.038414
0.037912
0.028758
0.005550
-0.004711
-0.000660
0.008039
0.005595
0.003200
0.006717
0.005151
0.010382
0.008551
0.000711
0.007557
0.018500
0.017784
0.030466
0.034910
0.028943
0.027501
0.016695
0.014004
0.016611
0.011003
0.007509
0.009777
0.007465
0.006509
0.006213
0.005262
0.009557
0.009804
0.006992
0.005984
0.009184
0.008538
0.004261
0.002864
0.004652
0.009113
0.007396
0.011302
0.016974
0.026730
-0.013673
-0.032341
-0.002925
-0.004329
0.006816
0.008347
-0.000354
-0.012841
0.000538
-0.004750
-0.011008
0.041505
0.031896
-0.015704
-0.001178
0.007578
0.017904
-0.007729
-0.036720
0.094250
0.105090
-0.009902
-0.018906
-0.068307
-0.072380
0.026784
-0.088695
-0.022958
0.177615
-0.051222
-0.056110
0.047651
0.006590
0.014262
-0.065749
-0.074997
0.063927
0.131979
-0.033210
-0.050195
-0.015293
0.018246
0.087618
0.013915
-0.006874
0.057881
0.124963
0.105637
0.051408
0.001031
0.013653
0.019618
-0.024363
-0.041110
-0.036715
-0.010234
-0.001487
0.007090
0.006304
0.037159
0.033708
0.004541
-0.001533
-0.011725
-0.007719
-0.012000
-0.011330
-0.018168
-0.005690
0.001928
-0.005981
-0.003287
-0.005641
-0.009704
-0.018531
-0.018054
-0.016071
-0.017308
-0.022010
-0.022522
-0.016143
-0.014282
-0.014513
-0.014129
-0.015608
-0.016482
-0.018643
-0.020469
-0.017941
-0.019552
-0.023816
-0.020689
-0.020162
-0.022326
-0.017034
-0.015114
-0.012770
-0.020214
-0.022018
-0.012727
-0.025602
-0.021498
-0.000613
-0.031475
-0.039971
-0.026835
-0.076590
-0.043190
0.005558
0.024316
0.011319
-0.025768
-0.008619
-0.017518
-0.022112
-0.037743
-0.069769
-0.052638
-0.020402
0.038654
0.063283
-0.097301
-0.078565
0.094867
0.028825
-0.046908
-0.031871
-0.058154
0.129373
0.251634
0.001166
0.022423
0.163337
0.118952
0.130253
0.006106
-0.073540
0.015551
-0.005521
-0.118044
-0.122241
-0.097110
-0.097690
-0.005122
0.000275
-0.009132
0.015829
-0.002202
-0.002365
0.023712
0.020580
0.029481
0.066981
0.046821
0.058421
0.078880
0.047957
0.015138
0.015830
0.005671
0.006216
-0.003996
-0.041144
-0.017524
-0.024502
-0.045033
-0.020902
-0.004582
-0.002307
-0.004335
-0.005170
-0.005461
0.003579
-0.010957
-0.013878
-0.008706
-0.009674
-0.004617
-0.010916
-0.012170
-0.011081
-0.011223
-0.016280
-0.016278
-0.018586
-0.015986
-0.015082
-0.018973
-0.017510
-0.014686
-0.011948
-0.013861
-0.010216
-0.010492
-0.012412
-0.015280
-0.013711
-0.004518
-0.001028
-0.003034
-0.023269
-0.015421
0.017911
-0.005652
-0.043633
-0.055560
-0.028449
0.023348
0.000236
-0.014579
0.003255
-0.057789
-0.000552
0.013217
-0.067881
0.015801
-0.017397
-0.009387
0.090117
0.014802
-0.074981
-0.077032
0.017101
0.027106
-0.022320
-0.028509
-0.021641
0.123619
0.190878
0.030196
-0.055990
0.010510
0.036580
0.118776
0.055263
-0.058050
0.106458
0.104324
-0.032017
-0.064525
-0.118622
-0.124959
-0.030908
-0.003708
0.022646
0.019719
-0.058805
-0.013429
0.014210
0.011663
-0.001151
-0.022199
0.022270
0.030917
-0.019697
-0.053273
-0.052521
-0.073103
-0.052360
-0.039258
-0.028062
-0.020328
-0.046616
-0.035961
-0.021720
-0.015038
-0.011840
-0.012743
-0.010652
0.002019
0.001882
-0.003749
-0.005579
-0.010560
-0.005257
-0.010691
-0.011191
-0.007024
-0.010853
-0.011969
-0.010215
-0.011212
-0.012112
-0.008509
-0.005697
-0.000943
-0.002206
-0.002269
0.001038
-0.001582
0.001000
0.000486
-0.001506
0.003492
0.001945
-0.000887
0.001847
0.010209
0.015764
0.001417
-0.018925
-0.012340
-0.005373
-0.010618
0.001134
0.002847
0.019940
0.030284
-0.005938
-0.018522
-0.001907
0.029846
0.033380
0.012582
0.031001
0.007224
-0.048751
-0.015200
0.011702
0.000922
0.011338
0.038573
0.057460
0.049012
0.063924
-0.015017
0.001382
0.141177
0.087309
0.036353
0.031903
0.006308
-0.080144
-0.091687
0.019247
-0.043582
-0.058343
0.013423
0.027455
0.031789
-0.002640
-0.076241
0.006246
0.081498
-0.008311
0.000664
0.013511
-0.002818
-0.030763
-0.084707
-0.056011
0.002424
-0.005938
-0.016871
0.019971
0.041414
0.039871
0.002638
-0.014435
-0.000462
-0.014849
-0.016843
-0.020887
-0.021127
-0.011590
-0.009138
-0.018992
-0.007304
0.000091
-0.009207
-0.010382
-0.010479
-0.006624
-0.013156
-0.011995
-0.004828
-0.007020
-0.006805
-0.003031
-0.001948
-0.001925
-0.001608
-0.004697
-0.008010
-0.009248
-0.008765
-0.005818
-0.006946
-0.004056
-0.001491
-0.000744
0.000817
-0.001403
-0.004553
-0.004986
-0.002155
-0.002255
-0.006616
-0.001703
0.006371
0.000548
-0.005541
-0.006024
-0.009292
-0.008249
0.000066
-0.002390
-0.002760
-0.001058
-0.008368
-0.010895
-0.012557
-0.015521
-0.010988
-0.004237
-0.001726
0.000059
0.000953
0.001017
0.002181
0.001788
0.001162
0.002541
0.004701
0.003673
0.000757
-0.000787
-0.001747
-0.002492
-0.002447
-0.001153
-0.000053
0.001384
0.002680
0.002539
0.003299
0.002408
0.000796
0.001001
0.000794
0.000545
0.000477
0.000912
0.001182
0.001303
0.000849
0.001410
0.001378
0.001289
0.001034
0.001025
0.001157
0.001231
0.001104
0.001331
0.001351
0.001474
0.001284
0.001197
0.001228
0.001300
0.001224
0.001250
0.001176
0.001077
0.001117
0.001253
0.001236
0.001129
0.000916
0.000803
0.000727
0.000648
0.000612
0.000628
0.000658
0.000752
0.000807
0.000719
0.000652
0.000576
0.000429
0.000370
0.000354
0.000368
0.000451
0.000547
0.000566
0.000520
0.000363
0.000128
0.000099
0.000205
0.000393
0.000630
0.000708
0.000537
0.000375
0.000345
0.000363
0.000416
0.000345
0.000232
0.000151
0.000129
0.000101
0.000141
0.000083
-0.011963
0.017645
0.006994
0.011724
0.052577
-0.084858
-0.029697
0.113939
-0.022295
-0.068137
-0.001150
0.013412
0.002093
0.015620
0.130604
0.169836
0.042457
-0.162650
-0.133267
-0.052385
-0.016125
-0.007185
0.113101
-0.027133
0.044059
0.205608
-0.165641
-0.066710
-0.119637
-0.322872
0.253379
0.203933
-0.266497
0.288446
0.358373
-0.518826
-0.492629
-0.143844
0.233356
0.054881
-0.730670
0.063736
0.450782
-0.232012
-0.099949
0.007339
-0.034879
0.013940
-0.393832
-0.066938
0.451407
0.267673
0.077128
0.142016
0.192846
0.109331
0.015745
0.105079
0.308782
0.085825
-0.188166
-0.044879
0.057168
-0.051755
-0.140652
-0.087154
0.071725
0.050152
-0.084729
-0.042946
0.048928
0.044366
0.023976
-0.006831
0.016803
0.024420
0.027239
0.006254
0.009764
0.016229
0.003810
-0.005900
-0.007023
-0.002040
-0.001212
0.011363
0.017680
0.019264
-0.005161
-0.016457
-0.007369
-0.005050
-0.004554
-0.003131
-0.002463
0.021576
-0.009278
-0.016973
0.013260
0.009743
0.015201
-0.018351
-0.034776
0.033981
0.001226
-0.023992
0.031311
0.054131
0.092204
-0.039946
-0.043659
0.051478
-0.013950
-0.032525
-0.021959
0.096290
0.179081
-0.138097
-0.151816
0.216442
0.157727
-0.262724
-0.001327
0.244044
-0.030512
0.155150
0.068674
0.018062
0.059722
-0.381193
-0.236418
-0.195493
-0.144946
0.586354
0.265855
-0.571443
0.019679
0.400178
-0.213461
-0.420586
-0.247166
0.064709
-0.034428
-0.380347
0.301029
0.636561
0.059768
0.089279
0.139901
0.123444
0.170219
0.178550
0.223781
-0.040300
-0.170451
0.164616
0.237348
-0.311318
-0.287880
-0.025248
-0.053771
0.051297
-0.014852
-0.057785
-0.031050
0.008470
0.037615
0.010553
-0.065663
-0.045462
0.013053
-0.064429
-0.059943
-0.003099
0.000993
-0.049454
-0.067481
-0.040713
-0.016405
-0.021190
-0.030853
-0.006888
-0.041262
-0.045100
-0.017571
-0.021900
-0.029462
-0.020468
-0.010120
-0.010456
-0.023189
-0.028383
-0.020839
-0.016777
-0.010703
-0.015145
-0.020207
-0.006131
0.008414
0.027824
-0.031085
-0.032443
0.010453
-0.010273
0.004207
-0.015999
0.037934
0.047156
-0.098292
-0.026163
0.028655
-0.034178
-0.062805
-0.047398
0.108182
-0.035288
-0.122021
0.135809
0.166445
0.046873
0.038467
0.224654
0.258171
-0.100605
-0.212729
0.116895
0.184160
-0.067841
-0.177737
-0.222019
-0.116453
-0.218334
-0.141470
0.112340
0.155530
0.167662
-0.446992
-0.190365
0.291791
-0.209160
-0.213493
-0.074228
-0.131810
-0.481274
-0.342168
0.129915
0.227210
0.016472
-0.008065
0.274886
0.262993
0.152981
0.047909
0.294262
0.368931
0.145459
-0.097600
-0.175478
0.154509
0.234272
0.069999
0.043201
0.096273
0.017862
-0.080512
-0.044851
0.027189
0.022045
-0.070998
-0.044920
-0.040314
-0.053433
-0.048473
-0.026278
0.003670
-0.009462
-0.035320
-0.031271
-0.008612
0.000368
0.004445
-0.005062
-0.006799
-0.023624
-0.035024
-0.039853
-0.022979
-0.006528
-0.008827
-0.023595
-0.024295
-0.019308
-0.016514
-0.021579
-0.024285
-0.015520
-0.002516
-0.014942
-0.044506
0.031866
0.060917
-0.061042
-0.017765
0.076288
-0.046403
-0.012713
0.068355
0.003462
0.009732
-0.017400
-0.042511
0.017263
-0.074168
-0.048806
0.176771
-0.139970
-0.037805
0.205774
-0.356100
-0.027480
0.226710
-0.203320
-0.230806
-0.220990
-0.137764
0.173784
-0.108334
0.028102
0.539159
-0.100554
-0.401330
-0.102531
0.166517
0.108291
-0.161734
0.069028
0.037173
-0.448611
-0.249100
0.049040
-0.112954
-0.180500
-0.034049
0.291436
0.234390
-0.278685
0.001858
0.365850
-0.116288
-0.068182
0.103713
0.084007
0.149837
-0.086294
0.013509
0.172395
0.013655
0.040056
0.045070
-0.019159
0.130458
0.046932
-0.020184
0.142970
0.082762
0.106516
0.065499
0.007993
0.057196
0.067729
0.072727
0.048017
0.001733
-0.015663
0.024444
0.047627
0.048184
-0.012687
-0.015773
0.004900
0.012991
0.018980
0.001110
0.001608
0.005311
0.001053
0.010475
0.008610
0.000110
0.006689
0.001170
-0.000652
0.007054
0.000363
0.002086
0.017240
-0.018846
0.004877
0.043950
-0.000259
-0.038118
0.009029
0.053380
-0.033223
-0.054220
0.051865
0.000893
-0.018957
0.071972
-0.031113
0.056154
0.103356
-0.140598
0.066165
-0.041942
-0.306164
0.118840
-0.103308
-0.095177
0.450902
0.014403
-0.018509
-0.011047
-0.298066
0.093561
-0.168873
0.168784
0.551189
0.046505
0.303345
0.221746
-0.273241
0.059401
0.249180
0.089685
0.024490
0.034041
0.245843
-0.197455
-0.271404
0.072894
-0.002805
0.112259
-0.386493
-0.131204
0.157759
-0.216226
0.270242
0.156161
-0.010857
-0.055705
-0.325353
0.154241
0.157876
-0.314791
0.030690
0.088271
-0.041527
-0.138160
-0.352922
0.057736
0.149354
-0.211740
-0.140539
-0.115917
-0.101550
0.008109
-0.084289
0.012857
0.045193
-0.117325
-0.039385
0.035776
0.038676
0.042523
-0.033593
-0.003094
0.031254
-0.022114
-0.011273
0.006218
0.000350
0.011892
-0.023713
-0.007583
-0.001525
-0.026228
-0.016285
-0.003254
0.007245
0.000830
-0.029222
-0.017993
0.009178
-0.002906
-0.009900
-0.018720
-0.022674
-0.041144
-0.005045
0.034894
0.008603
0.011493
-0.011678
-0.045933
-0.052748
-0.060470
0.028786
0.033973
-0.049350
0.019878
0.054163
-0.069727
0.012667
0.179205
-0.040340
0.095960
-0.057687
-0.230820
0.150034
0.042065
0.121085
0.177989
0.020894
0.145934
0.019642
-0.202159
-0.180235
-0.046775
0.080563
-0.043430
-0.139392
0.085110
0.200709
-0.025804
-0.373314
-0.390657
-0.096063
-0.278518
-0.359392
-0.139738
-0.096395
0.123618
0.075637
-0.133040
0.169728
-0.016514
-0.173768
0.097391
-0.095962
0.035691
0.126420
0.105943
0.406948
0.133164
-0.022264
0.133406
0.056208
0.223615
0.222743
0.067222
0.098367
0.071716
0.115905
0.081966
-0.040848
-0.017074
-0.079468
-0.043412
0.032172
-0.028327
-0.035334
-0.059489
-0.036939
0.053647
0.019151
-0.017134
0.016614
0.004276
0.021689
0.022151
0.002084
0.016244
-0.009167
-0.012236
0.013492
0.001421
-0.002428
-0.002916
-0.017502
-0.015447
-0.012280
-0.009893
-0.010236
-0.005480
0.015323
-0.001882
-0.012949
0.006675
0.014864
0.005577
-0.004765
0.024098
0.049731
0.063511
-0.095022
-0.044721
0.072145
-0.027580
0.011965
0.072275
0.024408
-0.106868
-0.066520
-0.008154
0.033820
0.224894
0.089310
-0.155766
-0.048556
-0.016861
0.044688
-0.037653
0.015247
0.470057
-0.019075
-0.377988
0.141129
-0.080630
-0.250010
0.076454
-0.343337
0.272752
0.520343
-0.718279
-0.048474
0.324159
-0.053063
-0.054582
-0.205397
0.163327
0.150392
-0.171989
-0.054488
0.288283
0.068675
-0.096199
-0.028195
0.028090
0.277244
0.311993
0.196118
0.045132
0.040223
0.162884
0.240148
-0.052930
-0.252294
-0.070808
-0.007793
-0.049075
-0.027669
-0.033849
-0.069746
0.016658
0.000070
-0.036302
-0.041401
-0.056521
-0.039264
-0.064963
-0.054044
-0.016234
-0.031466
-0.067593
-0.055975
-0.045214
-0.029105
-0.033198
-0.028892
-0.018463
-0.037052
-0.033553
-0.023516
-0.014261
-0.029352
-0.039711
-0.031386
-0.023389
-0.035240
-0.031082
-0.022230
-0.020969
-0.012596
-0.027735
-0.027522
-0.000407
-0.018039
-0.035240
-0.015699
-0.000135
0.009139
-0.039836
-0.022635
0.017858
-0.064388
-0.000537
0.090755
-0.092084
-0.067876
-0.020306
-0.245363
-0.044267
0.099551
0.132206
0.010633
-0.108133
0.039680
-0.126767
-0.117486
0.091108
-0.040112
-0.107048
-0.138243
0.102813
0.207864
-0.375205
0.086723
0.448962
-0.414019
-0.287298
0.347078
0.079678
0.327049
0.370339
-0.127515
0.480855
0.527033
0.039576
0.162648
0.031691
0.269994
0.122383
-0.498228
-0.396773
-0.071531
-0.093146
-0.259984
-0.198325
-0.175645
-0.128044
-0.063194
0.000963
-0.002689
-0.090115
-0.068881
0.212793
0.239565
-0.005130
0.113927
0.164510
0.009051
0.054220
0.153924
0.062057
-0.026512
-0.053761
0.000646
0.065971
-0.095992
-0.097984
0.000629
-0.073145
-0.072420
-0.040982
-0.034824
-0.028896
-0.057564
-0.055893
0.007160
-0.028348
-0.044257
-0.027211
-0.036831
-0.021517
-0.017449
-0.027266
-0.018156
-0.000770
-0.014912
-0.014833
-0.015650
-0.002383
-0.005319
-0.019800
-0.023425
-0.023846
-0.011500
-0.022763
-0.021989
-0.030656
-0.021072
0.000864
-0.005527
-0.006407
-0.054712
0.008955
0.093541
-0.073348
-0.121435
-0.047913
0.009378
0.061439
-0.075225
0.083251
0.130809
-0.331534
0.014062
0.058023
-0.149599
0.311627
-0.076116
-0.061385
0.227111
-0.115489
-0.062856
-0.024549
0.152337
-0.068454
-0.301770
0.200801
0.186147
0.223372
0.303623
-0.126478
0.030470
0.208619
-0.117705
0.237500
0.142963
0.157069
0.573153
-0.272026
-0.539716
-0.002390
-0.028596
-0.159132
-0.261198
-0.167715
0.115854
-0.129025
-0.152356
0.159361
-0.194815
-0.179633
0.097944
0.134601
0.123766
-0.184879
-0.242137
0.001023
0.012609
-0.096045
-0.125024
-0.174453
-0.099286
-0.067776
-0.049658
0.035827
-0.013791
-0.054972
-0.025420
0.020064
0.071583
0.038426
-0.007553
0.037439
0.053752
0.032529
0.011592
-0.001595
0.024616
0.027162
0.020679
0.021479
0.016701
0.012154
0.014838
0.020103
0.015829
0.006548
0.002459
0.014209
0.014677
-0.000457
0.006990
0.004415
-0.001013
0.009032
-0.011739
-0.019039
-0.006866
0.022431
0.034228
-0.022846
-0.056770
-0.005772
-0.038825
-0.069887
0.038863
0.048185
0.056583
0.009488
-0.108465
-0.026290
0.046150
0.112464
0.074931
0.015053
0.136178
-0.086704
-0.283874
0.084148
0.163046
0.011984
0.041545
0.148315
0.064218
-0.078371
0.211897
0.053594
0.096615
0.438166
-0.005520
-0.006939
0.213336
0.056825
-0.453851
-0.325626
0.364903
-0.168402
-0.335829
0.195730
-0.007540
-0.300861
-0.153149
0.047868
0.299499
-0.085452
-0.319967
0.155114
0.082662
-0.077056
-0.169752
-0.208709
0.054035
-0.074636
-0.160251
0.081154
0.121616
0.069978
0.034269
-0.020276
0.095955
0.089206
-0.077473
-0.037749
0.018775
0.008907
-0.034669
-0.036141
0.014106
0.004313
-0.051383
-0.021363
0.005654
0.002637
-0.004348
-0.002026
0.015924
0.008675
-0.017782
-0.012435
0.000235
0.001223
-0.005693
-0.013924
0.001498
-0.000007
-0.008574
-0.003756
-0.004124
-0.008622
-0.003560
0.001778
-0.001198
-0.009920
-0.004879
-0.009302
-0.018692
-0.005140
0.004331
-0.007991
0.018140
0.028994
-0.016069
-0.022644
0.000928
-0.019672
-0.023116
0.018414
0.009947
-0.006891
-0.013690
-0.022072
-0.016301
-0.012628
-0.003057
0.009945
-0.003415
-0.011972
-0.000151
0.007801
0.019423
0.012997
0.004618
0.007940
0.004160
0.007918
0.010021
0.006452
0.003649
0.005427
0.005417
0.000552
-0.000366
-0.002665
-0.003802
-0.001892
-0.000118
0.000072
-0.003992
-0.005903
-0.001796
-0.000893
0.006313
0.009872
0.004122
0.004443
0.002417
0.001081
-0.000917
0.003511
0.004911
-0.003173
0.000825
0.002012
-0.001055
0.001293
0.002731
0.001995
0.004324
0.004518
0.003930
0.003980
0.001126
-0.000953
-0.004129
-0.004453
-0.002644
-0.001943
-0.000209
0.001302
0.001744
0.001633
0.001404
0.001595
0.001138
0.000950
0.000275
-0.000113
0.000078
0.000465
0.000980
0.001362
0.001329
0.000828
0.000615
0.000663
0.000544
0.000653
0.000625
0.000297
-0.000006
0.000028
0.000150
0.000229
0.000174
-0.000182
-0.000503
-0.000710
-0.000667
-0.000323
-0.000078
0.000059
-0.000164
-0.000473
-0.000705
-0.000617
-0.000308
-0.000134
-0.000152
-0.000458
-0.000638
-0.000383
0.000015
0.000336
0.000657
0.000305
-0.000236
-0.000200
0.000095
0.000206
0.000682
0.000955
0.000468
0.000346
0.000207