0.492849
0.638277
0.624728
0.463245
0.221019
-0.004300
-0.121918
-0.082597
0.102518
0.366144
0.610545
0.744852
0.719763
0.546365
0.291894
0.054052
-0.076319
-0.049932
0.122120
0.372606
0.603842
0.725010
0.686860
0.500531
0.233311
-0.017051
-0.159660
-0.145182
0.015337
0.254711
0.475300
0.586329
0.538587
0.343251
0.067645
-0.190449
-0.340106
-0.331964
-0.177044
0.057491
0.274019
0.381781
0.331579
0.134601
-0.141825
-0.399911
-0.548734
-0.538935
-0.381540
-0.143724
0.076880
0.189495
0.144906
-0.045723
-0.315088
-0.565429
-0.705854
-0.687037
-0.520040
-0.272075
-0.040816
0.082920
0.049871
-0.128842
-0.385963
-0.623781
-0.751453
-0.719702
-0.539642
-0.278537
-0.034113
0.102762
0.082774
-0.083009
-0.327380
-0.552679
-0.668112
-0.624452
-0.432859
-0.160642
0.094429
0.241443
0.231047
0.074271
-0.161714
-0.379280
-0.487666
-0.437670
-0.240478
0.036578
0.295711
0.445992
0.438055
0.282922
0.047756
-0.169818
-0.279038
-0.230700
-0.035982
0.237793
0.492849
0.638277
0.624728
0.463245
0.221019
-0.004300
-0.121918
-0.082597
0.102518
0.366144
0.610545
0.744852
0.719763
0.546365
0.291894
0.054052
-0.076319
-0.049932
0.122120
0.372606
0.603842
0.725010
0.686860
0.500531
0.233311
-0.017051
-0.159660
-0.145182
0.015337
0.254711
0.475300
0.586329
0.538587
0.343251
0.067645
-0.190449
-0.340106
-0.331964
-0.177044
0.057491
0.274019
0.381781
0.331579
0.134601
-0.141825
-0.399911
-0.548734
-0.538935
-0.381540
-0.143724
0.076880
0.189495
0.144906
-0.045723
-0.315088
-0.565429
-0.705854
-0.687037
-0.520040
-0.272075
-0.040816
0.082920
0.049871
-0.128842
-0.385963
-0.623781
-0.751453
-0.719702
-0.539642
-0.278537
-0.034113
0.102762
0.082774
-0.083009
-0.327380
-0.552679
-0.668112
-0.624452
-0.432859
-0.160642
0.094429
0.241443
0.231047
0.074271
-0.161714
-0.379280
-0.487666
-0.437670
-0.240478
0.036578
0.295711
0.445992
0.438055
0.282922
0.047756
-0.169818
-0.279038
-0.230700
-0.035982
0.237793
0.445395
0.166641
-0.036415
-0.082051
0.050758
0.314298
0.610327
0.827591
0.884313
0.759423
0.500605
0.206082
-0.012898
-0.074551
0.042212
0.289740
0.569852
0.771360
0.812548
0.672407
0.398681
0.089653
-0.143372
-0.218556
-0.114755
0.120429
0.388867
0.579414
0.610399
0.460852
0.178557
-0.138173
-0.378001
-0.459061
-0.360188
-0.128963
0.136501
0.325069
0.355079
0.205566
-0.075690
-0.390375
-0.627164
-0.704202
-0.600339
-0.363176
-0.090851
0.105477
0.144113
0.004058
-0.266944
-0.570621
-0.795690
-0.860343
-0.743479
-0.492750
-0.206347
0.004514
0.058082
-0.066702
-0.322153
-0.610062
-0.819207
-0.867843
-0.734933
-0.468191
-0.165872
0.060745
0.129847
0.020314
-0.220230
-0.493634
-0.688733
-0.723838
-0.577965
-0.298880
0.015113
0.252691
0.331996
0.231868
-0.000105
-0.265807
-0.454104
-0.483333
-0.332532
-0.049489
0.267480
0.507036
0.587315
0.487155
0.254141
-0.013605
-0.204941
-0.238192
-0.092381
0.184725
0.494831
0.726628
0.798281
0.688663
0.445395
0.166641
-0.036415
-0.082051
0.050758
0.314298
0.610327
0.827591
0.884313
0.759423
0.500605
0.206082
-0.012898
-0.074551
0.042212
0.289740
0.569852
0.771360
0.812548
0.672407
0.398681
0.089653
-0.143372
-0.218556
-0.114755
0.120429
0.388867
0.579414
0.610399
0.460852
0.178557
-0.138173
-0.378001
-0.459061
-0.360188
-0.128963
0.136501
0.325069
0.355079
0.205566
-0.075690
-0.390375
-0.627164
-0.704202
-0.600339
-0.363176
-0.090851
0.105477
0.144113
0.004058
-0.266944
-0.570621
-0.795690
-0.860343
-0.743479
-0.492750
-0.206347
0.004514
0.058082
-0.066702
-0.322153
-0.610062
-0.819207
-0.867843
-0.734933
-0.468191
-0.165872
0.060745
0.129847
0.020314
-0.220230
-0.493634
-0.688733
-0.723838
-0.577965
-0.298880
0.015113
0.252691
0.331996
0.231868
-0.000105
-0.265807
-0.454104
-0.483333
-0.332532
-0.049489
0.267480
0.507036
0.587315
0.487155
0.254141
-0.013605
-0.204941
-0.238192
-0.092381
0.184725
0.494831
0.726628
0.798281
0.688663