-0.090262
-0.046471
0.061351
0.199895
0.323904
0.393428
0.389057
0.319304
0.217326
0.128236
0.091847
0.127437
0.226372
0.355378
0.469235
0.528035
0.512407
0.430911
0.316749
0.215083
0.165775
0.188155
0.273639
0.389008
0.489096
0.534048
0.504549
0.409212
0.281295
0.166014
0.103284
0.112490
0.185098
0.287941
0.375901
0.409171
0.368484
0.262495
0.124506
-0.000228
-0.071755
-0.070656
-0.005432
0.090779
0.172885
0.201103
0.156184
0.046802
-0.093729
-0.220144
-0.292485
-0.291328
-0.225174
-0.127168
-0.042405
-0.010682
-0.051258
-0.155480
-0.290053
-0.409734
-0.474593
-0.465236
-0.390196
-0.282651
-0.187737
-0.145288
-0.174608
-0.267087
-0.389476
-0.496581
-0.548521
-0.525954
-0.437463
-0.316282
-0.207598
-0.151301
-0.166750
-0.245388
-0.354022
-0.447512
-0.486031
-0.450289
-0.348922
-0.215214
-0.094402
-0.026424
-0.030685
-0.098672
-0.197233
-0.281270
-0.310992
-0.267143
-0.158392
-0.018052
0.108613
0.181644
0.181615
0.117021
0.021002
-0.061354
-0.090262
-0.046471
0.061351
0.199895
0.323904
0.393428
0.389057
0.319304
0.217326
0.128236
0.091847
0.127437
0.226372
0.355378
0.469235
0.528035
0.512407
0.430911
0.316749
0.215083
0.165775
0.188155
0.273639
0.389008
0.489096
0.534048
0.504549
0.409212
0.281295
0.166014
0.103284
0.112490
0.185098
0.287941
0.375901
0.409171
0.368484
0.262495
0.124506
-0.000228
-0.071755
-0.070656
-0.005432
0.090779
0.172885
0.201103
0.156184
0.046802
-0.093729
-0.220144
-0.292485
-0.291328
-0.225174
-0.127168
-0.042405
-0.010682
-0.051258
-0.155480
-0.290053
-0.409734
-0.474593
-0.465236
-0.390196
-0.282651
-0.187737
-0.145288
-0.174608
-0.267087
-0.389476
-0.496581
-0.548521
-0.525954
-0.437463
-0.316282
-0.207598
-0.151301
-0.166750
-0.245388
-0.354022
-0.447512
-0.486031
-0.450289
-0.348922
-0.215214
-0.094402
-0.026424
-0.030685
-0.098672
-0.197233
-0.281270
-0.310992
-0.267143
-0.158392
-0.018052
0.108613
0.181644
0.181615
0.117021
0.021002
-0.061354
1.284750
1.457225
1.300587
0.872800
0.334506
-0.112322
-0.301514
-0.166154
0.235878
0.744042
1.156484
1.307168
1.129332
0.681022
0.122962
-0.342798
-0.550011
-0.431692
-0.045652
0.447630
0.846359
0.984555
0.795504
0.337297
-0.229304
-0.702214
-0.915160
-0.801132
-0.417926
0.073992
0.472833
0.612613
0.426615
-0.027084
-0.587739
-1.053288
-1.257486
-1.133361
-0.738746
-0.234153
0.178578
0.333411
0.163567
-0.272940
-0.815431
-1.261919
-1.446233
-1.301479
-0.885570
-0.359105
0.075992
0.253595
0.106836
-0.306361
-0.825412
-1.248419
-1.409306
-1.241269
-0.802317
-0.253137
0.204257
0.403652
0.278091
-0.114583
-0.613868
-1.017944
-1.160809
-0.975732
-0.520787
0.043276
0.514382
0.726264
0.611919
0.229142
-0.261601
-0.658527
-0.795660
-0.606291
-0.148513
0.416913
0.887909
1.098206
0.980809
0.593523
0.096833
-0.307454
-0.453333
-0.274062
0.172307
0.725059
1.182163
1.377408
1.243856
0.839379
0.324526
-0.098822
-0.264586
-0.105945
0.319131
0.850011
1.284750
1.457225
1.300587
0.872800
0.334506
-0.112322
-0.301514
-0.166154
0.235878
0.744042
1.156484
1.307168
1.129332
0.681022
0.122962
-0.342798
-0.550011
-0.431692
-0.045652
0.447630
0.846359
0.984555
0.795504
0.337297
-0.229304
-0.702214
-0.915160
-0.801132
-0.417926
0.073992
0.472833
0.612613
0.426615
-0.027084
-0.587739
-1.053288
-1.257486
-1.133361
-0.738746
-0.234153
0.178578
0.333411
0.163567
-0.272940
-0.815431
-1.261919
-1.446233
-1.301479
-0.885570
-0.359105
0.075992
0.253595
0.106836
-0.306361
-0.825412
-1.248419
-1.409306
-1.241269
-0.802317
-0.253137
0.204257
0.403652
0.278091
-0.114583
-0.613868
-1.017944
-1.160809
-0.975732
-0.520787
0.043276
0.514382
0.726264
0.611919
0.229142
-0.261601
-0.658527
-0.795660
-0.606291
-0.148513
0.416913
0.887909
1.098206
0.980809
0.593523
0.096833
-0.307454
-0.453333
-0.274062
0.172307
0.725059
1.182163
1.377408
1.243856
0.839379
0.324526
-0.098822
-0.264586
-0.105945
0.319131
0.850011