0.000000
-0.000031
-0.000153
0.000000
0.000031
-0.000214
0.000366
-0.000671
0.000671
-0.001312
0.001465
-0.002075
0.001801
-0.001923
0.002228
0.001129
0.102783
0.107727
-0.216431
-0.038055
0.015900
-0.139557
0.191925
0.166809
0.076447
0.143799
0.254303
0.127808
-0.087250
0.023651
-0.028320
-0.121674
0.004486
0.036346
-0.077057
-0.037048
-0.020294
-0.017181
0.002991
-0.021332
0.014191
-0.007660
-0.046875
-0.018677
-0.014984
-0.041534
-0.035248
-0.037506
-0.041199
-0.024933
-0.031860
-0.030579
-0.019531
-0.020081
-0.007965
-0.013763
-0.021149
-0.013397
-0.006653
-0.007874
-0.007874
-0.005280
-0.003693
-0.010651
-0.010345
-0.006317
-0.010651
-0.010040
-0.007355
-0.008026
-0.011993
-0.011749
-0.010590
-0.007904
-0.006195
-0.005981
-0.007294
-0.004669
-0.005005
-0.004517
-0.004303
-0.007355
-0.009766
-0.008270
-0.007690
-0.008698
-0.008423
-0.009674
-0.007690
-0.007111
-0.005493
-0.003967
-0.004425
-0.002838
-0.001678
-0.001526
-0.003418
-0.004791
-0.004425
-0.007751
-0.004852
-0.002380
-0.001831
-0.000671
0.001373
0.002228
0.000031
0.002258
0.001190
-0.002045
-0.005005
-0.005920
-0.005035
-0.001923
0.000305
-0.000397
-0.000885
-0.000793
0.000977
0.003601
0.002533
-0.001434
-0.004974
-0.006165
-0.006683
-0.005920
-0.004517
-0.003418
-0.000092
0.000671
-0.001312
0.001770
-0.003235
0.004456
-0.006317
0.007294
-0.008789
0.009857
0.003845
0.263763
0.090240
-0.525909
0.074860
-0.053497
-0.102203
0.547485
0.133881
0.025177
0.349854
0.485046
-0.216827
-0.245300
0.197662
-0.263550
-0.122925
0.186401
-0.100922
-0.185425
-0.037903
-0.033997
0.054840
-0.019104
-0.029236
0.082153
-0.018890
-0.021027
0.015259
-0.095245
-0.131775
-0.076782
-0.083313
-0.056274
-0.063141
-0.058716
0.015900
-0.006897
-0.011230
0.019989
-0.014740
0.000732
0.006805
-0.013000
-0.010223
-0.006439
-0.007782
-0.008026
-0.014801
-0.006317
-0.004242
-0.016449
-0.013000
-0.008881
-0.011627
-0.010223
-0.010529
-0.009460
-0.003937
-0.005035
-0.000092
-0.000824
-0.002106
-0.005005
-0.002014
-0.005493
-0.010834
-0.010590
-0.009186
-0.008881
-0.007080
-0.006927
-0.008301
-0.005646
-0.004486
-0.004852
-0.005554
-0.005737
-0.004517
-0.000336
-0.004639
-0.006927
-0.004700
-0.005188
-0.007080
-0.000702
-0.001007
-0.004730
0.000885
0.002197
-0.000732
0.002380
0.005249
0.002197
0.001770
0.004028
0.003357
0.001709
0.001740
-0.002716
-0.003235
-0.001678
-0.000031
0.001740
0.003967
0.003235
0.000397
0.000946
0.002533
0.001831
-0.000275
-0.001282
-0.001373
-0.001190
-0.002167
-0.002777
-0.011719
-0.014221