-0.002108
0.006658
-0.019287
-0.061975
-0.096949
-0.102636
-0.068618
0.000355
0.086146
0.164129
0.212559
0.220850
0.193585
0.148736
0.110770
0.101271
0.130672
0.194242
0.273865
0.344939
0.385746
0.385730
0.349509
0.295088
0.246972
0.226785
0.245004
0.296940
0.364524
0.423200
0.451302
0.438322
0.388928
0.321179
0.259632
0.225965
0.230707
0.269222
0.323494
0.369020
0.384186
0.358535
0.296785
0.217044
0.143915
0.099124
0.093241
0.121674
0.166447
0.203094
0.210035
0.176846
0.108276
0.022458
-0.055979
-0.105290
-0.114886
-0.089344
-0.046630
-0.011201
-0.004632
-0.037346
-0.104596
-0.188252
-0.263698
-0.309197
-0.314176
-0.283231
-0.234349
-0.192011
-0.177819
-0.202227
-0.260520
-0.334604
-0.399899
-0.434712
-0.428508
-0.385929
-0.325008
-0.270272
-0.243375
-0.254818
-0.299939
-0.360696
-0.412560
-0.433892
-0.414211
-0.358211
-0.283978
-0.216092
-0.176260
-0.175031
-0.207796
-0.256560
-0.296843
-0.307050
-0.276745
-0.210663
-0.126931
-0.050166
-0.002108
0.006658
-0.019287
-0.061975
-0.096949
-0.102636
-0.068618
0.000355
0.086146
0.164129
0.212559
0.220850
0.193585
0.148736
0.110770
0.101271
0.130672
0.194242
0.273865
0.344939
0.385746
0.385730
0.349509
0.295088
0.246972
0.226785
0.245004
0.296940
0.364524
0.423200
0.451302
0.438322
0.388928
0.321179
0.259632
0.225965
0.230707
0.269222
0.323494
0.369020
0.384186
0.358535
0.296785
0.217044
0.143915
0.099124
0.093241
0.121674
0.166447
0.203094
0.210035
0.176846
0.108276
0.022458
-0.055979
-0.105290
-0.114886
-0.089344
-0.046630
-0.011201
-0.004632
-0.037346
-0.104596
-0.188252
-0.263698
-0.309197
-0.314176
-0.283231
-0.234349
-0.192011
-0.177819
-0.202227
-0.260520
-0.334604
-0.399899
-0.434712
-0.428508
-0.385929
-0.325008
-0.270272
-0.243375
-0.254818
-0.299939
-0.360696
-0.412560
-0.433892
-0.414211
-0.358211
-0.283978
-0.216092
-0.176260
-0.175031
-0.207796
-0.256560
-0.296843
-0.307050
-0.276745
-0.210663
-0.126931
-0.050166
0.996020
0.738025
0.432186
0.192902
0.108234
0.206284
0.444478
0.725848
0.936094
0.987268
0.851401
0.571215
0.243845
-0.016228
-0.120860
-0.041869
0.178245
0.442586
0.636921
0.673365
0.524005
0.231620
-0.106610
-0.376159
-0.488847
-0.416459
-0.201470
0.059244
0.251465
0.287316
0.138888
-0.151047
-0.485316
-0.749409
-0.855168
-0.774406
-0.549630
-0.277755
-0.073043
-0.023420
-0.156850
-0.430620
-0.747620
-0.993410
-1.079902
-0.978987
-0.733249
-0.439688
-0.212652
-0.140153
-0.250247
-0.500311
-0.793331
-1.014961
-1.077207
-0.952057
-0.682191
-0.364703
-0.114035
-0.018295
-0.105628
-0.333502
-0.604990
-0.805830
-0.848114
-0.703904
-0.415959
-0.081441
0.185138
0.295609
0.221768
0.006093
-0.254535
-0.445899
-0.480127
-0.329314
-0.036243
0.301901
0.570594
0.681658
0.606886
0.388760
0.124171
-0.072649
-0.113805
0.028633
0.311917
0.638900
0.895102
0.992394
0.902624
0.668333
0.386475
0.171351
0.110928
0.233213
0.495536
0.800833
1.034710
1.109127
0.996020
0.738025
0.432186
0.192902
0.108234
0.206284
0.444478
0.725848
0.936094
0.987268
0.851401
0.571215
0.243845
-0.016228
-0.120860
-0.041869
0.178245
0.442586
0.636921
0.673365
0.524005
0.231620
-0.106610
-0.376159
-0.488847
-0.416459
-0.201470
0.059244
0.251465
0.287316
0.138888
-0.151047
-0.485316
-0.749409
-0.855168
-0.774406
-0.549630
-0.277755
-0.073043
-0.023420
-0.156850
-0.430620
-0.747620
-0.993410
-1.079902
-0.978987
-0.733249
-0.439688
-0.212652
-0.140153
-0.250247
-0.500311
-0.793331
-1.014961
-1.077207
-0.952057
-0.682191
-0.364703
-0.114035
-0.018295
-0.105628
-0.333502
-0.604990
-0.805830
-0.848114
-0.703904
-0.415959
-0.081441
0.185138
0.295609
0.221768
0.006093
-0.254535
-0.445899
-0.480127
-0.329314
-0.036243
0.301901
0.570594
0.681658
0.606886
0.388760
0.124171
-0.072649
-0.113805
0.028633
0.311917
0.638900
0.895102
0.992394
0.902624
0.668333
0.386475
0.171351
0.110928
0.233213
0.495536
0.800833
1.034710
1.109127