-0.151427
-0.110776
-0.054873
0.003448
0.050504
0.076952
0.081328
0.070569
0.057330
0.055116
0.073093
0.112549
0.166376
0.221748
0.264993
0.286785
0.285676
0.268625
0.248312
0.238271
0.247698
0.277916
0.321851
0.366718
0.398885
0.409071
0.395874
0.366299
0.333078
0.309794
0.305695
0.322158
0.352165
0.382983
0.401038
0.397102
0.369831
0.326285
0.279250
0.242365
0.224931
0.228379
0.245739
0.264331
0.270628
0.255449
0.217494
0.163865
0.107389
0.061740
0.036256
0.032397
0.043224
0.056083
0.057469
0.038220
-0.002949
-0.058920
-0.116861
-0.163088
-0.188264
-0.190929
-0.178025
-0.162217
-0.157021
-0.171613
-0.207296
-0.256976
-0.307843
-0.346243
-0.362869
-0.356295
-0.333500
-0.307187
-0.290913
-0.293899
-0.317494
-0.354651
-0.392609
-0.417766
-0.420867
-0.400538
-0.363813
-0.323452
-0.293065
-0.281930
-0.291451
-0.314636
-0.338781
-0.350337
-0.340103
-0.306758
-0.257388
-0.204800
-0.162656
-0.140278
-0.139115
-0.152217
-0.166920
-0.169713
-0.151427
-0.110776
-0.054873
0.003448
0.050504
0.076952
0.081328
0.070569
0.057330
0.055116
0.073093
0.112549
0.166376
0.221748
0.264993
0.286785
0.285676
0.268625
0.248312
0.238271
0.247698
0.277916
0.321851
0.366718
0.398885
0.409071
0.395874
0.366299
0.333078
0.309794
0.305695
0.322158
0.352165
0.382983
0.401038
0.397102
0.369831
0.326285
0.279250
0.242365
0.224931
0.228379
0.245739
0.264331
0.270628
0.255449
0.217494
0.163865
0.107389
0.061740
0.036256
0.032397
0.043224
0.056083
0.057469
0.038220
-0.002949
-0.058920
-0.116861
-0.163088
-0.188264
-0.190929
-0.178025
-0.162217
-0.157021
-0.171613
-0.207296
-0.256976
-0.307843
-0.346243
-0.362869
-0.356295
-0.333500
-0.307187
-0.290913
-0.293899
-0.317494
-0.354651
-0.392609
-0.417766
-0.420867
-0.400538
-0.363813
-0.323452
-0.293065
-0.281930
-0.291451
-0.314636
-0.338781
-0.350337
-0.340103
-0.306758
-0.257388
-0.204800
-0.162656
-0.140278
-0.139115
-0.152217
-0.166920
-0.169713
0.973211
0.434129
-0.026536
-0.236988
-0.121950
0.268602
0.778550
1.205296
1.377177
1.219068
0.781116
0.219624
-0.262605
-0.493690
-0.398271
-0.026247
0.466336
0.876950
1.033994
0.862403
0.412375
-0.159736
-0.651088
-0.889762
-0.800369
-0.432785
0.056964
0.466358
0.623804
0.454232
0.007835
-0.559049
-1.043597
-1.273918
-1.174657
-0.795728
-0.293201
0.130353
0.303285
0.150464
-0.277983
-0.825789
-1.290207
-1.499425
-1.378170
-0.976444
-0.450407
-0.002722
0.194865
0.067127
-0.335907
-0.858072
-1.296722
-1.480146
-1.333172
-0.905906
-0.354607
0.117962
0.339956
0.236054
-0.143812
-0.643567
-1.060653
-1.223444
-1.056852
-0.611057
-0.042393
0.446308
0.683140
0.592720
0.224929
-0.264207
-0.672170
-0.827372
-0.654754
-0.204519
0.366979
0.856900
1.093330
1.000891
0.629469
0.135106
-0.279661
-0.443215
-0.280466
0.158423
0.717144
1.192905
1.413849
1.304659
0.915287
0.401846
-0.033051
-0.217709
-0.076953
0.339140
0.874350
1.325980
1.522269
1.387995
0.973211
0.434129
-0.026536
-0.236988
-0.121950
0.268602
0.778550
1.205296
1.377177
1.219068
0.781116
0.219624
-0.262605
-0.493690
-0.398271
-0.026247
0.466336
0.876950
1.033994
0.862403
0.412375
-0.159736
-0.651088
-0.889762
-0.800369
-0.432785
0.056964
0.466358
0.623804
0.454232
0.007835
-0.559049
-1.043597
-1.273918
-1.174657
-0.795728
-0.293201
0.130353
0.303285
0.150464
-0.277983
-0.825789
-1.290207
-1.499425
-1.378170
-0.976444
-0.450407
-0.002722
0.194865
0.067127
-0.335907
-0.858072
-1.296722
-1.480146
-1.333172
-0.905906
-0.354607
0.117962
0.339956
0.236054
-0.143812
-0.643567
-1.060653
-1.223444
-1.056852
-0.611057
-0.042393
0.446308
0.683140
0.592720
0.224929
-0.264207
-0.672170
-0.827372
-0.654754
-0.204519
0.366979
0.856900
1.093330
1.000891
0.629469
0.135106
-0.279661
-0.443215
-0.280466
0.158423
0.717144
1.192905
1.413849
1.304659
0.915287
0.401846
-0.033051
-0.217709
-0.076953
0.339140
0.874350
1.325980
1.522269
1.387995