-0.026686
-0.023973
-0.018675
-0.010519
-0.007099
-0.010058
-0.007078
-0.006173
-0.009792
-0.012097
-0.009743
-0.007547
-0.007619
-0.007719
-0.008566
-0.014046
-0.014068
-0.011816
-0.007559
-0.002572
0.000083
0.008209
-0.004661
-0.008162
0.010240
0.006163
-0.010951
-0.016820
-0.009378
0.006961
0.021357
0.018976
0.015962
0.027285
0.006607
-0.019068
-0.025149
-0.022058
-0.017204
0.003441
0.006647
0.015904
0.059066
0.013785
-0.029426
-0.047422
-0.074742
0.000244
0.058493
-0.025056
-0.028658
0.069865
0.019903
-0.055497
-0.102579
-0.107251
-0.010423
-0.041115
-0.080608
-0.008321
0.035644
0.027881
-0.024431
-0.073423
-0.035506
-0.016330
-0.059006
-0.020749
0.034757
0.034058
0.051304
0.055278
0.024407
0.016951
-0.016753
-0.012497
0.032281
0.021636
-0.006830
-0.016553
-0.002841
0.003857
-0.009969
-0.009992
0.019089
0.036927
0.028512
0.026463
0.024533
0.028978
0.032650
0.016590
0.005404
0.009083
0.008968
0.010068
0.009188
0.003341
0.003475
0.003423
0.003768
0.002420
0.006969
0.012539
0.011711
0.008590
0.003470
0.004289
0.005196
0.004906
0.004760
0.006604
0.012443
0.007514
-0.000455
-0.001680
0.000482
0.004387
0.003643
-0.002966
0.000411
0.005641
0.003519
0.003485
0.002502
0.011971
0.008139
-0.001557
0.001678
0.002253
0.000825
-0.008219
-0.000513
0.028280
0.014940
-0.017927
0.007129
0.050131
0.014445
-0.010430
0.008207
0.008727
0.066054
0.057586
-0.013283
-0.007634
-0.016172
-0.028592
-0.046786
-0.067904
0.006993
0.086867
0.014535
-0.018230
0.058698
0.032349
-0.043497
-0.115825
-0.122749
-0.003061
0.035588
-0.007215
0.012644
0.046898
0.098184
0.108799
0.044108
-0.017134
-0.010800
0.035059
0.050336
0.018370
-0.021548
0.004435
-0.004948
-0.025070
-0.011864
-0.029008
0.005639
0.040699
0.034446
0.029571
0.041137
0.032260
0.016815
0.005759
-0.019931
-0.008177
0.000016
-0.011732
-0.014766
-0.012607
-0.012576
-0.012335
-0.012701
-0.019317
-0.021165
-0.018037
-0.007255
-0.010046
-0.015413
-0.012407
-0.012051
-0.012535
-0.014670
-0.014652
-0.016971
-0.016026
-0.019613
-0.023768
-0.022049
-0.017619
-0.011814
-0.012995
-0.012777
-0.010547
-0.004467
-0.010192
-0.020748
-0.019113
-0.015613
-0.007972
-0.013399
-0.016545
-0.008484
-0.014274
-0.015286
-0.012638
-0.017695
-0.020607
-0.017266
0.007947
0.009466
-0.011252
-0.006054
0.017344
0.034717
0.027740
0.028824
0.041705
0.029529
-0.005935
-0.013008
0.016138
0.009265
-0.029279
-0.070947
-0.049769
-0.003976
-0.003884
-0.022845
-0.024313
0.043483
0.022951
-0.016542
-0.002241
-0.055893
-0.073320
-0.057673
-0.040210
-0.082597
-0.101216
-0.084321
-0.036218
0.041989
0.012072
-0.003686
0.027535
0.073029
0.047793
0.006318
0.012887
0.024113
0.028603
-0.017312
-0.032491
-0.009645
0.023288
0.031796
0.032690
0.039973
0.035808
0.026651
0.010412
0.019044
0.024291
0.026338
0.022528
0.016978
0.015222
0.010689
0.018005
0.016500
0.012217
0.005125
0.003005
0.002112
0.002782
0.006460
0.002308
-0.000911
-0.004441
-0.006675
-0.008341
-0.005871
-0.003363
-0.002605
-0.003052
-0.007967
-0.011120
-0.011724
-0.011682
-0.011283
-0.007351
-0.004887
-0.008042
-0.003914
0.005128
-0.003894
-0.009361
0.000313
-0.010636
-0.013857
-0.004178
-0.012841
-0.011938
-0.004353
-0.015175
-0.015651
-0.013869
-0.023825
0.008151
-0.000540
-0.018800
0.018268
-0.031388
-0.035429
0.017457
-0.014116
-0.058347
-0.067126
-0.064093
0.001560
0.035725
-0.033035
0.009853
0.047477
0.008100
-0.019682
-0.037206
-0.048229
-0.044448
-0.013964
-0.014462
-0.050134
-0.081532
-0.073573
-0.061066
-0.047866
-0.034409
-0.009205
0.046772
0.027338
-0.018206
0.010568
0.000332
-0.022441
-0.026135
-0.040125
-0.007143
0.014014
-0.009109
-0.014640
0.011797
0.021772
0.016077
-0.003333
-0.002058
0.027865
0.033322
0.036741
0.030898
0.027038
0.037272
0.038540
0.031268
0.030292
0.026461
0.023422
0.037050
0.030856
0.020541
0.022400
0.025157
0.027925
0.029622
0.030554
0.027583
0.027394
0.023950
0.023428
0.023082
0.020105
0.020015
0.017046
0.015135
0.014228
0.014169
0.014014
0.014016
0.012535
0.011596
0.016558
0.014793
0.010882
0.013541
0.011674
0.002217
-0.000134
0.009525
0.007651
0.000193
0.004435
0.003360
0.007825
0.022048
0.004061
-0.000509
0.024234
0.003845
0.005095
0.004082
-0.049710
-0.021818
-0.003746
-0.021449
0.044913
0.044716
0.010015
0.020357
-0.009911
-0.007056
-0.017144
-0.014701
0.042768
0.073696
0.106396
0.098856
0.020758
-0.016308
0.041517
0.044490
0.012217
0.004147
0.017386
0.047741
0.053636
0.012847
-0.038725
0.009017
0.002558
0.003741
0.038092
-0.002858
0.025882
0.056194
0.071588
0.040144
-0.031340
-0.036848
0.003934
0.003798
-0.024318
-0.021360
-0.018871
0.002220
-0.021629
-0.060476
-0.034975
-0.021196
-0.028875
-0.027766
-0.035765
-0.025757
-0.021912
-0.036384
-0.019053
-0.011621
-0.020432
-0.024677
-0.029873
-0.023084
-0.018013
-0.019516
-0.022724
-0.023640
-0.028812
-0.029766
-0.020211
-0.015808
-0.016717
-0.020040
-0.021618
-0.018008
-0.015081
-0.013105
-0.009435
-0.008742
-0.009799
-0.012097
-0.011849
-0.009306
-0.009242
-0.008939
-0.008447
-0.010866
-0.008541
-0.000554
-0.003040
-0.006816
-0.008864
-0.011983
-0.010704
-0.017145
-0.015162
-0.006463
-0.007567
-0.002357
0.005303
-0.005695
-0.011032
0.015827
0.005575
0.015631
0.008534
-0.044927
-0.012068
0.014052
0.021186
0.020069
0.007938
0.025133
0.053503
0.028067
-0.061793
-0.077098
-0.024811
0.020764
0.014698
-0.023380
-0.008153
0.032559
0.015648
-0.061158
-0.106741
-0.110794
-0.088600
-0.055113
-0.056387
-0.033407
0.003990
-0.000275
0.019725
0.013866
-0.053267
-0.064189
-0.061536
-0.036113
0.004294
-0.005396
0.001449
0.020480
0.031191
0.030054
0.009903
-0.003899
0.013102
0.036117
0.042706
0.049506
0.037756
0.020689
0.018986
0.015992
0.011667
0.011953
0.012743
0.016471
0.027913
0.035045
0.032032
0.030360
0.029374
0.021132
0.022456
0.024445
0.021644
0.021161
0.017136
0.015314
0.011690
0.008991
0.007287
0.003946
0.003031
0.003214
0.003797
0.003591
0.004996
0.006682
0.007398
0.008508
0.011245
0.009651
0.006047
0.004218
0.002568
0.003423
0.000619
0.002050
0.006823
0.015708
-0.002129
-0.018552
-0.002832
0.000749
0.004629
0.004662
-0.000632
-0.009991
0.000108
0.001820
-0.010699
0.020328
0.025860
-0.003150
-0.000138
0.010429
0.015478
0.001877
-0.021446
0.038912
0.068000
0.011680
-0.007531
-0.030967
-0.043868
0.013330
-0.035825
-0.037934
0.093267
-0.001815
-0.050461
0.027365
0.023141
0.007067
-0.027258
-0.054967
-0.004360
0.088310
0.011265
-0.040403
-0.013233
0.007510
0.050167
0.008760
-0.009758
0.021137
0.075380
0.097725
0.064816
0.023808
0.022005
0.023992
-0.011866
-0.016726
-0.014614
-0.009598
0.012290
0.021008
0.012576
0.034412
0.041357
0.018427
0.012282
0.002360
0.003966
0.002616
-0.003623
-0.009545
-0.012440
-0.012221
-0.017404
-0.015771
-0.016856
-0.018608
-0.019670
-0.015058
-0.011782
-0.016555
-0.019092
-0.016600
-0.016268
-0.020867
-0.022270
-0.022321
-0.022068
-0.021734
-0.021930
-0.023784
-0.019494
-0.017222
-0.021744
-0.020590
-0.020523
-0.022143
-0.021276
-0.017299
-0.013438
-0.016576
-0.018634
-0.015210
-0.022178
-0.021401
-0.007031
-0.022793
-0.035441
-0.026449
-0.051238
-0.040002
-0.006254
0.006989
0.000349
-0.017242
-0.009467
-0.013963
-0.013123
-0.025205
-0.052561
-0.050431
-0.027482
0.011601
0.032804
-0.050103
-0.070176
0.034878
0.035619
-0.025956
-0.031334
-0.046888
0.044250
0.169242
0.052095
0.004117
0.099827
0.099317
0.094934
0.042022
-0.028767
-0.001164
0.028354
-0.036095
-0.075776
-0.050299
-0.051622
-0.009602
0.013308
0.013481
0.019849
0.011615
0.025568
0.028445
0.018732
0.023947
0.032937
0.009366
0.014907
0.029973
0.011237
-0.002395
-0.005092
-0.013679
-0.009401
-0.002271
-0.014660
-0.001020
-0.002297
-0.013014
-0.003564
0.000825
0.002238
-0.001244
-0.000836
0.002694
0.009032
0.001074
-0.007747
-0.008564
-0.012482
-0.011061
-0.016580
-0.019958
-0.012523
-0.011519
-0.017732
-0.014577
-0.013157
-0.017143
-0.017454
-0.018298
-0.017517
-0.017263
-0.018233
-0.020945
-0.017421
-0.014676
-0.013995
-0.014441
-0.013769
-0.006138
-0.002833
-0.002617
-0.015826
-0.016273
0.005389
-0.002298
-0.028834
-0.040211
-0.025264
0.008172
0.001724
-0.016504
-0.009606
-0.036285
-0.012371
0.006859
-0.043086
-0.010126
-0.008653
-0.012690
0.043573
0.027490
-0.038794
-0.056505
0.006576
0.011101
-0.016897
-0.019459
-0.026612
0.060370
0.132535
0.055830
-0.028127
0.007491
0.039111
0.068972
0.057905
-0.020901
0.044632
0.093147
0.024339
-0.026894
-0.060932
-0.079007
-0.036024
0.002849
0.017463
0.021164
-0.015863
0.001815
0.021780
0.017306
0.003015
-0.027061
-0.014141
0.004160
-0.012360
-0.037471
-0.038650
-0.060727
-0.066488
-0.055960
-0.057116
-0.039367
-0.033637
-0.033604
-0.020220
-0.005694
-0.010621
-0.022110
-0.024930
-0.018586
-0.011338
-0.013373
-0.013660
-0.016798
-0.020904
-0.021018
-0.018585
-0.015844
-0.011029
-0.006119
-0.002864
-0.001189
-0.002821
-0.000304
0.000167
0.001135
0.002714
0.002789
0.004354
0.002548
0.001020
0.001090
0.001231
0.001529
0.001544
0.000706
0.003448
0.010583
0.015133
0.007991
-0.006055
-0.005988
-0.002307
-0.005778
-0.000244
0.001642
0.009552
0.019091
0.000358
-0.014349
-0.006211
0.015505
0.021516
0.009238
0.018933
0.011968
-0.021452
-0.013530
0.004334
0.000156
0.005907
0.025472
0.035662
0.035431
0.056091
0.013136
0.003090
0.088091
0.073014
0.031574
0.031409
0.026486
-0.030188
-0.047483
0.017131
-0.022361
-0.040627
0.003695
0.016471
0.027687
0.029848
-0.018208
-0.010979
0.057116
0.010329
-0.020941
0.006213
0.002280
-0.026657
-0.054010
-0.051117
-0.035097
-0.027129
-0.026286
-0.013654
0.011012
0.038321
0.019895
-0.010893
0.001237
-0.007631
-0.025480
-0.023149
-0.017137
-0.017166
-0.014193
-0.013697
-0.014279
-0.008710
-0.010931
-0.009376
-0.003912
-0.000203
0.001045
0.001506
0.002146
-0.000240
-0.005342
-0.008632
-0.008474
-0.009832
-0.007226
-0.004871
-0.007708
-0.008794
-0.006413
-0.005202
-0.005935
-0.004502
-0.001507
0.000726
0.000922
-0.000063
-0.003243
-0.003296
-0.001937
-0.003820
-0.005967
-0.001533
0.002916
-0.002068
-0.006208
-0.006098
-0.006989
-0.007353
-0.001855
-0.001411
-0.003438
-0.001036
-0.003890
-0.006138
-0.007899
-0.012841
-0.012690
-0.006895
-0.002369
-0.001042
-0.000185
-0.000840
-0.000923
-0.000307
0.000672
0.000171
-0.000496
-0.000028
0.000731
0.001825
0.001182
-0.001410
-0.003064
-0.002083
-0.000340
0.000875
0.003579
0.003282
0.002328
0.002840
0.001222
0.000831
0.001604
0.001993
0.001679
0.002105
0.001722
0.001865
0.001004
0.000605
0.000395
0.000694
0.001107
0.001540
0.001515
0.001962
0.002004
0.001901
0.001363
0.001236
0.001156
0.001085
0.001024
0.001106
0.001117
0.001134
0.001147
0.001053
0.000978
0.001081
0.001085
0.001130
0.001118
0.000997
0.000777
0.000613
0.000565
0.000569
0.000579
0.000566
0.000570
0.000534
0.000492
0.000396
0.000328
0.000340
0.000377
0.000465
0.000565
0.000636
0.000629
0.000509
0.000356
0.000244
0.000276
0.000392
0.000476
0.000521
0.000535
0.000530
0.000499
0.000432
0.000198
0.000098
0.000185
0.000298
0.000318
0.000323
0.000147
0.035644
-0.002877
0.074479
-0.057987
-0.107434
0.121862
0.041463
-0.084773
-0.024379
0.015091
0.044379
-0.008360
0.085732
0.205854
0.143366
-0.163124
-0.225672
-0.098201
0.004463
0.015271
0.143918
0.059699
-0.064676
0.261627
-0.153777
-0.211042
-0.036368
-0.375210
0.187855
0.439452
-0.312593
0.063147
0.603735
-0.370616
-0.764092
-0.397025
0.198591
0.599237
-0.710139
-0.444109
0.646200
-0.029659
-0.271794
-0.080666
-0.086295
0.215088
-0.316089
-0.382501
0.431408
0.447159
0.204399
0.092345
0.096754
0.088768
0.053130
0.033357
0.317778
0.297318
-0.147982
-0.187925
0.020245
0.018958
-0.100644
-0.127589
0.054836
0.129817
-0.046352
-0.114893
-0.006688
0.038116
0.073647
0.011424
-0.001735
0.011725
0.030267
0.014522
-0.016452
0.006531
0.013146
0.014678
-0.003351
-0.006718
-0.011979
0.012777
0.020605
0.020435
0.001457
-0.017631
-0.008874
-0.001176
-0.004316
0.000366
-0.002096
0.028200
0.002024
-0.037036
0.004550
0.010081
0.020834
-0.005601
-0.059629
0.018740
0.033898
-0.040129
0.019359
0.034373
0.121760
0.005516
-0.108245
0.033496
0.011917
-0.031909
-0.034116
0.048787
0.267761
-0.039385
-0.293784
0.127251
0.323456
-0.192669
-0.219814
0.295676
0.070115
0.148427
0.087492
-0.106360
0.188917
-0.321400
-0.387046
-0.159568
-0.317743
0.574337
0.755542
-0.574718
-0.443729
0.445436
0.001346
-0.488038
-0.478210
0.072218
0.348404
-0.426262
-0.159192
0.790007
0.321321
0.058760
0.070458
-0.034507
0.137696
0.227862
0.384246
0.069214
-0.315009
-0.005685
0.424672
-0.134506
-0.463544
-0.068340
-0.022374
0.103158
0.027091
-0.067402
-0.045610
-0.035389
0.013520
0.026899
-0.061458
-0.078687
0.056312
-0.051991
-0.124272
-0.035510
0.046549
-0.012754
-0.091413
-0.066147
-0.035931
-0.012505
-0.040260
0.000031
-0.033999
-0.058531
-0.018217
-0.013680
-0.023562
-0.027088
-0.011370
-0.011918
-0.024054
-0.037992
-0.024803
-0.016135
-0.009522
-0.007821
-0.022502
-0.007367
-0.002911
0.036729
-0.017074
-0.068349
0.003774
-0.002742
0.012016
-0.022735
0.003802
0.094336
-0.072709
-0.085593
0.036272
-0.019172
-0.038922
-0.082144
0.105140
0.061590
-0.200424
0.054048
0.237135
0.119240
0.001404
0.130686
0.354066
0.025956
-0.335482
-0.022342
0.296383
0.052154
-0.177194
-0.290265
-0.122734
-0.136395
-0.272672
0.069967
0.170426
0.381046
-0.312841
-0.600429
0.255976
-0.086632
-0.192786
-0.068487
-0.072943
-0.416153
-0.596591
-0.009698
0.379315
0.215852
-0.137937
0.188202
0.305600
0.211939
-0.034997
0.176717
0.464927
0.293459
0.017497
-0.337012
-0.009062
0.334454
0.238285
0.054753
0.067024
0.065314
-0.079462
-0.117140
-0.035618
0.108188
-0.002597
-0.035069
-0.055196
-0.087242
-0.070891
-0.036732
0.020113
-0.011289
-0.020024
-0.042041
-0.026194
-0.025026
0.001564
0.001557
-0.002812
-0.014598
-0.040103
-0.040832
-0.037290
-0.007592
-0.001460
-0.014258
-0.023893
-0.027019
-0.019508
-0.023837
-0.025328
-0.018719
-0.000715
0.004569
-0.051027
0.001393
0.089019
-0.035346
-0.079997
0.079387
-0.015093
-0.059445
0.067171
0.012046
0.020242
-0.005325
-0.077029
0.014975
-0.030737
-0.125305
0.211352
-0.013086
-0.225349
0.307920
-0.287786
-0.246160
0.326595
-0.110947
-0.255746
-0.263456
-0.237065
0.255639
0.039064
-0.256678
0.638998
0.209067
-0.519569
-0.355932
0.032754
0.305631
-0.044340
0.002440
0.149633
-0.429287
-0.511836
0.010417
0.020222
-0.108877
-0.110360
0.252745
0.428375
-0.287041
-0.328702
0.417880
0.051525
-0.158288
0.112775
0.071823
0.250404
-0.050742
-0.150455
0.195697
0.088606
0.058645
0.094372
-0.083650
0.083556
0.153388
-0.047672
0.106785
0.099104
0.144251
0.136276
-0.024764
0.019371
0.060311
0.094578
0.080470
0.030635
-0.033273
0.003894
0.041638
0.072509
0.008264
-0.021845
0.006414
0.000157
0.023127
0.002084
0.002454
0.007160
-0.000069
0.000933
0.011125
0.003633
0.002826
0.001960
-0.003389
0.006788
0.004661
-0.000149
0.025208
-0.015055
-0.021751
0.042845
0.017318
-0.044742
-0.021269
0.065794
0.007132
-0.089664
0.022296
0.044759
-0.032895
0.074170
-0.018100
-0.003730
0.180886
-0.139916
-0.030797
0.079533
-0.400637
0.055404
0.064436
-0.262458
0.486981
0.190959
-0.138700
0.080607
-0.451777
0.041141
-0.056573
-0.062936
0.782451
0.206277
0.177240
0.290650
-0.373502
-0.127325
0.329986
0.214940
0.137381
-0.070718
0.269718
0.023191
-0.510115
-0.053706
-0.006165
0.327204
-0.211619
-0.431667
0.248937
-0.306847
0.178386
0.358919
-0.022998
0.007583
-0.453384
-0.058931
0.384351
-0.289875
-0.111918
0.163605
-0.021468
-0.017218
-0.495399
-0.152365
0.306656
-0.090408
-0.183313
-0.157433
-0.170138
0.022070
-0.064908
-0.042226
0.110926
-0.081079
-0.090959
-0.005656
0.002609
0.086589
0.001009
-0.032600
0.020415
-0.012888
-0.021486
0.010327
-0.002147
0.019357
-0.014422
-0.025136
0.005362
-0.022818
-0.016381
-0.005083
0.005855
0.012652
-0.020045
-0.030816
0.006327
0.004103
-0.004247
-0.015173
-0.018425
-0.042812
-0.024976
0.042671
0.023012
0.011886
-0.003602
-0.049710
-0.056712
-0.084317
0.000344
0.091851
-0.030904
-0.008754
0.066562
-0.049349
-0.078627
0.217393
0.021272
0.047929
0.052587
-0.368644
0.109725
0.119095
0.081376
0.267562
0.014599
0.135213
0.106303
-0.267572
-0.314733
-0.087710
0.193269
0.125072
-0.193753
-0.065316
0.235201
0.139415
-0.342197
-0.640414
-0.174620
-0.099403
-0.331096
-0.176659
-0.161335
0.098755
0.213728
-0.188558
0.055624
0.072402
-0.298504
0.096457
-0.038814
-0.021333
0.222594
0.029231
0.401421
0.300971
-0.080730
0.087381
0.005791
0.172024
0.354158
0.149594
0.112657
0.045612
0.058098
0.138195
-0.023469
-0.008162
-0.049640
-0.076277
0.041586
-0.011897
-0.015724
-0.051087
-0.079910
0.040912
0.048243
-0.023692
0.012382
-0.000421
-0.004070
0.021564
0.000457
0.026275
0.010189
-0.019487
0.002549
-0.000361
-0.004177
0.002291
-0.012971
-0.018482
-0.011639
-0.005748
-0.002920
-0.007143
0.015488
0.009526
-0.021790
-0.003815
0.006480
0.015977
-0.016000
0.014061
0.041773
0.096070
-0.066667
-0.135448
0.086869
0.002061
-0.004324
0.057810
0.057499
-0.079891
-0.122737
-0.034555
-0.006837
0.239431
0.226075
-0.143300
-0.126695
-0.058547
0.014444
0.047621
-0.110486
0.524965
0.320201
-0.554586
-0.093582
0.040095
-0.272750
0.144383
-0.302490
-0.029516
0.956005
-0.631364
-0.515341
0.408823
-0.014485
0.107434
-0.315161
0.008500
0.384278
-0.080597
-0.340918
0.180232
0.272318
-0.018405
-0.029324
-0.123186
0.188850
0.414951
0.381515
0.044708
-0.100767
0.053418
0.326827
0.125581
-0.326214
-0.152177
0.015759
0.016804
-0.028842
-0.014612
-0.070907
0.006892
0.011765
-0.082151
-0.048734
-0.055568
-0.014218
-0.065234
-0.090749
-0.040234
0.002132
-0.050291
-0.091475
-0.063569
-0.033203
-0.027533
-0.043644
-0.009198
-0.037900
-0.045104
-0.031102
-0.017375
-0.018200
-0.041018
-0.037281
-0.029798
-0.034550
-0.034764
-0.020308
-0.020725
-0.012851
-0.022937
-0.042042
-0.007642
-0.008063
-0.040947
-0.020903
-0.006589
0.018479
-0.025930
-0.054205
0.028192
-0.051663
-0.049701
0.113211
-0.035350
-0.137341
0.021191
-0.251524
-0.125952
0.123202
0.165611
0.126263
-0.180310
-0.007329
-0.072209
-0.210732
0.049909
0.043127
-0.047072
-0.119723
-0.048742
0.334946
-0.343810
-0.225616
0.709082
-0.152607
-0.631564
0.195241
0.223005
0.381927
0.576235
-0.278929
0.241203
0.771697
0.094871
0.166158
-0.082943
0.124308
0.500971
-0.367708
-0.690008
-0.202520
0.068410
-0.147084
-0.191642
-0.212595
-0.175123
-0.094680
-0.031297
0.008242
-0.064636
-0.114307
0.128883
0.343507
-0.003147
0.045611
0.206913
0.010165
-0.020241
0.141982
0.147118
0.024407
-0.061731
-0.080727
0.102701
-0.027065
-0.150614
0.017496
-0.032669
-0.091252
-0.057650
-0.032148
-0.024542
-0.037920
-0.079357
-0.013510
-0.016981
-0.050497
-0.026390
-0.057639
-0.037605
-0.020040
-0.018514
-0.031587
-0.007903
-0.013367
-0.021019
-0.023414
-0.015808
0.002683
-0.018456
-0.020103
-0.029508
-0.008143
-0.010323
-0.019455
-0.021405
-0.025613
0.009105
-0.001654
-0.001331
-0.056897
-0.039492
0.130295
-0.018805
-0.173296
-0.087700
-0.000519
0.127184
-0.051341
-0.054014
0.255438
-0.276843
-0.176291
0.167785
-0.264956
0.322594
0.118819
-0.194158
0.294224
-0.144355
-0.156963
-0.031687
0.152320
0.169050
-0.415315
0.007661
0.283344
0.288902
0.434156
-0.166238
-0.202806
0.327470
-0.063847
0.177579
0.241438
-0.044853
0.796257
0.083437
-0.832033
-0.286973
0.005549
0.033647
-0.123105
-0.279712
0.095354
-0.023160
-0.355847
0.149717
-0.049076
-0.279738
0.035370
0.119386
0.235402
-0.105660
-0.362832
-0.128213
0.031065
-0.052523
-0.048690
-0.160026
-0.159049
-0.082126
-0.096678
0.034571
0.032922
-0.019619
-0.044735
-0.034769
0.049584
0.077386
0.007237
0.016805
0.056319
0.032936
0.029934
-0.005867
0.014924
0.036125
0.026829
0.027775
0.019085
0.017304
0.008405
0.017957
0.017961
0.012861
0.007713
0.014608
0.022541
-0.002511
0.001534
0.011596
-0.000786
0.014974
-0.001093
-0.018205
-0.008814
0.016818
0.047091
-0.003628
-0.075972
-0.021347
-0.007810
-0.089176
0.011101
0.067963
0.075403
0.060738
-0.142731
-0.096748
0.038438
0.134749
0.148217
-0.008131
0.112689
0.019426
-0.375984
-0.065372
0.238519
0.099001
0.062147
0.109292
0.147836
-0.139179
0.084333
0.142659
0.014882
0.565258
0.136417
-0.149129
0.147463
0.123211
-0.285009
-0.598146
0.305570
0.160676
-0.407957
0.083799
0.128936
-0.262984
-0.306411
-0.153937
0.428014
0.249922
-0.518951
-0.003996
0.161623
-0.078224
-0.134547
-0.291794
0.014106
0.049069
-0.172531
-0.002314
0.119578
0.120040
0.089623
-0.091964
-0.001170
0.169792
-0.029512
-0.074999
-0.013332
0.027518
-0.003243
-0.037824
-0.008148
0.016585
-0.032195
-0.040668
-0.007220
0.001834
0.012704
-0.005785
0.009152
0.013505
-0.021859
-0.021702
-0.000662
0.001140
-0.002759
-0.008782
-0.004716
-0.002619
-0.009709
-0.004084
0.003155
-0.007669
-0.001020
0.003759
0.005014
-0.009651
-0.011271
-0.005771
-0.015731
-0.006927
0.006361
-0.007244
0.008994
0.039154
-0.005192
-0.035375
-0.006553
-0.008691
-0.027836
0.014909
0.020061
-0.000633
-0.013440
-0.035845
-0.026286
-0.018742
-0.011354
0.017280
0.013993
-0.012427
-0.008125
0.002125
0.016318
0.019197
0.007470
0.011129
0.005409
0.002030
0.008759
0.006859
0.005503
0.008618
0.007325
0.003919
0.003898
0.002692
0.002719
-0.000126
-0.000515
-0.001721
-0.002187
-0.004637
-0.004945
0.000716
0.000514
0.007529
0.010196
0.003761
0.001333
0.001391
0.002752
-0.000604
0.004158
0.006391
-0.003076
-0.002236
-0.000372
-0.001278
0.000397
0.002005
0.002761
0.006009
0.005822
0.004666
0.003762
0.000534
-0.002077
-0.005061
-0.004505
-0.001749
-0.000505
0.000696
0.001612
0.001722
0.001652
0.001263
0.001088
0.000926
0.000750
-0.000351
-0.000426
0.000038
0.000483
0.001144
0.001461
0.001041
0.000569
0.000447
0.000412
0.000427
0.000637
0.000503
0.000025
-0.000113
0.000043
0.000250
0.000463
0.000305
-0.000284
-0.000771
-0.000916
-0.000635
-0.000179
0.000109
0.000099
-0.000165
-0.000456
-0.000611
-0.000576
-0.000440
-0.000342
-0.000320
-0.000428
-0.000489
-0.000197
0.000058
0.000154
0.000349
0.000015
-0.000566
-0.000462
0.000051
0.000250
0.000690
0.000891
0.000338
0.000095
0.000004
-0.000049