-0.018524
0.228321
0.445508
0.556629
0.525535
0.370121
0.155465
-0.031048
-0.113130
-0.054748
0.126097
0.364224
0.572158
0.673526
0.632218
0.466168
0.240498
0.042635
-0.051088
-0.004592
0.164169
0.390063
0.585661
0.674640
0.620938
0.442539
0.204613
-0.005364
-0.111013
-0.076204
0.081151
0.295967
0.480858
0.559544
0.496003
0.308258
0.061516
-0.156712
-0.270014
-0.242232
-0.091248
0.117877
0.297781
0.372201
0.305134
0.114617
-0.134133
-0.353598
-0.467359
-0.439258
-0.287176
-0.076181
0.106359
0.184171
0.121237
-0.064421
-0.307605
-0.520819
-0.627669
-0.592024
-0.431797
-0.212085
-0.020292
0.067273
0.014554
-0.160468
-0.392637
-0.594502
-0.689711
-0.642181
-0.469869
-0.237923
-0.033794
0.066160
0.025835
-0.136839
-0.356752
-0.546502
-0.629787
-0.570568
-0.386851
-0.143827
0.071009
0.181256
0.150770
-0.002558
-0.213656
-0.395155
-0.470786
-0.404540
-0.214452
0.034262
0.254086
0.368598
0.341638
0.191083
-0.018006
-0.198269
-0.273440
-0.207515
-0.018524
0.228321
0.445508
0.556629
0.525535
0.370121
0.155465
-0.031048
-0.113130
-0.054748
0.126097
0.364224
0.572158
0.673526
0.632218
0.466168
0.240498
0.042635
-0.051088
-0.004592
0.164169
0.390063
0.585661
0.674640
0.620938
0.442539
0.204613
-0.005364
-0.111013
-0.076204
0.081151
0.295967
0.480858
0.559544
0.496003
0.308258
0.061516
-0.156712
-0.270014
-0.242232
-0.091248
0.117877
0.297781
0.372201
0.305134
0.114617
-0.134133
-0.353598
-0.467359
-0.439258
-0.287176
-0.076181
0.106359
0.184171
0.121237
-0.064421
-0.307605
-0.520819
-0.627669
-0.592024
-0.431797
-0.212085
-0.020292
0.067273
0.014554
-0.160468
-0.392637
-0.594502
-0.689711
-0.642181
-0.469869
-0.237923
-0.033794
0.066160
0.025835
-0.136839
-0.356752
-0.546502
-0.629787
-0.570568
-0.386851
-0.143827
0.071009
0.181256
0.150770
-0.002558
-0.213656
-0.395155
-0.470786
-0.404540
-0.214452
0.034262
0.254086
0.368598
0.341638
0.191083
-0.018006
-0.198269
-0.273440
-0.207515
0.037157
-0.044523
0.054867
0.300337
0.600445
0.842205
0.934248
0.841710
0.599551
0.299205
0.053656
-0.045712
0.035995
0.263858
0.546501
0.771010
0.846083
0.736922
0.478555
0.162478
-0.098263
-0.212223
-0.144451
0.070189
0.340374
0.553238
0.617525
0.498481
0.231172
-0.092872
-0.360572
-0.480454
-0.417547
-0.206694
0.060797
0.272070
0.335876
0.217463
-0.048107
-0.369309
-0.633076
-0.747951
-0.678980
-0.461031
-0.185441
0.034903
0.108716
0.001206
-0.252607
-0.561244
-0.811690
-0.912538
-0.828891
-0.595675
-0.304286
-0.067673
0.022813
-0.067685
-0.304214
-0.595365
-0.828188
-0.911349
-0.810019
-0.559195
-0.250342
0.003522
0.110978
0.037102
-0.183218
-0.458637
-0.676269
-0.744838
-0.629573
-0.365526
-0.044215
0.221294
0.339536
0.275543
0.064165
-0.203287
-0.413961
-0.476606
-0.356477
-0.088643
0.235362
0.502462
0.621185
0.556562
0.343444
0.073150
-0.141456
-0.209110
-0.095045
0.165694
0.481600
0.739629
0.848344
0.772818
0.547944
0.265085
0.037157
-0.044523
0.054867
0.300337
0.600445
0.842205
0.934248
0.841710
0.599551
0.299205
0.053656
-0.045712
0.035995
0.263858
0.546501
0.771010
0.846083
0.736922
0.478555
0.162478
-0.098263
-0.212223
-0.144451
0.070189
0.340374
0.553238
0.617525
0.498481
0.231172
-0.092872
-0.360572
-0.480454
-0.417547
-0.206694
0.060797
0.272070
0.335876
0.217463
-0.048107
-0.369309
-0.633076
-0.747951
-0.678980
-0.461031
-0.185441
0.034903
0.108716
0.001206
-0.252607
-0.561244
-0.811690
-0.912538
-0.828891
-0.595675
-0.304286
-0.067673
0.022813
-0.067685
-0.304214
-0.595365
-0.828188
-0.911349
-0.810019
-0.559195
-0.250342
0.003522
0.110978
0.037102
-0.183218
-0.458637
-0.676269
-0.744838
-0.629573
-0.365526
-0.044215
0.221294
0.339536
0.275543
0.064165
-0.203287
-0.413961
-0.476606
-0.356477
-0.088643
0.235362
0.502462
0.621185
0.556562
0.343444
0.073150
-0.141456
-0.209110
-0.095045
0.165694
0.481600
0.739629
0.848344
0.772818
0.547944
0.265085