-0.013890
-0.012899
-0.011435
-0.014160
-0.018657
-0.022203
-0.015375
-0.011253
-0.009720
-0.006119
-0.009204
-0.022385
-0.017836
-0.015184
-0.002475
-0.004886
0.004283
0.013736
-0.033151
-0.007532
0.030580
-0.010727
-0.028811
-0.023037
0.002135
0.028124
0.029670
0.039067
0.066556
0.045736
-0.038167
-0.066629
-0.062580
-0.041702
-0.013491
0.040529
0.014707
0.085445
0.103344
-0.067613
-0.072564
-0.142082
-0.137132
0.127340
0.081146
-0.095682
0.103283
0.144202
-0.108854
-0.206720
-0.265981
-0.028323
0.071855
-0.198253
-0.021123
0.136881
0.043702
0.015512
-0.110315
-0.093339
0.042153
-0.092314
-0.066577
0.112340
0.142923
0.115025
0.109779
0.091110
0.053582
-0.001895
-0.035514
0.063271
0.072068
-0.017731
-0.041954
-0.041686
-0.029455
-0.044606
-0.054100
-0.000934
0.042420
0.029086
0.002238
0.002411
0.002419
0.004568
0.002006
0.003370
0.005860
0.012828
0.004897
0.008944
0.007621
0.008209
0.009881
0.009933
0.012618
0.008523
0.013338
0.010716
0.014073
0.009307
0.003705
0.005220
0.001056
0.000556
0.001241
0.006819
0.019478
0.008559
0.002342
0.004382
0.005613
0.009825
-0.007098
-0.016990
0.008394
0.006940
0.003746
0.007973
0.018027
0.040544
-0.005675
-0.017299
0.001021
-0.006532
-0.007987
-0.017568
0.043525
0.089254
-0.026127
-0.061455
0.058850
0.072167
-0.059408
-0.018592
0.033580
0.059371
0.159318
0.011667
-0.039606
-0.013886
-0.131034
-0.092422
-0.140840
-0.095472
0.232837
0.184025
-0.095946
0.026565
0.105351
-0.066059
-0.208129
-0.286473
-0.068049
0.126086
-0.003452
0.053025
0.157873
0.140947
0.207398
0.107625
-0.003874
-0.020916
0.026635
0.100895
0.046263
-0.052969
-0.027480
0.028626
-0.069957
-0.071808
-0.050695
-0.036147
0.049925
0.031897
0.017491
0.024543
0.012287
-0.013475
-0.023178
-0.043172
-0.025849
0.002894
-0.021296
-0.025395
-0.008236
0.002990
-0.006894
-0.007972
-0.016509
-0.006350
-0.006233
-0.016507
-0.004910
-0.013797
-0.011963
-0.016751
-0.014982
-0.016153
-0.011482
-0.005529
-0.010859
-0.006553
-0.010658
-0.011268
-0.013897
-0.010465
-0.010216
-0.013233
-0.008808
-0.004304
0.003401
-0.022665
-0.027710
-0.018425
-0.013732
-0.001629
-0.018469
0.001208
0.007807
-0.030243
-0.015336
-0.015899
-0.030495
-0.042300
-0.026594
0.043611
0.003900
-0.031767
0.027719
0.068914
0.070088
0.038586
0.066328
0.088024
-0.010544
-0.081555
-0.004673
0.052860
-0.004746
-0.096084
-0.141369
-0.044994
-0.033730
-0.052776
-0.041833
0.040930
0.130547
-0.076040
-0.053517
-0.020268
-0.162398
-0.119689
-0.072279
-0.054949
-0.158463
-0.162821
-0.047535
0.116637
0.122134
0.045565
0.089694
0.142017
0.146190
0.033114
0.028907
0.064174
0.092196
0.010414
-0.078752
-0.006476
0.046689
0.053986
0.052348
0.074204
0.042813
0.009413
-0.043100
-0.054235
-0.016383
-0.022829
-0.008825
-0.023735
-0.012490
-0.021348
-0.017826
-0.003380
-0.001547
0.010568
0.006542
0.010611
0.001180
0.003028
-0.000285
0.000492
-0.001708
-0.006265
-0.004888
-0.006966
-0.002558
-0.000233
0.002224
0.003388
0.002312
0.001679
-0.005916
-0.008016
-0.003998
0.004165
-0.000740
-0.010634
0.016309
0.022642
-0.019963
-0.010678
0.009319
-0.020952
-0.000563
0.002708
-0.015048
0.006384
-0.011312
-0.030013
-0.011320
-0.046634
-0.023275
0.057156
-0.051714
0.006680
0.041160
-0.140155
-0.003219
0.040402
-0.088286
-0.108766
-0.146604
-0.067403
0.121358
-0.002558
-0.010683
0.177938
0.050262
-0.046014
-0.086323
-0.071002
-0.036843
-0.040645
0.029019
0.008706
-0.135037
-0.156466
-0.101557
-0.068736
-0.033231
-0.006761
0.130261
0.154680
-0.044276
-0.026987
0.031630
-0.063182
-0.031373
-0.037022
0.004830
0.103523
0.001131
-0.031406
0.027939
0.030867
0.055017
0.022407
-0.020292
0.036919
0.034074
0.015252
0.035615
0.016933
0.046648
0.049491
0.033621
0.022642
0.016842
0.018515
0.026886
0.027661
0.016320
0.017420
0.011126
0.019977
0.009708
0.016128
0.016724
0.012739
0.013949
0.010169
0.018815
0.015544
0.011062
0.012872
0.015458
0.016313
0.018108
0.015141
0.013162
0.017691
0.013017
0.014187
0.017609
0.004247
0.012931
0.024722
0.010808
-0.006194
0.007667
0.026368
0.000573
-0.012513
0.010125
0.005695
0.025370
0.037627
-0.011718
0.036361
0.042278
-0.037320
0.023651
-0.060426
-0.124954
0.025156
-0.050765
0.013605
0.179789
0.029182
0.044925
-0.009322
-0.107836
0.006043
-0.091498
0.051726
0.210704
0.158367
0.236366
0.091914
-0.122557
-0.034958
0.058081
0.050478
0.022610
0.007122
0.101024
0.027157
-0.036499
-0.092768
-0.093920
0.044098
-0.069585
0.031572
0.031524
-0.074024
0.085113
0.063556
0.081170
0.006211
-0.147200
-0.011103
0.049147
-0.067469
-0.020121
-0.017544
0.017990
0.013922
-0.118089
-0.048104
-0.001237
-0.047412
-0.033752
-0.045328
-0.032484
-0.001860
-0.055516
-0.029526
0.024864
-0.010423
-0.003051
-0.016845
-0.010117
0.016315
-0.009613
-0.003569
-0.007836
-0.017139
-0.018385
-0.021284
-0.013471
-0.010226
-0.018006
-0.014955
-0.016883
-0.018265
-0.017622
-0.019413
-0.014735
-0.012297
-0.016295
-0.013128
-0.007471
-0.013786
-0.017868
-0.019850
-0.020029
-0.023235
-0.005880
0.007441
0.002467
0.002679
-0.011818
-0.022054
-0.028776
-0.040899
-0.007337
0.003876
-0.005334
0.024050
0.027134
-0.022653
0.004446
0.044532
-0.006590
0.052644
-0.052165
-0.096997
0.042718
0.024230
0.067764
0.050915
0.014080
0.093068
0.062598
-0.089032
-0.181245
-0.113993
0.027548
0.065112
-0.012675
-0.023454
0.050401
0.053685
-0.110912
-0.228495
-0.188644
-0.179730
-0.105773
-0.051613
-0.048112
0.058913
0.059438
0.008963
0.100194
-0.012139
-0.103303
-0.047883
-0.080565
0.048163
0.073282
0.038881
0.129724
0.089060
0.081336
0.072125
-0.004431
0.027106
0.060968
0.069634
0.079062
0.041278
0.010513
-0.012924
-0.026202
-0.013501
-0.032592
-0.022368
-0.005896
-0.006072
0.008975
-0.003146
-0.010325
0.010423
0.006231
0.004646
0.021990
0.012580
0.016491
0.011387
0.003409
0.017913
0.012623
0.009653
0.011236
0.008829
0.013596
0.014747
0.010520
0.008283
0.010099
0.011580
0.008739
0.008745
0.015226
0.008433
0.005520
0.006778
0.008989
0.007679
0.002727
0.012490
0.030350
0.033837
-0.035076
-0.026377
0.008663
-0.003163
0.010715
0.008023
-0.005747
-0.026316
-0.008837
-0.017685
0.007453
0.085461
0.034827
-0.030840
-0.008743
-0.009757
0.013575
-0.046971
-0.010337
0.205877
0.084942
-0.060569
-0.023473
-0.128402
-0.068560
0.016662
-0.166397
0.131918
0.223754
-0.176799
-0.004894
0.043190
0.009137
0.002272
-0.144119
-0.015932
0.152222
0.072194
-0.073802
-0.018479
-0.009772
0.064219
0.072496
-0.019426
0.038912
0.130513
0.164676
0.109443
0.042262
-0.002600
0.038463
-0.015917
-0.086727
-0.067670
-0.037164
-0.013242
0.002994
0.018688
0.012187
0.052713
0.010540
-0.022316
-0.022496
-0.028194
-0.010925
-0.036146
-0.031334
-0.018463
-0.006768
-0.014244
-0.021844
-0.013486
-0.007516
-0.003187
-0.007236
-0.004760
-0.004896
-0.009015
-0.017198
-0.016938
-0.018574
-0.019990
-0.016785
-0.017067
-0.019220
-0.014441
-0.013482
-0.015128
-0.010397
-0.015665
-0.015985
-0.010909
-0.019723
-0.022921
-0.017791
-0.010990
-0.008978
-0.030011
-0.023720
-0.013265
-0.034225
-0.006312
0.013622
-0.050844
-0.036323
-0.046995
-0.112690
-0.028918
0.020095
0.056774
0.013885
-0.031576
0.000612
-0.044192
-0.049934
-0.051421
-0.081826
-0.041588
-0.009877
0.092649
0.060166
-0.182354
-0.003734
0.164182
-0.048473
-0.072433
-0.029574
-0.016602
0.292678
0.250963
-0.048614
0.146292
0.196420
0.123568
0.115676
-0.094740
-0.031019
0.039817
-0.115894
-0.185506
-0.133152
-0.121599
-0.095031
-0.011928
-0.024258
0.002061
-0.000358
-0.031416
-0.005953
0.016638
-0.002645
0.064874
0.079427
0.022844
0.081621
0.089214
0.023664
0.011366
0.037434
0.031486
0.036710
-0.002644
-0.022512
0.016304
-0.031550
-0.033585
-0.011234
-0.019491
-0.012408
-0.023793
-0.024393
-0.012022
-0.008516
-0.025524
-0.014238
-0.017048
-0.015740
-0.011642
-0.023274
-0.020483
-0.014228
-0.012833
-0.011811
-0.006268
-0.015308
-0.014317
-0.013510
-0.010371
-0.011808
-0.014551
-0.013411
-0.011503
-0.004627
-0.009380
-0.012304
-0.019627
-0.012737
0.000375
0.000715
-0.007177
-0.033514
0.001675
0.035992
-0.024734
-0.064682
-0.061150
-0.003665
0.044008
-0.019606
0.009278
0.007723
-0.094400
0.030444
-0.027574
-0.072708
0.072652
-0.047690
0.040790
0.114562
-0.047807
-0.099697
-0.082550
0.052164
0.016085
-0.066820
-0.010287
0.042283
0.221550
0.211906
-0.042729
-0.050221
0.024212
0.035425
0.158206
-0.007364
0.003728
0.231245
0.024723
-0.115483
-0.120484
-0.188433
-0.116857
-0.042690
-0.009318
0.092872
-0.016042
-0.086018
0.014433
-0.027476
-0.007872
-0.022242
-0.016713
0.047776
-0.002284
-0.059594
-0.067561
-0.070772
-0.075953
-0.044214
-0.039883
-0.012584
-0.025445
-0.039700
-0.002812
0.009892
0.013699
-0.005130
-0.013791
-0.003298
0.004949
-0.002560
-0.000589
0.004779
0.003538
0.000437
-0.006685
0.000522
-0.004879
-0.005046
0.000096
0.002819
0.001538
-0.005155
-0.009491
-0.013238
-0.008702
-0.008580
-0.005524
-0.005435
-0.008271
-0.000790
-0.000678
-0.001116
-0.000814
-0.008905
-0.009196
-0.000521
0.013847
0.017473
-0.009995
-0.027850
-0.008704
-0.015320
-0.020906
0.003471
0.010380
0.044525
0.030845
-0.026282
-0.019230
0.011482
0.053493
0.038297
0.017162
0.051424
-0.028659
-0.093595
-0.003527
0.024846
0.019990
0.035493
0.073631
0.069466
0.039571
0.061491
-0.043268
0.062288
0.208408
0.066401
0.034080
0.028221
-0.026698
-0.181340
-0.126156
0.053753
-0.073822
-0.058947
0.056336
0.036619
0.004947
-0.065961
-0.089093
0.091573
0.058002
-0.050801
0.016617
-0.005711
-0.015307
-0.085317
-0.130839
-0.016763
0.011570
-0.023809
0.020425
0.063115
0.078940
0.065533
-0.007424
0.003936
0.012726
-0.025337
-0.034141
-0.037879
-0.010417
-0.012641
-0.015096
-0.005090
0.003412
-0.007485
-0.008777
-0.005531
-0.005301
-0.002637
-0.007457
-0.004824
-0.008817
-0.014761
-0.017147
-0.017770
-0.011943
-0.010254
-0.004786
0.000074
-0.003066
-0.004275
-0.002264
-0.001806
-0.004575
-0.002821
-0.002273
-0.002281
-0.002969
-0.004616
-0.008972
-0.008769
-0.003413
-0.001992
-0.003705
0.007840
0.011971
-0.001642
-0.005342
-0.005139
-0.011972
-0.007778
0.002715
-0.003273
-0.003354
-0.004968
-0.012128
-0.012426
-0.017324
-0.016340
-0.006028
-0.002512
-0.000660
0.000715
0.000476
0.003594
0.005030
0.004613
0.004688
0.001847
-0.000002
-0.000121
0.000240
-0.000313
0.001005
0.001030
0.000167
0.001908
0.001185
0.000612
0.002006
0.003557
0.003415
0.002173
0.003621
0.001514
-0.001534
-0.001189
-0.001092
-0.001044
-0.000472
0.000704
0.001120
0.002309
0.001846
0.001912
0.001337
0.001169
0.000539
0.000150
0.000476
0.000817
0.000555
0.001017
0.001164
0.001521
0.001482
0.001444
0.001280
0.001296
0.001093
0.000837
0.000851
0.000959
0.001063
0.001190
0.001112
0.001062
0.000896
0.000890
0.000888
0.000737
0.000617
0.000689
0.000785
0.000827
0.000885
0.000826
0.000644
0.000447
0.000239
0.000142
0.000101
0.000176
0.000295
0.000363
0.000367
0.000314
0.000298
0.000234
0.000220
0.000255
0.000351
0.000446
0.000491
0.000525
0.000531
0.000411
0.000291
0.000243
0.000060
-0.000004
0.000087
0.000169
0.000103
0.000183
0.000127
-0.024767
-0.026081
-0.014542
0.002174
0.008684
0.004956
0.054005
-0.041660
-0.045007
0.071930
-0.010836
-0.052077
-0.017958
-0.008214
0.006375
0.013299
0.105302
0.131026
0.060279
-0.072116
-0.082254
-0.075268
-0.068436
-0.045663
0.048762
0.023521
0.037685
0.221573
-0.046048
-0.057935
-0.102731
-0.334053
0.087861
0.178371
-0.136137
0.161198
0.301488
-0.218639
-0.318151
-0.234619
-0.054694
0.018752
-0.533881
0.012931
0.334336
-0.187171
0.035378
0.054883
-0.120042
-0.015622
-0.272830
-0.105683
0.286519
0.159812
0.141557
0.213659
0.196537
0.162423
0.056573
0.009119
0.197503
0.087815
-0.111167
0.023189
0.018072
-0.084150
-0.091398
-0.086951
0.013991
0.029005
-0.036917
-0.002933
0.051823
0.007678
0.005591
0.000202
0.010722
0.024776
0.016837
0.010874
0.009437
0.008110
-0.011134
-0.004237
-0.007140
-0.000007
0.005320
0.014388
0.017927
0.015770
-0.000263
-0.010413
-0.003437
-0.004973
-0.003565
0.000578
-0.005009
0.013452
-0.000130
-0.013058
0.004883
-0.000060
0.015118
0.005202
-0.016228
0.022486
0.009364
-0.014619
0.026454
0.024780
0.068623
-0.002331
-0.029585
0.042698
-0.013583
-0.024731
-0.023197
0.034553
0.141364
-0.042179
-0.110867
0.111778
0.130097
-0.136116
-0.038693
0.162105
-0.038471
0.133203
0.137052
0.026721
0.047073
-0.299677
-0.178464
-0.169805
-0.273145
0.315753
0.286315
-0.265112
0.042053
0.306054
-0.109975
-0.281963
-0.303621
-0.131424
-0.057656
-0.251260
0.249781
0.484693
0.025925
0.204874
0.276080
0.124399
0.120876
0.042585
0.146760
0.063476
-0.075864
0.074077
0.151697
-0.218486
-0.222572
-0.009031
-0.133045
-0.011645
-0.001749
-0.007082
0.023148
-0.002158
0.043324
0.007119
-0.054616
-0.050688
0.006520
-0.064705
-0.054214
-0.012499
-0.037415
-0.034560
-0.049996
-0.029378
-0.014701
-0.018063
-0.027590
0.000912
-0.027242
-0.040847
-0.007494
-0.021841
-0.025735
-0.023745
-0.017583
-0.018674
-0.025589
-0.028088
-0.018633
-0.014831
-0.011578
0.002590
-0.003919
-0.000990
0.002985
0.022652
-0.014894
-0.035718
-0.002609
-0.020123
0.006714
-0.004688
0.017855
0.043496
-0.062558
-0.026739
0.015519
-0.039933
-0.054268
-0.063842
0.065588
0.010853
-0.088090
0.077295
0.112181
0.064244
0.066793
0.170690
0.217753
-0.012588
-0.128692
0.041541
0.099899
-0.056392
-0.112835
-0.186298
-0.151770
-0.165337
-0.137044
0.066927
0.033699
0.150232
-0.174011
-0.145021
0.215897
-0.216086
-0.229651
-0.136740
-0.101709
-0.305771
-0.352456
0.009589
0.087498
0.061142
0.055378
0.269310
0.197889
0.178827
0.164221
0.193050
0.259005
0.113685
0.025606
-0.084290
0.074372
0.110982
0.023741
0.067593
0.099736
0.073871
-0.033021
-0.017248
-0.007142
-0.019645
-0.076992
-0.028995
-0.012822
-0.055396
-0.029174
-0.039237
-0.019390
-0.027371
-0.030531
-0.031571
-0.006164
-0.000210
-0.004500
0.001304
-0.005807
-0.010634
-0.022045
-0.023761
-0.024143
-0.018094
-0.016294
-0.023884
-0.020627
-0.021417
-0.014194
-0.014907
-0.018423
-0.013581
-0.003286
0.000210
-0.026883
0.017503
0.051660
-0.027185
-0.020591
0.055292
-0.022131
-0.016314
0.053424
0.006254
0.012767
-0.004723
-0.024379
0.007701
-0.061349
-0.067414
0.116713
-0.072034
-0.071851
0.186528
-0.240760
-0.082172
0.158126
-0.145889
-0.155176
-0.226078
-0.181800
0.084409
-0.050127
-0.011747
0.399889
-0.012278
-0.186026
-0.008240
0.000420
0.035682
-0.174305
0.008847
0.124521
-0.274613
-0.243528
-0.017882
-0.158227
-0.196378
-0.030911
0.180770
0.239981
-0.060719
0.022915
0.268741
-0.090022
-0.079723
0.065588
0.014806
0.119307
-0.022465
0.027973
0.126679
-0.031305
0.051318
0.079865
-0.020793
0.090558
0.063888
-0.018341
0.137136
0.072484
0.056671
0.083760
0.020291
0.068142
0.051377
0.034526
0.030700
0.019475
-0.005718
0.024600
0.030937
0.024211
0.010350
0.000111
0.018198
0.010959
0.008304
-0.007520
0.000109
0.003618
-0.002366
0.011609
0.011590
0.003297
0.004793
0.004257
0.000129
0.003972
0.004557
0.005050
0.021008
-0.006670
0.002295
0.033115
0.006832
-0.020336
-0.003419
0.039372
-0.005512
-0.039534
0.030026
0.005010
-0.024270
0.060270
-0.001753
0.021192
0.093829
-0.076391
0.040473
0.004390
-0.257860
0.031248
-0.075127
-0.126280
0.330019
0.066522
0.028404
0.076201
-0.246059
0.065902
-0.154898
-0.027840
0.436322
0.072826
0.322689
0.364186
-0.126824
-0.019516
0.123621
0.032017
0.038849
0.005290
0.170239
-0.019369
-0.183822
0.077739
-0.086085
-0.028639
-0.241185
-0.112506
0.170613
-0.205222
0.168050
0.112774
0.019668
0.083420
-0.249285
0.032090
0.088264
-0.224264
0.006485
0.055514
-0.079943
-0.048309
-0.226770
-0.027745
0.077094
-0.194952
-0.091586
-0.054126
-0.110021
-0.005594
-0.071420
-0.038456
0.038619
-0.067883
-0.015006
0.041393
-0.006036
0.026946
-0.017815
-0.002330
0.037260
-0.013046
-0.009610
0.015068
-0.002793
0.003188
-0.012734
-0.018577
-0.001337
-0.021698
-0.015104
-0.002918
-0.002028
-0.004068
-0.020103
-0.017986
-0.002335
-0.011308
-0.011469
-0.014903
-0.018662
-0.034662
-0.016974
0.021584
0.005906
0.006955
-0.005231
-0.031836
-0.036860
-0.056755
-0.004530
0.017699
-0.040909
0.016972
0.054768
-0.026020
-0.014411
0.127200
-0.009930
0.068107
0.024554
-0.193854
0.080349
0.006333
0.086113
0.172519
0.006113
0.149605
0.076793
-0.085054
-0.135517
-0.162945
-0.061925
-0.018780
-0.052299
0.050443
0.140574
0.001088
-0.184304
-0.277177
-0.192204
-0.330874
-0.374857
-0.144929
-0.101633
0.055822
0.081000
-0.048371
0.171445
0.064934
-0.131233
0.036347
-0.141855
-0.023377
0.127530
0.063462
0.328141
0.162137
0.039747
0.202320
0.069804
0.123092
0.153017
0.057348
0.119517
0.119868
0.096518
0.070838
-0.031523
-0.021538
-0.040994
-0.060013
-0.008590
-0.035470
-0.034040
-0.035172
-0.022440
0.023589
0.004933
-0.009032
0.020792
0.011127
0.016441
0.018886
-0.006153
0.011828
-0.003499
-0.014918
0.008540
-0.006016
-0.008210
0.000769
-0.012202
-0.012184
-0.004730
-0.002115
0.002132
0.000528
0.010393
0.005537
-0.008729
0.002799
0.006862
0.007860
-0.002508
0.025066
0.042536
0.066775
-0.031713
-0.049542
0.042977
-0.031052
0.007872
0.049495
0.029787
-0.055646
-0.055110
0.005490
-0.008008
0.125764
0.096858
-0.070842
-0.026825
-0.016855
0.025429
-0.029093
-0.070318
0.311557
0.098352
-0.208760
0.119621
-0.078866
-0.275477
0.021934
-0.244861
0.056295
0.452677
-0.396659
-0.032502
0.216077
-0.099623
0.059151
-0.226785
0.063202
0.129346
-0.093485
0.061992
0.212167
-0.035857
-0.091239
0.103187
-0.010522
0.189823
0.201530
0.150641
0.197923
0.116601
0.124477
0.150566
-0.027622
-0.193211
-0.053319
-0.074292
-0.097024
-0.030036
-0.030656
-0.029969
0.023051
0.016033
-0.019193
-0.021677
-0.068855
-0.032475
-0.056263
-0.069249
-0.022104
-0.036285
-0.054780
-0.040583
-0.032338
-0.044200
-0.030562
-0.029863
-0.021236
-0.026613
-0.026042
-0.012227
-0.009613
-0.017546
-0.033003
-0.027301
-0.025379
-0.035683
-0.032789
-0.025381
-0.022452
-0.015312
-0.017016
-0.018236
-0.002508
-0.014259
-0.026776
-0.011900
-0.006985
0.008843
-0.021309
-0.025626
0.011706
-0.050428
-0.023989
0.062054
-0.049554
-0.069298
-0.009971
-0.190369
-0.083814
0.036417
0.082570
0.063440
-0.079851
0.050194
-0.069955
-0.122970
0.039368
-0.066814
-0.124936
-0.106959
0.065176
0.219190
-0.230429
-0.057019
0.317864
-0.196231
-0.190080
0.203339
-0.010877
0.171958
0.420645
0.088848
0.351869
0.382409
0.115961
0.284204
0.018830
0.134913
0.095541
-0.399249
-0.239672
-0.125361
-0.233824
-0.270216
-0.162922
-0.149380
-0.052004
-0.036159
-0.059285
0.022967
-0.077107
-0.056199
0.151001
0.166601
0.011954
0.122342
0.162547
0.044939
0.060496
0.075859
0.048700
0.006650
-0.027866
0.004259
0.049103
-0.080294
-0.076663
0.014798
-0.077309
-0.049326
-0.028679
-0.046346
-0.025726
-0.045080
-0.058115
-0.011109
-0.030683
-0.050373
-0.008488
-0.032248
-0.019477
-0.008735
-0.018554
-0.013201
-0.002545
-0.015899
-0.016341
-0.011944
-0.011367
-0.005345
-0.022207
-0.022069
-0.020849
-0.016920
-0.022214
-0.020610
-0.023902
-0.027700
-0.005661
-0.007380
-0.000429
-0.035305
-0.015702
0.070665
-0.026105
-0.080952
-0.055722
-0.035748
0.042466
-0.029734
0.039629
0.122480
-0.225525
-0.028806
0.090349
-0.162862
0.189212
-0.033842
-0.056410
0.236541
-0.043970
-0.004487
-0.092789
0.015581
0.033815
-0.227027
0.094138
0.107900
0.129645
0.322103
0.091520
0.014569
0.084289
-0.081533
0.178245
0.165214
0.039064
0.412683
-0.072611
-0.278521
0.014197
-0.176620
-0.237368
-0.264746
-0.162554
0.134915
-0.038506
-0.153991
0.134243
-0.134141
-0.161296
0.105462
0.012894
0.063119
-0.070934
-0.138372
-0.007621
-0.047949
-0.147800
-0.123449
-0.134552
-0.092358
-0.031151
-0.067907
0.006060
-0.000873
-0.025832
0.010433
0.017185
0.041068
0.030623
0.012360
0.033221
0.039702
0.014483
0.010662
0.003593
0.018495
0.024738
0.012872
0.025614
0.025555
0.019887
0.012245
0.014454
0.010176
0.005451
0.007730
0.010826
0.009180
-0.008915
-0.003557
-0.003379
-0.011823
0.001024
-0.008124
-0.011281
-0.006048
0.010362
0.029167
-0.006009
-0.044176
-0.018911
-0.031636
-0.062480
0.012472
0.026189
0.037712
0.040403
-0.053976
-0.020981
0.006513
0.058521
0.082705
0.023407
0.115646
0.001843
-0.198151
0.009367
0.088520
-0.008520
0.033301
0.118039
0.122671
-0.018128
0.162836
0.087782
-0.007782
0.320009
0.104436
0.056322
0.152916
0.054883
-0.261213
-0.382292
0.178942
-0.107914
-0.324067
0.105585
0.054218
-0.166103
-0.116942
0.015856
0.124139
-0.053879
-0.174799
0.149157
0.028266
-0.074143
-0.065767
-0.223025
-0.031646
-0.072457
-0.149696
0.058098
0.093392
0.067802
0.093190
0.047218
0.063738
0.076101
-0.062826
-0.021774
0.008479
-0.024594
-0.022184
-0.027651
-0.003579
0.000708
-0.037130
-0.024129
0.011036
-0.000791
-0.001003
0.007040
0.014879
0.008839
-0.010783
-0.007148
-0.005022
-0.009517
-0.011048
-0.014606
-0.005154
-0.008165
-0.013508
-0.007671
-0.001160
-0.006210
-0.000263
0.006121
0.002393
-0.007180
-0.006858
-0.008397
-0.021137
-0.011240
0.001103
-0.007228
0.007145
0.023896
-0.002484
-0.013405
-0.000945
-0.013769
-0.022628
0.009549
0.011145
-0.003385
-0.007004
-0.011697
-0.009016
-0.017034
-0.011917
-0.000884
-0.007819
-0.003534
0.008649
0.007717
0.011672
0.009292
0.000620
0.006262
0.005483
0.003819
0.008365
0.005123
0.002133
0.004511
0.002030
-0.005343
-0.003188
-0.002330
-0.002840
-0.001621
0.000615
0.000445
-0.003341
0.000292
0.001260
0.000636
0.006935
0.007709
0.003731
0.001668
0.002291
-0.001140
-0.002175
0.005949
0.003884
-0.002552
0.000706
0.003844
0.000957
0.001534
0.002308
0.003351
0.003662
0.002190
0.001220
0.000754
-0.000440
-0.002364
-0.004443
-0.002711
-0.000422
0.000257
0.000760
0.001792
0.002263
0.001568
0.000967
0.000816
0.000755
0.000627
0.000372
0.000395
0.000779
0.001133
0.001288
0.001414
0.001242
0.000770
0.000612
0.000643
0.000616
0.000628
0.000568
0.000378
0.000089
-0.000024
-0.000020
-0.000093
-0.000205
-0.000316
-0.000508
-0.000604
-0.000457
-0.000299
-0.000136
-0.000068
-0.000392
-0.000602
-0.000424
-0.000239
-0.000107
-0.000001
-0.000111
-0.000309
-0.000135
0.000250
0.000275
0.000433
0.000630
0.000314
-0.000118
0.000102
0.000323
0.000369
0.000766
0.000744
0.000231