-0.018761
-0.013985
-0.010615
-0.011683
-0.010267
-0.010110
-0.008503
-0.008365
-0.007664
-0.006466
-0.007911
-0.007514
-0.007689
-0.007478
-0.008060
-0.006294
-0.003259
-0.005213
-0.004534
-0.006421
-0.010186
-0.009163
-0.007956
-0.004730
-0.004362
-0.002230
0.002106
-0.002746
-0.000550
0.008191
-0.000411
-0.006434
-0.002223
-0.000235
0.007368
0.019038
0.020476
0.017264
0.018929
0.009612
-0.006844
-0.011725
-0.016906
-0.021415
-0.005824
0.000033
0.012604
0.036886
0.010725
-0.007892
-0.016887
-0.044779
-0.016910
0.001311
-0.041686
-0.017427
0.026854
-0.015843
-0.035332
-0.049396
-0.085458
-0.068729
-0.068377
-0.070206
-0.037502
-0.008367
0.018278
0.000612
-0.030986
-0.028384
-0.035369
-0.038697
-0.020104
0.010762
0.027243
0.052326
0.081499
0.063242
0.048991
0.045338
0.030369
0.019760
0.007681
-0.007227
-0.011448
0.008361
0.015826
0.010819
0.013334
0.017052
0.025639
0.026861
0.019256
0.017051
0.012665
0.008038
0.003474
-0.002104
-0.001610
0.001510
0.007113
0.010361
0.011724
0.008036
0.007580
0.008467
0.006809
0.006851
0.005263
0.005619
0.005202
0.003599
0.002043
0.000388
0.002883
0.003427
0.002372
0.003890
0.004396
0.004657
0.005629
0.004632
0.003884
0.003287
-0.002153
-0.001250
0.001622
0.002058
0.005602
0.005284
0.009312
0.006734
0.002541
0.003471
-0.003476
-0.001314
0.000103
0.006034
0.017781
0.008226
0.000242
0.019243
0.027803
0.005643
0.010206
0.023410
0.015743
0.052668
0.043567
-0.006511
-0.004257
-0.019868
-0.036579
-0.040656
-0.044411
-0.005137
0.020457
0.005370
0.024162
0.042188
-0.004514
-0.043075
-0.069945
-0.100649
-0.062107
-0.016988
-0.004713
0.022741
0.072285
0.122835
0.120856
0.081623
0.036470
0.015321
0.026869
0.014758
-0.005304
-0.018565
-0.007310
0.014231
0.026870
0.017797
-0.005295
0.009926
0.025126
0.018552
0.013490
0.009384
0.002178
-0.005067
-0.006612
-0.020311
-0.030384
-0.020886
-0.021044
-0.020119
-0.011799
-0.009787
-0.009100
-0.012114
-0.014240
-0.018030
-0.018854
-0.019722
-0.022416
-0.022245
-0.024865
-0.020653
-0.018000
-0.016843
-0.015132
-0.015765
-0.013642
-0.013599
-0.012636
-0.013343
-0.014529
-0.014619
-0.014617
-0.011021
-0.010882
-0.009100
-0.010888
-0.013868
-0.011913
-0.012552
-0.007358
-0.009547
-0.012495
-0.009623
-0.014922
-0.010077
-0.010231
-0.016926
-0.019444
-0.016760
-0.001108
0.000900
0.000705
0.017609
0.028594
0.041007
0.044349
0.039432
0.034283
0.022484
0.010832
0.007857
0.003350
-0.011544
-0.031013
-0.052555
-0.042986
-0.021337
-0.015509
-0.018664
-0.019329
0.009805
-0.006406
-0.017635
-0.017124
-0.072009
-0.084448
-0.074101
-0.093439
-0.117531
-0.097308
-0.058146
-0.024829
0.027371
0.035531
0.022710
0.050735
0.077650
0.061687
0.037963
0.023519
0.015742
0.015161
0.011310
0.012584
0.029232
0.048515
0.064642
0.071567
0.056627
0.049941
0.042698
0.025353
0.010903
0.000507
-0.008110
-0.013953
-0.002354
0.003534
0.006451
0.012720
0.012465
0.007297
0.000817
-0.003286
-0.006860
-0.007821
-0.009209
-0.012877
-0.012632
-0.012846
-0.012152
-0.010687
-0.009688
-0.006114
-0.005855
-0.005258
-0.006546
-0.006992
-0.007753
-0.010522
-0.010215
-0.010242
-0.008362
-0.009120
-0.005647
0.000418
-0.006653
-0.005579
0.000917
-0.005022
-0.003913
-0.000013
-0.010392
-0.011239
-0.004825
-0.014844
-0.015267
-0.013145
-0.019402
-0.004547
-0.013450
-0.015899
0.002231
-0.027291
-0.019145
0.000949
-0.041598
-0.062492
-0.051732
-0.051103
-0.018161
0.005916
-0.009185
0.007038
0.021821
0.010417
-0.003681
-0.019126
-0.047629
-0.055662
-0.034587
-0.052191
-0.077554
-0.060088
-0.050726
-0.047579
-0.020135
-0.022103
-0.016102
0.015864
0.014802
0.009769
0.017357
-0.009062
-0.017887
-0.016334
-0.034484
-0.011038
0.008832
0.010154
0.023818
0.041841
0.045425
0.033605
0.024199
0.019972
0.020062
0.031203
0.036043
0.028229
0.033292
0.041113
0.046061
0.044354
0.039177
0.036536
0.035281
0.034031
0.032015
0.024377
0.018875
0.025966
0.027499
0.026508
0.025649
0.021185
0.020005
0.019507
0.017236
0.014971
0.013072
0.011949
0.012028
0.011781
0.009905
0.008750
0.007850
0.008402
0.009007
0.008294
0.009895
0.007783
0.008199
0.011581
0.008470
0.004866
0.004766
0.008269
0.003545
-0.000827
0.003944
0.000346
0.001926
0.012747
0.004332
0.005732
0.020859
-0.000174
-0.003438
-0.007583
-0.041641
-0.018155
-0.006726
-0.008857
0.034711
0.026287
0.012505
0.024894
0.005247
0.005240
-0.002598
0.013207
0.041830
0.050773
0.090491
0.084036
0.047808
0.059003
0.069719
0.045109
0.014201
0.003103
0.012614
0.017666
0.045258
0.035850
-0.011147
0.011240
0.003897
-0.006728
0.005088
-0.015065
0.012704
0.035374
0.032896
0.017209
-0.026333
-0.023241
-0.010373
-0.021290
-0.026951
-0.043148
-0.036293
-0.019323
-0.021835
-0.028584
-0.036888
-0.038322
-0.037510
-0.041109
-0.047739
-0.043516
-0.040273
-0.035887
-0.023871
-0.025671
-0.023029
-0.021430
-0.019511
-0.013640
-0.015789
-0.016183
-0.019094
-0.019858
-0.015385
-0.016227
-0.013624
-0.011390
-0.013704
-0.012901
-0.011375
-0.009657
-0.009333
-0.009871
-0.012160
-0.010734
-0.010826
-0.010642
-0.008225
-0.009136
-0.008288
-0.008483
-0.008247
-0.008979
-0.006196
-0.001249
-0.003613
-0.001611
-0.003324
-0.008067
-0.008662
-0.014924
-0.014014
-0.012212
-0.011976
-0.003291
0.005246
0.001840
0.006111
0.019948
0.002757
0.005017
-0.000324
-0.023039
0.006400
0.019022
0.018712
0.022755
0.022840
0.032252
0.033566
0.013477
-0.030513
-0.045340
-0.023592
-0.017217
-0.017735
-0.021925
-0.017653
0.005530
-0.007270
-0.056513
-0.096289
-0.121087
-0.114305
-0.090343
-0.087290
-0.066426
-0.019279
0.002646
0.029907
0.018434
-0.032988
-0.045757
-0.051330
-0.039437
-0.020660
-0.013394
0.013380
0.042704
0.075020
0.083566
0.063330
0.055210
0.048057
0.047597
0.047085
0.037815
0.033932
0.032243
0.037858
0.042933
0.029361
0.017600
0.016376
0.014137
0.018879
0.023369
0.015849
0.015367
0.018040
0.014701
0.013842
0.011484
0.008212
0.006814
0.006750
0.006044
0.004934
0.004318
0.002439
0.002689
0.004476
0.005895
0.005160
0.003949
0.003945
0.004037
0.004398
0.002968
0.003622
0.003294
0.003072
0.004964
0.004817
0.004652
0.005327
0.006343
0.005890
0.007707
-0.001820
-0.007475
0.000252
-0.002418
-0.002286
-0.000779
-0.007225
-0.012066
0.002597
0.009135
0.003748
0.018202
0.013471
-0.005616
0.007022
0.008723
0.003802
0.005974
0.006554
0.035026
0.031272
0.005665
0.009190
-0.018330
-0.031208
0.006741
-0.030764
-0.034122
0.025696
-0.018662
-0.005359
0.044422
0.013060
-0.009391
-0.014312
-0.026092
-0.023281
0.024435
0.009324
-0.021980
0.013100
0.033013
0.039794
0.037120
0.021996
0.038233
0.075533
0.088253
0.070499
0.046844
0.030297
0.021497
0.014530
-0.012986
-0.025120
-0.017507
-0.000430
0.023431
0.022659
0.027120
0.028204
0.018502
0.007243
-0.006817
-0.021818
-0.033854
-0.031986
-0.034698
-0.032062
-0.019585
-0.015414
-0.013866
-0.012525
-0.013677
-0.017152
-0.020264
-0.022145
-0.026926
-0.026792
-0.026047
-0.025508
-0.024119
-0.024159
-0.021597
-0.022541
-0.020082
-0.018343
-0.017321
-0.015820
-0.017867
-0.017663
-0.019126
-0.019286
-0.019852
-0.018861
-0.015964
-0.015827
-0.018238
-0.019418
-0.016502
-0.018392
-0.016078
-0.009117
-0.025024
-0.029775
-0.026382
-0.044057
-0.033568
-0.013402
-0.008519
-0.011851
-0.011084
-0.004305
-0.012445
-0.012606
-0.023564
-0.051330
-0.041981
-0.023666
-0.008328
0.003904
-0.027933
-0.009132
0.034859
0.003118
-0.008134
0.007472
-0.008979
0.052964
0.130916
0.065927
0.063538
0.129917
0.114137
0.103074
0.074581
0.008044
-0.018718
-0.001071
-0.026635
-0.067560
-0.058581
-0.050905
-0.022396
0.008563
-0.007188
-0.007420
0.001822
-0.001040
0.003113
-0.006157
-0.019877
-0.011888
0.001420
0.011594
0.027513
0.025544
0.019174
0.029083
0.018591
0.009855
0.012987
-0.002488
-0.005546
0.000093
-0.001582
-0.005246
-0.003441
-0.005406
-0.009765
-0.006445
-0.007432
-0.009386
-0.012269
-0.015808
-0.018430
-0.018798
-0.018664
-0.019499
-0.019115
-0.018889
-0.017641
-0.015480
-0.017392
-0.018280
-0.017959
-0.017099
-0.015554
-0.017727
-0.019799
-0.020408
-0.019296
-0.017466
-0.015496
-0.015657
-0.016267
-0.011628
-0.008234
-0.006973
-0.003883
-0.006318
-0.003281
0.003835
-0.007134
-0.018548
-0.021015
-0.016745
-0.004273
-0.008822
-0.015622
-0.014078
-0.031109
-0.003879
0.001633
-0.032286
-0.009289
-0.013357
-0.008203
0.026841
0.008588
-0.019099
-0.019786
0.012367
0.001917
-0.019031
0.008811
0.007392
0.056242
0.111440
0.054409
0.021497
0.048519
0.048066
0.063924
0.050315
0.003812
0.030238
0.051011
0.024162
0.002203
-0.038975
-0.063998
-0.034191
-0.015421
-0.025985
-0.032002
-0.016525
0.004782
0.012640
0.012843
-0.021130
-0.049759
-0.038490
-0.032861
-0.041065
-0.049966
-0.056765
-0.057068
-0.051583
-0.049216
-0.046531
-0.047100
-0.039615
-0.022646
-0.016053
-0.013480
-0.017323
-0.025512
-0.022651
-0.014906
-0.011725
-0.010869
-0.011023
-0.008223
-0.003869
-0.000753
0.001302
0.002298
0.002806
0.004522
0.006758
0.006371
0.005674
0.002831
0.002783
0.004912
0.005000
0.004661
0.002629
0.001517
0.002552
0.003890
0.003635
0.003692
0.001668
0.001318
0.004032
0.005110
0.006411
0.002736
-0.003494
-0.001475
-0.002270
-0.003357
0.002040
0.000247
0.003387
0.009896
0.001446
0.000643
0.007223
0.015701
0.016956
0.006533
0.006877
-0.004086
-0.011595
0.011036
0.013036
0.006402
0.015862
0.030699
0.036655
0.040609
0.062675
0.039679
0.038221
0.085342
0.057616
0.027018
0.031132
0.009580
-0.026783
-0.017249
0.007720
-0.047302
-0.044470
0.012290
-0.006003
0.001665
0.030025
-0.003646
-0.011627
0.014371
-0.009005
-0.038470
-0.032741
-0.029820
-0.041042
-0.044614
-0.039079
-0.039811
-0.031568
-0.011677
0.001603
0.016274
0.028422
0.021009
0.010703
-0.001384
-0.012032
-0.022757
-0.030200
-0.026665
-0.020625
-0.011353
-0.001347
0.003868
0.004296
0.005849
0.003303
-0.000073
-0.000569
-0.007116
-0.011036
-0.009417
-0.010007
-0.009131
-0.008707
-0.005616
-0.003907
-0.004019
-0.002426
-0.003957
-0.004411
-0.004416
-0.004812
-0.005116
-0.004681
-0.002924
-0.004036
-0.003598
-0.003143
-0.003866
-0.002885
-0.000726
0.002162
0.000506
0.001291
0.001641
-0.001971
-0.002219
-0.002811
-0.005569
-0.006209
-0.003368
-0.006693
-0.009323
-0.004993
-0.005961
-0.006513
-0.004660
-0.004686
-0.006818
-0.006817
-0.005100
-0.005438
-0.003868
0.000268
0.002444
0.002682
0.002423
0.000014
-0.001212
0.000352
0.000791
0.001379
0.001422
0.003896
0.002370
0.000379
0.002717
0.002474
0.001819
0.002082
0.002858
0.002832
0.003003
0.001429
0.001259
0.000834
0.000778
0.000430
0.000750
0.001406
0.001923
0.001620
0.001971
0.001889
0.001940
0.001520
0.001365
0.001060
0.001061
0.000895
0.000869
0.000986
0.001087
0.001097
0.001069
0.000995
0.000915
0.000821
0.000878
0.000879
0.000894
0.000901
0.000892
0.000822
0.000802
0.000806
0.000768
0.000790
0.000741
0.000615
0.000519
0.000454
0.000398
0.000300
0.000276
0.000297
0.000281
0.000335
0.000360
0.000328
0.000190
0.000159
0.000234
0.000389
0.000571
0.000637
0.000533
0.000345
0.000301
0.000195
0.000229
0.000348
0.000374
0.000265
0.000297
0.000164
0.068783
0.028702
-0.164394
0.071663
0.103152
-0.078199
-0.060972
-0.019251
0.090852
0.056283
0.031703
0.152591
0.218464
0.001195
-0.277872
-0.222403
-0.132008
0.006531
0.144023
0.226051
-0.017962
0.312813
0.040945
-0.442092
-0.093872
-0.472676
-0.027726
0.713585
-0.111931
-0.292357
0.668366
0.169814
-0.774473
-0.783760
-0.503072
0.809023
0.082496
-0.873856
0.492520
0.282067
-0.162242
-0.085628
-0.440022
0.094844
0.176706
-0.528474
0.011928
0.543046
0.399913
0.245374
0.202861
0.031610
0.021629
-0.082049
0.026672
0.538568
0.106284
-0.284652
-0.113554
-0.067409
0.009622
-0.039885
-0.026942
0.171728
0.178654
-0.066701
-0.107668
-0.059575
0.018767
0.060463
0.004321
-0.022403
0.012673
0.024611
-0.036020
0.001769
-0.000375
0.011403
0.011150
-0.008807
-0.008037
0.005606
0.007568
0.019026
0.023650
-0.004287
-0.004541
0.004482
-0.005567
0.003572
-0.005486
0.020298
0.034079
-0.040973
-0.022116
0.003863
0.026051
0.032089
-0.068279
-0.036876
0.054518
-0.023817
0.001903
0.011660
0.103893
0.123004
-0.118302
-0.026454
0.004313
-0.032792
-0.040229
-0.041473
0.280516
0.181408
-0.314690
-0.109151
0.362950
0.083534
-0.386058
0.119480
0.160566
0.224315
0.346359
-0.320632
0.047519
-0.112650
-0.472968
-0.134599
-0.581120
0.183631
1.220452
0.073299
-0.707307
0.226360
0.148832
-0.493938
-0.709314
-0.474048
0.557811
0.265054
-0.459593
0.425607
0.540358
0.345955
0.457366
-0.196847
-0.273572
0.010516
0.380371
0.358517
-0.135294
-0.339511
0.139859
0.268041
-0.342262
-0.087393
-0.112494
-0.006326
0.248062
-0.005598
-0.036484
-0.083399
-0.044320
-0.032879
-0.029560
-0.114635
0.015731
0.033281
-0.163536
-0.075602
-0.011474
-0.004610
-0.024433
-0.066553
-0.094486
-0.014684
-0.035065
-0.029712
0.008376
-0.057685
-0.028382
-0.013688
-0.023644
-0.021550
-0.004465
-0.015013
-0.014955
-0.025252
-0.046920
-0.031324
-0.013675
0.002274
-0.020435
-0.020032
-0.009306
0.035040
0.028932
-0.086208
-0.017882
0.003441
0.023288
0.012474
-0.059742
0.090751
-0.001186
-0.119140
0.008104
-0.042961
-0.036577
-0.089870
0.051577
0.209242
-0.159406
-0.090993
0.203214
0.245356
0.118285
0.016408
0.293389
0.199758
-0.278761
-0.272893
0.171212
0.195391
-0.091925
-0.333450
-0.264988
0.055252
-0.202012
-0.101814
0.021587
0.468591
0.313629
-0.743092
-0.083926
-0.178484
-0.375824
-0.010886
-0.043190
-0.095487
-0.771306
-0.343186
0.262928
0.588649
0.152770
-0.011154
0.319933
0.256026
0.152208
-0.137544
0.181095
0.368402
0.341405
-0.234376
-0.330300
0.208272
0.312617
0.296133
0.173411
0.156616
-0.031518
-0.164719
-0.199247
-0.005116
0.089470
0.018879
0.006099
-0.094164
-0.076500
-0.065404
-0.002060
-0.003509
0.014347
-0.025617
-0.076801
-0.061710
-0.051880
-0.021954
-0.016422
-0.002020
-0.023822
-0.036029
-0.041942
-0.024184
0.009640
0.004404
-0.007490
-0.027550
-0.023899
-0.024587
-0.037303
-0.023556
-0.007699
0.023673
-0.031982
-0.041055
0.092050
0.032807
-0.105344
0.037330
0.042127
-0.079618
0.046867
0.013723
-0.000679
0.047344
-0.082599
-0.045967
0.002602
-0.176587
0.118480
0.211583
-0.320544
0.256441
-0.026990
-0.539234
0.339207
0.016337
-0.289534
-0.292813
-0.406414
0.184093
0.404836
-0.370291
0.289948
0.690169
-0.289413
-0.384283
-0.406224
0.009566
0.132455
0.073021
0.276120
-0.162599
-0.678942
-0.364299
0.041709
0.014448
-0.022928
0.183464
0.562999
0.098581
-0.510951
0.054134
0.153692
-0.191556
0.105401
-0.034111
0.263555
0.260580
-0.249492
0.027875
0.122811
0.129351
0.189067
-0.052807
-0.086574
0.226140
0.043619
0.017304
0.120961
0.074933
0.212353
0.117695
0.033762
-0.017161
0.047383
0.061917
0.076173
0.024862
-0.045578
0.008716
0.044133
0.058577
0.027731
0.010654
-0.025074
0.009884
0.009524
0.005786
0.023496
-0.004901
-0.006304
-0.003652
-0.004054
0.000725
0.007722
-0.007045
-0.002453
0.011323
-0.010141
0.019814
0.006455
-0.039874
0.034657
0.042916
-0.029677
-0.050344
0.036172
0.062704
-0.078962
-0.046963
0.050173
-0.018259
0.075004
0.039047
-0.097650
0.199008
0.002111
-0.164493
0.152434
-0.411948
-0.204680
0.260168
-0.336048
0.363949
0.509301
-0.188689
0.202107
-0.417524
-0.298854
0.084491
-0.402486
0.717121
0.645840
0.288188
0.502042
-0.344582
-0.557446
0.112047
0.366202
0.197907
-0.045001
0.150223
0.325166
-0.331004
-0.290685
-0.310610
0.187483
0.320923
-0.425588
0.292370
-0.384759
-0.189378
0.545776
0.023775
0.296967
-0.460103
-0.526946
0.345325
-0.011799
-0.239849
0.029921
-0.018969
0.152226
-0.257512
-0.491089
0.090910
0.101468
-0.080117
-0.103363
-0.202022
-0.111638
-0.027631
-0.115259
0.097209
0.116787
-0.091590
-0.070508
-0.073665
0.034755
0.078011
-0.006452
-0.021275
-0.004167
-0.041255
-0.020869
0.016910
0.018345
0.024297
-0.011407
-0.007763
-0.006122
-0.008480
-0.015221
-0.005424
0.016915
0.003664
-0.031752
-0.012483
-0.000731
0.000407
-0.010894
-0.019214
-0.033455
-0.045264
0.030929
0.034633
0.012709
0.018334
-0.039599
-0.050310
-0.099479
-0.077651
0.083091
0.031787
-0.004170
0.092595
0.012474
-0.150573
0.138360
0.146721
-0.029429
0.216881
-0.412945
-0.124499
0.250143
0.006742
0.360597
0.033607
0.122539
0.318071
-0.134506
-0.526851
-0.467900
0.090238
0.388897
0.116755
-0.217468
0.004616
0.343348
0.004083
-0.699176
-0.638192
-0.279788
-0.270447
-0.028355
-0.130611
-0.052307
0.354301
0.005194
0.020758
0.231352
-0.426339
-0.206776
-0.033321
-0.119788
0.365714
0.030897
0.188293
0.519501
0.133477
0.176912
-0.011924
-0.081532
0.250151
0.308484
0.237463
0.098896
0.001711
0.024800
0.014316
0.062579
0.020130
-0.069068
-0.001468
-0.015396
0.033085
-0.006758
-0.104217
-0.030039
0.024984
0.009400
0.026682
0.015550
-0.029163
-0.003674
-0.021312
-0.011309
0.025485
-0.019324
-0.019044
-0.000334
-0.007118
0.006640
0.005041
-0.019991
-0.010192
0.003536
-0.000474
-0.005052
0.011517
0.022874
-0.011137
-0.008943
0.000905
0.025358
-0.001418
-0.002122
0.036240
0.093782
0.020051
-0.223898
0.009378
0.049261
-0.003294
0.069820
0.029735
-0.000251
-0.125336
-0.038718
-0.089262
0.125042
0.359372
-0.017473
-0.137202
-0.085733
-0.082462
0.060103
-0.244383
0.315522
0.826816
-0.291426
-0.395735
-0.091519
-0.422010
0.145549
-0.005139
-0.501023
1.071179
0.137288
-0.973153
0.320797
-0.094777
0.212416
-0.184360
-0.428825
0.468627
0.382438
-0.274736
-0.371722
0.258028
0.044102
0.332269
-0.005514
-0.317397
0.377894
0.554270
0.350769
0.023270
-0.197473
-0.015127
0.312489
-0.151909
-0.257637
-0.063450
-0.058044
0.035990
0.096736
-0.004955
0.002978
0.094319
-0.116650
-0.083119
-0.094723
-0.076954
-0.050904
-0.129425
-0.086363
-0.005872
-0.003566
-0.077309
-0.052967
-0.061988
-0.037750
-0.035049
-0.039413
-0.033554
-0.047375
-0.049037
-0.044058
-0.013776
-0.027019
-0.027083
-0.021290
-0.027479
-0.029003
-0.029573
-0.029883
-0.014685
-0.007746
-0.044091
-0.032959
-0.002822
-0.038261
-0.026197
-0.008467
0.014687
0.011358
-0.073022
0.003919
-0.009159
-0.094334
0.093084
0.046316
-0.181103
0.006247
-0.181384
-0.281742
0.110597
0.141764
0.278507
-0.093311
-0.091930
0.032501
-0.275561
-0.088034
-0.051613
-0.042326
0.021606
-0.025928
0.374568
-0.178304
-0.681010
0.629024
0.451233
-0.584709
-0.222418
0.013059
0.327008
1.134434
0.085516
-0.393449
0.757724
0.370556
0.343784
-0.029801
-0.523672
0.484002
0.134543
-0.661529
-0.506847
-0.151683
-0.150525
0.077818
0.120498
-0.253887
-0.044007
-0.149109
-0.124667
0.095244
-0.123768
-0.089217
0.299802
0.087828
-0.012427
0.291188
0.025242
-0.102664
0.049158
0.119977
0.101305
0.048048
-0.150873
-0.010098
0.087944
-0.159436
0.032300
0.034133
-0.060242
-0.014394
-0.046842
-0.048386
0.003585
-0.072343
-0.098232
-0.010480
-0.060050
-0.034588
-0.053233
-0.078671
-0.037832
-0.014243
-0.042566
-0.020546
-0.002674
-0.032121
-0.014526
-0.023319
-0.010501
-0.007266
-0.023162
-0.029147
-0.016153
0.002070
-0.022777
-0.017784
-0.043815
0.009162
0.030952
0.007001
-0.033849
-0.099180
0.118468
0.104295
-0.183332
-0.176385
-0.092655
0.159019
0.124213
-0.171995
0.200661
-0.071145
-0.331875
0.266124
-0.327796
0.038264
0.392035
-0.238315
0.416738
0.038282
-0.363973
-0.212164
-0.037545
0.492147
-0.214263
-0.267613
0.102243
0.325568
0.828261
0.106731
-0.479034
-0.002323
0.090096
0.233736
0.376015
-0.364850
0.533056
0.802600
-0.565401
-0.579959
-0.455683
-0.241693
0.150134
0.013071
0.083130
0.168766
-0.447114
-0.170461
0.243917
-0.226494
-0.066421
-0.049624
0.106457
0.177930
-0.201734
-0.374329
-0.210779
-0.083189
-0.044226
0.020694
-0.112457
-0.081768
-0.143361
-0.085842
0.083460
0.080680
0.001048
-0.067181
-0.016409
0.062969
0.073282
0.011970
0.023991
0.029041
0.038909
0.020294
0.004786
0.026333
0.022705
0.041384
0.029231
0.029295
0.015320
0.010364
0.025897
0.026108
0.026619
0.011924
0.015415
0.000437
-0.005111
0.018058
-0.002756
0.008740
0.004581
-0.028390
-0.015852
0.008438
0.057617
0.027766
-0.080214
-0.067487
0.016657
-0.066549
-0.040534
0.056613
0.068956
0.163360
-0.054080
-0.192362
-0.047676
0.075008
0.234191
0.050651
0.062636
0.150683
-0.327271
-0.298952
0.149216
0.143253
0.139508
0.137888
0.268836
0.002645
-0.068139
0.113930
-0.211162
0.559070
0.555617
-0.143400
0.013137
-0.037508
-0.073033
-0.722729
-0.052872
0.442134
-0.387097
0.020471
0.255396
0.014525
-0.297688
-0.469366
0.084377
0.567657
-0.162766
-0.232728
0.045635
-0.168824
-0.012289
-0.340326
-0.244867
0.177086
-0.011479
-0.096868
0.089413
0.202608
0.164176
0.004061
-0.159537
0.057032
0.076118
-0.090738
-0.062912
0.001636
0.017124
0.006888
-0.005754
0.013901
0.034868
-0.026149
-0.026740
-0.009923
-0.003994
-0.008556
-0.012956
0.004948
0.000436
-0.014887
-0.019556
-0.005757
0.010289
0.000462
-0.003515
-0.012469
-0.015351
-0.014875
-0.003325
-0.009676
-0.005057
0.004144
0.007256
0.006664
-0.007175
-0.003681
-0.013884
-0.011059
0.011070
0.000275
-0.002791
0.045428
0.020643
-0.038236
-0.031785
-0.013839
-0.032459
0.002864
0.030666
0.007986
0.008139
-0.025491
-0.033807
-0.028334
-0.033855
0.007107
0.031284
0.007676
-0.004433
-0.008991
-0.008731
0.017636
0.021172
0.014525
0.012895
0.002738
0.003527
0.006531
0.005246
0.006492
0.010455
0.004022
0.003587
0.003360
-0.000669
0.003030
0.004723
0.003073
0.001652
0.000022
-0.004133
0.000660
0.004331
0.004753
0.008275
0.008887
0.003706
-0.000912
-0.002012
-0.002092
-0.002858
0.003401
0.005796
0.000794
-0.000420
-0.000794
0.000538
0.002421
0.002262
0.002705
0.005841
0.004893
0.002952
0.000183
-0.001327
-0.003486
-0.005278
-0.004713
-0.000923
0.001944
0.003716
0.002924
0.002187
0.001809
0.001072
0.000152
0.000340
-0.000088
-0.000519
-0.000385
-0.000048
0.000514
0.001332
0.001340
0.001064
0.000703
0.000292
0.000126
0.000264
0.000370
0.000198
-0.000109
-0.000310
-0.000144
0.000201
0.000329
0.000006
-0.000435
-0.000861
-0.000898
-0.000578
-0.000137
0.000109
0.000063
-0.000292
-0.000707
-0.000795
-0.000560
-0.000336
-0.000327
-0.000438
-0.000634
-0.000533
-0.000022
0.000333
0.000300
0.000359
0.000013
-0.000489
-0.000490
-0.000161
0.000192
0.000774
0.000845
0.000329
-0.000165
-0.000487
-0.000439
-0.000141