-0.018620
-0.008383
-0.006968
-0.013707
-0.013884
-0.011713
-0.008953
-0.008513
-0.008887
-0.006391
-0.006268
-0.005418
-0.008841
-0.010313
-0.009156
-0.007146
-0.005130
-0.004870
-0.004862
-0.007907
-0.006321
-0.006231
-0.006174
-0.005634
-0.001773
-0.000874
-0.008194
0.000588
0.007293
-0.000561
-0.004745
-0.001262
0.000221
0.001338
0.011188
0.011652
0.015596
0.021517
0.009968
-0.001692
-0.005562
-0.008969
-0.011268
-0.001731
-0.001466
0.011897
0.015959
-0.003820
-0.000314
-0.014284
-0.018456
0.011241
-0.006238
-0.051485
-0.011343
0.024987
-0.027628
-0.042379
-0.035929
-0.035921
-0.042382
-0.059114
-0.062894
-0.059796
-0.033518
-0.023917
-0.024800
-0.003184
-0.003070
-0.038943
-0.050701
-0.018559
-0.012475
-0.012218
0.037457
0.066075
0.040121
0.025747
0.050199
0.065655
0.040006
0.017505
-0.000583
-0.007179
0.007930
0.011501
0.015250
0.026379
0.027086
0.013264
0.010906
0.014297
0.015427
0.016310
0.016221
0.013922
0.001067
-0.003968
0.002204
0.007299
0.008484
0.009116
0.012736
0.011440
0.007528
0.002953
0.004500
0.008124
0.007942
0.007336
0.004551
0.002159
0.000681
-0.001033
-0.000848
0.001901
0.005306
0.004920
0.004370
0.006271
0.007762
0.008054
0.002956
-0.001452
-0.000786
-0.001086
0.000746
0.003104
0.008355
0.009191
0.002436
0.003047
0.002446
-0.001137
-0.004468
-0.003030
0.013052
0.017861
-0.001150
-0.002757
0.023894
0.024476
-0.001303
0.013445
0.019254
0.020456
0.046914
0.027750
0.004663
0.008137
0.003354
-0.021942
-0.044575
-0.026236
0.004269
0.004604
-0.013569
0.013941
0.025493
-0.011752
-0.026015
-0.038901
-0.046953
-0.036186
-0.040809
-0.050377
-0.023390
0.044199
0.085831
0.086621
0.077238
0.043570
0.031699
0.050972
0.048393
0.001723
-0.021985
0.001563
0.017976
0.029861
0.013098
0.008571
0.021784
0.014183
0.009967
0.012328
0.012719
-0.003310
0.002061
0.006184
-0.012230
-0.018361
-0.014850
-0.018444
-0.030744
-0.017893
-0.004135
-0.005526
-0.008773
-0.015805
-0.017666
-0.015442
-0.014094
-0.019289
-0.025354
-0.027389
-0.024853
-0.020696
-0.020901
-0.018855
-0.013344
-0.011937
-0.013071
-0.015502
-0.014642
-0.011517
-0.013917
-0.015687
-0.015679
-0.010331
-0.007250
-0.010993
-0.011693
-0.013402
-0.012047
-0.011980
-0.013973
-0.011097
-0.011654
-0.013156
-0.010012
-0.009309
-0.014235
-0.018586
-0.010210
-0.001447
-0.010705
-0.010480
0.005758
0.023340
0.029807
0.031902
0.038568
0.034888
0.022150
0.010307
0.016581
0.019844
0.002838
-0.018731
-0.030913
-0.022246
-0.025815
-0.030403
-0.027825
0.000659
0.012640
-0.022617
-0.011694
-0.023951
-0.064067
-0.059539
-0.033193
-0.057936
-0.119335
-0.107172
-0.087013
-0.043744
0.002984
0.001515
0.002517
0.029218
0.049341
0.021076
0.032511
0.054025
0.037794
0.015589
0.008101
0.013043
0.013895
0.041889
0.069393
0.073579
0.053441
0.041596
0.042720
0.034490
0.031168
0.026604
0.011578
-0.002170
-0.006661
-0.010042
-0.003252
0.015392
0.021633
0.008427
0.002193
0.000707
-0.005599
-0.006575
-0.005526
-0.004636
-0.008638
-0.009571
-0.012972
-0.015171
-0.011924
-0.008815
-0.004558
-0.006949
-0.007330
-0.008673
-0.008907
-0.008754
-0.009504
-0.007957
-0.011087
-0.010866
-0.005051
-0.004392
-0.009022
-0.002854
0.000730
-0.007743
-0.003308
-0.000674
-0.007431
-0.006286
-0.005356
-0.013573
-0.015195
-0.013928
-0.011302
-0.005454
-0.016491
-0.003852
-0.006777
-0.031067
-0.006396
0.003241
-0.029660
-0.049675
-0.043419
-0.043316
-0.025644
-0.018189
-0.021957
0.006063
0.014931
-0.002686
-0.018327
-0.014470
-0.028466
-0.029173
-0.007992
-0.037514
-0.076247
-0.077393
-0.062069
-0.042172
-0.019083
-0.020911
-0.017234
0.000124
-0.022753
-0.021108
0.010107
0.007265
-0.002170
-0.011519
-0.013060
-0.009990
-0.016436
-0.014208
0.011880
0.040169
0.036371
0.033834
0.035991
0.022820
0.010021
0.023332
0.036864
0.024665
0.029386
0.043618
0.043005
0.035893
0.033564
0.036015
0.040742
0.044204
0.037075
0.028155
0.023670
0.027532
0.030075
0.027509
0.026644
0.023307
0.021033
0.022436
0.020305
0.016165
0.014252
0.012235
0.011396
0.010666
0.012643
0.013279
0.010960
0.008981
0.007242
0.008379
0.009815
0.009220
0.009130
0.011605
0.009336
0.005093
0.008682
0.008555
0.000603
0.000583
0.003975
-0.000171
0.004879
0.008023
-0.001037
0.009543
0.015530
0.004825
0.007607
-0.009069
-0.025602
-0.012968
-0.016142
-0.004861
0.022413
0.014653
0.010768
0.010634
0.008732
-0.003980
-0.006781
0.024156
0.031218
0.048903
0.070426
0.046050
0.021640
0.054130
0.087781
0.063114
0.044871
0.035992
0.013668
0.007582
0.028636
0.015337
0.011971
0.044965
0.027749
0.009622
-0.015851
-0.023989
-0.008614
0.025170
0.057194
0.011230
-0.018822
-0.010557
-0.004091
-0.015098
-0.027527
-0.018280
-0.019275
-0.027644
-0.036776
-0.031487
-0.022702
-0.026540
-0.029783
-0.036156
-0.048361
-0.053602
-0.051021
-0.033472
-0.021196
-0.030929
-0.034792
-0.027975
-0.023641
-0.021850
-0.013763
-0.009408
-0.014192
-0.025620
-0.025372
-0.015720
-0.011709
-0.008182
-0.012932
-0.013857
-0.012324
-0.014134
-0.012560
-0.012622
-0.011050
-0.010912
-0.010188
-0.010244
-0.009134
-0.008163
-0.008335
-0.005939
-0.008605
-0.010357
-0.006027
-0.003908
-0.003775
-0.002433
-0.002092
-0.004549
-0.009349
-0.013340
-0.013852
-0.013554
-0.010347
-0.004558
-0.003401
-0.009731
0.002511
0.013682
0.007983
0.014895
-0.006654
-0.018306
0.003192
0.013413
0.014194
0.013569
0.026859
0.032488
0.032832
0.008226
-0.028744
-0.017288
0.003807
0.000150
-0.023136
-0.029742
-0.016035
-0.001800
-0.009595
-0.039780
-0.062805
-0.081681
-0.083803
-0.082819
-0.093822
-0.082772
-0.060508
-0.027953
0.007626
-0.002069
-0.029777
-0.035856
-0.031894
-0.033008
-0.040038
-0.028416
-0.006389
0.019540
0.046277
0.053138
0.052225
0.053466
0.058232
0.057135
0.053152
0.041607
0.027130
0.029335
0.044112
0.050382
0.042399
0.033068
0.023132
0.015352
0.016978
0.022705
0.019317
0.016156
0.020680
0.018363
0.017843
0.016319
0.008784
0.004806
0.004894
0.006906
0.006793
0.005324
0.004773
0.004547
0.005493
0.006688
0.006326
0.005694
0.003585
0.001844
0.001158
0.002068
0.003988
0.003117
0.003787
0.004940
0.005696
0.004236
0.003868
0.004467
0.006176
0.005659
-0.005063
-0.001255
0.004175
0.000490
0.001144
0.001946
-0.005167
-0.011158
-0.002639
-0.005305
0.000873
0.023506
0.013581
-0.000683
0.007426
0.007534
-0.004624
-0.009790
0.018184
0.045279
0.025529
0.008470
0.001189
-0.021423
-0.007404
0.010591
-0.025205
0.004979
0.015934
-0.049126
-0.023394
0.029526
0.019063
-0.015911
0.003634
-0.002107
-0.012795
0.006474
-0.026274
-0.023672
0.011516
0.040223
0.029563
0.021700
0.024571
0.018507
0.061711
0.080904
0.059610
0.039647
0.042231
0.046251
0.033719
0.010604
-0.008941
-0.006992
-0.001556
0.008508
0.020412
0.025542
0.022373
0.017172
0.011970
0.004029
-0.009472
-0.015594
-0.020639
-0.032758
-0.032804
-0.023089
-0.015563
-0.018329
-0.015435
-0.014925
-0.015130
-0.013579
-0.020272
-0.025798
-0.030099
-0.024756
-0.024120
-0.025660
-0.023647
-0.023138
-0.021352
-0.023194
-0.022014
-0.020723
-0.016770
-0.015686
-0.018454
-0.017739
-0.019100
-0.018761
-0.017605
-0.016402
-0.017435
-0.020206
-0.017651
-0.019032
-0.022075
-0.012779
-0.009835
-0.021633
-0.019702
-0.026027
-0.042751
-0.031481
-0.014975
-0.013684
-0.019565
-0.008319
-0.008088
-0.019933
-0.010667
-0.020247
-0.036502
-0.029494
-0.017522
-0.008969
-0.029406
-0.049771
-0.003009
0.035217
0.003024
-0.012731
-0.015182
-0.020011
0.057163
0.089175
0.025037
0.056610
0.116163
0.099328
0.088221
0.095050
0.053054
0.019675
0.036439
-0.003634
-0.047677
-0.041357
-0.025952
-0.010349
-0.004428
-0.012184
-0.031053
-0.015871
0.001208
-0.002272
-0.008459
-0.015773
-0.012003
-0.011264
-0.002926
0.011509
0.019482
0.018724
0.024070
0.025721
0.022211
0.017983
0.005849
-0.000083
0.000094
0.000906
0.003127
0.005499
-0.005782
-0.016888
-0.011198
-0.003935
-0.009417
-0.014233
-0.010568
-0.011225
-0.013648
-0.016639
-0.016496
-0.017416
-0.018276
-0.016823
-0.016452
-0.015549
-0.018402
-0.017822
-0.018372
-0.019175
-0.019569
-0.019722
-0.019133
-0.021775
-0.020179
-0.018030
-0.016531
-0.015848
-0.012719
-0.008874
-0.006358
-0.006024
-0.008901
-0.000518
0.004450
-0.007780
-0.018195
-0.017875
-0.011326
-0.007489
-0.013484
-0.009802
-0.019438
-0.028315
-0.005015
-0.017050
-0.023546
-0.004795
-0.014923
-0.002266
0.017407
-0.001265
-0.036909
-0.006645
0.033542
-0.005055
-0.010923
-0.007439
-0.007518
0.047216
0.078452
0.035835
0.018354
0.053283
0.054681
0.054985
0.043694
0.027753
0.048459
0.049419
0.024146
-0.001046
-0.017686
-0.024288
0.002171
0.008518
-0.027067
-0.050761
-0.041338
-0.011435
0.009695
0.017821
-0.012814
-0.031273
-0.019532
-0.034590
-0.056268
-0.047812
-0.042150
-0.052074
-0.042418
-0.032729
-0.041789
-0.059150
-0.057008
-0.035914
-0.021724
-0.015889
-0.017810
-0.027116
-0.032822
-0.025765
-0.018576
-0.011468
-0.011065
-0.012715
-0.008600
-0.003738
0.000551
-0.000710
0.000844
0.005236
0.007538
0.005604
0.005460
0.005988
0.003367
0.003285
0.001687
0.001571
0.002617
0.003019
0.003708
0.003650
0.004768
0.004608
0.003026
0.001127
0.002661
0.007013
0.008293
0.003789
0.000721
0.001776
-0.001895
-0.003609
-0.000417
-0.000404
0.004579
0.005169
-0.002924
-0.006115
0.003948
0.013171
0.010869
0.016620
0.016582
-0.009027
-0.017280
0.005611
0.012127
0.008594
0.022946
0.031306
0.017766
0.027333
0.038693
0.016797
0.055572
0.092239
0.052834
0.031765
0.043277
0.018313
-0.029818
0.019630
0.031717
-0.039298
-0.020773
0.012456
-0.013995
-0.017213
0.008483
-0.011201
0.002122
0.036883
-0.005725
-0.039636
-0.022864
-0.026957
-0.059049
-0.035428
-0.008990
-0.034284
-0.044705
-0.022929
-0.007463
-0.006363
0.007953
0.015568
0.011155
0.004277
-0.006021
-0.009801
-0.016815
-0.025587
-0.025329
-0.018426
-0.004577
0.002050
-0.000153
0.003053
0.004383
0.001290
-0.002423
-0.004138
-0.004142
-0.006513
-0.008909
-0.011300
-0.008935
-0.008044
-0.006054
-0.004013
-0.004057
-0.003598
-0.005085
-0.003250
-0.004231
-0.005713
-0.004448
-0.003393
-0.002717
-0.003034
-0.003072
-0.004586
-0.003661
-0.001647
-0.001989
-0.000544
0.002563
0.002290
-0.002130
-0.003093
-0.002381
-0.004839
-0.003778
-0.002241
-0.006252
-0.007380
-0.005426
-0.005974
-0.006948
-0.005284
-0.004565
-0.004677
-0.003681
-0.004879
-0.008071
-0.007602
-0.003736
0.000340
0.002812
0.003094
0.001712
-0.001143
-0.001704
0.000181
0.001088
0.001977
0.002345
0.003743
0.002127
0.000844
0.002445
0.002145
0.001482
0.001551
0.002166
0.002234
0.002474
0.001413
0.001342
0.001153
0.001168
0.001029
0.001103
0.001542
0.001884
0.001771
0.001957
0.001781
0.001807
0.001534
0.001447
0.001229
0.001169
0.000937
0.000883
0.000910
0.000884
0.000955
0.001062
0.001093
0.001075
0.000959
0.000848
0.000839
0.000923
0.000935
0.000916
0.000878
0.000822
0.000779
0.000779
0.000760
0.000682
0.000589
0.000460
0.000316
0.000253
0.000258
0.000309
0.000377
0.000368
0.000381
0.000401
0.000369
0.000294
0.000277
0.000319
0.000443
0.000617
0.000669
0.000529
0.000356
0.000277
0.000190
0.000227
0.000303
0.000305
0.000210
0.000209
0.000110
0.049215
0.052129
-0.169962
0.042565
0.130321
-0.064135
-0.064563
-0.021703
0.083062
0.043556
0.016044
0.161371
0.217012
0.028513
-0.278683
-0.214128
-0.119748
0.018236
0.120561
0.232651
-0.041486
0.229101
0.113929
-0.450631
-0.064636
-0.383582
-0.143696
0.692241
-0.001833
-0.351944
0.573410
0.283533
-0.790148
-0.771335
-0.458219
0.769464
0.205853
-0.995871
0.422247
0.352151
-0.233631
-0.082923
-0.374469
0.073057
0.200190
-0.522139
-0.056042
0.558825
0.449444
0.181253
0.139318
0.054526
0.039431
-0.055209
0.012917
0.562953
0.166066
-0.307733
-0.113024
-0.053888
0.007577
-0.070089
-0.052126
0.165402
0.173864
-0.073785
-0.123193
-0.028696
0.031897
0.060576
-0.002588
-0.009200
0.011949
0.020694
-0.038909
0.009884
0.013699
0.013139
0.006136
-0.015403
-0.009083
-0.002840
0.008499
0.024223
0.030100
-0.006220
-0.012578
-0.000522
-0.006278
0.006689
0.002204
0.017768
0.038361
-0.038501
-0.023487
0.004588
0.019037
0.033211
-0.060202
-0.047081
0.054308
-0.020098
-0.007225
0.016262
0.086946
0.140097
-0.117363
-0.040225
0.020466
-0.030415
-0.030513
-0.054529
0.249237
0.221379
-0.301064
-0.161118
0.343660
0.160239
-0.408664
0.081992
0.223662
0.130777
0.354300
-0.261212
0.034456
-0.035134
-0.513488
-0.113851
-0.538825
0.074661
1.201636
0.175516
-0.809214
0.125035
0.279580
-0.458545
-0.658659
-0.429431
0.497826
0.250123
-0.537262
0.398598
0.601104
0.241432
0.397382
-0.156008
-0.208691
0.061769
0.383795
0.372316
-0.133973
-0.302590
0.115007
0.300099
-0.380648
-0.141200
-0.059072
-0.052878
0.260573
0.000842
-0.037017
-0.108114
-0.038231
-0.010750
-0.046445
-0.091564
0.013759
0.052139
-0.176990
-0.071155
0.015538
-0.009106
-0.036238
-0.072672
-0.090484
-0.028011
-0.030348
-0.029385
0.015198
-0.061683
-0.037256
-0.014528
-0.024991
-0.022167
-0.001493
-0.005030
-0.018050
-0.023642
-0.037775
-0.028442
-0.023172
-0.005221
-0.017339
-0.023799
-0.010681
0.023865
0.038048
-0.081549
-0.024464
0.010429
0.012329
0.020945
-0.063394
0.084954
0.021102
-0.137904
0.004295
-0.025153
-0.028644
-0.086681
0.011335
0.225209
-0.141656
-0.125174
0.196242
0.239494
0.115442
-0.008642
0.290056
0.246166
-0.254065
-0.293876
0.162253
0.242130
-0.069833
-0.292729
-0.294056
0.026144
-0.216460
-0.124201
0.052983
0.391496
0.380047
-0.793967
-0.159104
-0.003175
-0.359413
-0.008092
-0.083714
-0.015500
-0.785506
-0.414830
0.257354
0.526243
0.174683
-0.079741
0.331527
0.214195
0.170462
-0.102121
0.196596
0.422806
0.333446
-0.200273
-0.391028
0.230227
0.327707
0.260096
0.147210
0.157806
-0.012865
-0.190812
-0.175315
0.007252
0.117983
0.003613
0.000076
-0.097308
-0.086312
-0.072117
-0.008369
0.014302
0.019682
-0.015486
-0.081052
-0.059888
-0.047254
-0.015590
-0.012629
-0.002462
-0.026290
-0.046443
-0.047895
-0.026222
0.011966
0.012002
-0.003229
-0.022828
-0.027745
-0.026942
-0.039600
-0.022525
-0.005702
0.021940
-0.025911
-0.055382
0.079258
0.053243
-0.108106
0.018051
0.065607
-0.084028
0.028474
0.032907
-0.005440
0.041707
-0.072124
-0.053647
0.015748
-0.163550
0.066280
0.260282
-0.320017
0.177144
0.102366
-0.597306
0.275475
0.103399
-0.273370
-0.282337
-0.404167
0.117215
0.394646
-0.323178
0.192484
0.752931
-0.282850
-0.435770
-0.374049
0.060491
0.192988
0.004946
0.269250
-0.118345
-0.685354
-0.392450
0.062359
0.020710
-0.053287
0.144771
0.513074
0.141878
-0.529663
0.013855
0.245145
-0.193494
0.101065
-0.000119
0.203370
0.281465
-0.248624
0.013509
0.133315
0.126952
0.181300
-0.055664
-0.097805
0.223065
0.069173
-0.027451
0.149351
0.093699
0.192184
0.083810
0.028819
0.007758
0.053819
0.084955
0.077061
0.032800
-0.057620
0.007166
0.044266
0.057049
0.018406
0.003991
-0.015454
0.009582
0.010803
0.003445
0.028544
-0.002439
-0.008376
0.002200
-0.001411
-0.000120
0.004652
-0.003559
-0.004145
0.011324
-0.007567
0.014132
0.013977
-0.042940
0.026296
0.047914
-0.021522
-0.054408
0.025014
0.075022
-0.074056
-0.063120
0.065501
-0.015845
0.046106
0.063219
-0.101402
0.170865
0.052734
-0.202873
0.159525
-0.327562
-0.284956
0.295461
-0.318959
0.238403
0.576987
-0.188159
0.164978
-0.345879
-0.361107
0.166659
-0.421073
0.649187
0.695245
0.176232
0.484689
-0.253871
-0.548260
0.067145
0.416625
0.243306
-0.048932
0.123611
0.345918
-0.358899
-0.332510
-0.199859
0.134926
0.373804
-0.501770
0.223381
-0.259662
-0.287540
0.607093
-0.007812
0.285735
-0.383641
-0.581664
0.340185
0.038902
-0.233673
0.034952
0.010814
0.118653
-0.252866
-0.522794
0.078390
0.158681
-0.091824
-0.119701
-0.202888
-0.116984
-0.013606
-0.122503
0.071701
0.135879
-0.102205
-0.083665
-0.063604
0.045270
0.088014
-0.018584
-0.017826
0.005973
-0.038456
-0.038881
0.012351
0.020558
0.029231
-0.014963
-0.008604
-0.006832
-0.015077
-0.017667
-0.002270
0.022443
0.005837
-0.034184
-0.015445
0.002433
-0.001787
-0.009165
-0.016971
-0.024732
-0.052980
0.020274
0.041967
0.009497
0.023817
-0.034889
-0.052551
-0.093231
-0.087087
0.084907
0.045817
-0.021809
0.076783
0.028751
-0.151985
0.093779
0.201200
-0.064451
0.228185
-0.342084
-0.208702
0.276794
-0.018020
0.358506
0.062948
0.078631
0.309578
-0.125207
-0.456011
-0.447991
0.085848
0.368885
0.099990
-0.215019
-0.020831
0.334130
0.011506
-0.662674
-0.622400
-0.194281
-0.260533
-0.093889
-0.123901
-0.095297
0.326891
0.012729
-0.079653
0.244237
-0.348298
-0.219385
0.030574
-0.135753
0.345259
0.056545
0.137826
0.527850
0.098508
0.118896
0.002739
-0.058710
0.282656
0.319279
0.232021
0.085116
0.010977
0.040103
0.013537
0.045001
0.026413
-0.071893
-0.004066
0.003577
0.029625
-0.011013
-0.106454
-0.033092
0.029053
0.007271
0.012119
0.016292
-0.024599
0.003044
-0.007634
-0.008645
0.029080
-0.017659
-0.021918
-0.000430
-0.006788
0.008024
0.008383
-0.017607
-0.015974
-0.002092
-0.002370
-0.007446
0.008303
0.028138
-0.008580
-0.013448
0.002313
0.025618
0.004040
-0.010159
0.033796
0.079359
0.050400
-0.216913
-0.015525
0.069097
-0.021739
0.068161
0.035526
0.021792
-0.147983
-0.054950
-0.066018
0.085129
0.381683
0.017563
-0.170261
-0.093155
-0.086904
0.092142
-0.210453
0.216447
0.862066
-0.240822
-0.480799
-0.013948
-0.362180
0.050134
0.096774
-0.543561
0.912968
0.354308
-1.088699
0.244958
-0.011036
0.205342
-0.111906
-0.475102
0.479426
0.311839
-0.240377
-0.388376
0.309308
0.071390
0.209192
0.043251
-0.342536
0.402379
0.539475
0.322193
0.008897
-0.158229
0.016681
0.305554
-0.105679
-0.277106
-0.042708
-0.043556
0.024693
0.074432
-0.009600
-0.038935
0.080247
-0.094774
-0.085022
-0.076260
-0.062358
-0.026327
-0.138031
-0.080658
-0.001438
-0.009699
-0.090700
-0.060104
-0.055361
-0.042433
-0.028824
-0.033946
-0.026473
-0.051786
-0.051414
-0.046825
-0.015976
-0.025746
-0.030566
-0.023017
-0.027675
-0.030761
-0.023681
-0.021645
-0.018407
-0.010074
-0.043459
-0.036073
-0.001441
-0.035723
-0.032451
-0.011918
0.011744
0.017453
-0.073578
-0.008230
0.010403
-0.101043
0.072629
0.080695
-0.177922
-0.015442
-0.126874
-0.315067
0.087157
0.135477
0.286377
-0.072936
-0.142034
0.066583
-0.283693
-0.094289
0.010691
-0.027995
0.007403
-0.100572
0.330548
-0.045820
-0.717700
0.525434
0.555777
-0.602494
-0.288378
0.127052
0.250011
0.989093
0.219992
-0.443680
0.700400
0.435687
0.272991
0.043898
-0.480305
0.538571
0.185986
-0.684550
-0.514461
-0.109974
-0.107747
-0.039452
0.099719
-0.281285
-0.080103
-0.121045
-0.135345
0.100189
-0.109182
-0.096056
0.293202
0.143091
-0.043897
0.255069
0.068838
-0.103224
0.050592
0.146728
0.104311
0.025716
-0.131840
-0.023804
0.103683
-0.157629
0.004787
0.033189
-0.078665
-0.013565
-0.048905
-0.042445
0.001671
-0.048476
-0.098461
-0.011665
-0.052781
-0.037464
-0.049226
-0.080974
-0.037525
-0.016928
-0.043832
-0.027148
0.002060
-0.033012
-0.022930
-0.022961
-0.003370
-0.003357
-0.025019
-0.026720
-0.018299
0.001882
-0.023184
-0.013217
-0.040742
-0.001085
0.029028
0.003846
-0.016397
-0.104732
0.087487
0.128914
-0.168906
-0.170563
-0.094533
0.127045
0.140793
-0.181076
0.183919
0.016855
-0.417673
0.243012
-0.235162
-0.046894
0.465767
-0.259872
0.317327
0.087168
-0.339612
-0.160589
-0.108043
0.519589
-0.174831
-0.332415
0.157955
0.254425
0.753085
0.159804
-0.436487
-0.021489
0.117055
0.154765
0.401025
-0.262479
0.435609
0.870294
-0.570784
-0.638951
-0.355107
-0.175494
0.131685
-0.045880
0.033697
0.169697
-0.407135
-0.238826
0.266641
-0.233456
-0.096037
0.005959
0.109995
0.190844
-0.210709
-0.360564
-0.201925
-0.033386
-0.036121
-0.012772
-0.145430
-0.095557
-0.122351
-0.101835
0.088999
0.076925
-0.012089
-0.083517
-0.023260
0.070850
0.076371
0.015933
0.031227
0.046949
0.034983
0.007138
-0.001071
0.034326
0.024546
0.035860
0.026769
0.028208
0.012897
0.005254
0.024722
0.020173
0.025041
0.014933
0.020092
0.007123
-0.008042
0.017362
0.002837
0.009096
0.010504
-0.027257
-0.019737
0.000065
0.053191
0.040243
-0.069559
-0.077060
0.014427
-0.057074
-0.054125
0.063974
0.063599
0.148869
-0.033399
-0.199442
-0.047161
0.060727
0.236047
0.068544
0.032443
0.175140
-0.291211
-0.352839
0.148919
0.183272
0.130762
0.098344
0.251595
0.017592
-0.134916
0.186821
-0.178575
0.445918
0.625787
-0.148038
-0.002698
-0.018860
0.030261
-0.704207
-0.202352
0.588930
-0.372418
-0.097223
0.254259
0.028114
-0.330852
-0.458714
0.112305
0.558742
-0.137990
-0.291449
0.078203
-0.148379
0.005571
-0.283498
-0.295848
0.184365
-0.004419
-0.133516
0.050736
0.214990
0.158788
-0.007584
-0.151863
0.060308
0.108096
-0.096298
-0.066540
0.014768
0.036332
-0.005790
-0.022518
0.016142
0.034663
-0.044652
-0.033019
0.002163
0.002852
-0.007889
-0.011040
0.003368
-0.002445
-0.020085
-0.019153
-0.004677
0.012798
0.000168
-0.002960
-0.004283
-0.011785
-0.015338
-0.006238
-0.009077
-0.007957
0.002029
0.006145
0.005364
-0.009350
-0.001418
-0.012034
-0.011902
0.010114
0.004744
-0.006531
0.040704
0.026706
-0.035576
-0.033573
-0.008563
-0.029114
-0.007526
0.033269
0.009111
0.004815
-0.025402
-0.034947
-0.027122
-0.034151
0.007804
0.030638
0.005053
-0.007978
-0.008845
-0.007152
0.018580
0.024475
0.011533
0.010790
0.004071
0.004732
0.007340
0.005444
0.005888
0.009136
0.003636
0.002574
0.003614
0.000717
0.005041
0.005337
0.003742
0.001903
-0.001004
-0.005982
-0.001260
0.003816
0.003632
0.007883
0.009475
0.003684
-0.001843
-0.002317
-0.000511
-0.000054
0.004884
0.006006
-0.000283
-0.001252
-0.001242
-0.000735
0.001028
0.001762
0.003071
0.005799
0.005274
0.004111
0.002068
-0.000584
-0.003364
-0.005385
-0.004682
-0.001250
0.001237
0.002899
0.002662
0.002003
0.001828
0.001097
0.000436
0.000491
0.000138
-0.000523
-0.000421
-0.000099
0.000519
0.001343
0.001385
0.000978
0.000549
0.000187
0.000137
0.000292
0.000428
0.000195
-0.000107
-0.000225
0.000001
0.000243
0.000344
0.000111
-0.000291
-0.000742
-0.000926
-0.000685
-0.000228
0.000161
0.000204
-0.000185
-0.000709
-0.000791
-0.000567
-0.000398
-0.000410
-0.000454
-0.000615
-0.000507
0.000047
0.000375
0.000297
0.000312
-0.000041
-0.000601
-0.000579
-0.000159
0.000267
0.000801
0.000848
0.000296
-0.000142
-0.000385
-0.000329
-0.000092