-0.170490
-0.122205
-0.066721
-0.006142
0.056702
0.118593
0.176359
0.227302
0.269504
0.301940
0.324393
0.337242
0.341208
0.337163
0.326065
0.309014
0.287375
0.262875
0.237592
0.213788
0.193609
0.178723
0.170003
0.167372
0.169841
0.175754
0.183154
0.190152
0.195215
0.197271
0.195663
0.189979
0.179878
0.164986
0.144927
0.119485
0.088826
0.053683
0.015420
-0.024078
-0.062681
-0.098365
-0.129553
-0.155316
-0.175402
-0.190075
-0.199847
-0.205211
-0.206453
-0.203641
-0.196751
-0.185897
-0.171543
-0.154619
-0.136469
-0.118656
-0.102668
-0.089649
-0.080234
-0.074550
-0.072377
-0.073396
-0.077428
-0.084561
-0.095115
-0.109455
-0.127714
-0.149549
-0.174009
-0.199583
-0.224432
-0.246714
-0.264911
-0.278057
-0.285791
-0.288250
-0.285858
-0.279096
-0.268370
-0.254009
-0.236393
-0.216156
-0.194342
-0.172449
-0.152295
-0.135721
-0.124223
-0.118610
-0.118799
-0.123814
-0.131979
-0.141241
-0.149519
-0.154975
-0.156134
-0.151866
-0.141262
-0.123515
-0.097883
-0.063782
-0.020994
0.030075
0.088192
0.151250
0.216419
0.280478
0.340251
0.393039
0.436924
0.470877
0.494680
0.508711
0.513690
0.510487
0.500061
0.483511
0.462199
0.437854
0.412553
0.388559
0.368018
0.352597
0.343171
0.339662
0.341084
0.345781
0.351796
0.357244
0.360591
0.360769
0.357121
0.349238
0.336781
0.319377
0.296654
0.268399
0.234780
0.196532
0.155024
0.112142
0.070022
0.030689
-0.004274
-0.033937
-0.058042
-0.076850
-0.090870
-0.100587
-0.106288
-0.108032
-0.105793
-0.099680
-0.090152
-0.078133
-0.064965
-0.052204
-0.041333
-0.033493
-0.029312
-0.028912
-0.032068
-0.038456
-0.047891
-0.060456
-0.076466
-0.096280
-0.120027
-0.147358
-0.177314
-0.208383
-0.238717
-0.266470
-0.290119
-0.308692
-0.321822
-0.329643
-0.332570
-0.331083
-0.325580
-0.316385
-0.303875
-0.288675
-0.271828
-0.254826
-0.239480
-0.227629
-0.220763
-0.219687
-0.224313
-0.233662
-0.246051
-0.259425
-0.271698
-0.281028
-0.285938
-0.285292
-0.278179
-0.263788
-0.241373
-0.210347
0.689746
0.604677
0.512507
0.419994
0.334701
0.263264
0.209753
0.174704
0.155188
0.145880
0.140770
0.134886
0.125458
0.112131
0.096224
0.079396
0.062274
0.043641
0.020511
-0.010908
-0.053727
-0.108942
-0.174630
-0.246104
-0.317024
-0.381061
-0.433551
-0.472518
-0.498737
-0.514840
-0.523819
-0.527536
-0.525811
-0.516443
-0.496168
-0.462172
-0.413580
-0.352346
-0.283177
-0.212508
-0.146895
-0.091400
-0.048568
-0.018329
0.001160
0.012114
0.015721
0.011329
-0.003452
-0.031735
-0.075818
-0.135722
-0.208357
-0.287703
-0.365966
-0.435337
-0.489757
-0.526080
-0.544275
-0.546655
-0.536477
-0.516493
-0.488024
-0.450907
-0.404294
-0.347967
-0.283579
-0.215268
-0.149314
-0.092872
-0.052182
-0.030844
-0.028785
-0.042259
-0.064879
-0.089318
-0.109076
-0.119711
-0.119167
-0.107173
-0.084056
-0.049539
-0.002050
0.061091
0.142653
0.244006
0.363758
0.497066
0.635979
0.770765
0.891828
0.991600
1.065804
1.113708
1.137351
1.140113
1.125197
1.094610
1.049006
0.988393
0.913365
0.826286
0.731888
0.636929
0.548977
0.474669
0.418078
0.379745
0.356741
0.343747
0.334755
0.324798
0.311110
0.293340
0.272811
0.251186
0.229097
0.205334
0.176914
0.140050
0.091637
0.030684
-0.040878
-0.118359
-0.195412
-0.265703
-0.324559
-0.370000
-0.402796
-0.425569
-0.441306
-0.451863
-0.457052
-0.454666
-0.441435
-0.414536
-0.373089
-0.319039
-0.257087
-0.193662
-0.135310
-0.087088
-0.051533
-0.028568
-0.016344
-0.012636
-0.016252
-0.027835
-0.049769
-0.085157
-0.136295
-0.203193
-0.282755
-0.368956
-0.453993
-0.530051
-0.591065
-0.633881
-0.658463
-0.667118
-0.663096
-0.649142
-0.626574
-0.595220
-0.554227
-0.503373
-0.444305
-0.381154
-0.320197
-0.268584
-0.232548
-0.215687
-0.217924
-0.235505
-0.262042
-0.290204
-0.313486
-0.327444
-0.330018
-0.320933
-0.300515
-0.268483
-0.223262
-0.162172
-0.082441
0.017305
0.135672
0.267820
0.405801
0.539881
0.660466
0.759987
0.834171
0.882282
0.906361
0.909786
0.895762
0.866292
0.822031
0.762985