0.480804
0.604432
0.600378
0.476630
0.286464
0.108065
0.014648
0.046470
0.195432
0.408162
0.606382
0.716800
0.699093
0.561303
0.356760
0.163707
0.055417
0.072204
0.206030
0.403582
0.586642
0.681978
0.649327
0.496789
0.277753
0.070518
-0.051585
-0.048190
0.072720
0.257881
0.429126
0.513268
0.470089
0.307731
0.079620
-0.135907
-0.265488
-0.268726
-0.153580
0.026712
0.193999
0.275111
0.229842
0.066342
-0.161958
-0.376720
-0.504587
-0.505167
-0.386429
-0.201628
-0.028929
0.058475
0.020352
-0.135175
-0.354707
-0.559940
-0.677555
-0.667200
-0.536888
-0.339919
-0.154506
-0.053893
-0.078363
-0.219847
-0.425003
-0.615582
-0.718324
-0.692934
-0.547486
-0.335339
-0.134767
-0.019072
-0.028597
-0.155334
-0.345996
-0.522394
-0.611321
-0.572540
-0.414176
-0.189638
0.022749
0.149638
0.150641
0.033724
-0.147863
-0.315969
-0.397418
-0.352004
-0.187876
0.041532
0.257877
0.387795
0.390888
0.275113
0.093715
-0.075155
-0.158319
-0.115563
0.044973
0.269871
0.480804
0.604432
0.600378
0.476630
0.286464
0.108065
0.014648
0.046470
0.195432
0.408162
0.606382
0.716800
0.699093
0.561303
0.356760
0.163707
0.055417
0.072204
0.206030
0.403582
0.586642
0.681978
0.649327
0.496789
0.277753
0.070518
-0.051585
-0.048190
0.072720
0.257881
0.429126
0.513268
0.470089
0.307731
0.079620
-0.135907
-0.265488
-0.268726
-0.153580
0.026712
0.193999
0.275111
0.229842
0.066342
-0.161958
-0.376720
-0.504587
-0.505167
-0.386429
-0.201628
-0.028929
0.058475
0.020352
-0.135175
-0.354707
-0.559940
-0.677555
-0.667200
-0.536888
-0.339919
-0.154506
-0.053893
-0.078363
-0.219847
-0.425003
-0.615582
-0.718324
-0.692934
-0.547486
-0.335339
-0.134767
-0.019072
-0.028597
-0.155334
-0.345996
-0.522394
-0.611321
-0.572540
-0.414176
-0.189638
0.022749
0.149638
0.150641
0.033724
-0.147863
-0.315969
-0.397418
-0.352004
-0.187876
0.041532
0.257877
0.387795
0.390888
0.275113
0.093715
-0.075155
-0.158319
-0.115563
0.044973
0.269871
0.136901
0.532330
0.926693
1.170221
1.169956
0.925258
0.528054
0.127730
-0.125921
-0.139899
0.086491
0.461393
0.835511
1.059153
1.039441
0.775810
0.360263
-0.057741
-0.328340
-0.358467
-0.147365
0.213174
0.573907
0.785197
0.754214
0.480438
0.055912
-0.369871
-0.647016
-0.682433
-0.475340
-0.117518
0.241804
0.452995
0.423222
0.151963
-0.268749
-0.689437
-0.960227
-0.988051
-0.772161
-0.404369
-0.033944
0.189436
0.172893
-0.084148
-0.489711
-0.894377
-1.148335
-1.158587
-0.924450
-0.537811
-0.148013
0.095191
0.098844
-0.137709
-0.522572
-0.906409
-1.139491
-1.128901
-0.874040
-0.466875
-0.056831
0.206258
0.229359
0.011739
-0.354782
-0.720939
-0.937072
-0.910332
-0.640184
-0.218655
0.204773
0.480214
0.514586
0.307111
-0.050430
-0.408809
-0.618396
-0.586367
-0.312208
0.112036
0.536875
0.812417
0.845578
0.635586
0.274231
-0.089242
-0.305185
-0.280748
-0.015388
0.398887
0.812624
1.075976
1.095907
0.871697
0.495192
0.115697
-0.117076
-0.110213
0.136901
0.532330
0.926693
1.170221
1.169956
0.925258
0.528054
0.127730
-0.125921
-0.139899
0.086491
0.461393
0.835511
1.059153
1.039441
0.775810
0.360263
-0.057741
-0.328340
-0.358467
-0.147365
0.213174
0.573907
0.785197
0.754214
0.480438
0.055912
-0.369871
-0.647016
-0.682433
-0.475340
-0.117518
0.241804
0.452995
0.423222
0.151963
-0.268749
-0.689437
-0.960227
-0.988051
-0.772161
-0.404369
-0.033944
0.189436
0.172893
-0.084148
-0.489711
-0.894377
-1.148335
-1.158587
-0.924450
-0.537811
-0.148013
0.095191
0.098844
-0.137709
-0.522572
-0.906409
-1.139491
-1.128901
-0.874040
-0.466875
-0.056831
0.206258
0.229359
0.011739
-0.354782
-0.720939
-0.937072
-0.910332
-0.640184
-0.218655
0.204773
0.480214
0.514586
0.307111
-0.050430
-0.408809
-0.618396
-0.586367
-0.312208
0.112036
0.536875
0.812417
0.845578
0.635586
0.274231
-0.089242
-0.305185
-0.280748
-0.015388
0.398887
0.812624
1.075976
1.095907
0.871697
0.495192
0.115697
-0.117076
-0.110213