0.233821
0.013723
-0.048741
0.074106
0.338499
0.645938
0.880800
0.954498
0.839310
0.578972
0.271966
0.033915
-0.046581
0.058224
0.304638
0.594232
0.811454
0.867784
0.735572
0.458617
0.135471
-0.118182
-0.213680
-0.123217
0.109571
0.386309
0.591495
0.636657
0.494189
0.207932
-0.123528
-0.384472
-0.486211
-0.400913
-0.172193
0.101587
0.304940
0.349400
0.207363
-0.077331
-0.406102
-0.663242
-0.760076
-0.668793
-0.433031
-0.151179
0.061243
0.115734
-0.015349
-0.288211
-0.604317
-0.848011
-0.930669
-0.824537
-0.573311
-0.275441
-0.046512
0.024913
-0.088879
-0.344159
-0.642463
-0.868203
-0.932829
-0.808655
-0.539451
-0.223736
0.022835
0.111626
0.014859
-0.223805
-0.505968
-0.716107
-0.765730
-0.627214
-0.344384
-0.015813
0.242794
0.342753
0.256242
0.026880
-0.246969
-0.449816
-0.493200
-0.349518
-0.062619
0.268909
0.529349
0.630011
0.543068
0.312143
0.035605
-0.171046
-0.219334
-0.081638
0.198219
0.521675
0.773046
0.863676
0.765780
0.523023
0.233821
0.013723
-0.048741
0.074106
0.338499
0.645938
0.880800
0.954498
0.839310
0.578972
0.271966
0.033915
-0.046581
0.058224
0.304638
0.594232
0.811454
0.867784
0.735572
0.458617
0.135471
-0.118182
-0.213680
-0.123217
0.109571
0.386309
0.591495
0.636657
0.494189
0.207932
-0.123528
-0.384472
-0.486211
-0.400913
-0.172193
0.101587
0.304940
0.349400
0.207363
-0.077331
-0.406102
-0.663242
-0.760076
-0.668793
-0.433031
-0.151179
0.061243
0.115734
-0.015349
-0.288211
-0.604317
-0.848011
-0.930669
-0.824537
-0.573311
-0.275441
-0.046512
0.024913
-0.088879
-0.344159
-0.642463
-0.868203
-0.932829
-0.808655
-0.539451
-0.223736
0.022835
0.111626
0.014859
-0.223805
-0.505968
-0.716107
-0.765730
-0.627214
-0.344384
-0.015813
0.242794
0.342753
0.256242
0.026880
-0.246969
-0.449816
-0.493200
-0.349518
-0.062619
0.268909
0.529349
0.630011
0.543068
0.312143
0.035605
-0.171046
-0.219334
-0.081638
0.198219
0.521675
0.773046
0.863676
0.765780
0.523023
0.233821
0.013723
-0.048741
0.074106
0.338499
0.645938
0.880800
0.954498
0.839310
0.578972
0.271966
0.033915
-0.046581
0.058224
0.304638
0.594232
0.811454
0.867784
0.735572
0.458617
0.135471
-0.118182
-0.213680
-0.123217
0.109571
0.386309
0.591495
0.636657
0.494189
0.207932
-0.123528
-0.384472
-0.486211
-0.400913
-0.172193
0.101587
0.304940
0.349400
0.207363
-0.077331
-0.406102
-0.663242
-0.760076
-0.668793
-0.433031
-0.151179
0.061243
0.115734
-0.015349
-0.288211
-0.604317
-0.848011
-0.930669
-0.824537
-0.573311
-0.275441
-0.046512
0.024913
-0.088879
-0.344159
-0.642463
-0.868203
-0.932829
-0.808655
-0.539451
-0.223736
0.022835
0.111626
0.014859
-0.223805
-0.505968
-0.716107
-0.765730
-0.627214
-0.344384
-0.015813
0.242794
0.342753
0.256242
0.026880
-0.246969
-0.449816
-0.493200
-0.349518
-0.062619
0.268909
0.529349
0.630011
0.543068
0.312143
0.035605
-0.171046
-0.219334
-0.081638
0.198219
0.521675
0.773046
0.863676
0.765780
0.523023
0.233821
0.013723
-0.048741
0.074106
0.338499
0.645938
0.880800
0.954498
0.839310
0.578972
0.271966
0.033915
-0.046581
0.058224
0.304638
0.594232
0.811454
0.867784
0.735572
0.458617
0.135471
-0.118182
-0.213680
-0.123217
0.109571
0.386309
0.591495
0.636657
0.494189
0.207932
-0.123528
-0.384472
-0.486211
-0.400913
-0.172193
0.101587
0.304940
0.349400
0.207363
-0.077331
-0.406102
-0.663242
-0.760076
-0.668793
-0.433031
-0.151179
0.061243
0.115734
-0.015349
-0.288211
-0.604317
-0.848011
-0.930669
-0.824537
-0.573311
-0.275441
-0.046512
0.024913
-0.088879
-0.344159
-0.642463
-0.868203
-0.932829
-0.808655
-0.539451
-0.223736
0.022835
0.111626
0.014859
-0.223805
-0.505968
-0.716107
-0.765730
-0.627214
-0.344384
-0.015813
0.242794
0.342753
0.256242
0.026880
-0.246969
-0.449816
-0.493200
-0.349518
-0.062619
0.268909
0.529349
0.630011
0.543068
0.312143
0.035605
-0.171046
-0.219334
-0.081638
0.198219
0.521675
0.773046
0.863676
0.765780
0.523023