-0.020251
-0.014817
-0.011721
-0.011418
-0.010045
-0.010311
-0.008208
-0.006588
-0.005526
-0.006270
-0.008211
-0.007407
-0.007721
-0.007420
-0.007280
-0.006270
-0.004287
-0.004176
-0.005913
-0.008342
-0.009517
-0.009530
-0.007578
-0.004068
-0.002983
-0.001412
0.000514
0.003785
0.001922
-0.003009
-0.000335
-0.000615
-0.002616
0.003774
0.014200
0.019942
0.016525
0.015057
0.014122
0.008558
-0.003563
-0.015909
-0.022068
-0.017742
-0.002023
0.013418
0.016966
0.012578
0.008320
-0.009337
-0.022170
-0.022266
-0.030742
-0.016548
-0.003963
-0.016561
-0.018521
-0.004635
-0.025403
-0.075610
-0.098563
-0.069591
-0.039180
-0.054123
-0.040817
-0.000383
0.000170
-0.005374
-0.020456
-0.037005
-0.021794
-0.013092
-0.016739
0.002799
0.043881
0.070368
0.067282
0.057293
0.051726
0.034341
0.019786
0.019438
0.011118
-0.010440
-0.011992
0.001437
0.009002
0.012809
0.017354
0.023602
0.030577
0.028291
0.018433
0.009873
0.010097
0.010650
0.002726
-0.000754
-0.001042
0.002322
0.005976
0.006889
0.007359
0.008097
0.008936
0.010024
0.007620
0.006029
0.004769
0.005956
0.005784
0.003802
0.002258
0.000972
0.003658
0.004320
0.004435
0.003388
0.004331
0.004456
0.001808
0.001797
0.002625
0.003619
0.002011
-0.002251
0.000947
0.004881
0.005483
0.005208
0.005736
0.008616
0.005461
-0.002036
-0.002771
0.001987
0.004038
0.004127
0.007586
0.018131
0.015057
0.007906
0.012464
0.020879
0.015588
0.015978
0.035256
0.038340
0.021059
0.002650
-0.016719
-0.026873
-0.034666
-0.028725
-0.031027
-0.029537
0.019454
0.053470
0.022889
-0.007357
-0.014418
-0.041493
-0.078163
-0.081964
-0.045261
-0.008301
0.008228
0.039756
0.086901
0.109364
0.115497
0.082898
0.028446
0.011249
0.019581
0.016188
-0.008480
-0.027224
-0.013158
0.014616
0.022732
0.011735
0.005547
0.010362
0.025332
0.029043
0.013188
-0.000980
-0.001637
0.000244
-0.012817
-0.026609
-0.023946
-0.018904
-0.022377
-0.021608
-0.016632
-0.013395
-0.008252
-0.008406
-0.015332
-0.020978
-0.019100
-0.016930
-0.021048
-0.022203
-0.021907
-0.018128
-0.016470
-0.016980
-0.015443
-0.015303
-0.013658
-0.014715
-0.014519
-0.015101
-0.014922
-0.011528
-0.010518
-0.010661
-0.012466
-0.011688
-0.010215
-0.012146
-0.012721
-0.011456
-0.009384
-0.008834
-0.011791
-0.011506
-0.009072
-0.012333
-0.016902
-0.015862
-0.014071
-0.010351
-0.005647
0.004236
0.012764
0.016743
0.030732
0.047638
0.045666
0.031345
0.025011
0.028564
0.018090
-0.002920
-0.016883
-0.022456
-0.031084
-0.040331
-0.039211
-0.026494
-0.017064
-0.017836
-0.014998
-0.001371
0.011634
-0.013314
-0.059337
-0.068800
-0.080587
-0.094645
-0.097224
-0.089358
-0.078921
-0.064243
-0.012061
0.031118
0.043118
0.049791
0.063256
0.067099
0.056104
0.039025
0.011997
0.010637
0.025682
0.021994
0.004207
0.018245
0.053577
0.066863
0.066276
0.059680
0.048329
0.032460
0.018107
0.006892
-0.004319
-0.005512
-0.002992
-0.001082
-0.001654
0.003256
0.011147
0.009891
0.008501
0.001992
-0.004321
-0.009244
-0.009683
-0.011225
-0.014385
-0.011071
-0.009751
-0.010042
-0.011288
-0.009924
-0.006637
-0.004549
-0.004083
-0.006405
-0.008836
-0.008968
-0.009934
-0.009818
-0.008363
-0.005770
-0.004422
-0.006860
-0.004876
-0.001928
-0.003854
-0.005265
-0.001952
-0.003345
-0.008328
-0.007983
-0.008718
-0.011162
-0.014265
-0.013544
-0.011878
-0.015491
-0.013523
-0.007423
-0.013020
-0.017267
-0.006240
-0.020065
-0.038514
-0.038170
-0.046938
-0.049137
-0.040870
-0.017920
0.004839
0.002064
0.001937
0.023323
0.019597
-0.011394
-0.036406
-0.052912
-0.047479
-0.049162
-0.056073
-0.057059
-0.068307
-0.062405
-0.036359
-0.016370
-0.013157
-0.003257
0.018485
0.027020
0.009927
-0.005843
-0.007952
-0.015290
-0.019498
-0.018300
-0.014861
0.009066
0.020534
0.024510
0.033177
0.037446
0.039860
0.030473
0.018055
0.025279
0.035520
0.029284
0.031039
0.037131
0.041529
0.045145
0.044510
0.038111
0.031458
0.033270
0.036105
0.027669
0.019854
0.019463
0.024067
0.028201
0.028324
0.024660
0.020414
0.019313
0.017694
0.016426
0.013854
0.013992
0.013100
0.010963
0.010382
0.008628
0.008593
0.009505
0.008233
0.007882
0.008915
0.009406
0.009346
0.008165
0.006343
0.007281
0.007867
0.004763
0.003305
0.004284
0.002895
0.000919
0.003896
0.006646
0.006483
0.008886
0.008779
0.007343
0.002660
-0.010829
-0.018142
-0.023456
-0.023837
-0.003400
0.011507
0.013098
0.027317
0.025870
0.016974
0.010263
-0.001074
0.011308
0.021561
0.040236
0.078082
0.077630
0.072056
0.072352
0.050033
0.036740
0.035029
0.027967
0.007964
0.008446
0.033598
0.031109
0.002085
-0.000523
0.003665
0.009934
0.010057
0.000418
0.002523
0.004154
0.027144
0.029612
0.005782
-0.006522
-0.028908
-0.028034
-0.018098
-0.032628
-0.041367
-0.034638
-0.019343
-0.020273
-0.040845
-0.046156
-0.032582
-0.029037
-0.035478
-0.046492
-0.049422
-0.037673
-0.030102
-0.025450
-0.019442
-0.017785
-0.019050
-0.020538
-0.019133
-0.016840
-0.015986
-0.017839
-0.016189
-0.017127
-0.017956
-0.013427
-0.012465
-0.011740
-0.012265
-0.010746
-0.009236
-0.009341
-0.010125
-0.010965
-0.010350
-0.008973
-0.009185
-0.010213
-0.010693
-0.009173
-0.008698
-0.007452
-0.005455
-0.005239
-0.004099
-0.004348
-0.003446
-0.005114
-0.006577
-0.007738
-0.013885
-0.015915
-0.010974
-0.005158
-0.001061
0.003874
0.009615
0.010243
0.007465
0.006187
-0.000589
-0.004794
0.001197
0.002212
0.011264
0.020910
0.024852
0.032690
0.024856
0.019185
0.000706
-0.026771
-0.039326
-0.034925
-0.016952
-0.007715
-0.017930
-0.021905
-0.012450
-0.021372
-0.064998
-0.110029
-0.118018
-0.101665
-0.088264
-0.071812
-0.052564
-0.016012
0.018823
0.017274
0.000719
-0.024498
-0.042933
-0.039135
-0.031252
-0.020901
-0.002339
0.017743
0.055364
0.078353
0.072782
0.064906
0.052348
0.048527
0.052228
0.045483
0.035710
0.027882
0.029918
0.034301
0.031861
0.029074
0.020123
0.013793
0.016158
0.019502
0.019245
0.015991
0.015599
0.016347
0.015394
0.014128
0.011155
0.008516
0.006278
0.006050
0.004815
0.003401
0.004783
0.002828
0.002477
0.003496
0.004196
0.005348
0.004823
0.004498
0.004671
0.005300
0.005158
0.004097
0.004530
0.003749
0.002497
0.003080
0.005277
0.007241
0.006045
0.003583
0.002388
0.002290
-0.002617
-0.006642
-0.002140
-0.002916
-0.006945
-0.005252
-0.003049
0.003587
0.007261
0.009228
0.005499
0.006729
0.013976
0.008369
0.000153
0.003076
0.012924
0.015009
0.013909
0.031440
0.023510
-0.013347
-0.021842
-0.020425
-0.019140
-0.011098
-0.018883
-0.013206
0.023355
0.018626
0.002158
0.001697
-0.001792
-0.003031
-0.022598
-0.009584
0.014588
-0.001377
-0.004409
0.013642
0.029881
0.042328
0.046280
0.030561
0.039903
0.078890
0.089109
0.065428
0.035454
0.018118
0.014693
0.008284
-0.012191
-0.026404
-0.015626
0.006182
0.022403
0.024600
0.022924
0.023926
0.021665
0.006129
-0.015710
-0.024398
-0.029961
-0.033702
-0.036289
-0.030885
-0.020723
-0.015320
-0.010765
-0.014137
-0.016764
-0.017551
-0.018035
-0.022206
-0.027350
-0.025866
-0.025258
-0.024504
-0.023350
-0.023378
-0.021848
-0.020644
-0.019277
-0.018853
-0.018376
-0.016384
-0.017241
-0.016942
-0.019216
-0.020540
-0.018133
-0.018006
-0.017330
-0.016125
-0.015971
-0.018126
-0.018652
-0.014741
-0.017556
-0.020599
-0.022680
-0.030324
-0.034092
-0.028504
-0.025854
-0.022892
-0.013291
-0.005024
-0.003032
-0.010400
-0.008950
-0.021202
-0.045719
-0.039861
-0.024311
-0.018009
-0.016456
-0.008129
0.001762
-0.005539
-0.000435
0.024981
0.012158
-0.002488
0.027788
0.063266
0.091241
0.104881
0.095329
0.093519
0.108474
0.099559
0.049319
-0.013451
-0.018869
-0.005574
-0.045039
-0.073811
-0.065278
-0.045545
-0.011051
0.011047
0.001536
-0.009056
0.004653
0.010953
0.003358
-0.007053
-0.014290
-0.005400
0.010574
0.014522
0.016519
0.024259
0.022189
0.017822
0.014240
0.011957
0.005873
-0.000678
-0.005246
-0.005259
-0.002984
-0.002976
-0.001429
-0.005234
-0.007417
-0.004246
-0.008183
-0.010375
-0.012193
-0.018304
-0.020987
-0.021094
-0.018739
-0.020277
-0.019841
-0.018667
-0.017347
-0.017055
-0.017817
-0.016985
-0.016674
-0.016977
-0.016857
-0.017229
-0.018048
-0.019174
-0.017880
-0.016566
-0.016359
-0.013297
-0.012361
-0.011094
-0.009875
-0.007791
-0.003980
-0.002714
-0.005047
-0.007985
-0.007886
-0.011357
-0.018193
-0.015745
-0.010524
-0.007265
-0.015770
-0.018354
-0.008859
-0.012254
-0.014396
-0.012279
-0.020734
-0.004468
0.011554
0.003818
0.000769
-0.009149
-0.010955
-0.010984
0.000741
0.012417
0.004701
0.029035
0.063904
0.073232
0.065901
0.046668
0.041314
0.048555
0.053159
0.042367
0.016894
0.016038
0.047672
0.027905
-0.031814
-0.056726
-0.051958
-0.026926
-0.016880
-0.024178
-0.021261
-0.011155
0.000279
0.015355
0.000735
-0.030176
-0.035328
-0.035370
-0.036258
-0.042678
-0.058674
-0.067037
-0.061240
-0.046956
-0.044775
-0.047723
-0.038777
-0.030527
-0.025584
-0.017090
-0.009615
-0.014281
-0.019252
-0.018841
-0.015416
-0.010207
-0.010071
-0.009242
-0.008026
-0.005941
-0.001631
0.000040
0.002249
0.005472
0.005415
0.005991
0.005612
0.003192
0.003210
0.004209
0.005579
0.005448
0.004851
0.003373
0.001807
0.001428
0.002288
0.003072
0.002509
0.003232
0.003665
0.004189
0.003401
0.002465
0.002121
-0.002026
-0.004054
-0.001521
0.001082
0.000276
0.000103
0.003303
0.008377
0.009817
0.007343
0.005776
0.009144
0.015429
0.011450
-0.000344
0.000325
0.004536
-0.002494
0.000520
0.017712
0.024555
0.032216
0.046081
0.049478
0.042677
0.049462
0.059182
0.053942
0.059303
0.042040
0.004849
-0.010866
-0.005490
-0.016719
-0.045992
-0.027217
-0.007196
-0.018609
0.002488
0.025350
0.010040
-0.010717
-0.001522
0.008185
-0.010555
-0.027660
-0.034441
-0.048538
-0.042912
-0.032569
-0.049373
-0.042093
-0.012398
-0.003606
0.000775
0.019194
0.030840
0.020992
0.005510
-0.005827
-0.015306
-0.022822
-0.026574
-0.024589
-0.020779
-0.010072
-0.003109
0.001602
0.005913
0.004588
0.004610
0.001352
-0.002224
-0.007408
-0.010257
-0.010321
-0.009872
-0.009003
-0.008263
-0.005679
-0.003561
-0.003201
-0.003631
-0.005095
-0.004647
-0.004638
-0.004600
-0.003448
-0.003999
-0.002948
-0.002912
-0.003626
-0.003060
-0.002715
-0.002483
-0.001559
0.000820
0.002306
0.001027
0.000185
-0.000683
-0.002902
-0.005213
-0.004056
-0.003780
-0.005527
-0.006453
-0.006969
-0.006152
-0.006441
-0.006581
-0.006594
-0.006854
-0.006322
-0.004711
-0.004291
-0.003487
-0.002455
-0.000508
0.001796
0.003051
0.002991
0.000465
-0.000769
0.000318
-0.000057
0.000408
0.001151
0.004036
0.002113
0.000476
0.002969
0.002708
0.002250
0.002370
0.003156
0.002918
0.002919
0.001251
0.001313
0.000787
0.000743
0.000331
0.000568
0.001217
0.001767
0.001469
0.001934
0.001921
0.002060
0.001520
0.001305
0.000991
0.000948
0.000801
0.000883
0.001051
0.001166
0.001127
0.001042
0.000942
0.000927
0.000838
0.000867
0.000880
0.000867
0.000843
0.000856
0.000871
0.000815
0.000788
0.000732
0.000666
0.000636
0.000625
0.000583
0.000484
0.000375
0.000292
0.000274
0.000315
0.000308
0.000301
0.000273
0.000281
0.000216
0.000164
0.000212
0.000318
0.000455
0.000553
0.000504
0.000369
0.000335
0.000192
0.000208
0.000324
0.000367
0.000280
0.000335
0.000185
0.065872
0.038506
-0.157632
0.054216
0.105087
-0.073868
-0.060839
-0.030486
0.079301
0.081792
0.026984
0.134459
0.222641
0.025649
-0.263429
-0.233146
-0.148589
-0.021103
0.132350
0.235576
0.003804
0.311842
0.090549
-0.437949
-0.120155
-0.475382
-0.095096
0.727030
-0.070163
-0.316955
0.653537
0.214916
-0.694980
-0.771980
-0.637262
0.707200
0.231405
-0.878754
0.406373
0.360905
-0.135650
-0.044770
-0.470483
0.027700
0.217805
-0.519700
-0.020853
0.505076
0.380176
0.308870
0.251277
0.034978
0.009415
-0.075433
-0.023135
0.485319
0.155882
-0.264594
-0.123208
-0.065790
0.013733
-0.030504
-0.041220
0.164722
0.185363
-0.047821
-0.092816
-0.071796
0.002544
0.060543
0.012867
-0.023536
0.000472
0.024977
-0.030912
-0.008511
-0.005564
0.015658
0.018211
-0.002033
-0.004721
0.002746
0.005693
0.014593
0.024026
-0.000131
-0.001046
0.006773
-0.007978
-0.001512
-0.010723
0.017264
0.036979
-0.036363
-0.024606
0.002439
0.023338
0.037135
-0.061074
-0.043986
0.053814
-0.016284
0.000522
0.011579
0.089326
0.132867
-0.101367
-0.037645
0.005644
-0.039041
-0.036378
-0.049784
0.258373
0.212746
-0.292323
-0.131963
0.339597
0.111542
-0.358356
0.069153
0.149934
0.233001
0.386822
-0.317610
-0.001266
-0.064331
-0.498353
-0.127250
-0.558007
0.056169
1.214247
0.194125
-0.660421
0.182483
0.143932
-0.440751
-0.712905
-0.603526
0.494966
0.393177
-0.438404
0.351563
0.568947
0.357807
0.517564
-0.138064
-0.322074
-0.065004
0.318265
0.409957
-0.093685
-0.366174
0.102955
0.297096
-0.288844
-0.115509
-0.116938
-0.033239
0.249940
0.010758
-0.025237
-0.057288
-0.063034
-0.020877
-0.028944
-0.142761
-0.005288
0.044657
-0.150598
-0.096495
-0.014839
0.000088
-0.013929
-0.053973
-0.093667
-0.020419
-0.037761
-0.030998
0.008942
-0.054268
-0.025100
-0.008809
-0.026356
-0.029369
-0.009027
-0.015463
-0.017497
-0.026775
-0.045992
-0.032527
-0.010840
0.006423
-0.018686
-0.021982
-0.008210
0.035033
0.033068
-0.081402
-0.028130
0.003500
0.021244
0.019932
-0.061297
0.075995
0.014752
-0.118083
0.006247
-0.043619
-0.045042
-0.079982
0.032107
0.217774
-0.129243
-0.109873
0.187950
0.244035
0.145587
0.015844
0.259684
0.225874
-0.249465
-0.292011
0.132247
0.193842
-0.072941
-0.330370
-0.286602
0.057298
-0.167030
-0.117978
0.006482
0.425757
0.381334
-0.658540
-0.135933
-0.184012
-0.436486
-0.004687
-0.060565
-0.092031
-0.685551
-0.418921
0.224040
0.607340
0.215730
-0.021452
0.312771
0.300747
0.151999
-0.135699
0.129362
0.328141
0.350935
-0.164902
-0.339363
0.144802
0.303088
0.312937
0.198444
0.152120
-0.000880
-0.135867
-0.215619
-0.037856
0.077704
0.019124
0.011960
-0.070400
-0.078872
-0.076555
-0.004497
-0.006187
0.000996
-0.020913
-0.061201
-0.064542
-0.056345
-0.026873
-0.016776
-0.000676
-0.017067
-0.028038
-0.043958
-0.027544
0.002045
0.002881
-0.010317
-0.025306
-0.017923
-0.024322
-0.036680
-0.031094
-0.010296
0.020939
-0.022099
-0.039732
0.083437
0.042653
-0.102506
0.030043
0.040918
-0.075046
0.046213
0.010107
-0.006157
0.059213
-0.079172
-0.056540
0.015850
-0.177682
0.088683
0.231679
-0.302545
0.218540
0.018171
-0.547714
0.309769
0.037015
-0.304714
-0.251919
-0.448376
0.136873
0.471297
-0.354965
0.210565
0.721350
-0.221488
-0.360206
-0.418379
-0.081995
0.124968
0.069823
0.275887
-0.098336
-0.650249
-0.398736
0.000961
0.029848
-0.017346
0.143896
0.583415
0.174859
-0.497965
0.008032
0.155675
-0.201607
0.093242
-0.042811
0.225762
0.314704
-0.241908
0.005187
0.138510
0.104335
0.212596
-0.018553
-0.113362
0.202026
0.066812
0.022469
0.111893
0.063091
0.219633
0.139597
0.034244
-0.019927
0.021790
0.052895
0.081336
0.036562
-0.041337
0.003368
0.046754
0.059320
0.029216
0.014376
-0.020704
0.004185
0.009965
0.005815
0.019361
-0.004122
-0.004818
-0.003732
-0.007622
-0.000064
0.007787
-0.006804
-0.002587
0.010994
-0.006264
0.017249
0.010667
-0.038633
0.028346
0.045736
-0.028116
-0.048520
0.027741
0.064578
-0.067532
-0.054648
0.042324
-0.015215
0.078086
0.045643
-0.102833
0.188714
0.023453
-0.173697
0.154090
-0.388139
-0.253898
0.274404
-0.323880
0.314837
0.554277
-0.188649
0.216107
-0.358867
-0.373320
0.112004
-0.426220
0.612546
0.713651
0.300082
0.556526
-0.294180
-0.586631
0.078376
0.302461
0.218175
-0.024531
0.088218
0.356111
-0.238604
-0.298905
-0.351910
0.118793
0.368050
-0.400768
0.266972
-0.306427
-0.292063
0.549639
0.060414
0.289000
-0.372112
-0.606537
0.322521
0.006709
-0.271337
0.036884
-0.050979
0.180186
-0.179673
-0.508774
0.046747
0.085269
-0.071553
-0.079878
-0.202269
-0.115516
-0.023209
-0.124139
0.086223
0.121519
-0.081256
-0.059944
-0.079490
0.010498
0.076842
0.003096
-0.020552
-0.001263
-0.038423
-0.016816
0.015669
0.012082
0.021459
-0.008831
-0.001562
-0.002920
-0.007148
-0.017158
-0.008519
0.012711
0.004260
-0.028127
-0.015262
0.001497
-0.001846
-0.009835
-0.021774
-0.034053
-0.041378
0.027926
0.037552
0.009123
0.019273
-0.038209
-0.047176
-0.091214
-0.091407
0.071939
0.037662
-0.002914
0.096864
0.020972
-0.143800
0.116433
0.150805
-0.028360
0.220093
-0.383067
-0.170996
0.267946
-0.006264
0.346418
0.071928
0.079254
0.356316
-0.087423
-0.529239
-0.508223
0.016105
0.395900
0.164189
-0.193242
-0.029794
0.330610
0.077357
-0.655794
-0.689737
-0.339029
-0.290633
-0.019623
-0.107030
-0.078635
0.360464
0.057238
0.028729
0.261964
-0.419848
-0.263770
-0.035867
-0.158790
0.355314
0.072127
0.149138
0.541879
0.170390
0.193308
0.019397
-0.125679
0.214202
0.290988
0.250098
0.137294
-0.002163
0.024953
0.014398
0.056951
0.024431
-0.075403
-0.009052
-0.022118
0.029149
0.014339
-0.097342
-0.037219
0.030356
0.008477
0.025040
0.016656
-0.033061
-0.008619
-0.021672
-0.011873
0.023890
-0.015369
-0.018620
-0.002127
-0.008949
0.001626
0.005736
-0.016509
-0.007028
0.007246
0.001025
-0.006956
0.007943
0.022627
-0.009037
-0.009738
-0.002204
0.020908
0.003121
-0.001767
0.034332
0.090900
0.031674
-0.215563
-0.011024
0.053877
-0.006526
0.074979
0.027237
0.000181
-0.102687
-0.045598
-0.091025
0.103319
0.350232
0.002435
-0.125329
-0.071111
-0.103289
0.061113
-0.232650
0.232473
0.845923
-0.194877
-0.402722
-0.110896
-0.453287
0.125707
0.028410
-0.544240
1.022001
0.260702
-0.976567
0.316685
-0.098949
0.138395
-0.068338
-0.517801
0.403318
0.474739
-0.233066
-0.393302
0.192179
0.063771
0.330175
0.068753
-0.328601
0.282314
0.559775
0.393527
0.082125
-0.207239
-0.065640
0.309998
-0.119225
-0.276249
-0.093848
-0.064447
0.035830
0.108322
0.014517
0.008407
0.101896
-0.097295
-0.091160
-0.109763
-0.092502
-0.050311
-0.122915
-0.097888
-0.014619
0.003980
-0.064536
-0.055577
-0.063147
-0.038922
-0.041156
-0.037490
-0.032284
-0.044116
-0.043886
-0.040807
-0.016636
-0.032949
-0.026083
-0.022060
-0.026268
-0.033865
-0.031631
-0.029820
-0.015944
-0.001602
-0.043831
-0.034754
-0.005640
-0.033465
-0.025714
-0.010814
0.014144
0.013953
-0.066888
-0.004290
-0.003998
-0.094692
0.081777
0.053822
-0.177161
-0.000300
-0.168736
-0.291754
0.103558
0.129644
0.272347
-0.042964
-0.113552
0.040853
-0.247975
-0.115664
-0.075374
-0.070589
0.045464
-0.016034
0.362553
-0.106741
-0.716444
0.544236
0.516336
-0.524073
-0.239897
-0.062489
0.284032
1.190935
0.159014
-0.428475
0.739444
0.374637
0.342569
0.080118
-0.622787
0.356679
0.245489
-0.623236
-0.535743
-0.195774
-0.159795
0.080997
0.156844
-0.211671
-0.059225
-0.129410
-0.141542
0.094064
-0.110829
-0.126175
0.290209
0.106703
-0.032808
0.285840
0.054138
-0.110201
0.031562
0.109053
0.103353
0.070320
-0.139769
-0.031848
0.096971
-0.144026
0.017357
0.049376
-0.058778
-0.019981
-0.043643
-0.055621
-0.003890
-0.072658
-0.096022
-0.014181
-0.060915
-0.038362
-0.050324
-0.077586
-0.038858
-0.010848
-0.040475
-0.020378
-0.001472
-0.026947
-0.013576
-0.025814
-0.013185
-0.009745
-0.021725
-0.028152
-0.018993
-0.000302
-0.021573
-0.017593
-0.044698
0.005894
0.031579
0.010372
-0.028638
-0.101177
0.103725
0.116412
-0.169657
-0.182351
-0.107967
0.139051
0.152884
-0.165113
0.167901
-0.034522
-0.333584
0.258217
-0.299847
-0.027014
0.411258
-0.240280
0.411648
0.121481
-0.408773
-0.202149
-0.076625
0.451322
-0.120549
-0.295166
0.069622
0.287238
0.863708
0.194314
-0.509606
-0.017058
0.069283
0.212966
0.430183
-0.387599
0.414667
0.877442
-0.460303
-0.571207
-0.492106
-0.349234
0.156068
0.042643
0.066599
0.216575
-0.404137
-0.214350
0.251993
-0.186483
-0.092633
-0.072331
0.074951
0.192330
-0.179007
-0.361781
-0.221391
-0.124472
-0.048968
0.039067
-0.095807
-0.081610
-0.138674
-0.095625
0.075017
0.091211
0.021374
-0.052708
-0.032143
0.053523
0.069290
0.002494
0.021148
0.028394
0.041712
0.026901
0.007355
0.019019
0.019958
0.045392
0.034934
0.031646
0.014978
0.016176
0.027312
0.026178
0.025314
0.008761
0.013275
0.001129
-0.005120
0.013335
-0.003257
0.005784
0.008730
-0.025663
-0.016850
0.008006
0.052669
0.035526
-0.075309
-0.072623
0.013341
-0.060948
-0.043272
0.048084
0.060985
0.166822
-0.027510
-0.193201
-0.054554
0.058811
0.221478
0.072512
0.051106
0.157918
-0.290959
-0.311059
0.121735
0.123989
0.146940
0.146070
0.256121
0.057418
-0.058930
0.089901
-0.220063
0.506995
0.592847
-0.122893
0.033529
-0.055430
-0.112258
-0.643817
-0.135511
0.406831
-0.332360
0.009722
0.249057
0.027262
-0.194471
-0.507943
-0.026103
0.611825
-0.113268
-0.268223
0.060326
-0.173311
-0.042658
-0.310888
-0.267780
0.156035
-0.000222
-0.077713
0.093518
0.172837
0.187112
0.045374
-0.158895
0.028447
0.075920
-0.083144
-0.079660
-0.011520
0.012766
0.010003
0.000903
0.020527
0.035373
-0.022938
-0.020177
-0.013049
-0.012331
-0.006912
-0.007429
0.004942
0.003418
-0.015071
-0.020455
-0.007706
0.004444
0.001097
-0.006675
-0.013085
-0.015437
-0.012270
-0.000673
-0.009474
-0.003041
0.003178
0.007767
0.005732
-0.005233
-0.004556
-0.014861
-0.009951
0.007832
0.000105
-0.004890
0.043499
0.022694
-0.034699
-0.030592
-0.017645
-0.031393
0.001880
0.028654
0.006488
0.012754
-0.020524
-0.035997
-0.024703
-0.037374
-0.000400
0.032265
0.011806
-0.002271
-0.008219
-0.008112
0.015390
0.020809
0.015069
0.013374
0.001474
0.001980
0.007645
0.004682
0.006186
0.011118
0.005899
0.003723
0.002784
-0.000507
0.001903
0.004405
0.003294
0.002063
0.000694
-0.003375
0.000017
0.003068
0.004410
0.008228
0.009556
0.004615
0.000834
-0.001580
-0.003081
-0.003916
0.002211
0.005953
0.001350
-0.000026
-0.001022
0.000170
0.003162
0.002738
0.002682
0.005817
0.005012
0.002550
-0.000173
-0.001613
-0.003388
-0.005183
-0.005100
-0.001184
0.001935
0.003971
0.003242
0.002323
0.002002
0.001174
0.000160
0.000128
-0.000187
-0.000490
-0.000373
-0.000090
0.000448
0.001362
0.001393
0.001137
0.000763
0.000323
0.000124
0.000260
0.000442
0.000247
-0.000047
-0.000277
-0.000222
0.000042
0.000215
-0.000010
-0.000409
-0.000753
-0.000849
-0.000637
-0.000235
0.000037
0.000067
-0.000250
-0.000672
-0.000828
-0.000583
-0.000326
-0.000274
-0.000372
-0.000619
-0.000577
-0.000104
0.000284
0.000303
0.000396
0.000076
-0.000425
-0.000485
-0.000236
0.000112
0.000755
0.000901
0.000394
-0.000120
-0.000518
-0.000530
-0.000181