-0.262202
-0.244568
-0.219832
-0.187551
-0.147792
-0.101338
-0.049750
0.004746
0.059533
0.111981
0.159812
0.201358
0.235658
0.262382
0.281646
0.293802
0.299286
0.298587
0.292324
0.281376
0.266995
0.250809
0.234684
0.220459
0.209619
0.203014
0.200704
0.201989
0.205609
0.210057
0.213893
0.215973
0.215539
0.212150
0.205532
0.195414
0.181437
0.163195
0.140386
0.113025
0.081624
0.047254
0.011460
-0.023976
-0.057350
-0.087327
-0.113121
-0.134510
-0.151698
-0.165072
-0.174968
-0.181513
-0.184618
-0.184106
-0.179922
-0.172328
-0.162013
-0.150048
-0.137710
-0.126229
-0.116544
-0.109165
-0.104181
-0.101407
-0.100610
-0.101723
-0.104956
-0.110759
-0.119644
-0.131935
-0.147533
-0.165792
-0.185559
-0.205360
-0.223694
-0.239307
-0.251386
-0.259604
-0.264017
-0.264871
-0.262413
-0.256780
-0.248011
-0.236186
-0.221625
-0.205044
-0.187614
-0.170841
-0.156323
-0.145411
-0.138910
-0.136889
-0.138674
-0.143006
-0.148314
-0.153004
-0.155682
-0.155234
-0.150790
-0.141602
-0.126927
-0.105995
-0.078099
-0.042797
-0.000160
0.049026
0.103199
0.160127
0.217194
0.271766
0.321563
0.364917
0.400862
0.429068
0.449650
0.462957
0.469427
0.469545
0.463931
0.453462
0.439390
0.423343
0.407187
0.392761
0.381549
0.374403
0.371383
0.371789
0.374363
0.377598
0.380056
0.380594
0.378455
0.373200
0.364559
0.352259
0.335946
0.315216
0.289768
0.259622
0.225289
0.187847
0.148842
0.110059
0.073206
0.039621
0.010094
-0.015149
-0.036309
-0.053771
-0.067863
-0.078710
-0.086218
-0.090207
-0.090615
-0.087703
-0.082153
-0.075031
-0.067611
-0.061117
-0.056483
-0.054214
-0.054395
-0.056834
-0.061295
-0.067705
-0.076268
-0.087429
-0.101696
-0.119386
-0.140396
-0.164073
-0.189260
-0.214478
-0.238220
-0.259226
-0.276678
-0.290245
-0.299976
-0.306113
-0.308898
-0.308461
-0.304837
-0.298102
-0.288568
-0.276950
-0.264411
-0.252454
-0.242671
-0.236408
-0.234466
-0.236911
-0.243063
-0.251659
-0.261123
-0.269859
-0.276466
-0.279829
-0.279073
-0.273446
0.620188
0.519653
0.421384
0.333727
0.263189
0.212887
0.181954
0.166109
0.159188
0.155079
0.149389
0.140259
0.128117
0.114527
0.100660
0.086051
0.068149
0.042896
0.006123
-0.044771
-0.109504
-0.184493
-0.263543
-0.339413
-0.405721
-0.458518
-0.496958
-0.522880
-0.539463
-0.549533
-0.554147
-0.552040
-0.540127
-0.514874
-0.474005
-0.417877
-0.349982
-0.276364
-0.204148
-0.139720
-0.087208
-0.047832
-0.020310
-0.002143
0.008759
0.012770
0.008092
-0.008651
-0.040968
-0.090763
-0.156961
-0.235057
-0.317791
-0.396743
-0.464303
-0.515340
-0.548005
-0.563429
-0.564518
-0.554348
-0.534808
-0.506044
-0.466896
-0.416130
-0.353957
-0.283164
-0.209348
-0.140066
-0.083120
-0.044537
-0.026947
-0.028905
-0.045388
-0.069275
-0.093265
-0.111558
-0.120741
-0.119634
-0.108277
-0.086552
-0.053092
-0.004981
0.061557
0.149704
0.260348
0.390829
0.534641
0.682293
0.823102
0.947345
1.048087
1.122101
1.169637
1.193233
1.196076
1.180580
1.147719
1.097354
1.029351
0.944990
0.848026
0.744879
0.643776
0.553065
0.479256
0.425470
0.390844
0.371100
0.360077
0.351669
0.341484
0.327671
0.310660
0.292021
0.272931
0.252928
0.229467
0.198496
0.155852
0.098939
0.028045
-0.053241
-0.138717
-0.221136
-0.294111
-0.353683
-0.399004
-0.431901
-0.455551
-0.472770
-0.484608
-0.489794
-0.485236
-0.467392
-0.433979
-0.385347
-0.324979
-0.258913
-0.194266
-0.137417
-0.092487
-0.060687
-0.040728
-0.030105
-0.026718
-0.030188
-0.042304
-0.066436
-0.106085
-0.163147
-0.236540
-0.321754
-0.411520
-0.497410
-0.571810
-0.629582
-0.668867
-0.690793
-0.698258
-0.694332
-0.680898
-0.658096
-0.624759
-0.579649
-0.522971
-0.457506
-0.388846
-0.324543
-0.272393
-0.238419
-0.225248
-0.231429
-0.251934
-0.279640
-0.307241
-0.328935
-0.341303
-0.343165
-0.334555
-0.315354
-0.284192
-0.238152
-0.173453
-0.086915
0.022355
0.151696
0.294604
0.441589
0.581969
0.706020
0.806809
0.881108
0.929166
0.953522
0.957362
0.943098
0.911704
0.863039
0.796966
0.714765