-0.213938
-0.176701
-0.131537
-0.079443
-0.022224
0.037598
0.097055
0.153129
0.203169
0.245215
0.278157
0.301693
0.316149
0.322227
0.320798
0.312789
0.299212
0.281263
0.260431
0.238528
0.217583
0.199587
0.186168
0.178279
0.176002
0.178540
0.184405
0.191739
0.198687
0.203690
0.205645
0.203890
0.198066
0.187934
0.173246
0.153730
0.129203
0.099771
0.066018
0.029109
-0.009274
-0.047144
-0.082539
-0.113847
-0.140047
-0.160774
-0.176213
-0.186865
-0.193270
-0.195806
-0.194621
-0.189718
-0.181155
-0.169259
-0.154773
-0.138854
-0.122925
-0.108414
-0.096486
-0.087850
-0.082715
-0.080906
-0.082082
-0.085983
-0.092583
-0.102108
-0.114894
-0.131148
-0.150688
-0.172789
-0.196174
-0.219191
-0.240103
-0.257407
-0.270085
-0.277699
-0.280331
-0.278390
-0.272394
-0.262802
-0.249970
-0.234240
-0.216120
-0.196449
-0.176482
-0.157811
-0.142126
-0.130886
-0.124973
-0.124470
-0.128597
-0.135861
-0.144335
-0.152003
-0.157042
-0.157985
-0.153734
-0.143460
-0.126477
-0.102167
-0.070024
-0.029819
0.018167
0.072935
0.132679
0.194872
0.256545
0.314678
0.366617
0.410401
0.444918
0.469865
0.485565
0.492721
0.492200
0.484931
0.471924
0.454374
0.433771
0.411926
0.390867
0.372587
0.358712
0.350198
0.347125
0.348700
0.353432
0.359468
0.364951
0.368325
0.368490
0.364784
0.356849
0.344450
0.327341
0.305250
0.278000
0.245698
0.208931
0.168867
0.127192
0.085894
0.046940
0.011944
-0.018066
-0.042724
-0.062211
-0.077023
-0.087697
-0.094606
-0.097894
-0.097559
-0.093655
-0.086504
-0.076846
-0.065831
-0.054878
-0.045411
-0.038588
-0.035114
-0.035194
-0.038646
-0.045126
-0.054367
-0.066337
-0.081259
-0.099463
-0.121149
-0.146132
-0.173679
-0.202511
-0.230968
-0.257308
-0.280023
-0.298090
-0.311065
-0.319025
-0.322375
-0.321626
-0.317232
-0.309544
-0.298900
-0.285802
-0.271084
-0.255997
-0.242126
-0.231159
-0.224549
-0.223174
-0.227111
-0.235577
-0.247075
-0.259673
-0.271351
-0.280282
-0.284996
-0.284390
-0.277633
-0.264034
-0.242972
0.671221
0.579589
0.483404
0.390406
0.308316
0.242984
0.196964
0.169017
0.154739
0.148080
0.143207
0.136075
0.125144
0.111073
0.095563
0.079870
0.063616
0.044403
0.018400
-0.018291
-0.068026
-0.130388
-0.201841
-0.276429
-0.347304
-0.408546
-0.456620
-0.490962
-0.513503
-0.527353
-0.535159
-0.537796
-0.533890
-0.520369
-0.493826
-0.452162
-0.395888
-0.328555
-0.256140
-0.185592
-0.123078
-0.072544
-0.035131
-0.009606
0.006388
0.014776
0.015846
0.007855
-0.012334
-0.047855
-0.100175
-0.167834
-0.246089
-0.327638
-0.404212
-0.468489
-0.515668
-0.544194
-0.555418
-0.552384
-0.538272
-0.515108
-0.483250
-0.441833
-0.389958
-0.328124
-0.259260
-0.188884
-0.124228
-0.072562
-0.039279
-0.026385
-0.031939
-0.050623
-0.075228
-0.098530
-0.114902
-0.121127
-0.116204
-0.100344
-0.073630
-0.034987
0.018086
0.088834
0.179845
0.291465
0.420652
0.560777
0.702518
0.835627
0.950996
1.042365
1.107124
1.146013
1.161910
1.158220
1.137508
1.100893
1.048382
0.979971
0.896994
0.803114
0.704461
0.608776
0.523784
0.455337
0.405992
0.374514
0.356503
0.345911
0.336911
0.325459
0.310022
0.291262
0.270886
0.250154
0.228693
0.204110
0.172579
0.130208
0.074646
0.006316
-0.071239
-0.152058
-0.229287
-0.296999
-0.351654
-0.392680
-0.422002
-0.442724
-0.457484
-0.467153
-0.470348
-0.463992
-0.444667
-0.410271
-0.361307
-0.301318
-0.236273
-0.173116
-0.118004
-0.074877
-0.044869
-0.026739
-0.018125
-0.017090
-0.023344
-0.038618
-0.066046
-0.108753
-0.168198
-0.242915
-0.328154
-0.416606
-0.499996
-0.570993
-0.624792
-0.659830
-0.677451
-0.680695
-0.672733
-0.655588
-0.629609
-0.593927
-0.547637
-0.491232
-0.427637
-0.362362
-0.302637
-0.255726
-0.227017
-0.218512
-0.228265
-0.250955
-0.279367
-0.306275
-0.326049
-0.335466
-0.333526
-0.320432
-0.296268
-0.259955
-0.208990
-0.140126
-0.050773
0.059417
0.187403
0.326557
0.467558
0.600158
0.715252
0.806578
0.871526
0.910838
0.927389
0.924584
0.904989
0.869720
0.818782
0.752172