0.447620
0.508202
0.549786
0.572442
0.577455
0.566561
0.541376
0.503221
0.453391
0.393678
0.326889
0.257068
0.189239
0.128688
0.079975
0.045986
0.027358
0.022452
0.027911
0.039599
0.053604
0.066991
0.078074
0.086180
0.091060
0.092244
0.088631
0.078503
0.059998
0.031837
-0.005952
-0.051647
-0.101940
-0.152558
-0.199199
-0.238478
-0.268559
-0.289272
-0.301696
-0.307398
-0.307608
-0.302678
-0.291996
-0.274403
-0.248924
-0.215523
-0.175582
-0.131882
-0.088105
-0.048004
-0.014553
0.010618
0.027309
0.036339
0.038823
0.035420
0.025881
0.009063
-0.016563
-0.052102
-0.097435
-0.150728
-0.208475
-0.266066
-0.318707
-0.362395
-0.394605
-0.414500
-0.422627
-0.420250
-0.408639
-0.388579
-0.360317
-0.323948
-0.280065
-0.230382
-0.178033
-0.127368
-0.083233
-0.049963
-0.030371
-0.025096
-0.032488
-0.049087
-0.070488
-0.092312
-0.110945
-0.123852
-0.129396
-0.126360
-0.113414
-0.088826
-0.050606
0.002939
0.072399
0.156537
0.251926
0.353145
0.453533
0.546299
0.625655
0.687647
0.730466
0.754177
0.760066
0.749869
0.725199
0.687378
0.637700
0.577957
0.510956
0.440742
0.372338
0.311032
0.261384
0.226281
0.206361
0.199986
0.203801
0.213671
0.225687
0.236915
0.245671
0.251284
0.253509
0.251878
0.245291
0.232036
0.210251
0.178663
0.137302
0.087893
0.033748
-0.020855
-0.071611
-0.115132
-0.149576
-0.174769
-0.191787
-0.202190
-0.207206
-0.207181
-0.201498
-0.188994
-0.168687
-0.140538
-0.105923
-0.067617
-0.029298
0.005287
0.033169
0.052724
0.063758
0.067095
0.063855
0.054704
0.039398
0.016799
-0.014615
-0.055945
-0.107064
-0.166134
-0.229643
-0.292975
-0.351331
-0.400700
-0.438554
-0.464051
-0.477729
-0.480850
-0.474677
-0.459989
-0.437030
-0.405888
-0.367150
-0.322526
-0.275147
-0.229354
-0.189992
-0.161388
-0.146354
-0.145521
-0.157237
-0.178036
-0.203511
-0.229276
-0.251717
-0.268291
-0.277360
-0.277704
-0.267988
-0.246477
-0.211179
-0.160398
-0.093540
-0.011840
0.081277
0.180392
0.278847
0.369852
0.447620
0.508202
0.549786
0.572442
0.577455
0.566561
0.541376
0.503221
0.453391
0.393678
0.326889
0.257068
0.189239
0.128688
0.079975
0.045986
0.027358
0.022452
0.027911
0.039599
0.053604
0.066991
0.078074
0.086180
0.091060
0.092244
0.088631
0.078503
0.059998
0.031837
-0.005952
-0.051647
-0.101940
-0.152558
-0.199199
-0.238478
-0.268559
-0.289272
-0.301696
-0.307398
-0.307608
-0.302678
-0.291996
-0.274403
-0.248924
-0.215523
-0.175582
-0.131882
-0.088105
-0.048004
-0.014553
0.010618
0.027309
0.036339
0.038823
0.035420
0.025881
0.009063
-0.016563
-0.052102
-0.097435
-0.150728
-0.208475
-0.266066
-0.318707
-0.362395
-0.394605
-0.414500
-0.422627
-0.420250
-0.408639
-0.388579
-0.360317
-0.323948
-0.280065
-0.230382
-0.178033
-0.127368
-0.083233
-0.049963
-0.030371
-0.025096
-0.032488
-0.049087
-0.070488
-0.092312
-0.110945
-0.123852
-0.129396
-0.126360
-0.113414
-0.088826
-0.050606
0.002939
0.072399
0.156537
0.251926
0.353145
0.453533
0.546299
0.625655
0.687647
0.730466
0.754177
0.760066
0.749869
0.725199
0.687378
0.637700
0.577957
0.510956
0.440742
0.372338
0.311032
0.261384
0.226281
0.206361
0.199986
0.203801
0.213671
0.225687
0.236915
0.245671
0.251284
0.253509
0.251878
0.245291
0.232036
0.210251
0.178663
0.137302
0.087893
0.033748
-0.020855
-0.071611
-0.115132
-0.149576
-0.174769
-0.191787
-0.202190
-0.207206
-0.207181
-0.201498
-0.188994
-0.168687
-0.140538
-0.105923
-0.067617
-0.029298
0.005287
0.033169
0.052724
0.063758
0.067095
0.063855
0.054704
0.039398
0.016799
-0.014615
-0.055945
-0.107064
-0.166134
-0.229643
-0.292975
-0.351331
-0.400700
-0.438554
-0.464051
-0.477729
-0.480850
-0.474677
-0.459989
-0.437030
-0.405888
-0.367150
-0.322526
-0.275147
-0.229354
-0.189992
-0.161388
-0.146354
-0.145521
-0.157237
-0.178036
-0.203511
-0.229276
-0.251717
-0.268291
-0.277360
-0.277704
-0.267988
-0.246477
-0.211179
-0.160398
-0.093540
-0.011840
0.081277
0.180392
0.278847
0.369852