-0.244074
-0.217276
-0.182723
-0.140527
-0.091500
-0.037260
0.019840
0.076982
0.131279
0.180191
0.221848
0.255197
0.279961
0.296437
0.305244
0.307108
0.302770
0.293022
0.278838
0.261512
0.242699
0.224321
0.208315
0.196299
0.189244
0.187277
0.189658
0.194973
0.201458
0.207370
0.211283
0.212234
0.209692
0.203404
0.193197
0.178833
0.160003
0.136446
0.108165
0.075638
0.039934
0.002655
-0.034275
-0.068948
-0.099800
-0.125860
-0.146812
-0.162882
-0.174589
-0.182461
-0.186828
-0.187754
-0.185140
-0.178931
-0.169351
-0.157059
-0.143152
-0.129006
-0.116014
-0.105304
-0.097537
-0.092872
-0.091084
-0.091805
-0.094770
-0.099992
-0.107775
-0.118559
-0.132673
-0.150056
-0.170089
-0.191587
-0.212973
-0.232570
-0.248937
-0.261109
-0.268698
-0.271814
-0.270868
-0.266334
-0.258580
-0.247830
-0.234269
-0.218237
-0.200425
-0.181971
-0.164391
-0.149344
-0.138290
-0.132144
-0.131035
-0.134252
-0.140385
-0.147614
-0.154054
-0.158031
-0.158238
-0.153724
-0.143776
-0.127767
-0.105077
-0.075128
-0.037566
0.007496
0.059244
0.116055
0.175575
0.234983
0.291391
0.342256
0.385704
0.420685
0.446916
0.464695
0.474639
0.477472
0.473935
0.464820
0.451099
0.434066
0.415376
0.396950
0.380726
0.368321
0.360709
0.358014
0.359500
0.363751
0.369006
0.373522
0.375876
0.375105
0.370681
0.362352
0.349947
0.333230
0.311895
0.285682
0.254599
0.219126
0.180333
0.139827
0.099534
0.061367
0.026891
-0.002917
-0.027738
-0.047795
-0.063602
-0.075685
-0.084367
-0.089710
-0.091609
-0.090006
-0.085119
-0.077604
-0.068551
-0.059334
-0.051340
-0.045690
-0.043044
-0.043552
-0.046987
-0.052974
-0.061243
-0.071803
-0.084950
-0.101123
-0.120641
-0.143441
-0.168897
-0.195820
-0.222626
-0.247634
-0.269397
-0.286945
-0.299884
-0.308320
-0.312657
-0.313365
-0.310806
-0.305201
-0.296727
-0.285721
-0.272869
-0.259303
-0.246535
-0.236218
-0.229809
-0.228217
-0.231568
-0.239145
-0.249535
-0.260913
-0.271390
-0.279289
-0.283298
-0.282463
-0.276066
-0.263478
0.647944
0.550823
0.452476
0.361186
0.284271
0.226306
0.188085
0.166677
0.156569
0.151483
0.146209
0.137833
0.125949
0.111869
0.097195
0.082383
0.065898
0.044327
0.013438
-0.030209
-0.087731
-0.157068
-0.233170
-0.309201
-0.378340
-0.435548
-0.478668
-0.508482
-0.527750
-0.539607
-0.545976
-0.546597
-0.539073
-0.519884
-0.486014
-0.436531
-0.373517
-0.301967
-0.228685
-0.160556
-0.102839
-0.058085
-0.026073
-0.004728
0.008357
0.014418
0.012655
0.000361
-0.025985
-0.069054
-0.129091
-0.203021
-0.284639
-0.365830
-0.438446
-0.496158
-0.535689
-0.556997
-0.562443
-0.555288
-0.538176
-0.512164
-0.476714
-0.430587
-0.373284
-0.306394
-0.234258
-0.163600
-0.102166
-0.056791
-0.031559
-0.026679
-0.038478
-0.060486
-0.085233
-0.106096
-0.118585
-0.120648
-0.112008
-0.092888
-0.062724
-0.019470
0.040173
0.119622
0.220778
0.342539
0.480047
0.625040
0.767266
0.896527
1.004702
1.087084
1.142658
1.173284
1.182185
1.172364
1.145555
1.102097
1.041728
0.964928
0.874186
0.774624
0.673614
0.579444
0.499433
0.438161
0.396423
0.371291
0.357259
0.348050
0.338460
0.325578
0.309002
0.290049
0.270327
0.250297
0.228427
0.201311
0.164722
0.115226
0.051711
-0.023757
-0.106121
-0.188539
-0.264185
-0.328012
-0.377857
-0.414497
-0.440682
-0.459543
-0.472993
-0.480769
-0.480464
-0.468552
-0.442011
-0.399899
-0.344292
-0.280179
-0.214355
-0.153698
-0.103459
-0.066184
-0.041642
-0.027752
-0.022099
-0.023440
-0.032567
-0.052182
-0.085795
-0.136074
-0.203254
-0.284254
-0.372861
-0.460955
-0.540379
-0.604800
-0.650931
-0.678727
-0.690540
-0.689626
-0.678621
-0.658580
-0.628954
-0.588502
-0.536718
-0.475186
-0.408241
-0.342602
-0.286010
-0.245296
-0.224539
-0.223944
-0.239833
-0.265733
-0.294168
-0.318515
-0.334276
-0.339399
-0.333604
-0.317109
-0.289350
-0.248276
-0.190587
-0.112866
-0.013207
0.107287
0.243760
0.387952
0.529610
0.658539
0.766615
0.849135
0.905081
0.936312
0.946054
0.937307
0.911803
0.869880
0.811276
0.736469