-0.266400
-0.270488
-0.271656
-0.268905
-0.261545
-0.249107
-0.231233
-0.207604
-0.177963
-0.142227
-0.100656
-0.054011
-0.003628
0.048645
0.100636
0.150137
0.195198
0.234365
0.266781
0.292155
0.310619
0.322545
0.328387
0.328622
0.323773
0.314510
0.301749
0.286695
0.270774
0.255458
0.242022
0.231311
0.223581
0.218479
0.215171
0.212557
0.209531
0.205186
0.198909
0.190360
0.179358
0.165744
0.149280
0.129653
0.106572
0.079940
0.050015
0.017509
-0.016436
-0.050395
-0.082896
-0.112664
-0.138798
-0.160842
-0.178713
-0.192544
-0.202498
-0.208641
-0.210904
-0.209169
-0.203425
-0.193944
-0.181382
-0.166779
-0.151431
-0.136680
-0.123689
-0.113272
-0.105846
-0.101492
-0.100111
-0.101594
-0.105942
-0.113281
-0.123765
-0.137406
-0.153902
-0.172527
-0.192151
-0.211382
-0.228796
-0.243189
-0.253762
-0.260201
-0.262614
-0.261385
-0.256990
-0.249860
-0.240330
-0.228696
-0.215339
-0.200851
-0.186097
-0.172158
-0.160172
-0.151085
-0.145417
-0.143097
-0.143435
-0.145242
-0.147045
-0.147351
-0.144858
-0.138570
-0.127803
-0.112090
-0.091075
-0.064445
-0.031943
0.006510
0.050651
0.099716
0.152368
0.206756
0.260706
0.312007
0.358709
0.399356
0.433089
0.459616
0.479068
0.491814
0.498311
0.499032
0.494502
0.485388
0.472608
0.457367
0.441090
0.425250
0.411123
0.399554
0.390799
0.384508
0.379846
0.375716
0.371014
0.364832
0.356561
0.345863
0.332559
0.316490
0.297423
0.275047
0.249075
0.219410
0.186314
0.150502
0.113121
0.075597
0.039408
0.005831
-0.024230
-0.050313
-0.072333
-0.090416
-0.104725
-0.115319
-0.122125
-0.125020
-0.123990
-0.119300
-0.111604
-0.101935
-0.091586
-0.081892
-0.074012
-0.068756
-0.066535
-0.067424
-0.071319
-0.078108
-0.087784
-0.100470
-0.116313
-0.135321
-0.157185
-0.181175
-0.206155
-0.230729
-0.253467
-0.273159
-0.289003
-0.300676
-0.308284
-0.312205
-0.312911
-0.310825
-0.306280
-0.299565
-0.291058
-0.281345
-0.271285
-0.261958
-0.254495
-0.249838
-0.248502
-0.250411
-0.254875
-0.260696
0.540609
0.437970
0.346588
0.272241
0.217668
0.182311
0.162906
0.154695
0.152830
0.153481
0.154316
0.154250
0.152666
0.148502
0.139639
0.122910
0.094765
0.052380
-0.005201
-0.076353
-0.156881
-0.240812
-0.321713
-0.394114
-0.454552
-0.501895
-0.536899
-0.561186
-0.576085
-0.581787
-0.577154
-0.560234
-0.529291
-0.483916
-0.425792
-0.358767
-0.288196
-0.219769
-0.158237
-0.106501
-0.065378
-0.034105
-0.011362
0.003610
0.010252
0.006600
-0.010071
-0.042092
-0.090192
-0.152662
-0.225265
-0.301910
-0.375910
-0.441367
-0.494233
-0.532701
-0.556860
-0.567799
-0.566578
-0.553502
-0.528002
-0.489189
-0.436836
-0.372402
-0.299613
-0.224324
-0.153610
-0.094331
-0.051620
-0.027785
-0.021955
-0.030571
-0.048495
-0.070330
-0.091475
-0.108595
-0.119409
-0.121996
-0.114002
-0.092182
-0.052568
0.008719
0.094225
0.203951
0.334614
0.479705
0.630389
0.777005
0.910707
1.024766
1.115161
1.180375
1.220590
1.236666
1.229364
1.199128
1.146486
1.072879
0.981506
0.877761
0.768981
0.663454
0.568961
0.491283
0.433163
0.394047
0.370674
0.358290
0.352050
0.348130
0.344202
0.339186
0.332469
0.322994
0.308649
0.286271
0.252315
0.203964
0.140267
0.062857
-0.024068
-0.114527
-0.202080
-0.281252
-0.348571
-0.402900
-0.444989
-0.476450
-0.498607
-0.511645
-0.514415
-0.504962
-0.481538
-0.443731
-0.393215
-0.333829
-0.270922
-0.210176
-0.156334
-0.112291
-0.078854
-0.055255
-0.040165
-0.032816
-0.033762
-0.044960
-0.069124
-0.108581
-0.164050
-0.233818
-0.313638
-0.397413
-0.478448
-0.550839
-0.610531
-0.655711
-0.686460
-0.703861
-0.708968
-0.702079
-0.682621
-0.649695
-0.603073
-0.544204
-0.476811
-0.406743
-0.341070
-0.286648
-0.248604
-0.229241
-0.227684
-0.240370
-0.262158
-0.287645
-0.312227
-0.332567
-0.346381
-0.351742
-0.346296
-0.326796
-0.289269
-0.229836
-0.145949
-0.037604
0.091916
0.236103
0.386124
0.532318
0.665840
0.779960
0.870657
0.936415
0.977415
0.994516
0.988478
0.959743
0.908839
0.837204
0.748035
0.646726