-0.005633
-0.015814
-0.024113
-0.016444
-0.008552
-0.006958
-0.011176
-0.010889
-0.026488
-0.031572
-0.022386
-0.012455
0.001381
-0.001090
0.023117
-0.007660
-0.045317
0.018611
0.022548
-0.028579
-0.030708
-0.012667
0.023121
0.029502
0.041641
0.078903
0.080352
-0.003734
-0.084029
-0.095955
-0.064750
-0.033254
0.031663
0.055289
0.050018
0.142750
0.030613
-0.107445
-0.118874
-0.211703
-0.028217
0.186842
-0.019135
-0.012027
0.211032
0.036137
-0.249166
-0.350346
-0.191932
0.109529
-0.109470
-0.190464
0.148448
0.113695
0.024882
-0.033764
-0.155368
0.007630
-0.044366
-0.161479
0.059456
0.189527
0.191838
0.150959
0.116751
0.097020
0.029483
-0.046731
0.031638
0.122092
0.023467
-0.057406
-0.042469
-0.044002
-0.037450
-0.062594
-0.020220
0.058969
0.048228
0.007417
-0.007326
-0.012988
-0.004175
-0.006909
-0.004637
0.003424
0.008667
0.006864
-0.006086
-0.002759
-0.005200
-0.001605
0.001978
0.006462
0.004653
0.014337
0.023943
0.022072
0.016704
0.006497
0.003438
0.005678
0.004267
0.004313
0.004188
0.015764
0.014478
-0.005190
-0.004891
0.002486
0.014824
0.010538
-0.015542
-0.004971
0.011795
-0.001897
0.006596
0.013747
0.046851
0.033068
-0.024063
-0.007489
-0.002393
-0.020207
-0.024390
0.000201
0.102566
0.055772
-0.084187
-0.009832
0.110886
0.003586
-0.092052
0.025537
0.059162
0.125365
0.127718
-0.022573
-0.007138
-0.103453
-0.181589
-0.143075
-0.212622
0.099999
0.367670
0.043397
-0.083777
0.110475
0.041690
-0.194769
-0.357449
-0.228672
0.075311
0.044628
0.004946
0.218337
0.209770
0.215287
0.206939
0.023414
-0.025893
-0.013800
0.076360
0.109199
-0.037616
-0.064881
0.046782
-0.011679
-0.117651
-0.070852
-0.052531
0.007377
0.067322
0.024379
0.017144
0.011076
-0.006269
-0.014699
-0.046929
-0.037179
-0.005291
-0.025794
-0.050728
-0.043399
-0.016256
-0.010835
-0.020468
-0.024758
-0.016289
-0.002016
-0.007548
0.003930
-0.005550
-0.018284
-0.008230
-0.009014
-0.011755
-0.013295
-0.007373
-0.007429
-0.010377
-0.012878
-0.015976
-0.016090
-0.009904
-0.001774
-0.006009
-0.008958
-0.006395
0.008494
-0.002279
-0.032894
-0.023332
-0.010272
0.000951
-0.003602
-0.008933
0.018895
-0.014935
-0.041764
-0.012628
-0.029604
-0.043786
-0.052529
0.014100
0.050241
-0.039417
-0.007170
0.081972
0.097715
0.069016
0.059917
0.123448
0.059340
-0.098551
-0.081699
0.037149
0.037650
-0.058726
-0.153059
-0.116433
-0.042817
-0.072255
-0.047313
0.009979
0.151859
0.053910
-0.155292
-0.028430
-0.094202
-0.196202
-0.114561
-0.066395
-0.121498
-0.256730
-0.152360
0.087624
0.166553
0.111387
0.097858
0.151493
0.185234
0.096668
0.033106
0.078583
0.132163
0.073494
-0.067779
-0.065723
0.044617
0.084372
0.072650
0.086433
0.082981
0.024451
-0.045991
-0.073102
-0.031959
-0.020199
-0.008860
-0.008359
-0.029647
-0.030887
-0.032604
-0.022189
-0.017899
-0.010145
-0.015312
-0.012516
-0.011552
-0.012032
-0.008543
-0.000855
0.002431
-0.004297
-0.009708
-0.014071
-0.006255
0.001245
0.005903
0.004734
0.001502
-0.000229
-0.001938
-0.003810
-0.003732
0.006785
0.010516
-0.007051
-0.000723
0.031969
0.005479
-0.028017
0.014472
0.004528
-0.017778
0.010632
0.001376
0.001316
0.000638
-0.028942
-0.022531
-0.032973
-0.063231
0.035791
0.017440
-0.064010
0.067582
-0.061267
-0.134188
0.057690
-0.021145
-0.128437
-0.166478
-0.169932
0.057209
0.087487
-0.040608
0.165113
0.181289
-0.024931
-0.112179
-0.121793
-0.035766
-0.039428
-0.024531
0.083404
-0.076427
-0.228228
-0.139990
-0.088373
-0.059398
-0.019534
0.096635
0.232728
0.079010
-0.083672
0.029985
-0.005013
-0.081715
-0.038966
-0.020244
0.090176
0.074894
-0.041572
0.017733
0.028899
0.052546
0.066242
-0.027142
0.014595
0.066208
0.018488
0.045270
0.049133
0.038373
0.067520
0.043060
0.029004
0.022717
0.013941
0.021066
0.023043
0.003293
-0.001267
0.006516
0.020196
0.020300
0.015975
0.018235
0.009895
0.005248
0.002612
0.008210
0.013584
0.010622
0.009730
0.014144
0.011880
0.011132
0.010439
0.007195
0.008701
0.011729
0.010962
0.017777
0.009245
0.002079
0.023348
0.024703
-0.000289
-0.002876
0.024801
0.022376
-0.016463
-0.003599
0.015266
0.003137
0.038385
0.017088
0.002171
0.067311
0.000911
-0.018211
0.004726
-0.149795
-0.074566
0.004532
-0.068638
0.155273
0.169516
0.032631
0.053071
-0.129288
-0.072628
-0.055424
-0.090222
0.237874
0.246101
0.231978
0.269877
-0.059232
-0.147021
0.008112
0.057068
0.062385
-0.006957
0.093125
0.108781
-0.062681
-0.079530
-0.118450
-0.013214
-0.008138
-0.082196
0.071781
-0.054500
-0.006792
0.133611
0.066652
0.080167
-0.132023
-0.151724
0.069881
-0.051016
-0.060938
-0.005119
-0.021305
0.037405
-0.114258
-0.129869
0.015109
-0.013890
-0.042460
-0.044230
-0.058261
-0.014269
-0.034790
-0.053490
0.023655
0.025474
-0.004659
-0.004208
-0.024271
0.008066
0.006689
-0.012047
0.005127
-0.007849
-0.020772
-0.010248
-0.008107
-0.001481
-0.006841
-0.016981
-0.006696
-0.012925
-0.017393
-0.016070
-0.011990
-0.007627
-0.010591
-0.019715
-0.016839
-0.014698
-0.018157
-0.017431
-0.020054
-0.028128
-0.024416
0.001338
0.008886
0.004169
0.000755
-0.017251
-0.027089
-0.045548
-0.034154
0.008540
-0.003913
0.008948
0.042651
0.007791
-0.024834
0.049080
0.033480
0.024291
0.024197
-0.127059
-0.045576
0.049249
0.050261
0.113392
0.041763
0.070653
0.119016
-0.045456
-0.183678
-0.213732
-0.060390
0.083750
0.024951
-0.018647
0.045244
0.090614
-0.037054
-0.256925
-0.276002
-0.228134
-0.198366
-0.100571
-0.057264
0.030165
0.121963
0.041259
0.070912
0.079893
-0.105825
-0.092269
-0.092623
-0.044758
0.104476
0.062559
0.142919
0.188687
0.090814
0.114546
0.039056
0.009498
0.083181
0.075464
0.096624
0.078307
0.032662
0.019979
-0.020396
-0.012230
-0.018932
-0.042015
-0.021617
-0.020904
-0.011042
-0.011074
-0.026976
-0.011022
0.003113
-0.000887
0.015161
0.015806
0.004319
0.002815
-0.007493
0.000795
0.006741
-0.003534
0.000041
0.005459
0.009734
0.017708
0.012794
0.004805
0.008732
0.014068
0.014995
0.013826
0.017736
0.017825
0.007681
0.006387
0.008677
0.012680
0.006126
0.011213
0.028224
0.049555
0.001337
-0.056732
-0.008927
0.003534
-0.001027
0.017432
0.013773
-0.016450
-0.035382
-0.022038
-0.014093
0.058456
0.110211
0.003234
-0.042466
-0.026268
-0.012254
-0.016918
-0.074419
0.142289
0.240230
-0.030844
-0.064548
-0.072326
-0.165120
-0.015270
-0.101899
-0.070624
0.327323
0.025230
-0.177873
0.059508
0.022899
0.045251
-0.111660
-0.125967
0.142256
0.107940
-0.024706
-0.030145
-0.014343
0.041187
0.079326
0.007105
0.008522
0.134464
0.197930
0.176118
0.088969
-0.012305
0.035120
0.025504
-0.098780
-0.101860
-0.065229
-0.034365
-0.003422
0.017509
0.009785
0.035473
0.043703
-0.018132
-0.034034
-0.036639
-0.029212
-0.041008
-0.060023
-0.037888
-0.014103
-0.012037
-0.025146
-0.028115
-0.021989
-0.014089
-0.013258
-0.009416
-0.011894
-0.011283
-0.011457
-0.008037
-0.004660
-0.013551
-0.014770
-0.014249
-0.017312
-0.019866
-0.015097
-0.017421
-0.012105
-0.006187
-0.016499
-0.011213
-0.011435
-0.020633
-0.017949
-0.011796
-0.001884
-0.014145
-0.030831
-0.013940
-0.024919
-0.033964
0.018665
-0.006947
-0.060692
-0.032976
-0.107215
-0.107550
0.000595
0.062153
0.074726
-0.020619
-0.017390
-0.013943
-0.090673
-0.053604
-0.060677
-0.076156
-0.030021
0.027071
0.146675
-0.070425
-0.168872
0.164368
0.096014
-0.141930
-0.055858
-0.017838
0.165514
0.390764
0.130037
0.051061
0.249637
0.191817
0.153077
-0.022679
-0.102325
0.067795
-0.093311
-0.242421
-0.202092
-0.164050
-0.113607
-0.056884
-0.027742
-0.000352
-0.002252
-0.033210
-0.025980
-0.003956
-0.031177
0.033791
0.113969
0.042799
0.057173
0.108402
0.053539
-0.000686
0.011111
0.029557
0.038090
0.014951
-0.024500
0.012838
0.009851
-0.033902
0.003395
0.001013
-0.014184
-0.009648
-0.022497
-0.012995
-0.010380
-0.038919
-0.038353
-0.027005
-0.029296
-0.018649
-0.028262
-0.032517
-0.020351
-0.013978
-0.021047
-0.013351
-0.012215
-0.014677
-0.010789
-0.007253
-0.004576
-0.010964
-0.011033
-0.013907
-0.009091
-0.007529
-0.011694
-0.015595
-0.019767
-0.007376
0.000706
0.000328
-0.021543
-0.024271
0.040197
0.024355
-0.056637
-0.075996
-0.040947
0.040247
0.021998
-0.020763
0.052338
-0.061043
-0.076704
0.038929
-0.089540
0.020600
0.057401
-0.036877
0.130243
0.036840
-0.098971
-0.113503
-0.043499
0.091402
-0.070607
-0.072142
0.059834
0.145987
0.309963
0.120803
-0.096481
-0.007122
-0.000340
0.104174
0.109037
-0.026485
0.205764
0.193400
-0.117934
-0.174899
-0.202046
-0.181056
-0.095595
-0.070249
0.085761
0.076462
-0.104895
-0.019791
-0.004663
-0.066412
-0.007451
-0.023731
0.024961
0.038376
-0.073448
-0.101854
-0.085659
-0.100389
-0.074058
-0.055673
-0.030967
-0.012056
-0.039726
-0.015170
0.026157
0.030506
0.013716
-0.009049
0.000675
0.029249
0.021865
0.012792
0.011780
-0.002020
-0.000113
-0.004117
-0.000843
0.005147
0.000428
0.007037
0.012974
0.009525
-0.002400
-0.004927
-0.004586
0.000381
0.001759
-0.001452
-0.002335
-0.012829
-0.013031
-0.006687
-0.009394
-0.006732
-0.006642
-0.013891
-0.011740
0.000825
0.017234
0.005928
-0.030452
-0.025570
-0.011435
-0.029165
-0.010519
0.017873
0.040289
0.056925
-0.006392
-0.044336
-0.013331
0.039646
0.076121
0.034727
0.048189
0.036227
-0.114033
-0.091596
0.028484
0.038538
0.045474
0.077930
0.113687
0.046288
0.043854
0.030791
-0.028237
0.183939
0.196800
0.030863
0.034822
0.013996
-0.124288
-0.280524
-0.054245
0.048939
-0.137647
-0.000254
0.107505
0.009289
-0.058113
-0.125046
0.027384
0.117226
-0.038971
-0.023343
0.007258
-0.016550
-0.053058
-0.167268
-0.101050
0.008996
-0.035717
-0.000896
0.069349
0.102200
0.115721
0.030051
-0.014373
0.032214
-0.003329
-0.039335
-0.030601
-0.012705
-0.007533
-0.010429
-0.008375
0.000339
-0.006203
-0.013892
-0.004306
-0.003245
0.001508
-0.005268
-0.007614
-0.002316
-0.010238
-0.017784
-0.013203
-0.011778
-0.011304
-0.010523
-0.007932
-0.008163
-0.013391
-0.009381
-0.003141
-0.005245
-0.002235
0.002075
0.003043
-0.001551
-0.004103
-0.008280
-0.012758
-0.006386
0.000840
0.000107
0.003689
0.018701
0.008927
-0.009798
-0.009819
-0.010065
-0.014054
-0.002264
0.005716
0.000182
-0.003096
-0.010620
-0.015362
-0.017395
-0.018919
-0.008136
-0.000342
0.001023
0.002036
-0.002457
-0.000473
0.002985
0.002691
0.004749
0.004558
0.001798
0.000402
-0.001202
-0.001639
-0.000183
0.001136
-0.000194
0.002059
0.003471
0.003061
0.004185
0.003416
0.002659
0.002764
0.002553
0.002434
0.001562
0.002202
-0.000148
-0.002157
-0.000995
-0.001737
-0.001447
0.000442
0.002643
0.003023
0.003396
0.001837
0.001155
-0.000231
-0.000756
-0.001063
-0.000917
-0.000074
0.001112
0.001211
0.001795
0.001822
0.001787
0.001096
0.000834
0.000531
0.000439
0.000604
0.000892
0.001231
0.001227
0.001135
0.001176
0.001086
0.001115
0.001114
0.001016
0.000899
0.000856
0.000763
0.000711
0.000734
0.000643
0.000564
0.000483
0.000270
0.000086
0.000002
-0.000019
-0.000023
0.000065
0.000236
0.000385
0.000422
0.000287
0.000115
-0.000035
-0.000029
0.000134
0.000305
0.000442
0.000484
0.000471
0.000421
0.000292
0.000152
0.000103
0.000028
0.000100
0.000268
0.000389
0.000323
0.000318
0.000161
-0.007235
-0.002540
-0.010607
-0.028183
-0.022696
-0.018561
0.005061
-0.003371
0.025969
0.015213
-0.047824
0.003756
0.025786
-0.020789
-0.031464
-0.024593
0.004519
0.007975
0.046543
0.092324
0.097124
0.039595
-0.042001
-0.091021
-0.110040
-0.071692
-0.016228
0.063674
0.026546
0.158370
0.111533
-0.047938
-0.068564
-0.240946
-0.160524
0.108926
0.049877
-0.005122
0.206022
0.128107
-0.168501
-0.309167
-0.308441
-0.028064
-0.175646
-0.209330
0.131706
0.030744
0.041102
0.086047
-0.111547
-0.080247
-0.068507
-0.165334
0.014387
0.113026
0.198252
0.234479
0.192888
0.175464
0.119732
-0.012537
0.039469
0.126112
0.024172
0.002086
-0.007540
-0.063841
-0.064064
-0.076148
-0.061887
0.015449
0.035338
0.024902
0.028200
-0.007576
0.000141
0.010936
-0.006475
0.004155
0.006458
0.004464
-0.005772
0.001566
-0.011768
-0.002210
-0.000502
0.003204
0.006651
0.007222
0.014288
0.019844
0.013382
-0.000655
0.001138
0.000368
-0.000672
0.000217
-0.002860
0.004101
0.013666
-0.003764
0.002422
0.003622
0.009712
0.016077
-0.006749
-0.006572
0.011864
-0.005511
0.009435
0.011458
0.041312
0.052638
-0.004086
0.009509
-0.001513
-0.022007
-0.025904
-0.024410
0.069243
0.079895
-0.046658
-0.024767
0.089657
0.039054
-0.083735
0.037848
0.027333
0.051919
0.167083
0.060510
0.040718
-0.101879
-0.183544
-0.155883
-0.307745
-0.064153
0.309287
0.136043
-0.042033
0.143017
0.083483
-0.129393
-0.297905
-0.296527
-0.107807
-0.096090
0.008268
0.272638
0.181920
0.215261
0.334596
0.159782
0.070998
0.019190
0.074877
0.106368
0.003548
-0.038042
0.054693
-0.025151
-0.167158
-0.070372
-0.119576
-0.070268
0.040802
0.045152
0.034138
0.002320
0.034604
0.013449
-0.040141
-0.074048
-0.022335
-0.045373
-0.062557
-0.033922
-0.042016
-0.025399
-0.020516
-0.019093
-0.026556
-0.017860
-0.023178
-0.005683
-0.007445
-0.033009
-0.015448
-0.016002
-0.017732
-0.015825
-0.016316
-0.016975
-0.013123
-0.017935
-0.017465
-0.015623
-0.015445
-0.005426
-0.005083
-0.004474
-0.002399
0.012775
0.011713
-0.019836
-0.014759
-0.016065
-0.003128
0.000066
-0.010838
0.023426
-0.002775
-0.036803
-0.008039
-0.026930
-0.037295
-0.060044
-0.014446
0.049058
-0.031045
-0.014262
0.062596
0.083513
0.082679
0.098144
0.169626
0.124452
-0.029263
-0.070213
0.001934
-0.000569
-0.037680
-0.116101
-0.177452
-0.125869
-0.135584
-0.034423
-0.025486
0.109939
0.128464
-0.125679
0.009828
-0.081906
-0.207479
-0.186151
-0.119838
-0.123656
-0.319716
-0.193330
-0.038396
0.083553
0.094609
0.204717
0.199394
0.194284
0.218682
0.118781
0.140641
0.133270
0.144004
-0.007094
-0.062479
0.010447
0.047019
0.075879
0.094553
0.127676
0.058085
0.003133
-0.035250
-0.045224
-0.064691
-0.036327
-0.005162
-0.042192
-0.039788
-0.045303
-0.036293
-0.031897
-0.012934
-0.019060
-0.016319
-0.011778
-0.010413
-0.009307
-0.013538
-0.007184
-0.016839
-0.019091
-0.024476
-0.016485
-0.014278
-0.009194
-0.006463
-0.008250
-0.007925
-0.008489
-0.011421
-0.012203
-0.009290
0.003238
-0.007124
-0.007908
0.031762
0.026596
-0.013282
0.016890
0.018739
-0.022363
0.014278
0.018639
0.007579
0.005099
-0.012058
-0.011909
-0.029200
-0.075220
0.007880
0.040872
-0.084530
0.077098
-0.012078
-0.168976
0.019367
-0.015642
-0.095162
-0.181202
-0.214467
-0.074522
0.032302
-0.046795
0.176238
0.206321
0.018524
-0.012566
-0.117173
-0.049230
-0.088288
-0.066827
0.098621
-0.027291
-0.226658
-0.142029
-0.143285
-0.179197
-0.074888
0.064859
0.219451
0.173133
0.012439
0.090999
0.027212
-0.093050
-0.000279
-0.030430
0.037495
0.068553
0.022438
0.048315
-0.003255
0.043675
0.102401
0.022280
0.017796
0.087716
0.015401
0.051098
0.073497
0.040410
0.081417
0.053136
0.061457
0.042187
0.026301
0.024766
0.030725
0.006553
0.008002
0.016910
0.011970
0.021613
0.006450
0.009109
0.006717
0.014025
0.002091
0.003127
0.006274
0.004920
0.007100
0.007144
0.003526
0.002494
0.004033
0.003103
0.006721
0.006974
0.004672
0.015759
0.013321
-0.001233
0.016025
0.020552
0.004656
-0.010618
0.011731
0.023001
-0.013849
-0.008096
0.015754
-0.011643
0.023011
0.039539
-0.003834
0.061448
0.026483
-0.018698
0.037154
-0.129961
-0.118749
-0.020592
-0.127860
0.084953
0.188887
0.074606
0.129751
-0.086822
-0.077045
-0.066117
-0.193476
0.187841
0.217057
0.242007
0.406465
0.136417
-0.090904
-0.021732
0.018247
0.045916
0.010994
0.081129
0.153708
-0.084516
-0.032950
-0.090009
-0.103578
-0.048563
-0.131536
0.078804
-0.085610
-0.023679
0.125022
0.045055
0.130470
-0.057389
-0.133055
0.012651
-0.075921
-0.091714
0.005429
-0.060841
0.016564
-0.077232
-0.149046
-0.022764
-0.065443
-0.069481
-0.035098
-0.094718
-0.055289
-0.029062
-0.061538
0.000068
-0.000126
-0.010924
0.015918
-0.011917
0.004789
0.012945
-0.003971
0.016511
0.012485
-0.013317
-0.006001
-0.007229
-0.004978
0.005463
-0.010554
-0.004558
-0.010035
-0.012934
-0.012298
-0.007534
-0.006414
-0.011066
-0.019704
-0.015697
-0.010642
-0.012060
-0.014472
-0.017628
-0.025116
-0.034132
-0.006635
0.006227
0.006028
0.007768
-0.007895
-0.024423
-0.046601
-0.048676
-0.003296
-0.008845
-0.001153
0.037806
0.026777
-0.028680
0.043694
0.059503
0.018652
0.089086
-0.087477
-0.064024
-0.002050
0.017178
0.131913
0.065427
0.101603
0.138609
0.035740
-0.099380
-0.210345
-0.173213
-0.028077
0.006011
-0.003347
0.059951
0.079480
0.009948
-0.172796
-0.270483
-0.297447
-0.336568
-0.219508
-0.137481
-0.050851
0.085643
0.066832
0.094118
0.137189
-0.038967
-0.047042
-0.090065
-0.110372
0.053767
0.044589
0.162430
0.238004
0.133109
0.173258
0.116077
0.042974
0.109826
0.096533
0.109058
0.126810
0.085966
0.074676
0.008159
-0.030766
-0.026303
-0.059790
-0.038170
-0.021948
-0.020317
-0.022842
-0.023280
-0.006621
-0.000803
-0.002380
0.005335
0.008837
0.004123
0.010173
-0.004618
-0.003325
-0.000766
-0.008456
0.001039
-0.000381
-0.006345
0.001749
-0.000017
-0.003179
-0.000394
-0.000196
0.004883
0.005920
0.010176
0.017081
0.006056
0.004997
0.007467
0.016030
0.006363
0.011192
0.022369
0.046117
0.037866
-0.042876
-0.006872
-0.009560
-0.005677
0.024245
0.037540
0.008539
-0.049807
-0.022156
-0.037559
0.013153
0.111056
0.055508
-0.017114
-0.021277
-0.019054
-0.003408
-0.100612
0.066439
0.239493
0.014386
-0.004457
-0.010653
-0.205359
-0.117728
-0.076439
-0.171827
0.254103
0.111691
-0.130146
0.059318
-0.048276
0.077366
-0.096926
-0.101349
0.086638
0.048553
0.046355
0.072762
-0.001178
-0.064216
0.103596
0.013404
0.035309
0.134614
0.180146
0.238382
0.168980
0.085480
0.078436
0.059116
-0.099876
-0.094910
-0.114084
-0.112194
-0.042456
-0.011787
-0.009108
0.013349
0.049569
0.016454
-0.008027
-0.059698
-0.044031
-0.046251
-0.074159
-0.050905
-0.037054
-0.045095
-0.037753
-0.027724
-0.044354
-0.026946
-0.026126
-0.014163
-0.010808
-0.017875
-0.016917
-0.015107
-0.013258
-0.022603
-0.021872
-0.027668
-0.024438
-0.023690
-0.021715
-0.017803
-0.013853
-0.010360
-0.016342
-0.012688
-0.007585
-0.018565
-0.018045
-0.014795
-0.001777
0.000731
-0.024603
-0.005521
-0.019028
-0.042742
0.010970
0.015177
-0.057879
-0.027246
-0.090069
-0.143035
-0.051284
0.018087
0.102678
0.002430
0.014997
0.008479
-0.103444
-0.060312
-0.043519
-0.100994
-0.081962
-0.033669
0.143665
0.023649
-0.181147
0.110635
0.107118
-0.122223
-0.022675
0.018096
0.018342
0.336143
0.306553
0.170038
0.278061
0.242360
0.283568
0.093397
-0.027083
0.108358
-0.118598
-0.234370
-0.218265
-0.265791
-0.253213
-0.142267
-0.100841
-0.060245
-0.017713
-0.038799
0.011274
-0.030705
-0.056317
0.017494
0.115466
0.066081
0.079360
0.124149
0.075454
0.052820
0.036537
0.046713
0.031695
0.010316
-0.001194
0.021709
-0.014180
-0.055594
-0.008487
-0.035070
-0.033965
-0.011743
-0.034707
-0.030460
-0.023144
-0.039738
-0.033961
-0.028377
-0.043205
-0.015773
-0.032535
-0.034254
-0.021377
-0.021370
-0.022982
-0.007634
-0.005929
-0.011504
-0.007017
-0.017432
-0.005236
-0.012245
-0.018578
-0.022512
-0.021810
-0.017554
-0.016813
-0.016117
-0.027701
-0.014223
-0.003744
0.004029
-0.005095
-0.035580
0.017444
0.032036
-0.034474
-0.062224
-0.070160
-0.002555
0.025189
-0.009935
0.087341
-0.019255
-0.118097
0.051850
-0.091789
-0.014151
0.079497
-0.038905
0.128636
0.076252
0.007414
-0.082067
-0.113882
0.066743
-0.079233
-0.080201
0.049954
0.070298
0.255016
0.265686
0.050891
0.011676
-0.009106
0.035616
0.152373
0.004401
0.204748
0.233518
-0.047464
-0.097340
-0.203010
-0.237796
-0.218995
-0.176892
0.012942
0.075196
-0.083640
0.018987
-0.004832
-0.146872
-0.002830
-0.006065
0.014551
0.035503
-0.049617
-0.088436
-0.094357
-0.126317
-0.110358
-0.102224
-0.104099
-0.026929
-0.043479
-0.031690
0.006376
0.010168
0.020578
0.023920
0.020091
0.025021
0.023408
0.014860
0.025912
0.015798
0.014636
0.010398
0.009019
0.016003
0.013645
0.017767
0.016345
0.021411
0.016526
0.013258
0.010762
0.004286
0.001719
0.002336
0.005914
-0.003710
-0.011710
-0.007794
-0.010285
-0.004212
-0.003193
-0.014425
-0.015960
-0.008927
0.015440
0.016959
-0.017497
-0.032178
-0.022794
-0.043361
-0.027412
0.009032
0.020973
0.058223
0.017753
-0.023658
-0.026232
0.002787
0.075283
0.051998
0.068921
0.092322
-0.068698
-0.112310
-0.003797
0.005824
0.025927
0.071568
0.149891
0.070268
0.058748
0.129702
-0.034952
0.120850
0.229551
0.111375
0.089120
0.060311
-0.024235
-0.347346
-0.163826
0.026254
-0.199763
-0.080018
0.100941
0.007776
-0.095432
-0.062620
-0.009619
0.046559
-0.043960
0.041183
0.026118
-0.065715
-0.008445
-0.156349
-0.173851
-0.067311
-0.069593
-0.019715
0.046194
0.085175
0.128650
0.094332
0.032194
0.062924
0.006715
-0.030388
-0.016772
-0.035037
-0.027934
-0.022002
-0.015151
-0.003514
-0.000818
-0.014270
0.001704
-0.001061
0.002149
0.003524
0.002845
0.002535
-0.000183
-0.010862
-0.013248
-0.013809
-0.016800
-0.014008
-0.009942
-0.005474
-0.007745
-0.009137
-0.005850
-0.006169
-0.004714
-0.001808
0.001552
-0.000283
-0.008011
-0.005492
-0.010866
-0.011801
-0.003672
-0.003356
-0.003211
0.014893
0.015218
-0.002462
-0.007122
-0.005818
-0.019426
-0.011069
0.007168
0.005268
0.002354
-0.003414
-0.005792
-0.018115
-0.021517
-0.010893
-0.005415
-0.002817
0.005529
0.004838
0.001534
0.007216
0.003707
0.003604
0.005375
0.003055
0.004757
0.001264
0.000170
0.000721
-0.001806
-0.002843
0.001093
-0.000245
-0.000092
0.001431
0.003698
0.002194
0.003172
0.004754
-0.000681
0.002923
0.003447
0.001399
0.002544
0.001053
0.003406
-0.002736
0.002410
0.003622
-0.002150
0.001950
0.002765
0.001588
0.000929
0.003081
0.000964
0.002553
-0.000814
-0.000215
-0.000814
-0.000432
-0.000424
-0.000487
-0.000312
0.001056
0.000124
0.001040
0.000524
0.001389
0.000850
0.000981
0.000619
0.000987
0.000918
0.000899
0.001173
0.001332
0.001120
0.001221
0.001050
0.001067
0.000856
0.000849
0.000736
0.000638
0.000595
0.000481
0.000360
0.000283
0.000111
-0.000100
-0.000242
-0.000302
-0.000328
-0.000247
-0.000180
-0.000164
-0.000204
-0.000240
-0.000182
-0.000313
-0.000249
-0.000114
0.000034
0.000057
0.000112
0.000168
0.000204
0.000221
0.000346
0.000336
0.000130
0.000399
0.000360
0.000221
0.000194
0.000420
0.000083
0.000263
0.000299