-0.275414
-0.271288
-0.264209
-0.253633
-0.239051
-0.220045
-0.196368
-0.168028
-0.135349
-0.098980
-0.059854
-0.019098
0.022096
0.062578
0.101333
0.137526
0.170498
0.199746
0.224885
0.245644
0.261872
0.273577
0.280967
0.284469
0.284715
0.282474
0.278555
0.273694
0.268457
0.263181
0.257968
0.252733
0.247269
0.241331
0.234680
0.227104
0.218404
0.208358
0.196705
0.183142
0.167364
0.149138
0.128374
0.105191
0.079934
0.053152
0.025521
-0.002242
-0.029465
-0.055579
-0.080132
-0.102758
-0.123140
-0.140964
-0.155910
-0.167675
-0.176028
-0.180882
-0.182348
-0.180754
-0.176623
-0.170605
-0.163393
-0.155639
-0.147906
-0.140655
-0.134271
-0.129100
-0.125492
-0.123799
-0.124351
-0.127387
-0.132988
-0.141017
-0.151101
-0.162664
-0.175001
-0.187375
-0.199113
-0.209671
-0.218655
-0.225804
-0.230954
-0.233995
-0.234859
-0.233532
-0.230096
-0.224770
-0.217944
-0.210164
-0.202076
-0.194331
-0.187472
-0.181836
-0.177501
-0.174275
-0.171748
-0.169361
-0.166489
-0.162508
-0.156817
-0.148848
-0.138046
-0.123872
-0.105820
-0.083476
-0.056595
-0.025189
0.010415
0.049565
0.091325
0.134567
0.178094
0.220755
0.261534
0.299592
0.334270
0.365061
0.391582
0.413556
0.430834
0.443423
0.451529
0.455580
0.456205
0.454173
0.450294
0.445304
0.439769
0.434025
0.428176
0.422136
0.415701
0.408625
0.400671
0.391629
0.381299
0.369464
0.355862
0.340193
0.322155
0.301515
0.278187
0.252292
0.224179
0.194397
0.163627
0.132590
0.101959
0.072307
0.044090
0.017678
-0.006610
-0.028454
-0.047532
-0.063535
-0.076230
-0.085523
-0.091522
-0.094552
-0.095129
-0.093900
-0.091553
-0.088734
-0.086003
-0.083815
-0.082549
-0.082548
-0.084155
-0.087719
-0.093563
-0.101921
-0.112870
-0.126266
-0.141733
-0.158687
-0.176419
-0.194186
-0.211312
-0.227245
-0.241586
-0.254071
-0.264527
-0.272842
-0.278942
-0.282808
-0.284514
-0.284278
-0.282483
-0.279671
-0.276482
-0.273562
-0.271450
-0.270479
-0.270720
-0.271980
-0.273841
-0.275741
-0.277053
-0.277145
0.594832
0.486228
0.384479
0.296505
0.226818
0.176942
0.145574
0.129390
0.124190
0.125981
0.131653
0.139065
0.146620
0.152582
0.154515
0.149148
0.132782
0.102160
0.055488
-0.006778
-0.081690
-0.164247
-0.248404
-0.328326
-0.399495
-0.459307
-0.507005
-0.543045
-0.568167
-0.582570
-0.585527
-0.575588
-0.551289
-0.512071
-0.459047
-0.395273
-0.325403
-0.254813
-0.188492
-0.130099
-0.081498
-0.042934
-0.013734
0.006746
0.018329
0.019707
0.008739
-0.016715
-0.057760
-0.113602
-0.181201
-0.255593
-0.330790
-0.400949
-0.461427
-0.509375
-0.543720
-0.564598
-0.572534
-0.567727
-0.549765
-0.517895
-0.471747
-0.412228
-0.342179
-0.266497
-0.191578
-0.124213
-0.070236
-0.033367
-0.014585
-0.012200
-0.022567
-0.041127
-0.063410
-0.085654
-0.104877
-0.118482
-0.123647
-0.116880
-0.094012
-0.050763
0.016256
0.108405
0.224160
0.358851
0.505156
0.654217
0.797071
0.925970
1.035227
1.121408
1.182924
1.219300
1.230481
1.216501
1.177650
1.115053
1.031393
0.931398
0.821799
0.710652
0.606136
0.515178
0.442290
0.389001
0.354011
0.334000
0.324769
0.322332
0.323583
0.326384
0.329143
0.330128
0.326911
0.316222
0.294369
0.258102
0.205630
0.137417
0.056415
-0.032369
-0.122882
-0.209285
-0.287052
-0.353572
-0.408083
-0.451035
-0.483158
-0.504646
-0.514766
-0.512060
-0.495056
-0.463188
-0.417562
-0.361228
-0.298831
-0.235741
-0.176939
-0.126075
-0.085008
-0.053973
-0.032293
-0.019314
-0.015206
-0.021271
-0.039640
-0.072448
-0.120793
-0.183871
-0.258637
-0.340120
-0.422325
-0.499402
-0.566699
-0.621364
-0.662314
-0.689681
-0.703982
-0.705411
-0.693549
-0.667636
-0.627298
-0.573435
-0.508884
-0.438534
-0.368779
-0.306402
-0.257233
-0.224988
-0.210640
-0.212497
-0.226908
-0.249309
-0.275229
-0.300900
-0.323339
-0.339942
-0.347888
-0.343681
-0.323149
-0.282009
-0.216872
-0.126374
-0.012039
0.121466
0.266819
0.415163
0.557536
0.686190
0.795439
0.881848
0.943829
0.980906
0.993023
0.980214
0.942767
0.881805
0.800011
0.702110