-0.045607
0.028813
0.105439
0.179139
0.245170
0.299911
0.341269
0.368662
0.382646
0.384358
0.375015
0.355661
0.327226
0.290855
0.248315
0.202259
0.156193
0.114075
0.079631
0.055618
0.043246
0.041977
0.049753
0.063595
0.080346
0.097339
0.112762
0.125650
0.135548
0.142047
0.144391
0.141363
0.131504
0.113596
0.087227
0.053200
0.013615
-0.028448
-0.069552
-0.106635
-0.137611
-0.161642
-0.179001
-0.190611
-0.197432
-0.199961
-0.198017
-0.190893
-0.177812
-0.158498
-0.133622
-0.104940
-0.075063
-0.046911
-0.023058
-0.005199
0.006077
0.011134
0.010828
0.005933
-0.003318
-0.017385
-0.037200
-0.063658
-0.097004
-0.136358
-0.179582
-0.223538
-0.264685
-0.299803
-0.326611
-0.344072
-0.352319
-0.352248
-0.344975
-0.331374
-0.311890
-0.286685
-0.256052
-0.220908
-0.183137
-0.145604
-0.111776
-0.085056
-0.068008
-0.061747
-0.065677
-0.077674
-0.094618
-0.113113
-0.130126
-0.143362
-0.151283
-0.152833
-0.147035
-0.132688
-0.108329
-0.072525
-0.024413
0.035714
0.106001
0.182998
0.262047
0.338017
0.406160
0.462855
0.506006
0.535030
0.550480
0.553493
0.545284
0.526895
0.499257
0.463513
0.421429
0.375659
0.329708
0.287533
0.252861
0.228449
0.215508
0.213500
0.220368
0.233132
0.248638
0.264221
0.278069
0.289218
0.297217
0.301657
0.301784
0.296384
0.284000
0.263417
0.234224
0.197229
0.154533
0.109220
0.064731
0.024130
-0.010493
-0.038296
-0.059550
-0.075172
-0.086119
-0.092885
-0.095282
-0.092601
-0.084060
-0.069379
-0.049223
-0.025345
-0.000351
0.022846
0.041674
0.054444
0.060573
0.060429
0.054873
0.044684
0.030101
0.010669
-0.014538
-0.046412
-0.085189
-0.129987
-0.178660
-0.228067
-0.274660
-0.315215
-0.347444
-0.370305
-0.383927
-0.389200
-0.387234
-0.378898
-0.364633
-0.344594
-0.319070
-0.288973
-0.256182
-0.223557
-0.194560
-0.172589
-0.160204
-0.158514
-0.166921
-0.183294
-0.204511
-0.227169
-0.248233
-0.265403
-0.277139
-0.282379
-0.280143
-0.269227
-0.248163
-0.215517
-0.170422
-0.113169
0.796334
0.775612
0.734501
0.674892
0.599222
0.510970
0.414992
0.317438
0.225164
0.144741
0.081334
0.037788
0.014224
0.008252
0.015739
0.031862
0.052112
0.072933
0.091858
0.107188
0.117433
0.120818
0.115119
0.097953
0.067425
0.022913
-0.034337
-0.101073
-0.172441
-0.242867
-0.307134
-0.361315
-0.403280
-0.432633
-0.450157
-0.457004
-0.453970
-0.441119
-0.417918
-0.383780
-0.338818
-0.284461
-0.223676
-0.160675
-0.100184
-0.046508
-0.002739
0.029645
0.050640
0.061140
0.062136
0.054053
0.036460
0.008307
-0.031422
-0.082866
-0.144601
-0.213385
-0.284463
-0.352355
-0.411873
-0.459038
-0.491607
-0.509072
-0.512177
-0.502214
-0.480368
-0.447417
-0.403878
-0.350528
-0.289073
-0.222628
-0.155765
-0.094012
-0.042908
-0.006884
0.011694
0.012999
-0.000379
-0.024111
-0.053098
-0.082413
-0.107924
-0.126444
-0.135465
-0.132692
-0.115666
-0.081731
-0.028446
0.045665
0.140260
0.252568
0.377285
0.507080
0.633623
0.748853
0.846135
0.920990
0.971245
0.996653
0.998207
0.977460
0.936125
0.876093
0.799801
0.710730
0.613735
0.514968
0.421287
0.339263
0.274062
0.228533
0.202798
0.194468
0.199412
0.212813
0.230162
0.247906
0.263581
0.275492
0.282152
0.281788
0.272183
0.250955
0.216214
0.167343
0.105590
0.034214
-0.041927
-0.117256
-0.186549
-0.245875
-0.293100
-0.327821
-0.350817
-0.363234
-0.365862
-0.358760
-0.341389
-0.313157
-0.274171
-0.225853
-0.171165
-0.114314
-0.060017
-0.012576
0.024925
0.051014
0.065693
0.069861
0.064518
0.050092
0.026162
-0.008319
-0.054360
-0.112093
-0.180089
-0.255098
-0.332360
-0.406389
-0.471990
-0.525179
-0.563707
-0.587059
-0.595976
-0.591740
-0.575533
-0.548129
-0.510036
-0.462028
-0.405804
-0.344475
-0.282608
-0.225726
-0.179363
-0.147945
-0.133835
-0.136853
-0.154407
-0.182162
-0.215016
-0.248039
-0.277095
-0.298992
-0.311220
-0.311481
-0.297312
-0.266055
-0.215266
-0.143466
-0.050996
0.059376
0.182347
0.310589
0.435772
0.549838
0.646153
0.720237
0.769920
0.794954