0.498123
0.527728
0.543346
0.547117
0.540986
0.526190
0.503249
0.472402
0.434285
0.390525
0.343959
0.298335
0.257563
0.224759
0.201416
0.187014
0.179219
0.174611
0.169699
0.161858
0.149890
0.134030
0.115429
0.095362
0.074477
0.052395
0.027819
-0.000883
-0.034877
-0.074138
-0.117126
-0.161002
-0.202315
-0.237948
-0.265948
-0.285962
-0.299113
-0.307373
-0.312660
-0.316032
-0.317250
-0.314901
-0.307016
-0.291952
-0.269197
-0.239798
-0.206237
-0.171812
-0.139753
-0.112399
-0.090747
-0.074527
-0.062751
-0.054505
-0.049665
-0.049210
-0.055026
-0.069214
-0.093190
-0.126883
-0.168363
-0.214053
-0.259457
-0.300179
-0.332881
-0.355852
-0.369034
-0.373537
-0.370854
-0.362126
-0.347734
-0.327388
-0.300652
-0.267681
-0.229842
-0.189932
-0.151837
-0.119722
-0.096983
-0.085328
-0.084293
-0.091369
-0.102675
-0.113956
-0.121548
-0.122993
-0.117141
-0.103752
-0.082842
-0.054065
-0.016436
0.031457
0.090823
0.161844
0.242995
0.330809
0.420217
0.505409
0.580956
0.642831
0.689019
0.719528
0.735861
0.740156
0.734359
0.719707
0.696718
0.665632
0.627086
0.582706
0.535331
0.488708
0.446751
0.412574
0.387673
0.371529
0.361810
0.355098
0.347904
0.337604
0.323005
0.304342
0.282771
0.259569
0.235386
0.209847
0.181659
0.149193
0.111287
0.067971
0.020786
-0.027422
-0.073200
-0.113425
-0.146139
-0.170985
-0.189083
-0.202397
-0.212843
-0.221472
-0.228040
-0.231129
-0.228766
-0.219300
-0.202215
-0.178552
-0.150787
-0.122213
-0.096054
-0.074643
-0.058972
-0.048764
-0.043025
-0.040837
-0.042066
-0.047689
-0.059584
-0.079847
-0.109887
-0.149628
-0.197134
-0.248821
-0.300187
-0.346832
-0.385410
-0.414205
-0.433155
-0.443361
-0.446313
-0.443145
-0.434233
-0.419283
-0.397851
-0.370088
-0.337357
-0.302447
-0.269243
-0.241902
-0.223817
-0.216690
-0.220055
-0.231395
-0.246828
-0.262094
-0.273524
-0.278657
-0.276339
-0.266328
-0.248636
-0.222912
-0.188170
-0.142994
-0.086173
-0.017523
0.061435
0.147234
0.234808
0.318350
0.392432
0.453028
0.623092
0.617285
0.601464
0.577011
0.544564
0.504580
0.458083
0.407203
0.355265
0.306318
0.264232
0.231683
0.209395
0.195921
0.188071
0.181849
0.173585
0.160866
0.142978
0.120714
0.095678
0.069377
0.042468
0.014459
-0.016028
-0.050538
-0.089906
-0.133582
-0.179447
-0.224211
-0.264271
-0.296722
-0.320149
-0.334912
-0.342807
-0.346249
-0.347275
-0.346742
-0.344029
-0.337345
-0.324528
-0.304030
-0.275709
-0.241135
-0.203292
-0.165794
-0.131910
-0.103763
-0.082001
-0.066038
-0.054766
-0.047414
-0.044213
-0.046580
-0.056710
-0.076725
-0.107686
-0.148831
-0.197364
-0.248872
-0.298265
-0.340911
-0.373598
-0.394991
-0.405490
-0.406573
-0.399917
-0.386669
-0.367146
-0.341069
-0.308225
-0.269250
-0.226188
-0.182540
-0.142717
-0.111044
-0.090625
-0.082465
-0.085149
-0.095184
-0.107904
-0.118594
-0.123484
-0.120273
-0.108079
-0.086897
-0.056855
-0.017617
0.031778
0.092561
0.165471
0.249897
0.343277
0.441045
0.537208
0.625410
0.700167
0.757869
0.797246
0.819173
0.825933
0.820224
0.804300
0.779546
0.746595
0.705910
0.658512
0.606534
0.553301
0.502864
0.459093
0.424668
0.400312
0.384583
0.374291
0.365444
0.354373
0.338669
0.317620
0.292023
0.263485
0.233516
0.202778
0.170781
0.136152
0.097350
0.053544
0.005288
-0.045294
-0.094908
-0.139944
-0.177495
-0.206139
-0.226232
-0.239563
-0.248545
-0.255206
-0.260399
-0.263497
-0.262704
-0.255852
-0.241386
-0.219159
-0.190735
-0.159091
-0.127837
-0.100234
-0.078399
-0.062973
-0.053366
-0.048463
-0.047485
-0.050659
-0.059393
-0.075878
-0.102231
-0.139503
-0.186928
-0.241703
-0.299409
-0.354951
-0.403691
-0.442408
-0.469764
-0.486152
-0.493045
-0.492113
-0.484498
-0.470511
-0.449869
-0.422352
-0.388592
-0.350627
-0.311953
-0.276976
-0.250017
-0.234175
-0.230450
-0.237422
-0.251597
-0.268301
-0.282817
-0.291371
-0.291658
-0.282793
-0.264768
-0.237707
-0.201272
-0.154499
-0.096153
-0.025495
0.056868
0.148376
0.244464
0.339140
0.426052
0.499716
0.556521
0.595200
0.616630