-0.020332
-0.018958
-0.012149
-0.008747
-0.009915
-0.009833
-0.008486
-0.005351
-0.005151
-0.004425
-0.006055
-0.006404
-0.004697
-0.008047
-0.007889
-0.007263
-0.010427
-0.011081
-0.008999
-0.006569
-0.005952
-0.005427
-0.001674
-0.005115
-0.009559
0.006385
0.007208
-0.004056
-0.000735
-0.004469
-0.003013
0.010446
0.019192
0.019035
0.013049
0.008246
0.002663
0.003000
0.000395
-0.008241
-0.006851
-0.008836
-0.005475
0.022980
0.016690
-0.005514
-0.005017
-0.045938
-0.021745
0.032741
-0.016187
-0.024413
0.010994
-0.020379
-0.035263
-0.021293
-0.054607
-0.060108
-0.068923
-0.066837
-0.024770
-0.046573
-0.028413
-0.000676
-0.041507
-0.033860
-0.037382
-0.036469
0.010634
0.025278
0.003682
-0.002563
0.036212
0.058236
0.035463
0.034565
0.043834
0.044480
0.031384
0.019618
0.014959
0.003925
-0.002012
-0.007733
-0.001515
-0.000889
0.005042
0.021963
0.033650
0.036379
0.024409
0.010101
0.012976
0.014349
0.006337
0.002387
0.003718
0.006219
0.006835
0.000629
0.000854
0.004118
0.003065
0.006456
0.007964
0.007701
0.006129
0.006641
0.008972
0.007959
0.006993
0.005765
0.003229
0.003100
0.003118
0.002661
0.004830
0.005270
0.004422
0.004809
-0.000299
-0.001464
0.000189
-0.001609
0.003702
0.005074
0.005868
0.006485
0.002377
0.008862
0.005112
-0.003013
-0.001403
-0.000466
0.014921
0.009083
-0.009120
0.011930
0.028001
0.010125
0.004927
0.020699
0.002002
0.022122
0.062223
0.026623
0.011327
-0.008202
-0.031554
-0.012605
-0.031899
-0.010247
0.007545
-0.035140
-0.006703
0.045915
0.014375
-0.013710
-0.020267
-0.066004
-0.070821
-0.030919
-0.000190
0.010704
-0.013460
0.013838
0.072032
0.083835
0.082197
0.047583
0.036348
0.055802
0.058078
0.035628
-0.014282
-0.031537
-0.012346
0.005263
-0.008802
-0.010751
0.012482
0.013786
0.030124
0.034869
0.019494
0.001823
-0.000569
0.007419
-0.011708
-0.018035
-0.012276
-0.013495
-0.018631
-0.024429
-0.022006
-0.023765
-0.023410
-0.018588
-0.014551
-0.013269
-0.014201
-0.012442
-0.015916
-0.017340
-0.017436
-0.017997
-0.016668
-0.018492
-0.017131
-0.015454
-0.013920
-0.012885
-0.013375
-0.014728
-0.018077
-0.015858
-0.013462
-0.010103
-0.008926
-0.013045
-0.011505
-0.013034
-0.009639
-0.006180
-0.011428
-0.011597
-0.018887
-0.015139
-0.003303
-0.010987
-0.018336
-0.020800
-0.010187
-0.000566
-0.010792
-0.000003
0.011114
0.014107
0.030481
0.042001
0.045475
0.031861
0.012870
0.018591
0.026087
0.015694
-0.006671
-0.037397
-0.048992
-0.029161
-0.016950
-0.015448
-0.024998
-0.021262
-0.024558
-0.026964
0.026571
-0.009899
-0.072842
-0.051466
-0.063872
-0.080543
-0.099928
-0.087411
-0.065341
-0.045858
-0.008137
-0.013898
0.003931
0.040844
0.070083
0.074861
0.060106
0.040139
0.015934
0.019043
0.031504
0.035876
0.008896
0.010197
0.041538
0.043067
0.039120
0.044830
0.047440
0.040079
0.025333
0.015601
0.006297
0.007167
0.008568
0.004463
0.002590
-0.000237
-0.000703
-0.002579
0.001218
0.005214
0.002126
-0.003106
-0.007740
-0.009182
-0.013485
-0.013327
-0.008825
-0.008393
-0.006950
-0.008064
-0.007465
-0.007386
-0.006958
-0.005497
-0.006662
-0.007551
-0.009308
-0.008128
-0.008688
-0.006424
0.001610
-0.004973
-0.008093
0.000570
-0.005187
-0.009197
0.001254
-0.004166
-0.011504
-0.005798
-0.010883
-0.012221
-0.013907
-0.021650
-0.007952
-0.009255
-0.019524
0.006017
-0.020412
-0.037330
0.015473
-0.013922
-0.047512
-0.043942
-0.064122
-0.036171
-0.008473
-0.013698
-0.004050
-0.008364
-0.018793
0.015231
0.020447
-0.007646
-0.036716
-0.036191
-0.016058
-0.051611
-0.061088
-0.059796
-0.076082
-0.055630
-0.043283
-0.036503
-0.006520
0.001643
0.007722
0.029291
0.006793
-0.009260
-0.000652
-0.023727
-0.008099
0.010715
-0.011808
0.001846
0.006372
0.011914
0.018963
0.017202
0.031610
0.027736
0.024275
0.046129
0.046963
0.026495
0.023329
0.033887
0.047073
0.044904
0.036426
0.035057
0.029919
0.034182
0.036331
0.026109
0.024453
0.021992
0.021465
0.026321
0.023922
0.021875
0.023121
0.022820
0.022454
0.019238
0.014847
0.013696
0.014001
0.011841
0.011185
0.009429
0.009135
0.011070
0.009792
0.011062
0.008755
0.006283
0.010482
0.010200
0.005388
0.006011
0.009531
0.007758
0.002552
0.005232
0.001929
-0.003395
0.010212
0.009299
0.002385
0.016675
0.006460
0.003262
0.012551
-0.024808
-0.023223
-0.007916
-0.027292
0.017910
0.023948
-0.009571
0.018153
0.002596
0.009764
0.018056
-0.000921
0.036940
0.026734
0.051306
0.099628
0.041561
0.038124
0.064804
0.057108
0.049515
0.030697
0.028126
0.013506
0.024362
0.060966
0.012903
-0.025266
-0.014928
-0.017726
0.037043
0.021890
0.002542
0.028237
0.005415
0.035767
0.003674
-0.027773
0.009248
-0.008388
0.000593
-0.014656
-0.048560
-0.036833
-0.036912
-0.022698
-0.018050
-0.050161
-0.053787
-0.038933
-0.028214
-0.020735
-0.034188
-0.043078
-0.029638
-0.032194
-0.032911
-0.022586
-0.021382
-0.014358
-0.019078
-0.018445
-0.013405
-0.020474
-0.022474
-0.018955
-0.016667
-0.016036
-0.018765
-0.018834
-0.012285
-0.009941
-0.010354
-0.008000
-0.011503
-0.011776
-0.011972
-0.012674
-0.006764
-0.007833
-0.007967
-0.007452
-0.010376
-0.012580
-0.012275
-0.005245
-0.003994
-0.004714
-0.004683
-0.008413
-0.007345
-0.008120
-0.008492
-0.008014
-0.013348
-0.010499
-0.000824
-0.003781
-0.004234
0.013596
0.009816
0.006964
0.016223
-0.018277
-0.013444
0.015864
0.008813
0.025988
0.008944
0.006757
0.034259
0.027677
0.013984
-0.025046
-0.031757
-0.015822
-0.005551
-0.001748
-0.020471
-0.024649
-0.016543
-0.024453
-0.040956
-0.083252
-0.114524
-0.083650
-0.063638
-0.069159
-0.058789
-0.069802
-0.029227
0.015656
-0.017071
-0.028276
-0.035965
-0.030096
0.008850
-0.000446
-0.005253
-0.005356
-0.005304
0.040327
0.052148
0.050968
0.050407
0.041237
0.061162
0.071311
0.058870
0.040454
0.020114
0.027577
0.029867
0.019847
0.023939
0.018375
0.017881
0.028658
0.022907
0.016066
0.011435
0.008622
0.015942
0.019303
0.017636
0.016280
0.013358
0.010614
0.008901
0.004177
0.000407
0.000040
0.000750
0.003587
0.004920
0.004548
0.005587
0.005956
0.006233
0.005371
0.005279
0.005648
0.004567
0.007093
0.007651
0.005408
0.005281
0.005212
0.006258
0.008802
0.002226
-0.007979
-0.001005
-0.000295
-0.001579
0.008774
-0.002345
-0.014673
-0.010911
-0.000362
0.002406
0.009870
0.018764
-0.007286
-0.003214
0.014500
0.012507
0.011640
-0.003616
0.015663
0.027912
0.000080
0.028682
0.015396
-0.034146
0.003825
-0.009057
-0.034312
0.026395
-0.019791
-0.047846
0.037808
0.015324
0.003131
-0.002628
-0.028380
-0.003914
0.006064
0.034896
0.012473
-0.020435
-0.019914
-0.000396
0.042385
0.039233
0.030829
0.028912
0.053951
0.088694
0.079071
0.042614
0.020825
0.028042
0.025300
0.010360
-0.006195
-0.015997
-0.001121
0.005824
0.009871
0.016221
0.008278
0.011613
0.018782
0.010977
-0.005142
-0.007525
-0.011923
-0.025454
-0.027618
-0.028533
-0.027269
-0.026804
-0.023588
-0.018797
-0.017212
-0.015572
-0.017637
-0.017877
-0.020539
-0.022336
-0.023186
-0.025952
-0.022372
-0.021510
-0.021243
-0.019861
-0.019057
-0.017425
-0.019972
-0.021320
-0.020808
-0.018829
-0.018756
-0.018602
-0.015045
-0.015119
-0.017395
-0.020143
-0.017252
-0.018623
-0.020465
-0.008668
-0.018138
-0.027302
-0.020258
-0.038566
-0.042167
-0.015699
-0.010972
-0.015576
-0.024852
-0.020241
-0.010903
-0.012954
0.006084
-0.021432
-0.051991
-0.041513
-0.020406
0.015778
-0.017710
-0.046088
0.005088
-0.007670
-0.010372
0.037109
-0.017456
-0.010890
0.095138
0.081381
0.047944
0.086222
0.076018
0.098538
0.129111
0.078140
0.025038
-0.012750
0.005067
0.014809
-0.036506
-0.077740
-0.077005
-0.032506
-0.015856
-0.010517
-0.006886
-0.017874
0.007809
0.020636
0.013707
0.010950
0.003807
0.002290
0.021229
0.019171
0.006707
0.013073
0.004791
0.001479
0.017003
0.009499
-0.001389
0.002092
-0.003337
-0.003346
-0.001485
-0.002149
-0.002355
-0.001952
0.000358
0.001303
-0.005781
-0.011235
-0.011010
-0.013659
-0.017725
-0.020327
-0.018722
-0.020747
-0.023789
-0.020541
-0.019356
-0.019263
-0.019628
-0.019611
-0.015677
-0.015922
-0.018040
-0.017876
-0.016862
-0.016969
-0.015082
-0.014803
-0.016454
-0.014946
-0.012098
-0.008862
-0.006709
-0.009479
-0.011200
-0.000590
-0.000531
-0.013191
-0.016393
-0.019781
-0.010954
-0.001963
-0.007424
-0.005384
-0.036809
-0.028032
0.014729
-0.015774
-0.010192
-0.008674
-0.041677
0.018417
0.026713
-0.009326
-0.018692
-0.022601
0.003999
-0.013210
0.002902
0.003942
-0.007081
0.072430
0.072040
0.031438
0.033558
0.018416
0.063509
0.100277
0.049746
0.031123
0.023067
0.008677
0.058404
0.021868
-0.059010
-0.062273
-0.037387
0.000935
-0.004513
-0.033413
-0.030504
-0.020251
0.001237
0.017409
-0.015964
-0.031156
-0.018050
-0.016611
-0.014566
-0.032786
-0.061599
-0.078297
-0.074844
-0.048064
-0.041686
-0.054356
-0.041910
-0.028265
-0.024139
-0.017562
-0.020124
-0.017652
-0.011480
-0.009630
-0.004434
-0.006062
-0.014649
-0.013335
-0.008475
-0.004835
-0.003788
-0.008551
-0.006626
-0.000751
0.002937
0.005928
0.005224
0.004534
0.004843
0.004744
0.005408
0.004512
0.002274
0.002226
0.004087
0.003113
0.003300
0.002043
0.000177
0.001427
0.002433
0.006248
0.005625
-0.001084
-0.001683
-0.002302
-0.003155
0.003590
0.004122
-0.001279
0.003598
0.000591
-0.002887
0.005046
0.013396
0.018350
0.012823
0.013396
0.007753
-0.014095
0.003695
0.021534
0.001287
-0.000216
0.010816
0.015682
0.026951
0.053841
0.050992
0.015851
0.054994
0.069147
0.041116
0.068240
0.047438
-0.006391
-0.022484
0.022475
0.002997
-0.067765
-0.017587
-0.008177
-0.027898
0.018224
0.008840
-0.011873
-0.004415
0.002300
0.008656
0.001869
-0.009925
-0.017714
-0.047766
-0.045452
-0.033650
-0.055498
-0.041050
-0.012540
-0.003129
0.001896
0.004015
0.017281
0.015626
0.001061
-0.000365
-0.001786
-0.006866
-0.017685
-0.021055
-0.015050
-0.011393
-0.015789
-0.012262
-0.004084
-0.001819
0.003654
0.002849
-0.000765
0.000740
-0.004569
-0.006802
-0.007117
-0.008402
-0.008352
-0.009579
-0.006716
-0.004986
-0.006110
-0.006426
-0.004609
-0.005389
-0.006158
-0.004046
-0.003270
-0.002242
-0.002070
-0.002177
-0.001958
-0.001423
0.000574
-0.002173
-0.002418
0.000591
-0.001129
-0.002161
0.000095
-0.001668
-0.005697
-0.002736
-0.002206
-0.005650
-0.004985
-0.005475
-0.005867
-0.005553
-0.006320
-0.007968
-0.009773
-0.006809
-0.003797
-0.005139
-0.003805
-0.002056
-0.001087
-0.001323
0.000751
0.002621
0.001787
0.003361
0.002371
0.000496
0.000183
-0.001458
-0.000771
0.000430
0.004183
0.002002
0.000427
0.003309
0.003050
0.002643
0.002649
0.003397
0.002802
0.002939
0.001072
0.001386
0.000982
0.000525
-0.000042
0.000090
0.000912
0.001649
0.001243
0.001864
0.001760
0.001973
0.001420
0.001275
0.001032
0.001014
0.000871
0.000847
0.000944
0.001042
0.001005
0.001096
0.001069
0.001064
0.000970
0.000984
0.000885
0.000768
0.000792
0.000816
0.000846
0.000852
0.000791
0.000664
0.000550
0.000519
0.000490
0.000440
0.000381
0.000342
0.000342
0.000375
0.000417
0.000314
0.000246
0.000234
0.000255
0.000256
0.000275
0.000282
0.000274
0.000317
0.000410
0.000420
0.000402
0.000409
0.000212
0.000181
0.000251
0.000333
0.000286
0.000383
0.000221
0.034107
0.081312
-0.111905
-0.029572
0.119055
-0.037604
-0.064244
-0.059739
0.015302
0.131112
0.049358
0.069848
0.206763
0.132016
-0.191670
-0.245883
-0.193992
-0.104362
0.057676
0.236402
0.069884
0.229197
0.303663
-0.344359
-0.204892
-0.391609
-0.412364
0.614766
0.253887
-0.411075
0.424346
0.467059
-0.419565
-0.607201
-0.952468
0.088460
0.732124
-0.712964
-0.068071
0.609869
-0.020475
0.047322
-0.358803
-0.330354
0.286430
-0.338412
-0.264560
0.429985
0.339733
0.364074
0.425419
0.105133
-0.037304
-0.011818
-0.177857
0.279092
0.355278
-0.176636
-0.137129
-0.062122
-0.024622
-0.000339
-0.066647
0.065995
0.209417
0.048313
-0.052173
-0.063499
-0.056392
0.042305
0.030846
-0.019915
-0.041230
0.009976
-0.014049
-0.008240
-0.002921
0.006300
0.038302
0.013318
-0.001847
-0.002492
0.004931
0.007438
0.028678
0.013998
-0.004311
-0.000529
-0.010591
-0.010165
-0.012884
0.000545
0.040426
-0.010944
-0.034372
-0.003178
0.009792
0.047494
-0.022395
-0.069385
0.036014
0.011604
-0.008504
0.019941
0.036399
0.148073
-0.023100
-0.077640
0.006704
-0.039872
-0.024770
-0.067939
0.129998
0.305048
-0.132328
-0.241167
0.203124
0.240313
-0.228727
-0.100369
0.107580
0.161203
0.509272
-0.146268
-0.208715
0.097799
-0.508892
-0.193460
-0.346710
-0.408666
0.925510
0.730264
-0.466415
-0.039235
0.208323
-0.271516
-0.555819
-0.924851
-0.012683
0.739733
-0.200185
0.009873
0.647509
0.344735
0.586886
0.208462
-0.368140
-0.261048
0.057019
0.441345
0.184230
-0.331461
-0.158837
0.345865
-0.079589
-0.211387
-0.100552
-0.139465
0.228137
0.099103
-0.001006
0.027406
-0.084262
-0.067016
0.011027
-0.170271
-0.144508
0.075980
-0.078076
-0.127999
-0.036221
0.008565
0.004659
-0.008153
-0.087467
-0.051970
-0.025184
-0.053027
0.022337
-0.027779
-0.035080
-0.017344
-0.028573
-0.039112
-0.023060
-0.017255
-0.022584
-0.019927
-0.044250
-0.028977
-0.013145
0.006106
-0.007200
-0.021224
-0.011112
0.016743
0.053906
-0.050826
-0.058144
-0.004232
0.005659
0.041375
-0.046508
0.018421
0.062734
-0.092501
-0.023875
-0.021518
-0.066035
-0.056738
-0.045119
0.197853
0.022759
-0.159898
0.093422
0.222351
0.220645
0.051430
0.134319
0.287236
-0.078865
-0.337037
-0.031932
0.196171
0.012949
-0.261010
-0.376858
-0.012366
-0.030597
-0.152558
-0.037862
0.206413
0.546970
-0.300449
-0.314273
-0.104451
-0.565229
-0.104468
-0.081746
-0.078525
-0.405928
-0.582336
-0.053804
0.576303
0.475172
-0.037355
0.250606
0.366173
0.233459
-0.073540
-0.001097
0.174608
0.330281
0.091178
-0.336942
-0.045336
0.207830
0.342327
0.269354
0.192249
0.068664
-0.041242
-0.191982
-0.159268
0.038395
-0.004049
0.029343
-0.027144
-0.066786
-0.107777
-0.031381
-0.000025
-0.015567
0.000013
-0.046052
-0.048819
-0.069627
-0.030175
-0.019347
0.002447
-0.008903
-0.025249
-0.037361
-0.045706
-0.008816
-0.001743
0.000591
-0.017870
-0.016446
-0.021757
-0.040466
-0.036630
-0.024532
0.015975
0.001473
-0.044164
0.043298
0.077977
-0.066647
-0.019527
0.055191
-0.061167
0.021894
0.025975
-0.038327
0.082448
-0.030786
-0.099553
0.040124
-0.134233
-0.068895
0.289232
-0.167183
-0.003261
0.233778
-0.521261
0.077537
0.202380
-0.321539
-0.164394
-0.459497
-0.190014
0.597413
-0.082673
-0.186693
0.753724
0.079518
-0.297759
-0.343822
-0.354865
0.033776
0.071844
0.194925
0.119091
-0.421865
-0.561760
-0.142035
0.048802
0.010841
-0.001700
0.490343
0.490024
-0.333274
-0.206297
0.183727
-0.177731
-0.018714
-0.021121
0.020913
0.438646
-0.080982
-0.118516
0.196210
0.059061
0.180130
0.140526
-0.151199
0.065124
0.157718
0.029276
0.120948
0.028709
0.156664
0.200405
0.063014
-0.017913
-0.008259
0.020949
0.068811
0.086620
-0.026634
-0.008079
0.035434
0.056114
0.035258
0.029049
-0.011562
-0.009245
0.017055
-0.001523
0.016605
-0.000419
-0.004777
-0.008424
-0.008431
-0.007163
0.005781
0.001612
-0.006777
0.012730
-0.001358
0.009025
0.021318
-0.027209
0.004072
0.050022
-0.007280
-0.046604
-0.004815
0.059096
-0.014609
-0.073422
0.010739
-0.003177
0.057281
0.092143
-0.104294
0.099310
0.133897
-0.190152
0.119024
-0.191127
-0.456875
0.237734
-0.173369
0.007865
0.687782
-0.067002
0.120627
-0.019941
-0.596466
0.105618
-0.329130
0.095383
0.849085
0.385819
0.603328
0.083375
-0.616105
-0.152044
0.184079
0.198744
0.109799
-0.071469
0.298459
0.115673
-0.247710
-0.392846
-0.186848
0.426677
-0.265425
0.094165
0.050596
-0.544985
0.406787
0.222941
0.219229
-0.021049
-0.740345
0.004442
0.206863
-0.299521
-0.025760
-0.048225
0.109507
0.110225
-0.481653
-0.167420
0.079858
-0.064547
-0.036765
-0.126647
-0.173858
-0.029163
-0.093353
-0.024497
0.154622
-0.044857
-0.055506
-0.053523
-0.061705
0.055457
0.041631
-0.009560
0.006458
-0.020923
-0.041024
0.015735
0.001248
0.020905
0.012082
0.000175
0.001730
-0.009492
-0.014474
-0.014670
0.003255
0.005919
-0.016471
-0.022686
-0.003413
-0.004635
-0.008328
-0.018533
-0.028454
-0.039259
0.007434
0.039044
0.012321
0.023551
-0.022537
-0.044786
-0.060551
-0.117722
0.007364
0.064281
-0.006685
0.083962
0.074448
-0.105747
0.010072
0.176833
-0.031793
0.209441
-0.175788
-0.377054
0.256052
0.015481
0.232379
0.240258
-0.048220
0.336571
0.168656
-0.419920
-0.601294
-0.246913
0.260473
0.336492
-0.045541
-0.152033
0.211865
0.290195
-0.373901
-0.770100
-0.518282
-0.406734
-0.081694
-0.005999
-0.145514
0.276374
0.236587
0.007205
0.330640
-0.223615
-0.477140
-0.046108
-0.240474
0.206234
0.268313
0.009854
0.499315
0.334357
0.179762
0.158330
-0.149322
0.034649
0.257605
0.261855
0.232126
0.059918
-0.000915
0.017188
0.022512
0.021570
-0.073043
-0.028843
-0.026556
0.008806
0.067509
-0.054042
-0.058030
0.022191
0.006605
-0.002440
0.023024
-0.025811
-0.018519
-0.003855
-0.026998
0.014915
0.003570
-0.024374
-0.008024
-0.009409
-0.010747
0.011142
-0.000230
-0.005619
0.009292
0.002244
-0.005683
-0.001492
0.017018
-0.001270
-0.013310
-0.008733
0.006338
0.017566
-0.004513
0.024035
0.068918
0.086006
-0.154212
-0.102706
0.062491
-0.012660
0.076840
0.032635
-0.000525
-0.047541
-0.048621
-0.084892
0.006623
0.301073
0.101104
-0.094120
-0.033626
-0.140220
0.035524
-0.113806
-0.102422
0.766188
0.240324
-0.403370
-0.133486
-0.464702
-0.104382
0.228403
-0.602597
0.526797
0.844606
-0.882898
0.080703
0.091373
-0.174783
0.277755
-0.576055
-0.064137
0.681318
0.087497
-0.489753
0.065502
0.049066
0.186624
0.367745
-0.278376
-0.032850
0.478123
0.508395
0.279781
-0.072738
-0.261602
0.209260
0.052054
-0.309090
-0.159771
-0.112371
0.022877
0.115078
0.081452
-0.004097
0.131700
-0.029538
-0.105294
-0.096213
-0.171167
-0.059333
-0.081647
-0.116684
-0.072279
0.020925
-0.040649
-0.057521
-0.051957
-0.051828
-0.037763
-0.038730
-0.013356
-0.037934
-0.030536
-0.046245
-0.030694
-0.034325
-0.034685
-0.023676
-0.030781
-0.032326
-0.037171
-0.025071
-0.018715
0.001489
-0.028641
-0.044019
-0.008769
-0.025832
-0.029414
-0.011753
-0.000553
0.026572
-0.040062
-0.037906
0.015957
-0.081622
0.016251
0.090923
-0.130608
-0.055713
-0.074744
-0.328152
0.018720
0.107543
0.211068
0.142953
-0.152469
0.022225
-0.125341
-0.171626
-0.124712
-0.150580
0.037546
0.003949
0.267150
0.220036
-0.693839
0.043205
0.710702
-0.213141
-0.302930
-0.190380
-0.036231
1.125951
0.678161
-0.509659
0.501552
0.496759
0.199516
0.504469
-0.624885
-0.234256
0.518364
-0.340938
-0.637826
-0.269333
-0.252257
-0.038689
0.296075
-0.091127
-0.102277
-0.035353
-0.200671
0.045387
-0.003700
-0.233885
0.157233
0.225748
-0.089228
0.207485
0.163989
-0.081083
-0.000156
0.060703
0.085393
0.136531
-0.060271
-0.120638
0.144882
-0.084611
-0.078351
0.089883
-0.043339
-0.047249
-0.028163
-0.070906
-0.031422
-0.032544
-0.113151
-0.028384
-0.055554
-0.062831
-0.030473
-0.063596
-0.052795
-0.016354
-0.018320
-0.025378
0.008382
-0.021995
-0.013263
-0.021505
-0.026503
-0.007444
-0.021305
-0.025619
-0.027964
-0.002514
-0.019948
-0.019203
-0.037650
-0.018495
0.033625
0.018051
-0.004012
-0.096245
0.023712
0.156304
-0.082943
-0.190697
-0.161235
0.027591
0.228977
-0.079467
0.016669
0.110567
-0.328993
0.147589
-0.077440
-0.285452
0.417596
-0.149170
0.200566
0.449540
-0.385588
-0.256297
-0.161698
0.231830
0.175376
-0.265770
-0.090165
0.110649
0.815372
0.574937
-0.410207
-0.184696
0.030591
0.047052
0.576409
-0.196603
-0.130881
0.973900
0.030093
-0.532277
-0.465120
-0.639301
-0.048053
0.184170
-0.014880
0.291739
-0.100372
-0.426862
0.210483
-0.008729
-0.175436
-0.107347
-0.060303
0.191405
-0.030999
-0.309173
-0.247077
-0.168204
-0.153166
0.051293
-0.040090
-0.088824
-0.080899
-0.115167
0.035407
0.102457
0.067394
-0.022157
-0.046777
-0.011084
0.052745
0.009679
0.014691
0.032522
0.027327
0.046068
0.006660
0.017550
0.019207
0.043856
0.043656
0.038979
0.029707
0.018526
0.032515
0.019429
0.019533
0.005789
0.007616
0.004932
-0.008828
0.007170
-0.000246
-0.001461
0.014390
-0.015525
-0.021086
0.000394
0.037051
0.056280
-0.035269
-0.091315
-0.010166
-0.032679
-0.064091
0.022715
0.032928
0.148721
0.082637
-0.167490
-0.095582
0.002320
0.160448
0.148671
0.022643
0.153924
-0.110602
-0.348531
-0.004091
0.090221
0.126985
0.164967
0.195588
0.206074
-0.001013
0.062602
-0.207263
0.211174
0.692804
0.025119
0.056547
-0.034629
-0.185023
-0.402601
-0.396122
0.253157
-0.119787
-0.086994
0.186258
0.087457
0.081826
-0.428152
-0.424707
0.549700
0.193197
-0.400306
0.072618
-0.117874
-0.146157
-0.166366
-0.345978
0.001361
0.076746
-0.052566
0.059926
0.161507
0.186990
0.179847
-0.091608
-0.068230
0.056180
-0.070172
-0.094326
-0.048898
-0.019163
0.015245
0.033780
0.005886
0.049626
0.003753
-0.026455
-0.005740
-0.016305
-0.007696
-0.004616
0.011858
0.002339
-0.015638
-0.022854
-0.018923
-0.010365
-0.003486
-0.001090
-0.011452
-0.006551
-0.007477
0.000782
-0.003342
-0.007985
0.000555
0.003307
0.010921
-0.001783
-0.004943
-0.014130
-0.015990
0.000642
0.002520
-0.009628
0.026863
0.036541
-0.015923
-0.029910
-0.023035
-0.031761
-0.008928
0.022407
0.006057
0.018672
-0.003035
-0.037781
-0.017015
-0.035707
-0.030591
0.024656
0.025549
0.001959
0.000860
-0.006412
0.005297
0.019624
0.015886
0.013997
0.002538
-0.002382
0.004394
0.006987
0.007261
0.012468
0.008208
0.003980
0.003163
-0.002779
0.000349
0.005532
0.005719
0.002414
0.001744
-0.002743
-0.002884
0.000944
-0.000052
0.006074
0.011941
0.007955
0.004085
0.000577
-0.003329
-0.005815
-0.001305
0.006783
0.002971
-0.000149
-0.001012
-0.000961
0.004025
0.003462
0.001328
0.005252
0.005823
0.002612
0.000218
-0.001229
-0.002377
-0.004718
-0.006247
-0.002755
0.001169
0.003869
0.003886
0.002480
0.002361
0.001616
0.000267
-0.000067
-0.000073
-0.000436
-0.000456
-0.000118
0.000295
0.001207
0.001455
0.001230
0.000984
0.000415
0.000134
0.000285
0.000523
0.000487
0.000193
-0.000208
-0.000373
-0.000193
0.000021
-0.000059
-0.000319
-0.000582
-0.000735
-0.000617
-0.000346
-0.000170
-0.000091
-0.000156
-0.000537
-0.000794
-0.000615
-0.000283
-0.000169
-0.000251
-0.000549
-0.000701
-0.000341
0.000117
0.000282
0.000494
0.000349
-0.000260
-0.000544
-0.000418
-0.000126
0.000596
0.001080
0.000646
0.000063
-0.000460
-0.000664
-0.000264