0.346508
0.418188
0.473331
0.510538
0.530118
0.533423
0.522111
0.497652
0.461228
0.414039
0.357836
0.295392
0.230665
0.168487
0.113826
0.070822
0.041920
0.027380
0.025344
0.032436
0.044692
0.058506
0.071289
0.081651
0.089109
0.093488
0.094311
0.090455
0.080229
0.061876
0.034296
-0.002293
-0.046039
-0.093634
-0.140964
-0.184032
-0.219831
-0.246886
-0.265285
-0.276216
-0.281198
-0.281316
-0.276748
-0.266767
-0.250194
-0.226129
-0.194661
-0.157261
-0.116708
-0.076543
-0.040258
-0.010498
0.011416
0.025496
0.032635
0.033884
0.029759
0.019859
0.002960
-0.022444
-0.057337
-0.101436
-0.152787
-0.207874
-0.262231
-0.311353
-0.351602
-0.380815
-0.398426
-0.405107
-0.402103
-0.390564
-0.371125
-0.343925
-0.309028
-0.267071
-0.219837
-0.170480
-0.123259
-0.082789
-0.053059
-0.036491
-0.033379
-0.041871
-0.058487
-0.078993
-0.099309
-0.116171
-0.127347
-0.131419
-0.127275
-0.113622
-0.088758
-0.050765
0.001904
0.069644
0.151031
0.242539
0.338813
0.433449
0.520081
0.593442
0.650094
0.688635
0.709374
0.713660
0.703152
0.679318
0.643339
0.596417
0.540299
0.477761
0.412760
0.350129
0.294834
0.251019
0.221127
0.205421
0.202043
0.207619
0.218185
0.230138
0.240891
0.249056
0.254151
0.256004
0.254142
0.247442
0.234218
0.212715
0.181836
0.141802
0.094468
0.043148
-0.008043
-0.055103
-0.095021
-0.126318
-0.149079
-0.164486
-0.174054
-0.178864
-0.179089
-0.173998
-0.162406
-0.143409
-0.117090
-0.084916
-0.049660
-0.014859
0.016003
0.040283
0.056667
0.065172
0.066697
0.062299
0.052498
0.036901
0.014287
-0.016843
-0.057467
-0.107298
-0.164374
-0.225175
-0.285229
-0.340025
-0.385920
-0.420745
-0.443929
-0.456137
-0.458611
-0.452494
-0.438415
-0.416509
-0.386835
-0.350024
-0.307853
-0.263474
-0.221137
-0.185456
-0.160413
-0.148426
-0.149786
-0.162633
-0.183487
-0.208106
-0.232408
-0.253125
-0.268021
-0.275673
-0.274967
-0.264607
-0.242887
-0.207885
-0.158052
-0.092991
-0.014123
0.075030
0.169115
0.261729
0.542542
0.589271
0.615738
0.623054
0.612942
0.587120
0.547076
0.494267
0.430626
0.359084
0.283828
0.210089
0.143449
0.088848
0.049595
0.026707
0.018815
0.022657
0.033996
0.048659
0.063353
0.076025
0.085694
0.091907
0.094088
0.091092
0.081170
0.062396
0.033390
-0.005944
-0.053972
-0.107382
-0.161764
-0.212547
-0.255978
-0.289831
-0.313605
-0.328171
-0.335035
-0.335506
-0.330084
-0.318322
-0.299173
-0.271702
-0.235859
-0.192993
-0.145903
-0.098380
-0.054386
-0.017178
0.011318
0.030663
0.041551
0.045095
0.042068
0.032376
0.015020
-0.011456
-0.048175
-0.095096
-0.150477
-0.210843
-0.271508
-0.327483
-0.374470
-0.409622
-0.431821
-0.441432
-0.439674
-0.427885
-0.406985
-0.377363
-0.339210
-0.293154
-0.240901
-0.185584
-0.131611
-0.083992
-0.047327
-0.024762
-0.017262
-0.023418
-0.039859
-0.062095
-0.085513
-0.106172
-0.121191
-0.128645
-0.127110
-0.115137
-0.090923
-0.052412
0.002186
0.073594
0.160710
0.260185
0.366559
0.472967
0.572251
0.658136
0.726143
0.773986
0.801384
0.809449
0.799901
0.774459
0.734609
0.681810
0.617993
0.546092
0.470291
0.395823
0.328271
0.272576
0.232047
0.207703
0.198177
0.200207
0.209559
0.222062
0.234426
0.244598
0.251600
0.254983
0.254174
0.248028
0.234803
0.212574
0.179964
0.136881
0.084964
0.027528
-0.031014
-0.086085
-0.133929
-0.172316
-0.200740
-0.220066
-0.231799
-0.237239
-0.236884
-0.230280
-0.216377
-0.194234
-0.163794
-0.126402
-0.084853
-0.042931
-0.004592
0.026911
0.049659
0.063218
0.068287
0.065988
0.057095
0.041524
0.018279
-0.014090
-0.056699
-0.109501
-0.170748
-0.236961
-0.303448
-0.365212
-0.417952
-0.458813
-0.486673
-0.501891
-0.505680
-0.499373
-0.483885
-0.459598
-0.426700
-0.385812
-0.338635
-0.288299
-0.239204
-0.196358
-0.164354
-0.146336
-0.143262
-0.153720
-0.174334
-0.200612
-0.227933
-0.252356
-0.270994
-0.281919
-0.283704
-0.274896
-0.253690
-0.218026
-0.166112
-0.097222
-0.012455
0.084842
0.189211
0.293789
0.391420
0.475830