-0.178241
-0.122451
-0.058519
0.010044
0.079015
0.144106
0.201611
0.248871
0.284452
0.308011
0.319963
0.321092
0.312279
0.294434
0.268645
0.236437
0.199998
0.162220
0.126477
0.096158
0.074085
0.061974
0.060128
0.067458
0.081808
0.100498
0.120886
0.140792
0.158657
0.173440
0.184349
0.190540
0.190966
0.184444
0.169946
0.147007
0.116076
0.078684
0.037301
-0.005059
-0.045411
-0.081338
-0.111346
-0.134931
-0.152355
-0.164233
-0.171107
-0.173172
-0.170251
-0.162015
-0.148362
-0.129778
-0.107532
-0.083603
-0.060357
-0.040068
-0.024455
-0.014404
-0.009955
-0.010557
-0.015485
-0.024245
-0.036814
-0.053611
-0.075215
-0.101933
-0.133387
-0.168292
-0.204517
-0.239420
-0.270360
-0.295210
-0.312703
-0.322505
-0.325026
-0.321048
-0.311350
-0.296468
-0.276697
-0.252319
-0.223955
-0.192879
-0.161139
-0.131390
-0.106472
-0.088826
-0.079956
-0.080085
-0.088123
-0.101947
-0.118888
-0.136249
-0.151706
-0.163457
-0.170136
-0.170577
-0.163571
-0.147770
-0.121831
-0.084756
-0.036355
0.022381
0.089115
0.160336
0.231816
0.299265
0.358975
0.408285
0.445758
0.471050
0.484574
0.487113
0.479546
0.462783
0.437909
0.406449
0.370590
0.333223
0.297722
0.267478
0.245310
0.232934
0.230656
0.237384
0.250965
0.268719
0.288006
0.306646
0.323080
0.336271
0.345426
0.349704
0.348061
0.339314
0.322440
0.296972
0.263366
0.223152
0.178806
0.133342
0.089750
0.050450
0.016939
-0.010277
-0.031454
-0.047203
-0.058065
-0.064230
-0.065516
-0.061590
-0.052346
-0.038266
-0.020614
-0.001366
0.017118
0.032570
0.043273
0.048348
0.047758
0.042061
0.031986
0.018032
0.000228
-0.021842
-0.048749
-0.080797
-0.117601
-0.157873
-0.199474
-0.239758
-0.276080
-0.306306
-0.329163
-0.344314
-0.352161
-0.353483
-0.349053
-0.339402
-0.324819
-0.305582
-0.282306
-0.256261
-0.229489
-0.204641
-0.184551
-0.171657
-0.167457
-0.172169
-0.184699
-0.202921
-0.224159
-0.245714
-0.265256
-0.280980
-0.291517
-0.295696
-0.292304
-0.279991
-0.257408
-0.223556
0.828162
0.771699
0.696001
0.604650
0.502592
0.396138
0.292507
0.198931
0.121556
0.064436
0.028936
0.013714
0.015283
0.028953
0.049847
0.073681
0.097103
0.117584
0.132993
0.141146
0.139579
0.125707
0.097364
0.053529
-0.005036
-0.075513
-0.153274
-0.232615
-0.307784
-0.373973
-0.427994
-0.468439
-0.495327
-0.509415
-0.511473
-0.501805
-0.480199
-0.446316
-0.400329
-0.343551
-0.278757
-0.210043
-0.142237
-0.080035
-0.027169
0.014126
0.043158
0.060360
0.066586
0.062414
0.047736
0.021814
-0.016231
-0.066652
-0.128370
-0.198583
-0.272888
-0.345893
-0.412150
-0.467087
-0.507672
-0.532593
-0.541966
-0.536732
-0.518019
-0.486741
-0.443597
-0.389457
-0.325960
-0.256030
-0.184047
-0.115511
-0.056241
-0.011302
0.016005
0.024800
0.016721
-0.004542
-0.034085
-0.066732
-0.097757
-0.123219
-0.139869
-0.144811
-0.135144
-0.107861
-0.060151
0.009955
0.102753
0.216188
0.345584
0.483952
0.622857
0.753612
0.868497
0.961664
1.029529
1.070630
1.085095
1.074012
1.038964
0.981907
0.905407
0.813048
0.709777
0.601905
0.496652
0.401253
0.321856
0.262517
0.224601
0.206771
0.205541
0.216224
0.233946
0.254426
0.274317
0.291091
0.302622
0.306730
0.300954
0.282714
0.249848
0.201340
0.137956
0.062519
-0.020338
-0.104908
-0.185430
-0.257094
-0.316704
-0.362849
-0.395541
-0.415531
-0.423585
-0.419998
-0.404555
-0.376909
-0.337228
-0.286818
-0.228447
-0.166207
-0.104918
-0.049270
-0.002987
0.031700
0.054106
0.064672
0.064258
0.053448
0.032142
-0.000395
-0.045031
-0.102016
-0.170262
-0.246963
-0.327707
-0.407098
-0.479679
-0.540875
-0.587645
-0.618673
-0.634067
-0.634763
-0.621885
-0.596338
-0.558817
-0.510187
-0.452080
-0.387416
-0.320569
-0.257035
-0.202627
-0.162406
-0.139667
-0.135286
-0.147623
-0.172980
-0.206451
-0.242856
-0.277466
-0.306334
-0.326211
-0.334196
-0.327383
-0.302767
-0.257530
-0.189703
-0.098986
0.012567
0.140281
0.277170
0.414800
0.544485
0.658507
0.751018
0.818435
0.859297
0.873730
0.862825