0.237521
0.436543
0.558045
0.562488
0.454668
0.281857
0.115723
0.024929
0.048894
0.182708
0.378998
0.566004
0.674978
0.666432
0.545213
0.358646
0.178451
0.073351
0.082817
0.201999
0.383581
0.555860
0.650148
0.627013
0.491362
0.290574
0.096428
-0.022301
-0.026085
0.080277
0.249518
0.409986
0.493039
0.459289
0.313683
0.103643
-0.099017
-0.225489
-0.236215
-0.135965
0.028017
0.184101
0.263660
0.227323
0.080045
-0.130745
-0.333231
-0.458604
-0.467310
-0.364130
-0.196315
-0.035514
0.049628
0.019719
-0.120311
-0.323063
-0.516751
-0.632602
-0.631101
-0.517065
-0.337793
-0.164975
-0.067305
-0.084225
-0.210856
-0.399851
-0.579480
-0.681024
-0.665024
-0.536356
-0.342375
-0.154831
-0.042475
-0.044807
-0.157004
-0.331779
-0.497457
-0.585373
-0.556122
-0.414634
-0.208313
-0.008958
0.114635
0.122918
0.020674
-0.144849
-0.302012
-0.382184
-0.345992
-0.198392
0.013188
0.216927
0.344013
0.354884
0.254312
0.089540
-0.067798
-0.149070
-0.114897
0.029772
0.237521
0.436543
0.558045
0.562488
0.454668
0.281857
0.115723
0.024929
0.048894
0.182708
0.378998
0.566004
0.674978
0.666432
0.545213
0.358646
0.178451
0.073351
0.082817
0.201999
0.383581
0.555860
0.650148
0.627013
0.491362
0.290574
0.096428
-0.022301
-0.026085
0.080277
0.249518
0.409986
0.493039
0.459289
0.313683
0.103643
-0.099017
-0.225489
-0.236215
-0.135965
0.028017
0.184101
0.263660
0.227323
0.080045
-0.130745
-0.333231
-0.458604
-0.467310
-0.364130
-0.196315
-0.035514
0.049628
0.019719
-0.120311
-0.323063
-0.516751
-0.632602
-0.631101
-0.517065
-0.337793
-0.164975
-0.067305
-0.084225
-0.210856
-0.399851
-0.579480
-0.681024
-0.665024
-0.536356
-0.342375
-0.154831
-0.042475
-0.044807
-0.157004
-0.331779
-0.497457
-0.585373
-0.556122
-0.414634
-0.208313
-0.008958
0.114635
0.122918
0.020674
-0.144849
-0.302012
-0.382184
-0.345992
-0.198392
0.013188
0.216927
0.344013
0.354884
0.254312
0.089540
-0.067798
-0.149070
-0.114897
0.029772
0.405819
0.845239
1.172192
1.261917
1.079437
0.692918
0.247642
-0.089481
-0.193649
-0.029827
0.333890
0.752313
1.058636
1.128180
0.926046
0.520479
0.056834
-0.297904
-0.418864
-0.270947
0.077819
0.482301
0.775748
0.833532
0.620801
0.205842
-0.265953
-0.627567
-0.754103
-0.610438
-0.264585
0.138336
0.431579
0.490518
0.280295
-0.130812
-0.597426
-0.952551
-1.071316
-0.918627
-0.562534
-0.148198
0.157592
0.230158
0.034591
-0.360892
-0.810973
-1.148722
-1.249337
-1.077796
-0.702222
-0.267854
0.058439
0.151901
-0.022462
-0.396515
-0.825026
-1.141150
-1.220169
-1.027148
-0.630294
-0.174929
0.171995
0.285638
0.130929
-0.224075
-0.634218
-0.932727
-0.994954
-0.786028
-0.374222
0.095084
0.454883
0.580287
0.436174
0.090562
-0.311431
-0.603064
-0.659715
-0.446537
-0.031819
0.439049
0.799052
0.923300
0.776680
0.427215
0.020042
-0.278080
-0.342503
-0.138348
0.266131
0.725582
1.073039
1.183660
1.022384
0.657295
0.233588
-0.081909
-0.164481
0.020821
0.405819
0.845239
1.172192
1.261917
1.079437
0.692918
0.247642
-0.089481
-0.193649
-0.029827
0.333890
0.752313
1.058636
1.128180
0.926046
0.520479
0.056834
-0.297904
-0.418864
-0.270947
0.077819
0.482301
0.775748
0.833532
0.620801
0.205842
-0.265953
-0.627567
-0.754103
-0.610438
-0.264585
0.138336
0.431579
0.490518
0.280295
-0.130812
-0.597426
-0.952551
-1.071316
-0.918627
-0.562534
-0.148198
0.157592
0.230158
0.034591
-0.360892
-0.810973
-1.148722
-1.249337
-1.077796
-0.702222
-0.267854
0.058439
0.151901
-0.022462
-0.396515
-0.825026
-1.141150
-1.220169
-1.027148
-0.630294
-0.174929
0.171995
0.285638
0.130929
-0.224075
-0.634218
-0.932727
-0.994954
-0.786028
-0.374222
0.095084
0.454883
0.580287
0.436174
0.090562
-0.311431
-0.603064
-0.659715
-0.446537
-0.031819
0.439049
0.799052
0.923300
0.776680
0.427215
0.020042
-0.278080
-0.342503
-0.138348
0.266131
0.725582
1.073039
1.183660
1.022384
0.657295
0.233588
-0.081909
-0.164481
0.020821