0.024586
-0.068882
-0.147505
-0.173493
-0.129145
-0.023645
0.110423
0.229481
0.295581
0.290865
0.224356
0.128489
0.046688
0.016755
0.056407
0.156479
0.284407
0.396641
0.455255
0.442423
0.367201
0.262057
0.170451
0.130225
0.159136
0.248063
0.364483
0.464893
0.511415
0.486268
0.398558
0.280803
0.176511
0.123577
0.139804
0.216124
0.320064
0.408168
0.442608
0.405652
0.306450
0.177566
0.062554
-0.000652
0.005795
0.072863
0.168116
0.248133
0.275118
0.231367
0.126059
-0.008219
-0.127893
-0.195009
-0.191705
-0.127000
-0.033321
0.045916
0.072920
0.029985
-0.073711
-0.205591
-0.322085
-0.385256
-0.377256
-0.307124
-0.207306
-0.121243
-0.086754
-0.121573
-0.216556
-0.339158
-0.445849
-0.498727
-0.479986
-0.398707
-0.287382
-0.189495
-0.142913
-0.165418
-0.247914
-0.357904
-0.451909
-0.492078
-0.460654
-0.366769
-0.242963
-0.132771
-0.074107
-0.084802
-0.155805
-0.254668
-0.337952
-0.367849
-0.326645
-0.223508
-0.091015
0.027264
0.093383
0.089483
0.024586
-0.068882
-0.147505
-0.173493
-0.129145
-0.023645
0.110423
0.229481
0.295581
0.290865
0.224356
0.128489
0.046688
0.016755
0.056407
0.156479
0.284407
0.396641
0.455255
0.442423
0.367201
0.262057
0.170451
0.130225
0.159136
0.248063
0.364483
0.464893
0.511415
0.486268
0.398558
0.280803
0.176511
0.123577
0.139804
0.216124
0.320064
0.408168
0.442608
0.405652
0.306450
0.177566
0.062554
-0.000652
0.005795
0.072863
0.168116
0.248133
0.275118
0.231367
0.126059
-0.008219
-0.127893
-0.195009
-0.191705
-0.127000
-0.033321
0.045916
0.072920
0.029985
-0.073711
-0.205591
-0.322085
-0.385256
-0.377256
-0.307124
-0.207306
-0.121243
-0.086754
-0.121573
-0.216556
-0.339158
-0.445849
-0.498727
-0.479986
-0.398707
-0.287382
-0.189495
-0.142913
-0.165418
-0.247914
-0.357904
-0.451909
-0.492078
-0.460654
-0.366769
-0.242963
-0.132771
-0.074107
-0.084802
-0.155805
-0.254668
-0.337952
-0.367849
-0.326645
-0.223508
-0.091015
0.027264
0.093383
0.089483
0.936892
0.982244
0.870435
0.643379
0.386154
0.194510
0.138307
0.234843
0.442263
0.675569
0.839102
0.863116
0.730439
0.483067
0.206159
-0.004457
-0.078847
0.000358
0.191374
0.409264
0.558434
0.569192
0.424418
0.166158
-0.120387
-0.339352
-0.420770
-0.347242
-0.160533
0.054441
0.202094
0.212741
0.069263
-0.186299
-0.468755
-0.682257
-0.756858
-0.675187
-0.479039
-0.253372
-0.093809
-0.070085
-0.199369
-0.439678
-0.705881
-0.902193
-0.958737
-0.858211
-0.642488
-0.396599
-0.216250
-0.171256
-0.278870
-0.497196
-0.741190
-0.915153
-0.949296
-0.826407
-0.588446
-0.320533
-0.118460
-0.052127
-0.138874
-0.336884
-0.561195
-0.716185
-0.732141
-0.591923
-0.337557
-0.054228
0.162208
0.241797
0.167146
-0.019976
-0.234649
-0.381290
-0.390219
-0.244322
0.014350
0.300595
0.518549
0.598248
0.522301
0.332481
0.113720
-0.038386
-0.054131
0.083622
0.332857
0.608407
0.814452
0.881074
0.790933
0.585860
0.350845
0.181551
0.147748
0.266647
0.496305
0.751635
0.936892
0.982244
0.870435
0.643379
0.386154
0.194510
0.138307
0.234843
0.442263
0.675569
0.839102
0.863116
0.730439
0.483067
0.206159
-0.004457
-0.078847
0.000358
0.191374
0.409264
0.558434
0.569192
0.424418
0.166158
-0.120387
-0.339352
-0.420770
-0.347242
-0.160533
0.054441
0.202094
0.212741
0.069263
-0.186299
-0.468755
-0.682257
-0.756858
-0.675187
-0.479039
-0.253372
-0.093809
-0.070085
-0.199369
-0.439678
-0.705881
-0.902193
-0.958737
-0.858211
-0.642488
-0.396599
-0.216250
-0.171256
-0.278870
-0.497196
-0.741190
-0.915153
-0.949296
-0.826407
-0.588446
-0.320533
-0.118460
-0.052127
-0.138874
-0.336884
-0.561195
-0.716185
-0.732141
-0.591923
-0.337557
-0.054228
0.162208
0.241797
0.167146
-0.019976
-0.234649
-0.381290
-0.390219
-0.244322
0.014350
0.300595
0.518549
0.598248
0.522301
0.332481
0.113720
-0.038386
-0.054131
0.083622
0.332857
0.608407
0.814452
0.881074
0.790933
0.585860
0.350845
0.181551
0.147748
0.266647
0.496305
0.751635