-0.018815
-0.017110
-0.018807
-0.016500
-0.015389
-0.013637
-0.013991
-0.008956
-0.004071
-0.005862
-0.011243
-0.010804
-0.017082
-0.018911
-0.014751
-0.008672
0.000954
-0.002472
0.014064
-0.007933
-0.027859
0.014698
0.013428
-0.017972
-0.023702
-0.014109
0.013934
0.029912
0.027136
0.032277
0.053554
0.010999
-0.040037
-0.050978
-0.044921
-0.030736
0.009465
0.023275
0.017112
0.102112
0.019411
-0.063636
-0.067050
-0.144848
-0.013710
0.129298
-0.027837
-0.045138
0.134650
0.029209
-0.111538
-0.179443
-0.180278
0.051480
-0.033869
-0.141161
0.039799
0.073111
0.032873
-0.028967
-0.121431
-0.027850
0.015470
-0.079197
0.008509
0.103415
0.081506
0.077627
0.095345
0.053537
0.027902
-0.014538
0.000165
0.077147
0.033938
-0.046332
-0.054210
-0.034747
-0.032925
-0.044758
-0.030664
0.024268
0.053565
0.022739
0.005182
0.003858
0.005643
0.010943
0.007912
0.003347
0.015141
0.023869
0.018946
0.020111
0.013373
0.011834
0.006369
0.005161
0.002444
0.005471
0.007522
0.005457
0.005167
0.001131
0.005785
0.008272
0.007654
0.009141
0.007358
0.012809
0.010459
-0.000525
-0.000471
0.001215
0.009586
0.008380
-0.009566
-0.004726
0.008907
0.000647
0.002865
0.001531
0.022360
0.020797
-0.007894
-0.000005
0.000163
-0.002892
-0.010598
-0.001457
0.059286
0.034172
-0.050577
-0.007665
0.079435
0.019247
-0.043191
0.012661
0.014441
0.103509
0.098751
-0.042109
-0.012048
-0.046890
-0.085929
-0.070928
-0.127575
0.021914
0.204464
0.032742
-0.060692
0.082339
0.032073
-0.086835
-0.196832
-0.201936
0.028829
0.083017
-0.008699
0.063824
0.100797
0.147612
0.174618
0.065353
-0.017571
-0.012956
0.059098
0.076421
0.008222
-0.069778
-0.019222
-0.005773
-0.050463
-0.028268
-0.047157
0.008635
0.054583
0.023308
-0.003375
0.002785
-0.000778
-0.010462
-0.006833
-0.027562
0.004602
0.021097
0.002819
-0.004696
-0.005538
-0.009445
-0.009700
-0.011836
-0.027608
-0.016520
-0.015320
-0.008766
-0.010130
-0.018824
-0.013208
-0.011875
-0.011517
-0.014327
-0.007085
-0.008342
-0.007999
-0.009709
-0.016646
-0.015321
-0.012988
-0.009717
-0.016065
-0.016740
-0.012857
-0.001814
-0.009058
-0.029728
-0.020269
-0.012640
-0.001511
-0.008679
-0.019212
0.000140
-0.014264
-0.022566
-0.010115
-0.023799
-0.029282
-0.032643
0.011930
0.032274
-0.019771
-0.011032
0.032716
0.058271
0.044700
0.035086
0.068900
0.049881
-0.031581
-0.043460
0.024300
0.026984
-0.034235
-0.116369
-0.093353
-0.013629
-0.027552
-0.037177
-0.038496
0.079072
0.040427
-0.071831
0.002540
-0.084312
-0.125221
-0.079532
-0.041535
-0.080788
-0.140455
-0.102592
0.001000
0.125241
0.054833
0.027498
0.075040
0.135732
0.084527
0.007446
0.024758
0.048973
0.066973
-0.031768
-0.046890
0.009637
0.043960
0.053837
0.051693
0.045178
0.014956
-0.008137
-0.048793
-0.029006
-0.016718
-0.012505
-0.002567
-0.002890
0.003453
-0.003145
0.016184
0.018268
0.019481
0.012591
0.005420
0.002886
0.000406
0.002091
-0.002155
-0.001318
-0.002883
-0.001442
-0.003031
0.000609
0.006280
0.003388
-0.002026
-0.006584
-0.008109
-0.008310
-0.009571
-0.008989
-0.002422
0.004736
-0.004959
-0.004290
0.016337
0.001619
-0.017776
0.004906
-0.007718
-0.018435
0.003112
-0.013530
-0.010241
0.001210
-0.022560
-0.018854
-0.015346
-0.046210
0.017291
0.015477
-0.043690
0.050082
-0.045682
-0.084951
0.043421
-0.019728
-0.087356
-0.099883
-0.115637
0.015549
0.087988
-0.051422
0.051857
0.112844
0.005605
-0.035414
-0.066157
-0.056430
-0.048794
-0.006549
0.013950
-0.052870
-0.129526
-0.117495
-0.075031
-0.039954
-0.034204
0.016055
0.124565
0.056036
-0.052055
0.008295
-0.014453
-0.038840
-0.018023
-0.042656
0.044232
0.066058
-0.014047
-0.006983
0.023522
0.026547
0.028847
-0.009790
-0.009455
0.036533
0.022170
0.026722
0.019173
0.014141
0.038189
0.047184
0.045319
0.029718
0.029701
0.024104
0.032167
0.020971
0.004973
0.007807
0.020178
0.022273
0.019591
0.024892
0.015239
0.019515
0.017562
0.015999
0.019115
0.017376
0.019315
0.017515
0.013319
0.014440
0.018697
0.018333
0.018614
0.017975
0.014087
0.018687
0.011837
0.004665
0.015648
0.016039
0.001763
-0.002187
0.016483
0.015924
-0.004975
0.000775
0.005788
0.006294
0.035352
0.011463
-0.002309
0.048660
-0.000324
-0.009003
0.013180
-0.098110
-0.041505
0.010877
-0.054120
0.088802
0.093787
0.002964
0.049425
-0.050544
-0.031556
-0.017415
-0.049923
0.106056
0.136035
0.161935
0.166845
-0.005528
-0.074013
0.035582
0.059725
0.031794
-0.004718
0.028094
0.066168
0.014424
-0.024348
-0.117091
-0.012331
0.008402
-0.032095
0.076802
-0.036490
0.000493
0.076487
0.058516
0.060554
-0.066208
-0.081212
0.051812
0.026391
-0.034673
-0.016324
-0.027327
0.026176
-0.037921
-0.097620
-0.026560
-0.018099
-0.026551
-0.031723
-0.048855
-0.025137
-0.029492
-0.047908
-0.001778
0.008175
-0.008131
-0.008492
-0.016319
-0.001048
-0.002937
-0.009117
-0.009443
-0.018335
-0.024358
-0.029712
-0.022966
-0.014117
-0.018148
-0.019893
-0.017889
-0.019885
-0.017019
-0.019342
-0.015514
-0.011826
-0.015668
-0.017457
-0.012066
-0.008972
-0.007537
-0.010427
-0.014692
-0.017829
-0.013742
0.002448
-0.000853
-0.004905
-0.005428
-0.015589
-0.017044
-0.029654
-0.026097
0.001190
-0.003152
0.003948
0.021021
-0.001101
-0.021781
0.031047
0.012166
0.017151
0.028022
-0.087187
-0.019843
0.032617
0.025279
0.050799
0.011083
0.036262
0.088349
0.022713
-0.116535
-0.141006
-0.042751
0.047486
0.030481
-0.037980
-0.016203
0.056183
0.020548
-0.130025
-0.176003
-0.161498
-0.129952
-0.051608
-0.062976
-0.028979
0.048670
0.014172
0.050852
0.068192
-0.066926
-0.061449
-0.050111
-0.026117
0.057322
0.011169
0.032016
0.079089
0.065740
0.075554
0.034527
0.007320
0.036122
0.050111
0.051146
0.038019
0.008688
-0.011542
-0.019538
-0.002518
-0.002625
-0.008530
0.008066
0.003163
0.012305
0.013519
-0.008613
-0.002589
0.010604
0.007402
0.022219
0.028015
0.026608
0.033665
0.021249
0.016729
0.013573
0.007462
0.009575
0.008756
0.008903
0.010404
0.011098
0.009349
0.008615
0.009430
0.006379
0.004061
0.009880
0.010461
0.003463
0.004360
0.005131
0.010633
0.008053
0.008885
0.014584
0.031195
0.001962
-0.038414
-0.007054
-0.003497
0.003455
0.011406
0.004537
-0.013933
-0.009909
-0.002055
-0.018789
0.035974
0.054549
-0.009724
-0.011801
0.003774
0.010086
0.006532
-0.052130
0.069177
0.148958
0.003027
-0.026281
-0.053321
-0.107067
0.018503
-0.056363
-0.091150
0.204083
0.011850
-0.114581
0.056548
0.008071
0.021649
-0.051308
-0.098101
0.032997
0.150267
0.003892
-0.066852
-0.008649
0.002647
0.084463
0.029507
-0.012514
0.051019
0.135505
0.129545
0.078729
0.008327
-0.012643
0.031250
-0.029746
-0.053806
-0.037404
-0.022981
-0.001614
0.019263
-0.000231
0.016724
0.042937
0.003490
-0.001630
-0.015276
-0.016507
-0.013194
-0.018166
-0.018607
-0.013722
-0.004333
-0.007478
-0.001649
-0.004198
-0.008084
-0.008451
-0.007209
-0.013015
-0.018720
-0.021394
-0.021527
-0.018559
-0.020518
-0.018344
-0.013191
-0.011123
-0.013876
-0.014294
-0.017683
-0.014955
-0.016541
-0.026462
-0.022243
-0.018224
-0.019821
-0.018994
-0.016831
-0.009372
-0.015505
-0.026147
-0.016234
-0.024539
-0.026623
0.005353
-0.017329
-0.050661
-0.023408
-0.073944
-0.066684
0.001359
0.023054
0.030652
-0.021358
-0.012671
-0.013650
-0.032716
-0.033611
-0.067183
-0.062391
-0.025857
0.019515
0.089346
-0.059043
-0.129563
0.087532
0.070888
-0.057646
-0.032355
-0.062851
0.078143
0.301067
0.066337
-0.019717
0.168238
0.131733
0.139876
0.044953
-0.091258
0.005001
0.015419
-0.112865
-0.152016
-0.110118
-0.120334
-0.033333
0.009836
-0.017018
0.006672
-0.007450
-0.006859
0.024977
0.010957
0.007299
0.080902
0.049005
0.043199
0.095782
0.057778
0.024546
0.034449
0.018275
0.009626
0.015286
-0.032142
-0.019881
-0.015452
-0.050599
-0.026957
-0.015701
-0.013128
-0.007765
-0.007132
-0.007575
0.001562
-0.010921
-0.021092
-0.007672
-0.012183
-0.011027
-0.011665
-0.010814
-0.008743
-0.009662
-0.018121
-0.014832
-0.010860
-0.016261
-0.017985
-0.017565
-0.013029
-0.013633
-0.013571
-0.016740
-0.010292
-0.007142
-0.009093
-0.012968
-0.018974
-0.007056
0.000155
0.001508
-0.019003
-0.026266
0.017679
0.008630
-0.040427
-0.059099
-0.042696
0.018874
0.015425
-0.020672
0.016514
-0.048513
-0.034154
0.037195
-0.072323
-0.001401
0.012218
-0.038384
0.092713
0.044466
-0.069538
-0.093957
-0.010666
0.048859
-0.024372
-0.030525
-0.024112
0.090485
0.226958
0.083086
-0.072380
-0.000184
0.023240
0.099939
0.107260
-0.066683
0.085776
0.147104
-0.024451
-0.074020
-0.133052
-0.150228
-0.052010
-0.008552
0.023203
0.041562
-0.064448
-0.033224
0.016071
-0.004681
-0.004020
-0.029214
0.019891
0.039036
-0.007307
-0.056057
-0.056247
-0.063588
-0.064296
-0.044341
-0.033253
-0.015612
-0.030820
-0.028387
-0.017410
-0.004432
-0.012412
-0.027469
-0.013278
0.002346
0.006401
0.000360
-0.000290
-0.002136
-0.003979
-0.008902
-0.008802
-0.007406
-0.006198
-0.003465
-0.008199
-0.010551
-0.013619
-0.009471
-0.007360
-0.006975
-0.004590
-0.003495
-0.000579
-0.004000
-0.003780
-0.000597
0.001173
0.005633
0.002279
-0.004633
-0.003967
0.005848
0.017737
0.009026
-0.018641
-0.019493
-0.004931
-0.012628
-0.002965
0.002840
0.013485
0.038463
0.004010
-0.021049
-0.007622
0.024378
0.045139
0.017320
0.028224
0.023655
-0.053979
-0.037866
0.016312
0.007312
0.013774
0.034738
0.063585
0.047495
0.065028
0.013765
-0.031796
0.137013
0.125637
0.032758
0.037849
0.013444
-0.067123
-0.135051
-0.000231
-0.011179
-0.082633
-0.000100
0.034081
0.027926
0.010627
-0.077627
-0.031895
0.099767
0.000071
-0.021773
0.017198
0.001686
-0.018565
-0.091981
-0.071220
-0.005138
-0.006222
-0.009672
0.024737
0.049094
0.060034
0.023298
-0.022764
-0.001425
-0.010278
-0.028174
-0.028953
-0.012009
-0.008073
-0.017158
-0.010432
-0.007720
-0.004595
-0.008770
-0.006215
-0.004168
-0.005748
-0.011611
-0.012601
-0.011458
-0.011742
-0.009279
-0.010101
-0.006359
-0.000196
-0.001128
-0.001504
-0.003719
-0.006577
-0.006788
-0.006496
-0.006906
-0.006013
-0.002589
-0.000132
-0.002934
-0.003191
-0.002268
-0.004146
-0.003273
-0.002411
-0.005552
-0.003150
0.007147
0.002542
-0.005490
-0.004264
-0.006059
-0.009702
-0.002299
-0.001309
-0.004371
-0.001289
-0.007305
-0.011254
-0.011588
-0.016366
-0.013253
-0.004413
-0.002387
-0.000727
0.000436
0.001466
0.003718
0.003438
0.002816
0.001790
0.002627
0.003739
0.002283
0.000150
-0.001181
-0.001377
-0.002372
-0.001843
-0.000035
0.001268
0.002391
0.003158
0.003270
0.003309
0.001536
-0.000271
0.000427
0.000064
0.000015
0.000571
0.000657
0.000790
0.001084
0.001051
0.001576
0.001690
0.001520
0.000980
0.000821
0.000931
0.001021
0.001019
0.001271
0.001348
0.001335
0.001133
0.001134
0.001227
0.001372
0.001274
0.001193
0.001187
0.001163
0.001162
0.001101
0.001088
0.000957
0.000868
0.000833
0.000708
0.000678
0.000733
0.000731
0.000695
0.000701
0.000697
0.000727
0.000729
0.000606
0.000477
0.000359
0.000264
0.000307
0.000380
0.000433
0.000477
0.000453
0.000274
0.000118
0.000136
0.000231
0.000431
0.000638
0.000628
0.000485
0.000379
0.000354
0.000370
0.000390
0.000284
0.000152
0.000111
0.000077
0.000073
0.000127
0.000067
-0.015171
-0.008505
0.017368
-0.006091
0.035490
0.021859
-0.095687
0.036359
0.081468
-0.060891
-0.038785
-0.001552
0.006070
-0.005348
0.053091
0.151375
0.137206
-0.031426
-0.149630
-0.084538
-0.046179
-0.036449
0.014232
0.088727
-0.052933
0.154170
0.114604
-0.173649
-0.000913
-0.253609
-0.195050
0.333094
-0.012280
-0.143630
0.433835
0.063436
-0.546184
-0.296537
-0.091667
0.231325
-0.283294
-0.577636
0.399229
0.168260
-0.276148
0.063398
-0.035827
-0.019391
-0.110066
-0.376798
0.167603
0.398446
0.134736
0.109615
0.191621
0.180926
0.099653
0.008181
0.153291
0.265260
-0.045809
-0.150760
0.039609
0.006201
-0.091660
-0.124184
-0.041004
0.071598
0.000610
-0.076508
0.011442
0.049821
0.022958
0.007383
-0.002032
0.025697
0.026670
0.020718
0.006003
0.019064
0.005814
-0.005971
-0.007371
-0.005233
-0.003974
0.003626
0.018350
0.023618
0.014302
-0.013073
-0.015729
-0.006323
-0.009453
-0.003519
-0.004480
0.007475
0.019143
-0.017228
-0.001648
0.011578
0.006121
0.007742
-0.027460
-0.010999
0.035430
-0.019126
0.003632
0.038711
0.065572
0.058660
-0.064961
0.002399
0.038527
-0.034769
-0.023192
-0.004968
0.142310
0.094411
-0.187023
-0.025957
0.242623
-0.000412
-0.235235
0.154618
0.123586
-0.021145
0.197973
0.016133
0.083860
-0.094722
-0.390982
-0.125184
-0.262114
0.035791
0.592859
-0.083338
-0.431002
0.311327
0.197339
-0.334237
-0.342658
-0.174643
0.057009
-0.211035
-0.214514
0.570448
0.392974
-0.027686
0.205527
0.152992
0.149391
0.137919
0.152470
0.153332
-0.088885
-0.065443
0.237669
0.040494
-0.380403
-0.118265
-0.033666
-0.069990
0.032476
-0.035834
-0.020107
-0.014532
0.016809
0.036886
-0.008422
-0.076275
-0.010507
-0.008697
-0.084437
-0.027161
-0.002150
-0.025183
-0.059894
-0.047231
-0.024981
-0.017118
-0.031792
-0.016750
-0.002011
-0.056152
-0.039511
-0.015871
-0.022610
-0.023550
-0.016484
-0.008499
-0.015612
-0.024958
-0.026852
-0.020396
-0.020687
-0.011592
-0.012013
-0.011972
-0.000178
0.020163
0.019480
-0.042491
-0.014711
-0.001570
-0.012485
0.003939
-0.011217
0.058944
-0.001494
-0.091251
0.019981
0.001089
-0.048691
-0.076531
-0.001203
0.096011
-0.096560
-0.037937
0.168803
0.108664
0.033946
0.093179
0.264876
0.147244
-0.173125
-0.100778
0.176943
0.077595
-0.117279
-0.178900
-0.193759
-0.127194
-0.235255
-0.026865
0.104573
0.155963
0.013574
-0.449699
0.102828
0.140987
-0.305444
-0.153712
-0.083404
-0.208989
-0.483941
-0.167530
0.164374
0.146245
-0.031593
0.122490
0.298784
0.192367
0.132740
0.125064
0.340053
0.255999
0.063151
-0.125745
-0.063007
0.215790
0.127682
0.032359
0.067236
0.101301
-0.016736
-0.069561
-0.013455
0.026794
-0.023621
-0.083666
-0.019873
-0.044552
-0.045365
-0.041516
-0.021502
0.000418
-0.021385
-0.035119
-0.025820
-0.001276
0.002096
0.000900
-0.003344
-0.012263
-0.025619
-0.034350
-0.030669
-0.018458
-0.010100
-0.013522
-0.022255
-0.021112
-0.022097
-0.016490
-0.022521
-0.019740
-0.012448
-0.001933
-0.025732
-0.025929
0.056897
0.022901
-0.066311
0.036188
0.045432
-0.062892
0.032236
0.047143
-0.003189
0.013567
-0.033188
-0.017059
0.003161
-0.107686
0.040708
0.115245
-0.202962
0.130082
0.037235
-0.357262
0.160866
0.069861
-0.245351
-0.185791
-0.239502
-0.031662
0.128527
-0.177248
0.263269
0.385486
-0.301112
-0.230855
0.016175
0.146949
-0.028032
-0.151920
0.145660
-0.100677
-0.431982
-0.097072
0.003668
-0.190312
-0.148734
0.069202
0.313954
0.069978
-0.237833
0.230427
0.206112
-0.196319
0.039550
0.071532
0.100515
0.083465
-0.087502
0.113861
0.106246
-0.024139
0.078789
0.015240
0.010630
0.141709
-0.017455
0.039345
0.149240
0.060920
0.099987
0.029272
0.031294
0.075467
0.062856
0.048657
0.030985
-0.004209
-0.001841
0.035406
0.041845
0.028087
-0.016433
-0.001958
0.009220
0.016469
0.011134
-0.002821
0.007077
-0.000455
-0.000093
0.015157
0.005860
0.001698
0.005410
0.002586
0.002024
0.004868
-0.005056
0.010687
0.011231
-0.017833
0.025430
0.034210
-0.014735
-0.027012
0.028379
0.031536
-0.055844
-0.015447
0.052168
-0.029773
0.019786
0.054185
-0.035504
0.106459
0.013399
-0.106831
0.116258
-0.186681
-0.182980
0.126410
-0.221557
0.126037
0.366414
-0.101295
0.096764
-0.144540
-0.174282
0.083194
-0.216646
0.371719
0.364147
0.040203
0.423289
0.060171
-0.219542
0.172671
0.152645
0.047122
0.009633
0.100653
0.164037
-0.291908
-0.086991
0.062811
-0.005102
-0.042002
-0.408304
0.117983
-0.005960
-0.117316
0.318252
0.011219
0.049599
-0.136530
-0.223140
0.244103
-0.058225
-0.242693
0.134475
-0.005915
-0.059921
-0.195456
-0.246179
0.166017
-0.015649
-0.231165
-0.070916
-0.125426
-0.054756
-0.014940
-0.083806
0.044558
-0.009598
-0.107959
0.017002
0.032744
0.035730
0.017063
-0.040548
0.023470
0.019863
-0.029577
-0.001706
0.004800
0.009211
0.004857
-0.024405
-0.002632
-0.012729
-0.026645
-0.012757
-0.000946
0.005651
-0.006867
-0.026944
-0.004850
0.002458
-0.011219
-0.013821
-0.018205
-0.028053
-0.038880
0.013321
0.028968
0.005861
0.009868
-0.025104
-0.043814
-0.055847
-0.045851
0.043123
-0.006427
-0.036247
0.052804
0.024493
-0.076612
0.092915
0.108070
-0.041462
0.124307
-0.170576
-0.098488
0.149686
-0.000107
0.190707
0.100542
0.041518
0.154862
-0.056239
-0.178343
-0.138095
-0.039061
0.025110
-0.082791
-0.064699
0.154965
0.128341
-0.133956
-0.374373
-0.255850
-0.137248
-0.397758
-0.278291
-0.107001
-0.044360
0.151978
-0.036348
-0.029675
0.206804
-0.127132
-0.064036
0.045430
-0.135910
0.119539
0.079126
0.194629
0.371376
0.012899
0.074439
0.137343
0.073495
0.236958
0.132514
0.061015
0.109562
0.089274
0.122169
0.027523
-0.044210
-0.023298
-0.079198
-0.012264
0.003996
-0.043773
-0.036234
-0.055093
0.002376
0.046025
-0.008272
0.001222
0.022755
0.004557
0.026266
0.006686
0.002782
0.012815
-0.017126
0.000333
0.014350
-0.003754
-0.000280
-0.006729
-0.019545
-0.016432
-0.013747
-0.009510
-0.006386
0.004232
0.017091
-0.006697
-0.003870
0.008750
0.012450
-0.003836
0.002534
0.029929
0.062337
0.027789
-0.101379
0.020851
0.037895
-0.036353
0.040028
0.062474
-0.018984
-0.106070
-0.024098
-0.005814
0.081415
0.206627
-0.017058
-0.120273
-0.014271
-0.010093
0.048626
-0.093301
0.155199
0.396288
-0.230527
-0.170087
0.178647
-0.254219
-0.123114
-0.020565
-0.307301
0.539117
0.074262
-0.635303
0.293657
0.106680
-0.049214
-0.097566
-0.145289
0.228142
0.016921
-0.166936
0.131301
0.250282
-0.097967
-0.034228
0.007926
0.089724
0.303849
0.226872
0.143193
0.075082
0.103301
0.186429
0.150150
-0.168704
-0.178799
-0.011367
-0.062996
-0.061828
-0.019543
-0.046866
-0.035293
0.028338
-0.020502
-0.024117
-0.044957
-0.057785
-0.039413
-0.073320
-0.037590
-0.012664
-0.051022
-0.065189
-0.039310
-0.035409
-0.035543
-0.036645
-0.021142
-0.018980
-0.036095
-0.035109
-0.019030
-0.011029
-0.029004
-0.037115
-0.026668
-0.026897
-0.036403
-0.026347
-0.025227
-0.020066
-0.014447
-0.027659
-0.014780
-0.001206
-0.026802
-0.025113
-0.011630
0.001567
-0.002543
-0.043989
0.004810
-0.004939
-0.066541
0.046199
0.046570
-0.120595
-0.011949
-0.100268
-0.217170
0.028854
0.085903
0.118122
-0.053231
-0.048766
0.029843
-0.168283
-0.031445
0.062308
-0.102761
-0.120239
-0.096910
0.224643
0.030996
-0.347954
0.315392
0.179919
-0.494344
0.031605
0.268043
0.013840
0.427377
0.197565
0.034174
0.607348
0.256302
0.097946
0.186186
0.032953
0.297914
-0.142538
-0.513197
-0.199220
-0.061282
-0.227790
-0.255296
-0.161122
-0.156943
-0.070541
-0.055594
-0.001796
-0.015455
-0.106204
0.015062
0.258871
0.128049
0.005924
0.178852
0.105116
0.010432
0.103174
0.114164
0.018366
-0.034879
-0.039493
0.046671
0.020405
-0.140046
-0.035425
-0.012264
-0.093147
-0.049832
-0.042696
-0.033680
-0.028221
-0.061166
-0.038292
0.003530
-0.046029
-0.029621
-0.024560
-0.038753
-0.015382
-0.015820
-0.026577
-0.008336
-0.000775
-0.015083
-0.012902
-0.013661
-0.002278
-0.011688
-0.022512
-0.024693
-0.019804
-0.016866
-0.025439
-0.021039
-0.031047
-0.013533
-0.003018
-0.004464
-0.014909
-0.052552
0.051151
0.051160
-0.105551
-0.082937
-0.039275
0.027992
0.024429
-0.063764
0.165046
-0.031883
-0.294982
0.147752
-0.082594
-0.008861
0.252188
-0.197225
0.118806
0.135107
-0.123340
-0.016557
-0.026682
0.134684
-0.193278
-0.142980
0.243490
0.111513
0.275008
0.205724
-0.103963
0.145675
0.047150
-0.057917
0.313291
0.032774
0.323418
0.357831
-0.478231
-0.247121
0.047369
-0.154832
-0.221516
-0.274158
-0.037967
0.116957
-0.214738
-0.017095
0.103315
-0.277013
-0.035797
0.112195
0.102507
0.035895
-0.220434
-0.128024
0.033629
-0.054260
-0.126544
-0.136017
-0.157361
-0.062778
-0.061340
-0.030445
0.026675
-0.038214
-0.034413
-0.002242
0.036238
0.058240
0.018161
0.011923
0.050237
0.039923
0.017490
0.002866
0.007696
0.032686
0.019264
0.015888
0.023410
0.020110
0.014032
0.015826
0.018369
0.009239
0.002070
0.005391
0.017643
0.008941
-0.002261
0.008344
-0.002769
-0.000577
0.001395
-0.018606
-0.015626
-0.000734
0.029693
0.023728
-0.036303
-0.040272
-0.006400
-0.066227
-0.037682
0.050832
0.033018
0.057164
-0.029502
-0.082018
0.008573
0.049084
0.106286
0.037398
0.053320
0.114802
-0.182901
-0.174523
0.157212
0.078078
-0.003440
0.072592
0.154376
0.001497
0.010746
0.226124
-0.025758
0.224525
0.321217
-0.061858
0.115506
0.178637
-0.079801
-0.513860
-0.060999
0.271096
-0.365080
-0.149626
0.205844
-0.129343
-0.250930
-0.070977
0.129953
0.193666
-0.252177
-0.118422
0.210489
-0.041252
-0.070449
-0.190685
-0.137970
0.045999
-0.154885
-0.084490
0.122667
0.094424
0.060812
0.031165
0.012579
0.122921
0.019253
-0.084515
0.001639
0.012441
-0.011310
-0.040736
-0.020456
0.019369
-0.013335
-0.050415
-0.010251
0.009406
-0.000224
-0.005275
0.005112
0.017147
0.000159
-0.017481
-0.002763
-0.001042
-0.003571
-0.012732
-0.007769
0.003187
-0.007868
-0.008615
-0.002261
-0.007407
-0.010098
-0.000119
0.004467
-0.002686
-0.008883
-0.005304
-0.014364
-0.016318
-0.000432
-0.002164
-0.004865
0.027730
0.016096
-0.022306
-0.010757
-0.001711
-0.028497
-0.010499
0.020297
0.001780
-0.006990
-0.013826
-0.016456
-0.011590
-0.013009
0.000057
0.003433
-0.011836
-0.004695
0.005775
0.011713
0.018387
0.007776
0.004924
0.007267
0.003724
0.007342
0.008987
0.004654
0.003220
0.006730
0.002661
-0.001983
-0.002063
-0.004517
-0.003647
-0.001164
-0.000328
-0.000995
-0.005506
-0.001878
-0.001131
0.001535
0.009647
0.006028
0.004970
0.003212
0.001312
-0.000104
-0.000683
0.006411
0.000247
-0.000305
0.001598
-0.000374
0.001256
0.002569
0.002014
0.002825
0.005121
0.003141
0.003992
0.001438
0.000417
-0.002625
-0.004784
-0.003692
-0.002260
-0.000904
0.001061
0.001379
0.002251
0.001470
0.001813
0.001098
0.001042
0.000516
0.000077
-0.000072
0.000368
0.000848
0.001276
0.001472
0.001288
0.000725
0.000684
0.000509
0.000515
0.000602
0.000544
0.000255
0.000069
0.000110
0.000141
0.000117
-0.000056
-0.000382
-0.000659
-0.000714
-0.000467
-0.000221
-0.000011
-0.000001
-0.000376
-0.000629
-0.000675
-0.000448
-0.000206
-0.000055
-0.000250
-0.000529
-0.000427
-0.000055
0.000184
0.000576
0.000595
0.000071
-0.000140
-0.000014
0.000187
0.000416
0.000960
0.000694
0.000442
0.000249