-0.002543
-0.005848
-0.009674
0.001251
-0.008652
-0.028132
-0.016412
-0.019221
-0.007671
0.000692
0.016608
0.022170
-0.046208
0.022806
0.039921
-0.043136
-0.001425
-0.011077
-0.037886
0.007582
0.090465
0.076189
0.026393
0.072327
-0.017956
-0.086038
-0.061737
-0.065222
-0.045104
0.031527
0.015010
0.121210
0.180643
-0.071648
-0.004267
-0.173775
-0.263798
0.126849
0.064618
-0.079998
0.174159
0.142993
-0.224331
-0.079430
-0.145513
-0.337475
-0.121449
-0.039941
0.013280
-0.069949
0.148701
0.186992
-0.188389
-0.087807
-0.055673
-0.140160
-0.069413
0.065437
0.208672
0.060257
0.117344
0.288076
0.042066
0.012622
0.067001
-0.013439
0.011101
0.062861
-0.015446
-0.065752
0.035641
-0.029827
-0.037088
0.034006
0.056936
0.073411
0.040646
0.023019
0.033482
-0.027787
-0.044413
0.003937
-0.010819
-0.018443
-0.024340
-0.011021
0.006924
-0.007297
-0.005905
0.015580
0.016451
0.012410
0.012970
0.013804
0.008080
0.008534
0.003167
0.004179
0.002393
0.003994
-0.000693
0.001453
0.019451
0.001946
0.001188
0.001490
-0.003361
0.012715
-0.002541
-0.014045
0.003235
-0.009437
0.007690
0.017583
0.017100
0.040305
-0.005943
0.012775
0.001035
-0.039010
0.002820
-0.029353
0.037549
0.074860
-0.033427
-0.002076
0.066471
0.016531
-0.051148
0.077405
-0.007896
-0.067373
0.300901
0.085109
-0.101852
0.009795
-0.150090
-0.166908
-0.220089
-0.009531
0.178102
0.039052
0.065903
0.213646
0.079641
-0.173985
-0.099864
-0.238195
-0.429272
-0.077068
0.222649
0.122288
0.043905
0.279471
0.311747
0.089308
0.173433
0.030986
-0.095723
-0.022047
-0.010221
0.106196
-0.052780
-0.106168
-0.008270
0.044153
-0.069152
-0.074367
0.147950
0.043373
0.015250
0.064831
0.078809
-0.046452
-0.100156
0.013726
-0.100995
-0.107718
-0.015499
-0.031565
-0.057666
-0.017852
-0.005579
-0.023672
-0.010801
-0.020766
-0.010092
-0.018750
-0.032779
-0.017096
-0.012378
-0.024607
-0.017819
-0.011189
-0.023399
-0.013933
-0.013045
-0.013400
-0.011754
-0.021766
-0.013787
-0.004732
-0.014405
-0.013316
-0.003555
-0.004070
0.003872
-0.017603
-0.015726
-0.016380
-0.018428
0.019040
-0.007540
0.010937
-0.001695
-0.041809
0.009259
-0.032872
-0.049522
-0.040521
-0.029383
0.040737
-0.021838
0.023851
0.066748
0.016854
0.105053
0.111243
0.104435
0.055904
-0.012634
-0.015891
-0.041870
-0.012227
0.005142
-0.069516
-0.187669
-0.094648
-0.017718
0.005600
-0.010582
0.022814
0.140069
-0.129473
0.076732
0.037160
-0.349329
-0.116774
-0.151901
-0.187427
-0.255600
-0.065354
-0.082671
-0.123601
0.309176
0.139820
0.027315
0.183728
0.261344
0.050594
0.026523
0.091043
-0.023198
-0.016399
-0.028789
0.071807
0.016439
0.047718
0.157318
0.152422
0.100666
0.073375
0.059089
-0.058894
-0.053811
-0.006471
-0.052444
-0.043495
0.026006
-0.011575
-0.057074
-0.003842
0.000732
-0.027127
-0.013288
-0.001698
-0.013646
-0.033140
-0.034126
-0.028364
-0.020341
-0.023874
-0.019347
-0.013084
-0.011029
-0.005384
-0.000253
0.000005
0.001795
0.003662
-0.012035
-0.017065
-0.013616
-0.004769
-0.008966
-0.011404
0.023715
0.015251
-0.024036
0.022987
0.013784
-0.048431
0.027888
0.029356
-0.050298
0.006665
0.018479
-0.045822
-0.034401
-0.023188
-0.022550
0.025437
-0.056586
0.061676
0.044110
-0.215624
0.082771
0.033405
-0.191720
-0.101837
-0.133734
-0.161043
-0.010438
0.151443
0.064749
0.080158
0.066321
0.038243
-0.047383
-0.055864
-0.155839
-0.121473
0.099954
-0.159009
-0.098489
0.023851
-0.254211
-0.159900
0.089304
0.005401
0.067027
0.215650
0.106029
0.035118
-0.020349
-0.125642
0.003271
-0.092319
-0.107922
0.125281
0.055770
0.000203
-0.004768
0.133948
0.067682
-0.018636
0.110723
0.046274
-0.030994
0.074624
0.084800
0.008793
0.063107
0.046253
0.078767
0.068751
0.023570
0.044071
-0.004563
0.019736
0.048793
0.006255
0.011605
0.032567
0.013724
0.010235
0.029505
0.016157
0.010317
0.009452
0.010874
0.012031
0.007644
0.006965
0.000499
0.003447
0.003447
0.001388
-0.000662
0.008154
0.003719
0.006318
0.015157
-0.002973
0.010973
0.025536
-0.000259
-0.005452
0.011253
0.012839
-0.022325
0.005702
0.017532
-0.044470
0.032475
0.068843
-0.040001
0.045645
0.066065
-0.061953
0.053052
-0.068418
-0.171141
0.016593
-0.118632
0.022717
0.238421
0.019968
0.084568
0.022661
-0.082209
-0.054146
-0.153169
0.157716
0.054898
0.140276
0.498855
0.049181
-0.040834
0.048709
-0.019121
-0.019689
0.008639
0.133941
0.015849
-0.078001
0.232395
-0.008899
-0.276846
0.101213
-0.118038
0.009962
0.081702
-0.054877
0.145129
-0.079102
0.151042
0.030568
-0.180052
0.007849
-0.146607
-0.013395
-0.026886
-0.133468
0.012423
-0.036876
-0.046947
-0.012382
-0.101422
-0.042275
-0.054129
-0.095375
0.005706
-0.023490
-0.080427
-0.034478
-0.015848
-0.004381
-0.001146
-0.026666
0.009938
-0.021930
-0.032293
0.008381
-0.010467
-0.010903
-0.007262
-0.027459
-0.002691
0.004927
-0.020873
0.004648
0.006154
-0.004909
-0.000267
-0.011537
-0.005403
0.000699
-0.019223
-0.010526
-0.005379
-0.014557
-0.016310
-0.017552
-0.022078
-0.023910
0.003315
0.010233
-0.002838
0.014324
-0.008480
-0.029220
-0.023334
-0.035276
-0.013993
-0.022318
-0.007545
0.041977
0.024336
-0.013471
0.044891
0.061087
-0.044900
0.095519
-0.036740
-0.153127
0.068219
-0.003105
0.092761
0.068622
0.064577
0.100948
0.034955
0.049746
-0.218454
-0.186398
-0.048053
-0.051007
0.088368
0.067070
0.002250
0.046109
-0.055035
-0.192503
-0.262330
-0.359383
-0.220498
-0.072168
-0.089198
0.078597
0.075808
0.023372
0.164900
0.023359
-0.107809
-0.134503
-0.180996
-0.016626
0.023876
0.102122
0.145775
0.070931
0.225064
0.116214
0.066079
0.130409
0.000848
0.080141
0.124278
0.105945
0.097296
-0.020445
0.013907
0.030783
-0.048731
0.018828
0.018961
-0.021596
0.026897
0.024894
-0.001372
-0.001343
0.006491
-0.005755
-0.007326
0.005254
-0.005435
-0.011329
-0.009897
-0.010475
-0.009247
-0.002551
-0.008448
-0.004758
0.006681
-0.000469
0.001898
0.008078
0.009497
0.011933
0.010201
0.010032
0.016206
-0.000468
0.000959
0.009260
0.000069
0.004365
0.011474
0.018608
0.026273
0.039675
-0.037773
-0.022357
-0.001324
-0.045665
0.041224
0.025861
-0.027806
-0.044211
0.027374
-0.014605
-0.026634
0.150338
0.005046
-0.073007
0.052845
-0.016812
-0.034421
-0.036669
0.025310
0.154849
0.000406
0.093291
0.075873
-0.274694
-0.097582
0.055527
-0.252512
0.107424
0.274170
-0.216974
0.105992
0.100178
-0.052809
-0.043788
-0.020932
-0.030092
-0.177741
0.337987
0.022155
-0.200064
0.105409
-0.025860
0.024224
0.110574
0.131507
0.054258
0.158256
0.174393
0.155928
0.091300
-0.080152
-0.040773
-0.035280
-0.116029
-0.089966
-0.011142
0.007827
0.041316
0.046124
0.083457
0.060818
-0.017135
-0.020848
-0.033908
-0.097064
-0.087656
-0.031607
-0.076631
-0.064428
-0.008031
-0.030695
-0.044001
-0.012116
-0.011429
-0.026833
-0.017363
-0.015939
-0.023441
-0.026520
-0.021373
-0.029647
-0.036035
-0.022535
-0.020945
-0.021045
-0.016664
-0.016872
-0.014234
-0.007586
-0.014098
-0.017119
-0.009208
-0.023404
-0.028038
-0.016766
-0.010210
-0.006670
-0.022000
-0.006714
-0.017087
-0.047539
0.021320
0.015421
-0.074258
-0.010847
-0.051092
-0.174378
-0.011761
0.037789
0.026544
0.014863
0.035841
0.018128
-0.135235
0.053654
-0.034633
-0.215605
-0.054435
-0.019734
0.102069
0.073038
-0.141740
0.083656
0.026260
-0.143278
0.166405
0.013465
-0.247225
0.306830
0.481463
-0.067006
0.217758
0.368927
0.021699
0.126795
0.198501
-0.080990
-0.292546
0.021709
-0.103297
-0.290176
-0.043187
-0.179233
-0.050204
0.089483
0.012859
0.073011
-0.019471
-0.088007
-0.012999
0.013046
-0.061808
0.026748
0.035257
0.010310
0.048547
0.026702
0.023569
0.028644
-0.024969
0.013500
0.087250
-0.035248
-0.015535
0.041668
-0.002549
-0.037453
0.023495
0.028517
-0.033917
0.002002
-0.003429
-0.029746
-0.028944
-0.039638
-0.037652
-0.031820
-0.052791
-0.038204
-0.025435
-0.039727
-0.030671
-0.016015
-0.014969
-0.015980
-0.020081
-0.012401
-0.010993
-0.016214
-0.015909
-0.014485
-0.022779
-0.008291
-0.008392
-0.017926
-0.018594
-0.015828
-0.002998
-0.000142
0.009063
-0.028944
0.011674
0.038828
-0.033143
-0.032614
-0.062629
-0.048437
0.033630
0.011465
0.059018
-0.036355
-0.136595
0.116483
-0.061004
-0.090552
0.158887
-0.135045
0.035434
0.178595
0.009733
-0.095158
-0.144015
0.109292
-0.165168
-0.011478
0.191222
-0.195025
0.276143
0.392681
-0.048451
0.013381
0.025159
-0.065827
0.145574
0.126592
0.023407
0.121589
-0.005782
0.048023
-0.033722
-0.239174
-0.278612
-0.113822
0.084869
-0.007607
0.071537
0.084540
-0.128040
-0.077196
0.125485
-0.080903
-0.124869
0.032309
-0.073493
-0.079675
-0.103522
-0.101540
-0.127796
-0.163479
-0.048621
0.009909
-0.041118
-0.025851
0.014594
-0.008855
0.026731
0.018119
-0.011809
0.006020
-0.004437
-0.006338
-0.003347
-0.003709
0.010026
0.000704
0.005015
0.024975
0.007519
0.009465
0.020660
0.019103
0.024106
0.017375
0.007839
0.008927
0.011276
0.005189
0.005524
0.004221
-0.004573
0.000672
-0.005169
-0.000717
0.005339
-0.011956
-0.010709
-0.003011
0.014718
0.018174
-0.010288
-0.020941
-0.019020
-0.037998
-0.015637
0.021002
-0.007050
0.038620
0.046564
-0.020230
-0.013293
0.001573
0.051633
0.026143
0.044416
0.083290
-0.088645
-0.073822
0.048471
-0.048533
-0.013343
0.101088
0.091030
0.025522
0.118487
0.211750
-0.148739
0.051354
0.318769
-0.051560
0.103360
0.170166
-0.108793
-0.333198
-0.025129
0.095472
-0.402786
0.102177
0.217401
-0.236805
0.088606
0.203231
-0.162063
-0.131476
0.169260
-0.002567
-0.148628
0.008286
0.035777
-0.234799
-0.170165
-0.007373
-0.119103
-0.008224
0.048440
0.075569
0.117068
0.064777
0.069757
0.034573
-0.024105
-0.031779
-0.052751
-0.058139
-0.022096
-0.023070
-0.018236
0.028803
0.016017
0.012425
0.020298
0.001736
0.013856
0.007182
-0.021492
-0.010623
0.000554
-0.018852
-0.023387
-0.016624
-0.007695
-0.016566
-0.011229
0.003272
-0.002068
-0.006240
0.000468
-0.007987
-0.007028
0.000590
-0.005958
-0.004834
0.001709
0.000495
-0.010846
-0.007428
0.002037
-0.002295
-0.002731
0.019413
0.012147
-0.008199
0.001798
-0.004067
-0.028799
-0.008274
0.015794
-0.012583
-0.006594
0.012322
-0.012580
-0.017629
-0.003766
-0.013243
-0.025934
-0.003563
0.009066
-0.005122
0.003519
0.008441
-0.002499
0.000599
0.006235
0.002655
-0.000323
-0.003689
-0.001912
-0.000447
-0.001282
-0.002224
-0.002455
-0.000723
0.002137
0.004727
0.007359
0.009063
0.006446
0.006851
0.006154
0.002474
0.001011
-0.000612
-0.001700
-0.002210
0.000233
-0.000759
-0.000783
0.002964
0.003376
0.003480
0.003904
0.004949
0.002972
0.001391
-0.000487
-0.001246
-0.001906
-0.001422
-0.001173
-0.000164
0.001156
0.001695
0.001175
0.001716
0.001451
0.000994
0.000515
0.000392
0.000195
0.000493
0.000785
0.000827
0.000787
0.000817
0.000841
0.000754
0.000735
0.000792
0.000748
0.000648
0.000712
0.000634
0.000340
0.000310
0.000357
0.000225
0.000113
0.000222
-0.000003
-0.000053
0.000213
0.000220
0.000136
0.000183
0.000040
-0.000147
-0.000058
0.000072
0.000139
0.000228
0.000097
-0.000146
-0.000051
0.000120
0.000256
0.000315
0.000214
0.000032
0.000044
0.000280
0.000326
0.000420
0.000478
0.000449
0.000344
0.000338
0.000169
0.000311
-0.030353
-0.021565
-0.015813
-0.011426
0.011817
0.007193
0.056783
-0.043757
-0.037840
0.101832
-0.038119
-0.039037
0.014739
-0.061645
-0.015503
0.113956
0.140769
-0.007387
0.087976
0.049907
-0.167022
-0.101283
-0.069345
-0.081499
0.044863
0.074149
0.054058
0.329556
-0.030924
-0.151949
-0.060745
-0.488273
0.055174
0.354076
-0.144428
0.015057
0.391279
-0.223450
-0.323861
-0.012006
-0.559113
-0.210414
0.174020
-0.009673
-0.114577
0.154078
0.409137
-0.253549
-0.274592
-0.005843
-0.120857
-0.083019
-0.006754
0.369193
0.199307
-0.052763
0.439607
0.114336
-0.146305
0.138258
-0.056565
0.004233
0.187310
0.012021
-0.180896
0.003982
0.000687
-0.080654
0.020123
0.042610
0.161038
0.105414
0.012243
0.065028
-0.019996
-0.093795
-0.012714
-0.044297
-0.051817
-0.038159
-0.033885
0.014833
-0.010754
-0.015851
0.027271
0.027059
0.025741
0.041589
0.025216
0.006150
0.006414
-0.001795
-0.002526
-0.003201
-0.006101
0.004761
-0.007637
0.021679
0.013682
-0.009179
0.007689
-0.010667
0.010616
0.010080
-0.032180
-0.000619
0.005997
-0.003258
0.031130
0.010552
0.059156
0.017398
-0.015845
0.030507
-0.065022
-0.001704
-0.018832
-0.014383
0.154399
0.009726
-0.075210
0.054841
0.092005
-0.055917
0.007291
0.093157
-0.229478
0.317055
0.399117
-0.313489
-0.024717
-0.091828
-0.285219
-0.274615
-0.124069
0.252645
0.164966
0.082801
0.163008
0.194097
-0.188223
-0.232712
-0.153357
-0.655447
-0.251326
0.527374
0.234386
-0.107315
0.305088
0.518924
0.081829
0.161281
0.132160
-0.219021
0.022484
0.009123
0.176583
-0.023056
-0.328680
-0.031077
0.025666
-0.040973
-0.157222
0.184894
0.202232
0.022089
0.113394
0.124957
-0.038252
-0.265645
0.020838
-0.100302
-0.277873
0.014417
-0.006877
-0.102585
-0.018263
0.012483
-0.036881
0.004709
-0.007945
-0.007613
-0.003489
-0.042865
-0.005570
-0.002851
-0.044999
-0.036025
-0.007495
-0.029603
-0.023085
-0.008185
-0.017975
-0.013819
-0.025965
-0.012308
-0.003869
-0.015734
-0.009714
0.002457
-0.004749
0.016198
0.001241
-0.040777
-0.014527
-0.031587
0.022487
0.010303
-0.016277
0.033891
-0.055656
-0.000834
0.006794
-0.073244
-0.033887
-0.067343
0.059806
0.034583
-0.026988
0.104753
0.003248
0.112202
0.192116
0.114688
0.098775
-0.017130
-0.034450
-0.102595
-0.056881
0.036062
-0.048132
-0.276283
-0.224017
0.035919
0.033106
0.028989
-0.054933
0.254666
-0.019671
-0.143769
0.276780
-0.493892
-0.323400
-0.075510
-0.262144
-0.291811
-0.184399
0.060064
-0.325430
0.445453
0.480640
-0.114706
0.199670
0.440141
0.172249
-0.101195
0.145739
-0.045636
-0.041123
-0.059689
-0.011428
0.042793
-0.004158
0.229894
0.234367
0.155427
0.089227
0.121748
-0.046696
-0.125431
0.022053
-0.050430
-0.136651
-0.016531
0.019139
-0.119043
-0.054225
0.025792
-0.031640
-0.019141
0.010114
0.000951
-0.035698
-0.037624
-0.035150
-0.051795
-0.046268
-0.033188
-0.008698
-0.010513
0.002447
0.009739
0.005723
0.002562
0.002991
-0.006505
-0.026275
-0.020951
-0.011895
-0.002933
-0.019928
0.014763
0.055192
-0.026997
-0.005562
0.055683
-0.062525
-0.016610
0.095392
-0.060830
-0.041511
0.078578
-0.046621
-0.085260
0.004479
-0.052470
0.020769
0.004684
-0.038542
0.191638
-0.266655
-0.106300
0.261509
-0.240375
-0.199610
-0.104572
-0.228468
-0.131785
0.317864
0.128322
-0.048256
0.181036
0.069968
-0.102226
-0.095331
-0.143222
-0.282183
0.219122
-0.066132
-0.297133
0.136467
-0.318074
-0.385002
0.201843
0.103559
-0.012388
0.350776
0.278426
-0.009824
-0.008817
-0.139768
-0.069283
-0.029246
-0.241028
0.130522
0.185348
-0.007600
-0.075557
0.138006
0.205846
-0.100732
0.158334
0.155891
-0.072604
0.100858
0.165603
-0.034967
0.032219
0.057536
0.047134
0.104897
-0.004764
0.068028
-0.001775
-0.017146
0.109666
0.007317
-0.027014
0.041626
0.011391
-0.001867
0.041537
0.010516
0.007869
0.015507
0.004957
0.023022
-0.003868
-0.004735
-0.000679
-0.009536
-0.005581
-0.003769
-0.001364
0.007726
0.008289
0.001994
0.025375
-0.001494
-0.005678
0.041898
0.002663
-0.022573
-0.000383
0.028147
-0.013733
-0.023007
0.045580
-0.054828
-0.020563
0.143393
-0.029699
-0.045587
0.164732
-0.074788
-0.023916
0.065823
-0.315605
-0.034412
0.000231
-0.156468
0.357329
0.161142
-0.032897
0.122601
-0.133898
-0.078462
-0.210444
0.109546
0.238021
-0.006977
0.749755
0.253629
-0.272155
0.027555
-0.064621
0.004545
-0.030247
0.148713
0.119943
-0.212673
0.245736
0.242516
-0.635655
0.044509
0.110932
-0.240949
0.342600
-0.105799
0.130710
-0.000164
0.008877
0.252991
-0.389727
-0.095610
-0.126368
-0.055003
0.089113
-0.241928
-0.018437
0.016263
-0.092698
-0.003248
-0.137897
-0.067322
0.015563
-0.127239
0.006831
0.020439
-0.107205
-0.058113
-0.023613
0.001100
0.020750
-0.073347
0.005232
0.025245
-0.059085
0.035950
-0.009669
-0.038914
0.024907
-0.040802
-0.020006
0.043945
-0.025228
0.006141
0.019297
-0.011564
0.018693
-0.004555
-0.010427
0.009484
-0.025432
-0.022543
0.004395
-0.020532
-0.015269
-0.018729
-0.031079
-0.036405
-0.011935
0.032774
-0.001092
0.010332
0.011584
-0.048844
-0.029056
-0.038206
-0.029723
-0.007450
-0.017463
0.051217
0.058383
-0.013596
-0.005493
0.135630
-0.041461
0.044199
0.140440
-0.323659
0.020403
0.103525
0.041764
0.161331
0.023344
0.145390
0.025372
0.142079
-0.230793
-0.445385
0.005759
-0.028330
0.120921
0.149314
-0.094602
0.041474
0.041440
-0.276766
-0.361052
-0.448775
-0.357190
0.021884
-0.064111
0.027045
0.203801
-0.035347
0.152534
0.186728
-0.172170
-0.173921
-0.211495
-0.035727
0.138457
0.098989
0.184856
0.021271
0.244178
0.246670
-0.017281
0.205428
0.032398
0.091967
0.259357
0.110817
0.136006
-0.063401
-0.101479
0.060698
-0.094850
-0.030786
0.084331
-0.036359
0.042084
0.089605
-0.007035
-0.024906
-0.006865
-0.024381
-0.029434
-0.006380
-0.008294
-0.018030
-0.020071
-0.018321
-0.020893
-0.009154
-0.005093
-0.014684
0.011430
0.002129
-0.004732
0.017323
0.010733
0.014141
0.018249
0.007195
0.023946
0.010811
-0.008563
0.012713
-0.007585
-0.005880
0.004602
0.017896
0.019243
0.064314
-0.010490
-0.087794
0.032768
-0.055489
0.027107
0.085609
-0.031978
-0.074620
0.003907
0.049562
-0.123080
0.177341
0.162494
-0.183169
0.051180
0.050841
-0.094931
-0.020223
-0.053718
0.174723
0.110530
0.017590
0.179317
-0.330376
-0.353329
0.225030
-0.200339
-0.237800
0.654195
-0.132383
-0.251823
0.337480
-0.089428
-0.091252
-0.062418
0.064371
-0.402617
0.438809
0.468643
-0.651406
0.157030
0.077025
-0.086720
0.220339
0.147292
0.033107
0.210894
0.305332
0.161622
0.166834
-0.176040
-0.124146
0.014389
-0.167653
-0.139342
-0.025744
-0.007580
0.065382
0.062656
0.099313
0.118017
-0.054818
-0.027946
-0.005992
-0.133106
-0.141637
-0.032589
-0.100199
-0.137188
-0.024449
-0.048484
-0.071940
0.000394
0.008687
-0.019723
-0.003414
0.013093
-0.006881
-0.038572
-0.036913
-0.042650
-0.051434
-0.039912
-0.027171
-0.021434
-0.013836
-0.011164
-0.011189
0.001369
-0.010110
-0.023163
-0.011050
-0.021388
-0.035713
-0.014390
-0.012098
-0.005335
-0.011656
-0.020916
-0.000095
-0.062045
-0.005207
0.071723
-0.083173
-0.075483
0.026398
-0.233025
-0.114537
0.131052
0.039711
0.043832
0.016313
0.077812
-0.196453
-0.016268
0.129929
-0.354206
-0.130239
0.037841
0.063146
0.243179
-0.179257
-0.096774
0.215554
-0.174102
0.118520
0.229587
-0.428958
0.095988
1.037572
0.043848
-0.215524
0.693566
0.086855
-0.066722
0.384519
-0.038386
-0.602222
0.008781
0.129095
-0.625783
-0.049871
-0.122183
-0.261004
0.303941
0.043108
0.088336
0.083068
-0.161139
-0.010656
0.116137
-0.141033
-0.070935
0.085259
-0.064857
0.042275
0.028794
-0.025709
0.043289
0.001979
-0.004115
0.184573
0.002850
-0.065484
0.107560
-0.010617
-0.085850
0.009351
0.072994
-0.054143
-0.016546
0.016830
-0.039881
-0.028120
-0.063995
-0.063864
-0.040358
-0.082449
-0.063502
-0.024913
-0.053640
-0.036320
-0.006428
-0.014046
-0.006021
-0.006695
-0.011319
-0.010076
-0.019207
-0.014393
-0.015819
-0.035870
-0.010195
0.005003
-0.023940
-0.014191
-0.020959
0.001744
0.007927
0.016679
-0.030353
-0.041084
0.074191
-0.012318
-0.069425
-0.069048
-0.106373
0.055796
0.063089
0.034800
0.047004
-0.237009
0.064273
0.132207
-0.294084
0.229566
-0.005039
-0.188610
0.360387
0.104221
-0.124499
-0.326698
0.142664
-0.004133
-0.279420
0.461362
-0.275274
0.023436
0.891257
0.002873
-0.208476
0.105942
-0.105792
0.098533
0.355354
-0.077940
0.049556
0.109577
-0.034293
-0.037711
-0.327114
-0.436552
-0.236896
0.243476
0.070172
0.029332
0.225237
-0.194789
-0.224264
0.244162
-0.003022
-0.341310
0.068034
-0.002038
-0.103645
-0.135142
-0.194420
-0.134370
-0.266663
-0.075018
0.081425
-0.031124
-0.004520
0.069236
-0.003984
0.050177
0.062216
-0.037958
0.007892
-0.007080
-0.011460
0.013394
-0.032255
0.005235
0.014763
-0.015356
0.036580
0.026555
0.018035
0.044961
0.031785
0.040764
0.033492
0.007460
0.017812
0.010653
-0.002362
0.007043
0.003998
-0.009248
-0.001768
-0.003252
-0.011538
0.010540
-0.013340
-0.021451
-0.004075
0.010074
0.036906
0.000487
-0.036913
-0.034586
-0.041613
-0.036511
0.032323
0.005273
0.009804
0.096806
-0.015978
-0.050207
-0.007678
0.060600
0.074641
0.017741
0.141718
-0.043155
-0.195700
0.063320
-0.005598
-0.078441
0.143025
0.154543
0.045851
0.068916
0.370327
-0.092500
-0.276048
0.572663
0.075897
-0.105106
0.334265
-0.068242
-0.492810
-0.278339
0.367133
-0.477788
-0.232734
0.631140
-0.324633
-0.101300
0.501069
-0.156138
-0.462996
0.281234
0.213872
-0.345898
-0.044073
0.163273
-0.286417
-0.378087
0.026317
-0.137722
-0.050732
0.124692
0.067042
0.218144
0.125665
0.080892
0.066403
-0.067020
-0.046112
-0.042944
-0.104575
-0.044130
-0.010791
-0.039967
0.014039
0.015229
0.029108
0.057511
-0.009713
0.039930
0.052359
-0.023133
-0.011391
0.001202
-0.039997
-0.040829
-0.038583
-0.030105
-0.015056
-0.016947
0.014407
0.010717
-0.005207
0.008758
-0.000956
-0.009533
-0.000536
-0.006534
-0.003529
-0.000669
-0.001237
-0.007084
-0.012560
-0.001610
0.005977
-0.012113
0.010442
0.030687
-0.008581
-0.007278
0.002620
-0.035183
-0.031942
0.030377
0.001311
-0.023313
0.031683
-0.001022
-0.037864
-0.002508
-0.002603
-0.042087
-0.009488
0.033609
-0.003380
-0.001983
0.017143
-0.003808
-0.004176
0.008231
0.004821
0.004096
0.006057
0.006603
0.004087
-0.005012
-0.005091
-0.004006
-0.001925
0.004666
0.002295
0.002480
0.005262
0.003589
0.002228
0.007565
0.004261
-0.000145
0.008673
0.004752
-0.002207
-0.000906
-0.002870
-0.003795
-0.005428
0.006135
0.002316
-0.002799
0.005608
0.004603
0.001787
0.002296
0.004045
0.001780
0.003199
-0.000411
0.000653
-0.000212
-0.000692
-0.001915
-0.002127
-0.000629
0.001078
0.000161
0.001419
0.001245
0.002341
0.001287
0.000984
0.000476
0.000631
0.000172
-0.000004
0.000127
0.000623
0.000824
0.000885
0.000981
0.001129
0.000362
0.000452
0.000806
0.000445
0.000177
0.000526
0.000197
-0.000255
-0.000039
-0.000096
-0.000404
-0.000213
0.000017
-0.000126
-0.000064
0.000012
-0.000220
-0.000314
-0.000102
-0.000116
0.000111
0.000249
0.000019
-0.000332
-0.000341
-0.000317
-0.000291
-0.000014
0.000255
0.000125
0.000222
0.000666
0.000198
-0.000046
0.000199
0.000424
0.000282
0.000761
0.000539