-0.019322
-0.012813
-0.007348
-0.010363
-0.014819
-0.013827
-0.009140
-0.007077
-0.007573
-0.005536
-0.006656
-0.008263
-0.010031
-0.009497
-0.008330
-0.008168
-0.006611
-0.006020
-0.006167
-0.006782
-0.007667
-0.005780
-0.003736
-0.001587
-0.000423
-0.006637
-0.003811
0.005209
0.001076
-0.004383
-0.006351
-0.002771
0.006296
0.011674
0.006633
0.011034
0.020166
0.007755
0.000882
-0.003472
-0.009717
-0.007771
-0.000615
-0.002043
0.012183
0.028805
-0.001357
-0.015224
-0.023787
-0.028077
0.015050
0.020572
-0.031471
-0.020447
0.011609
-0.017449
-0.028450
-0.056274
-0.057618
-0.007629
-0.043061
-0.068095
-0.030406
-0.022346
-0.039755
-0.046127
-0.040787
-0.008420
-0.002101
-0.039467
-0.031673
-0.014075
-0.009165
0.015441
0.027725
0.043922
0.048389
0.017022
0.025055
0.057746
0.049033
0.009635
-0.004711
0.004326
0.005721
0.010141
0.020357
0.033472
0.037042
0.019127
0.003865
0.005592
0.015609
0.016421
0.010128
0.011419
0.010252
0.001429
-0.002034
0.004398
0.010941
0.011177
0.009772
0.009724
0.008751
0.007234
0.004224
0.004931
0.007498
0.007004
0.005293
0.002116
-0.000865
-0.001393
0.000946
0.005082
0.004860
0.003746
0.004427
0.006001
0.008009
0.005071
0.000664
0.001517
0.001402
-0.000197
0.000585
0.003986
0.009995
0.007737
0.001852
0.000375
-0.000308
-0.002977
-0.005428
0.004972
0.019308
0.010729
-0.004591
0.011926
0.026593
0.009890
0.005596
0.007171
0.019246
0.054638
0.031310
0.002386
0.008436
-0.003180
-0.012592
-0.022991
-0.036339
-0.002140
0.029630
-0.011508
-0.007553
0.031546
0.004046
-0.031606
-0.068664
-0.058366
0.004594
-0.006581
-0.043368
-0.029848
0.001673
0.047751
0.083523
0.068099
0.037484
0.036401
0.039030
0.038137
0.029925
0.008716
0.000599
-0.007821
0.015430
0.028748
0.017232
0.024299
0.022188
0.014878
0.010767
0.012163
0.004645
0.000960
-0.003219
-0.011373
-0.000878
-0.008584
-0.021451
-0.021112
-0.019513
-0.018356
-0.009895
-0.002291
-0.009361
-0.013969
-0.016429
-0.018621
-0.018527
-0.018386
-0.020853
-0.025479
-0.025099
-0.022605
-0.018795
-0.016563
-0.014159
-0.015003
-0.016747
-0.014785
-0.013361
-0.013122
-0.014522
-0.013170
-0.010408
-0.008400
-0.011388
-0.014886
-0.012971
-0.011671
-0.011206
-0.015426
-0.015097
-0.011535
-0.012557
-0.010660
-0.011100
-0.012625
-0.015120
-0.013458
-0.003476
-0.002669
-0.008850
-0.005597
0.010579
0.025905
0.029162
0.032723
0.034751
0.026348
0.006483
0.006827
0.021853
0.014207
-0.009089
-0.032035
-0.021831
-0.006490
-0.015959
-0.030455
-0.022097
0.011608
0.000254
-0.009034
-0.021849
-0.055709
-0.063213
-0.056052
-0.048110
-0.065642
-0.083480
-0.108170
-0.066190
-0.008526
-0.014842
0.001887
0.022324
0.036215
0.021055
0.012527
0.017870
0.033129
0.046489
0.013079
0.000772
0.017886
0.033284
0.041559
0.062012
0.076156
0.060509
0.036733
0.020095
0.029728
0.032689
0.025470
0.017472
0.006252
-0.001616
-0.007148
-0.000461
0.008607
0.018599
0.015193
0.001995
-0.004716
-0.006104
-0.006438
-0.007836
-0.003306
-0.003998
-0.008597
-0.011728
-0.013177
-0.010952
-0.009688
-0.006757
-0.006652
-0.007358
-0.009737
-0.012081
-0.011231
-0.008059
-0.006242
-0.009228
-0.006713
-0.004109
-0.007786
-0.006776
-0.002768
-0.006078
-0.003744
-0.001917
-0.009520
-0.005499
-0.005212
-0.012274
-0.009753
-0.013749
-0.017274
-0.001051
-0.009221
-0.010513
0.000489
-0.026543
-0.017158
0.001835
-0.018622
-0.036690
-0.047411
-0.051314
-0.010144
-0.005766
-0.040258
-0.001583
0.013236
-0.005603
-0.006844
-0.023722
-0.040054
-0.026072
-0.013693
-0.022862
-0.037258
-0.064592
-0.080868
-0.064372
-0.032831
-0.018855
-0.003122
0.013264
-0.017458
-0.031797
-0.012166
-0.018400
-0.003575
0.000303
-0.013511
-0.000091
-0.000061
-0.021341
-0.011970
0.018815
0.032467
0.041216
0.027753
0.022770
0.031034
0.020603
0.018019
0.023930
0.034284
0.038599
0.038245
0.040180
0.037177
0.029900
0.031904
0.041560
0.040531
0.036581
0.029395
0.025929
0.027493
0.030581
0.031448
0.026158
0.025211
0.021467
0.017752
0.018889
0.018350
0.014624
0.011181
0.011069
0.011586
0.012661
0.012801
0.012601
0.010227
0.008768
0.010477
0.008460
0.009534
0.012046
0.010135
0.006171
0.005807
0.008341
0.005988
0.002718
0.000476
0.000379
0.006726
0.009751
0.000213
0.005762
0.014003
0.003610
0.010974
-0.001468
-0.026666
-0.009815
-0.012828
-0.012790
0.024644
0.018318
0.006388
0.015006
-0.003503
-0.003180
-0.001705
-0.001071
0.027371
0.059298
0.069111
0.057167
0.022063
0.015919
0.055746
0.062291
0.063241
0.045820
0.029653
0.037995
0.023323
-0.002291
0.001055
0.032045
0.029001
0.036453
0.026811
-0.018879
-0.020336
0.005719
0.028634
0.026328
0.010862
-0.014347
-0.009353
-0.008619
-0.026747
-0.019307
-0.020212
-0.006480
-0.023786
-0.048253
-0.027639
-0.026387
-0.026465
-0.026076
-0.038038
-0.039536
-0.052292
-0.056553
-0.032839
-0.018878
-0.022492
-0.030988
-0.036222
-0.025411
-0.018990
-0.019124
-0.014362
-0.014006
-0.020013
-0.025031
-0.020013
-0.011306
-0.008493
-0.011418
-0.013421
-0.013974
-0.014643
-0.014222
-0.013643
-0.009912
-0.009709
-0.011342
-0.009247
-0.007879
-0.007934
-0.009354
-0.008857
-0.007673
-0.005261
-0.004319
-0.005758
-0.004684
-0.004436
-0.004631
-0.005974
-0.012062
-0.013939
-0.012218
-0.012624
-0.007252
-0.001929
-0.007256
-0.003640
0.006316
0.003618
0.015352
0.000864
-0.019505
-0.000191
0.008030
0.012955
0.016196
0.015896
0.025175
0.046130
0.018324
-0.032122
-0.028350
-0.007777
0.013438
0.007001
-0.021408
-0.018373
-0.003169
-0.011100
-0.042748
-0.059244
-0.068321
-0.071440
-0.068085
-0.076926
-0.069579
-0.058077
-0.052876
-0.018778
-0.005587
-0.030283
-0.038342
-0.045114
-0.034670
-0.016336
-0.028037
-0.025962
0.004603
0.028654
0.042135
0.044234
0.037955
0.046690
0.055016
0.055398
0.055084
0.037084
0.026709
0.028377
0.037519
0.049701
0.044313
0.033547
0.023612
0.020739
0.020882
0.016776
0.021439
0.023303
0.018064
0.020629
0.018107
0.012385
0.011101
0.005240
0.002588
0.005294
0.007110
0.007604
0.006158
0.005163
0.004766
0.005546
0.006199
0.005913
0.003974
0.001916
0.002331
0.003938
0.004410
0.003823
0.003459
0.004055
0.004300
0.003174
0.002739
0.006115
0.008638
-0.002683
-0.005449
0.001206
0.002904
0.005939
0.003197
-0.003675
-0.008104
-0.001983
-0.007553
-0.002833
0.016745
0.012085
0.004703
0.008944
0.007438
0.005709
-0.006406
-0.010215
0.030232
0.048802
0.022758
0.000992
-0.020116
-0.019085
0.005149
-0.022408
0.003203
0.043646
-0.027641
-0.031106
0.001896
-0.002201
0.010783
-0.002706
-0.034397
0.015517
0.045976
-0.036735
-0.037137
-0.010406
0.011158
0.047468
0.031270
0.015427
0.021411
0.052323
0.055819
0.055795
0.057777
0.038835
0.030339
0.024265
0.026357
0.016516
0.002009
0.001963
0.006384
0.013465
0.026692
0.028437
0.016536
0.012084
0.004468
-0.003140
-0.007786
-0.016083
-0.023588
-0.025014
-0.024971
-0.024611
-0.015599
-0.012790
-0.016670
-0.017093
-0.016019
-0.017076
-0.021476
-0.023771
-0.027406
-0.027325
-0.024315
-0.023479
-0.021956
-0.021897
-0.022872
-0.024699
-0.022747
-0.018399
-0.017873
-0.018720
-0.017385
-0.017474
-0.019330
-0.018656
-0.017776
-0.015453
-0.017555
-0.018979
-0.019838
-0.021770
-0.016753
-0.011759
-0.019040
-0.021653
-0.023004
-0.037561
-0.030662
-0.018669
-0.013996
-0.012794
-0.014606
-0.014164
-0.011913
-0.010476
-0.027190
-0.037363
-0.031638
-0.020856
0.000691
-0.003315
-0.050617
-0.044092
0.013616
0.019477
-0.000195
-0.014222
-0.032661
0.034791
0.084206
0.025993
0.048692
0.086477
0.080263
0.105327
0.075301
0.030912
0.058119
0.051864
-0.012055
-0.011361
-0.013916
-0.044975
-0.010482
0.010418
0.004925
-0.006012
-0.021628
-0.025566
-0.011304
0.002309
-0.007338
-0.010479
-0.016327
-0.008029
0.007079
0.003651
0.010303
0.019808
0.016503
0.022465
0.023617
0.009136
0.008707
0.003343
-0.004449
0.003627
0.006899
0.001717
-0.003085
-0.009106
-0.014764
-0.009015
-0.008025
-0.012275
-0.011490
-0.012428
-0.013805
-0.017064
-0.015254
-0.013467
-0.017251
-0.018233
-0.015730
-0.014490
-0.017078
-0.019985
-0.020469
-0.019162
-0.019659
-0.022067
-0.022374
-0.019432
-0.017514
-0.017127
-0.017163
-0.014615
-0.008671
-0.004814
-0.006414
-0.011916
-0.006043
0.003388
-0.002951
-0.014673
-0.023444
-0.015759
-0.002434
-0.007658
-0.013908
-0.017352
-0.027594
-0.011028
-0.012191
-0.026541
-0.009617
-0.016824
-0.008378
0.024863
0.007920
-0.032029
-0.025037
0.001775
0.008349
0.016364
-0.012235
-0.019640
0.042300
0.067084
0.034132
0.015926
0.035779
0.039111
0.067316
0.054641
0.007247
0.053416
0.063551
0.022785
0.013377
-0.014527
-0.037228
-0.004618
0.013790
0.014703
-0.000660
-0.049375
-0.045076
-0.010219
0.009825
0.004864
-0.016217
-0.021186
-0.026537
-0.038448
-0.051210
-0.056187
-0.054710
-0.041025
-0.036585
-0.035627
-0.031810
-0.049739
-0.055671
-0.039437
-0.018818
-0.015169
-0.024030
-0.026019
-0.028263
-0.028252
-0.022988
-0.015019
-0.009980
-0.008552
-0.010006
-0.009271
-0.001470
0.003003
0.004079
0.004274
0.005827
0.006080
0.004618
0.004072
0.003291
0.002631
0.002295
0.002407
0.001264
0.001957
0.002700
0.003712
0.006058
0.003641
0.001866
0.003039
0.007262
0.009275
0.005473
-0.000247
0.000376
0.001694
-0.001415
-0.001308
-0.002662
0.003399
0.007272
-0.002115
-0.006135
-0.002683
0.008282
0.011421
0.011845
0.016451
0.005334
-0.010869
-0.007491
0.001950
0.008035
0.018197
0.026564
0.030359
0.036400
0.029946
0.003823
0.029392
0.074334
0.068423
0.057176
0.041024
0.013455
-0.012102
0.001587
0.014079
-0.000496
0.006232
-0.008701
-0.005481
0.015185
-0.001688
-0.034969
-0.001790
0.034477
-0.005707
-0.005434
-0.008823
-0.043832
-0.044477
-0.044834
-0.042989
-0.017464
-0.008367
-0.030893
-0.029130
-0.002004
0.010776
-0.002826
-0.002162
0.012486
-0.002524
-0.013963
-0.015404
-0.016462
-0.016700
-0.019572
-0.016978
-0.006837
0.004724
0.003049
-0.000432
0.001838
0.002383
-0.003023
-0.006333
-0.004113
-0.005811
-0.008185
-0.010557
-0.009975
-0.006283
-0.005332
-0.005422
-0.005405
-0.004032
-0.004880
-0.005344
-0.004578
-0.003361
-0.002860
-0.002669
-0.002065
-0.002857
-0.003366
-0.004021
-0.003755
-0.003214
-0.002519
0.000917
0.001939
-0.000665
-0.002979
-0.003596
-0.005115
-0.004178
-0.002066
-0.003588
-0.003916
-0.004813
-0.007541
-0.006954
-0.006090
-0.007917
-0.005769
-0.002270
-0.004142
-0.004600
-0.005378
-0.006453
-0.004639
0.000552
0.002911
0.001713
0.002488
-0.000075
-0.002597
-0.000569
0.001031
0.001615
0.002132
0.003990
0.002351
0.001031
0.002309
0.002101
0.001550
0.001507
0.002074
0.001730
0.002213
0.001499
0.001458
0.001280
0.001270
0.001057
0.001093
0.001486
0.001811
0.001673
0.001997
0.001920
0.001975
0.001553
0.001362
0.001142
0.001134
0.001010
0.000881
0.000890
0.000940
0.000961
0.001052
0.001109
0.001098
0.000999
0.000936
0.000885
0.000897
0.000951
0.000982
0.000937
0.000832
0.000709
0.000682
0.000689
0.000622
0.000549
0.000447
0.000319
0.000245
0.000259
0.000300
0.000410
0.000470
0.000467
0.000470
0.000401
0.000316
0.000349
0.000410
0.000461
0.000598
0.000650
0.000517
0.000421
0.000356
0.000200
0.000201
0.000266
0.000282
0.000212
0.000226
0.000120
0.025107
0.077750
-0.152559
-0.014891
0.155056
-0.042845
-0.068029
-0.026974
0.059539
0.058942
-0.005691
0.148095
0.218643
0.077417
-0.256634
-0.226785
-0.118518
0.007021
0.091037
0.232996
-0.020635
0.132535
0.215087
-0.422393
-0.104199
-0.266891
-0.297880
0.632388
0.163421
-0.413007
0.442169
0.430332
-0.696291
-0.785380
-0.507716
0.600897
0.467680
-1.039206
0.185849
0.516307
-0.263157
-0.075005
-0.314648
-0.019448
0.268631
-0.491232
-0.169387
0.524367
0.478865
0.200118
0.112661
0.074691
0.042014
-0.011676
-0.028758
0.498908
0.281108
-0.297933
-0.140903
-0.030477
-0.004922
-0.060727
-0.081501
0.128539
0.173767
-0.043054
-0.135639
-0.031873
0.036496
0.069793
0.002410
-0.011789
0.008655
0.030192
-0.036706
-0.006112
0.025540
0.012056
0.009541
-0.010682
-0.012632
-0.004911
0.008591
0.018189
0.032143
0.001630
-0.015134
-0.005129
-0.004438
0.002761
0.004147
0.008633
0.042537
-0.024404
-0.031314
0.005753
0.011423
0.036001
-0.043962
-0.062068
0.050659
-0.006805
-0.020614
0.022851
0.058823
0.158870
-0.088172
-0.072987
0.037239
-0.030740
-0.022110
-0.063268
0.183105
0.282798
-0.243894
-0.231226
0.287213
0.250076
-0.371530
-0.028127
0.281674
0.069084
0.355197
-0.165644
-0.050472
0.092182
-0.539103
-0.144823
-0.429483
-0.147669
1.132768
0.408924
-0.822485
-0.054864
0.379330
-0.345230
-0.630463
-0.484089
0.373002
0.363562
-0.563379
0.233661
0.709281
0.197631
0.358084
-0.068462
-0.205267
0.068836
0.327621
0.420813
-0.079925
-0.303708
0.056078
0.352923
-0.316046
-0.256665
-0.012071
-0.094561
0.236103
0.034185
-0.044234
-0.085351
-0.061132
0.008652
-0.038302
-0.082925
-0.022159
0.067981
-0.142519
-0.108762
0.020286
0.004218
-0.031609
-0.073400
-0.088320
-0.036003
-0.023943
-0.039298
0.014463
-0.047735
-0.049137
-0.014854
-0.022223
-0.022982
-0.006932
-0.005641
-0.015247
-0.020859
-0.036254
-0.028810
-0.022070
-0.009594
-0.016209
-0.024008
-0.010041
0.010433
0.048512
-0.065249
-0.043383
0.016316
0.001377
0.030149
-0.060819
0.056897
0.059540
-0.140676
-0.015249
-0.004731
-0.030340
-0.064968
-0.042133
0.224555
-0.076464
-0.179955
0.169183
0.235424
0.135452
-0.017053
0.235775
0.314652
-0.189869
-0.329751
0.106776
0.279242
-0.025473
-0.256499
-0.321593
-0.011003
-0.183164
-0.182590
0.069846
0.289779
0.477622
-0.691997
-0.344564
0.148783
-0.366340
-0.015646
-0.102990
0.005310
-0.663881
-0.567039
0.215536
0.478908
0.239555
-0.119342
0.293019
0.245125
0.166113
-0.056936
0.155678
0.435642
0.346735
-0.104198
-0.433230
0.152944
0.357889
0.245604
0.141956
0.136269
0.034461
-0.175185
-0.176834
-0.009353
0.125751
0.007753
-0.003909
-0.084547
-0.098161
-0.069710
-0.021800
0.011896
0.017158
-0.000357
-0.076691
-0.060080
-0.040554
-0.014789
-0.012757
-0.003005
-0.020502
-0.045679
-0.048786
-0.033485
0.006087
0.012674
-0.002420
-0.017317
-0.029301
-0.022665
-0.038118
-0.027758
-0.010772
0.018102
-0.009923
-0.065708
0.059140
0.077169
-0.097710
-0.016847
0.085551
-0.073652
0.000488
0.050669
-0.013123
0.044605
-0.055457
-0.070965
0.030215
-0.136742
-0.011594
0.300037
-0.258197
0.030746
0.253050
-0.601500
0.133388
0.221872
-0.272524
-0.239511
-0.413810
-0.003079
0.426404
-0.240568
0.016372
0.805441
-0.155597
-0.484687
-0.364128
0.010632
0.254753
-0.029296
0.221387
-0.004344
-0.653506
-0.451504
0.032338
0.046273
-0.070793
0.066274
0.471734
0.251062
-0.502343
-0.105725
0.329334
-0.166889
0.048713
0.045041
0.128564
0.326227
-0.220949
-0.039068
0.162628
0.090561
0.194491
-0.014525
-0.124651
0.188177
0.108318
-0.048219
0.145872
0.099061
0.184164
0.099717
0.008781
0.016395
0.046907
0.097239
0.073257
0.044233
-0.046142
-0.005624
0.043338
0.056958
0.017710
0.004629
-0.015639
0.005244
0.021136
-0.002767
0.023124
0.006897
-0.010062
0.002190
0.002216
-0.001273
0.003026
-0.002767
-0.005053
0.011884
-0.003476
0.007144
0.023918
-0.041686
0.010539
0.053771
-0.011896
-0.055159
0.007004
0.081782
-0.049583
-0.085156
0.061348
0.000358
0.017232
0.087438
-0.095993
0.118019
0.121590
-0.227094
0.132577
-0.196765
-0.397165
0.298493
-0.234288
0.046340
0.657339
-0.139335
0.096097
-0.189615
-0.491307
0.229034
-0.393660
0.427982
0.828506
0.105799
0.472304
-0.096817
-0.567235
0.002367
0.385880
0.301002
-0.011531
0.039310
0.382292
-0.275831
-0.402085
-0.140560
0.033526
0.452792
-0.478348
0.049402
-0.030846
-0.461630
0.606386
0.065450
0.193406
-0.176889
-0.691695
0.273338
0.142786
-0.276036
0.041108
0.009147
0.109940
-0.167738
-0.562864
0.015543
0.204457
-0.090560
-0.122284
-0.196167
-0.136466
-0.003349
-0.113376
0.033450
0.140073
-0.085494
-0.087727
-0.062174
0.027561
0.101307
-0.015981
-0.020730
0.008467
-0.026159
-0.039739
0.001852
0.016811
0.030236
-0.012669
-0.012313
-0.003562
-0.015205
-0.015727
-0.008947
0.017544
0.013964
-0.031362
-0.021161
0.003679
-0.000674
-0.005444
-0.019857
-0.018900
-0.053481
0.005213
0.048422
0.010348
0.024285
-0.026363
-0.053625
-0.079323
-0.099387
0.064474
0.069612
-0.035385
0.060079
0.051914
-0.134744
0.023511
0.243585
-0.069166
0.204343
-0.212323
-0.332745
0.289900
-0.015040
0.299938
0.158519
-0.004931
0.318377
-0.061908
-0.407410
-0.439958
-0.002822
0.363057
0.124578
-0.190683
-0.068404
0.301930
0.089677
-0.585076
-0.662164
-0.179440
-0.237667
-0.157181
-0.103493
-0.148479
0.284906
0.084714
-0.162009
0.248499
-0.237828
-0.291377
0.086703
-0.166332
0.278106
0.142393
0.047154
0.541990
0.137344
0.059417
0.052528
-0.086229
0.269380
0.328674
0.230445
0.108003
0.004855
0.060493
0.027223
0.020213
0.038194
-0.076729
-0.015550
0.010857
0.013421
0.010636
-0.103773
-0.048133
0.039209
0.008212
0.003787
0.017135
-0.023671
-0.000204
0.002855
-0.011014
0.031436
-0.005826
-0.027056
-0.000013
-0.007068
0.004770
0.010818
-0.015515
-0.017461
-0.004558
-0.002697
-0.008028
0.002278
0.027623
-0.001841
-0.015196
0.001683
0.018788
0.013299
-0.018013
0.029192
0.065526
0.079430
-0.187035
-0.068008
0.094791
-0.031555
0.059623
0.041553
0.035981
-0.129088
-0.089234
-0.046468
0.030266
0.369804
0.097119
-0.188936
-0.090661
-0.107756
0.095946
-0.134922
0.050236
0.864871
-0.059541
-0.573228
0.009210
-0.291443
-0.074121
0.200696
-0.559806
0.646182
0.682775
-1.116834
0.067997
0.117770
0.093109
0.074670
-0.563320
0.382466
0.371922
-0.199866
-0.396995
0.246836
0.164121
0.092940
0.118076
-0.331701
0.293910
0.566343
0.326926
0.039483
-0.143433
0.005174
0.313292
-0.029084
-0.311804
-0.056288
-0.026390
-0.000988
0.068646
0.004323
-0.065593
0.071994
-0.064197
-0.100765
-0.053028
-0.071922
-0.019034
-0.113649
-0.095362
-0.012627
0.000419
-0.083695
-0.076422
-0.050475
-0.046805
-0.028452
-0.032745
-0.022017
-0.046650
-0.049453
-0.048026
-0.019456
-0.020400
-0.037394
-0.025872
-0.027278
-0.032785
-0.022425
-0.021229
-0.017996
-0.009711
-0.037951
-0.042279
-0.001470
-0.028314
-0.040113
-0.010693
0.002245
0.024490
-0.061295
-0.030316
0.029248
-0.098865
0.033568
0.113633
-0.151508
-0.057600
-0.060479
-0.338081
0.035739
0.131959
0.268014
0.011633
-0.204196
0.082482
-0.238482
-0.147900
0.051468
-0.034555
0.017650
-0.134754
0.231145
0.146356
-0.728780
0.300211
0.709342
-0.519258
-0.401088
0.159405
0.177115
0.864115
0.411923
-0.483432
0.575125
0.546943
0.192999
0.182452
-0.476356
0.420575
0.366588
-0.658474
-0.558047
-0.134574
-0.055790
-0.110679
0.071356
-0.247740
-0.145542
-0.072850
-0.153434
0.081201
-0.063170
-0.138032
0.262289
0.212002
-0.064840
0.213088
0.120915
-0.105117
0.040276
0.149176
0.109788
0.043541
-0.114869
-0.061206
0.129764
-0.131631
-0.054078
0.064726
-0.086461
-0.032999
-0.041215
-0.048092
-0.002810
-0.034211
-0.096965
-0.014659
-0.040797
-0.047091
-0.039238
-0.080065
-0.044632
-0.016469
-0.035637
-0.035915
0.002659
-0.027104
-0.026851
-0.019936
-0.008718
-0.000538
-0.021438
-0.026676
-0.023884
0.002262
-0.020176
-0.016733
-0.032209
-0.012123
0.028743
0.003248
-0.006941
-0.096195
0.040499
0.154801
-0.133379
-0.178039
-0.100967
0.078471
0.175131
-0.166445
0.107773
0.140881
-0.454196
0.156066
-0.091508
-0.196485
0.524375
-0.209215
0.165282
0.221982
-0.361688
-0.111439
-0.162831
0.450012
-0.008792
-0.439216
0.170111
0.194557
0.666302
0.307726
-0.428530
-0.058094
0.148329
0.065525
0.429096
-0.152877
0.232833
0.972013
-0.415839
-0.728680
-0.309261
-0.186758
0.128559
-0.064775
-0.046886
0.201208
-0.318457
-0.331859
0.268756
-0.179146
-0.162242
0.037935
0.083102
0.220240
-0.175564
-0.363028
-0.204242
-0.025318
-0.026284
-0.025055
-0.142753
-0.119806
-0.109416
-0.111393
0.068044
0.080033
0.000494
-0.079379
-0.039728
0.065253
0.073628
0.020865
0.029923
0.047110
0.040136
0.016149
-0.011350
0.030159
0.030288
0.031196
0.028529
0.025195
0.020080
0.002477
0.018977
0.021852
0.022410
0.015069
0.018202
0.013294
-0.009170
0.014544
0.007356
0.003034
0.017851
-0.021236
-0.021262
-0.005790
0.041024
0.051060
-0.050345
-0.084652
0.006927
-0.040630
-0.073017
0.057427
0.061487
0.133077
0.009456
-0.203461
-0.059615
0.043186
0.216834
0.110706
-0.005169
0.188242
-0.197859
-0.410703
0.099959
0.205079
0.132233
0.086964
0.209901
0.086244
-0.185620
0.194089
-0.103425
0.269746
0.710007
-0.102204
-0.031994
0.010852
0.058245
-0.559291
-0.435117
0.629475
-0.229312
-0.242932
0.256476
0.041462
-0.271506
-0.469706
0.008959
0.589241
-0.040341
-0.375951
0.092685
-0.105990
-0.025190
-0.197253
-0.349955
0.147749
0.030229
-0.146248
0.018568
0.181721
0.183080
0.015071
-0.147765
0.036793
0.137480
-0.081855
-0.078844
0.009410
0.035984
-0.002305
-0.021453
0.002424
0.032779
-0.031654
-0.043434
-0.008254
0.013498
0.000617
-0.016820
0.005089
0.002895
-0.021900
-0.020926
-0.007931
0.011900
0.001682
-0.005627
-0.002496
-0.009567
-0.012662
-0.006220
-0.006056
-0.010735
0.002760
0.003985
0.004617
-0.008880
-0.003865
-0.007502
-0.014752
0.007154
0.008744
-0.010734
0.031839
0.034942
-0.027298
-0.036704
-0.007710
-0.023830
-0.016806
0.032296
0.012250
0.003166
-0.020731
-0.037271
-0.025008
-0.033677
0.000067
0.030160
0.006929
-0.008303
-0.007318
-0.006670
0.016109
0.025143
0.012258
0.010526
0.003943
0.004196
0.007487
0.005511
0.005768
0.008049
0.004632
0.002880
0.004686
0.002145
0.004872
0.005749
0.002948
0.001063
-0.000124
-0.006784
-0.003508
0.003354
0.002961
0.006711
0.009399
0.004966
-0.001482
-0.001294
0.000434
0.000062
0.005212
0.006551
-0.000700
-0.002329
-0.001499
-0.001291
0.000334
0.001447
0.003159
0.006161
0.005655
0.004613
0.002696
0.000064
-0.002805
-0.005317
-0.004834
-0.001731
0.000682
0.002280
0.002468
0.001994
0.001854
0.001316
0.000575
0.000592
0.000303
-0.000565
-0.000423
-0.000068
0.000389
0.001223
0.001444
0.000982
0.000555
0.000231
0.000088
0.000260
0.000515
0.000306
-0.000063
-0.000237
-0.000041
0.000276
0.000399
0.000186
-0.000240
-0.000711
-0.000917
-0.000700
-0.000326
0.000079
0.000221
-0.000062
-0.000587
-0.000776
-0.000643
-0.000487
-0.000447
-0.000400
-0.000531
-0.000505
0.000002
0.000330
0.000245
0.000247
-0.000027
-0.000621
-0.000594
-0.000148
0.000216
0.000744
0.000867
0.000353
-0.000084
-0.000299
-0.000277
-0.000086