0.037075
0.043115
0.021166
-0.011890
-0.034919
-0.030639
0.007748
0.073922
0.150828
0.217159
0.255461
0.258770
0.233240
0.195765
0.167497
0.165741
0.197315
0.255928
0.324556
0.381923
0.410611
0.403692
0.367364
0.318561
0.278480
0.264472
0.283406
0.329040
0.384398
0.428261
0.443261
0.422526
0.372306
0.309593
0.255637
0.227845
0.233138
0.265329
0.307498
0.338473
0.340940
0.308077
0.246180
0.172287
0.107694
0.069848
0.065711
0.089133
0.123227
0.146856
0.142732
0.104061
0.037161
-0.040911
-0.108840
-0.149169
-0.154923
-0.132249
-0.098028
-0.073400
-0.075654
-0.111595
-0.174913
-0.248565
-0.311257
-0.345548
-0.344490
-0.314255
-0.271756
-0.238163
-0.230803
-0.256517
-0.309037
-0.371361
-0.422239
-0.444280
-0.430582
-0.387366
-0.331598
-0.284501
-0.263453
-0.275351
-0.313979
-0.362393
-0.399397
-0.407652
-0.380313
-0.323656
-0.254698
-0.194713
-0.161133
-0.160901
-0.187853
-0.225087
-0.251453
-0.249655
-0.212886
-0.147460
-0.070427
-0.003096
0.037075
0.043115
0.021166
-0.011890
-0.034919
-0.030639
0.007748
0.073922
0.150828
0.217159
0.255461
0.258770
0.233240
0.195765
0.167497
0.165741
0.197315
0.255928
0.324556
0.381923
0.410611
0.403692
0.367364
0.318561
0.278480
0.264472
0.283406
0.329040
0.384398
0.428261
0.443261
0.422526
0.372306
0.309593
0.255637
0.227845
0.233138
0.265329
0.307498
0.338473
0.340940
0.308077
0.246180
0.172287
0.107694
0.069848
0.065711
0.089133
0.123227
0.146856
0.142732
0.104061
0.037161
-0.040911
-0.108840
-0.149169
-0.154923
-0.132249
-0.098028
-0.073400
-0.075654
-0.111595
-0.174913
-0.248565
-0.311257
-0.345548
-0.344490
-0.314255
-0.271756
-0.238163
-0.230803
-0.256517
-0.309037
-0.371361
-0.422239
-0.444280
-0.430582
-0.387366
-0.331598
-0.284501
-0.263453
-0.275351
-0.313979
-0.362393
-0.399397
-0.407652
-0.380313
-0.323656
-0.254698
-0.194713
-0.161133
-0.160901
-0.187853
-0.225087
-0.251453
-0.249655
-0.212886
-0.147460
-0.070427
-0.003096
1.277498
0.724150
0.136344
-0.265221
-0.331922
-0.043966
0.482073
1.037811
1.402672
1.428182
1.094708
0.519004
-0.090349
-0.512566
-0.598943
-0.329610
0.178935
0.718373
1.068197
1.079989
0.734171
0.147546
-0.471262
-0.901430
-0.994224
-0.729748
-0.224481
0.313272
0.663009
0.676312
0.333600
-0.248339
-0.860898
-1.283280
-1.366781
-1.091541
-0.574083
-0.022759
0.341875
0.371343
0.045999
-0.517436
-1.110431
-1.512262
-1.574309
-1.276797
-0.736335
-0.161367
0.227458
0.281569
-0.018778
-0.556961
-1.124546
-1.500913
-1.537541
-1.214754
-0.649262
-0.049608
0.363462
0.441281
0.164012
-0.351815
-0.897853
-1.253568
-1.270520
-0.929110
-0.346124
0.269829
0.697937
0.789474
0.524549
0.019643
-0.516941
-0.864704
-0.875239
-0.528972
0.057292
0.674930
1.103125
1.193150
0.925120
0.415528
-0.127304
-0.482854
-0.502682
-0.167179
0.406894
1.010961
1.424259
1.498119
1.212721
0.684626
0.122228
-0.253872
-0.295153
0.018077
0.569146
1.149569
1.538676
1.587893
1.277498
0.724150
0.136344
-0.265221
-0.331922
-0.043966
0.482073
1.037811
1.402672
1.428182
1.094708
0.519004
-0.090349
-0.512566
-0.598943
-0.329610
0.178935
0.718373
1.068197
1.079989
0.734171
0.147546
-0.471262
-0.901430
-0.994224
-0.729748
-0.224481
0.313272
0.663009
0.676312
0.333600
-0.248339
-0.860898
-1.283280
-1.366781
-1.091541
-0.574083
-0.022759
0.341875
0.371343
0.045999
-0.517436
-1.110431
-1.512262
-1.574309
-1.276797
-0.736335
-0.161367
0.227458
0.281569
-0.018778
-0.556961
-1.124546
-1.500913
-1.537541
-1.214754
-0.649262
-0.049608
0.363462
0.441281
0.164012
-0.351815
-0.897853
-1.253568
-1.270520
-0.929110
-0.346124
0.269829
0.697937
0.789474
0.524549
0.019643
-0.516941
-0.864704
-0.875239
-0.528972
0.057292
0.674930
1.103125
1.193150
0.925120
0.415528
-0.127304
-0.482854
-0.502682
-0.167179
0.406894
1.010961
1.424259
1.498119
1.212721
0.684626
0.122228
-0.253872
-0.295153
0.018077
0.569146
1.149569
1.538676
1.587893