-0.283849
-0.276309
-0.265109
-0.249818
-0.230054
-0.205600
-0.176534
-0.143312
-0.106783
-0.068108
-0.028605
0.010431
0.047896
0.082971
0.115139
0.144121
0.169776
0.192010
0.210732
0.225866
0.237427
0.245598
0.250795
0.253650
0.254938
0.255431
0.255741
0.256196
0.256790
0.257219
0.256997
0.255600
0.252600
0.247741
0.240934
0.232194
0.221544
0.208931
0.194206
0.177163
0.157646
0.135655
0.111445
0.085544
0.058695
0.031731
0.005434
-0.019593
-0.042986
-0.064592
-0.084384
-0.102345
-0.118365
-0.132206
-0.143538
-0.152038
-0.157518
-0.160021
-0.159863
-0.157592
-0.153880
-0.149393
-0.144675
-0.140093
-0.135855
-0.132091
-0.128958
-0.126716
-0.125750
-0.126513
-0.129411
-0.134669
-0.142225
-0.151698
-0.162436
-0.173638
-0.184514
-0.194417
-0.202925
-0.209839
-0.215118
-0.218784
-0.220834
-0.221212
-0.219839
-0.216697
-0.211933
-0.205920
-0.199257
-0.192688
-0.186953
-0.182620
-0.179951
-0.178832
-0.178805
-0.179166
-0.179112
-0.177878
-0.174820
-0.169430
-0.161298
-0.150038
-0.135243
-0.116485
-0.093386
-0.065731
-0.033602
0.002542
0.041848
0.083154
0.125138
0.166504
0.206145
0.243240
0.277270
0.307953
0.335148
0.358759
0.378692
0.394873
0.407314
0.416197
0.421937
0.425167
0.426661
0.427189
0.427366
0.427518
0.427640
0.427429
0.426398
0.424025
0.419883
0.413716
0.405438
0.395066
0.382621
0.368055
0.351220
0.331913
0.309977
0.285419
0.258493
0.229732
0.199879
0.169773
0.140197
0.111758
0.084824
0.059550
0.035968
0.014098
-0.005946
-0.023921
-0.039494
-0.052339
-0.062261
-0.069301
-0.073769
-0.076209
-0.077289
-0.077669
-0.077889
-0.078310
-0.079137
-0.080494
-0.082532
-0.085508
-0.089800
-0.095856
-0.104078
-0.114684
-0.127609
-0.142465
-0.158595
-0.175193
-0.191463
-0.206754
-0.220637
-0.232908
-0.243523
-0.252495
-0.259820
-0.265433
-0.269251
-0.271252
-0.271577
-0.270594
-0.268898
-0.267226
-0.266315
-0.266728
-0.268721
-0.272178
-0.276633
-0.281381
-0.285613
-0.288559
-0.289572
-0.288140
0.623230
0.513022
0.406875
0.312260
0.234650
0.176748
0.138380
0.117050
0.108944
0.110002
0.116725
0.126468
0.137220
0.147046
0.153526
0.153499
0.143299
0.119460
0.079666
0.023602
-0.046637
-0.126748
-0.211025
-0.293509
-0.369134
-0.434492
-0.488011
-0.529541
-0.559557
-0.578336
-0.585436
-0.579698
-0.559757
-0.524866
-0.475678
-0.414664
-0.345976
-0.274761
-0.206147
-0.144270
-0.091654
-0.049163
-0.016512
0.006904
0.021176
0.025423
0.017875
-0.003503
-0.040070
-0.091611
-0.155836
-0.228468
-0.303925
-0.376368
-0.440770
-0.493650
-0.533266
-0.559251
-0.571907
-0.571481
-0.557750
-0.530104
-0.488100
-0.432276
-0.364867
-0.290099
-0.213863
-0.142819
-0.083148
-0.039350
-0.013440
-0.004779
-0.010534
-0.026579
-0.048477
-0.072213
-0.094451
-0.112318
-0.122897
-0.122757
-0.107821
-0.073744
-0.016758
0.065250
0.171796
0.299351
0.441559
0.590123
0.736107
0.871272
0.989077
1.085108
1.156909
1.203397
1.224198
1.219216
1.188637
1.133355
1.055626
0.959599
0.851446
0.738882
0.630156
0.532742
0.452116
0.390983
0.349172
0.324192
0.312230
0.309233
0.311704
0.317002
0.323122
0.328131
0.329616
0.324421
0.308883
0.279543
0.234091
0.172216
0.096019
0.009809
-0.080701
-0.169547
-0.251657
-0.323615
-0.383844
-0.432186
-0.469111
-0.494887
-0.509068
-0.510485
-0.497768
-0.470162
-0.428313
-0.374684
-0.313422
-0.249664
-0.188532
-0.134154
-0.089048
-0.054070
-0.028925
-0.013005
-0.006207
-0.009408
-0.024371
-0.053121
-0.097011
-0.155819
-0.227248
-0.307013
-0.389526
-0.468940
-0.540221
-0.599883
-0.646177
-0.678727
-0.697830
-0.703727
-0.696190
-0.674599
-0.638509
-0.588450
-0.526652
-0.457335
-0.386386
-0.320458
-0.265727
-0.226689
-0.205356
-0.201080
-0.211028
-0.231068
-0.256759
-0.284082
-0.309698
-0.330730
-0.344259
-0.346851
-0.334427
-0.302636
-0.247711
-0.167537
-0.062593
0.063589
0.204657
0.352316
0.497629
0.632359
0.749963
0.846031
0.918104
0.965100
0.986644
0.982639
0.953270
0.899432
0.823376
0.729253