-0.314311
-0.309467
-0.298710
-0.281352
-0.256891
-0.225260
-0.187041
-0.143563
-0.096802
-0.049133
-0.002954
0.039676
0.077300
0.109155
0.135088
0.155350
0.170360
0.180526
0.186204
0.187771
0.185786
0.181130
0.175055
0.169084
0.164769
0.163383
0.165627
0.171474
0.180179
0.190478
0.200897
0.210074
0.216996
0.221083
0.222106
0.220009
0.214708
0.205971
0.193429
0.176719
0.155706
0.130690
0.102505
0.072457
0.042120
0.013025
-0.013627
-0.037153
-0.057408
-0.074648
-0.089272
-0.101572
-0.111570
-0.118992
-0.123416
-0.124495
-0.122193
-0.116927
-0.109551
-0.101197
-0.093020
-0.085941
-0.080483
-0.076762
-0.074620
-0.073857
-0.074446
-0.076662
-0.081055
-0.088271
-0.098784
-0.112649
-0.129349
-0.147822
-0.166642
-0.184319
-0.199598
-0.211674
-0.220249
-0.225438
-0.227569
-0.226968
-0.223825
-0.218190
-0.210103
-0.199797
-0.187876
-0.175393
-0.163759
-0.154500
-0.148926
-0.147818
-0.151222
-0.158436
-0.168161
-0.178791
-0.188716
-0.196559
-0.201275
-0.202103
-0.198430
-0.189642
-0.175060
-0.153998
-0.125960
-0.090879
-0.049345
-0.002686
0.047116
0.097684
0.146618
0.191855
0.231935
0.266094
0.294176
0.316430
0.333272
0.345111
0.352299
0.355212
0.354408
0.350766
0.345538
0.340245
0.336440
0.335394
0.337809
0.343657
0.352192
0.362152
0.372062
0.380562
0.386639
0.389712
0.389556
0.386114
0.379304
0.368897
0.354523
0.335821
0.312661
0.285342
0.254701
0.222048
0.188958
0.156964
0.127272
0.100568
0.076996
0.056309
0.038109
0.022105
0.008283
-0.003083
-0.011564
-0.016811
-0.018784
-0.017893
-0.014991
-0.011204
-0.007684
-0.005345
-0.004706
-0.005880
-0.008703
-0.012969
-0.018647
-0.026009
-0.035597
-0.048052
-0.063844
-0.083023
-0.105066
-0.128906
-0.153112
-0.176188
-0.196874
-0.214359
-0.228341
-0.238929
-0.246446
-0.251212
-0.253412
-0.253091
-0.250284
-0.245218
-0.238492
-0.231154
-0.224610
-0.220381
-0.219773
-0.223559
-0.231784
-0.243738
-0.258120
-0.273318
-0.287718
-0.299938
-0.308928
-0.313925
0.814159
0.741970
0.653073
0.553529
0.450861
0.353108
0.267573
0.199623
0.151899
0.124153
0.113749
0.116621
0.128348
0.145008
0.163552
0.181666
0.197287
0.208050
0.211009
0.202793
0.180226
0.141204
0.085510
0.015244
-0.065335
-0.150540
-0.234363
-0.311601
-0.378651
-0.433751
-0.476634
-0.507778
-0.527594
-0.535862
-0.531660
-0.513791
-0.481544
-0.435453
-0.377755
-0.312314
-0.244022
-0.177855
-0.117918
-0.066815
-0.025537
0.006102
0.028678
0.042355
0.046389
0.039156
0.018706
-0.016352
-0.065961
-0.128077
-0.198686
-0.272413
-0.343503
-0.406881
-0.458914
-0.497674
-0.522662
-0.534162
-0.532540
-0.517807
-0.489630
-0.447817
-0.393064
-0.327645
-0.255727
-0.183106
-0.116363
-0.061678
-0.023629
-0.004359
-0.003333
-0.017730
-0.043285
-0.075270
-0.109257
-0.141470
-0.168644
-0.187607
-0.194829
-0.186277
-0.157729
-0.105552
-0.027715
0.075301
0.200021
0.340155
0.487422
0.632804
0.767879
0.885869
0.982138
1.054103
1.100708
1.121773
1.117518
1.088490
1.035901
0.962199
0.871571
0.770080
0.665253
0.565128
0.477012
0.406275
0.355559
0.324621
0.310827
0.310114
0.318065
0.330763
0.345160
0.358949
0.370069
0.376162
0.374284
0.361070
0.333349
0.289022
0.227876
0.152018
0.065713
-0.025348
-0.115151
-0.198486
-0.271745
-0.333159
-0.382455
-0.420106
-0.446515
-0.461456
-0.464000
-0.452945
-0.427571
-0.388406
-0.337681
-0.279253
-0.218007
-0.158910
-0.106063
-0.062061
-0.027888
-0.003353
0.012128
0.018727
0.015707
0.001450
-0.025988
-0.067989
-0.124490
-0.193440
-0.270819
-0.351245
-0.428956
-0.498870
-0.557348
-0.602457
-0.633691
-0.651326
-0.655724
-0.646889
-0.624483
-0.588308
-0.539054
-0.478990
-0.412279
-0.344709
-0.282858
-0.232900
-0.199409
-0.184525
-0.187706
-0.206128
-0.235523
-0.271157
-0.308601
-0.344073
-0.374308
-0.396127
-0.406000
-0.399890
-0.373574
-0.323416
-0.247382
-0.145954
-0.022603
0.116383
0.262722
0.407397
0.541988
0.659717
0.755949
0.828099
0.875113
0.896809
0.893407
0.865453