-0.003083
0.020087
0.005170
-0.034697
-0.076753
-0.097342
-0.080977
-0.026284
0.053441
0.135282
0.195426
0.218228
0.202160
0.160365
0.115612
0.091565
0.103728
0.153490
0.227575
0.303088
0.356241
0.371418
0.347120
0.296525
0.242432
0.208546
0.210408
0.249448
0.312431
0.376509
0.417936
0.421144
0.384681
0.321772
0.255266
0.208917
0.198314
0.224936
0.275599
0.327501
0.356946
0.348413
0.300496
0.226465
0.149213
0.092536
0.072065
0.089317
0.131146
0.174783
0.196567
0.181005
0.126720
0.047007
-0.035219
-0.096142
-0.120115
-0.105606
-0.065751
-0.023310
-0.001942
-0.017135
-0.070270
-0.148056
-0.227584
-0.285050
-0.304821
-0.285380
-0.239885
-0.191116
-0.162757
-0.170325
-0.215231
-0.284215
-0.354404
-0.402030
-0.411500
-0.381337
-0.324741
-0.264537
-0.224452
-0.220052
-0.252792
-0.309462
-0.367238
-0.402401
-0.399406
-0.356826
-0.287909
-0.215529
-0.163462
-0.147321
-0.168606
-0.214155
-0.261185
-0.286021
-0.273157
-0.221207
-0.143456
-0.062811
-0.003083
0.020087
0.005170
-0.034697
-0.076753
-0.097342
-0.080977
-0.026284
0.053441
0.135282
0.195426
0.218228
0.202160
0.160365
0.115612
0.091565
0.103728
0.153490
0.227575
0.303088
0.356241
0.371418
0.347120
0.296525
0.242432
0.208546
0.210408
0.249448
0.312431
0.376509
0.417936
0.421144
0.384681
0.321772
0.255266
0.208917
0.198314
0.224936
0.275599
0.327501
0.356946
0.348413
0.300496
0.226465
0.149213
0.092536
0.072065
0.089317
0.131146
0.174783
0.196567
0.181005
0.126720
0.047007
-0.035219
-0.096142
-0.120115
-0.105606
-0.065751
-0.023310
-0.001942
-0.017135
-0.070270
-0.148056
-0.227584
-0.285050
-0.304821
-0.285380
-0.239885
-0.191116
-0.162757
-0.170325
-0.215231
-0.284215
-0.354404
-0.402030
-0.411500
-0.381337
-0.324741
-0.264537
-0.224452
-0.220052
-0.252792
-0.309462
-0.367238
-0.402401
-0.399406
-0.356826
-0.287909
-0.215529
-0.163462
-0.147321
-0.168606
-0.214155
-0.261185
-0.286021
-0.273157
-0.221207
-0.143456
-0.062811
1.604524
1.685151
1.354274
0.737653
0.069281
-0.397991
-0.489023
-0.173271
0.423564
1.067567
1.505984
1.563788
1.210565
0.572167
-0.117330
-0.604990
-0.715592
-0.418517
0.160609
0.787941
1.210790
1.254191
0.887788
0.237483
-0.462600
-0.959483
-1.077911
-0.787230
-0.213043
0.410824
0.831697
0.874617
0.509232
-0.138562
-0.834649
-1.326068
-1.437585
-1.138573
-0.554670
0.080262
0.513504
0.570050
0.219492
-0.412330
-1.091366
-1.564721
-1.657231
-1.338347
-0.733782
-0.077481
0.377752
0.456825
0.129240
-0.479253
-1.134695
-1.584285
-1.652953
-1.310243
-0.681964
-0.002154
0.476292
0.578188
0.272949
-0.313767
-0.948084
-1.377287
-1.426384
-1.064997
-0.419009
0.277473
0.771486
0.887785
0.595726
0.020917
-0.602814
-1.022793
-1.064065
-0.696284
-0.045357
0.654590
1.150579
1.267359
0.974282
0.396962
-0.230765
-0.656208
-0.704391
-0.344941
0.296270
0.985152
1.468772
1.571926
1.264022
0.670731
0.025952
-0.417555
-0.484745
-0.145167
0.475382
1.142895
1.604524
1.685151
1.354274
0.737653
0.069281
-0.397991
-0.489023
-0.173271
0.423564
1.067567
1.505984
1.563788
1.210565
0.572167
-0.117330
-0.604990
-0.715592
-0.418517
0.160609
0.787941
1.210790
1.254191
0.887788
0.237483
-0.462600
-0.959483
-1.077911
-0.787230
-0.213043
0.410824
0.831697
0.874617
0.509232
-0.138562
-0.834649
-1.326068
-1.437585
-1.138573
-0.554670
0.080262
0.513504
0.570050
0.219492
-0.412330
-1.091366
-1.564721
-1.657231
-1.338347
-0.733782
-0.077481
0.377752
0.456825
0.129240
-0.479253
-1.134695
-1.584285
-1.652953
-1.310243
-0.681964
-0.002154
0.476292
0.578188
0.272949
-0.313767
-0.948084
-1.377287
-1.426384
-1.064997
-0.419009
0.277473
0.771486
0.887785
0.595726
0.020917
-0.602814
-1.022793
-1.064065
-0.696284
-0.045357
0.654590
1.150579
1.267359
0.974282
0.396962
-0.230765
-0.656208
-0.704391
-0.344941
0.296270
0.985152
1.468772
1.571926
1.264022
0.670731
0.025952
-0.417555
-0.484745
-0.145167
0.475382
1.142895