0.303730
0.387833
0.454875
0.502408
0.530217
0.539675
0.532848
0.511717
0.477814
0.432367
0.376840
0.313594
0.246307
0.179916
0.119987
0.071687
0.038664
0.022223
0.021079
0.031788
0.049702
0.070135
0.089359
0.105103
0.116470
0.123354
0.125668
0.122730
0.113079
0.094830
0.066421
0.027472
-0.020615
-0.074577
-0.129810
-0.181352
-0.224996
-0.258169
-0.280274
-0.292403
-0.296548
-0.294634
-0.287723
-0.275712
-0.257594
-0.232194
-0.199051
-0.159097
-0.114852
-0.070032
-0.028708
0.005684
0.031117
0.047254
0.055134
0.056413
0.052444
0.043583
0.028983
0.006980
-0.024074
-0.064850
-0.114314
-0.169532
-0.226093
-0.279028
-0.323910
-0.357755
-0.379433
-0.389478
-0.389418
-0.380920
-0.365095
-0.342257
-0.312206
-0.274925
-0.231369
-0.184006
-0.136830
-0.094773
-0.062661
-0.044054
-0.040342
-0.050401
-0.070919
-0.097265
-0.124577
-0.148721
-0.166796
-0.177087
-0.178565
-0.170223
-0.150586
-0.117663
-0.069415
-0.004594
0.076348
0.170660
0.273267
0.377393
0.475698
0.561572
0.630215
0.679175
0.708237
0.718772
0.712845
0.692437
0.659079
0.613997
0.558657
0.495417
0.427958
0.361215
0.300756
0.251746
0.217836
0.200331
0.197948
0.207243
0.223570
0.242245
0.259540
0.273187
0.282291
0.286749
0.286476
0.280792
0.268240
0.246935
0.215321
0.173020
0.121437
0.063839
0.004833
-0.050614
-0.098292
-0.135625
-0.162011
-0.178536
-0.187191
-0.189894
-0.187705
-0.180513
-0.167309
-0.146911
-0.118855
-0.084067
-0.045062
-0.005551
0.030401
0.059362
0.079312
0.089917
0.092224
0.087892
0.078283
0.063755
0.043468
0.015765
-0.020999
-0.067487
-0.122662
-0.183582
-0.245830
-0.304433
-0.354959
-0.394417
-0.421671
-0.437250
-0.442678
-0.439615
-0.429167
-0.411643
-0.386838
-0.354728
-0.316265
-0.273911
-0.231656
-0.194425
-0.167042
-0.153061
-0.153867
-0.168331
-0.193140
-0.223654
-0.255010
-0.283070
-0.304928
-0.318866
-0.323850
-0.318871
-0.302451
-0.272595
-0.227260
-0.165198
-0.086856
0.005019
0.105350
0.207367
0.303730
0.387833
0.454875
0.502408
0.530217
0.539675
0.532848
0.511717
0.477814
0.432367
0.376840
0.313594
0.246307
0.179916
0.119987
0.071687
0.038664
0.022223
0.021079
0.031788
0.049702
0.070135
0.089359
0.105103
0.116470
0.123354
0.125668
0.122730
0.113079
0.094830
0.066421
0.027472
-0.020615
-0.074577
-0.129810
-0.181352
-0.224996
-0.258169
-0.280274
-0.292403
-0.296548
-0.294634
-0.287723
-0.275712
-0.257594
-0.232194
-0.199051
-0.159097
-0.114852
-0.070032
-0.028708
0.005684
0.031117
0.047254
0.055134
0.056413
0.052444
0.043583
0.028983
0.006980
-0.024074
-0.064850
-0.114314
-0.169532
-0.226093
-0.279028
-0.323910
-0.357755
-0.379433
-0.389478
-0.389418
-0.380920
-0.365095
-0.342257
-0.312206
-0.274925
-0.231369
-0.184006
-0.136830
-0.094773
-0.062661
-0.044054
-0.040342
-0.050401
-0.070919
-0.097265
-0.124577
-0.148721
-0.166796
-0.177087
-0.178565
-0.170223
-0.150586
-0.117663
-0.069415
-0.004594
0.076348
0.170660
0.273267
0.377393
0.475698
0.561572
0.630215
0.679175
0.708237
0.718772
0.712845
0.692437
0.659079
0.613997
0.558657
0.495417
0.427958
0.361215
0.300756
0.251746
0.217836
0.200331
0.197948
0.207243
0.223570
0.242245
0.259540
0.273187
0.282291
0.286749
0.286476
0.280792
0.268240
0.246935
0.215321
0.173020
0.121437
0.063839
0.004833
-0.050614
-0.098292
-0.135625
-0.162011
-0.178536
-0.187191
-0.189894
-0.187705
-0.180513
-0.167309
-0.146911
-0.118855
-0.084067
-0.045062
-0.005551
0.030401
0.059362
0.079312
0.089917
0.092224
0.087892
0.078283
0.063755
0.043468
0.015765
-0.020999
-0.067487
-0.122662
-0.183582
-0.245830
-0.304433
-0.354959
-0.394417
-0.421671
-0.437250
-0.442678
-0.439615
-0.429167
-0.411643
-0.386838
-0.354728
-0.316265
-0.273911
-0.231656
-0.194425
-0.167042
-0.153061
-0.153867
-0.168331
-0.193140
-0.223654
-0.255010
-0.283070
-0.304928
-0.318866
-0.323850
-0.318871
-0.302451
-0.272595
-0.227260
-0.165198
-0.086856
0.005019
0.105350
0.207367