-0.159178
0.009270
0.225343
0.413585
0.508943
0.481584
0.348265
0.165910
0.009841
-0.055014
0.001056
0.161181
0.368332
0.547089
0.632433
0.594573
0.450308
0.256604
0.088828
0.011954
0.055742
0.203368
0.397853
0.563828
0.636325
0.585601
0.428508
0.222062
0.041681
-0.047613
-0.016009
0.119716
0.302630
0.457409
0.519131
0.458095
0.291192
0.075479
-0.113592
-0.210962
-0.186791
-0.057823
0.119034
0.268481
0.325616
0.260756
0.090809
-0.127158
-0.317682
-0.415700
-0.391369
-0.261435
-0.082807
0.069207
0.129696
0.068963
-0.096100
-0.308446
-0.492633
-0.583624
-0.551603
-0.413346
-0.225796
-0.064296
0.006205
-0.044027
-0.198143
-0.399140
-0.571621
-0.650593
-0.606288
-0.455533
-0.255318
-0.081035
0.002314
-0.035055
-0.176344
-0.364598
-0.524473
-0.591026
-0.534537
-0.371880
-0.160094
0.025383
0.119508
0.092452
-0.039027
-0.218014
-0.369200
-0.427677
-0.363756
-0.194342
0.023502
0.214311
0.313023
0.289790
0.161355
-0.015378
-0.165110
-0.222938
-0.159178
0.009270
0.225343
0.413585
0.508943
0.481584
0.348265
0.165910
0.009841
-0.055014
0.001056
0.161181
0.368332
0.547089
0.632433
0.594573
0.450308
0.256604
0.088828
0.011954
0.055742
0.203368
0.397853
0.563828
0.636325
0.585601
0.428508
0.222062
0.041681
-0.047613
-0.016009
0.119716
0.302630
0.457409
0.519131
0.458095
0.291192
0.075479
-0.113592
-0.210962
-0.186791
-0.057823
0.119034
0.268481
0.325616
0.260756
0.090809
-0.127158
-0.317682
-0.415700
-0.391369
-0.261435
-0.082807
0.069207
0.129696
0.068963
-0.096100
-0.308446
-0.492633
-0.583624
-0.551603
-0.413346
-0.225796
-0.064296
0.006205
-0.044027
-0.198143
-0.399140
-0.571621
-0.650593
-0.606288
-0.455533
-0.255318
-0.081035
0.002314
-0.035055
-0.176344
-0.364598
-0.524473
-0.591026
-0.534537
-0.371880
-0.160094
0.025383
0.119508
0.092452
-0.039027
-0.218014
-0.369200
-0.427677
-0.363756
-0.194342
0.023502
0.214311
0.313023
0.289790
0.161355
-0.015378
-0.165110
-0.222938
-0.520692
-0.028125
0.674615
1.320926
1.664967
1.575555
1.086272
0.382641
-0.268735
-0.621992
-0.545913
-0.074026
0.608213
1.234287
1.558432
1.449545
0.941284
0.219247
-0.449889
-0.820192
-0.760376
-0.303907
0.363823
0.976350
1.287968
1.167621
0.649013
-0.082218
-0.759359
-1.136445
-1.082164
-0.629960
0.034791
0.645640
0.956883
0.837468
0.321095
-0.406607
-1.078938
-1.449954
-1.388365
-0.927644
-0.253201
0.368475
0.691640
0.585193
0.082784
-0.630013
-1.286558
-1.640968
-1.562020
-1.083254
-0.390152
0.250723
0.593552
0.507157
0.025107
-0.667103
-1.302915
-1.636527
-1.536798
-1.037352
-0.323751
0.337362
0.700087
0.633166
0.170095
-0.503710
-1.121761
-1.438327
-1.322335
-0.807471
-0.079360
0.595299
0.970551
0.915091
0.462366
-0.202244
-0.812290
-1.122074
-1.000547
-0.481418
0.249671
0.926009
1.301636
1.245244
0.790284
0.122144
-0.492711
-0.808565
-0.694346
-0.183734
0.537664
1.203174
1.566879
1.497518
1.028595
0.345551
-0.285091
-0.617551
-0.520692
-0.028125
0.674615
1.320926
1.664967
1.575555
1.086272
0.382641
-0.268735
-0.621992
-0.545913
-0.074026
0.608213
1.234287
1.558432
1.449545
0.941284
0.219247
-0.449889
-0.820192
-0.760376
-0.303907
0.363823
0.976350
1.287968
1.167621
0.649013
-0.082218
-0.759359
-1.136445
-1.082164
-0.629960
0.034791
0.645640
0.956883
0.837468
0.321095
-0.406607
-1.078938
-1.449954
-1.388365
-0.927644
-0.253201
0.368475
0.691640
0.585193
0.082784
-0.630013
-1.286558
-1.640968
-1.562020
-1.083254
-0.390152
0.250723
0.593552
0.507157
0.025107
-0.667103
-1.302915
-1.636527
-1.536798
-1.037352
-0.323751
0.337362
0.700087
0.633166
0.170095
-0.503710
-1.121761
-1.438327
-1.322335
-0.807471
-0.079360
0.595299
0.970551
0.915091
0.462366
-0.202244
-0.812290
-1.122074
-1.000547
-0.481418
0.249671
0.926009
1.301636
1.245244
0.790284
0.122144
-0.492711
-0.808565
-0.694346
-0.183734
0.537664
1.203174
1.566879
1.497518
1.028595
0.345551
-0.285091
-0.617551