-0.283232
-0.289803
-0.294567
-0.296546
-0.294712
-0.288005
-0.275416
-0.256130
-0.229699
-0.196199
-0.156307
-0.111278
-0.062810
-0.012839
0.036698
0.084054
0.127802
0.166863
0.200472
0.228114
0.249468
0.264404
0.273026
0.275738
0.273305
0.266847
0.257753
0.247516
0.237524
0.228854
0.222133
0.217495
0.214642
0.212986
0.211814
0.210435
0.208255
0.204790
0.199612
0.192293
0.182367
0.169364
0.152895
0.132780
0.109158
0.082548
0.053814
0.024054
-0.005576
-0.034037
-0.060539
-0.084587
-0.105942
-0.124511
-0.140226
-0.152957
-0.162490
-0.168582
-0.171066
-0.169969
-0.165579
-0.158451
-0.149329
-0.139018
-0.128251
-0.117601
-0.107456
-0.098081
-0.089721
-0.082705
-0.077511
-0.074743
-0.075038
-0.078905
-0.086585
-0.097936
-0.112425
-0.129199
-0.147230
-0.165475
-0.183014
-0.199113
-0.213222
-0.224915
-0.233822
-0.239586
-0.241894
-0.240552
-0.235609
-0.227454
-0.216855
-0.204908
-0.192890
-0.182054
-0.173416
-0.167591
-0.164723
-0.164508
-0.166297
-0.169235
-0.172383
-0.174789
-0.175502
-0.173547
-0.167900
-0.157506
-0.141359
-0.118646
-0.088925
-0.052274
-0.009372
0.038521
0.089706
0.142244
0.194194
0.243808
0.289656
0.330656
0.366044
0.395302
0.418106
0.434326
0.444064
0.447724
0.446069
0.440218
0.431560
0.421587
0.411688
0.402939
0.395967
0.390906
0.387460
0.385040
0.382934
0.380451
0.377001
0.372098
0.365319
0.356233
0.344380
0.329289
0.310575
0.288059
0.261884
0.232568
0.200981
0.168223
0.135453
0.103713
0.073795
0.046198
0.021166
-0.001205
-0.020845
-0.037618
-0.051307
-0.061664
-0.068520
-0.071895
-0.072074
-0.069608
-0.065235
-0.059756
-0.053900
-0.048233
-0.043141
-0.038881
-0.035695
-0.033906
-0.033988
-0.036539
-0.042189
-0.051446
-0.064541
-0.081329
-0.101272
-0.123512
-0.147013
-0.170729
-0.193733
-0.215287
-0.234835
-0.251946
-0.266243
-0.277367
-0.284996
-0.288934
-0.289223
-0.286246
-0.280767
-0.273878
-0.266849
-0.260930
-0.257130
-0.256061
-0.257862
-0.262223
-0.268492
-0.275810
0.762217
0.666725
0.562208
0.457765
0.362451
0.283456
0.224715
0.186422
0.165565
0.157265
0.156430
0.159108
0.163123
0.167805
0.173042
0.178093
0.180732
0.177119
0.162528
0.132692
0.085277
0.020932
-0.056525
-0.140876
-0.225003
-0.302601
-0.369518
-0.424281
-0.467664
-0.501519
-0.527356
-0.545248
-0.553492
-0.549159
-0.529334
-0.492528
-0.439741
-0.374708
-0.303237
-0.231843
-0.166174
-0.109803
-0.063809
-0.027278
0.001505
0.023654
0.038658
0.044128
0.036474
0.012244
-0.030342
-0.090268
-0.163436
-0.243341
-0.322503
-0.394137
-0.453509
-0.498504
-0.529288
-0.547248
-0.553705
-0.548924
-0.531863
-0.500764
-0.454358
-0.393200
-0.320561
-0.242470
-0.166794
-0.101603
-0.053341
-0.025397
-0.017547
-0.026389
-0.046590
-0.072449
-0.099201
-0.123621
-0.143792
-0.158218
-0.164759
-0.159911
-0.138842
-0.096271
-0.027956
0.067738
0.188748
0.329145
0.479996
0.631021
0.772510
0.896923
0.999674
1.078966
1.134848
1.167968
1.178582
1.166221
1.130167
1.070513
0.989340
0.891459
0.784333
0.677061
0.578702
0.496448
0.434238
0.392270
0.367533
0.355156
0.350047
0.348261
0.347624
0.347473
0.347699
0.347567
0.344855
0.335731
0.315471
0.279815
0.226436
0.155986
0.072292
-0.018424
-0.109036
-0.193234
-0.266859
-0.328431
-0.378717
-0.419564
-0.452474
-0.477512
-0.492969
-0.495909
-0.483409
-0.453974
-0.408595
-0.351002
-0.286994
-0.223079
-0.164898
-0.116016
-0.077504
-0.048442
-0.027108
-0.012378
-0.004759
-0.006631
-0.021577
-0.053041
-0.102797
-0.169821
-0.250009
-0.336849
-0.422852
-0.501230
-0.567239
-0.618759
-0.655949
-0.680191
-0.692799
-0.694030
-0.682839
-0.657461
-0.616622
-0.560870
-0.493471
-0.420450
-0.349669
-0.289191
-0.245457
-0.221853
-0.218148
-0.230937
-0.254883
-0.284283
-0.314365
-0.341903
-0.364977
-0.382088
-0.391093
-0.388486
-0.369431
-0.328647
-0.261890
-0.167523
-0.047608
0.091927
0.242150
0.392782
0.534114
0.658604
0.761668
0.841508
0.898171
0.932307
0.944170
0.933288
0.898943
0.841227