-0.004451
-0.012360
-0.018513
-0.015628
-0.013581
-0.015455
-0.015825
-0.017119
-0.029391
-0.025034
-0.020569
-0.002695
0.007678
0.022140
0.025720
-0.033597
-0.018939
0.026704
-0.008660
-0.030887
-0.035356
-0.008466
0.040442
0.062098
0.069112
0.083179
0.045062
-0.057573
-0.102583
-0.097142
-0.071930
-0.031410
0.035796
0.016551
0.111991
0.153757
-0.049213
-0.115442
-0.216919
-0.216219
0.136175
0.172785
-0.052247
0.105334
0.178227
-0.085722
-0.232347
-0.349010
-0.155086
0.039884
-0.154774
-0.043487
0.135511
0.120893
0.081742
-0.094835
-0.154136
-0.030819
-0.094709
-0.071982
0.109033
0.190710
0.172682
0.174657
0.171845
0.099314
0.005229
-0.029678
0.026491
0.072087
0.016254
-0.056505
-0.054584
-0.031783
-0.043283
-0.052347
-0.020824
0.030612
0.047120
0.006709
-0.015324
-0.004452
0.007795
0.002239
0.004265
-0.008725
0.000986
-0.004904
-0.016456
-0.006505
0.001407
0.007915
0.008271
0.006376
0.012070
0.018788
0.011096
0.011019
0.010939
0.010849
0.015688
0.014994
0.010104
0.004475
-0.000022
0.007986
-0.000643
-0.008781
-0.006578
0.002696
0.013799
0.000117
-0.015635
-0.001217
-0.001821
-0.005486
0.001384
0.029617
0.059269
0.009685
-0.009346
0.003117
-0.010054
-0.016205
-0.031412
0.038568
0.115945
-0.000617
-0.067300
0.060430
0.105474
-0.025830
-0.023834
-0.000224
0.051637
0.216311
0.087009
-0.043666
-0.058933
-0.177966
-0.159296
-0.181475
-0.139524
0.222765
0.257229
-0.037136
0.035142
0.119335
-0.060546
-0.251439
-0.415159
-0.248177
0.068369
0.104969
0.131623
0.183142
0.198377
0.280116
0.226192
0.068893
-0.060443
-0.038248
0.077419
0.082046
-0.003306
-0.026643
-0.007371
-0.072818
-0.076674
-0.087737
-0.068989
0.022098
0.039298
0.037722
0.032012
0.029153
0.000405
-0.019065
-0.050924
-0.071192
-0.032806
-0.027437
-0.039913
-0.037620
-0.012054
-0.011273
-0.009438
-0.014693
-0.027015
-0.013314
-0.014165
-0.005402
-0.001194
-0.001263
0.002212
0.007035
-0.002534
-0.014453
-0.011437
-0.014975
-0.015739
-0.018178
-0.019589
-0.010445
-0.003212
-0.007831
-0.011552
-0.009971
-0.002659
0.005690
-0.025554
-0.036825
-0.016277
-0.002770
0.007213
-0.010557
-0.004528
0.000668
-0.032445
-0.015452
-0.003089
-0.023593
-0.049624
-0.032735
0.048934
0.021940
-0.033145
0.006204
0.060549
0.104614
0.102187
0.111826
0.117967
0.005713
-0.091565
-0.025880
0.043017
-0.004807
-0.133563
-0.221545
-0.118516
-0.042988
-0.025771
-0.040826
0.029456
0.139299
-0.044172
-0.031553
-0.014381
-0.195963
-0.187441
-0.116634
-0.096838
-0.192171
-0.211754
-0.120600
0.094942
0.196815
0.124779
0.111019
0.176249
0.221762
0.109143
0.070951
0.067267
0.092528
0.051948
-0.064097
-0.013705
0.046035
0.072767
0.091784
0.097105
0.062373
0.014438
-0.037879
-0.086729
-0.049447
-0.027664
-0.017850
-0.025497
-0.021376
-0.032090
-0.042262
-0.026277
-0.020472
-0.012531
-0.014755
-0.015105
-0.013671
-0.006043
-0.005119
-0.000934
0.001988
0.001205
-0.002862
-0.007435
-0.003828
0.003786
0.005238
0.000287
0.002232
0.005374
-0.002980
-0.009763
-0.008379
0.006623
0.003655
-0.008776
0.017024
0.022036
-0.023711
-0.017765
0.005948
-0.024917
-0.008024
-0.002311
-0.021417
0.010896
0.006411
-0.020799
-0.005953
-0.038349
-0.022379
0.071574
-0.022513
0.015144
0.047460
-0.145240
-0.024998
0.055303
-0.093136
-0.155176
-0.202825
-0.121560
0.133799
0.078862
0.030019
0.180726
0.087044
-0.029354
-0.089284
-0.098490
-0.101017
-0.080505
0.035997
0.004083
-0.136984
-0.183402
-0.181314
-0.110611
-0.033912
0.001298
0.163109
0.232989
0.014759
-0.007768
0.027593
-0.071005
-0.030619
-0.044742
-0.010128
0.112183
0.046674
-0.021400
0.015724
0.038173
0.075508
0.049940
-0.007794
0.014427
0.025055
0.041531
0.059988
0.029568
0.062281
0.066655
0.059482
0.044518
0.006947
0.002344
0.000285
0.010737
0.019872
0.012232
0.004714
0.017816
0.008295
0.009307
0.008846
0.001691
0.007978
0.006148
0.008225
0.011234
0.009316
0.010495
0.007721
0.004240
0.009907
0.013142
0.012327
0.015371
0.013749
0.015928
0.015103
0.003865
0.014797
0.026069
0.007946
-0.018824
-0.002856
0.032030
0.016008
-0.003146
0.010267
0.000946
0.028871
0.051174
-0.005312
0.034267
0.052885
-0.022940
0.025732
-0.073938
-0.174912
-0.024173
-0.056688
0.027622
0.233152
0.099570
0.064490
-0.012679
-0.139462
-0.052412
-0.112282
0.037968
0.221321
0.239705
0.350289
0.174864
-0.125088
-0.089863
0.020735
0.070921
0.042839
-0.003013
0.077041
0.031057
0.014387
-0.082407
-0.165377
-0.018466
-0.100725
0.009071
0.053023
-0.086607
0.058717
0.088563
0.119219
0.039321
-0.169032
-0.083744
0.015487
-0.060399
-0.039563
-0.048389
-0.003605
0.024519
-0.097255
-0.059808
-0.030625
-0.063420
-0.036462
-0.066287
-0.034047
0.001449
-0.042207
-0.018085
0.019568
0.014059
0.013562
-0.014547
-0.018474
0.004258
-0.002452
0.009524
0.003303
-0.011287
-0.012160
-0.019914
-0.013357
0.000392
-0.015287
-0.009450
-0.007251
-0.012249
-0.002197
-0.010958
-0.010692
-0.001264
-0.015839
-0.022119
-0.012406
-0.013519
-0.008425
-0.008096
-0.022456
-0.029178
-0.010730
0.002235
-0.000324
-0.005392
-0.015844
-0.026690
-0.031476
-0.038065
-0.019621
-0.011976
-0.017054
0.019520
0.036747
-0.020896
0.002300
0.049399
0.007153
0.071501
-0.053632
-0.144608
0.006720
0.041126
0.103680
0.098869
0.034637
0.107444
0.114692
-0.054960
-0.243863
-0.233108
-0.038514
0.090046
0.063478
0.016950
0.040559
0.076166
-0.076982
-0.278335
-0.300172
-0.317207
-0.188593
-0.057056
-0.038586
0.085440
0.103624
0.059687
0.153265
0.031279
-0.126582
-0.126303
-0.138481
0.021422
0.119763
0.107612
0.173875
0.146166
0.139124
0.120836
0.024143
0.027664
0.048020
0.079332
0.121563
0.095070
0.058058
-0.001448
-0.041700
-0.019861
-0.047351
-0.043474
-0.033181
-0.043853
-0.005949
-0.005028
-0.020213
-0.000301
-0.005679
-0.008156
0.008825
0.000687
0.003738
0.004602
-0.002796
0.009546
0.011149
0.006974
0.006689
0.002466
0.005325
0.008097
0.007332
0.010418
0.018422
0.022827
0.020313
0.010431
0.007909
0.004185
0.001270
0.005225
0.006789
0.002983
0.005004
0.016434
0.036258
0.031669
-0.051291
-0.047324
-0.001460
0.006347
0.028894
0.025529
-0.001736
-0.032274
-0.014754
-0.023364
0.006192
0.112781
0.068312
-0.021835
-0.004388
0.000225
0.028625
-0.030172
-0.014004
0.205634
0.138470
-0.026798
-0.041524
-0.191572
-0.134995
0.001699
-0.180850
0.115160
0.267902
-0.146240
-0.049100
0.037759
0.012169
0.007897
-0.143744
-0.098207
0.114824
0.163227
-0.020984
-0.073592
-0.054833
0.034260
0.107645
0.059415
0.036013
0.122994
0.228338
0.178262
0.116150
0.032784
-0.002716
-0.026827
-0.106119
-0.109398
-0.077988
-0.044053
-0.009226
0.026304
0.028856
0.053785
0.036949
-0.022726
-0.043859
-0.059268
-0.056358
-0.044883
-0.037720
-0.034852
-0.018496
-0.017256
-0.025409
-0.026400
-0.025304
-0.021955
-0.013376
-0.003567
-0.004032
-0.004107
-0.008731
-0.003311
-0.005928
-0.015294
-0.014468
-0.014771
-0.017408
-0.016871
-0.017469
-0.012878
0.000609
-0.008650
-0.022698
-0.017076
-0.022660
-0.022521
-0.017370
-0.011006
0.003480
-0.015958
-0.019167
-0.019519
-0.046212
-0.006794
0.024312
-0.050198
-0.040693
-0.055096
-0.141832
-0.048496
0.046784
0.096243
0.049578
-0.024458
-0.024030
-0.051255
-0.029390
-0.051284
-0.131106
-0.091006
-0.027466
0.130545
0.121299
-0.190852
-0.075512
0.145254
-0.015238
-0.048805
-0.072201
-0.108106
0.313635
0.405936
0.053360
0.150890
0.244256
0.194186
0.211334
-0.021579
-0.107688
-0.041307
-0.116549
-0.226954
-0.209472
-0.187262
-0.172688
-0.039670
0.000722
-0.006028
-0.004430
-0.039757
-0.057666
0.006344
0.010950
0.056709
0.112128
0.045330
0.074213
0.113400
0.042315
0.016674
0.029843
0.012993
0.028156
0.020554
-0.012578
0.011297
-0.015039
-0.030662
0.005738
0.002204
-0.007613
-0.016362
-0.019449
-0.017591
-0.019376
-0.037454
-0.032998
-0.031006
-0.031112
-0.034430
-0.038532
-0.031970
-0.027362
-0.019926
-0.020783
-0.014877
-0.009020
-0.005125
-0.004289
-0.002051
-0.004837
-0.004619
-0.005488
-0.002146
0.007739
-0.000167
-0.007190
-0.014321
-0.004582
0.012885
0.006070
-0.007245
-0.037049
-0.004326
0.040648
-0.027634
-0.090773
-0.088988
-0.015229
0.053152
0.004095
0.014011
-0.017415
-0.122665
0.013358
-0.028086
-0.079702
0.064275
-0.047737
0.037120
0.173745
0.010427
-0.117927
-0.123092
0.023604
0.027069
-0.032547
-0.011801
0.010397
0.262849
0.350129
0.026622
-0.090998
-0.043361
-0.000122
0.225947
0.072157
-0.013431
0.208814
0.060020
-0.086042
-0.141315
-0.280942
-0.253110
-0.116150
0.004948
0.113916
0.026724
-0.086414
-0.041684
-0.024990
0.025023
-0.008904
-0.031374
0.027416
-0.017677
-0.057323
-0.075499
-0.099713
-0.104864
-0.088115
-0.061887
-0.010693
-0.022090
-0.039629
-0.008118
0.014303
0.051060
0.039161
0.007894
0.011658
0.015153
0.014933
0.010892
0.002244
0.009205
0.013066
0.002320
0.005959
-0.003376
-0.005391
0.005281
0.004419
0.003769
0.000716
-0.001491
0.002276
0.005444
0.000217
-0.003233
-0.010916
-0.010276
-0.002132
-0.004145
-0.000657
-0.003121
-0.008319
-0.005795
-0.003914
0.010073
0.015473
-0.011329
-0.041859
-0.032003
-0.032259
-0.032616
0.011808
0.026990
0.045324
0.029822
-0.041711
-0.046631
0.006877
0.067417
0.060590
0.037234
0.055565
-0.042753
-0.128417
-0.039982
0.004515
0.020942
0.056908
0.096559
0.095666
0.087084
0.099464
-0.043640
0.052710
0.253713
0.138039
0.078678
0.050565
-0.067404
-0.254038
-0.175252
0.016791
-0.100998
-0.080010
0.044371
0.025223
0.035929
-0.021777
-0.124414
0.053850
0.088540
-0.027982
0.012029
-0.013142
-0.033758
-0.112637
-0.178189
-0.074471
-0.021673
-0.008438
0.022542
0.070003
0.114668
0.103311
0.039487
0.020448
0.011031
-0.015607
-0.028024
-0.048267
-0.018629
-0.007625
-0.012996
-0.000335
0.005518
-0.001665
-0.007561
-0.014960
-0.007556
-0.004128
-0.010945
-0.002588
0.001849
-0.005214
-0.011563
-0.022240
-0.020800
-0.012459
-0.011090
-0.006955
-0.005578
-0.003605
-0.000009
-0.003681
-0.003947
0.005443
0.006683
0.004280
-0.001119
-0.008109
-0.014555
-0.012043
-0.004619
-0.001901
-0.003876
0.006183
0.012994
-0.000743
-0.008946
-0.016539
-0.021787
-0.005674
0.004234
-0.001151
-0.004543
-0.015587
-0.027431
-0.022887
-0.017544
-0.023064
-0.010819
0.002865
0.006224
0.018487
0.015321
0.004315
0.010818
0.013531
0.007598
0.003180
0.004790
0.003395
-0.004443
-0.003129
-0.002882
-0.001860
0.001860
0.002081
0.004598
0.009271
0.010563
0.007315
0.002412
-0.000791
-0.003355
-0.005014
-0.004044
-0.000860
-0.004128
-0.003354
0.000498
-0.000291
-0.000110
0.000894
0.003348
0.003675
0.003703
0.002147
0.002363
0.001274
-0.000020
-0.001326
-0.001227
-0.000001
0.000972
0.000936
0.002103
0.002153
0.002244
0.001628
0.001323
0.000826
0.000640
0.000364
0.000393
0.000509
0.000400
0.000234
0.000330
0.000520
0.000632
0.000546
0.001052
0.001342
0.000971
0.000637
0.000245
-0.000008
0.000606
0.001315
0.000998
0.000800
0.000736
0.000416
0.000679
0.000925
0.000520
0.000486
0.000963
0.001077
0.000876
0.000922
0.000785
0.000441
0.000308
-0.000037
-0.000345
-0.000350
-0.000300
-0.000107
-0.000046
-0.000098
-0.000174
-0.000489
-0.000474
-0.000209
0.000084
0.000277
0.000470
0.000252
-0.016710
-0.006995
-0.008308
-0.008397
-0.007014
-0.016600
-0.026388
-0.025012
-0.021781
0.001703
0.006461
0.030677
0.023467
-0.036492
-0.003547
0.024145
-0.020769
-0.029193
-0.034403
-0.011094
0.041657
0.068412
0.081458
0.102266
0.049342
-0.053687
-0.102274
-0.107890
-0.082818
-0.031699
0.033949
0.008176
0.135350
0.135368
-0.040816
-0.089593
-0.254078
-0.214566
0.127201
0.109206
-0.005975
0.180357
0.119050
-0.096819
-0.213339
-0.364568
-0.132976
-0.069657
-0.199416
0.044892
0.098350
0.099363
0.127186
-0.104892
-0.122793
-0.041402
-0.168273
-0.031848
0.133286
0.184159
0.202585
0.188690
0.179501
0.135259
0.013678
-0.016180
0.046893
0.048871
0.013212
-0.043779
-0.077715
-0.052445
-0.047700
-0.051027
-0.010615
0.026053
0.037482
0.016439
-0.006094
-0.002185
0.004274
0.004475
0.015380
0.006899
0.009564
-0.006078
-0.012975
-0.010809
-0.008103
-0.003649
0.004918
0.009119
0.021842
0.025308
0.013441
0.012888
0.005163
0.001431
0.000943
0.000876
0.003922
0.005722
0.011012
0.016662
-0.000468
-0.005789
-0.007569
-0.000802
0.012813
-0.008655
-0.013383
0.009520
-0.004559
0.000824
-0.001862
0.019387
0.058260
0.007643
-0.005725
0.003030
-0.012027
-0.016505
-0.026517
0.045082
0.095461
-0.012867
-0.039999
0.066846
0.072742
-0.021513
0.020203
-0.006266
0.063859
0.213685
0.066513
0.001240
-0.077392
-0.203464
-0.157114
-0.227365
-0.104736
0.259669
0.171449
-0.024644
0.110994
0.081431
-0.070247
-0.247145
-0.423150
-0.234514
-0.011313
0.048267
0.205985
0.199998
0.210365
0.319842
0.211521
0.112265
0.007443
-0.028343
0.054676
0.057532
0.000376
0.007131
-0.041721
-0.121325
-0.069547
-0.100814
-0.070764
0.012300
0.021206
0.042749
0.050019
0.035750
0.010399
-0.013015
-0.051437
-0.055116
-0.055275
-0.052970
-0.041369
-0.038229
-0.022804
-0.019644
-0.005671
-0.002018
-0.002014
-0.016124
-0.026949
-0.017495
-0.014924
-0.010610
-0.013430
-0.009391
-0.006199
-0.001582
-0.004005
-0.011376
-0.016629
-0.020729
-0.021657
-0.014648
-0.001577
-0.006528
-0.008066
-0.003888
0.007040
0.007098
-0.029531
-0.038281
-0.030254
-0.004795
0.004731
-0.011498
0.014118
-0.003214
-0.035651
-0.011544
-0.020056
-0.022687
-0.043291
-0.028377
0.043405
0.006245
-0.010775
0.032521
0.057457
0.091534
0.112131
0.141893
0.126622
0.004229
-0.069971
-0.007583
0.028509
-0.008501
-0.143245
-0.236512
-0.142458
-0.087595
-0.022547
-0.025371
0.058685
0.114970
-0.073781
0.011449
-0.037640
-0.204884
-0.179753
-0.141945
-0.136172
-0.218558
-0.211809
-0.106122
0.091095
0.160364
0.167337
0.147087
0.192685
0.232208
0.139507
0.112640
0.087560
0.096347
0.008926
-0.057832
-0.004046
0.033562
0.064221
0.100538
0.110917
0.066934
0.026253
-0.040889
-0.066430
-0.048188
-0.041624
-0.028042
-0.039534
-0.022639
-0.033969
-0.043963
-0.038880
-0.018500
-0.006592
-0.006043
-0.006965
-0.009254
-0.001255
-0.002243
-0.000235
-0.008694
-0.009839
-0.011409
-0.016020
-0.012556
-0.006369
-0.002317
-0.000530
0.003059
0.007235
-0.005436
-0.011933
-0.008061
0.006376
0.002058
-0.007951
0.023457
0.019819
-0.024491
-0.009831
-0.004980
-0.027619
0.008285
-0.005255
-0.024441
0.003070
-0.011442
-0.016372
-0.004750
-0.049333
0.004063
0.058878
-0.045102
0.064705
0.011695
-0.156000
0.017239
0.012652
-0.102577
-0.145094
-0.242491
-0.117079
0.129603
0.037440
0.115896
0.199318
0.042925
0.005790
-0.077370
-0.092839
-0.090681
-0.091361
0.020482
-0.021660
-0.167557
-0.170979
-0.191245
-0.140732
-0.044166
0.011667
0.180654
0.207976
0.033164
0.067340
0.018591
-0.077027
-0.006944
-0.066784
-0.002419
0.100958
0.020533
0.018609
0.033571
0.027463
0.090666
0.038478
0.005876
0.052375
0.011484
0.044916
0.069004
0.030618
0.067917
0.055417
0.051780
0.051013
0.027130
0.017394
0.012321
0.006711
0.020832
0.013709
0.003679
0.018046
0.008294
0.019925
0.010271
0.000437
-0.001613
-0.005135
0.002508
0.008252
0.008477
0.016855
0.013842
0.003815
0.009022
0.004593
0.004623
0.015836
0.010461
0.018894
0.018362
-0.003462
0.016858
0.024475
0.001678
-0.015566
-0.004178
0.015465
0.006480
0.001243
0.010099
-0.001427
0.039381
0.048255
-0.004340
0.054992
0.029907
-0.024819
0.039963
-0.112628
-0.154718
-0.026581
-0.114733
0.072280
0.229690
0.071405
0.119834
-0.037587
-0.127665
-0.039232
-0.148640
0.087010
0.219096
0.232243
0.391771
0.166088
-0.102780
-0.033008
-0.006951
0.056851
0.045884
0.008702
0.080722
-0.014076
0.019232
-0.071263
-0.137962
-0.047669
-0.139966
0.026879
0.004649
-0.055290
0.091392
0.060984
0.132832
0.034818
-0.163812
-0.049610
-0.030212
-0.080570
0.000986
-0.075428
-0.010832
-0.009866
-0.113566
-0.026892
-0.049712
-0.079859
-0.032853
-0.078493
-0.040591
-0.014960
-0.070639
-0.010702
0.020302
0.007681
0.028292
-0.010263
-0.004321
0.011646
-0.017075
0.003734
0.005009
-0.005199
0.000639
-0.016319
-0.016251
-0.002225
-0.016759
-0.012260
-0.014719
-0.015788
-0.005199
-0.006327
-0.004916
-0.002774
-0.011856
-0.012392
-0.010442
-0.010700
-0.014387
-0.016806
-0.017225
-0.023039
0.001005
0.007689
0.001619
0.000553
-0.019172
-0.028538
-0.040885
-0.040637
-0.005213
-0.014669
-0.014469
0.023966
0.025005
-0.018391
0.025368
0.038442
0.006269
0.078519
-0.075898
-0.111102
0.005530
0.024032
0.117263
0.094836
0.049181
0.123833
0.091670
-0.060103
-0.200265
-0.223534
-0.070098
0.044235
0.041801
0.049048
0.060734
0.046440
-0.097664
-0.253854
-0.308619
-0.364413
-0.232233
-0.103626
-0.036113
0.107452
0.087941
0.080364
0.185180
0.017216
-0.083973
-0.124652
-0.170378
0.036262
0.097266
0.125592
0.208746
0.135554
0.165790
0.141055
0.029386
0.055973
0.050973
0.076252
0.129343
0.093487
0.069130
0.011706
-0.033107
-0.021448
-0.059958
-0.048043
-0.041265
-0.049371
-0.014215
-0.011324
-0.006656
0.019555
0.006471
0.004497
0.009058
-0.006372
0.004078
-0.001950
-0.010310
0.003236
0.003979
0.009219
0.016661
0.007549
0.005986
0.004757
-0.000701
0.003514
0.007661
0.010632
0.012005
0.016907
0.017353
0.004013
0.002211
0.000806
0.004805
0.000615
-0.000905
0.013414
0.044503
0.036299
-0.051312
-0.037719
-0.014391
-0.003774
0.034634
0.024956
-0.012523
-0.031894
-0.019004
-0.028883
0.022344
0.106673
0.050298
-0.014962
-0.001717
-0.000028
0.036578
-0.042628
0.032356
0.221862
0.083011
0.004042
-0.025932
-0.225100
-0.109012
-0.043024
-0.201622
0.203905
0.176881
-0.152644
0.037805
-0.020169
0.027321
0.008629
-0.166296
-0.053952
0.103973
0.095052
0.043375
-0.036717
-0.086703
0.050713
0.059729
0.058279
0.093484
0.143118
0.209732
0.201464
0.146306
0.064788
0.014661
-0.076988
-0.117153
-0.110261
-0.091465
-0.061389
-0.017793
0.013164
0.028486
0.061603
0.024270
-0.007523
-0.029677
-0.052198
-0.062448
-0.062948
-0.048506
-0.038634
-0.030399
-0.031894
-0.025018
-0.021537
-0.017033
-0.024289
-0.026391
-0.014359
-0.002775
0.000909
-0.009388
-0.010797
-0.013902
-0.017928
-0.018168
-0.023850
-0.028338
-0.021723
-0.019160
-0.012786
-0.000850
-0.001331
-0.011062
-0.012762
-0.021412
-0.026367
-0.017882
-0.012055
-0.006990
-0.018271
-0.013200
-0.020985
-0.042663
0.001577
0.017437
-0.053329
-0.038158
-0.079477
-0.135447
-0.044194
0.031083
0.103526
0.050218
0.003575
-0.011775
-0.073926
-0.036055
-0.042759
-0.133866
-0.098808
-0.033053
0.136986
0.093536
-0.169339
-0.005522
0.088414
-0.062042
0.008227
-0.066707
-0.086851
0.346953
0.333683
0.121734
0.252588
0.198797
0.223905
0.220124
-0.015947
-0.021313
-0.094778
-0.204321
-0.200496
-0.220254
-0.244934
-0.178621
-0.087151
-0.023666
0.025734
-0.011742
-0.045072
-0.041981
0.002493
0.013278
0.083102
0.090748
0.066223
0.118247
0.101009
0.039312
0.035476
0.033695
0.013459
0.025916
-0.003984
-0.002959
0.016604
-0.033069
-0.031487
-0.019972
-0.024068
-0.009495
-0.025709
-0.035224
-0.019012
-0.021456
-0.026347
-0.016733
-0.034661
-0.027345
-0.030879
-0.035237
-0.025904
-0.026976
-0.028048
-0.021532
-0.016523
-0.017420
-0.009176
-0.009090
-0.000715
-0.003972
-0.007519
-0.014314
-0.012636
0.002867
0.002326
-0.006562
-0.013323
-0.006352
0.014078
0.021457
-0.009290
-0.038337
0.007619
0.035080
-0.026269
-0.082581
-0.103233
-0.016114
0.052916
0.003083
0.049948
-0.031727
-0.133043
0.036355
-0.067117
-0.054279
0.066056
-0.080330
0.073744
0.147551
0.002845
-0.085180
-0.123201
0.014816
-0.006322
-0.033369
0.011499
0.028701
0.280434
0.335728
0.051312
-0.016854
-0.057049
-0.005130
0.223933
0.044311
0.083190
0.202083
-0.021593
-0.055644
-0.137768
-0.307001
-0.252461
-0.172977
-0.025765
0.131492
-0.008820
-0.051340
-0.025074
-0.063096
0.043677
-0.004579
-0.027971
0.030997
-0.028283
-0.063118
-0.072846
-0.116289
-0.111057
-0.099961
-0.086364
-0.018593
-0.036300
-0.027249
0.003072
0.003924
0.036245
0.033675
0.016203
0.023437
0.016512
0.010438
0.019002
0.010330
0.013504
0.005768
-0.006438
0.011594
0.012278
0.013252
0.017569
0.008541
0.003792
-0.000201
-0.008547
-0.004327
0.002120
0.002152
0.007288
-0.003593
-0.011749
-0.002509
-0.008156
0.001026
0.007650
-0.008520
-0.003448
0.005499
0.018606
0.018047
-0.019884
-0.038459
-0.030871
-0.041570
-0.029806
-0.004760
0.024277
0.065133
0.024066
-0.030313
-0.039057
-0.003268
0.072844
0.057840
0.047184
0.064761
-0.063083
-0.119974
-0.025888
-0.014763
0.011319
0.053640
0.096008
0.087850
0.107406
0.116619
-0.036669
0.106296
0.241532
0.121950
0.114080
0.060169
-0.081796
-0.282518
-0.163605
-0.011123
-0.140620
-0.069496
0.034345
-0.010492
0.027470
-0.015482
-0.083290
0.070767
0.028635
0.005293
0.026129
-0.038425
-0.017462
-0.133712
-0.189262
-0.067881
-0.053795
-0.029542
0.040113
0.071272
0.124083
0.116946
0.047336
0.047697
0.005192
-0.032021
-0.036908
-0.051960
-0.019866
-0.013122
-0.021518
-0.007111
0.003535
-0.001967
0.000743
-0.009830
0.003497
0.007502
-0.004924
-0.002290
-0.006605
-0.012329
-0.013354
-0.021839
-0.018765
-0.013527
-0.011212
-0.007750
-0.008793
-0.002409
0.004809
0.001704
0.002334
0.009187
0.005771
0.002672
-0.002172
-0.008721
-0.018284
-0.018998
-0.006696
-0.001863
0.000730
0.013297
0.012555
-0.000426
-0.003509
-0.011081
-0.026043
-0.007040
0.006916
-0.004856
-0.001475
-0.013177
-0.027744
-0.028377
-0.026263
-0.021218
-0.016208
-0.003641
0.004959
0.009906
0.024013
0.016687
0.008565
0.020578
0.013318
0.001620
-0.000240
0.001866
-0.000571
-0.001351
-0.000790
-0.004917
-0.001245
0.001662
-0.000904
0.006102
0.012566
0.010937
0.009619
0.003973
-0.002131
-0.004627
-0.008552
-0.005576
-0.003465
-0.000294
-0.000534
-0.001713
0.002264
0.001130
0.000511
0.002202
0.004772
0.004521
0.004212
0.002086
0.001864
-0.000170
-0.001249
-0.002019
-0.001146
0.000092
0.001390
0.001122
0.001938
0.002002
0.002200
0.001409
0.001203
0.000689
0.000494
0.000182
0.000060
-0.000026
0.000040
0.000266
0.000693
0.000605
0.000553
0.001047
0.001141
0.000863
0.000686
0.000183
-0.000122
0.000653
0.000921
0.000531
0.000774
0.000555
0.000169
0.000804
0.000832
0.000242
0.000635
0.000979
0.000752
0.000869
0.001107
0.000866
0.000728
0.000552
-0.000270
-0.000631
-0.000659
-0.000629
-0.000241
-0.000006
0.000010
-0.000141
-0.000296
-0.000521
-0.000407
-0.000088
0.000297
0.000441
0.000537
0.000276