0.068960
0.039947
-0.024493
-0.092260
-0.129935
-0.115570
-0.047106
0.056813
0.163932
0.240676
0.264943
0.234521
0.167905
0.097201
0.055843
0.065791
0.129122
0.227214
0.327832
0.397428
0.413929
0.375154
0.299628
0.219496
0.168226
0.167819
0.220393
0.307366
0.396551
0.454441
0.459012
0.408128
0.320364
0.227911
0.164288
0.151543
0.191843
0.266655
0.343839
0.389938
0.382970
0.320849
0.222192
0.119233
0.045533
0.023180
0.054378
0.120631
0.189832
0.228556
0.214850
0.146654
0.042610
-0.065027
-0.142679
-0.168240
-0.139495
-0.074930
-0.006645
0.031938
0.018868
-0.047920
-0.149788
-0.254489
-0.328457
-0.349601
-0.315724
-0.245330
-0.170545
-0.124815
-0.130119
-0.188553
-0.281511
-0.376784
-0.440840
-0.451630
-0.406994
-0.325483
-0.239263
-0.181828
-0.175202
-0.221527
-0.302247
-0.385199
-0.436902
-0.435354
-0.378444
-0.284772
-0.186552
-0.117324
-0.099160
-0.134248
-0.204075
-0.276521
-0.318147
-0.306990
-0.240979
-0.138748
-0.032545
0.044058
0.068960
0.039947
-0.024493
-0.092260
-0.129935
-0.115570
-0.047106
0.056813
0.163932
0.240676
0.264943
0.234521
0.167905
0.097201
0.055843
0.065791
0.129122
0.227214
0.327832
0.397428
0.413929
0.375154
0.299628
0.219496
0.168226
0.167819
0.220393
0.307366
0.396551
0.454441
0.459012
0.408128
0.320364
0.227911
0.164288
0.151543
0.191843
0.266655
0.343839
0.389938
0.382970
0.320849
0.222192
0.119233
0.045533
0.023180
0.054378
0.120631
0.189832
0.228556
0.214850
0.146654
0.042610
-0.065027
-0.142679
-0.168240
-0.139495
-0.074930
-0.006645
0.031938
0.018868
-0.047920
-0.149788
-0.254489
-0.328457
-0.349601
-0.315724
-0.245330
-0.170545
-0.124815
-0.130119
-0.188553
-0.281511
-0.376784
-0.440840
-0.451630
-0.406994
-0.325483
-0.239263
-0.181828
-0.175202
-0.221527
-0.302247
-0.385199
-0.436902
-0.435354
-0.378444
-0.284772
-0.186552
-0.117324
-0.099160
-0.134248
-0.204075
-0.276521
-0.318147
-0.306990
-0.240979
-0.138748
-0.032545
0.044058
1.492323
1.757187
1.580542
1.029483
0.313211
-0.296864
-0.570790
-0.407889
0.124799
0.818144
1.400827
1.643003
1.444122
0.871364
0.134018
-0.496424
-0.789929
-0.645743
-0.130831
0.545746
1.112737
1.340359
1.128117
0.543245
-0.204919
-0.844843
-1.146454
-1.008966
-0.499320
0.173446
0.738096
0.964854
0.753230
0.170457
-0.574138
-1.209035
-1.504182
-1.358819
-0.839917
-0.156550
0.420002
0.659918
0.462656
-0.104609
-0.832610
-1.449893
-1.726476
-1.561671
-1.022526
-0.318196
0.279957
0.542027
0.367384
-0.176886
-0.881607
-1.475416
-1.728425
-1.540038
-0.977396
-0.249748
0.371454
0.656211
0.503805
-0.018767
-0.702414
-1.275856
-1.509285
-1.302184
-0.721766
0.022649
0.659543
0.958855
0.819810
0.309352
-0.363477
-0.927438
-1.152761
-0.938960
-0.353277
0.394949
1.034185
1.334360
1.194696
0.682140
0.005743
-0.563245
-0.795032
-0.589107
-0.012680
0.724946
1.352279
1.639296
1.485270
0.957206
0.264214
-0.322387
-0.572739
-0.386256
0.169929
0.886592
1.492323
1.757187
1.580542
1.029483
0.313211
-0.296864
-0.570790
-0.407889
0.124799
0.818144
1.400827
1.643003
1.444122
0.871364
0.134018
-0.496424
-0.789929
-0.645743
-0.130831
0.545746
1.112737
1.340359
1.128117
0.543245
-0.204919
-0.844843
-1.146454
-1.008966
-0.499320
0.173446
0.738096
0.964854
0.753230
0.170457
-0.574138
-1.209035
-1.504182
-1.358819
-0.839917
-0.156550
0.420002
0.659918
0.462656
-0.104609
-0.832610
-1.449893
-1.726476
-1.561671
-1.022526
-0.318196
0.279957
0.542027
0.367384
-0.176886
-0.881607
-1.475416
-1.728425
-1.540038
-0.977396
-0.249748
0.371454
0.656211
0.503805
-0.018767
-0.702414
-1.275856
-1.509285
-1.302184
-0.721766
0.022649
0.659543
0.958855
0.819810
0.309352
-0.363477
-0.927438
-1.152761
-0.938960
-0.353277
0.394949
1.034185
1.334360
1.194696
0.682140
0.005743
-0.563245
-0.795032
-0.589107
-0.012680
0.724946
1.352279
1.639296
1.485270
0.957206
0.264214
-0.322387
-0.572739
-0.386256
0.169929
0.886592