0.000177
-0.000863
-0.001389
-0.002195
-0.009463
-0.015451
-0.011293
-0.010757
-0.007845
-0.002814
-0.007583
-0.012088
-0.013312
-0.011309
-0.006824
-0.002882
0.010290
-0.003286
-0.027837
0.004173
0.008149
-0.014841
0.000183
-0.009290
-0.019772
0.004662
0.039063
0.040833
0.028277
0.020455
-0.020274
-0.044021
-0.039738
-0.041036
-0.024113
-0.003429
-0.003934
0.065270
0.064370
-0.009884
-0.008972
-0.114498
-0.104806
0.039514
0.009570
0.012205
0.110027
0.027602
-0.089098
-0.063416
-0.117491
-0.134845
-0.113870
-0.068027
0.003059
-0.026040
0.064333
0.066829
-0.076859
-0.059821
-0.080044
-0.102628
-0.024339
0.054471
0.107236
0.076426
0.085397
0.120629
0.063336
0.038462
0.034796
0.016420
0.020625
0.035005
0.004785
-0.010702
0.012538
-0.012738
-0.028572
-0.015044
0.010587
0.015325
0.011833
0.016303
0.021220
0.007871
-0.001021
0.004472
0.012500
0.007881
-0.003509
-0.008701
-0.009484
-0.012416
-0.011376
-0.002987
0.008083
0.019259
0.015664
0.014021
0.013291
0.010813
0.010828
0.007068
0.004874
0.003572
-0.004258
-0.002353
0.002303
0.001712
0.003485
0.000916
0.001665
0.006774
-0.004851
-0.009505
-0.005405
-0.009592
0.010181
0.020373
0.027106
0.031185
0.006698
0.008170
-0.003654
-0.015293
-0.002158
-0.001143
0.039981
0.043095
0.000280
0.017670
0.038551
-0.001265
-0.016515
0.027792
-0.021075
0.016937
0.141575
0.064741
0.018617
-0.018266
-0.095038
-0.109154
-0.130899
-0.003550
0.090753
0.013470
0.024543
0.096852
0.020285
-0.063356
-0.079345
-0.165606
-0.193630
-0.078204
0.062493
0.106835
0.070915
0.127887
0.124287
0.060374
0.097029
0.053252
0.016363
0.020066
0.037132
0.083871
0.038922
-0.027128
-0.038731
-0.015066
-0.067631
-0.055467
0.019367
0.006235
0.014523
0.037531
0.050546
0.013522
-0.002385
-0.001093
-0.043797
-0.044430
-0.031184
-0.029301
-0.030983
-0.029330
-0.024255
-0.020895
-0.013589
-0.011568
-0.008075
-0.008299
-0.013830
-0.009182
-0.005475
-0.007078
-0.007431
-0.009156
-0.014701
-0.018430
-0.017724
-0.019350
-0.019271
-0.020162
-0.019387
-0.009040
-0.008339
-0.011508
-0.009315
-0.004841
-0.004357
-0.013643
-0.012651
-0.019760
-0.016396
-0.005110
-0.007231
0.010015
0.000694
-0.003814
0.010960
-0.013173
-0.024782
-0.037108
-0.027343
-0.009537
-0.031539
-0.000209
0.023633
0.027379
0.066598
0.083161
0.084685
0.049003
0.002012
-0.007375
-0.006180
-0.000948
0.002334
-0.050753
-0.105975
-0.082646
-0.055943
-0.014977
-0.013852
0.017875
0.017503
-0.060892
0.044128
-0.009519
-0.117699
-0.075961
-0.116785
-0.144998
-0.157235
-0.083402
-0.087303
-0.048681
0.075489
0.050554
0.030822
0.090725
0.133572
0.085953
0.092567
0.081806
0.040739
0.015631
0.008336
0.049721
0.030641
0.032148
0.052756
0.050199
0.041853
0.041029
0.029637
0.000872
-0.003139
0.004938
-0.015531
-0.012585
0.015493
-0.003253
-0.028628
-0.022241
-0.024383
-0.028645
-0.015602
-0.003318
0.003887
0.005411
-0.001624
-0.009706
-0.008168
-0.008156
-0.010219
-0.013022
-0.009835
-0.010579
-0.009453
-0.007355
-0.004478
0.003956
-0.001175
-0.005061
-0.005932
-0.006324
-0.010756
-0.012963
0.003554
-0.005872
-0.015185
0.005619
-0.009016
-0.021998
0.010454
0.009556
-0.004335
0.017139
0.010623
-0.008047
-0.011856
-0.020597
0.001521
0.000660
-0.027693
0.038632
-0.015455
-0.079186
0.034515
-0.008321
-0.068277
-0.061575
-0.105683
-0.088296
-0.012855
0.030770
0.059516
0.042417
-0.005718
-0.004927
-0.029098
-0.023806
-0.061288
-0.037422
0.015155
-0.079424
-0.060708
-0.042214
-0.145102
-0.118502
-0.037698
-0.031228
0.031680
0.070770
0.052084
0.056035
-0.003560
-0.039933
0.004778
-0.041162
-0.022672
0.041375
0.027123
0.012112
-0.005759
0.036323
0.020107
-0.000307
0.045152
0.034298
0.012914
0.056978
0.052952
0.038827
0.054137
0.033804
0.044970
0.044567
0.028576
0.020648
0.003688
0.014623
0.027270
0.021711
0.025829
0.022800
0.015327
0.013641
0.009814
0.013012
0.014149
0.009465
0.013817
0.010178
0.012224
0.017213
0.011794
0.011934
0.013799
0.009330
0.006514
0.007483
0.003115
0.009134
0.009267
0.003661
0.012439
0.010648
0.003719
0.007139
0.018196
0.019338
0.004696
0.013195
0.005511
-0.013627
0.021071
0.025584
0.001299
0.039855
0.022004
-0.005761
0.026129
-0.055076
-0.060834
-0.014451
-0.063975
0.050640
0.106485
0.033767
0.054573
-0.023982
-0.046535
-0.048023
-0.059759
0.083610
0.060821
0.134236
0.242443
0.067616
0.020697
0.034270
-0.003766
0.013067
0.036346
0.071372
0.029595
-0.003897
0.092012
-0.011368
-0.080999
-0.021751
-0.095792
0.004683
0.006766
0.015644
0.073660
-0.007083
0.065563
0.002883
-0.054376
0.000165
-0.058470
-0.015821
-0.012607
-0.064551
-0.020071
-0.033932
-0.034439
-0.006552
-0.055806
-0.049559
-0.050623
-0.071392
-0.013459
-0.008680
-0.034290
-0.016222
-0.024926
-0.016434
-0.011157
-0.019530
0.001946
-0.016983
-0.021951
-0.010898
-0.015852
-0.002537
-0.003101
-0.014300
-0.001848
-0.007045
-0.014690
-0.010233
-0.009219
-0.002895
-0.002751
-0.006792
-0.004687
-0.007401
-0.011226
-0.008433
-0.008654
-0.002613
-0.009132
-0.019850
-0.027520
-0.032592
-0.012986
-0.006729
-0.002437
0.007050
-0.007189
-0.013320
-0.024519
-0.028655
-0.020629
-0.028043
-0.011949
0.011355
0.005563
-0.004937
0.026999
0.016445
-0.005038
0.032004
-0.049248
-0.055339
0.009844
0.011693
0.069800
0.049392
0.046786
0.047974
0.020828
-0.004304
-0.092068
-0.086929
-0.043846
-0.015836
0.041475
0.051799
0.022080
0.002873
-0.059702
-0.114953
-0.165531
-0.216847
-0.152331
-0.088856
-0.048678
0.030156
0.004582
0.009434
0.048672
-0.018828
-0.044583
-0.085352
-0.094368
-0.001664
0.026267
0.085326
0.095202
0.055895
0.098851
0.051892
0.041386
0.065008
0.027468
0.054608
0.084331
0.095106
0.093000
0.036075
0.018620
0.002222
-0.029294
-0.007586
-0.011354
-0.018753
0.005632
0.002514
0.006292
0.013013
0.009012
0.012306
0.003316
0.003518
0.004858
-0.003319
0.000971
0.001506
0.002048
0.009185
0.005567
0.004694
0.005297
-0.001725
-0.002487
0.001276
0.005023
0.008426
0.005979
0.009078
0.012178
0.005945
0.005939
0.002900
-0.001437
-0.002435
0.000823
0.006514
0.018481
0.017936
-0.007521
0.006352
0.002728
-0.003160
0.025365
0.012229
-0.017689
-0.026911
-0.003104
-0.008918
0.028562
0.086196
0.023759
-0.003072
0.014254
-0.002543
-0.002015
-0.016205
0.033306
0.067591
0.006754
0.060148
0.023458
-0.109628
-0.038930
-0.041128
-0.108699
0.085991
0.050305
-0.071046
0.053661
0.001912
-0.005083
-0.022217
-0.035812
-0.038454
-0.038492
0.109282
0.031763
-0.030653
0.004871
-0.019314
-0.004064
0.054752
0.086433
0.071402
0.093253
0.095141
0.116065
0.093827
0.018239
-0.011245
-0.022382
-0.042033
-0.045351
-0.019738
0.001286
0.003684
0.021056
0.028591
0.011180
0.005631
-0.010241
-0.023626
-0.034363
-0.029934
-0.013496
-0.021748
-0.028785
-0.024401
-0.027243
-0.034376
-0.028603
-0.023967
-0.023896
-0.017556
-0.012099
-0.007314
-0.003619
-0.002577
-0.007329
-0.019419
-0.021207
-0.023690
-0.025323
-0.021420
-0.020932
-0.015709
-0.014472
-0.013105
-0.013665
-0.014886
-0.015857
-0.018505
-0.012599
-0.010792
-0.012037
-0.018340
-0.016176
-0.022608
-0.026997
0.007084
0.001339
-0.026442
-0.011961
-0.055008
-0.084869
-0.023429
0.004111
0.014535
-0.000804
0.006613
-0.015649
-0.056136
0.007266
-0.035914
-0.098995
-0.063838
-0.029487
0.052000
0.018817
-0.047906
0.031957
-0.042603
-0.083441
0.045526
-0.033113
-0.065738
0.163732
0.178553
0.073486
0.184878
0.163264
0.099324
0.123740
0.113351
0.017802
-0.091486
-0.040201
-0.076207
-0.108653
-0.070748
-0.118949
-0.078673
-0.029885
-0.018387
0.001193
-0.024467
-0.041149
-0.011601
0.015023
0.016846
0.042678
0.049013
0.045221
0.025990
0.019001
0.024280
0.008929
-0.005866
0.008541
0.025537
0.018054
0.009470
0.010671
0.011446
-0.011349
0.002027
0.006456
-0.012741
-0.008407
-0.007732
-0.021171
-0.022001
-0.021267
-0.024001
-0.022427
-0.031195
-0.031540
-0.025831
-0.028998
-0.025826
-0.018271
-0.011452
-0.004628
-0.005981
-0.004245
-0.005367
-0.006723
-0.005666
-0.006217
-0.007082
-0.004930
-0.005359
-0.007473
-0.011641
-0.014747
-0.014256
-0.013336
-0.019855
-0.027679
-0.004200
-0.000753
-0.018753
-0.020800
-0.039177
-0.024542
-0.000672
0.000627
0.027715
-0.043636
-0.066287
0.016013
-0.055228
-0.007490
0.043497
-0.054005
0.036070
0.063421
0.019798
-0.029208
-0.050597
0.000344
-0.084957
-0.001816
0.039728
-0.031812
0.147630
0.160927
0.026486
0.038545
-0.004609
-0.002578
0.103653
0.081707
0.098921
0.082947
-0.015453
0.025449
-0.023733
-0.115386
-0.148335
-0.112560
-0.016333
-0.002224
0.021564
0.030477
-0.063043
-0.051233
0.028929
-0.034234
-0.022717
0.009209
-0.034997
-0.032533
-0.043378
-0.058697
-0.077530
-0.101159
-0.074038
-0.039462
-0.034204
-0.023468
-0.021672
-0.016456
0.003200
0.002538
0.010182
0.012830
0.006215
0.004555
-0.008340
-0.005813
0.002171
-0.005618
-0.002781
0.002254
-0.001349
-0.001159
0.002378
0.003871
0.008379
0.011091
0.009440
0.009398
0.007220
0.004972
0.002645
0.001911
0.004489
0.004477
-0.003217
-0.001377
-0.000547
-0.007644
-0.008344
-0.007983
0.002524
0.002811
-0.011257
-0.014565
-0.019466
-0.022632
-0.006225
0.002420
-0.002766
0.010681
0.001025
-0.011384
-0.002640
0.009777
0.032737
0.019782
0.030328
0.025546
-0.053293
-0.038135
0.006248
-0.013482
0.015462
0.049914
0.043734
0.021272
0.076595
0.089088
-0.022918
0.080078
0.131668
0.040891
0.108493
0.098688
-0.036002
-0.136951
-0.019823
-0.019119
-0.138083
0.037335
0.035109
-0.082505
0.026825
0.043461
-0.054668
-0.026002
0.030837
0.005325
-0.015144
0.009691
0.008380
-0.098593
-0.095980
-0.056025
-0.076717
-0.022004
0.003243
0.023798
0.053356
0.032874
0.035326
0.033821
0.007680
0.002861
-0.014264
-0.021770
-0.006211
-0.011005
-0.019108
-0.005801
-0.005514
-0.008891
-0.013160
-0.009913
-0.000357
0.000476
0.001055
0.002785
0.002065
0.002551
-0.009499
-0.016128
-0.007752
-0.012394
-0.011358
-0.008204
-0.008856
-0.004553
-0.002024
-0.001155
0.000387
0.003339
0.000879
-0.007753
-0.007757
-0.008013
-0.012349
-0.011116
-0.003972
-0.004721
-0.002592
0.008473
0.003064
-0.006003
-0.003609
-0.007610
-0.016637
-0.004316
0.001411
-0.011978
-0.011605
-0.009678
-0.013132
-0.011676
-0.003728
-0.004265
-0.009320
0.000597
0.002070
-0.001550
0.004210
0.003483
-0.000491
0.002122
0.004480
0.001085
-0.000127
-0.001994
-0.002588
0.001414
0.004350
0.005832
0.006703
0.007245
0.002818
-0.001325
-0.000186
-0.001934
-0.002074
0.000459
0.003286
0.003539
0.002845
0.002759
0.001491
0.000187
-0.001016
-0.000311
-0.000185
0.000664
0.000930
0.000979
0.001233
0.001672
0.001226
0.001122
0.001032
0.000968
0.000547
0.000918
0.001248
0.001551
0.001432
0.001323
0.000807
0.000585
0.000394
0.000254
0.000315
0.000457
0.000424
0.000366
0.000456
0.000538
0.000639
0.000878
0.001160
0.001142
0.000867
0.000665
0.000394
0.000317
0.000795
0.001249
0.001313
0.001315
0.001020
0.000506
0.000424
0.000428
0.000334
0.000510
0.000796
0.000928
0.001021
0.001003
0.000576
0.000110
-0.000032
-0.000126
0.000049
0.000384
0.000380
0.000238
0.000191
0.000068
-0.000132
-0.000037
0.000015
0.000016
0.000058
0.000120
0.000072
-0.046619
-0.030178
-0.012404
0.018973
0.026136
0.063077
0.014405
-0.072017
0.054896
0.025404
-0.049920
-0.028678
-0.083015
-0.025335
0.103941
0.193704
0.071126
0.093219
0.085797
-0.141481
-0.116896
-0.163993
-0.213002
-0.000832
0.134720
0.104841
0.378076
0.224111
-0.236043
-0.179371
-0.603177
-0.333145
0.433953
0.150077
-0.056766
0.431755
0.205191
-0.345106
-0.104802
-0.698704
-0.593645
0.191417
-0.040127
0.056735
0.325663
0.291566
-0.008660
-0.166916
-0.364920
-0.344808
0.029710
-0.123577
0.338247
0.391083
0.065172
0.673181
0.339186
-0.185246
0.058137
-0.197463
-0.112487
0.216556
0.071501
-0.055115
0.019945
-0.030746
-0.094644
0.056545
-0.039221
0.043118
0.092497
-0.019448
-0.002456
-0.078221
-0.117452
0.017865
0.042819
-0.006400
0.010451
0.023176
0.020270
0.032033
-0.007961
-0.002009
0.022044
0.005325
-0.006403
-0.004581
-0.005233
0.000058
0.012435
-0.001187
0.011153
0.005094
-0.002822
-0.006786
0.017580
0.028859
-0.001009
-0.016680
-0.029529
0.000604
0.022700
-0.024746
-0.024414
0.002562
0.009218
0.039828
0.015819
0.042923
0.032360
-0.032936
0.019728
-0.031374
-0.028116
-0.008171
-0.037833
0.154114
0.116888
-0.066681
-0.046534
0.105192
0.037833
-0.083062
0.113976
-0.121257
0.132328
0.584901
-0.078097
-0.153549
-0.168635
-0.398980
-0.196564
-0.208133
-0.032000
0.303634
0.424480
0.092331
0.205390
0.041473
-0.531329
-0.372432
-0.785051
-0.611086
0.520553
0.507766
0.194476
0.340203
0.354251
0.331762
0.471027
-0.045052
-0.588208
-0.129603
0.056632
0.311618
0.285186
-0.211422
0.037065
0.017271
-0.004594
-0.115823
-0.160901
0.012075
-0.028044
0.093783
0.051773
0.015444
-0.180664
-0.061308
-0.029824
-0.230334
0.075667
0.008296
-0.056444
0.022648
-0.019616
-0.026414
-0.006512
-0.024895
-0.096402
-0.040468
-0.072273
-0.034361
0.035539
-0.026614
-0.008114
0.009557
-0.028755
-0.026487
0.003818
-0.034996
-0.029083
-0.015998
-0.035637
-0.004341
0.007676
-0.008698
0.002944
-0.005426
0.003570
0.021837
-0.040395
-0.048168
-0.045396
0.002338
0.041110
0.000851
0.037704
-0.028014
-0.031450
0.002040
-0.073574
-0.068423
-0.107955
0.035492
0.123522
0.007815
0.070376
0.029668
0.109614
0.197534
0.111136
0.143878
0.034381
-0.033023
-0.091995
-0.021455
0.080290
-0.042399
-0.201660
-0.292685
-0.079088
0.022848
0.029593
-0.093171
0.072421
0.134036
-0.147915
0.232438
-0.358647
-0.645529
-0.213518
-0.175107
-0.050415
-0.244591
0.002391
-0.256551
0.257308
0.638245
-0.054630
0.216904
0.225838
0.179823
0.065312
0.049817
-0.042651
0.031265
0.245947
0.044807
0.151205
0.001105
0.155803
0.320721
0.197527
0.053785
-0.046950
-0.125149
-0.293950
-0.097326
-0.039119
-0.056487
0.107231
0.054914
-0.063615
-0.032441
-0.001443
-0.076236
-0.037414
-0.024843
-0.049144
-0.040356
-0.049608
-0.021314
0.002449
0.014887
-0.005221
-0.001032
-0.015231
-0.018954
-0.015805
-0.011904
-0.013770
-0.006685
-0.014916
-0.046210
-0.027670
-0.014823
0.008706
0.003435
0.002667
0.063346
0.014724
-0.034235
0.032198
-0.026895
-0.071772
0.049894
-0.007418
-0.061717
0.054769
-0.015682
-0.081454
0.007893
-0.066450
-0.021627
0.128951
-0.061430
0.137805
-0.006336
-0.285418
0.158045
-0.030234
-0.284302
-0.212692
-0.272185
-0.224570
0.335254
0.318094
-0.097169
0.312129
0.106467
-0.127711
0.025437
-0.302290
-0.510048
0.093959
0.208975
-0.132231
0.117255
-0.348863
-0.456969
0.016258
-0.045655
0.034735
0.366448
0.321945
-0.016155
0.012739
-0.105409
-0.274122
0.009106
-0.091295
0.050834
0.343861
0.165209
-0.001325
0.095129
0.160975
-0.079842
0.156352
0.024870
-0.188223
0.133536
0.119568
0.067462
0.107066
0.047913
0.108487
0.192183
0.019364
-0.003861
-0.013887
-0.059913
0.108412
0.044909
-0.013782
0.027942
0.006466
0.027521
0.037602
0.030695
-0.020106
-0.023777
-0.016458
0.000623
0.002049
0.003129
0.000794
-0.003651
0.005512
-0.000708
0.006657
0.001280
0.012046
0.006627
0.016637
0.015826
-0.010145
0.018579
0.016075
-0.018153
-0.023042
0.016606
0.012580
-0.042986
0.009636
-0.016612
-0.036604
0.123975
0.068339
-0.051091
0.120293
0.011264
-0.079857
0.095336
-0.280077
-0.267607
0.051609
-0.140276
0.219282
0.401143
0.019898
0.070116
-0.066580
-0.218778
-0.242000
-0.067886
0.143956
0.159092
0.789322
0.575853
0.019505
-0.118930
-0.383638
0.035118
-0.019594
0.034140
0.230594
-0.101151
0.251201
0.359562
-0.471266
-0.314899
-0.034986
-0.316405
0.373049
-0.012420
-0.191688
0.094948
0.023609
0.390249
-0.188272
-0.229331
-0.212936
-0.141300
0.155453
-0.212988
0.068598
-0.006018
-0.030518
0.096903
-0.247549
-0.183054
-0.103254
-0.133405
0.030278
-0.017290
-0.131929
-0.056027
-0.042045
0.035752
0.088297
-0.025059
0.000338
-0.029130
-0.089702
0.072951
0.025122
-0.004636
0.037377
-0.046362
-0.004003
0.028368
-0.029083
0.002470
0.008558
-0.010097
-0.003493
-0.011953
-0.016858
-0.002751
-0.010097
-0.017140
-0.001407
0.005476
-0.005641
-0.026277
-0.012976
-0.040518
-0.023114
0.053217
0.019267
0.015637
0.016259
-0.057641
-0.040754
-0.060017
-0.074824
-0.021419
-0.009795
0.058068
0.104536
0.051398
-0.063694
0.046359
0.024377
-0.038538
0.180505
-0.222899
-0.178405
0.155521
0.047905
0.216782
0.104531
0.090370
0.107669
0.254026
-0.123221
-0.650720
-0.219697
-0.108159
0.258468
0.368861
-0.067571
0.053441
0.111820
-0.194435
-0.454646
-0.655726
-0.694464
-0.145912
0.142266
0.063299
0.278253
0.122183
0.158080
0.322797
-0.155180
-0.433940
-0.378452
-0.213403
0.122168
0.342546
0.365346
0.209149
0.351050
0.356560
0.074795
0.109965
-0.205846
-0.093486
0.254191
0.178967
0.289637
0.052610
-0.112453
0.077899
-0.037605
-0.049621
0.006899
-0.106727
-0.046169
0.052968
0.004407
-0.025731
-0.023978
-0.034471
-0.038131
0.018077
0.016445
-0.024688
0.013830
0.000426
-0.002951
0.027421
-0.005946
-0.017798
0.007847
-0.021960
-0.009964
0.018067
-0.001750
0.023044
0.016624
-0.012310
0.011761
0.008381
-0.012664
-0.003253
-0.020108
-0.008139
0.008444
0.023720
0.034339
0.067711
0.043213
-0.105093
-0.033954
-0.042736
-0.039918
0.089666
0.017732
-0.043507
-0.030871
0.072876
-0.071508
0.053302
0.215468
-0.122981
-0.012573
0.057574
-0.066833
0.030249
-0.084238
0.059001
0.326319
0.190510
0.138638
-0.177036
-0.545229
-0.145039
0.001170
-0.308034
0.473906
0.338155
-0.390517
0.244642
0.052263
-0.274755
-0.110398
-0.043951
-0.457549
0.286420
0.781283
-0.503976
0.087183
-0.078362
-0.251500
0.603109
0.054902
-0.131104
0.158853
0.386279
0.347077
0.341865
-0.148887
-0.317074
0.065059
-0.200379
-0.124837
-0.016306
-0.082343
0.104606
0.160869
0.070648
0.073317
-0.010458
-0.175342
-0.145887
-0.154045
-0.177361
-0.031302
-0.019296
-0.071285
0.053998
0.030494
-0.037160
-0.007693
-0.055672
-0.080723
-0.060855
-0.046672
-0.030127
-0.011323
-0.021569
-0.018114
-0.021984
-0.032992
-0.003918
-0.022114
-0.027404
-0.019734
-0.023502
-0.017300
-0.009840
-0.021073
-0.028741
-0.011366
-0.033561
-0.025858
0.002586
0.001775
0.002932
-0.026181
-0.011971
-0.036968
-0.045169
0.061954
0.000673
-0.116697
-0.021163
-0.172151
-0.236571
0.080712
0.125352
0.109792
0.070746
0.061175
-0.098562
-0.105027
0.063855
-0.330945
-0.235329
-0.028214
0.067140
0.472242
0.036405
-0.373045
0.024785
0.054392
0.002702
0.153911
-0.324163
-0.304465
0.929010
0.736645
-0.158747
0.495907
0.212559
-0.036160
0.591593
-0.026252
-0.718999
-0.059401
0.185104
-0.472690
-0.013372
-0.285935
-0.517780
0.466917
0.037422
-0.089558
0.075282
-0.398337
-0.190890
0.075200
-0.091981
-0.016950
0.261089
-0.003569
0.197137
0.351195
-0.009069
0.038588
0.049386
-0.096903
0.102373
0.090699
-0.153053
0.028964
0.006055
-0.114254
0.028732
0.038814
-0.089465
-0.014848
-0.022657
-0.104832
-0.009626
-0.064575
-0.080740
-0.014700
-0.071419
-0.030773
0.004455
-0.045506
-0.025536
0.000953
-0.029098
-0.011579
-0.013953
-0.040351
-0.020341
-0.031358
-0.020547
-0.001731
-0.010632
-0.012768
0.011829
-0.003860
-0.002854
-0.017490
-0.023062
0.007641
0.025281
0.010150
-0.052019
0.040529
0.045549
-0.064467
-0.106684
-0.164120
-0.016012
0.107714
0.062402
0.091505
-0.172402
-0.128873
0.188444
-0.180672
-0.020139
0.072702
-0.221585
0.283430
0.330013
-0.031406
-0.412016
-0.130713
0.069844
-0.228297
0.432534
-0.143093
-0.160244
0.936304
0.374737
-0.047447
-0.107071
-0.302589
0.024170
0.522369
0.094724
-0.155756
0.328674
0.142990
0.033917
-0.187677
-0.748734
-0.676187
0.163939
0.260970
0.111231
0.272046
-0.343618
-0.243153
0.197056
-0.083788
-0.216129
-0.053293
-0.106935
0.041786
0.110733
-0.158860
-0.151068
-0.279821
-0.120331
0.122447
-0.016785
-0.045449
-0.070627
-0.049185
0.026730
0.070128
0.011892
-0.023829
-0.034839
0.000505
0.053325
0.032771
0.058054
0.034955
0.021490
0.054623
0.024635
0.005406
0.016588
0.026762
0.028183
0.016972
0.009653
0.008110
0.004553
0.009175
-0.001221
0.008294
0.011496
-0.006214
0.000334
-0.014386
0.009686
0.013238
-0.006317
-0.002783
-0.004299
0.044436
0.043625
-0.025072
-0.066275
-0.063244
-0.056446
-0.011804
0.020748
-0.000059
0.087645
0.066138
-0.036388
-0.052111
-0.000118
0.065769
0.034007
0.138776
0.059036
-0.175159
-0.067070
-0.012325
-0.052768
0.048968
0.137053
0.146349
0.084777
0.305917
0.107481
-0.351393
0.316007
0.337014
0.040425
0.354620
-0.003889
-0.378864
-0.462989
0.157710
-0.117890
-0.400004
0.406527
-0.098527
-0.055856
0.356808
-0.164287
-0.448378
-0.012376
0.212545
-0.189849
0.078500
0.071645
-0.259527
-0.188978
-0.085277
-0.153883
-0.017617
0.106624
0.014705
0.231616
0.099472
0.081559
0.133124
-0.162779
-0.098702
-0.055662
-0.107183
0.006048
0.027440
0.014810
0.071553
0.081199
0.000220
0.002131
-0.038180
-0.036643
-0.033594
-0.046250
-0.013569
0.006204
0.007936
0.000106
-0.006473
0.005314
-0.003038
-0.021154
-0.001895
-0.006112
-0.014141
-0.012159
-0.003808
0.000393
0.001331
0.006075
0.002834
0.002711
0.011609
-0.003992
-0.017244
-0.004005
-0.000334
-0.015511
-0.003383
0.018876
0.006720
-0.008876
-0.006376
-0.020559
-0.031034
0.016951
0.007097
-0.025158
0.020280
0.004564
-0.023105
-0.004837
-0.034155
-0.073408
-0.037305
0.019585
0.006766
0.024045
0.029633
0.000083
0.031950
0.028053
0.001705
0.017922
0.005071
-0.002582
0.020277
0.020834
0.009457
-0.008357
-0.014392
-0.007413
-0.003865
0.003638
0.008399
0.019094
0.017786
0.005801
0.007449
0.003227
-0.005659
-0.012782
-0.013482
-0.000086
0.000147
-0.002978
0.000449
0.001594
0.000998
0.001102
0.002092
0.005938
0.006508
0.003200
0.003458
0.002001
0.002453
0.000325
-0.001428
-0.001793
-0.001431
-0.001508
0.000109
0.002211
0.002708
0.001891
0.002108
0.000927
0.000771
0.000369
0.000066
-0.000118
-0.000165
-0.000456
-0.000444
-0.000238
0.000359
0.000538
0.000705
0.001423
0.001768
0.001022
0.000624
-0.000020
-0.000987
-0.000422
0.000699
0.000639
0.001078
0.001166
0.000226
0.000347
0.000198
-0.001055
-0.000911
0.000591
0.001573
0.002038
0.001783
0.000448
-0.001164
-0.001420
-0.001056
-0.000491
-0.000292
-0.000724
-0.000887
-0.000983
-0.000970
-0.000806
-0.000654
-0.000479
-0.000510
-0.000441
0.000198
0.000314
0.000290
0.000178
0.000014
-0.000081
-0.000117
-0.000036