0.340651
0.414377
0.473722
0.518265
0.548859
0.566686
0.572466
0.566127
0.547067
0.514875
0.470203
0.415390
0.354545
0.292982
0.236162
0.188481
0.152309
0.127623
0.112343
0.103231
0.097032
0.091429
0.085502
0.079536
0.074322
0.070251
0.066604
0.061346
0.051533
0.034206
0.007438
-0.028866
-0.072728
-0.120520
-0.167923
-0.211074
-0.247501
-0.276518
-0.298949
-0.316336
-0.329930
-0.339889
-0.344995
-0.343008
-0.331528
-0.309036
-0.275711
-0.233712
-0.186789
-0.139381
-0.095500
-0.057834
-0.027366
-0.003632
0.014497
0.027855
0.036229
0.038126
0.031184
0.013063
-0.017484
-0.059803
-0.111085
-0.166806
-0.221704
-0.270979
-0.311288
-0.341210
-0.361062
-0.372169
-0.375922
-0.373004
-0.363107
-0.345244
-0.318528
-0.283099
-0.240789
-0.195231
-0.151305
-0.114068
-0.087515
-0.073585
-0.071757
-0.079342
-0.092365
-0.106692
-0.119006
-0.127296
-0.130733
-0.129047
-0.121713
-0.107340
-0.083547
-0.047454
0.003386
0.069927
0.150849
0.242383
0.338840
0.433691
0.520879
0.595902
0.656365
0.701846
0.733195
0.751597
0.757769
0.751639
0.732605
0.700256
0.655245
0.599909
0.538359
0.475909
0.418024
0.369096
0.331499
0.305212
0.288156
0.277094
0.268773
0.260879
0.252494
0.243905
0.235905
0.228890
0.222142
0.213629
0.200411
0.179532
0.149068
0.108929
0.061095
0.009200
-0.042434
-0.089940
-0.130842
-0.164448
-0.191580
-0.213773
-0.232275
-0.247238
-0.257439
-0.260635
-0.254418
-0.237264
-0.209350
-0.172826
-0.131439
-0.089621
-0.051379
-0.019396
0.005352
0.023332
0.035681
0.043239
0.045797
0.041869
0.029098
0.005150
-0.031216
-0.079340
-0.136409
-0.197891
-0.258520
-0.313489
-0.359450
-0.394977
-0.420380
-0.436981
-0.446163
-0.448605
-0.443993
-0.431335
-0.409740
-0.379342
-0.341967
-0.301245
-0.262050
-0.229435
-0.207389
-0.197849
-0.200287
-0.212013
-0.229045
-0.247246
-0.263295
-0.275178
-0.282063
-0.283675
-0.279486
-0.268102
-0.247141
-0.213718
-0.165382
-0.101180
-0.022428
0.067107
0.161737
0.254938
0.618847
0.651233
0.667146
0.668670
0.657118
0.632779
0.595361
0.544922
0.482861
0.412527
0.339121
0.268863
0.207661
0.159722
0.126606
0.107034
0.097529
0.093643
0.091339
0.088021
0.082892
0.076547
0.070015
0.063684
0.056555
0.046165
0.029227
0.002765
-0.034689
-0.082301
-0.136872
-0.193548
-0.247081
-0.293180
-0.329493
-0.355866
-0.373824
-0.385492
-0.392407
-0.394670
-0.390790
-0.378277
-0.354758
-0.319180
-0.272635
-0.218477
-0.161656
-0.107520
-0.060495
-0.023141
0.004109
0.022441
0.033620
0.038838
0.037932
0.029280
0.010431
-0.020743
-0.064843
-0.120141
-0.182509
-0.246158
-0.304924
-0.353685
-0.389401
-0.411457
-0.421211
-0.420983
-0.412891
-0.398012
-0.376187
-0.346532
-0.308433
-0.262594
-0.211690
-0.160288
-0.114024
-0.078242
-0.056590
-0.050022
-0.056575
-0.071982
-0.090880
-0.108200
-0.120234
-0.125048
-0.122150
-0.111630
-0.093183
-0.065460
-0.026068
0.027731
0.097866
0.184282
0.284209
0.392199
0.500978
0.602864
0.691302
0.762008
0.813385
0.846122
0.862194
0.863685
0.851907
0.827150
0.789122
0.737881
0.674829
0.603313
0.528537
0.456723
0.393779
0.343915
0.308692
0.286832
0.274862
0.268338
0.263221
0.256922
0.248645
0.238988
0.228984
0.219024
0.208113
0.193791
0.172775
0.142094
0.100284
0.048182
-0.011008
-0.072427
-0.130822
-0.181898
-0.223298
-0.254863
-0.278112
-0.295166
-0.307556
-0.315378
-0.317135
-0.310332
-0.292590
-0.262849
-0.222199
-0.173984
-0.123150
-0.075039
-0.034072
-0.002802
0.018345
0.030560
0.035612
0.034703
0.027674
0.012908
-0.012038
-0.049287
-0.099434
-0.160745
-0.229086
-0.298661
-0.363302
-0.417880
-0.459350
-0.487091
-0.502456
-0.507758
-0.505110
-0.495585
-0.479017
-0.454518
-0.421467
-0.380567
-0.334483
-0.287782
-0.246091
-0.214754
-0.197410
-0.195012
-0.205593
-0.224879
-0.247506
-0.268401
-0.283851
-0.291920
-0.292112
-0.284515
-0.268820
-0.243675
-0.206686
-0.155111
-0.087020
-0.002466
0.095784
0.202283
0.309757
0.410529
0.498041
0.568013