-0.158393
-0.074440
-0.017382
-0.001812
-0.026286
-0.073904
-0.118793
-0.136025
-0.111163
-0.045812
0.042968
0.129141
0.187616
0.203794
0.179116
0.130485
0.083775
0.063923
0.085376
0.146542
0.230378
0.310868
0.362942
0.372027
0.339593
0.282571
0.226871
0.197464
0.208835
0.259432
0.332253
0.401326
0.441626
0.438627
0.393846
0.324263
0.255837
0.213590
0.212057
0.249738
0.309681
0.365965
0.393615
0.378156
0.321153
0.239636
0.159609
0.106141
0.093812
0.121163
0.171282
0.218290
0.237247
0.213711
0.149281
0.061014
-0.025057
-0.083840
-0.100736
-0.077183
-0.030078
0.014709
0.032249
0.008105
-0.056122
-0.143375
-0.227625
-0.283788
-0.297274
-0.269537
-0.217488
-0.167017
-0.143077
-0.160128
-0.216598
-0.295461
-0.370721
-0.417329
-0.420734
-0.382427
-0.319363
-0.257476
-0.221761
-0.226728
-0.270851
-0.337153
-0.399687
-0.433455
-0.423956
-0.372732
-0.296791
-0.222114
-0.173750
-0.166257
-0.198159
-0.252526
-0.303459
-0.326007
-0.305710
-0.244157
-0.158393
-0.074440
-0.017382
-0.001812
-0.026286
-0.073904
-0.118793
-0.136025
-0.111163
-0.045812
0.042968
0.129141
0.187616
0.203794
0.179116
0.130485
0.083775
0.063923
0.085376
0.146542
0.230378
0.310868
0.362942
0.372027
0.339593
0.282571
0.226871
0.197464
0.208835
0.259432
0.332253
0.401326
0.441626
0.438627
0.393846
0.324263
0.255837
0.213590
0.212057
0.249738
0.309681
0.365965
0.393615
0.378156
0.321153
0.239636
0.159609
0.106141
0.093812
0.121163
0.171282
0.218290
0.237247
0.213711
0.149281
0.061014
-0.025057
-0.083840
-0.100736
-0.077183
-0.030078
0.014709
0.032249
0.008105
-0.056122
-0.143375
-0.227625
-0.283788
-0.297274
-0.269537
-0.217488
-0.167017
-0.143077
-0.160128
-0.216598
-0.295461
-0.370721
-0.417329
-0.420734
-0.382427
-0.319363
-0.257476
-0.221761
-0.226728
-0.270851
-0.337153
-0.399687
-0.433455
-0.423956
-0.372732
-0.296791
-0.222114
-0.173750
-0.166257
-0.198159
-0.252526
-0.303459
-0.326007
-0.305710
-0.244157
1.312341
1.213145
0.879988
0.439945
0.060011
-0.116677
-0.025510
0.294931
0.717621
1.075634
1.225919
1.103972
0.748494
0.286649
-0.114482
-0.311679
-0.240251
0.061299
0.466020
0.807056
0.941425
0.804684
0.435594
-0.038629
-0.450854
-0.657817
-0.594789
-0.300241
0.098906
0.435817
0.567526
0.429600
0.060805
-0.411643
-0.820621
-1.022878
-0.953703
-0.651592
-0.243495
0.103717
0.247038
0.121988
-0.232716
-0.689915
-1.082545
-1.267422
-1.179901
-0.858551
-0.430398
-0.062393
0.102377
-0.000653
-0.332853
-0.767154
-1.136581
-1.298040
-1.186981
-0.842065
-0.390412
0.000936
0.188798
0.108520
-0.201359
-0.613857
-0.962087
-1.103038
-0.972241
-0.608433
-0.138811
0.269513
0.473292
0.407808
0.111541
-0.288580
-0.625716
-0.756900
-0.617702
-0.246894
0.228303
0.640753
0.847192
0.782892
0.486330
0.084434
-0.255948
-0.391839
-0.258788
0.104457
0.570704
0.972853
1.167680
1.090503
0.779851
0.362706
0.005976
-0.147296
-0.032591
0.311416
0.757607
1.138962
1.312341
1.213145
0.879988
0.439945
0.060011
-0.116677
-0.025510
0.294931
0.717621
1.075634
1.225919
1.103972
0.748494
0.286649
-0.114482
-0.311679
-0.240251
0.061299
0.466020
0.807056
0.941425
0.804684
0.435594
-0.038629
-0.450854
-0.657817
-0.594789
-0.300241
0.098906
0.435817
0.567526
0.429600
0.060805
-0.411643
-0.820621
-1.022878
-0.953703
-0.651592
-0.243495
0.103717
0.247038
0.121988
-0.232716
-0.689915
-1.082545
-1.267422
-1.179901
-0.858551
-0.430398
-0.062393
0.102377
-0.000653
-0.332853
-0.767154
-1.136581
-1.298040
-1.186981
-0.842065
-0.390412
0.000936
0.188798
0.108520
-0.201359
-0.613857
-0.962087
-1.103038
-0.972241
-0.608433
-0.138811
0.269513
0.473292
0.407808
0.111541
-0.288580
-0.625716
-0.756900
-0.617702
-0.246894
0.228303
0.640753
0.847192
0.782892
0.486330
0.084434
-0.255948
-0.391839
-0.258788
0.104457
0.570704
0.972853
1.167680
1.090503
0.779851
0.362706
0.005976
-0.147296
-0.032591
0.311416
0.757607
1.138962