-0.164308
-0.110058
-0.060244
-0.026550
-0.014346
-0.020670
-0.035389
-0.045096
-0.038269
-0.009695
0.037501
0.093026
0.143312
0.176675
0.187746
0.179491
0.162053
0.148846
0.151408
0.174968
0.216422
0.265498
0.308655
0.334237
0.336904
0.319658
0.292674
0.269406
0.261432
0.274021
0.304113
0.341481
0.372631
0.385952
0.376156
0.346289
0.306581
0.270534
0.249776
0.249628
0.267079
0.291952
0.310802
0.312068
0.290507
0.249215
0.198463
0.151800
0.120895
0.111107
0.119466
0.135829
0.146785
0.140804
0.112673
0.065512
0.009617
-0.041444
-0.075986
-0.088632
-0.082343
-0.067254
-0.056771
-0.062421
-0.089419
-0.134650
-0.187824
-0.235386
-0.265662
-0.273295
-0.261264
-0.239727
-0.222114
-0.219983
-0.238578
-0.274816
-0.318445
-0.355946
-0.375686
-0.372348
-0.348955
-0.315710
-0.286090
-0.271698
-0.277829
-0.301448
-0.332353
-0.357075
-0.364031
-0.347955
-0.311921
-0.266181
-0.224261
-0.197813
-0.192180
-0.204373
-0.224235
-0.238341
-0.235149
-0.209434
-0.164308
-0.110058
-0.060244
-0.026550
-0.014346
-0.020670
-0.035389
-0.045096
-0.038269
-0.009695
0.037501
0.093026
0.143312
0.176675
0.187746
0.179491
0.162053
0.148846
0.151408
0.174968
0.216422
0.265498
0.308655
0.334237
0.336904
0.319658
0.292674
0.269406
0.261432
0.274021
0.304113
0.341481
0.372631
0.385952
0.376156
0.346289
0.306581
0.270534
0.249776
0.249628
0.267079
0.291952
0.310802
0.312068
0.290507
0.249215
0.198463
0.151800
0.120895
0.111107
0.119466
0.135829
0.146785
0.140804
0.112673
0.065512
0.009617
-0.041444
-0.075986
-0.088632
-0.082343
-0.067254
-0.056771
-0.062421
-0.089419
-0.134650
-0.187824
-0.235386
-0.265662
-0.273295
-0.261264
-0.239727
-0.222114
-0.219983
-0.238578
-0.274816
-0.318445
-0.355946
-0.375686
-0.372348
-0.348955
-0.315710
-0.286090
-0.271698
-0.277829
-0.301448
-0.332353
-0.357075
-0.364031
-0.347955
-0.311921
-0.266181
-0.224261
-0.197813
-0.192180
-0.204373
-0.224235
-0.238341
-0.235149
-0.209434
1.568858
1.423643
0.969381
0.378764
-0.124356
-0.350465
-0.216763
0.221224
0.790867
1.268397
1.464401
1.296197
0.819449
0.206937
-0.317399
-0.563962
-0.449872
-0.030577
0.521368
0.982264
1.162762
0.980244
0.490428
-0.133853
-0.668614
-0.924215
-0.817741
-0.404611
0.142645
0.600347
0.779159
0.596467
0.107993
-0.513436
-1.043848
-1.293620
-1.179858
-0.758011
-0.200643
0.268525
0.460113
0.291457
-0.181778
-0.786825
-1.299776
-1.531076
-1.397905
-0.955789
-0.377372
0.113544
0.327490
0.181716
-0.268204
-0.849594
-1.338641
-1.545883
-1.388597
-0.922402
-0.320037
0.194600
0.431948
0.309163
-0.118271
-0.677768
-1.145598
-1.332386
-1.155488
-0.670601
-0.050538
0.480733
0.733586
0.625116
0.210750
-0.336977
-0.794383
-0.972133
-0.787618
-0.296566
0.328185
0.862650
1.117190
1.008892
0.593185
0.042606
-0.419148
-0.602729
-0.425502
0.056833
0.671473
1.194472
1.436235
1.313903
0.882956
0.315995
-0.163221
-0.365273
-0.207454
0.254612
0.848202
1.349453
1.568858
1.423643
0.969381
0.378764
-0.124356
-0.350465
-0.216763
0.221224
0.790867
1.268397
1.464401
1.296197
0.819449
0.206937
-0.317399
-0.563962
-0.449872
-0.030577
0.521368
0.982264
1.162762
0.980244
0.490428
-0.133853
-0.668614
-0.924215
-0.817741
-0.404611
0.142645
0.600347
0.779159
0.596467
0.107993
-0.513436
-1.043848
-1.293620
-1.179858
-0.758011
-0.200643
0.268525
0.460113
0.291457
-0.181778
-0.786825
-1.299776
-1.531076
-1.397905
-0.955789
-0.377372
0.113544
0.327490
0.181716
-0.268204
-0.849594
-1.338641
-1.545883
-1.388597
-0.922402
-0.320037
0.194600
0.431948
0.309163
-0.118271
-0.677768
-1.145598
-1.332386
-1.155488
-0.670601
-0.050538
0.480733
0.733586
0.625116
0.210750
-0.336977
-0.794383
-0.972133
-0.787618
-0.296566
0.328185
0.862650
1.117190
1.008892
0.593185
0.042606
-0.419148
-0.602729
-0.425502
0.056833
0.671473
1.194472
1.436235
1.313903
0.882956
0.315995
-0.163221
-0.365273
-0.207454
0.254612
0.848202
1.349453