-0.273117
-0.255808
-0.230444
-0.196541
-0.154399
-0.105272
-0.051315
0.004687
0.059761
0.111208
0.156963
0.195762
0.227077
0.250897
0.267443
0.276956
0.279636
0.275736
0.265781
0.250770
0.232278
0.212361
0.193272
0.177058
0.165163
0.158161
0.155707
0.156723
0.159746
0.163319
0.166301
0.167989
0.168052
0.166313
0.162508
0.156116
0.146375
0.132451
0.113746
0.090186
0.062406
0.031722
-0.000094
-0.031177
-0.059958
-0.085428
-0.107223
-0.125478
-0.140549
-0.152698
-0.161868
-0.167647
-0.169420
-0.166656
-0.159218
-0.147564
-0.132768
-0.116330
-0.099862
-0.084740
-0.071865
-0.061602
-0.053918
-0.048652
-0.045800
-0.045703
-0.049043
-0.056646
-0.069163
-0.086732
-0.108769
-0.133957
-0.160449
-0.186232
-0.209513
-0.229020
-0.244115
-0.254703
-0.260998
-0.263254
-0.261574
-0.255889
-0.246105
-0.232359
-0.215275
-0.196097
-0.176611
-0.158876
-0.144808
-0.135766
-0.132252
-0.133828
-0.139272
-0.146893
-0.154908
-0.161746
-0.166185
-0.167314
-0.164361
-0.156499
-0.142741
-0.122006
-0.093347
-0.056286
-0.011125
0.040882
0.097572
0.156162
0.213674
0.267407
0.315294
0.356069
0.389202
0.414679
0.432720
0.443566
0.447414
0.444517
0.435398
0.421056
0.403065
0.383480
0.364554
0.348335
0.336265
0.328919
0.325953
0.326289
0.328464
0.331024
0.332826
0.333170
0.331726
0.328319
0.322685
0.314308
0.302423
0.286203
0.265050
0.238893
0.208369
0.174796
0.139951
0.105700
0.073616
0.044711
0.019353
-0.002589
-0.021470
-0.037545
-0.050756
-0.060685
-0.066714
-0.068307
-0.065323
-0.058216
-0.048054
-0.036335
-0.024664
-0.014414
-0.006480
-0.001223
0.001396
0.001543
-0.000775
-0.005892
-0.014484
-0.027375
-0.045207
-0.068116
-0.095511
-0.126070
-0.157941
-0.189105
-0.217765
-0.242642
-0.263094
-0.279020
-0.290630
-0.298170
-0.301741
-0.301267
-0.296649
-0.288019
-0.275997
-0.261819
-0.247270
-0.234401
-0.225126
-0.220797
-0.221912
-0.228029
-0.237920
-0.249892
-0.262155
-0.273136
-0.281607
-0.286656
-0.287504
-0.283321
0.825871
0.745694
0.647449
0.537037
0.423491
0.317409
0.228607
0.163778
0.124959
0.109357
0.110561
0.120717
0.132859
0.142594
0.148586
0.151752
0.153593
0.154398
0.152090
0.142241
0.119281
0.078478
0.017935
-0.060204
-0.149817
-0.242188
-0.328248
-0.400888
-0.456537
-0.495467
-0.520767
-0.536426
-0.545280
-0.547636
-0.541100
-0.521657
-0.485595
-0.431493
-0.361492
-0.281333
-0.199112
-0.123183
-0.059981
-0.012563
0.019619
0.039664
0.051306
0.056927
0.056262
0.046338
0.022671
-0.018717
-0.079232
-0.156398
-0.243831
-0.332543
-0.413136
-0.478110
-0.523476
-0.549133
-0.557941
-0.553913
-0.540263
-0.518100
-0.486288
-0.442496
-0.385025
-0.314640
-0.235639
-0.155638
-0.084066
-0.029828
0.001075
0.007139
-0.008370
-0.038547
-0.074927
-0.109766
-0.137700
-0.156252
-0.165092
-0.164478
-0.153592
-0.129542
-0.087522
-0.022152
0.070447
0.190630
0.334041
0.491773
0.651910
0.801982
0.931523
1.033921
1.106974
1.152094
1.172548
1.171506
1.150665
1.109984
1.048590
0.966444
0.866012
0.753199
0.637037
0.528128
0.436292
0.368223
0.325963
0.306721
0.304091
0.310221
0.318151
0.323491
0.324909
0.323327
0.320251
0.315974
0.308426
0.293181
0.264676
0.218186
0.151817
0.067721
-0.027976
-0.126552
-0.218930
-0.297997
-0.360173
-0.405726
-0.437738
-0.460191
-0.475913
-0.485206
-0.485668
-0.473279
-0.444319
-0.397358
-0.334532
-0.261576
-0.186577
-0.117882
-0.061919
-0.021739
0.003216
0.016048
0.020502
0.018964
0.011178
-0.005822
-0.036514
-0.084869
-0.152285
-0.236281
-0.330464
-0.425841
-0.513006
-0.584455
-0.636190
-0.668105
-0.683054
-0.685044
-0.677280
-0.660870
-0.634670
-0.596343
-0.544185
-0.478957
-0.404950
-0.329776
-0.262859
-0.213100
-0.186495
-0.184544
-0.203977
-0.237884
-0.277798
-0.315970
-0.347035
-0.368510
-0.380064
-0.381952
-0.373354
-0.351374
-0.311205
-0.247466
-0.156276
-0.037277
0.105174
0.262172
0.421802
0.571593
0.701082
0.803654
0.877109
0.922858
0.944167
0.944205
0.924669
0.885515