-0.025328
-0.026950
-0.028454
-0.026667
-0.022367
-0.015647
-0.010269
-0.009889
-0.007551
-0.007131
-0.011077
-0.010297
-0.006502
-0.001200
0.002042
0.002482
-0.002720
-0.008630
-0.009450
-0.007247
-0.000518
0.001296
0.008546
0.001868
-0.009256
0.002335
0.000423
-0.008673
-0.014144
-0.015266
-0.005822
0.007410
0.017550
0.007912
0.009819
0.004862
-0.016212
-0.023967
-0.030204
-0.031104
-0.013438
-0.000133
0.002834
0.045446
0.026952
-0.011799
-0.026088
-0.072132
-0.030296
0.043512
0.013306
-0.016563
0.039171
0.027619
-0.024654
-0.044113
-0.088363
-0.055858
-0.030435
-0.050902
-0.033681
0.007329
0.027090
-0.010501
-0.042228
-0.055370
-0.038226
-0.025478
-0.044814
-0.004672
0.022363
0.011692
0.061962
0.058201
0.017524
0.008858
-0.008716
-0.000388
0.015169
0.004240
-0.003022
0.004657
-0.004605
-0.002499
0.009746
0.010931
0.021782
0.025998
0.012118
0.007160
0.014680
0.017833
0.026442
0.028340
0.021197
0.016340
0.012808
0.010741
0.006384
0.003064
0.006525
0.010682
0.008692
0.003948
0.005728
0.007644
0.005994
0.004913
0.002176
0.001869
0.001902
-0.000576
-0.001987
0.002709
0.004243
-0.001329
-0.005627
-0.009035
-0.002495
0.002541
-0.001678
0.000170
0.004117
0.005466
0.008901
0.009541
0.016478
0.015040
0.008502
0.010097
0.005342
0.007061
0.003609
0.006172
0.028068
0.021477
-0.004540
0.001356
0.028656
0.018140
-0.004416
0.007761
-0.004439
0.038316
0.071807
0.015032
-0.002272
-0.017645
-0.030622
-0.036580
-0.050345
-0.012349
0.043862
0.034200
0.000405
0.035641
0.029587
-0.028880
-0.069332
-0.115016
-0.080677
0.018695
0.037071
0.005573
0.016827
0.060359
0.085635
0.083056
0.023383
-0.023058
0.006630
0.013424
0.033898
0.028373
0.002671
0.011355
0.009917
-0.003406
-0.023621
-0.001069
0.012708
0.004278
0.004575
0.023369
0.034619
0.014857
0.017919
0.007903
-0.004103
0.005130
0.002780
-0.008204
-0.014173
-0.011941
-0.005646
-0.001182
-0.010218
-0.013540
-0.012881
-0.020149
-0.017357
-0.009320
-0.010970
-0.014166
-0.010328
-0.012489
-0.018835
-0.018771
-0.020912
-0.023549
-0.027428
-0.029782
-0.023895
-0.017747
-0.014129
-0.011966
-0.012577
-0.011804
-0.011892
-0.014990
-0.015832
-0.015311
-0.006450
-0.003023
-0.004078
0.000461
-0.005182
-0.004586
-0.003606
-0.013976
-0.021317
-0.025793
-0.006672
0.003214
-0.011826
-0.008480
0.000255
0.019872
0.028112
0.025829
0.034022
0.024959
0.004856
-0.008241
0.002642
0.014016
-0.002247
-0.042736
-0.056313
-0.027403
-0.007943
-0.008984
-0.029573
0.009679
0.012214
-0.008848
0.021770
-0.038226
-0.070591
-0.062857
-0.044090
-0.051783
-0.080215
-0.065493
-0.071108
-0.007983
0.015676
-0.005713
0.011404
0.038229
0.034468
0.010772
0.005785
0.005312
0.034030
0.017054
-0.001424
0.007548
0.006485
0.017649
0.034809
0.040678
0.025875
0.023137
0.010728
-0.007640
0.005181
0.024280
0.030332
0.033322
0.026435
0.015063
0.015548
0.018663
0.018112
0.018123
0.012154
0.007588
0.006558
0.001369
0.003496
0.009964
0.008855
0.002118
-0.002847
-0.007255
-0.012439
-0.012234
-0.009559
-0.010174
-0.012156
-0.016515
-0.019470
-0.018768
-0.015690
-0.012295
-0.015587
-0.014608
-0.007595
-0.011189
-0.014920
-0.004833
-0.006387
-0.010542
0.000550
-0.002291
-0.001082
0.007524
0.002959
-0.001541
-0.000922
-0.009925
0.002346
0.009550
-0.007085
0.019348
-0.011666
-0.034064
0.006668
-0.004638
-0.035847
-0.054752
-0.058961
-0.038998
0.012426
0.000716
-0.010982
0.015209
0.007487
-0.014073
-0.019529
-0.042787
-0.069950
-0.016115
-0.009629
-0.039203
-0.036530
-0.072728
-0.084969
-0.048812
-0.043519
-0.022657
0.024892
0.018842
-0.017532
-0.013054
-0.018151
-0.016729
-0.003122
-0.025923
-0.007372
0.014339
-0.000340
-0.021853
0.001172
0.022463
0.008616
0.015834
0.004210
-0.005530
0.013023
0.026021
0.025602
0.034174
0.033805
0.042972
0.047899
0.023364
0.022658
0.022992
0.020278
0.029534
0.029304
0.025490
0.024330
0.023418
0.027009
0.029502
0.029259
0.028789
0.023415
0.018977
0.019383
0.022083
0.022131
0.020685
0.020656
0.019820
0.017082
0.014460
0.012032
0.008880
0.007243
0.010269
0.012680
0.011703
0.012455
0.010069
0.004128
0.002980
0.011462
0.011868
0.006014
0.009956
0.006622
0.004075
0.019031
0.012739
0.004199
0.023353
0.010516
0.006527
0.012967
-0.029687
-0.023935
-0.005170
-0.015715
0.031745
0.048673
0.022296
0.017957
-0.006158
-0.009525
-0.026078
-0.009884
0.025408
0.035392
0.106213
0.098220
0.040698
0.007853
0.003484
0.042460
0.032352
0.015641
0.034308
0.021152
0.036166
0.050022
-0.025333
-0.004365
0.008065
-0.002558
0.043240
-0.008708
0.003484
0.022838
0.035845
0.065334
0.013863
-0.001454
-0.009237
-0.005807
-0.004993
-0.032916
-0.008291
0.010258
-0.011035
-0.019343
-0.037132
-0.037638
-0.026938
-0.035938
-0.026837
-0.025327
-0.037323
-0.034333
-0.032206
-0.021821
-0.009315
-0.018307
-0.021811
-0.031640
-0.037288
-0.024530
-0.020995
-0.018817
-0.018313
-0.023023
-0.019772
-0.013852
-0.015205
-0.013199
-0.014322
-0.017159
-0.013026
-0.010812
-0.007470
-0.003794
-0.006582
-0.008554
-0.010005
-0.010800
-0.011295
-0.012840
-0.010692
-0.013006
-0.012124
-0.006276
-0.008085
-0.007852
-0.008045
-0.011809
-0.011865
-0.015893
-0.020167
-0.016349
-0.013779
-0.006328
0.002326
-0.004055
-0.015302
0.001973
-0.001089
-0.001012
0.010089
-0.033815
-0.023343
0.000606
0.011940
0.022694
0.011953
0.023165
0.034030
0.039058
-0.019829
-0.072660
-0.040033
-0.004496
0.025070
0.022119
-0.007021
0.012216
0.022250
-0.030135
-0.069003
-0.096549
-0.103839
-0.062347
-0.052201
-0.043561
-0.009810
-0.008472
0.008682
0.016759
-0.027282
-0.059332
-0.074623
-0.058949
-0.026446
-0.005333
0.012861
0.010375
0.030764
0.037394
0.016178
0.013659
-0.009805
-0.001327
0.028805
0.032609
0.045619
0.034435
0.017389
0.029085
0.021224
0.018037
0.023218
0.010496
0.010938
0.016925
0.022357
0.031483
0.034788
0.033135
0.029179
0.029048
0.026430
0.021588
0.019666
0.017044
0.017603
0.021233
0.016529
0.009892
0.007278
-0.000676
-0.003765
-0.001166
-0.001983
0.000140
-0.000145
-0.002626
0.000499
0.000874
-0.002558
-0.003891
-0.005680
-0.004894
-0.002602
0.001065
0.004100
0.014652
0.010935
-0.004298
0.002292
0.000982
0.007911
0.014901
0.010460
-0.001144
0.000689
0.014624
0.005604
0.025179
0.036278
0.005823
0.005048
0.011690
0.011034
0.009917
-0.013680
0.016350
0.050286
0.030899
0.020070
-0.018801
-0.056657
-0.018407
-0.019164
-0.038067
0.050975
0.021575
-0.032615
0.000590
0.007603
0.005026
-0.019562
-0.019304
-0.044421
0.037333
0.055321
-0.038644
-0.012516
-0.011782
0.012653
0.056043
0.018478
-0.008382
0.040389
0.062226
0.061968
0.068221
0.028543
0.017435
0.019531
-0.007877
-0.017164
0.002017
0.009281
0.011899
0.014615
0.022166
0.036207
0.028215
0.005394
-0.001345
-0.002353
-0.005433
0.003578
0.001153
-0.005940
-0.000732
0.000395
-0.007642
-0.008789
-0.011468
-0.018046
-0.019047
-0.022195
-0.019268
-0.016105
-0.017532
-0.014766
-0.012936
-0.016934
-0.021815
-0.024046
-0.026610
-0.028478
-0.026704
-0.023797
-0.020390
-0.020781
-0.020633
-0.020334
-0.024673
-0.022387
-0.017407
-0.012236
-0.013549
-0.016637
-0.013396
-0.016988
-0.013817
-0.002961
-0.010381
-0.022952
-0.018610
-0.039646
-0.042279
-0.013586
0.000951
0.002702
-0.015903
-0.009868
-0.019400
-0.019702
-0.015653
-0.052732
-0.054263
-0.038691
-0.009451
0.034776
-0.022254
-0.065005
-0.009552
-0.002995
-0.013557
-0.010647
-0.054497
-0.031106
0.102302
0.084709
0.018476
0.076160
0.089838
0.081683
0.079548
0.027073
-0.019613
0.017194
0.013134
-0.045126
-0.022457
-0.047964
-0.040264
0.027524
-0.000224
-0.000682
0.020100
-0.015319
-0.017286
0.018421
0.014165
0.027181
0.038085
0.015774
0.024988
0.033337
0.016747
0.009005
0.002393
-0.012935
0.001187
-0.002430
-0.016909
-0.003968
-0.004149
-0.013730
-0.002103
0.006437
-0.005075
-0.006596
-0.008325
-0.008641
-0.001784
-0.007870
-0.012880
-0.008304
-0.013163
-0.013354
-0.007921
-0.012063
-0.010207
-0.005462
-0.005660
-0.004784
-0.004318
-0.004854
-0.005641
-0.007627
-0.007918
-0.005115
-0.008714
-0.011956
-0.011914
-0.015195
-0.018011
-0.021657
-0.020581
-0.018669
-0.015542
-0.022059
-0.030468
-0.014774
-0.011065
-0.020279
-0.028707
-0.034802
-0.012831
0.000126
-0.004527
-0.002335
-0.034669
-0.024146
0.007032
-0.025303
-0.007185
-0.010228
-0.020584
0.029183
0.034209
0.001160
-0.052718
-0.020848
0.004897
-0.020726
0.012903
-0.028116
-0.000291
0.099197
0.063707
0.008473
0.001424
-0.003102
0.044005
0.072417
0.010461
0.023415
0.062168
0.045185
0.018630
-0.018989
-0.066677
-0.070477
-0.000528
0.014235
0.010850
0.016179
-0.019771
-0.020611
0.019275
0.015436
-0.003211
0.001489
-0.016811
-0.013318
-0.018623
-0.034057
-0.030903
-0.047810
-0.051283
-0.034857
-0.035295
-0.046346
-0.048144
-0.041795
-0.027023
-0.017286
-0.013254
-0.015578
-0.026426
-0.027021
-0.019073
-0.015248
-0.013516
-0.015178
-0.018181
-0.018048
-0.018070
-0.013014
-0.008854
-0.006846
-0.002405
-0.001738
-0.000776
0.001623
0.003687
0.006822
0.007846
0.011054
0.011412
0.007680
0.005221
0.002652
0.003176
0.001354
0.000198
-0.000601
0.003731
0.010530
0.005013
-0.007165
-0.014427
-0.012240
-0.008426
-0.001178
-0.001052
-0.002867
0.007702
0.002778
-0.007583
-0.010763
0.000440
0.011426
0.008154
0.015722
0.005895
-0.021159
-0.015729
-0.003085
-0.001893
0.005642
0.018844
0.031130
0.027060
0.050475
0.028752
-0.009089
0.061805
0.077214
0.057370
0.058344
0.032171
-0.013959
-0.046299
0.020524
0.002932
-0.027008
0.017389
0.001161
0.008089
0.027936
-0.002935
-0.019197
0.019469
0.022561
0.005333
0.003537
-0.000374
-0.018212
-0.040873
-0.039971
-0.033196
-0.008684
-0.019398
-0.030488
0.002286
0.002783
0.003090
0.013706
-0.002845
-0.013765
-0.014566
-0.018878
-0.019160
-0.017246
-0.012346
-0.005455
-0.008381
-0.010717
-0.008076
-0.012898
-0.013546
-0.010166
-0.007922
-0.003446
0.001570
0.003724
0.000988
-0.001204
0.000314
-0.000225
-0.001470
-0.000253
-0.000787
-0.004547
-0.007599
-0.006715
-0.003220
-0.001519
-0.002286
-0.001932
-0.003457
-0.005909
-0.008591
-0.011222
-0.008963
-0.007208
-0.007276
-0.005178
-0.001660
-0.002315
-0.008315
-0.010216
-0.010263
-0.009294
-0.004437
-0.004631
-0.006474
-0.005592
-0.005551
-0.006497
-0.006730
-0.006566
-0.008175
-0.004965
-0.000469
0.001286
0.001654
0.000718
0.000912
0.001791
0.000386
-0.000079
0.001303
-0.000499
-0.002091
-0.001373
-0.000273
0.001419
0.001327
0.000292
-0.000584
0.000581
0.000113
-0.000696
0.001015
0.001391
0.001267
0.000643
0.000546
0.000749
0.001315
0.000865
0.001318
0.001623
0.001708
0.001323
0.001443
0.001732
0.002103
0.001999
0.002144
0.001976
0.001840
0.001524
0.001484
0.001415
0.001503
0.001482
0.001391
0.001252
0.001043
0.000809
0.000607
0.000331
0.000188
0.000232
0.000355
0.000503
0.000609
0.000516
0.000422
0.000350
0.000379
0.000620
0.000923
0.001030
0.000924
0.000845
0.000816
0.000940
0.001101
0.001072
0.000976
0.000900
0.000834
0.000826
0.000873
0.000897
0.000854
0.000839
0.000772
0.000666
0.000611
0.000583
0.000573
0.000510
0.000452
0.000319
0.000246
0.000210
0.000163
0.000089
0.000112
0.000071
-0.015493
0.027401
0.014426
0.045133
0.036616
-0.120870
0.034040
0.106683
-0.061383
-0.022109
-0.014135
0.015733
0.060652
0.018793
0.083337
0.221550
0.087527
-0.193817
-0.161096
-0.123944
-0.071369
0.085986
0.200963
-0.038155
0.228454
0.097547
-0.409287
-0.057777
-0.301437
-0.217851
0.593381
-0.028155
-0.354604
0.650893
0.206885
-0.681048
-0.443151
-0.510808
0.379612
0.379017
-0.787844
0.113579
0.413793
-0.212373
-0.083999
-0.250013
-0.041359
0.263528
-0.366230
-0.175279
0.416966
0.368314
0.189976
0.250182
0.048438
-0.022504
0.070975
0.040112
0.308648
0.243792
-0.133826
-0.154243
-0.040531
-0.035500
-0.083449
-0.044004
0.052340
0.091920
0.011281
-0.100407
-0.053265
0.053668
0.067064
0.038079
0.004929
-0.025430
0.031086
-0.026268
-0.051473
0.003445
0.037364
0.025478
0.014445
-0.008433
0.001718
0.015336
0.004616
0.024388
0.014305
-0.005922
-0.006249
-0.010728
-0.001959
0.006001
0.017361
0.034582
-0.015262
-0.023407
-0.009409
0.002492
0.024712
-0.043295
-0.047769
0.048286
-0.007737
-0.001829
0.012865
0.050349
0.092708
-0.080898
-0.033975
0.019946
-0.030780
-0.012065
-0.024953
0.177343
0.180604
-0.247072
-0.130949
0.281741
0.101789
-0.259454
0.105222
0.123271
0.157941
0.385612
-0.262505
-0.027939
0.133097
-0.428544
-0.174533
-0.362699
-0.115516
0.921276
0.240442
-0.637606
0.168311
0.169910
-0.404440
-0.386937
-0.447403
0.206189
0.374221
-0.496741
-0.013787
0.515750
0.287176
0.356750
0.008920
-0.166093
0.084524
0.428171
0.352267
-0.068399
-0.235138
0.040436
0.192247
-0.248596
-0.208229
-0.135041
-0.028546
0.173425
0.010963
0.014425
0.019891
-0.042108
-0.043985
0.008686
-0.077225
-0.039949
0.037656
-0.121398
-0.138821
0.001028
0.025912
-0.024499
-0.029683
-0.081782
-0.044675
-0.008500
-0.042023
-0.009268
-0.003220
-0.030549
-0.029388
-0.000394
-0.029624
-0.019002
-0.005171
-0.031381
-0.026551
-0.027595
-0.035299
-0.014657
0.006059
-0.013891
-0.008925
-0.005444
0.006958
0.023610
-0.062963
-0.039754
-0.011089
0.000521
0.017112
-0.038937
0.055467
0.030129
-0.099919
-0.008951
-0.041378
-0.071882
-0.068340
0.009489
0.159706
-0.083525
-0.095010
0.152431
0.190338
0.122794
0.029514
0.201899
0.247200
-0.107519
-0.209721
0.108556
0.161100
-0.037336
-0.217542
-0.261794
-0.013812
-0.189905
-0.160469
0.002181
0.321415
0.330738
-0.529732
-0.135590
-0.091250
-0.378923
0.064480
-0.013602
-0.203791
-0.506429
-0.378133
-0.038706
0.408594
0.176430
-0.093276
0.253685
0.332053
0.139067
-0.017887
0.223761
0.323493
0.355468
-0.053383
-0.337507
0.056875
0.227707
0.179241
0.177093
0.128538
0.001271
-0.028066
-0.140761
-0.071477
0.126920
0.055968
-0.029874
-0.077168
-0.087737
-0.108970
-0.025324
-0.008973
-0.009810
0.021258
-0.020018
-0.063416
-0.041368
-0.001024
-0.009521
0.008711
-0.004843
-0.024777
-0.037951
-0.038156
-0.010227
0.013502
0.010440
-0.010711
-0.017886
-0.021558
-0.042149
-0.025818
-0.009669
0.014509
-0.014976
-0.043271
0.060743
0.035538
-0.080991
0.030522
0.037248
-0.085599
0.034225
-0.001759
-0.040754
0.065922
-0.069961
-0.097072
0.033692
-0.136795
0.010156
0.231886
-0.230299
0.155960
0.125591
-0.479482
0.231979
0.113206
-0.340073
-0.108968
-0.312123
-0.122755
0.400628
-0.280638
0.029812
0.716585
-0.093604
-0.332588
-0.176757
-0.064304
0.089477
0.171317
0.156475
-0.168225
-0.487692
-0.390057
-0.191478
0.010844
-0.037444
0.002461
0.466868
0.195597
-0.442752
0.075084
0.198250
-0.198051
0.159656
-0.013017
0.064791
0.291834
-0.235670
-0.117754
0.217257
0.085743
0.139214
0.085431
-0.082656
0.122145
0.108835
0.014017
0.065224
0.084637
0.191867
0.093927
0.008798
-0.015401
0.041633
0.103667
0.079673
0.030695
0.002204
-0.007228
0.015429
0.056852
0.013224
0.023046
-0.003814
-0.009996
0.019581
0.012666
0.012577
0.011166
-0.005246
0.000531
0.003354
-0.009059
0.006452
-0.000993
-0.009762
0.017707
0.002869
0.017169
0.026591
-0.028328
0.020228
0.036635
-0.018793
-0.035318
0.032932
0.041934
-0.070918
-0.044984
0.033719
-0.017000
0.064080
0.055807
-0.087674
0.179563
0.056514
-0.186744
0.157392
-0.257724
-0.270268
0.282027
-0.292018
0.087664
0.526236
-0.224767
0.129886
-0.106266
-0.397726
0.135754
-0.233723
0.335781
0.602776
0.240895
0.392593
-0.146699
-0.440912
0.149340
0.277098
0.164955
0.063544
0.068127
0.254535
-0.185463
-0.250503
-0.310159
0.052042
0.400937
-0.384959
0.071569
-0.145446
-0.356335
0.459909
0.134232
0.128113
-0.136127
-0.470398
0.172425
0.099387
-0.276019
0.040115
0.025656
0.073954
-0.138431
-0.433950
-0.029058
0.104571
-0.061116
-0.057375
-0.171114
-0.120546
-0.017124
-0.129302
0.040403
0.105141
-0.066712
-0.042225
-0.076652
-0.018879
0.084405
0.019028
-0.001369
-0.005455
-0.013419
-0.005969
-0.024025
-0.009147
0.014970
-0.016932
0.001116
-0.016826
-0.020827
-0.002131
-0.020259
-0.000152
0.021661
-0.019077
-0.013020
0.001023
-0.016163
-0.009284
-0.010002
-0.033059
-0.030709
0.035622
0.028243
0.017985
0.030953
-0.028367
-0.043596
-0.087945
-0.093104
0.048648
0.040443
0.012891
0.067837
0.004156
-0.153198
0.067059
0.142427
-0.050631
0.228753
-0.256813
-0.207104
0.258194
-0.068570
0.161242
0.163489
0.030774
0.290441
0.034911
-0.436524
-0.361072
0.071597
0.283162
0.085262
-0.160915
-0.062332
0.246279
0.120079
-0.506666
-0.545070
-0.165896
-0.253558
-0.100926
-0.145320
-0.239680
0.239034
0.077342
-0.104393
0.266668
-0.230489
-0.219917
0.110252
-0.146431
0.204838
0.135717
0.032287
0.381304
0.165506
0.093622
0.042871
-0.059489
0.209819
0.307513
0.250369
0.133041
0.010681
0.037525
0.011916
0.023227
0.020233
-0.095743
-0.018905
-0.014434
-0.022022
0.039948
-0.056730
-0.061541
0.049868
0.002698
-0.008542
0.032747
-0.038177
-0.011178
0.019179
0.000698
0.044721
0.022359
-0.022760
-0.008738
-0.010067
-0.009199
0.005025
-0.005287
-0.004077
0.012160
0.010794
-0.004224
0.014950
0.032214
-0.004240
-0.013439
-0.017742
0.000366
-0.004265
0.000120
0.016886
0.069122
0.057646
-0.160632
-0.009257
0.029679
-0.061232
0.049040
0.035560
-0.019643
-0.063651
-0.037842
-0.104219
0.077937
0.303938
-0.004108
-0.098683
0.005896
-0.120500
0.049189
-0.113370
0.134980
0.705091
-0.068302
-0.345377
-0.001398
-0.354453
0.054200
0.158732
-0.587598
0.735986
0.381697
-0.993326
0.266975
0.033858
-0.137233
0.147246
-0.303262
0.088554
0.513547
-0.150185
-0.528528
0.216804
0.122381
0.077650
0.093250
-0.267034
0.093503
0.600701
0.369866
-0.003101
-0.004504
0.027807
0.218320
0.031432
-0.262575
-0.131892
0.033777
-0.055834
-0.007116
0.042071
-0.033435
0.065498
-0.046167
-0.094150
-0.021068
-0.014958
-0.043953
-0.077304
-0.084618
-0.049985
0.006068
-0.069160
-0.095423
-0.057124
-0.041424
-0.035183
-0.013495
-0.016021
-0.021217
-0.018473
-0.042260
-0.017542
-0.019383
-0.039064
-0.031367
-0.037653
-0.039741
-0.016944
-0.017224
-0.018304
-0.006985
-0.034697
-0.040899
-0.005398
-0.027795
-0.027879
-0.002890
-0.001159
-0.002750
-0.059885
-0.011290
0.005184
-0.072305
0.060141
0.053692
-0.171479
-0.002862
-0.120865
-0.299614
0.091604
0.107443
0.156355
0.032346
-0.076557
0.006736
-0.157901
-0.096939
-0.039918
-0.043700
0.096202
-0.066573
0.177799
-0.058151
-0.607093
0.418275
0.451666
-0.521356
-0.162912
0.006483
0.046589
1.024233
0.174962
-0.540177
0.800516
0.442959
0.058675
0.331153
-0.359909
0.173808
0.477887
-0.470510
-0.654067
-0.069022
-0.158511
-0.163931
0.122894
-0.263224
-0.178807
0.037404
-0.161310
-0.028972
0.107550
-0.108638
0.162832
0.211974
-0.069356
0.194864
0.176158
-0.142673
0.038742
0.204242
0.047729
0.088318
-0.054279
-0.102758
0.104655
-0.072252
-0.071843
0.058792
-0.048895
-0.076844
-0.026667
-0.042119
-0.019843
-0.022187
-0.084220
-0.029083
-0.033789
-0.046492
-0.044866
-0.054528
-0.053329
-0.020724
-0.013313
-0.026168
-0.007991
-0.015826
-0.020169
-0.034572
-0.023556
-0.020871
-0.005009
-0.015972
-0.025630
0.008260
-0.011639
-0.011814
-0.023203
-0.003976
0.021268
0.018925
-0.004926
-0.067215
0.066106
0.097275
-0.123398
-0.124832
-0.079543
0.049930
0.101418
-0.135535
0.118120
0.016972
-0.317767
0.188698
-0.227702
-0.110830
0.424795
-0.223087
0.216189
0.230466
-0.405315
-0.191437
0.034321
0.244229
-0.120316
-0.185473
0.015322
0.148747
0.730694
0.223168
-0.451106
0.144779
0.173048
0.031555
0.466259
-0.256483
0.219202
0.920686
-0.367341
-0.589756
-0.208548
-0.347177
0.066512
0.132703
-0.173717
0.066079
-0.210656
-0.296191
0.142742
-0.053826
-0.103140
-0.036952
0.133726
0.174668
-0.130081
-0.249526
-0.194011
-0.115834
-0.010377
-0.002441
-0.128817
-0.109464
-0.166489
-0.086720
0.075529
0.068108
0.046098
-0.025763
-0.051815
0.036246
0.058581
0.017559
0.023336
0.015648
0.034842
0.022036
-0.013856
0.018421
0.019118
0.031339
0.037477
0.011968
0.012326
0.023871
0.006637
0.012171
0.022894
0.001779
0.013261
0.005261
-0.009443
0.009042
-0.009304
0.009824
0.017197
-0.017301
-0.003384
0.002843
0.053657
0.055479
-0.042099
-0.057296
0.000959
-0.048101
-0.050280
0.028724
0.026998
0.115001
0.012042
-0.147810
-0.040800
0.043260
0.141336
0.075519
0.056524
0.138094
-0.210307
-0.267713
0.094779
0.060611
0.072071
0.112192
0.130461
0.013644
-0.011273
0.103720
-0.161155
0.452625
0.566712
-0.139592
0.099974
0.072607
-0.128172
-0.412471
-0.069820
0.206025
-0.293675
0.035826
0.110448
-0.135957
-0.076940
-0.349111
-0.140411
0.620059
0.013023
-0.317911
0.144351
-0.090354
-0.116188
-0.156923
-0.253684
0.039356
0.012172
-0.140763
0.000497
0.145553
0.144940
0.063670
-0.064285
0.028320
0.088114
0.004489
-0.061826
-0.059547
0.023671
-0.011614
-0.050215
-0.011649
-0.001214
-0.027280
-0.005393
-0.028073
0.005432
0.032803
0.002334
-0.000412
-0.004704
-0.013438
-0.014981
-0.023833
-0.003559
-0.003245
-0.015760
-0.011530
-0.013946
-0.007006
0.009457
0.000013
-0.002880
0.012088
0.003034
-0.003833
0.001568
0.000928
-0.002208
0.004347
0.004405
-0.006076
-0.011148
0.019883
0.011533
-0.024658
-0.012798
-0.007115
-0.027809
0.007678
0.004943
-0.016589
0.025466
-0.008656
-0.033092
-0.020131
-0.038751
-0.034282
0.005305
0.003487
-0.031008
-0.005758
0.007983
0.011673
0.031349
0.019567
0.003257
0.011011
0.025541
0.022240
0.017456
0.015555
0.012758
-0.004862
-0.006874
-0.002714
-0.008384
0.003856
0.009141
0.008901
0.014178
0.014436
0.009584
-0.000846
-0.002064
0.003782
0.000156
0.000438
-0.005127
-0.010195
-0.005957
-0.006066
-0.000322
0.003029
0.001507
0.004653
0.007291
0.004777
0.004852
0.004220
0.002135
0.000382
-0.003101
-0.002706
-0.000474
0.000798
0.001932
0.002033
0.001980
0.002285
0.002192
0.001303
0.000891
0.001056
-0.000050
-0.000286
-0.000066
0.000410
0.000190
-0.000113
-0.000137
-0.000321
-0.000531
0.000590
0.001579
0.001282
0.000424
-0.000411
-0.001064
-0.000621
0.000821
0.000867
0.001013
0.001097
0.000137
-0.000501
-0.000592
-0.000255
0.000274
0.001806
0.002083
0.000724
0.000276
0.000268
-0.000120
0.000125
0.000413
-0.000207
-0.000483
-0.000294
-0.000501
-0.000967
-0.000952
-0.001116
-0.001327
-0.001024
-0.000653
-0.000351
-0.000028
-0.000217
-0.000380
-0.000191
-0.000283
-0.000129
-0.000044
-0.000218
-0.000248
-0.000097