0.666350
0.771955
0.682686
0.438777
0.139112
-0.096572
-0.173435
-0.057787
0.210034
0.531052
0.785443
0.878296
0.775854
0.518406
0.204887
-0.044910
-0.136092
-0.034908
0.218358
0.524788
0.764616
0.842987
0.726204
0.454610
0.127197
-0.136187
-0.240596
-0.152227
0.088688
0.383277
0.611824
0.679517
0.552701
0.271758
-0.064282
-0.335538
-0.447031
-0.364932
-0.129448
0.160573
0.385428
0.450324
0.321616
0.039692
-0.296413
-0.566817
-0.676546
-0.591777
-0.352727
-0.058261
0.171905
0.242954
0.121216
-0.152945
-0.480528
-0.741683
-0.841473
-0.746115
-0.495866
-0.189636
0.052812
0.136613
0.028048
-0.232574
-0.546303
-0.793345
-0.878817
-0.768994
-0.504190
-0.183372
0.073639
0.171922
0.077698
-0.168778
-0.468613
-0.702068
-0.774313
-0.651675
-0.374520
-0.041861
0.226431
0.335392
0.251201
0.014074
-0.277134
-0.502717
-0.567878
-0.438970
-0.156384
0.180844
0.452827
0.564584
0.482286
0.246140
-0.045004
-0.271438
-0.338363
-0.212125
0.066895
0.399677
0.666350
0.771955
0.682686
0.438777
0.139112
-0.096572
-0.173435
-0.057787
0.210034
0.531052
0.785443
0.878296
0.775854
0.518406
0.204887
-0.044910
-0.136092
-0.034908
0.218358
0.524788
0.764616
0.842987
0.726204
0.454610
0.127197
-0.136187
-0.240596
-0.152227
0.088688
0.383277
0.611824
0.679517
0.552701
0.271758
-0.064282
-0.335538
-0.447031
-0.364932
-0.129448
0.160573
0.385428
0.450324
0.321616
0.039692
-0.296413
-0.566817
-0.676546
-0.591777
-0.352727
-0.058261
0.171905
0.242954
0.121216
-0.152945
-0.480528
-0.741683
-0.841473
-0.746115
-0.495866
-0.189636
0.052812
0.136613
0.028048
-0.232574
-0.546303
-0.793345
-0.878817
-0.768994
-0.504190
-0.183372
0.073639
0.171922
0.077698
-0.168778
-0.468613
-0.702068
-0.774313
-0.651675
-0.374520
-0.041861
0.226431
0.335392
0.251201
0.014074
-0.277134
-0.502717
-0.567878
-0.438970
-0.156384
0.180844
0.452827
0.564584
0.482286
0.246140
-0.045004
-0.271438
-0.338363
-0.212125
0.066895
0.399677
0.108208
-0.255995
-0.355256
-0.148095
0.289251
0.791939
1.169471
1.278457
1.077377
0.642445
0.138494
-0.243973
-0.361547
-0.172674
0.246482
0.731148
1.090898
1.182412
0.964240
0.512661
-0.007423
-0.405449
-0.537943
-0.363295
0.042389
0.514387
0.862326
0.942931
0.714794
0.254236
-0.273809
-0.678743
-0.817068
-0.647148
-0.245073
0.224452
0.571061
0.651486
0.424319
-0.034123
-0.558913
-0.959468
-1.092304
-0.915811
-0.506102
-0.027912
0.328357
0.419400
0.203767
-0.242271
-0.753835
-1.140394
-1.258522
-1.066663
-0.640993
-0.146311
0.226918
0.335321
0.137381
-0.290702
-0.784121
-1.152416
-1.252231
-1.042085
-0.598224
-0.085521
0.305491
0.431366
0.250518
-0.160919
-0.638204
-0.990940
-1.075835
-0.851463
-0.394131
0.131240
0.534063
0.670847
0.499964
0.097507
-0.371818
-0.717646
-0.796710
-0.567610
-0.106669
0.421175
0.825328
0.962292
0.790439
0.385865
-0.086714
-0.436922
-0.521473
-0.298948
0.154359
0.673540
1.068032
1.194378
1.010991
0.594013
0.108208
-0.255995
-0.355256
-0.148095
0.289251
0.791939
1.169471
1.278457
1.077377
0.642445
0.138494
-0.243973
-0.361547
-0.172674
0.246482
0.731148
1.090898
1.182412
0.964240
0.512661
-0.007423
-0.405449
-0.537943
-0.363295
0.042389
0.514387
0.862326
0.942931
0.714794
0.254236
-0.273809
-0.678743
-0.817068
-0.647148
-0.245073
0.224452
0.571061
0.651486
0.424319
-0.034123
-0.558913
-0.959468
-1.092304
-0.915811
-0.506102
-0.027912
0.328357
0.419400
0.203767
-0.242271
-0.753835
-1.140394
-1.258522
-1.066663
-0.640993
-0.146311
0.226918
0.335321
0.137381
-0.290702
-0.784121
-1.152416
-1.252231
-1.042085
-0.598224
-0.085521
0.305491
0.431366
0.250518
-0.160919
-0.638204
-0.990940
-1.075835
-0.851463
-0.394131
0.131240
0.534063
0.670847
0.499964
0.097507
-0.371818
-0.717646
-0.796710
-0.567610
-0.106669
0.421175
0.825328
0.962292
0.790439
0.385865
-0.086714
-0.436922
-0.521473
-0.298948
0.154359
0.673540
1.068032
1.194378
1.010991
0.594013