-0.025640
-0.024871
-0.020864
-0.015255
-0.018365
-0.020068
-0.016528
-0.013985
-0.013886
-0.007975
-0.005130
-0.006886
-0.005916
-0.008515
-0.015228
-0.012357
-0.006548
0.002653
0.006697
0.004839
0.009871
-0.018393
-0.019490
0.012154
-0.000102
-0.014332
-0.015349
-0.009858
0.008049
0.029393
0.026042
0.010672
0.024180
-0.005891
-0.036755
-0.044281
-0.048579
-0.039850
-0.001797
-0.000482
0.022484
0.092104
0.003743
-0.036354
-0.065181
-0.118432
0.023491
0.093053
-0.034180
-0.008767
0.112543
-0.002890
-0.074863
-0.118372
-0.149563
-0.008188
-0.036962
-0.065836
0.014029
0.063117
0.056076
-0.030702
-0.093459
-0.060414
-0.004777
-0.039427
-0.021137
0.070073
0.060193
0.064396
0.097319
0.036861
0.014041
0.002081
-0.011325
0.024482
0.032316
-0.015656
-0.045385
-0.034380
-0.031939
-0.021245
-0.018899
0.000482
0.037193
0.029315
0.005971
0.006687
0.016105
0.015561
0.016962
0.010346
0.010196
0.016123
0.014548
0.016383
0.015497
0.013050
0.012257
0.012730
0.012153
0.009451
0.006326
0.003846
0.006991
0.009182
0.005863
0.005080
0.004116
-0.001087
-0.003853
0.001463
-0.003821
-0.008891
-0.005742
-0.000548
0.012430
0.009218
-0.005618
-0.002161
-0.000858
-0.000470
0.010400
0.013648
0.028925
0.018694
0.007036
0.008808
-0.001815
-0.001702
-0.010567
0.012406
0.053688
0.018592
-0.022226
0.018106
0.059234
-0.003203
-0.019439
0.003443
-0.006327
0.113493
0.088808
-0.029820
-0.019590
-0.047661
-0.052680
-0.077444
-0.092829
0.030878
0.120924
0.012021
-0.011498
0.085407
0.005796
-0.082889
-0.156939
-0.184593
-0.011625
0.091378
0.037282
0.019002
0.069866
0.143287
0.149472
0.077074
-0.029976
-0.016435
0.051386
0.041519
0.028093
-0.027925
-0.025544
-0.025616
-0.030638
-0.029755
-0.043735
0.013934
0.024360
0.020226
0.013911
0.025933
0.013536
-0.007973
0.003523
-0.025359
-0.004036
0.012762
-0.001057
-0.004011
-0.000789
-0.000621
-0.007164
-0.003097
-0.011246
-0.006748
-0.011270
-0.016327
-0.002049
0.000377
-0.005769
-0.012605
-0.015358
-0.020756
-0.018250
-0.016788
-0.023544
-0.021312
-0.019179
-0.018582
-0.013684
-0.011507
-0.015089
-0.015912
-0.016437
-0.010697
-0.013893
-0.017869
-0.014089
-0.013543
-0.002447
-0.009823
-0.006330
0.001551
-0.013481
-0.002596
-0.002035
-0.016825
-0.029000
-0.029850
0.007999
-0.002750
-0.030029
-0.011593
0.020430
0.056110
0.053312
0.052062
0.056515
0.029147
-0.013341
-0.021958
0.005285
-0.003519
-0.045797
-0.111036
-0.085684
-0.021473
-0.006409
-0.024933
-0.035923
0.063808
0.014643
-0.000164
0.023472
-0.102651
-0.095735
-0.068887
-0.044990
-0.104079
-0.105286
-0.076792
-0.038791
0.094293
0.049981
0.026554
0.058733
0.111925
0.077777
0.022292
0.013803
0.018256
0.052200
-0.024851
-0.033227
-0.005593
0.012716
0.041379
0.044139
0.033532
0.011862
0.009498
-0.033468
-0.034067
0.000754
0.000646
-0.003324
0.003533
0.009026
0.002754
0.012499
0.015943
0.019138
0.023067
0.014090
0.011425
0.011147
0.011701
0.012328
0.010907
0.002899
-0.000188
0.000458
-0.003243
-0.002788
-0.002524
-0.003447
-0.007638
-0.008340
-0.013010
-0.015957
-0.011152
-0.006472
-0.006757
-0.018750
-0.011393
-0.001125
-0.018134
-0.018005
-0.001650
-0.017216
-0.011214
0.009450
-0.005659
0.004761
0.016396
-0.002926
-0.003798
-0.007834
-0.022839
0.020708
-0.007037
-0.020525
0.036725
-0.059549
-0.035458
0.040466
-0.024813
-0.072862
-0.081474
-0.081009
0.006643
0.067785
-0.022139
0.024708
0.053500
0.000419
-0.023078
-0.041567
-0.079715
-0.067474
0.022245
-0.017701
-0.062977
-0.073735
-0.113922
-0.088196
-0.041342
-0.036562
0.016092
0.086161
0.028106
-0.013602
0.019573
-0.035729
-0.023873
-0.013960
-0.046005
0.022079
0.040158
-0.004093
-0.019373
0.022976
0.022723
0.012294
0.003999
-0.014311
0.018287
0.037513
0.028662
0.008953
0.022599
0.031744
0.043110
0.036480
0.016457
0.028268
0.016903
0.018798
0.024936
0.015676
0.012429
0.018593
0.023796
0.025657
0.026390
0.019705
0.017969
0.015562
0.018845
0.025362
0.023841
0.022049
0.018720
0.016424
0.016395
0.016869
0.015883
0.018145
0.018566
0.013548
0.015035
0.007703
0.005782
0.012236
0.007788
0.002491
0.011559
0.028463
0.016948
0.004726
0.010147
-0.000971
0.008276
0.031985
-0.000481
0.004137
0.040645
-0.002876
0.011241
-0.002584
-0.082533
-0.014631
-0.006183
-0.018894
0.097520
0.068026
0.017639
0.021877
-0.035392
-0.025191
-0.045567
-0.003087
0.059831
0.098761
0.182089
0.115151
-0.000137
-0.037885
0.027874
0.053758
0.009198
0.002549
0.026750
0.026937
0.052538
0.001998
-0.110924
-0.009172
-0.019602
0.005128
0.056816
-0.040383
0.033228
0.044569
0.071446
0.050458
-0.048781
-0.030945
0.004705
0.023613
-0.012529
-0.025953
-0.004352
0.008004
-0.018242
-0.044141
-0.041595
-0.030249
-0.015650
-0.029109
-0.032356
-0.024244
-0.033779
-0.032564
-0.017376
0.001596
-0.002083
-0.022180
-0.026708
-0.021825
-0.009414
-0.007867
-0.016059
-0.015127
-0.016477
-0.025073
-0.025278
-0.018698
-0.015995
-0.011846
-0.014872
-0.016054
-0.009953
-0.011580
-0.013632
-0.014032
-0.019353
-0.017605
-0.011448
-0.006599
-0.006086
-0.011578
-0.014224
-0.021898
-0.015472
-0.005413
-0.009568
-0.003625
-0.004507
-0.009718
-0.009855
-0.023286
-0.023894
-0.016514
-0.016810
-0.000765
0.010474
-0.012415
-0.015139
0.025954
-0.004112
0.017757
-0.000523
-0.079637
-0.006689
0.020889
0.036521
0.032437
0.011861
0.039274
0.066913
0.032108
-0.108339
-0.119070
-0.032241
0.025929
0.039446
-0.013320
-0.011359
0.048942
0.021897
-0.094973
-0.142227
-0.160655
-0.119455
-0.037075
-0.054814
-0.018020
0.034271
0.016748
0.058720
0.039739
-0.051250
-0.065736
-0.069537
-0.024316
0.029704
0.025095
0.023717
0.028693
0.065535
0.059690
0.022022
0.003937
-0.001844
0.038416
0.050341
0.035264
0.021644
-0.012216
-0.016452
0.001641
-0.011673
-0.009372
0.002032
-0.003887
0.013256
0.018766
0.008674
0.014012
0.019516
0.017080
0.021925
0.029467
0.030656
0.034221
0.030281
0.022183
0.021165
0.017800
0.011078
0.010004
0.009107
0.005544
0.007839
0.008485
0.006955
0.008142
0.001814
-0.004282
0.001141
-0.000123
-0.003849
-0.002731
-0.004100
0.001219
0.004214
0.006716
0.009448
0.022094
-0.004963
-0.019236
0.005628
0.000828
0.017161
0.020520
0.003724
-0.018060
0.000263
0.006315
-0.005210
0.053910
0.044479
-0.004519
0.015460
0.020197
0.021077
-0.005009
-0.037516
0.059923
0.081976
0.014764
0.001419
-0.070086
-0.085450
0.020206
-0.062660
-0.038485
0.140941
-0.032310
-0.053744
0.037048
0.008617
-0.003946
-0.040879
-0.064734
-0.027519
0.146346
0.023483
-0.074290
-0.013286
-0.011579
0.076687
0.046885
-0.016153
0.023286
0.126632
0.111075
0.074718
0.045535
-0.013695
0.009112
-0.018311
-0.049961
-0.032399
-0.013067
-0.004437
0.007301
0.012560
0.024380
0.040109
0.015059
-0.004971
-0.003756
-0.010367
-0.011615
-0.006483
-0.012151
-0.007407
0.002729
-0.004444
-0.007858
0.001113
-0.001436
-0.010055
-0.010891
-0.009879
-0.005121
-0.007655
-0.016900
-0.017952
-0.020526
-0.021677
-0.018690
-0.020620
-0.020431
-0.018003
-0.017479
-0.019120
-0.021102
-0.025733
-0.023484
-0.020831
-0.025519
-0.018868
-0.010413
-0.005843
-0.015900
-0.023702
-0.020235
-0.026922
-0.012569
0.006022
-0.021057
-0.028507
-0.019158
-0.067666
-0.042525
0.004416
0.018354
0.004018
-0.021499
-0.004883
-0.025795
-0.010610
-0.031764
-0.086871
-0.063168
-0.025584
0.043845
0.063054
-0.086854
-0.079601
0.055082
0.007650
-0.030826
-0.030696
-0.101649
0.060686
0.249047
0.044267
0.009002
0.146438
0.114640
0.124737
0.064824
-0.055946
-0.042575
0.023650
-0.075537
-0.131425
-0.080092
-0.122365
-0.026156
0.026539
-0.018100
0.022319
0.012875
-0.024258
0.017165
0.046094
0.014768
0.053396
0.042425
0.033275
0.081138
0.051061
0.014225
0.026066
0.017656
0.005195
0.017947
-0.015920
-0.019400
-0.004709
-0.027978
-0.029767
-0.012401
-0.009208
-0.011958
-0.007397
-0.017520
-0.013504
-0.009167
-0.020043
-0.020415
-0.016479
-0.013965
-0.008179
-0.006559
-0.010220
-0.004104
-0.003950
-0.004593
0.001603
0.000492
-0.000671
-0.001122
-0.003717
-0.005251
-0.006581
-0.012402
-0.010651
-0.008275
-0.013225
-0.016715
-0.020057
-0.019123
-0.016481
-0.014816
-0.032456
-0.026439
0.005908
-0.008914
-0.031705
-0.045591
-0.035274
0.012781
0.006576
-0.004748
-0.006703
-0.069537
-0.010392
0.008420
-0.061872
0.007860
-0.024122
-0.010527
0.086186
0.047714
-0.043763
-0.085841
0.017624
0.004826
-0.019403
0.003048
-0.061530
0.089274
0.197385
0.049597
-0.046898
-0.012147
0.011913
0.106127
0.078905
-0.052292
0.065554
0.091947
0.006401
-0.035772
-0.111655
-0.154378
-0.065554
0.029081
0.016371
0.026313
-0.015126
-0.038772
0.005071
0.036884
0.004757
-0.022541
0.006288
0.008819
0.014793
-0.026130
-0.055201
-0.058046
-0.061148
-0.040856
-0.026240
-0.025393
-0.031558
-0.021424
-0.017671
-0.008706
-0.006670
-0.016922
-0.017234
-0.013653
-0.005789
-0.011135
-0.015444
-0.009612
-0.011899
-0.017651
-0.017578
-0.011723
-0.007040
-0.006922
-0.010959
-0.012163
-0.009300
-0.003825
0.000717
0.002651
0.003511
0.000902
0.000983
-0.002105
-0.001770
0.001235
0.002116
0.006955
0.004290
-0.002048
-0.006279
0.001249
0.008714
-0.003446
-0.018141
-0.014016
-0.006719
-0.004169
0.005752
-0.003761
0.003903
0.019517
-0.002098
-0.013279
-0.008498
0.018952
0.024876
0.012271
0.024797
-0.010723
-0.054177
-0.019502
0.003213
0.000219
0.017763
0.042343
0.047312
0.046824
0.084598
-0.005745
-0.011693
0.134877
0.089071
0.049866
0.046064
0.003554
-0.087292
-0.077380
0.035695
-0.064324
-0.048273
0.030433
0.003260
0.030793
0.037467
-0.040904
-0.028199
0.066515
0.017555
-0.000249
0.007711
-0.002671
-0.026512
-0.071305
-0.059527
-0.029292
0.002404
-0.012999
0.008394
0.047746
0.040191
0.034334
0.001147
-0.017020
-0.012715
-0.017672
-0.032321
-0.024599
-0.008778
-0.015351
-0.018700
-0.019060
-0.009261
-0.004366
-0.010393
-0.007937
-0.005188
-0.006412
-0.007802
-0.006301
-0.006787
-0.007016
-0.005874
-0.002366
-0.001102
-0.000612
0.001598
-0.002311
-0.004236
-0.002174
-0.000207
-0.000321
-0.000954
-0.003767
-0.007549
-0.008485
-0.007529
-0.009127
-0.010574
-0.005394
-0.003768
-0.006813
-0.001088
0.003509
-0.003293
-0.009442
-0.007558
-0.008626
-0.008695
-0.002402
-0.009961
-0.015621
-0.012043
-0.012028
-0.009870
-0.007715
-0.007737
-0.005491
0.002966
0.007977
0.005354
0.003242
0.002343
0.002735
0.003241
0.000642
-0.000256
-0.000570
-0.002953
-0.002447
-0.000233
0.001663
0.003943
0.003864
0.002022
0.001467
0.002311
0.001737
-0.000359
-0.002259
-0.002637
-0.002746
-0.002970
-0.002119
-0.000165
0.001639
0.002058
0.002195
0.002224
0.002401
0.002206
0.001582
0.001035
0.001049
0.001330
0.001309
0.001189
0.001584
0.001840
0.002025
0.002073
0.002078
0.001710
0.001254
0.000948
0.000666
0.000647
0.000756
0.000683
0.000630
0.000602
0.000475
0.000365
0.000319
0.000298
0.000502
0.000724
0.000925
0.001230
0.001248
0.000947
0.000670
0.000504
0.000562
0.000905
0.001068
0.000945
0.000853
0.000793
0.000772
0.000846
0.000783
0.000689
0.000811
0.000987
0.001042
0.000946
0.000787
0.000629
0.000526
0.000463
0.000362
0.000273
0.000146
0.000007
-0.000058
-0.000101
-0.000048
0.000049
0.000090
0.000042
-0.035647
-0.012882
-0.011756
0.027694
0.007294
0.051273
-0.007338
-0.086851
0.081014
0.050483
-0.066378
0.000228
-0.025092
0.001777
0.034580
0.049223
0.136713
0.185914
-0.030484
-0.167816
-0.104438
-0.075922
-0.034318
0.100619
0.076605
-0.057275
0.225161
-0.060036
-0.232801
0.038440
-0.346337
-0.048032
0.466913
-0.233349
-0.060932
0.605949
-0.223202
-0.541163
-0.181982
-0.245595
0.363895
-0.147679
-0.628948
0.340000
0.129059
-0.264274
0.048676
-0.114936
0.124688
0.026888
-0.451246
0.106172
0.437035
0.156428
0.106775
0.214009
0.080788
0.102958
0.085953
0.111367
0.253760
0.057702
-0.179500
-0.093635
-0.034448
-0.068262
-0.080783
-0.005199
0.060255
0.027609
-0.049964
-0.055413
0.031425
0.079977
0.030828
0.027177
0.024211
0.010256
0.012471
-0.044537
-0.024009
0.025916
0.018298
-0.005980
-0.001243
-0.007929
0.013806
0.010237
0.006836
0.021137
0.007519
-0.011066
-0.003343
-0.001238
0.006431
0.004405
0.014101
0.018977
-0.024009
-0.013818
-0.005404
0.006914
0.011993
-0.040883
-0.008740
0.037953
-0.022222
0.007060
0.019388
0.062727
0.037673
-0.067255
0.013063
0.012655
-0.034126
-0.003635
0.000229
0.163419
0.041582
-0.232133
0.038698
0.259841
-0.065777
-0.147603
0.211480
0.023598
0.148174
0.226256
-0.186730
0.151918
-0.047811
-0.451017
-0.125954
-0.275657
0.147836
0.681743
-0.241520
-0.378302
0.379990
-0.028510
-0.310447
-0.218429
-0.282451
0.143400
-0.063271
-0.422538
0.343910
0.422755
0.146337
0.230420
0.072720
0.127546
0.241330
0.250666
0.094277
-0.110662
-0.093384
0.130688
-0.040116
-0.300476
-0.101383
-0.076734
0.013542
0.057982
-0.056690
0.029494
0.053437
-0.034922
0.012577
0.041136
-0.040243
-0.006679
-0.027915
-0.136235
-0.088204
0.023479
-0.013011
-0.056682
-0.048110
-0.049090
-0.008741
-0.020428
-0.037275
-0.009528
-0.009060
-0.032842
-0.013975
-0.005042
-0.022443
-0.006727
-0.014361
-0.033328
-0.030557
-0.027962
-0.029428
-0.010994
-0.003306
-0.010481
0.000529
-0.007119
0.017005
0.007289
-0.053293
-0.015403
-0.013509
-0.006398
0.006593
-0.013623
0.052856
-0.026775
-0.085652
0.012591
-0.047162
-0.051090
-0.047292
0.043900
0.082398
-0.117740
-0.000529
0.162976
0.109678
0.072061
0.098602
0.253886
0.153809
-0.169269
-0.093644
0.171804
0.084673
-0.085012
-0.240324
-0.216112
-0.099041
-0.219347
-0.048029
0.091684
0.297914
-0.023942
-0.462571
0.118258
-0.072371
-0.251349
0.051048
-0.119005
-0.333864
-0.404931
-0.256400
0.038745
0.280821
0.032478
0.044943
0.290349
0.271341
0.065546
0.149147
0.349365
0.290281
0.125786
-0.197272
-0.149861
0.165260
0.137141
0.058655
0.132315
0.073732
-0.006058
-0.040749
-0.094144
0.040219
0.104061
-0.012916
-0.077630
-0.060805
-0.062989
-0.061862
-0.009234
-0.004421
0.003216
-0.007914
-0.033772
-0.049400
-0.008843
-0.001695
-0.000860
0.004620
-0.013441
-0.025145
-0.031770
-0.021649
-0.005362
0.003422
-0.014173
-0.022291
-0.018350
-0.023492
-0.029178
-0.015319
-0.003058
0.006800
-0.031449
-0.009885
0.070289
-0.001147
-0.055315
0.058366
-0.012909
-0.069331
0.057830
-0.020267
-0.019175
0.036331
-0.094178
-0.039594
0.023624
-0.134463
0.101706
0.107989
-0.196684
0.243449
-0.100789
-0.327619
0.313253
-0.064302
-0.277556
-0.066605
-0.348456
-0.016856
0.231383
-0.257680
0.345094
0.433805
-0.302883
-0.190564
0.009121
0.039187
0.070383
0.044335
0.016557
-0.261944
-0.410998
-0.238379
-0.137771
-0.010439
-0.062143
0.068593
0.372385
-0.030949
-0.284303
0.292890
0.092798
-0.116386
0.169854
-0.059439
0.105067
0.112889
-0.262815
0.052432
0.193423
0.012676
0.125104
0.034627
-0.006351
0.129081
0.002580
0.037156
0.104971
0.105903
0.139415
0.031407
0.010116
0.053039
0.076374
0.062481
0.027949
0.003222
0.016160
-0.001150
0.032736
0.030607
0.001727
0.024662
0.002834
0.004345
0.018134
0.008679
0.006637
0.010489
-0.009134
0.005305
0.003474
-0.000252
0.007661
-0.007609
-0.002507
0.015923
0.004760
0.022011
0.009430
-0.016183
0.029537
0.023900
-0.027292
-0.014837
0.035302
-0.001440
-0.063884
0.003062
0.031236
-0.029492
0.076636
0.017925
-0.030198
0.174180
-0.059853
-0.087828
0.140366
-0.303632
-0.087796
0.134018
-0.331354
0.280717
0.309172
-0.214802
0.204509
-0.217781
-0.192101
0.116022
-0.161009
0.421995
0.356507
0.140835
0.338401
-0.186732
-0.185272
0.303866
0.133686
0.111784
0.068552
0.077643
0.026956
-0.276334
-0.107771
-0.118246
0.205412
0.061366
-0.422580
0.139968
-0.175889
-0.104505
0.368243
0.019966
0.112428
-0.134767
-0.265860
0.236474
-0.099866
-0.188161
0.126776
-0.056623
-0.033510
-0.248990
-0.250182
0.144025
0.013334
-0.151457
-0.077103
-0.155676
-0.039057
-0.037607
-0.110045
0.090832
0.034758
-0.079149
-0.017440
-0.038193
0.036994
0.055721
-0.022645
0.001167
0.001168
-0.017991
-0.006025
-0.023870
0.007537
0.006136
-0.027751
-0.005871
-0.024679
-0.013676
0.000324
-0.015097
0.009882
0.009809
-0.030533
-0.002459
-0.001488
-0.016264
-0.003567
-0.012990
-0.034378
-0.011199
0.032767
0.015044
0.018753
0.015197
-0.041672
-0.056344
-0.065617
-0.038917
0.060124
0.009969
-0.012538
0.043588
-0.041988
-0.091242
0.151408
0.046085
0.018353
0.150872
-0.303024
-0.029762
0.147928
-0.075225
0.228765
0.120007
0.036820
0.209706
-0.096975
-0.292088
-0.124991
0.082637
0.076545
-0.076490
-0.075873
0.071986
0.163457
-0.098882
-0.448586
-0.219446
-0.122822
-0.356436
-0.191842
-0.201263
-0.082336
0.221145
-0.103549
0.003806
0.278764
-0.179285
-0.008334
0.026537
-0.156898
0.180873
0.050764
0.113889
0.313354
0.044413
0.099622
0.089034
0.070074
0.260792
0.180137
0.118787
0.087620
0.033906
0.066058
0.005204
0.019796
-0.006143
-0.074924
-0.000048
-0.042738
-0.041571
0.003630
-0.065393
-0.007415
0.067564
-0.008140
0.018054
0.029734
-0.023941
0.015802
0.011655
0.004855
0.036452
-0.001129
-0.021871
-0.002773
-0.011633
-0.006079
-0.003030
-0.013393
-0.005306
0.006154
0.004552
0.004584
0.021543
0.022214
-0.011648
-0.012117
-0.003350
0.005183
-0.003537
0.004016
0.021404
0.078984
-0.004956
-0.119169
0.025181
-0.016829
-0.028711
0.072236
0.030023
-0.058734
-0.059351
-0.043938
-0.056326
0.156241
0.211233
-0.091000
-0.048338
-0.008497
-0.080403
0.075213
-0.070525
0.283092
0.426150
-0.279805
-0.117798
0.038299
-0.332873
0.149882
-0.107017
-0.342029
0.815289
-0.222071
-0.687058
0.453645
-0.089694
-0.036137
0.120938
-0.234638
0.163941
0.260405
-0.340405
-0.123430
0.291534
-0.024505
-0.020338
0.013893
-0.041132
0.285042
0.408088
0.088571
0.055625
0.132004
0.147632
0.131137
-0.113917
-0.192902
-0.035689
-0.032574
-0.135677
-0.013211
-0.003050
0.006386
0.046313
-0.052000
-0.022783
0.029725
-0.020904
-0.068863
-0.061720
-0.070207
-0.026038
-0.022296
-0.087010
-0.076221
-0.030598
-0.028665
-0.037060
-0.015134
-0.028769
-0.021363
-0.023031
-0.025299
-0.007343
-0.020554
-0.032579
-0.028014
-0.035575
-0.035433
-0.017073
-0.027042
-0.018693
-0.016028
-0.038093
-0.013284
0.000973
-0.035771
-0.019653
-0.003986
-0.000417
-0.012991
-0.046542
0.014527
-0.021357
-0.050436
0.070576
-0.025283
-0.131781
0.031312
-0.204111
-0.189055
0.125879
0.069590
0.107806
-0.012103
-0.036835
-0.035651
-0.132118
0.000148
-0.008204
-0.032202
-0.024691
-0.129121
0.195665
-0.151731
-0.305306
0.486494
0.024356
-0.471977
0.163658
-0.011324
0.113846
0.766251
-0.153748
-0.040617
0.877337
0.078670
0.086315
0.340314
-0.124057
0.282075
0.035873
-0.644862
-0.324575
0.020405
-0.290514
-0.201508
-0.052490
-0.210929
-0.033685
0.010527
-0.139813
0.064148
0.080871
-0.033166
0.232977
0.106101
-0.014639
0.217285
0.077996
-0.091136
0.143545
0.119269
-0.006908
0.039286
-0.101407
-0.030779
0.062857
-0.115186
-0.034388
0.040786
-0.073920
-0.050102
-0.013397
-0.039497
-0.010404
-0.042656
-0.052950
-0.009060
-0.034299
-0.039974
-0.038486
-0.041764
-0.040186
-0.013080
-0.019323
-0.014607
-0.009600
-0.018514
-0.029208
-0.025034
-0.009769
-0.013200
-0.009800
-0.028870
-0.014971
-0.005055
-0.012968
-0.018260
-0.020350
0.005625
0.013487
0.017854
-0.019250
-0.049072
0.085001
0.031595
-0.118683
-0.071372
-0.064898
0.041332
0.030042
-0.055284
0.162035
-0.146481
-0.202939
0.165150
-0.256624
0.130826
0.239977
-0.280159
0.271457
0.058190
-0.322119
0.005233
0.080751
0.063721
-0.182536
-0.040412
0.069858
0.170224
0.530503
0.019266
-0.196986
0.338715
-0.035618
0.042155
0.386696
-0.146325
0.467738
0.403695
-0.642662
-0.233921
0.002358
-0.271935
-0.000677
-0.142586
-0.160026
0.098561
-0.250163
-0.129397
0.096343
-0.077735
0.023520
0.064447
0.129286
0.040424
-0.219067
-0.177871
-0.054932
-0.082407
-0.046025
-0.105326
-0.140206
-0.104211
-0.143101
-0.026445
0.056488
0.029715
0.025775
-0.010250
0.000661
0.071932
0.030990
0.010718
0.032440
0.012849
0.024453
-0.004344
-0.008069
0.028112
0.015077
0.014841
0.019883
0.012150
0.022441
0.020279
0.000445
0.014686
0.018032
0.009632
0.015182
-0.002839
-0.007046
0.003743
-0.005219
0.008784
0.000853
-0.011450
-0.001833
0.017117
0.052430
0.026688
-0.052842
-0.037307
0.002377
-0.072541
-0.016937
0.038721
0.018953
0.093474
-0.041155
-0.112482
0.005400
0.066472
0.115243
0.050875
0.087180
0.058660
-0.259078
-0.115961
0.126998
-0.000473
0.070129
0.093028
0.059562
-0.019954
0.089052
0.090840
-0.023876
0.502989
0.255510
-0.126220
0.221666
0.073501
-0.242259
-0.355068
0.083340
0.031253
-0.286223
0.066639
-0.023867
-0.209639
-0.022829
-0.216264
0.105315
0.457924
-0.222718
-0.131136
0.182365
-0.105239
-0.116800
-0.179094
-0.147256
0.054956
-0.120982
-0.129879
0.073770
0.109325
0.096499
0.022858
0.004385
0.123012
0.062952
-0.031691
-0.054317
-0.025237
-0.003637
-0.051360
-0.060114
0.003080
-0.007942
-0.027428
-0.013128
-0.014142
0.030896
0.015152
-0.005069
0.010883
0.002269
-0.009744
-0.004703
-0.014092
-0.004674
-0.011015
-0.020029
-0.013099
-0.014248
-0.008509
0.003563
-0.003208
0.004264
0.010163
-0.000515
0.003860
0.006730
-0.000313
-0.004554
-0.005279
-0.004321
-0.009958
-0.004393
0.022076
0.001988
-0.019359
-0.003775
-0.013583
-0.019859
0.006051
0.001122
0.007617
0.012634
-0.026819
-0.032851
-0.016397
-0.037673
-0.020924
0.011111
-0.025359
-0.014908
0.011446
0.004157
0.022348
0.030112
0.006919
0.008771
0.030660
0.017912
0.003403
0.011625
0.012801
-0.006915
-0.004489
-0.003437
-0.008177
0.005728
0.001588
0.001411
0.014734
0.019282
0.006600
-0.001319
0.000333
0.002109
0.002346
-0.002074
-0.003124
-0.006437
-0.004777
-0.005757
-0.000978
0.005660
-0.001084
0.003056
0.007605
0.004340
0.004108
0.005001
0.002947
0.000112
-0.001867
-0.002774
-0.000069
0.000543
0.000744
0.000817
0.001175
0.002145
0.001344
0.001119
0.001418
0.001212
0.000620
-0.000354
-0.000043
0.000396
0.000383
0.000096
0.000255
0.000079
-0.000409
0.000458
0.001553
0.001094
0.000403
-0.000131
-0.000632
-0.000539
0.000933
0.000752
0.000544
0.001164
0.000184
-0.000772
-0.000179
0.000168
0.000065
0.001550
0.001774
0.000322
0.000257
0.000614
0.000106
0.000269
0.000372
-0.000493
-0.000578
-0.000395
-0.000593
-0.000624
-0.000400
-0.000844
-0.001263
-0.000899
-0.000683
-0.000097
0.000228
-0.000140
-0.000235
-0.000052
-0.000142
-0.000010
0.000211
-0.000197
-0.000220