-0.000031
-0.000031
0.000000
-0.000031
-0.000153
0.000122
-0.000092
0.000000
0.000092
-0.000244
0.000305
-0.000854
0.000977
-0.001648
0.001770
-0.002136
0.002228
0.008209
0.115692
0.045288
-0.187775
-0.014587
-0.062103
-0.092743
0.178375
0.133789
0.129578
0.147888
0.191467
0.111694
-0.045563
0.017365
-0.031677
-0.092194
0.022949
0.042969
-0.033203
-0.008575
-0.025543
-0.031342
-0.029755
-0.069763
-0.029266
-0.015167
-0.048706
-0.008850
-0.010925
-0.023010
-0.012115
-0.026825
-0.036407
-0.033539
-0.022217
-0.022125
-0.026855
-0.019897
-0.009674
-0.009949
-0.003479
-0.008972
-0.012482
-0.004486
-0.004944
-0.006073
0.001404
-0.005432
-0.006470
-0.008667
-0.012299
-0.008911
-0.008423
-0.007629
-0.008179
-0.010254
-0.012756
-0.009644
-0.005920
-0.003357
-0.003021
-0.002594
-0.005035
-0.006653
-0.005554
-0.004059
-0.004517
-0.002350
-0.000916
-0.001434
-0.002655
-0.003876
-0.006531
-0.008331
-0.009094
-0.010803
-0.006439
-0.005035
-0.014709
-0.019562
-0.014618
-0.010986
0.002136
0.008484
0.005646
0.003326
-0.004272
-0.008301
-0.009613
-0.012329
-0.016602
-0.017456
-0.006165
0.002563
0.003632
0.003571
-0.000549
-0.000885
-0.001404
-0.001190
0.002258
0.005249
0.005615
0.002960
0.002045
0.001007
-0.001251
-0.002289
-0.004547
-0.006378
0.000305
-0.000549
0.000977
-0.001495
0.001678
-0.002777
0.003021
-0.003723
0.003387
-0.003967
0.004303
-0.003265
0.159607
0.236359
-0.397064
-0.176514
0.060852
-0.219208
0.374481
0.317596
0.077637
0.187378
0.404114
0.246277
-0.277710
-0.011108
-0.132690
-0.293427
0.153778
0.100983
-0.136230
0.000519
-0.025146
-0.015686
0.014984
-0.083191
-0.015503
-0.096771
-0.180115
0.003357
0.009796
-0.083649
-0.036926
-0.042786
-0.033020
-0.017761
-0.024933
-0.013000
0.003357
-0.013733
-0.005890
-0.009247
-0.017456
-0.014313
-0.011475
-0.006561
-0.007141
0.000488
0.002228
-0.010529
-0.012604
-0.007782
-0.012543
-0.012848
-0.016144
-0.011322
-0.016388
-0.008759
-0.001892
-0.000885
0.004669
0.002350
-0.007080
-0.003265
-0.005554
-0.011932
-0.009491
-0.010437
-0.012024
-0.007172
-0.003876
-0.005035
-0.001495
-0.002167
-0.000671
-0.001160
0.000885
-0.002747
-0.002472
-0.005707
-0.008636
-0.005707
-0.000061
-0.003693
-0.018158
-0.017914
-0.014404
-0.005829
0.008423
0.007385
0.006134
0.007721
-0.001099
-0.001648
-0.004730
-0.016266
-0.025543
-0.016174
0.006989
0.010254
0.006317
0.005127
-0.000580
0.001617
0.002777
0.006653
0.011810
0.011230
0.007996
0.003296
0.002533
0.001038
-0.001770
-0.003021
-0.002197
-0.001495
-0.002655
-0.004761