-0.018855
-0.019265
-0.019725
-0.017720
-0.015795
-0.015444
-0.011456
-0.008934
-0.005989
-0.007332
-0.006963
-0.003868
-0.003967
-0.003506
-0.003036
-0.003339
-0.007917
-0.009752
-0.008076
-0.006045
-0.002401
-0.001293
-0.000997
-0.003785
-0.004436
-0.000128
0.001451
0.000944
-0.003539
-0.007389
-0.006229
-0.000791
0.006183
0.013256
0.011746
-0.001144
-0.005634
-0.004767
-0.012381
-0.016812
-0.012028
-0.008751
-0.000037
0.009911
0.007178
0.002620
-0.014710
-0.037357
-0.020884
0.000194
-0.002588
0.007104
0.008193
-0.011284
-0.013960
-0.024140
-0.042578
-0.040816
-0.056654
-0.058770
-0.027493
-0.032421
-0.040137
-0.014024
-0.004234
-0.031552
-0.053724
-0.040977
-0.011596
-0.000726
-0.010575
0.013417
0.045153
0.042766
0.034315
0.029728
0.031507
0.033087
0.021244
0.013474
0.020381
0.014106
-0.004850
-0.002085
0.011977
0.009393
-0.001013
0.000017
0.010886
0.018293
0.015623
0.015647
0.024525
0.025912
0.015629
0.006932
0.005507
0.008156
0.007513
0.006588
0.007645
0.007631
0.004570
0.000975
0.002302
0.003105
0.004667
0.005364
0.005269
0.006188
0.005248
0.002686
-0.000038
0.000943
0.001791
0.000962
0.002471
0.002323
0.003275
0.002873
-0.000684
-0.001950
-0.002582
-0.001680
0.002199
0.007889
0.010628
0.009355
0.008152
0.008991
0.009658
0.005406
0.000326
0.006600
0.016930
0.014679
0.007903
0.011423
0.015627
0.011296
0.013007
0.014988
0.013979
0.027973
0.036000
0.036865
0.026162
-0.013052
-0.031785
-0.021950
-0.024004
-0.015768
0.001787
-0.000755
0.002912
0.016047
0.004555
-0.010687
-0.026999
-0.051237
-0.052792
-0.048081
-0.020250
0.021897
0.014053
0.000083
0.043149
0.083980
0.063405
0.031358
0.027961
0.040015
0.047848
0.038967
0.025699
0.010213
-0.003217
-0.003845
-0.001897
-0.006906
-0.012433
-0.004502
0.010992
0.015053
0.017159
0.021250
0.015997
0.005066
0.002564
-0.001391
-0.011728
-0.011374
-0.009646
-0.011921
-0.012401
-0.011606
-0.014354
-0.017867
-0.019003
-0.019071
-0.015969
-0.016326
-0.014264
-0.011160
-0.012576
-0.015418
-0.016136
-0.014905
-0.017127
-0.016406
-0.015810
-0.016257
-0.015981
-0.018075
-0.018032
-0.019589
-0.017503
-0.013781
-0.012265
-0.009980
-0.010602
-0.009651
-0.008772
-0.007937
-0.004783
-0.005309
-0.011935
-0.014555
-0.009421
-0.008476
-0.012522
-0.014837
-0.010328
-0.005657
-0.006287
-0.003086
0.004548
0.013463
0.021016
0.030058
0.034373
0.023896
0.010630
0.012179
0.019802
0.014014
-0.000189
-0.015275
-0.029973
-0.040731
-0.038316
-0.022400
-0.010035
-0.012943
-0.026871
-0.015666
0.000458
-0.018319
-0.039417
-0.046667
-0.049246
-0.058153
-0.079062
-0.088336
-0.068612
-0.042361
-0.032816
-0.010472
0.012395
0.004716
0.016372
0.046813
0.056094
0.041116
0.030155
0.030288
0.030874
0.028775
0.014823
0.021210
0.037292
0.038591
0.029392
0.022414
0.024449
0.023970
0.021527
0.016197
0.022407
0.020929
0.007260
0.005545
0.010370
0.012318
0.007190
0.006518
0.004634
0.003309
0.002216
-0.003114
-0.000638
0.000944
-0.001085
-0.004726
-0.006819
-0.006974
-0.009088
-0.007799
-0.008570
-0.007508
-0.006478
-0.009115
-0.011773
-0.014601
-0.014373
-0.016513
-0.016495
-0.012124
-0.007333
-0.006910
-0.007674
-0.005197
-0.006032
-0.003691
-0.001465
-0.002228
-0.000355
-0.004512
-0.009729
-0.007023
-0.007392
-0.009054
-0.000557
-0.001072
-0.002078
0.003126
-0.007183
-0.008764
-0.000095
-0.009077
-0.021457
-0.039857
-0.057847
-0.041716
-0.024122
-0.016848
0.004613
0.002160
-0.024158
-0.013877
0.001841
-0.013399
-0.028089
-0.027027
-0.021757
-0.029792
-0.053794
-0.072287
-0.061186
-0.056362
-0.056635
-0.028162
-0.007779
-0.019714
-0.018555
0.003736
0.000470
-0.003282
0.001000
-0.001262
0.000720
-0.007231
-0.011313
0.003397
0.007178
0.002721
0.016676
0.025168
0.011172
0.005508
0.011830
0.021978
0.036196
0.036752
0.032406
0.035854
0.041022
0.036407
0.029865
0.028677
0.029653
0.032820
0.030671
0.029313
0.025943
0.021319
0.019711
0.022351
0.024615
0.021420
0.020218
0.019058
0.020167
0.020835
0.019034
0.018632
0.015805
0.013245
0.011491
0.009819
0.009246
0.010252
0.011938
0.012131
0.010933
0.009720
0.011502
0.011215
0.008497
0.009643
0.010268
0.007907
0.004650
0.003423
0.002390
0.004739
0.008750
0.008882
0.014065
0.016148
0.011583
0.015403
0.009544
-0.010141
-0.013833
-0.014913
-0.010119
0.015451
0.021541
0.017062
0.014750
-0.001140
-0.005930
-0.000660
0.006157
0.021311
0.040851
0.056652
0.063816
0.055967
0.038049
0.033590
0.048319
0.058617
0.051533
0.032472
0.018714
0.019743
0.022569
0.027217
0.016910
-0.012678
-0.007962
0.013064
-0.000987
-0.007027
0.009649
0.027450
0.036583
0.021313
0.006448
-0.004665
-0.011471
-0.010169
-0.004507
-0.007166
-0.025408
-0.027027
-0.020092
-0.019070
-0.034211
-0.046924
-0.037233
-0.031644
-0.034510
-0.038593
-0.032968
-0.025732
-0.026976
-0.025935
-0.020802
-0.020087
-0.025662
-0.024833
-0.018466
-0.011502
-0.012550
-0.019878
-0.019396
-0.015508
-0.015860
-0.019192
-0.016108
-0.011737
-0.011344
-0.009528
-0.010066
-0.007945
-0.008412
-0.011403
-0.009997
-0.008044
-0.005300
-0.006119
-0.006861
-0.008760
-0.011858
-0.011411
-0.008846
-0.005789
-0.004754
-0.007220
-0.011216
-0.013289
-0.015051
-0.015185
-0.015381
-0.017233
-0.013808
-0.008409
-0.007979
-0.006870
-0.001224
0.002868
0.007562
0.000583
-0.014481
-0.012475
-0.004379
0.007333
0.023142
0.019012
0.012543
0.019251
0.018054
0.004020
-0.011504
-0.024906
-0.022520
0.001125
0.008218
-0.001370
-0.010525
-0.019226
-0.021324
-0.030959
-0.065160
-0.092898
-0.083029
-0.065495
-0.054822
-0.053160
-0.051660
-0.023698
-0.007747
-0.018940
-0.029979
-0.041482
-0.044091
-0.026470
-0.004919
0.009139
0.013385
0.009953
0.017618
0.034117
0.036292
0.025707
0.025009
0.037562
0.050027
0.053838
0.044252
0.035216
0.032252
0.029767
0.027580
0.019478
0.011547
0.009450
0.011803
0.017228
0.022863
0.023630
0.018451
0.018173
0.019576
0.016026
0.015174
0.015125
0.015349
0.016287
0.013705
0.009605
0.006460
0.004389
0.002249
0.001924
0.002304
0.000951
0.001815
0.001199
-0.000354
-0.000325
-0.001312
-0.000034
0.001493
0.002349
0.002583
0.002467
0.003762
0.005420
0.006217
0.000818
-0.002405
0.000123
-0.000305
0.003016
0.009061
0.008789
0.004322
-0.000670
-0.001183
0.007541
0.020896
0.020879
0.012924
0.010512
0.003467
0.007356
0.011759
0.010933
0.023175
0.028601
0.023310
0.020262
0.004387
-0.017801
-0.022030
-0.022525
0.000752
0.014313
-0.021600
-0.022457
0.001299
-0.005191
0.000217
0.004628
-0.012872
-0.010739
-0.003916
-0.005848
0.016832
0.016553
-0.024631
-0.005992
0.037601
0.033213
0.021618
0.020086
0.039144
0.066948
0.074047
0.052875
0.038691
0.031348
0.017323
0.013639
0.001902
-0.004375
0.001781
0.007351
0.009381
0.013643
0.014812
0.007582
0.004732
0.001095
0.001681
0.000155
-0.005753
-0.008481
-0.010161
-0.011877
-0.016179
-0.017059
-0.020188
-0.021495
-0.019034
-0.020955
-0.019132
-0.016540
-0.014051
-0.015856
-0.019998
-0.020008
-0.021475
-0.020721
-0.021352
-0.020440
-0.019374
-0.020377
-0.019191
-0.020032
-0.019966
-0.020748
-0.021421
-0.020776
-0.018431
-0.015094
-0.015414
-0.014093
-0.015564
-0.017666
-0.013195
-0.009425
-0.011342
-0.013866
-0.021022
-0.033027
-0.033671
-0.025784
-0.015945
-0.006334
-0.009500
-0.017422
-0.016420
-0.013685
-0.014024
-0.020214
-0.030384
-0.040937
-0.025531
-0.003991
-0.019658
-0.030890
-0.021868
-0.019587
-0.010556
-0.005662
-0.020863
-0.004500
0.030526
0.049953
0.080884
0.076696
0.050066
0.086158
0.110574
0.074812
0.048865
0.022976
-0.002352
0.009539
-0.003050
-0.051659
-0.049606
-0.026500
-0.029589
-0.023253
-0.022695
-0.025163
-0.011530
-0.003497
0.008347
0.027207
0.021592
0.008357
0.021511
0.028374
0.021751
0.019715
0.011658
0.007815
0.009298
0.004150
0.000101
-0.001365
-0.007697
-0.003100
0.003293
-0.004798
-0.006950
-0.003926
-0.005853
-0.009519
-0.006571
-0.004428
-0.005532
-0.007695
-0.011906
-0.012163
-0.014804
-0.017152
-0.016130
-0.014887
-0.012748
-0.013523
-0.013577
-0.012506
-0.009993
-0.008618
-0.010880
-0.010573
-0.011740
-0.013288
-0.013382
-0.013872
-0.012639
-0.012122
-0.013153
-0.013312
-0.010678
-0.010600
-0.010129
-0.005862
-0.009571
-0.016175
-0.021017
-0.025140
-0.022596
-0.018136
-0.010702
-0.008961
-0.024419
-0.027216
-0.019032
-0.010209
-0.000974
-0.012515
-0.014146
0.005767
0.008864
0.002813
-0.002095
-0.011543
-0.015913
-0.001356
0.003558
-0.006642
0.011290
0.030795
0.040726
0.052756
0.028588
0.001828
0.032057
0.064421
0.058129
0.051627
0.034238
0.018150
0.035411
0.019275
-0.026864
-0.041643
-0.033169
-0.013547
-0.003172
-0.023415
-0.035087
-0.016546
-0.008773
-0.000740
0.012738
-0.000966
-0.026954
-0.029403
-0.013996
-0.016398
-0.031747
-0.046732
-0.048181
-0.043533
-0.049357
-0.055715
-0.053712
-0.041579
-0.031559
-0.021400
-0.015314
-0.016861
-0.018754
-0.020264
-0.014121
-0.007506
-0.007105
-0.009370
-0.008597
-0.005659
-0.008007
-0.010569
-0.009874
-0.004776
-0.000699
-0.000366
0.001544
0.002962
0.005190
0.005939
0.005851
0.007588
0.005876
0.004213
0.003891
0.003703
0.004644
0.005101
0.004506
0.001888
0.000253
0.002218
0.002210
0.000684
-0.000925
-0.006049
-0.007505
-0.003937
-0.002078
-0.001916
-0.003836
-0.007699
-0.006908
-0.002435
-0.000084
0.004282
0.012169
0.014759
0.004958
-0.009014
-0.008929
0.000151
0.008814
0.013425
0.013501
0.014181
0.018937
0.025958
0.028407
0.038879
0.049372
0.049831
0.065373
0.069073
0.039201
0.007781
-0.001201
0.006258
0.006358
0.000054
-0.013938
-0.020538
-0.005211
-0.010168
-0.013438
0.011972
0.009725
-0.010084
0.006906
0.019559
-0.012326
-0.027466
-0.020713
-0.023807
-0.029377
-0.035225
-0.033177
-0.022162
-0.016559
-0.016009
-0.000940
0.012997
0.010181
0.000748
-0.004937
-0.001754
-0.005422
-0.013127
-0.014663
-0.006908
-0.004610
-0.012242
-0.012943
-0.010401
-0.007345
-0.007844
-0.008253
-0.003070
0.000842
0.000159
-0.003183
-0.000358
0.000605
-0.003228
-0.004542
-0.004750
-0.004392
-0.005868
-0.004937
-0.004992
-0.004693
-0.003031
-0.004320
-0.004844
-0.004811
-0.003720
-0.004198
-0.004494
-0.002783
-0.003046
-0.002619
-0.003556
-0.004719
-0.005192
-0.007078
-0.008384
-0.009523
-0.007568
-0.005615
-0.006496
-0.006037
-0.006837
-0.007543
-0.005018
-0.004683
-0.005646
-0.005439
-0.005574
-0.005577
-0.004779
-0.004422
-0.004891
-0.002794
0.001524
0.003650
0.004307
0.002138
0.000814
0.001755
0.001497
0.001269
0.002063
0.001962
0.000102
-0.000834
0.000135
-0.000216
-0.000220
0.001118
0.001418
0.001872
0.002516
0.002144
0.001581
0.001133
0.000506
0.000690
0.000703
0.000983
0.001180
0.001446
0.001677
0.001748
0.001696
0.001636
0.001581
0.001562
0.001311
0.001132
0.001161
0.001345
0.001314
0.001280
0.001136
0.000913
0.000776
0.000776
0.000810
0.000798
0.000776
0.000686
0.000569
0.000475
0.000405
0.000470
0.000621
0.000685
0.000628
0.000578
0.000518
0.000466
0.000535
0.000568
0.000633
0.000755
0.000780
0.000792
0.000838
0.000858
0.000885
0.000872
0.000798
0.000756
0.000842
0.000947
0.000916
0.000760
0.000494
0.000312
0.000356
0.000470
0.000448
0.000359
0.000283
0.000169
0.000092
0.000117
0.000062
0.027134
0.029375
0.043523
0.062210
-0.110362
0.001604
0.101281
-0.039489
-0.044869
-0.052130
-0.006983
0.127154
0.108565
0.035753
0.148197
0.150159
-0.119231
-0.160315
-0.203264
-0.175056
0.007466
0.221141
0.085107
0.293498
0.323136
-0.370756
-0.238381
-0.472226
-0.412025
0.576645
0.270163
-0.375460
0.440326
0.481083
-0.396417
-0.381093
-0.933897
-0.294058
0.645286
-0.369503
-0.074612
0.429524
0.086925
0.060533
-0.296958
-0.476144
0.114675
-0.016610
-0.220929
0.263552
0.334869
0.321336
0.529307
0.216111
-0.124192
0.007688
-0.145885
0.102134
0.328073
0.037685
-0.109368
-0.062379
-0.057278
-0.064957
-0.025058
-0.023151
0.118190
0.117750
-0.026718
-0.088672
-0.082921
0.003178
0.052900
0.041073
-0.037592
0.010499
0.004189
-0.023990
-0.014806
-0.009052
0.029586
0.036457
0.005779
-0.015940
0.002606
-0.002272
0.025724
0.026342
0.011132
0.017698
-0.005424
-0.015636
-0.010735
0.003827
0.039387
-0.002274
-0.026783
-0.015207
0.003262
0.040757
-0.018776
-0.064674
0.016343
0.007155
0.004882
0.016346
0.014906
0.109500
-0.025838
-0.042857
0.000336
-0.041449
-0.015208
-0.056830
0.116908
0.246014
-0.104776
-0.201981
0.162622
0.176666
-0.166500
0.015713
0.019399
0.127751
0.640956
-0.104849
-0.272535
0.020400
-0.390685
-0.138186
-0.307025
-0.407272
0.659106
0.709556
-0.273378
0.060552
0.156077
-0.419013
-0.438193
-0.872905
-0.305617
0.725592
0.159180
-0.092559
0.276860
0.290868
0.633564
0.400059
-0.305783
-0.436337
0.109395
0.445321
0.263835
-0.094475
-0.221592
0.164213
-0.031114
-0.104812
-0.195906
-0.215362
0.156337
0.098844
0.069915
0.016213
-0.004239
-0.092373
-0.015539
-0.110639
-0.156834
0.094098
-0.051723
-0.123736
-0.064528
-0.018222
-0.021203
0.021979
-0.055379
-0.101226
-0.017456
-0.050729
0.005174
0.012387
-0.019429
-0.018761
-0.004532
-0.039363
-0.038659
-0.003879
-0.032090
-0.023892
-0.018095
-0.024284
-0.015985
0.009679
-0.010998
-0.015167
-0.007938
-0.002169
0.038062
-0.047052
-0.056504
-0.019863
0.008735
0.048945
-0.041717
0.017535
0.031331
-0.066201
-0.018729
-0.062762
-0.092965
-0.086315
-0.018988
0.184616
0.021446
-0.080786
0.070632
0.170202
0.227509
0.098372
0.116131
0.195729
-0.004479
-0.198187
-0.011419
0.114537
-0.010805
-0.182921
-0.357207
-0.019090
0.009145
-0.114668
-0.137337
0.078352
0.489581
-0.175449
-0.104545
-0.247570
-0.686447
-0.120062
-0.021766
-0.032192
-0.358683
-0.350427
-0.255817
0.352055
0.502479
-0.054624
0.201942
0.292598
0.331306
0.005070
0.022140
0.039288
0.335884
0.321341
-0.215962
-0.054989
0.048539
0.239445
0.289504
0.225767
0.043601
0.000020
-0.122165
-0.256885
-0.022059
0.026155
0.065568
0.035571
-0.027561
-0.131471
-0.071946
-0.022936
-0.061933
0.002738
-0.013803
-0.045735
-0.070853
-0.034989
-0.030046
0.013823
0.019398
-0.008770
-0.015542
-0.041064
-0.028720
-0.015845
0.009477
0.003012
-0.002489
-0.009858
-0.046031
-0.038719
-0.016872
0.016944
0.007342
-0.030252
0.039759
0.054625
-0.056918
0.005431
0.041706
-0.077794
0.031137
0.012736
-0.075000
0.062717
-0.022742
-0.117504
0.007297
-0.119888
-0.076484
0.256767
-0.132774
0.056244
0.220177
-0.444427
0.116968
0.152766
-0.342624
-0.191577
-0.332749
-0.265120
0.492691
0.069000
-0.262174
0.607957
0.168288
-0.099750
-0.157961
-0.379436
-0.241398
0.154271
0.310577
-0.011547
-0.256117
-0.490646
-0.374856
-0.087134
-0.003066
-0.018227
0.457994
0.480156
-0.211708
-0.099398
0.046608
-0.280390
0.084539
-0.004222
-0.041975
0.423931
0.036152
-0.164325
0.083239
0.101330
0.124161
0.198932
-0.090041
-0.028891
0.176528
0.085560
0.082396
0.023489
0.145354
0.168955
0.139148
-0.005279
-0.055494
0.021576
0.051036
0.102179
0.020346
-0.009002
-0.000208
0.048775
0.028022
0.036382
0.013027
-0.020673
-0.000466
-0.010272
0.017345
0.010577
0.002918
0.000021
-0.004156
-0.014501
-0.001104
0.002120
-0.007126
0.016667
-0.001058
0.011742
0.032713
-0.023777
0.011494
0.043289
-0.014759
-0.029250
0.010942
0.045808
-0.032228
-0.063421
-0.009964
-0.024058
0.080332
0.111471
-0.096876
0.101203
0.137659
-0.156506
0.125610
-0.211595
-0.444411
0.214768
-0.154230
-0.002667
0.592706
-0.083474
0.067326
0.047783
-0.471723
-0.006216
-0.235610
0.066295
0.594612
0.541655
0.645838
0.081789
-0.508819
-0.246275
0.165892
0.124466
0.122678
0.015524
0.227950
0.183974
-0.012606
-0.458178
-0.437183
0.313087
-0.168547
0.231458
0.006939
-0.554862
0.273745
0.186269
0.271454
-0.007962
-0.511335
-0.135128
0.139595
-0.152877
-0.106310
-0.034203
0.045826
0.157582
-0.297084
-0.264108
-0.090949
-0.050302
0.035523
-0.073892
-0.138067
-0.059509
-0.111821
-0.044997
0.101399
0.028326
0.004433
-0.061228
-0.089766
-0.001663
0.059990
0.037648
0.007072
0.003025
-0.030683
-0.016141
-0.011394
-0.002162
-0.002248
0.020758
0.001066
-0.016539
-0.007162
-0.027423
-0.007576
0.002829
-0.012166
-0.006554
0.003298
-0.007564
-0.020224
-0.017127
-0.027132
-0.039727
0.035789
0.038532
0.004114
0.034913
-0.026712
-0.032382
-0.048808
-0.129473
-0.015301
0.032273
0.021137
0.121685
0.067063
-0.121011
-0.009120
0.127538
-0.054982
0.236001
-0.156544
-0.337612
0.231552
0.012270
0.169318
0.154275
-0.001317
0.278738
0.315179
-0.296883
-0.673843
-0.270654
0.150816
0.402331
0.111747
-0.183491
0.092491
0.296629
-0.211454
-0.699354
-0.592530
-0.513337
-0.045023
0.106283
-0.189675
0.168540
0.219195
0.054025
0.346546
-0.178224
-0.493697
-0.113528
-0.209353
0.187636
0.317353
0.090875
0.334733
0.330713
0.273199
0.148298
-0.102241
-0.081218
0.148439
0.317151
0.286361
0.141425
0.009489
-0.040069
0.017199
0.044583
-0.077464
-0.038667
-0.047557
-0.048556
0.064227
-0.024173
-0.070126
0.003925
-0.011548
-0.015452
0.044217
-0.013696
-0.021855
0.008768
-0.021252
0.011077
0.019869
-0.012613
-0.017188
-0.011894
-0.018840
0.007787
0.019670
0.007048
0.022880
0.015802
-0.008430
0.000979
0.022600
-0.002179
-0.002752
-0.013915
-0.004735
0.018477
0.004044
0.029222
0.052955
0.076654
-0.139126
-0.086857
0.023311
-0.052136
0.062862
0.021947
-0.019008
-0.035869
0.029533
-0.104299
-0.027865
0.258311
0.036397
-0.056597
0.033903
-0.096557
0.018035
-0.108080
-0.095510
0.636578
0.307970
-0.159567
-0.111729
-0.542507
-0.164231
0.273800
-0.537715
0.411681
0.769044
-0.737957
0.123887
0.044261
-0.299204
0.169363
-0.308707
-0.265460
0.567091
0.493039
-0.579996
-0.092122
-0.091931
0.092579
0.512864
-0.182613
-0.246236
0.341085
0.645623
0.290587
0.133249
-0.233970
-0.037085
0.152594
-0.208833
-0.194286
-0.091545
-0.002495
0.070586
0.118616
-0.018455
0.098088
0.018236
-0.135480
-0.122885
-0.123018
-0.059718
-0.049863
-0.068686
-0.089567
0.021964
-0.014993
-0.059117
-0.063803
-0.080829
-0.062832
-0.041849
-0.013310
-0.023455
-0.001934
-0.033000
-0.021582
-0.022431
-0.036272
-0.014771
-0.034140
-0.039717
-0.026486
-0.019995
-0.020406
-0.005403
-0.026796
-0.041330
-0.009985
-0.024536
-0.026611
-0.002939
0.000621
0.012445
-0.038842
-0.037049
-0.008470
-0.066063
0.031714
0.079712
-0.136935
-0.061288
-0.086515
-0.326323
0.030262
0.118989
0.152979
0.108830
-0.044213
0.005020
-0.099307
-0.077473
-0.222130
-0.196242
0.038782
0.103179
0.347406
0.122608
-0.717976
-0.005194
0.562313
-0.134090
-0.122691
-0.266188
-0.301790
1.123650
0.874562
-0.527494
0.401923
0.466927
0.191169
0.616129
-0.433456
-0.506768
0.416605
0.055023
-0.598404
-0.281242
-0.349543
-0.268943
0.428370
-0.046379
-0.208710
0.009304
-0.223188
-0.146443
0.091634
-0.108961
0.041559
0.300058
-0.055624
0.192775
0.286593
-0.065643
-0.036241
0.086094
0.007365
0.123595
0.059757
-0.160522
0.068565
-0.019665
-0.072741
0.065722
0.007124
-0.052852
-0.022609
-0.057948
-0.077215
-0.007795
-0.089035
-0.060048
-0.050020
-0.052672
-0.024858
-0.041872
-0.055025
-0.037295
-0.016656
-0.036580
-0.004961
-0.022496
-0.022489
-0.027388
-0.034074
-0.015726
-0.011087
-0.007782
-0.024678
0.005361
-0.009274
-0.012909
-0.023619
-0.021615
0.022925
0.032138
0.018835
-0.066266
0.039375
0.123605
-0.065633
-0.156919
-0.165304
0.003902
0.184317
-0.047412
0.016124
0.020865
-0.270522
0.211006
-0.123530
-0.302018
0.319227
-0.165154
0.230010
0.458198
-0.282764
-0.384568
-0.193831
0.170534
0.051794
-0.011259
-0.138545
-0.054682
0.874285
0.634886
-0.319810
-0.218486
0.000053
0.061166
0.680534
-0.143743
-0.310366
0.874977
0.217082
-0.277470
-0.392634
-0.820711
-0.340419
0.333456
0.122454
0.132198
-0.006621
-0.430413
0.005864
0.053071
-0.087564
-0.158632
-0.048563
0.131043
0.052405
-0.072101
-0.277264
-0.258915
-0.184020
0.020953
0.005273
-0.036381
-0.108783
-0.146824
0.001758
0.065085
0.113573
0.029736
-0.033233
-0.029514
0.035458
0.040706
0.025301
0.030166
0.028783
0.038505
0.012231
0.016546
-0.000251
0.026580
0.045362
0.028976
0.020288
0.022450
0.024577
0.012960
0.021730
-0.004311
0.008690
0.008810
-0.021292
0.001894
-0.011144
-0.001539
0.030625
-0.008436
-0.012897
-0.000618
0.032567
0.071511
-0.014678
-0.079409
-0.020372
-0.043096
-0.039007
0.017804
-0.007400
0.121261
0.091281
-0.103317
-0.076962
-0.015026
0.115092
0.096276
0.062584
0.151467
-0.104537
-0.252991
-0.019368
-0.018600
0.053342
0.159376
0.167282
0.144330
0.096419
0.107986
-0.309432
0.208118
0.672623
0.086597
0.167699
0.006078
-0.241000
-0.405961
-0.144809
0.108279
-0.298861
0.091938
0.118923
-0.006313
0.136561
-0.271759
-0.520144
0.320224
0.312893
-0.234347
0.136323
-0.125760
-0.173706
-0.120932
-0.305843
-0.126536
0.064434
0.023987
-0.022149
0.137478
0.155615
0.170567
0.018062
-0.099485
-0.017722
-0.005539
-0.032626
-0.067774
0.000837
0.007987
0.018245
0.013002
-0.006109
-0.019057
-0.013938
-0.021625
-0.031216
-0.002109
0.005458
0.016148
0.003094
-0.004973
-0.011061
-0.015850
-0.012818
-0.020530
-0.014031
-0.012192
-0.019697
-0.015399
0.006962
0.003150
-0.001752
0.011680
0.005771
0.008011
0.002198
0.001743
-0.007014
0.001775
0.010005
-0.007023
-0.014677
0.017536
0.021988
-0.015408
-0.019258
-0.014345
-0.029542
0.002439
0.020526
-0.026179
0.014688
0.014042
-0.024235
-0.005426
-0.043849
-0.064750
-0.024110
0.012967
0.005605
-0.006734
0.000147
0.001647
0.024615
0.034591
0.013673
0.013279
0.015547
0.013944
0.029388
0.021326
0.009737
0.000854
-0.017611
-0.007094
-0.000139
-0.002051
0.006997
0.024883
0.020944
0.012095
0.014964
0.009426
-0.000391
-0.010781
-0.006744
0.003338
-0.002699
-0.010789
-0.007107
-0.007005
-0.003980
0.001831
0.001734
0.007296
0.008985
0.006518
0.007077
0.003145
0.002381
-0.000989
-0.004852
-0.005738
-0.003525
-0.002027
0.002032
0.004381
0.005110
0.004196
0.003786
0.002119
0.000927
-0.000021
-0.000230
-0.000683
-0.000464
-0.000392
0.000316
0.000360
0.000235
0.000264
0.000153
-0.000017
0.000980
0.001130
0.000510
0.000050
-0.000915
-0.001266
0.000104
0.001064
0.000872
0.000961
0.000016
-0.000294
-0.000362
-0.000997
-0.000355
0.000670
0.002000
0.002566
0.001311
0.000102
-0.000492
-0.001045
-0.000281
0.000445
0.000012
-0.000491
-0.000573
-0.000770
-0.001041
-0.001215
-0.001330
-0.001035
-0.001052
-0.000749
0.000114
0.000047
-0.000200
-0.000270
-0.000411
-0.000517
-0.000408
-0.000387
-0.000346
-0.000295
-0.000136