0.529828
0.578768
0.610655
0.627078
0.629701
0.619553
0.596870
0.561533
0.513887
0.455560
0.389925
0.321915
0.257223
0.201106
0.157184
0.126673
0.108293
0.098890
0.094544
0.091757
0.088310
0.083515
0.077806
0.071898
0.065875
0.058608
0.047764
0.030424
0.004098
-0.032261
-0.077632
-0.128948
-0.181785
-0.231497
-0.274374
-0.308451
-0.333656
-0.351305
-0.363142
-0.370317
-0.372710
-0.368872
-0.356597
-0.333922
-0.300150
-0.256517
-0.206205
-0.153714
-0.103778
-0.060240
-0.025278
0.000750
0.018809
0.030265
0.035909
0.035342
0.026958
0.008573
-0.021559
-0.063708
-0.116032
-0.174601
-0.234104
-0.289013
-0.334802
-0.368817
-0.390507
-0.400989
-0.402145
-0.395641
-0.382255
-0.361780
-0.333526
-0.297196
-0.253773
-0.206004
-0.158250
-0.115677
-0.083041
-0.063461
-0.057609
-0.063579
-0.077480
-0.094530
-0.110251
-0.121358
-0.126062
-0.123744
-0.114199
-0.096825
-0.070132
-0.031828
0.020504
0.088375
0.171397
0.266710
0.369108
0.471863
0.568006
0.651664
0.719022
0.768627
0.800990
0.817702
0.820426
0.810191
0.787233
0.751433
0.703136
0.643972
0.577313
0.508095
0.442011
0.384320
0.338643
0.306197
0.285706
0.274016
0.267211
0.261794
0.255550
0.247792
0.238958
0.229766
0.220304
0.209445
0.194860
0.173634
0.143281
0.102757
0.053088
-0.002654
-0.060043
-0.114426
-0.162091
-0.201066
-0.231275
-0.254029
-0.271068
-0.283534
-0.291305
-0.292925
-0.286183
-0.269109
-0.241004
-0.203095
-0.158561
-0.111895
-0.067824
-0.030188
-0.001156
0.018917
0.031004
0.036475
0.036129
0.029570
0.015201
-0.009158
-0.045246
-0.093327
-0.151554
-0.215992
-0.281323
-0.342013
-0.393531
-0.433216
-0.460514
-0.476534
-0.483154
-0.482033
-0.473945
-0.458679
-0.435536
-0.404218
-0.365701
-0.322728
-0.279654
-0.241641
-0.213441
-0.198170
-0.196492
-0.206499
-0.224296
-0.245098
-0.264422
-0.278980
-0.286979
-0.287797
-0.281228
-0.266663
-0.242612
-0.206780
-0.156748
-0.091000
-0.009926
0.083619
0.184429
0.285779
0.380700
0.463321
0.529828
0.578768
0.610655
0.627078
0.629701
0.619553
0.596870
0.561533
0.513887
0.455560
0.389925
0.321915
0.257223
0.201106
0.157184
0.126673
0.108293
0.098890
0.094544
0.091757
0.088310
0.083515
0.077806
0.071898
0.065875
0.058608
0.047764
0.030424
0.004098
-0.032261
-0.077632
-0.128948
-0.181785
-0.231497
-0.274374
-0.308451
-0.333656
-0.351305
-0.363142
-0.370317
-0.372710
-0.368872
-0.356597
-0.333922
-0.300150
-0.256517
-0.206205
-0.153714
-0.103778
-0.060240
-0.025278
0.000750
0.018809
0.030265
0.035909
0.035342
0.026958
0.008573
-0.021559
-0.063708
-0.116032
-0.174601
-0.234104
-0.289013
-0.334802
-0.368817
-0.390507
-0.400989
-0.402145
-0.395641
-0.382255
-0.361780
-0.333526
-0.297196
-0.253773
-0.206004
-0.158250
-0.115677
-0.083041
-0.063461
-0.057609
-0.063579
-0.077480
-0.094530
-0.110251
-0.121358
-0.126062
-0.123744
-0.114199
-0.096825
-0.070132
-0.031828
0.020504
0.088375
0.171397
0.266710
0.369108
0.471863
0.568006
0.651664
0.719022
0.768627
0.800990
0.817702
0.820426
0.810191
0.787233
0.751433
0.703136
0.643972
0.577313
0.508095
0.442011
0.384320
0.338643
0.306197
0.285706
0.274016
0.267211
0.261794
0.255550
0.247792
0.238958
0.229766
0.220304
0.209445
0.194860
0.173634
0.143281
0.102757
0.053088
-0.002654
-0.060043
-0.114426
-0.162091
-0.201066
-0.231275
-0.254029
-0.271068
-0.283534
-0.291305
-0.292925
-0.286183
-0.269109
-0.241004
-0.203095
-0.158561
-0.111895
-0.067824
-0.030188
-0.001156
0.018917
0.031004
0.036475
0.036129
0.029570
0.015201
-0.009158
-0.045246
-0.093327
-0.151554
-0.215992
-0.281323
-0.342013
-0.393531
-0.433216
-0.460514
-0.476534
-0.483154
-0.482033
-0.473945
-0.458679
-0.435536
-0.404218
-0.365701
-0.322728
-0.279654
-0.241641
-0.213441
-0.198170
-0.196492
-0.206499
-0.224296
-0.245098
-0.264422
-0.278980
-0.286979
-0.287797
-0.281228
-0.266663
-0.242612
-0.206780
-0.156748
-0.091000
-0.009926
0.083619
0.184429
0.285779
0.380700
0.463321