-0.106222
-0.024159
0.014395
0.001887
-0.049551
-0.112768
-0.155991
-0.154993
-0.102379
-0.010437
0.093519
0.177557
0.217290
0.205161
0.153299
0.088857
0.043614
0.041804
0.090834
0.178428
0.277292
0.355512
0.388725
0.369399
0.309692
0.236789
0.182500
0.171096
0.210021
0.287041
0.374902
0.441734
0.463218
0.431869
0.359893
0.274522
0.207617
0.183498
0.209659
0.273915
0.349065
0.403288
0.412315
0.368709
0.284726
0.187644
0.109372
0.074272
0.089884
0.144064
0.209650
0.254859
0.255458
0.204044
0.112902
0.009340
-0.074710
-0.114861
-0.103553
-0.052913
0.009909
0.053143
0.052563
0.000771
-0.089948
-0.192285
-0.274315
-0.311658
-0.296765
-0.241779
-0.173864
-0.124812
-0.118872
-0.163468
-0.246342
-0.340217
-0.413201
-0.440950
-0.415953
-0.350392
-0.271474
-0.211033
-0.193364
-0.225938
-0.296542
-0.377950
-0.438318
-0.453351
-0.415590
-0.337266
-0.245637
-0.172587
-0.142461
-0.162778
-0.221375
-0.291072
-0.340072
-0.344125
-0.295815
-0.207415
-0.106222
-0.024159
0.014395
0.001887
-0.049551
-0.112768
-0.155991
-0.154993
-0.102379
-0.010437
0.093519
0.177557
0.217290
0.205161
0.153299
0.088857
0.043614
0.041804
0.090834
0.178428
0.277292
0.355512
0.388725
0.369399
0.309692
0.236789
0.182500
0.171096
0.210021
0.287041
0.374902
0.441734
0.463218
0.431869
0.359893
0.274522
0.207617
0.183498
0.209659
0.273915
0.349065
0.403288
0.412315
0.368709
0.284726
0.187644
0.109372
0.074272
0.089884
0.144064
0.209650
0.254859
0.255458
0.204044
0.112902
0.009340
-0.074710
-0.114861
-0.103553
-0.052913
0.009909
0.053143
0.052563
0.000771
-0.089948
-0.192285
-0.274315
-0.311658
-0.296765
-0.241779
-0.173864
-0.124812
-0.118872
-0.163468
-0.246342
-0.340217
-0.413201
-0.440950
-0.415953
-0.350392
-0.271474
-0.211033
-0.193364
-0.225938
-0.296542
-0.377950
-0.438318
-0.453351
-0.415590
-0.337266
-0.245637
-0.172587
-0.142461
-0.162778
-0.221375
-0.291072
-0.340072
-0.344125
-0.295815
-0.207415
1.205665
1.204893
0.969636
0.589922
0.210065
-0.026457
-0.031794
0.192723
0.557111
0.917115
1.129334
1.106017
0.848606
0.447215
0.046244
-0.210745
-0.235822
-0.030239
0.316093
0.658994
0.855128
0.816808
0.545536
0.131479
-0.280911
-0.548028
-0.581902
-0.383750
-0.043454
0.294830
0.487784
0.447734
0.176188
-0.236684
-0.646437
-0.909474
-0.937843
-0.732780
-0.384196
-0.036279
0.167615
0.139769
-0.118359
-0.516650
-0.910717
-1.157025
-1.167687
-0.944012
-0.575980
-0.207860
0.016915
0.010544
-0.225598
-0.601480
-0.972804
-1.196123
-1.183643
-0.936761
-0.545553
-0.154375
0.093246
0.109420
-0.104568
-0.458773
-0.808983
-1.011835
-0.979615
-0.713799
-0.304535
0.103746
0.367452
0.398628
0.198502
-0.143038
-0.481828
-0.674552
-0.633535
-0.360288
0.055012
0.467910
0.734796
0.767702
0.567850
0.225126
-0.116302
-0.313106
-0.277594
-0.011258
0.395754
0.799018
1.054965
1.075668
0.862397
0.505092
0.147978
-0.065555
-0.047750
0.199974
0.587538
0.970599
1.205665
1.204893
0.969636
0.589922
0.210065
-0.026457
-0.031794
0.192723
0.557111
0.917115
1.129334
1.106017
0.848606
0.447215
0.046244
-0.210745
-0.235822
-0.030239
0.316093
0.658994
0.855128
0.816808
0.545536
0.131479
-0.280911
-0.548028
-0.581902
-0.383750
-0.043454
0.294830
0.487784
0.447734
0.176188
-0.236684
-0.646437
-0.909474
-0.937843
-0.732780
-0.384196
-0.036279
0.167615
0.139769
-0.118359
-0.516650
-0.910717
-1.157025
-1.167687
-0.944012
-0.575980
-0.207860
0.016915
0.010544
-0.225598
-0.601480
-0.972804
-1.196123
-1.183643
-0.936761
-0.545553
-0.154375
0.093246
0.109420
-0.104568
-0.458773
-0.808983
-1.011835
-0.979615
-0.713799
-0.304535
0.103746
0.367452
0.398628
0.198502
-0.143038
-0.481828
-0.674552
-0.633535
-0.360288
0.055012
0.467910
0.734796
0.767702
0.567850
0.225126
-0.116302
-0.313106
-0.277594
-0.011258
0.395754
0.799018
1.054965
1.075668
0.862397
0.505092
0.147978
-0.065555
-0.047750
0.199974
0.587538
0.970599