-0.285000
-0.290863
-0.294982
-0.296434
-0.294163
-0.287028
-0.273941
-0.254065
-0.227022
-0.193033
-0.152964
-0.108232
-0.060606
-0.011971
0.035908
0.081537
0.123745
0.161651
0.194582
0.221994
0.243459
0.258712
0.267754
0.270963
0.269149
0.263519
0.255533
0.246690
0.238281
0.231198
0.225834
0.222112
0.219608
0.217735
0.215905
0.213635
0.210560
0.206369
0.200713
0.193140
0.183089
0.169976
0.153348
0.133032
0.109259
0.082678
0.054273
0.025183
-0.003496
-0.030887
-0.056418
-0.079800
-0.100925
-0.119715
-0.136001
-0.149476
-0.159734
-0.166395
-0.169251
-0.168386
-0.164210
-0.157411
-0.148809
-0.139198
-0.129211
-0.119266
-0.109606
-0.100413
-0.091949
-0.084661
-0.079198
-0.076331
-0.076788
-0.081069
-0.089292
-0.101133
-0.115874
-0.132540
-0.150089
-0.167574
-0.184242
-0.199540
-0.213049
-0.224383
-0.233116
-0.238782
-0.240951
-0.239370
-0.234116
-0.225694
-0.215031
-0.203364
-0.192032
-0.182235
-0.174827
-0.170194
-0.168250
-0.168530
-0.170339
-0.172892
-0.175403
-0.177097
-0.177158
-0.174668
-0.168575
-0.157742
-0.141086
-0.117771
-0.087423
-0.050268
-0.007174
0.040441
0.090801
0.142022
0.192335
0.240243
0.284574
0.324444
0.359177
0.388230
0.411172
0.427736
0.437923
0.442109
0.441103
0.436110
0.428592
0.420046
0.411763
0.404634
0.399054
0.394944
0.391882
0.389280
0.386553
0.383218
0.378909
0.373318
0.366099
0.356799
0.344858
0.329698
0.310863
0.288185
0.261898
0.232652
0.201433
0.169384
0.137604
0.106973
0.078067
0.051176
0.026413
0.003859
-0.016313
-0.033792
-0.048168
-0.059057
-0.066248
-0.069817
-0.070175
-0.068002
-0.064113
-0.059300
-0.054190
-0.049196
-0.044555
-0.040445
-0.037124
-0.035033
-0.034817
-0.037240
-0.043025
-0.052668
-0.066281
-0.083535
-0.103705
-0.125813
-0.148811
-0.171746
-0.193859
-0.214594
-0.233524
-0.250259
-0.264368
-0.275379
-0.282856
-0.286542
-0.286510
-0.283256
-0.277705
-0.271089
-0.264740
-0.259855
-0.257283
-0.257403
-0.260127
-0.264984
-0.271275
-0.278210
0.770129
0.676569
0.573089
0.468572
0.371984
0.290628
0.228782
0.187148
0.163283
0.152795
0.150879
0.153626
0.158674
0.165039
0.172278
0.179414
0.184131
0.182631
0.170281
0.142863
0.097967
0.036010
-0.039533
-0.122804
-0.206943
-0.285706
-0.354776
-0.412331
-0.458710
-0.495379
-0.523611
-0.543445
-0.553318
-0.550527
-0.532347
-0.497359
-0.446451
-0.383111
-0.312839
-0.241902
-0.175850
-0.118349
-0.070731
-0.032398
-0.001909
0.021724
0.038031
0.044810
0.038702
0.016420
-0.023821
-0.081206
-0.151996
-0.230103
-0.308394
-0.380257
-0.440902
-0.487965
-0.521247
-0.541786
-0.550654
-0.548030
-0.532922
-0.503680
-0.459101
-0.399682
-0.328490
-0.251248
-0.175516
-0.109174
-0.058691
-0.027730
-0.016536
-0.022268
-0.040110
-0.064709
-0.091423
-0.116937
-0.139107
-0.156186
-0.165845
-0.164500
-0.147327
-0.109066
-0.045407
0.045511
0.162021
0.298708
0.447155
0.597465
0.740074
0.867304
0.974187
1.058400
1.119460
1.157594
1.172810
1.164558
1.132143
1.075679
0.997195
0.901340
0.795344
0.688092
0.588553
0.504032
0.438810
0.393593
0.365941
0.351466
0.345367
0.343739
0.344225
0.345845
0.348159
0.350198
0.349649
0.342719
0.324781
0.291624
0.240841
0.172856
0.091150
0.001587
-0.088966
-0.174260
-0.249972
-0.314271
-0.367491
-0.411091
-0.446337
-0.473263
-0.490295
-0.494726
-0.483824
-0.456160
-0.412619
-0.356677
-0.293831
-0.230337
-0.171740
-0.121700
-0.081537
-0.050650
-0.027588
-0.011358
-0.002420
-0.002970
-0.016360
-0.045871
-0.093279
-0.157762
-0.235574
-0.320621
-0.405762
-0.484380
-0.551677
-0.605282
-0.644991
-0.671834
-0.686879
-0.690297
-0.681091
-0.657604
-0.618628
-0.564655
-0.498746
-0.426619
-0.355828
-0.294250
-0.248349
-0.221782
-0.214790
-0.224529
-0.246179
-0.274382
-0.304493
-0.333194
-0.358338
-0.378174
-0.390370
-0.391342
-0.376262
-0.339868
-0.277847
-0.188339
-0.073008
0.062733
0.210466
0.360296
0.502659
0.629877
0.736982
0.821652
0.883402
0.922459
0.938830
0.931964
0.901164
0.846544