0.010180
0.089110
0.167475
0.240484
0.304374
0.356862
0.397129
0.425425
0.442455
0.448847
0.444882
0.430608
0.406257
0.372773
0.332199
0.287712
0.243247
0.202775
0.169478
0.145084
0.129583
0.121432
0.118154
0.117121
0.116260
0.114423
0.111344
0.107234
0.102209
0.095814
0.086855
0.073628
0.054463
0.028390
-0.004340
-0.042098
-0.082155
-0.121320
-0.156725
-0.186475
-0.209950
-0.227657
-0.240716
-0.250173
-0.256427
-0.258983
-0.256626
-0.247951
-0.232033
-0.208988
-0.180189
-0.148056
-0.115492
-0.085167
-0.058916
-0.037470
-0.020607
-0.007646
0.001908
0.007858
0.009135
0.004049
-0.009115
-0.031378
-0.062483
-0.100674
-0.142943
-0.185648
-0.225308
-0.259303
-0.286233
-0.305866
-0.318707
-0.325408
-0.326269
-0.321036
-0.309090
-0.289947
-0.263860
-0.232264
-0.197861
-0.164251
-0.135205
-0.113810
-0.101749
-0.098964
-0.103789
-0.113501
-0.125067
-0.135821
-0.143858
-0.148022
-0.147562
-0.141651
-0.129002
-0.107801
-0.076023
-0.032049
0.024619
0.092840
0.169697
0.250851
0.331280
0.406192
0.471822
0.525883
0.567557
0.597091
0.615192
0.622483
0.619245
0.605527
0.581559
0.548285
0.507747
0.463124
0.418349
0.377395
0.343443
0.318222
0.301724
0.292406
0.287792
0.285256
0.282726
0.279055
0.273980
0.267713
0.260373
0.251507
0.239924
0.223921
0.201832
0.172690
0.136747
0.095638
0.052094
0.009309
-0.029844
-0.063467
-0.090937
-0.112757
-0.130042
-0.143834
-0.154528
-0.161625
-0.163905
-0.159957
-0.148854
-0.130707
-0.106882
-0.079795
-0.052345
-0.027197
-0.006180
0.009980
0.021511
0.029098
0.033242
0.033750
0.029560
0.018988
0.000322
-0.027452
-0.064072
-0.107777
-0.155552
-0.203750
-0.248886
-0.288334
-0.320688
-0.345712
-0.363903
-0.375910
-0.382027
-0.381995
-0.375191
-0.361124
-0.340042
-0.313377
-0.283825
-0.254980
-0.230610
-0.213797
-0.206220
-0.207814
-0.216911
-0.230785
-0.246396
-0.261076
-0.272915
-0.280753
-0.283837
-0.281335
-0.271958
-0.253887
-0.225094
-0.183960
-0.129981
-0.064296
0.802981
0.789602
0.761623
0.718460
0.659250
0.584430
0.497026
0.403037
0.310663
0.228589
0.163863
0.120133
0.096855
0.089757
0.092387
0.098178
0.102295
0.102628
0.099616
0.095066
0.090494
0.085689
0.078113
0.063413
0.036871
-0.004751
-0.061687
-0.130573
-0.205058
-0.277414
-0.340610
-0.390103
-0.424704
-0.446262
-0.458299
-0.464173
-0.465472
-0.461273
-0.448554
-0.423582
-0.383747
-0.329108
-0.263051
-0.191769
-0.122729
-0.062702
-0.016040
0.016136
0.035598
0.045658
0.049363
0.047952
0.040186
0.022831
-0.007887
-0.054409
-0.116276
-0.189494
-0.267104
-0.340789
-0.402956
-0.448561
-0.476042
-0.487069
-0.485260
-0.474397
-0.456871
-0.432933
-0.401067
-0.359285
-0.306824
-0.245520
-0.180266
-0.118282
-0.067404
-0.033950
-0.020914
-0.027121
-0.047633
-0.075254
-0.102562
-0.123754
-0.135666
-0.137657
-0.130517
-0.114908
-0.090046
-0.053207
-0.000335
0.072452
0.166998
0.281618
0.410590
0.544886
0.673963
0.788033
0.880057
0.946818
0.988774
1.008825
1.010539
0.996553
0.967762
0.923584
0.863156
0.786918
0.697896
0.602089
0.507703
0.423421
0.356295
0.309975
0.283920
0.273860
0.273347
0.275815
0.276436
0.273099
0.266249
0.257697
0.248964
0.239840
0.227793
0.208474
0.177170
0.130648
0.068678
-0.005371
-0.085142
-0.162902
-0.231616
-0.286733
-0.327062
-0.354443
-0.372394
-0.384267
-0.391643
-0.393595
-0.387093
-0.368399
-0.334896
-0.286638
-0.227004
-0.162180
-0.099628
-0.046110
-0.005975
0.019665
0.032587
0.036110
0.033288
0.025365
0.011109
-0.012706
-0.049849
-0.102755
-0.170959
-0.250459
-0.334292
-0.414133
-0.482384
-0.533994
-0.567396
-0.584254
-0.588179
-0.582950
-0.570950
-0.552426
-0.525855
-0.489245
-0.441828
-0.385436
-0.324955
-0.267601
-0.221206
-0.192083
-0.183222
-0.193443
-0.217806
-0.249110
-0.279929
-0.304457
-0.319527
-0.324494
-0.320146
-0.307142
-0.284694
-0.250078
-0.199235
-0.128281
-0.035369
0.077817
0.205555
0.338819
0.467069
0.580515
0.672120
0.738668
0.780616
0.800864