-0.024523
-0.017987
-0.021402
-0.025272
-0.019848
-0.017032
-0.014860
-0.012410
-0.011437
-0.010094
-0.006772
-0.004546
-0.005405
-0.004876
-0.005106
-0.008972
-0.007106
-0.006206
0.000632
0.001752
0.004120
0.005627
-0.017902
-0.006533
0.012278
-0.003471
-0.013387
-0.016760
-0.008704
0.007971
0.026005
0.017965
0.010947
0.019302
-0.013093
-0.034306
-0.042221
-0.042207
-0.028626
0.002149
-0.002891
0.033118
0.067945
-0.008375
-0.023212
-0.068789
-0.085971
0.038097
0.054005
-0.035083
0.023373
0.082987
-0.023366
-0.062846
-0.118098
-0.103891
-0.002212
-0.047087
-0.043285
0.004383
0.043678
0.037022
-0.042627
-0.077829
-0.040741
-0.018320
-0.041129
-0.000874
0.052437
0.036888
0.060795
0.063573
0.021465
0.021561
0.004448
0.008483
0.023858
0.003794
-0.030626
-0.035233
-0.020203
-0.021883
-0.010378
-0.000852
0.014552
0.031431
0.025062
0.016271
0.012599
0.011166
0.012599
0.012775
0.015294
0.024923
0.021834
0.014274
0.012687
0.011526
0.008148
0.006787
0.010026
0.011753
0.013175
0.008175
0.001596
0.002766
0.004685
0.005968
0.004363
0.002313
0.000531
-0.001402
0.000468
-0.005522
-0.006331
-0.004367
-0.000194
0.009392
0.002842
-0.007743
-0.002537
0.001502
0.008113
0.012211
0.013521
0.023695
0.013587
0.009955
0.006535
-0.000604
0.000873
-0.004977
0.020936
0.043996
0.007549
-0.013038
0.025536
0.041276
-0.010722
-0.004015
-0.002572
0.008622
0.107203
0.052203
-0.017651
-0.015306
-0.043799
-0.044059
-0.079021
-0.063056
0.049760
0.087251
-0.000684
0.014747
0.063291
-0.013496
-0.069228
-0.141195
-0.138469
0.003769
0.054786
0.026677
0.022341
0.069211
0.134204
0.117922
0.045003
-0.026202
0.006751
0.047072
0.033123
0.006302
-0.038209
-0.018834
-0.016146
-0.001450
-0.017515
-0.032730
0.020953
0.024949
0.012220
0.009312
0.030595
0.008941
-0.007064
0.005315
-0.005048
0.011968
0.008889
-0.004818
-0.008570
-0.003363
0.000077
-0.005249
-0.013015
-0.017250
-0.001683
-0.002514
-0.015251
-0.016092
-0.007207
-0.005767
-0.013898
-0.016054
-0.015742
-0.014103
-0.018964
-0.023423
-0.025385
-0.025970
-0.018188
-0.013445
-0.016215
-0.019370
-0.015612
-0.010495
-0.007662
-0.016124
-0.018945
-0.016134
-0.012302
-0.002360
-0.007677
-0.001700
0.000637
-0.008617
-0.000330
-0.007894
-0.018374
-0.028421
-0.023306
0.003735
-0.012760
-0.020732
-0.001762
0.024019
0.048250
0.042468
0.048197
0.045095
0.017987
-0.014833
-0.016788
0.003080
-0.007273
-0.045683
-0.092807
-0.058874
-0.016226
-0.005190
-0.025650
-0.012237
0.055480
-0.005967
0.010854
-0.002871
-0.091668
-0.073095
-0.058673
-0.049513
-0.110129
-0.087706
-0.070571
-0.009353
0.076105
0.021516
0.016396
0.046899
0.092500
0.053253
0.019976
0.008298
0.010375
0.020457
-0.026661
-0.013731
0.005287
0.025058
0.035382
0.033857
0.025945
0.014605
0.007583
-0.018953
-0.012362
0.000871
0.003910
0.004477
0.010150
0.020132
0.023040
0.024692
0.013558
0.013587
0.019105
0.017015
0.015842
0.011028
0.007884
0.005013
0.004564
0.002499
-0.000378
0.000807
0.001787
-0.001304
-0.008685
-0.012260
-0.012924
-0.010587
-0.011317
-0.013760
-0.014629
-0.010893
-0.011273
-0.020123
-0.011848
-0.004347
-0.015999
-0.011707
-0.006475
-0.019893
-0.002692
0.008480
-0.003892
0.007980
0.010504
-0.003695
-0.002584
-0.011030
-0.012928
0.018863
-0.016610
-0.000072
0.020903
-0.058746
-0.006972
0.023434
-0.032077
-0.062344
-0.074952
-0.065811
0.017587
0.035971
-0.019938
0.031761
0.028432
-0.005324
-0.022851
-0.042163
-0.071895
-0.043365
0.012341
-0.033376
-0.064017
-0.074984
-0.095940
-0.071667
-0.038100
-0.029735
0.015199
0.061144
0.014913
-0.002926
0.005884
-0.039141
-0.020212
-0.031904
-0.030239
0.033200
0.030109
-0.009972
-0.021480
0.015514
0.016900
0.010393
0.001798
0.002003
0.021307
0.027345
0.024103
0.006932
0.017317
0.036812
0.053517
0.038815
0.023322
0.024819
0.017832
0.020973
0.015986
0.015780
0.022343
0.025064
0.024298
0.027068
0.025950
0.019310
0.022271
0.022073
0.021769
0.025017
0.023292
0.019053
0.015829
0.018717
0.021818
0.019273
0.014436
0.013895
0.013228
0.012498
0.013239
0.005286
0.006287
0.012873
0.010228
0.004919
0.011662
0.021838
0.011132
0.006631
0.008807
-0.000728
0.014393
0.024647
-0.004494
0.014383
0.030503
-0.002949
0.017991
-0.018453
-0.061898
-0.001605
-0.017987
0.004250
0.086042
0.040657
0.023851
0.009782
-0.028305
-0.020328
-0.042228
0.015962
0.053331
0.098316
0.155278
0.082902
-0.005017
-0.018579
0.039978
0.037471
0.008855
0.012586
0.022770
0.030055
0.054207
-0.017724
-0.074857
0.003893
-0.020624
0.035062
0.035240
-0.020232
0.039158
0.034794
0.067617
0.018008
-0.034704
-0.007537
0.015205
0.024547
-0.015214
-0.031005
-0.018641
-0.001884
-0.018362
-0.033688
-0.022037
-0.025247
-0.031493
-0.037964
-0.031437
-0.020795
-0.032897
-0.030471
-0.015627
-0.008419
-0.011713
-0.022998
-0.023868
-0.018495
-0.012089
-0.014673
-0.027526
-0.027751
-0.019189
-0.017234
-0.014640
-0.018376
-0.020560
-0.014499
-0.015104
-0.012580
-0.011240
-0.011743
-0.010040
-0.012553
-0.014957
-0.013760
-0.009583
-0.005171
-0.007846
-0.013389
-0.018012
-0.020577
-0.009306
-0.004847
-0.007653
-0.003596
-0.006772
-0.009295
-0.014533
-0.025327
-0.018361
-0.014270
-0.012496
0.000143
0.002520
-0.015557
-0.004288
0.019352
-0.005743
0.020832
-0.021897
-0.061829
0.001569
0.014470
0.035604
0.020371
0.014824
0.039290
0.057082
0.008810
-0.098774
-0.084529
-0.021207
0.023543
0.025115
-0.012929
0.006256
0.044297
0.003578
-0.087197
-0.130068
-0.141490
-0.089439
-0.038828
-0.050945
-0.010006
0.014799
0.011079
0.052411
0.014125
-0.049385
-0.058756
-0.068015
-0.022485
0.009310
0.008134
0.013961
0.022631
0.055697
0.047847
0.023690
0.003902
-0.000803
0.029051
0.036173
0.032138
0.012127
-0.011563
0.002227
0.014361
0.004241
0.004007
0.003687
0.006233
0.022952
0.022152
0.009541
0.013004
0.021757
0.026841
0.035926
0.034676
0.030333
0.029592
0.023346
0.019674
0.018818
0.017524
0.012753
0.009839
0.009162
0.004995
0.003057
0.000549
0.001732
0.004001
-0.000309
-0.000577
0.002283
-0.001740
-0.003936
-0.005304
-0.004624
-0.000207
0.002393
0.004522
0.009853
0.019022
-0.006340
-0.007495
0.005082
0.001718
0.016935
0.014971
0.000091
-0.013880
0.007038
0.002745
0.007963
0.056271
0.031038
0.000587
0.014791
0.013550
0.016249
-0.015564
-0.016623
0.064328
0.053733
0.015286
-0.001945
-0.069540
-0.050415
0.013941
-0.073409
0.005220
0.096014
-0.052029
-0.010509
0.027093
0.005339
-0.012205
-0.038657
-0.055961
0.006279
0.120754
-0.009833
-0.048183
-0.021974
0.001560
0.064796
0.024922
0.004329
0.037213
0.107071
0.094384
0.056487
0.018324
-0.001877
0.017208
-0.008829
-0.027389
-0.026971
-0.017665
0.004281
0.013157
0.013878
0.037846
0.037030
0.008018
0.001184
0.001889
-0.004888
-0.008007
-0.009465
-0.014303
-0.003407
0.008595
-0.000281
-0.007325
-0.005900
-0.004624
-0.003734
-0.013785
-0.020142
-0.013926
-0.011473
-0.016169
-0.020899
-0.020591
-0.017172
-0.016038
-0.020387
-0.024177
-0.023338
-0.020477
-0.019654
-0.024500
-0.027370
-0.020610
-0.019271
-0.022750
-0.019625
-0.013041
-0.009339
-0.018427
-0.019174
-0.018307
-0.022958
-0.006763
0.002435
-0.024212
-0.022948
-0.026526
-0.061797
-0.027710
0.000982
0.012992
-0.004175
-0.015307
-0.008604
-0.028179
-0.010304
-0.039266
-0.074026
-0.051078
-0.021428
0.041674
0.026401
-0.085060
-0.037245
0.039134
-0.012124
-0.027377
-0.042780
-0.077718
0.098303
0.189143
0.012007
0.038478
0.118495
0.104889
0.118751
0.041413
-0.041607
-0.026151
0.006474
-0.074940
-0.092932
-0.068284
-0.086401
0.000448
0.015615
0.000973
0.022736
0.007780
-0.004242
0.013750
0.027040
0.026540
0.041396
0.024447
0.047675
0.070934
0.032947
0.012298
0.011796
-0.001037
0.013021
0.014832
-0.026636
-0.023358
-0.014240
-0.018985
-0.016568
-0.012576
-0.008394
-0.003405
-0.000838
-0.010199
-0.010249
-0.015427
-0.018688
-0.011560
-0.013321
-0.014042
-0.007681
-0.006245
-0.008808
-0.008805
-0.005022
0.001184
0.001255
-0.002825
-0.003142
-0.002248
-0.004921
-0.005987
-0.007579
-0.012802
-0.010153
-0.009220
-0.012551
-0.019212
-0.023406
-0.020712
-0.017209
-0.017848
-0.033144
-0.020420
-0.000059
-0.015588
-0.030089
-0.042105
-0.024126
0.010508
-0.001067
-0.000716
-0.019879
-0.059754
0.004284
-0.012110
-0.041034
0.011982
-0.029660
0.011935
0.068190
0.026366
-0.049669
-0.060674
0.020676
-0.015605
-0.008614
-0.011272
-0.040614
0.107749
0.148764
0.025131
-0.033293
-0.006766
0.022170
0.099177
0.049731
-0.023646
0.067192
0.059241
0.006577
-0.033334
-0.096343
-0.111311
-0.034398
0.020602
0.017982
0.014529
-0.018692
-0.015439
0.007594
0.030328
0.001634
-0.018104
0.005907
0.013908
0.007609
-0.034582
-0.056246
-0.068485
-0.057106
-0.027216
-0.018739
-0.027204
-0.040445
-0.034399
-0.019827
-0.010252
-0.021432
-0.026489
-0.012652
-0.005376
-0.005941
-0.015382
-0.024054
-0.022002
-0.014603
-0.011004
-0.014214
-0.013480
-0.010150
-0.011150
-0.013017
-0.010434
-0.003518
0.000880
0.000729
0.002726
0.003838
0.004458
0.005471
0.003079
0.004139
0.002354
0.003680
0.006395
0.000633
-0.003916
-0.004812
0.004890
0.009610
-0.002994
-0.015643
-0.012833
-0.008426
-0.003507
0.003209
-0.004608
0.008893
0.014827
-0.005174
-0.013116
-0.006680
0.019184
0.017824
0.013014
0.019324
-0.021151
-0.043147
-0.009415
0.002047
0.003732
0.018399
0.037667
0.035420
0.050954
0.071818
-0.016997
0.020933
0.113987
0.062162
0.053706
0.043701
0.002504
-0.080762
-0.036555
0.022529
-0.069396
-0.013496
0.028043
0.009286
0.036385
0.023035
-0.042661
-0.008663
0.058038
0.010743
0.003849
0.009119
-0.005500
-0.037563
-0.060449
-0.048822
-0.029483
-0.003659
-0.006739
0.012194
0.035572
0.030966
0.006436
-0.013492
-0.007029
-0.011748
-0.016934
-0.021822
-0.023749
-0.021935
-0.015319
-0.010208
-0.016687
-0.008027
-0.002452
-0.008282
-0.009275
-0.008978
-0.007437
-0.007476
-0.006384
-0.004132
-0.002728
-0.002208
0.001026
0.002166
0.000144
-0.000768
-0.001610
-0.002071
-0.003765
-0.003858
-0.003477
-0.003042
-0.002994
-0.005850
-0.007407
-0.006467
-0.008419
-0.009681
-0.007868
-0.006265
-0.004932
0.000324
0.001149
-0.006190
-0.008109
-0.006653
-0.011630
-0.009570
-0.004302
-0.010551
-0.011886
-0.008271
-0.008296
-0.008349
-0.007818
-0.007735
-0.003747
0.004021
0.005646
0.002544
0.001794
0.001968
0.001365
0.001360
-0.000059
-0.001138
-0.001132
-0.001335
0.000097
0.000393
0.001185
0.001664
0.001323
0.002377
0.002026
0.001675
0.000664
-0.001909
-0.003081
-0.002046
-0.001150
-0.000716
0.000119
0.001202
0.002290
0.002131
0.001721
0.001722
0.001678
0.001588
0.001214
0.001128
0.001347
0.001544
0.001848
0.001914
0.001914
0.001889
0.001879
0.001764
0.001624
0.001420
0.001227
0.001100
0.000894
0.000702
0.000560
0.000436
0.000437
0.000435
0.000382
0.000359
0.000371
0.000447
0.000562
0.000679
0.000885
0.001036
0.000982
0.000834
0.000742
0.000694
0.000802
0.001005
0.000984
0.000884
0.000864
0.000875
0.000903
0.000870
0.000722
0.000663
0.000840
0.000987
0.000963
0.000859
0.000690
0.000569
0.000542
0.000478
0.000327
0.000195
0.000086
0.000056
0.000105
0.000069
0.000066
0.000077
0.000026
-0.013164
-0.017077
0.021033
0.017376
0.031902
0.039100
-0.103306
0.016120
0.108797
-0.053354
-0.021878
-0.009102
-0.012926
0.045264
0.028602
0.090006
0.204276
0.079027
-0.171996
-0.140189
-0.095661
-0.062141
0.054897
0.164152
-0.055743
0.155312
0.120704
-0.328145
-0.019755
-0.204855
-0.293536
0.486529
0.043753
-0.351501
0.563591
0.191068
-0.643573
-0.307439
-0.349608
0.214667
0.305491
-0.732923
0.014903
0.413600
-0.254586
-0.058080
-0.104730
-0.021020
0.234517
-0.400993
-0.172599
0.435398
0.304668
0.107086
0.205243
0.110018
0.049609
0.094805
0.062472
0.253494
0.203674
-0.134545
-0.157178
-0.031977
-0.049534
-0.079366
-0.042577
0.049656
0.055083
-0.013941
-0.072407
-0.018377
0.065954
0.055611
0.034387
0.029964
-0.010235
0.018123
-0.024896
-0.043572
0.009849
0.030057
0.012258
0.005429
-0.012371
0.003566
0.018398
0.002090
0.016768
0.015454
-0.004057
-0.004727
-0.004926
-0.002179
0.009241
0.009390
0.024988
-0.013612
-0.022475
-0.002612
0.000781
0.020857
-0.029804
-0.040913
0.042186
-0.004119
-0.011333
0.017898
0.040552
0.079892
-0.056617
-0.031972
0.035346
-0.032183
-0.010965
-0.012157
0.120418
0.164426
-0.209016
-0.122201
0.259679
0.098083
-0.227097
0.106112
0.137317
0.065034
0.332554
-0.147741
-0.031789
0.171079
-0.430534
-0.225450
-0.227643
-0.149908
0.749624
0.200473
-0.596761
0.177452
0.201085
-0.336750
-0.263906
-0.346178
0.050887
0.231477
-0.470688
-0.003084
0.547532
0.217061
0.255592
0.082199
-0.001158
0.186028
0.310530
0.239870
-0.051150
-0.179872
0.052395
0.118486
-0.252346
-0.195403
-0.088269
-0.043683
0.106651
-0.012770
-0.008359
0.068687
-0.033046
-0.039590
0.047802
-0.022521
-0.032694
-0.005082
-0.110817
-0.130275
0.007386
0.017562
-0.052176
-0.038554
-0.060165
-0.033233
-0.009597
-0.038181
-0.018708
-0.001691
-0.026694
-0.030021
-0.003610
-0.023025
-0.014335
-0.008778
-0.032642
-0.031989
-0.022390
-0.027989
-0.017005
-0.000869
-0.012319
-0.007351
-0.006763
0.003412
0.022792
-0.049116
-0.038563
-0.003284
-0.009555
0.013158
-0.021916
0.035060
0.030258
-0.099739
-0.012037
-0.021467
-0.072253
-0.048627
-0.006280
0.128788
-0.060887
-0.098670
0.144653
0.154597
0.095589
0.057882
0.193767
0.254182
-0.079550
-0.196008
0.104361
0.159983
-0.029311
-0.198068
-0.268270
-0.075443
-0.190701
-0.153643
0.043812
0.256805
0.251636
-0.470448
-0.132871
0.068580
-0.333227
0.011073
-0.006255
-0.261251
-0.428346
-0.367021
-0.072223
0.313023
0.156221
-0.052890
0.209176
0.340033
0.129299
0.040026
0.287131
0.328347
0.256472
-0.078639
-0.262821
0.056685
0.206229
0.091468
0.138660
0.122874
-0.000243
-0.026848
-0.107232
-0.027934
0.118547
0.042359
-0.059969
-0.076389
-0.066151
-0.083507
-0.025372
-0.006565
-0.001386
0.007229
-0.016119
-0.056239
-0.035854
0.004406
-0.001445
0.007713
-0.013131
-0.024516
-0.033673
-0.028813
-0.013521
0.004108
0.000067
-0.016792
-0.018625
-0.020346
-0.031602
-0.021275
-0.009636
0.008230
-0.016951
-0.038113
0.051496
0.039807
-0.068417
0.022814
0.042613
-0.087166
0.027979
0.020379
-0.045958
0.053303
-0.055146
-0.098771
0.040400
-0.105560
-0.025218
0.219870
-0.184093
0.090870
0.159028
-0.446479
0.163964
0.169748
-0.336025
-0.083336
-0.268070
-0.216618
0.337947
-0.193326
0.018797
0.646046
-0.090203
-0.328959
-0.072669
-0.004372
0.085254
0.094221
0.076846
-0.136719
-0.453074
-0.331116
-0.187384
-0.014035
-0.017604
-0.044308
0.356604
0.207498
-0.369534
0.078068
0.267991
-0.170244
0.127279
0.028292
0.004998
0.243941
-0.210456
-0.132214
0.242824
0.061998
0.092876
0.089875
-0.045053
0.117576
0.065377
0.001177
0.093747
0.090464
0.159595
0.080616
-0.000422
0.026253
0.058714
0.082549
0.061873
0.011123
0.010700
0.002595
0.017756
0.046697
0.004235
0.024053
0.005007
-0.008660
0.016562
0.018242
0.009202
0.011845
-0.006822
0.002561
0.010689
-0.008580
0.006599
-0.001810
-0.009220
0.015382
0.007441
0.013239
0.023558
-0.020431
0.013011
0.038087
-0.012967
-0.030203
0.028532
0.029731
-0.057608
-0.039144
0.039723
-0.020027
0.040049
0.070937
-0.071365
0.140873
0.069051
-0.180642
0.139423
-0.160900
-0.292278
0.232634
-0.244901
-0.009103
0.520874
-0.185501
0.077799
0.001544
-0.392703
0.145948
-0.159715
0.211050
0.562194
0.142821
0.347686
-0.016988
-0.380988
0.198872
0.241322
0.117706
0.104250
0.031492
0.164411
-0.204237
-0.214638
-0.166190
0.039330
0.327515
-0.384663
-0.043251
0.008849
-0.338853
0.361849
0.161623
0.050318
0.005403
-0.412542
0.121652
0.126264
-0.291886
0.076997
0.001998
-0.008372
-0.129157
-0.380805
0.017493
0.119808
-0.124303
-0.078301
-0.141023
-0.112008
-0.004587
-0.132222
0.034279
0.108144
-0.076307
-0.047986
-0.046206
-0.004042
0.081822
0.000518
-0.009192
0.005898
-0.017772
-0.002483
-0.022433
-0.014755
0.015758
-0.022281
-0.002528
-0.015846
-0.027796
0.003870
-0.011701
-0.004175
0.017834
-0.022085
-0.014327
0.005261
-0.016860
-0.006752
-0.006598
-0.031928
-0.030282
0.026403
0.028861
0.013577
0.025510
-0.021103
-0.055228
-0.069030
-0.074638
0.036244
0.047965
-0.011744
0.040495
0.004127
-0.128845
0.063385
0.144854
-0.049906
0.197256
-0.178585
-0.231591
0.225766
-0.057910
0.116024
0.222744
-0.004991
0.224350
0.047484
-0.338233
-0.246297
0.031949
0.184639
0.001635
-0.124296
-0.014086
0.179573
0.078470
-0.418581
-0.422615
-0.096736
-0.282269
-0.222388
-0.154226
-0.211088
0.187884
0.059708
-0.146670
0.287315
-0.081017
-0.184596
0.118271
-0.160561
0.118554
0.152269
-0.000078
0.334561
0.152028
0.052785
0.111935
-0.010791
0.213864
0.265695
0.165309
0.128276
0.015443
0.049935
0.033538
0.010190
0.028500
-0.086476
-0.025944
-0.009272
-0.049218
0.019770
-0.045548
-0.059012
0.060839
0.015570
-0.004980
0.040915
-0.027444
-0.006787
0.026771
0.001798
0.035657
0.017675
-0.025699
-0.006831
-0.008520
-0.010879
0.000856
-0.008033
-0.004944
0.006805
0.006376
-0.001306
0.012651
0.028408
-0.002090
-0.017521
-0.009789
0.003434
0.001786
0.001120
0.012678
0.061883
0.056998
-0.128037
-0.025732
0.025651
-0.059160
0.048289
0.057307
-0.029436
-0.064979
-0.041368
-0.080423
0.065753
0.270236
0.010175
-0.114929
0.025138
-0.108723
0.042948
-0.038556
0.084878
0.591421
-0.048203
-0.330783
0.073144
-0.288851
-0.032649
0.178164
-0.545619
0.562486
0.426702
-0.951712
0.201557
0.168663
-0.210105
0.199503
-0.217345
-0.007267
0.428837
-0.165392
-0.394342
0.225909
0.137323
-0.034259
0.040657
-0.109118
0.106854
0.503332
0.259486
0.013036
0.074915
0.097597
0.188206
0.001061
-0.215848
-0.117302
0.012989
-0.101891
-0.051416
0.025823
-0.016913
0.055118
-0.041011
-0.065676
0.024116
0.001916
-0.064958
-0.070900
-0.073805
-0.039058
-0.004336
-0.077265
-0.093643
-0.044830
-0.028385
-0.042662
-0.018694
-0.019043
-0.022914
-0.016722
-0.036778
-0.015079
-0.015202
-0.034028
-0.032941
-0.036460
-0.040383
-0.016758
-0.017981
-0.023946
-0.009885
-0.034497
-0.034909
0.003035
-0.024526
-0.030414
-0.005324
-0.005903
-0.000643
-0.048686
-0.011686
0.008399
-0.066146
0.039066
0.052738
-0.149720
-0.009835
-0.088808
-0.294400
0.069206
0.105168
0.105788
0.048954
-0.072063
-0.004678
-0.130707
-0.076487
0.014772
-0.054213
0.049082
-0.117780
0.093204
0.053171
-0.491369
0.295391
0.406959
-0.495943
-0.106165
0.120238
-0.066379
0.800912
0.242685
-0.444276
0.755443
0.462027
-0.073897
0.391695
-0.123744
0.103513
0.363552
-0.488685
-0.574781
-0.028595
-0.159619
-0.265549
-0.001989
-0.182693
-0.158216
0.034249
-0.124705
-0.038005
0.146043
-0.068326
0.135229
0.207873
-0.037378
0.163499
0.178021
-0.111073
0.039061
0.197517
0.029643
0.053078
-0.062155
-0.101647
0.092804
-0.058285
-0.099184
0.051504
-0.040800
-0.074297
-0.017483
-0.043050
-0.016331
-0.023561
-0.072683
-0.019932
-0.022766
-0.042796
-0.042092
-0.044266
-0.046699
-0.021546
-0.017004
-0.023461
-0.006521
-0.016200
-0.024067
-0.032711
-0.016054
-0.014763
-0.004011
-0.020440
-0.027037
-0.000254
-0.012311
-0.012779
-0.024439
-0.009115
0.015069
0.019442
0.000987
-0.060550
0.042225
0.095796
-0.098877
-0.104959
-0.070028
0.004959
0.085499
-0.091731
0.099799
0.037199
-0.322765
0.139164
-0.130036
-0.140926
0.409809
-0.209245
0.079257
0.291301
-0.357670
-0.138957
0.072709
0.139227
-0.087907
-0.179486
0.065467
0.086410
0.545917
0.291833
-0.364341
0.185637
0.190534
-0.103076
0.443406
-0.080186
0.137324
0.772951
-0.364480
-0.556933
-0.017481
-0.274260
-0.044592
0.035295
-0.228189
0.069611
-0.152470
-0.279966
0.108584
-0.022927
-0.051719
0.015080
0.101096
0.154129
-0.134410
-0.249805
-0.114698
-0.095570
-0.033677
-0.034997
-0.148187
-0.114682
-0.158148
-0.081576
0.063215
0.053893
0.025420
-0.010165
-0.027046
0.054310
0.054679
0.006030
0.029459
0.013626
0.027546
0.018083
-0.015454
0.020042
0.018154
0.017466
0.029634
0.009867
0.011901
0.027718
0.009124
0.008736
0.019466
0.007613
0.016177
0.005790
-0.011954
0.004131
-0.003997
0.007272
0.013020
-0.012293
-0.006242
0.003115
0.044841
0.050236
-0.029591
-0.060687
0.001689
-0.042776
-0.056851
0.036624
0.016668
0.086020
0.027738
-0.133887
-0.037634
0.044936
0.116371
0.083219
0.047485
0.122426
-0.170217
-0.255844
0.104853
0.051611
0.036784
0.109562
0.081872
0.015217
0.006722
0.131359
-0.086654
0.353584
0.525114
-0.133216
0.097254
0.163689
-0.146772
-0.368133
-0.097756
0.177590
-0.259317
-0.049078
0.107530
-0.203296
-0.062627
-0.201676
-0.151432
0.553034
0.033554
-0.325930
0.157611
-0.020040
-0.141618
-0.134114
-0.222552
0.023605
-0.019375
-0.175047
0.014396
0.121187
0.120869
0.050157
-0.035957
0.081397
0.099790
-0.007996
-0.050781
-0.048769
0.003742
-0.022986
-0.064146
-0.018494
0.005786
-0.029961
-0.009157
-0.022318
0.012078
0.029350
0.000562
0.004420
-0.001950
-0.010747
-0.002229
-0.015681
-0.011505
-0.004669
-0.017488
-0.012688
-0.014167
-0.011193
0.007218
0.001158
-0.002844
0.010539
0.001160
-0.001830
0.003216
0.000275
-0.001751
0.000946
-0.001078
-0.007379
-0.011357
0.015941
0.014633
-0.019682
-0.009496
-0.005758
-0.025491
0.000552
0.001929
-0.005614
0.020761
-0.011034
-0.037963
-0.018566
-0.027918
-0.037478
0.008539
-0.003936
-0.031540
0.003766
0.006898
0.012340
0.030656
0.017876
0.001010
0.018956
0.028256
0.011510
0.009237
0.017578
0.005414
-0.009813
-0.001288
-0.007569
-0.002811
0.006759
0.000679
0.008326
0.018205
0.014671
0.002203
-0.000746
0.000985
0.001442
0.001129
-0.001001
-0.006310
-0.006738
-0.004580
-0.005354
0.003286
0.003404
-0.000962
0.005637
0.007256
0.003537
0.004640
0.004529
0.002282
-0.000801
-0.002999
-0.002308
0.000571
0.000557
0.001037
0.000974
0.001942
0.002379
0.001693
0.001127
0.001253
0.000875
-0.000063
-0.000426
0.000253
0.000484
0.000213
0.000083
0.000149
-0.000295
-0.000265
0.001128
0.001571
0.000883
0.000103
-0.000468
-0.000949
0.000004
0.001104
0.000607
0.001102
0.000997
-0.000239
-0.000641
-0.000092
-0.000093
0.000645
0.002162
0.001340
0.000156
0.000460
0.000350
-0.000031
0.000409
0.000054
-0.000613
-0.000402
-0.000386
-0.000682
-0.000623
-0.000567
-0.001162
-0.001124
-0.000809
-0.000581
0.000035
0.000129
-0.000283
-0.000199
-0.000092
-0.000189
0.000076
0.000059
-0.000305
-0.000191