0.044150
0.340989
0.563072
0.631943
0.527422
0.295294
0.029791
-0.162420
-0.203000
-0.071881
0.185047
0.473455
0.686584
0.746014
0.631603
0.389172
0.112996
-0.090216
-0.142082
-0.022491
0.222717
0.499254
0.700411
0.747814
0.621369
0.366945
0.078863
-0.136119
-0.199575
-0.091346
0.142770
0.408532
0.599271
0.636656
0.500631
0.237104
-0.059569
-0.282596
-0.353518
-0.252148
-0.024256
0.235941
0.421797
0.454998
0.315506
0.049243
-0.249424
-0.473697
-0.545110
-0.443475
-0.214563
0.047405
0.235776
0.272226
0.136706
-0.124881
-0.418185
-0.636428
-0.701169
-0.592247
-0.355460
-0.085061
0.112263
0.158155
0.032525
-0.218759
-0.501390
-0.708632
-0.762087
-0.641638
-0.393129
-0.110860
0.098436
0.156355
0.042759
-0.196532
-0.467258
-0.662729
-0.704594
-0.572782
-0.313183
-0.020138
0.199576
0.267513
0.163497
-0.066691
-0.328826
-0.516252
-0.550651
-0.411980
-0.146157
0.152453
0.377051
0.449171
0.348622
0.121170
-0.138970
-0.325151
-0.359059
-0.220653
0.044150
0.340989
0.563072
0.631943
0.527422
0.295294
0.029791
-0.162420
-0.203000
-0.071881
0.185047
0.473455
0.686584
0.746014
0.631603
0.389172
0.112996
-0.090216
-0.142082
-0.022491
0.222717
0.499254
0.700411
0.747814
0.621369
0.366945
0.078863
-0.136119
-0.199575
-0.091346
0.142770
0.408532
0.599271
0.636656
0.500631
0.237104
-0.059569
-0.282596
-0.353518
-0.252148
-0.024256
0.235941
0.421797
0.454998
0.315506
0.049243
-0.249424
-0.473697
-0.545110
-0.443475
-0.214563
0.047405
0.235776
0.272226
0.136706
-0.124881
-0.418185
-0.636428
-0.701169
-0.592247
-0.355460
-0.085061
0.112263
0.158155
0.032525
-0.218759
-0.501390
-0.708632
-0.762087
-0.641638
-0.393129
-0.110860
0.098436
0.156355
0.042759
-0.196532
-0.467258
-0.662729
-0.704594
-0.572782
-0.313183
-0.020138
0.199576
0.267513
0.163497
-0.066691
-0.328826
-0.516252
-0.550651
-0.411980
-0.146157
0.152453
0.377051
0.449171
0.348622
0.121170
-0.138970
-0.325151
-0.359059
-0.220653
0.759541
0.516248
0.196261
-0.073212
-0.184750
-0.091774
0.173653
0.513051
0.799136
0.924421
0.842272
0.584711
0.250186
-0.034038
-0.160482
-0.082506
0.167882
0.492265
0.763417
0.873910
0.777168
0.505272
0.156724
-0.141153
-0.280828
-0.215609
0.022549
0.335276
0.595389
0.695508
0.589096
0.308272
-0.048426
-0.353644
-0.499821
-0.440240
-0.206833
0.102047
0.359235
0.457360
0.349894
0.068960
-0.286904
-0.590346
-0.733813
-0.670598
-0.432650
-0.118336
0.145156
0.250429
0.150928
-0.121256
-0.467619
-0.760847
-0.893427
-0.818695
-0.568645
-0.241693
0.034923
0.153757
0.068197
-0.189719
-0.521544
-0.800021
-0.917696
-0.827963
-0.562874
-0.220907
0.070642
0.204268
0.133301
-0.110279
-0.428082
-0.692905
-0.797349
-0.694860
-0.417542
-0.063918
0.238669
0.382669
0.321373
0.086720
-0.222932
-0.480414
-0.578356
-0.470229
-0.188159
0.169311
0.474824
0.620817
0.560575
0.326032
0.015546
-0.243713
-0.344364
-0.239871
0.037657
0.389694
0.688903
0.827748
0.759541
0.516248
0.196261
-0.073212
-0.184750
-0.091774
0.173653
0.513051
0.799136
0.924421
0.842272
0.584711
0.250186
-0.034038
-0.160482
-0.082506
0.167882
0.492265
0.763417
0.873910
0.777168
0.505272
0.156724
-0.141153
-0.280828
-0.215609
0.022549
0.335276
0.595389
0.695508
0.589096
0.308272
-0.048426
-0.353644
-0.499821
-0.440240
-0.206833
0.102047
0.359235
0.457360
0.349894
0.068960
-0.286904
-0.590346
-0.733813
-0.670598
-0.432650
-0.118336
0.145156
0.250429
0.150928
-0.121256
-0.467619
-0.760847
-0.893427
-0.818695
-0.568645
-0.241693
0.034923
0.153757
0.068197
-0.189719
-0.521544
-0.800021
-0.917696
-0.827963
-0.562874
-0.220907
0.070642
0.204268
0.133301
-0.110279
-0.428082
-0.692905
-0.797349
-0.694860
-0.417542
-0.063918
0.238669
0.382669
0.321373
0.086720
-0.222932
-0.480414
-0.578356
-0.470229
-0.188159
0.169311
0.474824
0.620817
0.560575
0.326032
0.015546
-0.243713
-0.344364
-0.239871
0.037657
0.389694
0.688903
0.827748