-0.249381
-0.221488
-0.184372
-0.138427
-0.085110
-0.026881
0.033120
0.091566
0.145471
0.192593
0.231614
0.262068
0.284074
0.298014
0.304277
0.303181
0.295083
0.280614
0.260914
0.237744
0.213382
0.190314
0.170779
0.156326
0.147528
0.143929
0.144263
0.146854
0.150063
0.152632
0.153828
0.153355
0.151105
0.146869
0.140145
0.130135
0.115943
0.096907
0.072931
0.044685
0.013584
-0.018467
-0.049480
-0.077808
-0.102446
-0.123107
-0.140058
-0.153793
-0.164668
-0.172650
-0.177272
-0.177809
-0.173611
-0.164453
-0.150780
-0.133728
-0.114922
-0.096125
-0.078847
-0.064076
-0.052213
-0.043222
-0.036939
-0.033389
-0.032988
-0.036542
-0.045014
-0.059155
-0.079128
-0.104259
-0.133033
-0.163322
-0.192802
-0.219397
-0.241624
-0.258722
-0.270556
-0.277354
-0.279404
-0.276837
-0.269604
-0.257633
-0.241126
-0.220838
-0.198222
-0.175342
-0.154560
-0.138066
-0.127401
-0.123128
-0.124736
-0.130818
-0.139436
-0.148555
-0.156386
-0.161551
-0.163038
-0.160008
-0.151576
-0.136687
-0.114186
-0.083074
-0.042874
0.006016
0.062134
0.123019
0.185529
0.246334
0.302444
0.351616
0.392530
0.424719
0.448300
0.463651
0.471163
0.471150
0.463971
0.450253
0.431137
0.408383
0.384269
0.361280
0.341655
0.326944
0.317719
0.313525
0.313097
0.314760
0.316874
0.318185
0.317958
0.315901
0.311906
0.305766
0.296982
0.284756
0.268197
0.246644
0.220002
0.188945
0.154891
0.119747
0.085505
0.053815
0.025685
0.001405
-0.019288
-0.036883
-0.051734
-0.063803
-0.072620
-0.077456
-0.077655
-0.072989
-0.063899
-0.051514
-0.037458
-0.023486
-0.011105
-0.001298
0.005539
0.009447
0.010595
0.008963
0.004140
-0.004674
-0.018437
-0.037897
-0.063209
-0.093695
-0.127833
-0.163492
-0.198343
-0.230303
-0.257884
-0.280319
-0.297469
-0.309558
-0.316865
-0.319520
-0.317466
-0.310626
-0.299199
-0.283934
-0.266277
-0.248290
-0.232329
-0.220579
-0.214577
-0.214880
-0.220974
-0.231447
-0.244357
-0.257665
-0.269576
-0.278709
-0.284050
-0.284754
-0.279932
-0.268527
0.844280
0.775158
0.686544
0.582261
0.469658
0.358721
0.260044
0.182339
0.130324
0.103732
0.097793
0.104991
0.117465
0.129191
0.137198
0.141444
0.143519
0.144758
0.144595
0.139862
0.125364
0.095542
0.046613
-0.021654
-0.105230
-0.196517
-0.286221
-0.365784
-0.429506
-0.475621
-0.505976
-0.524498
-0.535055
-0.539577
-0.537141
-0.524389
-0.497098
-0.452275
-0.389967
-0.314042
-0.231619
-0.151332
-0.081036
-0.025819
0.012981
0.037394
0.051268
0.058166
0.059547
0.053948
0.037512
0.005657
-0.044735
-0.113460
-0.196191
-0.285078
-0.370564
-0.443783
-0.498690
-0.533188
-0.548884
-0.549654
-0.539607
-0.521279
-0.494776
-0.458188
-0.409094
-0.346544
-0.272686
-0.193329
-0.117127
-0.053595
-0.010604
0.007776
0.002339
-0.021649
-0.056123
-0.092544
-0.124047
-0.146649
-0.159168
-0.162009
-0.155390
-0.137841
-0.105642
-0.053539
0.023488
0.128026
0.258443
0.408246
0.566888
0.721828
0.861186
0.976120
1.062153
1.119097
1.149703
1.157657
1.145740
1.114882
1.064436
0.993542
0.902941
0.796457
0.681442
0.567883
0.466378
0.385642
0.330394
0.300373
0.290810
0.294194
0.302667
0.310210
0.313854
0.313564
0.310932
0.307300
0.302104
0.292184
0.272348
0.237042
0.182491
0.108468
0.019006
-0.078288
-0.174116
-0.259915
-0.329976
-0.382529
-0.419414
-0.444550
-0.461801
-0.473089
-0.477485
-0.471624
-0.451276
-0.413441
-0.358159
-0.289292
-0.213951
-0.140763
-0.077577
-0.029473
0.002216
0.019530
0.026322
0.026164
0.020519
0.007934
-0.015444
-0.054188
-0.111410
-0.186900
-0.276322
-0.371822
-0.463835
-0.543489
-0.604733
-0.645463
-0.667280
-0.674055
-0.669889
-0.657314
-0.636431
-0.605321
-0.561561
-0.504194
-0.435365
-0.360874
-0.289374
-0.230374
-0.191740
-0.177539
-0.186972
-0.214769
-0.252861
-0.292707
-0.327437
-0.353064
-0.368405
-0.373862
-0.369650
-0.354296
-0.324079
-0.273742
-0.198263
-0.095055
0.034252
0.183167
0.341142
0.495638
0.634777
0.749713
0.835973
0.893367
0.924645
0.933493
0.922693
0.893170