-0.005376
-0.011293
-0.011098
-0.012836
-0.020143
-0.025446
-0.017451
-0.016282
-0.016392
-0.014034
-0.020621
-0.027490
-0.019464
-0.015999
0.004330
0.008252
0.019669
0.016200
-0.044105
-0.009276
0.029951
-0.014609
-0.031598
-0.031294
-0.001617
0.041742
0.058866
0.040852
0.043661
0.027752
-0.055704
-0.069994
-0.068285
-0.061295
-0.024138
0.032893
0.000380
0.109628
0.121708
-0.086526
-0.079668
-0.181418
-0.147945
0.184700
0.108410
-0.118140
0.111048
0.160178
-0.112400
-0.160051
-0.292161
-0.114654
0.081064
-0.154786
-0.031801
0.129254
0.095845
0.051610
-0.102929
-0.145934
-0.005302
-0.041980
-0.066134
0.103108
0.151446
0.088140
0.156127
0.136244
0.038709
0.015057
-0.034871
0.031034
0.085512
-0.000847
-0.061398
-0.046022
-0.037628
-0.040300
-0.035079
-0.021254
0.034530
0.048914
0.000770
-0.024550
-0.015888
-0.000824
0.002642
0.003780
-0.003460
0.012077
0.006213
-0.003680
0.002316
0.003476
0.004099
0.007497
0.010557
0.017385
0.025969
0.017884
0.015350
0.018874
0.013539
0.007609
0.005786
0.004199
-0.002038
-0.000942
0.008182
-0.003422
-0.009739
-0.008592
0.003446
0.022986
0.003464
-0.017559
0.001815
-0.003177
0.000240
0.011094
0.026299
0.048177
0.004691
0.000018
0.003576
-0.009736
-0.013456
-0.025727
0.051185
0.093968
-0.024466
-0.052556
0.080020
0.089087
-0.055276
-0.012664
-0.005822
0.053725
0.230392
0.019086
-0.075823
-0.042459
-0.140609
-0.088832
-0.146529
-0.106138
0.213927
0.189324
-0.089833
0.052084
0.119917
-0.093986
-0.211646
-0.350162
-0.178151
0.156405
0.104896
0.054527
0.113375
0.150354
0.249485
0.192994
0.012361
-0.091934
0.007504
0.094068
0.087034
-0.002169
-0.068514
-0.004880
-0.047984
-0.040633
-0.069654
-0.062363
0.040891
0.031265
0.018584
0.014226
0.022402
-0.020699
-0.007610
-0.025793
-0.058518
-0.004689
-0.015469
-0.034185
-0.034827
-0.018640
-0.009652
0.000364
-0.007335
-0.010051
0.010921
-0.002996
0.001359
0.004667
-0.001851
-0.006815
-0.006801
-0.010207
-0.015663
-0.010219
-0.013981
-0.015517
-0.018581
-0.022373
-0.016295
-0.006497
-0.009174
-0.011822
-0.010203
-0.003831
0.005768
-0.024707
-0.026564
-0.014572
-0.004262
0.004809
-0.024614
-0.005659
-0.004479
-0.027902
0.002746
-0.008105
-0.028907
-0.045651
-0.015908
0.053468
-0.007709
-0.045021
0.004225
0.063779
0.098922
0.069060
0.079342
0.081922
-0.002616
-0.066614
-0.004605
0.038916
-0.023067
-0.129744
-0.191550
-0.063915
-0.010575
-0.019086
-0.063034
0.015350
0.131026
-0.058237
0.020719
-0.029991
-0.212421
-0.129458
-0.077410
-0.066793
-0.186866
-0.150744
-0.095986
0.106414
0.183450
0.042887
0.078415
0.155114
0.197631
0.074830
0.041843
0.030249
0.089673
0.056584
-0.067202
-0.003886
0.020652
0.054464
0.074386
0.074256
0.033610
0.005496
-0.030239
-0.079208
-0.030934
-0.013449
-0.011871
-0.018390
-0.017674
-0.031074
-0.033801
-0.021558
-0.017867
0.000559
-0.006794
-0.008920
-0.000905
0.005874
0.007683
0.013227
0.014561
0.006910
0.003680
-0.003673
-0.001148
0.006173
0.005167
0.001098
-0.002061
0.001802
-0.006860
-0.010946
-0.004340
0.010139
0.003292
-0.015582
0.008774
0.008211
-0.030084
-0.007745
0.007425
-0.030614
0.000062
0.001410
-0.021179
0.021051
0.004263
-0.025334
0.002260
-0.035573
-0.011638
0.072526
-0.052930
0.022285
0.039759
-0.156705
0.020391
0.050804
-0.108436
-0.129968
-0.152455
-0.083223
0.154038
0.053877
-0.035215
0.150610
0.051839
-0.035026
-0.056171
-0.091530
-0.117598
-0.032540
0.051015
-0.030876
-0.107748
-0.159733
-0.150522
-0.060566
-0.025790
-0.015548
0.132827
0.170142
-0.023574
-0.006727
0.023077
-0.075358
-0.004848
-0.043817
-0.016112
0.111205
0.025095
-0.039015
0.014531
0.043803
0.039254
0.037266
-0.017080
0.005918
0.048101
0.049454
0.047142
0.012835
0.032022
0.049007
0.058511
0.017224
0.004215
0.010425
0.000100
0.021549
0.013107
0.003688
0.006127
0.018572
0.020132
0.025437
0.013976
0.004932
0.011239
0.006555
0.010003
0.013000
0.014865
0.015659
0.012397
0.009730
0.013149
0.018099
0.013800
0.017491
0.015406
0.014706
0.021111
0.006345
0.016514
0.024684
0.003456
-0.011461
0.015699
0.037079
0.006087
-0.000969
0.010966
-0.001026
0.035431
0.045271
-0.023901
0.039585
0.048489
-0.033624
0.040481
-0.081248
-0.150611
0.027529
-0.054367
0.039755
0.216975
0.032439
0.038324
-0.010314
-0.109235
-0.023995
-0.091724
0.049144
0.169357
0.213705
0.285461
0.085690
-0.122360
-0.059844
0.076767
0.058903
0.003821
-0.000508
0.055782
0.042800
0.052787
-0.122782
-0.158063
0.026184
-0.092981
0.078240
0.025503
-0.102889
0.080914
0.054877
0.117707
-0.005157
-0.156227
-0.036694
0.039898
-0.019152
-0.045878
-0.043816
0.009363
0.022026
-0.074312
-0.054773
-0.027357
-0.032709
-0.018014
-0.032929
-0.021859
-0.021155
-0.047672
-0.024481
0.015872
0.018496
0.002264
-0.016897
-0.021102
-0.006857
0.001703
-0.001878
-0.007886
-0.009185
-0.015779
-0.016122
-0.009085
-0.006424
-0.008935
-0.007704
-0.015681
-0.014440
-0.010852
-0.017543
-0.011431
-0.008952
-0.020520
-0.020657
-0.017004
-0.010989
-0.008062
-0.015375
-0.023777
-0.030387
-0.004608
0.000134
-0.013710
-0.003945
-0.015073
-0.015846
-0.016132
-0.040045
-0.019852
-0.015382
-0.016454
0.025483
0.024332
-0.034611
0.010138
0.045289
-0.007849
0.066324
-0.081990
-0.119056
0.050336
0.042088
0.088343
0.046413
0.016317
0.092187
0.110945
-0.067995
-0.245563
-0.146707
0.011596
0.098070
0.042215
-0.042601
0.028249
0.086593
-0.075299
-0.233726
-0.246452
-0.254386
-0.102454
-0.020671
-0.052537
0.062409
0.062136
0.041757
0.145334
-0.005141
-0.133425
-0.091524
-0.092294
0.055666
0.102281
0.059731
0.102150
0.105459
0.128061
0.091004
0.019191
0.002592
0.032821
0.086848
0.087445
0.063229
0.020440
-0.030091
-0.017204
-0.006318
-0.039586
-0.027896
-0.037792
-0.038675
0.000921
-0.013995
-0.022457
-0.000184
0.003881
0.009079
0.022509
0.013229
0.010670
0.012806
0.002170
0.005681
0.012364
0.009055
0.011125
0.019132
0.017887
0.015835
0.015254
0.012187
0.016561
0.017417
0.005033
0.004513
0.014082
0.006556
0.005685
0.001671
0.001560
0.006389
0.006142
0.010974
0.023431
0.021372
-0.050578
-0.024424
0.014154
0.007613
0.032705
0.020241
-0.010478
-0.030009
0.007419
-0.022210
0.013486
0.107967
0.022424
-0.025434
0.018044
0.011418
0.036381
-0.044829
-0.018331
0.196344
0.085336
-0.034896
-0.035864
-0.182062
-0.074649
0.038791
-0.189596
0.139343
0.224942
-0.207116
0.007893
0.053040
-0.006204
-0.010894
-0.126379
-0.105332
0.139752
0.194776
-0.115313
-0.053739
-0.035683
0.035942
0.153397
0.010532
-0.016673
0.117799
0.208587
0.144099
0.100035
-0.014424
-0.014307
0.002420
-0.083650
-0.073668
-0.050468
-0.031691
0.002606
0.021041
0.008373
0.044327
0.025689
-0.023671
-0.022063
-0.034998
-0.042928
-0.026945
-0.023655
-0.035920
-0.013111
-0.007402
-0.019145
-0.014119
-0.011262
-0.010763
-0.004620
-0.002922
-0.005180
0.001661
-0.003801
-0.004099
-0.002567
-0.012261
-0.011911
-0.014774
-0.021283
-0.019910
-0.020519
-0.015239
-0.007706
-0.016072
-0.022589
-0.013698
-0.018574
-0.022356
-0.014503
-0.007209
-0.003638
-0.022369
-0.019424
-0.025867
-0.042281
0.004290
0.013891
-0.053395
-0.027409
-0.055375
-0.122579
-0.010240
0.042749
0.059748
0.002594
-0.029727
-0.009416
-0.030639
-0.007669
-0.081430
-0.131273
-0.062886
0.001924
0.147706
0.056611
-0.230386
-0.018592
0.150791
-0.035215
-0.040190
-0.087480
-0.111418
0.349230
0.340515
-0.078151
0.138357
0.216038
0.147359
0.202492
-0.057280
-0.139462
0.004203
-0.045405
-0.207077
-0.147058
-0.169234
-0.166240
0.047979
-0.003771
-0.021867
0.013587
-0.059285
-0.041415
0.042675
0.005019
0.040064
0.095074
0.016574
0.084466
0.108594
0.017696
0.019285
0.036550
0.006548
0.043133
0.030502
-0.022613
0.027846
0.001049
-0.027156
0.008897
0.000928
-0.020576
-0.017205
-0.020714
-0.029257
-0.021102
-0.043308
-0.036619
-0.025202
-0.031673
-0.027002
-0.019441
-0.020946
-0.017956
-0.011576
-0.018042
-0.005251
-0.000066
0.001586
0.003553
-0.000291
-0.001941
0.001299
-0.002582
-0.010729
-0.004913
-0.006642
-0.009821
-0.012471
-0.007187
-0.003658
0.000552
-0.009432
-0.044226
0.000706
0.029795
-0.040416
-0.071479
-0.072085
-0.008011
0.052907
-0.011646
0.006673
-0.031364
-0.111844
0.054275
-0.040743
-0.078577
0.060733
-0.079665
0.065478
0.161978
-0.018794
-0.133964
-0.087458
0.074375
-0.000629
-0.012678
-0.037585
-0.022255
0.298784
0.266270
-0.060960
-0.086724
-0.017873
0.052178
0.240161
-0.006169
-0.065089
0.206992
0.052723
-0.060645
-0.118874
-0.264590
-0.214717
-0.017458
0.043009
0.071206
0.006673
-0.110257
-0.023213
0.024047
0.025414
-0.032804
-0.032847
0.019924
0.012196
-0.026412
-0.081583
-0.081427
-0.095229
-0.063638
-0.022674
-0.003019
-0.019898
-0.030710
-0.001372
0.017609
0.033139
0.009817
-0.005558
0.003371
0.014398
0.015145
-0.001061
-0.008857
-0.006437
-0.003288
-0.010872
-0.011316
-0.004387
0.003741
0.006135
0.001229
-0.003979
-0.005308
-0.001754
-0.001139
0.002462
-0.004082
-0.009586
-0.005729
-0.011352
-0.007414
-0.008129
-0.008789
0.001394
-0.002347
-0.008709
-0.007837
0.008996
0.017208
-0.016025
-0.039606
-0.018504
-0.021251
-0.009947
0.017723
0.002469
0.034087
0.019004
-0.037592
-0.022784
0.010504
0.057663
0.036691
0.023882
0.046969
-0.055162
-0.096280
-0.004722
0.007118
0.015479
0.046627
0.083385
0.073092
0.081432
0.086056
-0.084540
0.080731
0.242775
0.073624
0.066466
0.030240
-0.070048
-0.215904
-0.076579
0.040946
-0.135810
-0.026066
0.040779
0.014399
0.059141
-0.030045
-0.130607
0.066796
0.089738
-0.043133
0.018736
-0.010760
-0.028829
-0.091472
-0.136457
-0.055986
-0.002636
0.001360
0.003358
0.073580
0.093921
0.075890
0.033915
0.000535
0.005404
-0.013461
-0.026048
-0.030737
-0.013949
-0.011658
-0.010514
-0.015814
-0.015035
-0.003752
-0.009858
-0.014167
-0.003315
0.000396
-0.008267
-0.006439
-0.002593
-0.008834
-0.013764
-0.017723
-0.013015
-0.009001
-0.007616
-0.008270
-0.009864
-0.005029
-0.002023
-0.002584
0.000091
0.008209
0.007506
0.001266
-0.005005
-0.008925
-0.013223
-0.013255
-0.006173
-0.005441
-0.004488
0.007653
0.009273
-0.003263
-0.013941
-0.015261
-0.014545
-0.002545
0.006239
-0.009262
-0.010935
-0.015349
-0.020225
-0.011660
-0.017424
-0.018560
-0.002947
0.005851
0.009697
0.012402
0.004545
0.003104
0.008440
0.010875
0.007437
0.003806
0.002887
-0.004891
-0.003143
-0.000937
-0.001230
0.003590
0.003574
0.004539
0.005653
0.005395
0.006409
0.002023
-0.002165
-0.002521
-0.001709
-0.004387
-0.005005
-0.002569
-0.001067
-0.000284
-0.000290
0.001026
0.001357
0.002544
0.001708
0.001831
0.001742
0.001611
0.000856
0.000412
0.000740
0.001206
0.000958
0.001533
0.001631
0.001819
0.001577
0.001443
0.001199
0.001147
0.000813
0.000582
0.000721
0.000788
0.000695
0.000781
0.000519
0.000342
0.000493
0.000627
0.000691
0.001161
0.001404
0.001116
0.000697
0.000367
0.000210
0.000598
0.001127
0.001075
0.000879
0.000847
0.000802
0.000712
0.000732
0.000644
0.000556
0.000844
0.001198
0.001028
0.000795
0.000615
0.000345
0.000320
0.000333
0.000192
0.000012
-0.000198
-0.000238
-0.000190
-0.000269
-0.000197
-0.000191
-0.000165
-0.000131
0.000053
0.000090
-0.011045
-0.004981
-0.016513
-0.030438
-0.017905
-0.022057
0.006344
0.001404
0.028603
0.029072
-0.049740
0.019317
0.049746
-0.029038
-0.026690
-0.034080
-0.021615
0.022798
0.062820
0.106576
0.130512
0.041969
-0.069943
-0.080978
-0.096787
-0.063470
-0.019910
0.037994
-0.036699
0.129879
0.111654
-0.078926
-0.007024
-0.255323
-0.209869
0.203098
0.013443
-0.070707
0.302974
0.042493
-0.227846
-0.122140
-0.323433
-0.002561
-0.087871
-0.442057
0.127973
0.106152
-0.095581
0.163335
-0.024998
-0.083813
0.020567
-0.266431
-0.017942
0.241341
0.106405
0.165554
0.227105
0.141135
0.179635
0.077670
0.014790
0.144006
0.032199
-0.069076
-0.048461
-0.067022
-0.075342
-0.058838
-0.048954
-0.005752
0.023960
0.009049
0.010170
0.020588
0.027066
0.026793
0.015614
0.015454
0.003764
0.013521
-0.014761
-0.013273
0.007300
0.003285
-0.004550
0.004601
0.000768
0.008831
0.016907
0.004822
0.014498
0.006464
-0.003994
0.002258
0.002449
0.006521
0.004842
0.005222
0.016677
-0.008416
-0.011284
-0.006320
-0.002413
0.013266
-0.009683
-0.018686
0.021108
-0.006815
0.001516
0.017724
0.025291
0.050211
-0.009071
-0.000846
0.002749
-0.015795
-0.014679
-0.026464
0.067523
0.083852
-0.076053
-0.022406
0.123320
0.030668
-0.072535
0.093537
0.012827
0.046733
0.237701
0.023434
0.072004
-0.051396
-0.304095
-0.117592
-0.238951
-0.124535
0.369540
0.074841
-0.182869
0.233631
0.093875
-0.124352
-0.161887
-0.394781
-0.167441
-0.083465
-0.188546
0.274670
0.292530
0.100826
0.332937
0.256481
0.162661
0.139578
0.059882
0.042750
0.016341
-0.055114
0.035881
-0.024812
-0.233040
-0.064893
-0.075242
-0.078314
0.019857
-0.006466
0.039161
0.034255
0.019485
0.025949
0.033194
-0.051380
-0.038428
-0.036183
-0.086570
-0.038254
-0.024376
-0.031778
-0.039028
-0.021616
-0.022828
-0.014533
-0.020840
-0.035457
-0.006743
-0.013285
-0.019669
-0.010841
-0.006010
-0.013505
-0.008110
-0.014329
-0.025694
-0.019538
-0.024689
-0.026835
-0.017166
-0.002364
-0.001444
-0.005086
-0.007411
0.008660
0.019146
-0.029616
-0.025297
-0.026931
-0.013420
0.015783
-0.018115
0.018633
0.000222
-0.060098
-0.006586
-0.023352
-0.041464
-0.042332
-0.018585
0.049405
-0.028055
-0.013592
0.081473
0.081052
0.077571
0.106017
0.188973
0.150457
-0.040224
-0.072278
0.069365
0.048414
-0.034082
-0.137462
-0.244902
-0.145201
-0.164673
-0.052296
0.014433
0.086626
0.087280
-0.199760
0.068642
0.019742
-0.208257
-0.124727
-0.152300
-0.194079
-0.304819
-0.232759
-0.108489
0.137026
0.080928
0.139518
0.239584
0.176886
0.222618
0.179881
0.227764
0.143205
0.109377
-0.043806
-0.095491
0.053581
0.043563
0.045077
0.088038
0.104706
0.043359
0.018907
-0.033104
-0.020475
0.003418
-0.061217
-0.041609
-0.044493
-0.040878
-0.033553
-0.023603
-0.023905
-0.006766
-0.000503
-0.023432
-0.021265
-0.011114
-0.001262
-0.006732
-0.004291
-0.009780
-0.012621
-0.013127
-0.016756
-0.011748
-0.004817
-0.010861
-0.013912
-0.014572
-0.010526
-0.013613
-0.015557
-0.012447
0.004099
-0.003572
-0.008393
0.038577
0.024971
-0.027840
0.012607
0.003822
-0.050494
0.018613
0.000139
-0.029324
0.008306
-0.038518
-0.026065
0.012111
-0.084525
0.015591
0.105125
-0.120821
0.105964
0.035752
-0.244723
0.106130
0.012821
-0.167459
-0.109158
-0.279452
-0.160960
0.170829
-0.069747
0.156508
0.334002
-0.092599
-0.016194
0.013068
-0.035997
-0.033343
-0.080693
-0.022816
-0.066560
-0.269452
-0.204242
-0.134925
-0.148772
-0.078229
0.017392
0.216025
0.151255
-0.059535
0.167246
0.103734
-0.114251
0.069971
-0.050919
-0.007332
0.101275
-0.077025
0.035251
0.101441
-0.006661
0.105563
0.077480
-0.029923
0.095689
0.010109
0.013126
0.112688
0.044348
0.084335
0.059950
0.040038
0.067896
0.057663
0.024379
0.018694
0.002466
0.010683
0.019576
0.005250
0.026550
0.006616
0.018110
0.011705
0.003341
0.015889
0.004883
0.001629
0.009242
0.000234
0.005475
0.009373
-0.004161
0.003689
0.007060
0.003367
0.016600
0.008146
0.010446
0.021991
-0.008281
0.012710
0.028723
-0.001924
-0.017133
0.006873
0.007759
-0.024930
0.001530
0.019608
-0.014865
0.040272
0.055350
-0.019644
0.084712
0.025499
-0.063431
0.095892
-0.145931
-0.177420
0.040594
-0.205102
0.065134
0.290152
-0.031626
0.153076
-0.030327
-0.174297
0.065827
-0.171148
0.131602
0.282294
0.136034
0.367317
0.167667
-0.123810
0.090023
0.066584
0.032966
0.089422
-0.014194
0.064817
-0.098679
-0.046784
-0.019073
-0.046030
-0.030521
-0.253835
0.065484
-0.031663
-0.101548
0.184041
0.043554
0.115202
0.026633
-0.173977
0.025517
-0.003928
-0.161825
0.047111
-0.062107
-0.083053
-0.043032
-0.171482
0.022416
-0.003503
-0.147709
-0.040937
-0.097719
-0.079079
-0.000184
-0.080872
0.010314
0.028839
-0.046965
0.019342
-0.000131
-0.003117
0.037525
-0.019973
-0.001147
0.019905
-0.016640
-0.006259
-0.016239
-0.017276
0.008062
-0.018190
-0.013972
-0.014151
-0.016943
-0.002995
-0.011811
-0.003571
0.003795
-0.020727
-0.008779
-0.007225
-0.016549
-0.002866
-0.017765
-0.024171
-0.014119
0.007843
0.015571
0.011159
0.005445
-0.021671
-0.030918
-0.041249
-0.048058
0.015421
-0.004088
-0.029192
0.027265
0.016784
-0.042937
0.062649
0.062723
-0.014165
0.117305
-0.135774
-0.103357
0.050827
-0.027927
0.162610
0.107364
0.032244
0.148431
0.066315
-0.110644
-0.132805
-0.137425
-0.074951
0.001957
-0.022829
0.046703
0.093220
-0.002043
-0.171381
-0.202940
-0.224453
-0.389512
-0.267966
-0.161650
-0.100267
0.100941
0.019723
0.044217
0.261764
0.005727
-0.041531
-0.015203
-0.191294
0.046624
0.070742
0.067565
0.247746
0.109225
0.121040
0.183726
0.069848
0.131209
0.122912
0.052905
0.104051
0.082776
0.062891
0.033802
-0.028689
-0.017516
-0.049563
-0.038065
-0.029761
-0.048860
-0.016592
-0.026590
-0.013601
0.035431
0.002627
0.003508
0.027592
-0.006963
0.018828
0.019047
-0.004433
0.016773
-0.000574
-0.009765
0.007993
-0.006032
-0.008635
-0.000616
-0.010621
-0.001519
0.009253
0.008836
0.010961
0.015698
0.021856
-0.002862
-0.008312
-0.002361
0.004076
0.002047
0.004484
0.015749
0.048536
0.043435
-0.069840
-0.021078
-0.013433
-0.023008
0.038257
0.029790
-0.021153
-0.055213
-0.016747
-0.039130
0.054164
0.139572
0.014306
-0.032150
-0.013678
-0.032522
0.064117
-0.044751
0.058781
0.307912
-0.012479
-0.038636
0.066461
-0.247862
-0.091230
-0.013360
-0.310134
0.334006
0.119037
-0.382501
0.219770
-0.019801
-0.010994
0.101143
-0.194694
-0.020556
0.152211
-0.083625
0.007292
0.160503
-0.161604
0.036252
0.074505
0.001535
0.186199
0.196996
0.155380
0.166028
0.180410
0.104766
0.095861
-0.077879
-0.149489
-0.073419
-0.107164
-0.118553
-0.033596
-0.000845
-0.003811
0.059886
0.020003
0.009175
0.006709
-0.047278
-0.064787
-0.058309
-0.055862
-0.039244
-0.035980
-0.061748
-0.036035
-0.021490
-0.029463
-0.027817
-0.021517
-0.019504
-0.013200
-0.013026
-0.020406
-0.011781
-0.017222
-0.026259
-0.022491
-0.023928
-0.027515
-0.021611
-0.026022
-0.021083
-0.012504
-0.016447
-0.008838
-0.007413
-0.027456
-0.020410
-0.013693
-0.006439
-0.002066
-0.028090
0.001291
-0.012351
-0.053271
0.011158
0.013624
-0.077039
-0.018684
-0.109221
-0.167265
0.007229
0.013858
0.103148
0.038163
-0.017325
0.011694
-0.072381
-0.039268
0.001213
-0.089200
-0.127919
-0.095336
0.143447
0.069302
-0.223446
0.130550
0.101007
-0.203108
0.056249
0.011379
-0.099544
0.423760
0.231960
0.065741
0.491848
0.147812
0.188179
0.348884
-0.052233
0.101156
-0.019067
-0.400005
-0.227749
-0.122873
-0.342449
-0.209926
-0.091144
-0.149311
0.028984
-0.008589
-0.051444
0.024357
0.019054
-0.011450
0.146723
0.112528
0.018584
0.163865
0.096021
0.004781
0.098078
0.075235
-0.010287
0.024772
-0.040972
-0.023331
0.033037
-0.090313
-0.044561
0.008768
-0.054192
-0.022331
-0.009387
-0.042469
-0.014321
-0.023953
-0.049077
-0.006855
-0.036532
-0.038155
-0.023575
-0.040122
-0.028242
-0.012567
-0.021876
-0.018879
-0.005781
-0.018572
-0.016853
-0.017576
-0.011066
-0.010342
-0.011771
-0.019530
-0.020689
-0.004854
-0.005169
-0.009284
-0.020868
-0.008518
0.001604
0.017960
0.002882
-0.045845
0.030695
0.046539
-0.045781
-0.059092
-0.091034
-0.025639
0.055815
-0.018097
0.076990
-0.020782
-0.187756
0.079733
-0.082917
-0.032474
0.140533
-0.163794
0.092178
0.129242
-0.083197
-0.020510
-0.075349
-0.000692
-0.035072
-0.052881
0.027346
0.071018
0.282659
0.279017
0.047901
0.096113
-0.012464
-0.041654
0.308743
0.010497
0.143911
0.298580
-0.238407
-0.094418
-0.011449
-0.302344
-0.213808
-0.195364
-0.149301
0.135397
-0.091938
-0.109237
0.090088
-0.099716
0.029799
0.079449
0.009730
0.031624
-0.080907
-0.111428
-0.045296
-0.095512
-0.115147
-0.101879
-0.146381
-0.058094
-0.060719
-0.044340
0.019297
-0.003928
0.026573
0.035537
0.018396
0.042825
0.024628
0.005689
0.027410
0.011926
0.013113
0.011188
-0.008372
0.015628
0.015755
0.007690
0.014817
0.009274
0.012318
0.015237
0.002221
0.006468
0.011353
0.001917
0.007758
0.000182
-0.011594
-0.000103
-0.005322
-0.003778
0.009279
-0.004313
-0.011217
0.003790
0.030924
0.029912
-0.018824
-0.036132
-0.016157
-0.053924
-0.029797
0.011372
-0.000407
0.076188
0.019597
-0.058812
-0.005219
0.008346
0.074250
0.071520
0.047487
0.073698
-0.097745
-0.140282
0.021475
-0.001036
0.010634
0.046053
0.077070
0.053492
0.084997
0.156422
-0.015592
0.183386
0.265911
0.067260
0.159778
0.087619
-0.082459
-0.311711
-0.136116
0.014194
-0.206649
-0.094171
0.006610
-0.049510
-0.032857
-0.043652
-0.013277
0.189708
-0.055897
-0.048012
0.139441
-0.088159
-0.041111
-0.102608
-0.211207
-0.047589
-0.081657
-0.097924
0.055381
0.073728
0.084192
0.115333
0.040662
0.086692
0.056502
-0.041760
-0.026404
-0.043524
-0.033280
-0.037519
-0.043418
-0.011156
0.001648
-0.011993
0.001073
-0.007048
0.006787
0.014199
-0.007020
0.001647
0.005044
-0.005560
-0.002903
-0.016696
-0.015219
-0.010463
-0.018483
-0.010739
-0.010427
-0.008733
0.004128
-0.001767
-0.005575
0.006472
0.006151
0.006541
0.004222
-0.000030
-0.006572
-0.015824
-0.011302
-0.005696
-0.007324
0.014903
0.013479
-0.007690
-0.004944
-0.002840
-0.020105
-0.010993
0.013586
0.004978
-0.002378
-0.014277
-0.023194
-0.027502
-0.035961
-0.021731
-0.012361
-0.018435
0.000390
0.007884
0.005217
0.029942
0.017026
0.006013
0.030268
0.019147
0.003475
0.001942
0.003022
-0.004039
-0.006184
-0.002543
-0.007411
-0.000057
0.002605
-0.002409
0.007490
0.017563
0.011001
0.003892
0.003747
0.004163
0.001377
-0.008024
-0.006741
-0.005022
-0.006715
-0.003456
0.000289
0.002044
0.003622
0.004827
0.003828
0.004980
0.004716
0.003652
0.002367
0.001147
-0.000552
-0.000652
-0.001417
-0.000605
-0.000276
0.000355
0.000967
0.001398
0.001083
0.001506
0.001383
0.001332
0.000872
0.000669
0.000395
0.000452
0.000120
-0.000060
0.000177
0.000514
0.000232
0.000545
0.001385
0.001169
0.000645
0.000553
-0.000116
-0.000428
0.000556
0.000593
0.000067
0.000665
0.000331
-0.000405
0.000339
0.000699
0.000238
0.000951
0.001287
0.000566
0.000576
0.000895
0.000643
0.000676
0.000777
-0.000150
-0.000441
-0.000540
-0.000798
-0.000563
-0.000425
-0.000403
-0.000556
-0.000579
-0.000274
0.000072
-0.000019
0.000071
0.000211
0.000210
0.000233
0.000310
0.000158