-0.022325
-0.024137
-0.023379
-0.019556
-0.016234
-0.012017
-0.011588
-0.011421
-0.012649
-0.010407
-0.006079
-0.003309
-0.000638
-0.001211
-0.003127
-0.005753
-0.006378
-0.006096
-0.005650
-0.003966
-0.004234
-0.003002
-0.002553
-0.000424
-0.002000
-0.003636
0.002394
-0.002001
-0.004124
-0.000327
-0.005283
-0.008469
-0.009850
-0.005173
0.002216
0.011246
0.014397
0.006343
0.003124
-0.004416
-0.015866
-0.021543
-0.019864
-0.010006
0.002144
-0.001214
0.003954
0.018577
-0.004975
-0.013186
-0.023968
-0.044457
-0.006115
0.027751
0.010701
0.000154
0.000851
-0.021369
-0.040010
-0.071629
-0.080910
-0.045552
-0.036522
-0.023693
-0.027785
-0.022959
0.009564
-0.026067
-0.067708
-0.050928
-0.015793
-0.002790
0.001442
0.025769
0.037059
0.034229
0.032453
0.032592
0.037320
0.031566
0.028130
0.024167
0.020222
0.013170
-0.003019
-0.005869
-0.003657
-0.004768
-0.001394
0.013650
0.031603
0.035603
0.026532
0.020328
0.016984
0.011835
0.008345
0.006783
0.008950
0.010574
0.008261
0.005821
0.002905
0.000747
0.001271
0.003731
0.004913
0.004406
0.005075
0.004410
0.004215
0.003432
0.002826
0.002556
0.001337
0.000270
-0.001893
-0.000589
0.001001
0.003552
0.004289
0.001502
0.002192
0.000927
-0.002993
-0.002272
0.000719
0.006937
0.010227
0.011281
0.016244
0.014093
0.009912
0.004660
0.000764
0.008702
0.006679
0.006012
0.019675
0.021657
0.010647
0.010904
0.017813
0.011309
0.018210
0.020308
0.011536
0.041097
0.036156
0.001954
-0.020213
-0.039903
-0.024728
-0.029359
-0.035318
0.008984
0.036092
0.017987
0.005755
-0.000308
-0.023172
-0.036683
-0.063709
-0.082879
-0.043123
0.010959
0.042728
0.029431
0.027610
0.067200
0.071442
0.052791
0.042598
0.044905
0.046088
0.030933
0.017077
-0.001423
-0.010706
-0.016956
-0.009494
-0.009406
-0.015107
0.017323
0.038541
0.031277
0.014516
0.014375
0.017621
0.001868
-0.006943
-0.011967
-0.011776
-0.009987
-0.007612
-0.010289
-0.019064
-0.018818
-0.018679
-0.018670
-0.017957
-0.013236
-0.009920
-0.014342
-0.017589
-0.018099
-0.016029
-0.017615
-0.018868
-0.018746
-0.018359
-0.016676
-0.016379
-0.014740
-0.017565
-0.020044
-0.019846
-0.018821
-0.015781
-0.013813
-0.010896
-0.007068
-0.006796
-0.007388
-0.009117
-0.010585
-0.008117
-0.009873
-0.010409
-0.007692
-0.009512
-0.006616
-0.007041
-0.006919
-0.007766
-0.012510
-0.005877
-0.003827
-0.000746
0.008021
0.013166
0.027863
0.033412
0.032470
0.029752
0.021780
0.012755
0.000317
-0.008659
-0.011428
-0.020829
-0.046154
-0.051667
-0.030895
-0.008666
-0.012489
-0.021321
0.006964
-0.004048
-0.014687
-0.017178
-0.050587
-0.064179
-0.080799
-0.082589
-0.089721
-0.076910
-0.052653
-0.043991
-0.005388
0.014856
0.021364
0.030498
0.061016
0.070893
0.039910
0.020253
0.020034
0.026801
0.011537
0.009740
0.020884
0.029294
0.039601
0.037912
0.038638
0.040810
0.042058
0.029292
0.012445
0.011177
0.011117
0.012008
0.010287
0.011629
0.009016
0.003823
0.003714
0.003242
0.006313
0.006579
0.007303
0.002335
-0.005237
-0.009323
-0.011760
-0.010074
-0.009363
-0.008602
-0.009173
-0.010173
-0.011203
-0.013580
-0.014066
-0.014541
-0.014565
-0.014701
-0.016295
-0.013967
-0.010171
-0.009666
-0.006625
-0.000818
-0.003994
-0.006078
-0.003533
-0.007176
-0.003100
0.000856
-0.005163
-0.004395
-0.001832
-0.002386
-0.000018
-0.004752
-0.004077
0.010351
-0.003756
-0.004711
0.009734
-0.020114
-0.022057
-0.018465
-0.038354
-0.045323
-0.053281
-0.047919
-0.017452
0.004731
0.001717
-0.000019
-0.005285
-0.003597
-0.013099
-0.029687
-0.035186
-0.040192
-0.031175
-0.045439
-0.064596
-0.058734
-0.063070
-0.065897
-0.045255
-0.024167
-0.003846
0.021215
0.025516
0.012268
-0.005776
-0.027222
-0.010237
-0.007415
-0.018806
0.003990
0.016633
0.013316
-0.004113
-0.000933
0.018691
0.021750
0.019684
0.027715
0.034391
0.032717
0.033564
0.028064
0.027255
0.034316
0.041872
0.042510
0.034741
0.032339
0.029528
0.027478
0.027884
0.026054
0.026167
0.024659
0.022494
0.019018
0.019493
0.022109
0.023077
0.023785
0.020661
0.018115
0.014696
0.011929
0.010130
0.010054
0.011726
0.012301
0.012523
0.012563
0.011772
0.009941
0.009472
0.008212
0.006737
0.008918
0.009914
0.005922
0.002333
0.005427
0.005278
0.004905
0.009430
0.005371
0.009260
0.020435
0.012489
0.012889
0.017789
0.001819
0.002474
-0.008634
-0.028593
-0.007632
-0.004956
0.003991
0.033614
0.024062
0.020331
0.006163
-0.010860
0.003025
-0.003034
0.028708
0.057195
0.055432
0.084214
0.077079
0.042751
0.023343
0.029979
0.040860
0.033963
0.035984
0.037820
0.021613
0.024416
0.008785
-0.028182
-0.014437
-0.005465
0.018387
0.027339
0.015111
0.036931
0.013347
0.010244
0.011052
-0.013608
-0.003994
-0.006809
-0.003892
-0.012731
-0.036924
-0.033467
-0.021505
-0.022694
-0.036061
-0.042994
-0.038755
-0.031712
-0.038278
-0.039586
-0.025172
-0.025581
-0.031817
-0.035684
-0.031182
-0.021221
-0.018600
-0.016229
-0.014882
-0.015672
-0.018224
-0.018961
-0.020150
-0.018851
-0.017576
-0.016813
-0.012442
-0.010959
-0.009092
-0.007795
-0.007377
-0.007069
-0.009556
-0.009712
-0.008325
-0.007252
-0.005846
-0.005165
-0.005838
-0.008251
-0.009236
-0.010917
-0.013026
-0.010993
-0.009112
-0.009019
-0.008485
-0.011135
-0.014498
-0.015120
-0.018132
-0.015638
-0.012937
-0.014891
-0.008669
0.000628
-0.000041
0.004030
0.007835
-0.006608
0.000497
-0.001775
-0.015819
-0.000587
0.006173
0.024787
0.027121
0.016623
0.017936
0.012296
0.008671
-0.019027
-0.038845
-0.027252
-0.005065
0.012333
0.002025
-0.009789
-0.011721
-0.029680
-0.064570
-0.092980
-0.103263
-0.082161
-0.056027
-0.057301
-0.040269
-0.020965
-0.020488
-0.012578
-0.022821
-0.031778
-0.030176
-0.035343
-0.017904
-0.003224
0.003440
0.015638
0.015620
0.028075
0.036969
0.034674
0.042629
0.047030
0.052909
0.053271
0.048836
0.044489
0.028833
0.019143
0.017217
0.013517
0.018065
0.025581
0.027866
0.026284
0.021749
0.017140
0.015453
0.017134
0.019204
0.020490
0.020469
0.019655
0.016971
0.010456
0.005041
0.002858
0.002306
0.002462
0.001926
0.002569
0.002457
0.000523
-0.002369
-0.003549
-0.001635
-0.000824
-0.001402
-0.000906
-0.000588
0.000934
0.003425
0.004565
0.004003
0.003234
0.001409
0.000915
0.006306
0.001888
-0.000937
0.005975
0.009260
0.014366
0.012445
0.004950
-0.003175
0.005280
0.011652
0.005822
0.019305
0.022362
0.013178
0.009229
0.005616
0.019316
0.016453
0.005742
0.026231
0.020182
0.007380
0.007423
-0.030467
-0.038972
-0.002693
-0.026778
-0.022306
0.022637
0.004868
0.002387
-0.010510
-0.013124
0.000296
-0.011203
-0.010309
-0.010968
0.026182
0.028024
-0.005963
-0.020064
-0.005600
0.031338
0.030048
0.039031
0.056616
0.067670
0.071962
0.055922
0.040672
0.025725
0.021495
0.010167
-0.007003
-0.012357
-0.004761
0.012780
0.013675
0.007459
0.012333
0.022843
0.019762
0.006398
0.000873
-0.005141
-0.008922
-0.011935
-0.016709
-0.021891
-0.022677
-0.021741
-0.024081
-0.020943
-0.016241
-0.011717
-0.013271
-0.017960
-0.018744
-0.020585
-0.022566
-0.024991
-0.025488
-0.023108
-0.021090
-0.019274
-0.019504
-0.020589
-0.022052
-0.021678
-0.020829
-0.020424
-0.018059
-0.018543
-0.018417
-0.016419
-0.013844
-0.010720
-0.014708
-0.015324
-0.012659
-0.016716
-0.014543
-0.010521
-0.021743
-0.026176
-0.024033
-0.032473
-0.026486
-0.016251
-0.004444
-0.004009
-0.011788
-0.009602
-0.024116
-0.024830
-0.026110
-0.039944
-0.037810
-0.037914
-0.013702
0.006972
-0.025514
-0.029006
-0.011379
-0.020089
-0.000713
0.018299
-0.000961
0.037429
0.102964
0.080561
0.065056
0.082684
0.099135
0.098631
0.055704
0.025529
0.004216
-0.006092
-0.020166
-0.051431
-0.059377
-0.049682
-0.023965
-0.018916
-0.016381
0.005076
0.008487
0.006918
0.002917
0.004183
0.011945
0.020720
0.019034
0.015739
0.016039
0.008745
0.009273
0.010147
0.002667
0.002899
0.008844
0.002013
-0.005536
-0.005941
-0.005540
-0.008287
-0.009841
-0.002479
0.001799
-0.002540
-0.005066
-0.005450
-0.006866
-0.010877
-0.011939
-0.010857
-0.013433
-0.015631
-0.017532
-0.016956
-0.015557
-0.012993
-0.011045
-0.011162
-0.011128
-0.009873
-0.008732
-0.011009
-0.014759
-0.015650
-0.014739
-0.012479
-0.011769
-0.013102
-0.014123
-0.013670
-0.012194
-0.010799
-0.008554
-0.015926
-0.019523
-0.015234
-0.020030
-0.024035
-0.030005
-0.025063
-0.007449
-0.008730
-0.007907
-0.011588
-0.029380
-0.007233
-0.005664
-0.020170
0.003302
-0.002019
0.001342
0.012151
0.010663
0.000297
-0.029536
-0.011396
-0.007113
-0.006235
0.021105
0.011718
0.036965
0.067346
0.046094
0.021860
0.017823
0.034537
0.067604
0.060889
0.032558
0.040482
0.028658
0.009782
-0.015128
-0.048883
-0.049428
-0.033298
-0.014719
-0.005727
-0.002599
0.001560
-0.004355
-0.021962
-0.015264
-0.002238
-0.010213
-0.008663
-0.009405
-0.023491
-0.047138
-0.061473
-0.059460
-0.062683
-0.060457
-0.046896
-0.033782
-0.029562
-0.029611
-0.029548
-0.026512
-0.019142
-0.016395
-0.011649
-0.008361
-0.011123
-0.013303
-0.014781
-0.011419
-0.007621
-0.005326
-0.005011
-0.005348
-0.003989
-0.001458
0.002943
0.006807
0.008701
0.007731
0.005836
0.006494
0.006451
0.005074
0.004087
0.003978
0.006833
0.008630
0.007073
0.004090
0.000686
0.000028
0.000345
0.001511
0.002386
-0.002032
-0.008190
-0.008724
-0.009479
-0.009282
-0.005108
-0.007076
-0.003714
0.001841
-0.001961
-0.003643
-0.001163
0.013202
0.017852
0.006539
0.006760
0.000196
-0.009467
-0.003631
0.001743
0.007082
0.015975
0.031031
0.032972
0.032624
0.058433
0.043073
0.032639
0.066941
0.068225
0.050460
0.031634
0.023442
-0.014867
-0.038778
-0.006055
-0.022273
-0.017435
0.010770
0.000608
-0.000079
0.008592
0.002196
-0.011298
0.002280
0.017426
0.002444
-0.022982
-0.019398
-0.025972
-0.060468
-0.061553
-0.040871
-0.017578
-0.005061
-0.001556
0.007704
0.011963
0.009616
0.000097
-0.002738
-0.002647
-0.007789
-0.014015
-0.018633
-0.015428
-0.015063
-0.012435
-0.010869
-0.008211
-0.001372
0.000139
0.001192
0.001152
0.000565
-0.000792
-0.001119
-0.001317
-0.004088
-0.006691
-0.008063
-0.006027
-0.004080
-0.003003
-0.001632
-0.002424
-0.003556
-0.004831
-0.005108
-0.005019
-0.004394
-0.002928
-0.003217
-0.003610
-0.005416
-0.007734
-0.008493
-0.007160
-0.006261
-0.005881
-0.004849
-0.005776
-0.006869
-0.006425
-0.007135
-0.006860
-0.003818
-0.002919
-0.004974
-0.006278
-0.006649
-0.007273
-0.007794
-0.006668
-0.005090
-0.004325
-0.002295
-0.000108
0.000274
0.001466
0.002687
0.002600
0.003200
0.003109
0.001807
0.000282
-0.000662
-0.001222
-0.001650
-0.000545
0.000069
0.001006
0.002487
0.001980
0.001731
0.001897
0.001922
0.001275
0.001303
0.001059
0.001221
0.000927
0.000879
0.000979
0.001385
0.001843
0.002100
0.001899
0.001872
0.001589
0.001449
0.001260
0.001409
0.001530
0.001518
0.001327
0.001127
0.000989
0.000937
0.000936
0.000953
0.000864
0.000807
0.000772
0.000752
0.000658
0.000529
0.000395
0.000334
0.000399
0.000470
0.000489
0.000521
0.000547
0.000596
0.000654
0.000689
0.000686
0.000743
0.000816
0.000792
0.000801
0.000903
0.001015
0.001084
0.001095
0.000956
0.000765
0.000689
0.000662
0.000680
0.000711
0.000669
0.000583
0.000508
0.000355
0.000263
0.000271
0.000286
0.000240
0.000210
0.000092
0.034747
0.014959
0.068689
0.033356
-0.127720
0.055554
0.088019
-0.065420
-0.042256
-0.029616
0.037400
0.108741
0.067106
0.051629
0.193756
0.101303
-0.177076
-0.182025
-0.190598
-0.110511
0.086197
0.242871
0.035947
0.368054
0.132376
-0.468104
-0.189279
-0.496492
-0.165955
0.684914
0.015893
-0.361281
0.680016
0.298118
-0.618382
-0.535831
-0.832390
0.233738
0.491687
-0.558841
0.128869
0.383205
-0.006978
-0.076949
-0.420550
-0.266922
0.256501
-0.143286
-0.186813
0.340585
0.407862
0.298851
0.422718
0.052423
-0.128841
0.029672
-0.056854
0.261060
0.298483
-0.042359
-0.152176
-0.066749
-0.063176
-0.065792
-0.015495
0.019530
0.165548
0.081951
-0.089170
-0.109480
-0.027465
0.029299
0.047162
-0.000349
-0.034910
0.043520
-0.007107
-0.036113
-0.019674
0.015739
0.028865
0.028078
-0.010088
-0.004797
0.008893
0.001390
0.028423
0.023336
0.011351
0.013078
-0.009026
-0.008528
-0.005551
0.019077
0.035889
-0.022670
-0.026811
-0.014042
0.012372
0.035083
-0.045951
-0.053404
0.037887
-0.005553
0.010818
0.004189
0.049233
0.100745
-0.075172
-0.024694
-0.006362
-0.032526
-0.022296
-0.043632
0.202624
0.197664
-0.226446
-0.146093
0.264782
0.102458
-0.240191
0.106384
0.037374
0.258453
0.539045
-0.315141
-0.143876
-0.002309
-0.359739
-0.139297
-0.469487
-0.142548
0.951015
0.425759
-0.488964
0.176723
0.084537
-0.505189
-0.536970
-0.715991
0.134705
0.669933
-0.156282
-0.076568
0.323667
0.403348
0.592413
0.094664
-0.403416
-0.226494
0.428551
0.432951
0.063008
-0.224026
-0.089721
0.207508
-0.152298
-0.128842
-0.215962
-0.061291
0.211894
0.076621
0.018835
-0.029694
-0.009043
-0.100766
-0.023504
-0.130524
-0.061101
0.100647
-0.088260
-0.137658
-0.046564
-0.008162
-0.027860
-0.001972
-0.096388
-0.066749
-0.009004
-0.037372
0.005874
0.008963
-0.016572
-0.019957
-0.006194
-0.049864
-0.020452
-0.001285
-0.029830
-0.028103
-0.028025
-0.034278
-0.011293
0.013433
-0.020644
-0.013413
-0.009708
0.013755
0.030203
-0.068180
-0.039330
-0.016106
0.022479
0.026662
-0.051386
0.051484
0.010192
-0.081062
-0.019128
-0.076444
-0.078859
-0.090786
0.042162
0.190061
-0.069043
-0.062012
0.121820
0.208378
0.180475
0.050825
0.177996
0.195209
-0.091328
-0.198705
0.070989
0.111373
-0.043583
-0.240951
-0.292094
0.058486
-0.095117
-0.134866
-0.129396
0.308161
0.439755
-0.408597
-0.082983
-0.374804
-0.540155
0.005613
0.027877
-0.115157
-0.514873
-0.299676
-0.138139
0.485044
0.301370
-0.068799
0.238616
0.334153
0.251488
-0.084470
0.080678
0.164940
0.471086
0.092976
-0.303656
0.004582
0.161458
0.276980
0.256235
0.174614
-0.007606
-0.005327
-0.190426
-0.186469
0.045921
0.078664
0.046336
-0.021249
-0.059089
-0.130333
-0.034662
-0.040366
-0.036379
0.005812
-0.021282
-0.068222
-0.067799
-0.031670
-0.023749
0.020102
0.005061
-0.006675
-0.021092
-0.032874
-0.012240
0.003917
0.011681
-0.009283
-0.011313
-0.021462
-0.049643
-0.033787
-0.008299
0.022700
-0.008347
-0.031876
0.065402
0.033097
-0.078257
0.039550
0.025021
-0.084170
0.051018
-0.014511
-0.053632
0.068058
-0.060800
-0.105523
0.002413
-0.157829
0.027277
0.236905
-0.229520
0.208207
0.078857
-0.462926
0.261892
0.046198
-0.356046
-0.203209
-0.315632
-0.091557
0.497076
-0.203840
-0.052833
0.689748
0.022734
-0.199740
-0.270163
-0.262106
-0.106581
0.294264
0.271244
-0.154832
-0.401767
-0.468350
-0.285098
-0.035099
-0.017633
0.077782
0.574837
0.271950
-0.364572
-0.004252
0.013561
-0.252614
0.165148
-0.052100
0.105018
0.387862
-0.117241
-0.146456
0.103695
0.127425
0.147244
0.121893
-0.110558
0.090096
0.170083
0.059039
0.031296
0.053007
0.196823
0.157543
0.098237
-0.061366
-0.004797
0.063602
0.072644
0.066551
-0.001196
-0.021833
0.017080
0.059452
0.022393
0.038885
-0.006536
-0.007785
0.008207
0.003577
0.020596
0.007162
-0.005234
-0.005849
-0.007316
-0.014278
0.007575
-0.000877
-0.004369
0.017040
-0.003997
0.019712
0.023349
-0.027816
0.029585
0.039744
-0.024374
-0.033727
0.030848
0.047622
-0.070493
-0.052496
0.008639
-0.022158
0.105683
0.062957
-0.111083
0.183101
0.065920
-0.158404
0.150701
-0.355319
-0.293667
0.275606
-0.272743
0.178138
0.526735
-0.189257
0.144197
-0.149073
-0.389266
0.012825
-0.273826
0.351566
0.596387
0.527074
0.522197
-0.180956
-0.549205
-0.052613
0.274216
0.139672
0.064630
0.118192
0.303410
-0.021668
-0.144027
-0.576289
-0.142626
0.401623
-0.232188
0.292910
-0.280011
-0.378275
0.394827
0.141838
0.237730
-0.230274
-0.470118
0.068478
0.111061
-0.216392
-0.060336
-0.006755
0.130569
-0.031416
-0.397668
-0.178111
-0.012744
0.017242
-0.003043
-0.140307
-0.129127
-0.044918
-0.123647
0.011188
0.093637
0.008400
-0.024611
-0.101920
-0.044708
0.037746
0.065418
0.009971
-0.017171
-0.006777
-0.020393
-0.017684
-0.003181
0.004121
0.002588
0.019873
-0.016081
-0.010450
-0.013426
-0.026702
-0.000110
0.008857
-0.016777
-0.008258
-0.000570
-0.009180
-0.019240
-0.012699
-0.034348
-0.033026
0.052678
0.025465
0.010429
0.032195
-0.037960
-0.027977
-0.084770
-0.118367
0.033600
0.025274
0.041577
0.121701
0.016843
-0.159756
0.060932
0.110136
-0.035875
0.256399
-0.313865
-0.192838
0.248395
-0.012640
0.196433
0.079577
0.084708
0.327878
0.165057
-0.499236
-0.607310
-0.035443
0.311485
0.302877
-0.077208
-0.147674
0.240509
0.226079
-0.481359
-0.714921
-0.446495
-0.339955
0.062957
-0.032373
-0.214211
0.254947
0.146146
0.031061
0.269528
-0.349959
-0.347539
-0.026465
-0.131091
0.274433
0.188560
0.107118
0.357260
0.278151
0.227478
0.031946
-0.105904
0.050687
0.277546
0.345286
0.198241
0.059608
-0.006732
-0.043467
0.050115
0.030888
-0.087628
-0.001304
-0.035293
-0.010341
0.050201
-0.071127
-0.081746
0.010036
-0.015920
0.005178
0.044459
-0.024175
-0.005752
0.005946
-0.015572
0.019524
0.011134
-0.019963
-0.016004
-0.008097
-0.011899
0.012240
0.011536
0.005483
0.026425
0.016920
-0.011847
0.009345
0.026545
-0.006159
-0.000631
-0.019285
0.004309
0.005358
0.007860
0.030109
0.067959
0.044160
-0.189609
-0.021837
0.016634
-0.043429
0.056525
0.019581
-0.019228
-0.041533
0.016593
-0.146890
0.054426
0.293123
-0.015229
-0.060618
0.009433
-0.102213
0.025348
-0.191744
0.127129
0.749709
0.051840
-0.232671
-0.154479
-0.516549
0.055326
0.166192
-0.579670
0.799048
0.434372
-0.862005
0.256276
-0.090797
-0.131951
0.033590
-0.291949
-0.029538
0.670935
0.155977
-0.689055
0.046240
-0.028969
0.259530
0.283295
-0.335617
-0.075508
0.612601
0.563535
0.095699
-0.003085
-0.189200
0.142666
0.079872
-0.257760
-0.172360
0.006794
-0.001733
0.073200
0.063785
-0.036229
0.116509
-0.042902
-0.136929
-0.112021
-0.059085
-0.051779
-0.055537
-0.086717
-0.071514
0.027971
-0.049413
-0.075432
-0.072358
-0.061021
-0.051271
-0.023294
-0.024874
-0.021293
-0.009394
-0.044009
-0.020080
-0.027194
-0.027801
-0.009670
-0.026775
-0.039911
-0.024318
-0.024922
-0.020101
-0.008028
-0.038226
-0.043915
-0.010791
-0.028144
-0.022589
0.003312
0.008502
0.002514
-0.057310
-0.016839
-0.013973
-0.069665
0.070375
0.047864
-0.178358
-0.013410
-0.151772
-0.304161
0.100574
0.122008
0.183762
0.021765
-0.021725
-0.011388
-0.144239
-0.101332
-0.202034
-0.095447
0.098265
0.107427
0.345655
-0.155675
-0.744213
0.386857
0.487714
-0.357123
-0.162949
-0.231423
0.009264
1.315533
0.391510
-0.623826
0.660160
0.451441
0.261957
0.326314
-0.555499
-0.095705
0.508201
-0.207357
-0.718058
-0.202164
-0.288255
-0.073644
0.363217
-0.234291
-0.173818
0.020789
-0.224787
-0.093671
0.089082
-0.137611
0.151813
0.233143
-0.074433
0.262649
0.205435
-0.141494
-0.002063
0.142917
0.021759
0.142914
-0.023429
-0.131716
0.090554
-0.059363
-0.034201
0.063881
-0.004931
-0.055051
-0.005389
-0.065734
-0.053496
-0.023287
-0.104807
-0.055618
-0.050970
-0.048008
-0.043451
-0.046707
-0.060221
-0.020450
-0.020222
-0.035254
-0.006090
-0.019514
-0.019932
-0.031855
-0.029399
-0.024217
-0.004213
-0.010075
-0.021968
0.011894
-0.015756
-0.016850
-0.027093
-0.002263
0.027250
0.031945
-0.003815
-0.067293
0.093770
0.097761
-0.126663
-0.165441
-0.122006
0.087655
0.138765
-0.123208
0.092588
-0.049483
-0.242964
0.255264
-0.315442
-0.127573
0.348047
-0.184199
0.370780
0.247638
-0.380313
-0.379120
-0.045927
0.293597
-0.102502
-0.060935
-0.125832
0.153983
0.968008
0.316582
-0.498887
-0.061792
0.096570
0.199375
0.566040
-0.408190
0.110990
0.984159
-0.106466
-0.465436
-0.492834
-0.635203
-0.035583
0.360142
0.027247
0.081556
-0.183992
-0.343749
0.068793
-0.027973
-0.108856
-0.143580
0.096794
0.152495
0.006286
-0.194019
-0.326141
-0.215028
-0.089421
0.041269
-0.028783
-0.054118
-0.157805
-0.097489
0.025608
0.079265
0.087803
-0.010750
-0.041110
0.006635
0.063201
0.033328
0.016999
0.017139
0.044102
0.026172
-0.002004
0.008063
0.005292
0.042105
0.042309
0.021290
0.011056
0.029288
0.022662
0.020585
0.023339
-0.006138
0.009486
0.000919
-0.011685
0.008970
-0.017993
0.003111
0.019967
-0.017982
-0.005718
0.003681
0.053444
0.062722
-0.046306
-0.061191
-0.002738
-0.059235
-0.030481
0.019057
0.020773
0.151968
0.023280
-0.139728
-0.069944
0.026354
0.152011
0.060111
0.088986
0.150341
-0.212059
-0.244595
0.038378
0.003804
0.093766
0.157083
0.199777
0.055932
0.059601
0.059331
-0.323982
0.476607
0.623559
-0.035992
0.120906
-0.021445
-0.203198
-0.490417
0.010358
0.108247
-0.332377
0.178333
0.131191
-0.029600
-0.025526
-0.396810
-0.321297
0.519908
0.138300
-0.210084
0.098952
-0.160699
-0.108328
-0.210678
-0.297399
-0.030057
0.091222
-0.034512
-0.007926
0.165447
0.160422
0.113046
-0.059764
-0.073312
0.024624
0.033327
-0.056757
-0.057260
0.027941
0.005702
-0.006927
-0.011630
-0.011508
-0.012587
-0.008051
-0.036951
-0.017900
0.005989
0.010790
0.010223
-0.004299
-0.005723
-0.015559
-0.018552
-0.004698
-0.009916
-0.011187
-0.018509
-0.023070
-0.013266
0.006461
-0.007004
-0.002643
0.012206
0.010986
0.007869
0.007122
0.005340
-0.005305
0.006798
0.008746
-0.010956
-0.010684
0.026271
0.009910
-0.027478
-0.019137
-0.012435
-0.031553
0.012050
0.014969
-0.024462
0.024867
0.003725
-0.022922
-0.016817
-0.052973
-0.047942
-0.007697
0.015417
-0.007510
-0.015185
-0.001957
0.005248
0.030520
0.026578
0.009196
0.015097
0.016898
0.020626
0.032836
0.017554
0.008526
-0.001238
-0.017608
-0.003401
-0.000601
-0.001981
0.014578
0.022421
0.015071
0.013612
0.014446
0.008765
-0.004801
-0.009453
0.001571
0.002800
-0.005702
-0.009028
-0.009164
-0.007524
-0.003121
0.001281
0.000866
0.008338
0.009357
0.005963
0.005994
0.003787
0.002072
-0.001980
-0.004920
-0.005721
-0.002368
-0.000468
0.003184
0.004576
0.004465
0.003631
0.003207
0.001694
0.001035
0.000173
0.000000
-0.000907
-0.000353
-0.000178
0.000501
0.000211
0.000116
0.000122
-0.000225
-0.000087
0.001141
0.001020
0.000422
-0.000272
-0.001091
-0.000994
0.000536
0.001186
0.000973
0.000833
-0.000079
-0.000185
-0.000789
-0.000995
-0.000056
0.001048
0.002448
0.002187
0.000718
-0.000053
-0.000620
-0.000734
0.000254
0.000496
-0.000061
-0.000291
-0.000503
-0.000739
-0.001092
-0.001280
-0.001235
-0.001194
-0.001185
-0.000456
0.000151
-0.000134
-0.000272
-0.000442
-0.000596
-0.000541
-0.000288
-0.000414
-0.000357
-0.000234
-0.000126