-0.022887
-0.018584
-0.019415
-0.015990
-0.009868
-0.010128
-0.018121
-0.021915
-0.016923
-0.015649
-0.012183
-0.008064
-0.014063
-0.017357
-0.014483
-0.008933
0.006263
0.004356
0.017846
-0.002809
-0.035959
0.008429
0.015723
-0.019246
-0.026270
-0.019570
0.007437
0.037407
0.045416
0.019057
0.030940
0.010817
-0.044838
-0.052433
-0.056680
-0.050084
-0.012341
0.015416
-0.000006
0.110991
0.054633
-0.067968
-0.058300
-0.161932
-0.051707
0.156988
0.016047
-0.080732
0.138212
0.078003
-0.106595
-0.131427
-0.230593
-0.039092
0.017719
-0.121478
-0.000801
0.085451
0.088506
0.019751
-0.106066
-0.101035
0.003003
-0.042372
-0.049714
0.084673
0.101365
0.079035
0.143773
0.084507
0.025344
0.009513
-0.025296
0.028001
0.040942
-0.014711
-0.044782
-0.028676
-0.023992
-0.032880
-0.039568
-0.027282
0.026145
0.032269
-0.000556
-0.004257
0.008831
0.010833
0.009474
0.002953
0.004943
0.013660
0.004447
0.004919
0.008928
0.015830
0.018937
0.017898
0.015645
0.015059
0.013096
0.005086
0.007998
0.012962
0.012364
0.010433
0.005084
-0.002231
-0.010065
-0.002439
0.004172
-0.004282
-0.003074
-0.000867
0.010159
0.015430
-0.007836
-0.012542
0.002495
-0.001799
0.008330
0.013539
0.030562
0.033808
0.004419
0.007244
-0.002910
-0.007897
-0.015513
-0.010179
0.061094
0.056047
-0.032506
-0.014112
0.082616
0.037843
-0.047561
0.006033
-0.019150
0.091625
0.172821
-0.026173
-0.044823
-0.049327
-0.086648
-0.074146
-0.138022
-0.030451
0.183856
0.084443
-0.069065
0.086741
0.062557
-0.095971
-0.180185
-0.275569
-0.085507
0.133308
0.066750
0.036657
0.078851
0.156104
0.216088
0.128876
-0.021867
-0.062023
0.048112
0.077557
0.054632
-0.030120
-0.045883
-0.001539
-0.037812
-0.030201
-0.081182
-0.036800
0.031468
0.023286
0.019678
0.028414
0.028604
-0.017645
-0.006133
-0.041529
-0.038414
0.007795
-0.011536
-0.022657
-0.010802
0.008984
0.008092
0.005607
-0.015779
-0.010606
0.000653
-0.010022
-0.004144
-0.004150
-0.004000
-0.004799
-0.004130
-0.016370
-0.021643
-0.016095
-0.019129
-0.017697
-0.018109
-0.016117
-0.013121
-0.011236
-0.015921
-0.016891
-0.012586
-0.001625
-0.002653
-0.023978
-0.017370
-0.012550
-0.001672
-0.007233
-0.024236
-0.001588
-0.011923
-0.014572
0.004898
-0.012332
-0.026831
-0.040486
0.002498
0.026880
-0.030174
-0.029255
0.012480
0.064245
0.074318
0.057355
0.073085
0.052917
-0.009851
-0.040651
0.007173
0.014855
-0.035173
-0.123066
-0.142213
-0.038437
-0.011769
-0.021109
-0.066535
0.047291
0.074202
-0.042383
0.046067
-0.080022
-0.154293
-0.093674
-0.052612
-0.088000
-0.159152
-0.095218
-0.070611
0.116687
0.111549
0.025502
0.069992
0.142007
0.151344
0.043708
0.026964
0.015699
0.076833
0.011522
-0.048610
0.001543
0.015270
0.042852
0.047143
0.049366
0.018257
0.019585
-0.028321
-0.063633
-0.025017
-0.014684
-0.013169
-0.015885
-0.003653
-0.014636
-0.010631
-0.003170
-0.001373
0.011252
0.010721
0.015276
0.013730
0.008828
0.005219
0.009513
0.011013
0.007012
0.006032
-0.001445
-0.001917
-0.000828
-0.000874
-0.000888
0.001179
0.001248
-0.011874
-0.016153
-0.011061
-0.001131
-0.009742
-0.012780
0.010635
-0.002800
-0.024711
-0.000733
-0.009130
-0.026679
0.008727
-0.003281
-0.009706
0.019279
-0.002848
-0.013375
0.001213
-0.032195
0.012997
0.033464
-0.052803
0.047515
-0.020869
-0.108256
0.048453
0.005828
-0.096218
-0.105847
-0.114109
-0.031432
0.124683
0.001875
-0.003990
0.108860
0.018245
-0.024969
-0.048944
-0.083991
-0.101568
0.003815
0.021656
-0.057827
-0.090880
-0.129909
-0.113198
-0.049843
-0.035143
-0.006470
0.114544
0.095642
-0.029406
0.021165
-0.007339
-0.057168
-0.001164
-0.052228
0.009064
0.079664
0.007626
-0.036568
0.012826
0.043530
0.036538
0.027826
-0.019639
0.005999
0.032810
0.035944
0.019645
0.013829
0.040295
0.052857
0.047960
0.004941
0.007508
0.005160
0.012486
0.031178
0.022008
0.014967
0.012987
0.017832
0.012804
0.017607
0.014426
0.017931
0.020062
0.014103
0.019281
0.018465
0.016688
0.014714
0.012533
0.013806
0.019600
0.018985
0.014090
0.017433
0.014302
0.019973
0.018007
0.006223
0.016483
0.015747
0.000569
-0.001696
0.024621
0.026879
0.002052
0.008947
0.007745
0.000164
0.039620
0.020219
-0.018192
0.049285
0.019020
-0.013384
0.026758
-0.101096
-0.076483
0.022740
-0.052394
0.083346
0.144280
0.012939
0.040528
-0.031607
-0.057810
-0.039011
-0.055687
0.071342
0.119700
0.203850
0.202508
0.029220
-0.086860
-0.005486
0.079568
0.025819
-0.004460
0.013046
0.040595
0.049261
0.036109
-0.139837
-0.076636
0.005391
-0.050588
0.086713
-0.041847
-0.031577
0.063910
0.063236
0.100330
-0.041114
-0.081493
-0.008298
0.028346
-0.027411
-0.048140
-0.017791
0.026172
0.018867
-0.048281
-0.045397
-0.037160
-0.038406
-0.031665
-0.034157
-0.016871
-0.009513
-0.035807
-0.026874
0.001034
0.001059
-0.007298
-0.020298
-0.018678
-0.004085
-0.000933
-0.007826
-0.013552
-0.011814
-0.015526
-0.018431
-0.013712
-0.018151
-0.015783
-0.011648
-0.013546
-0.007704
-0.013178
-0.019625
-0.016266
-0.019213
-0.022807
-0.015451
-0.009643
-0.006437
-0.011440
-0.017654
-0.023927
-0.021246
-0.000571
-0.007156
-0.010212
-0.003201
-0.011672
-0.007957
-0.020617
-0.033269
-0.016626
-0.019664
-0.008473
0.019195
0.003673
-0.029337
0.028405
0.020026
-0.000055
0.037067
-0.099588
-0.052491
0.043345
0.040698
0.064027
0.015505
0.030752
0.084300
0.079053
-0.099392
-0.192152
-0.077095
0.025471
0.071837
0.002766
-0.036297
0.045555
0.060728
-0.091393
-0.194043
-0.206778
-0.181696
-0.050287
-0.038220
-0.045009
0.048888
0.035753
0.058358
0.100948
-0.040310
-0.092795
-0.076721
-0.057343
0.051989
0.059615
0.050204
0.069957
0.086713
0.098034
0.047202
0.004205
-0.009310
0.033693
0.071597
0.065599
0.050603
0.000630
-0.030099
-0.012733
-0.019728
-0.035281
-0.023859
-0.028501
-0.009541
0.016129
0.003101
-0.002224
0.010578
0.009970
0.014050
0.023609
0.015229
0.018870
0.020309
0.015801
0.024015
0.025137
0.017865
0.013318
0.011829
0.008994
0.010374
0.013324
0.011645
0.013277
0.010104
-0.000453
0.002965
0.006485
-0.000820
0.001238
0.000610
0.005482
0.006151
0.005809
0.004756
0.019711
0.007035
-0.037782
0.000311
0.009121
0.013019
0.028899
0.013155
-0.018276
-0.019173
0.008983
-0.022374
0.038830
0.082112
-0.001197
-0.004716
0.022491
0.021048
0.021870
-0.055874
0.028713
0.147553
0.033390
-0.010924
-0.053220
-0.146536
-0.007259
-0.010286
-0.138174
0.173610
0.077230
-0.146494
0.048144
0.021417
-0.002527
-0.040166
-0.089856
-0.070738
0.161037
0.110985
-0.118838
-0.027750
-0.033701
0.083193
0.108186
-0.014831
-0.004636
0.121949
0.165972
0.103209
0.068756
-0.012665
0.010841
-0.003264
-0.067689
-0.068878
-0.046071
-0.020096
0.011207
0.020168
0.020429
0.049125
0.010572
-0.020984
-0.021245
-0.025176
-0.017659
-0.012181
-0.021061
-0.022546
0.001260
0.000041
-0.013233
-0.011965
-0.008483
-0.003501
0.001930
-0.001661
-0.003806
-0.003823
-0.008810
-0.009913
-0.014227
-0.020506
-0.018623
-0.018524
-0.020890
-0.018639
-0.016447
-0.011803
-0.012726
-0.022456
-0.023567
-0.017602
-0.023095
-0.023544
-0.016035
-0.006583
-0.006249
-0.020908
-0.018522
-0.030770
-0.029864
0.009922
-0.005561
-0.046387
-0.017000
-0.067299
-0.083220
0.004000
0.027168
0.031521
-0.018283
-0.010541
-0.015352
-0.019409
-0.014098
-0.093929
-0.098717
-0.045093
0.027050
0.122191
-0.035540
-0.168984
0.049673
0.081310
-0.048861
-0.028826
-0.103728
-0.031291
0.336064
0.173283
-0.069795
0.158746
0.167711
0.150649
0.130470
-0.076007
-0.094607
0.021455
-0.049757
-0.176557
-0.107935
-0.153296
-0.093468
0.038638
-0.034502
-0.005495
0.013521
-0.038262
-0.011114
0.044407
0.012933
0.055203
0.068437
0.022226
0.087178
0.082114
0.021506
0.026059
0.031015
0.015015
0.049135
0.010889
-0.023099
0.005935
-0.022902
-0.021847
-0.004935
-0.013863
-0.026003
-0.020269
-0.024463
-0.024424
-0.016673
-0.029184
-0.021354
-0.018546
-0.022428
-0.018065
-0.015172
-0.017319
-0.010552
-0.006251
-0.004055
0.006298
0.005155
0.001538
-0.001938
-0.002300
-0.001784
-0.002567
-0.012224
-0.014731
-0.007231
-0.009686
-0.012960
-0.017045
-0.013778
-0.009885
-0.002981
-0.020240
-0.039255
0.005772
0.006968
-0.039566
-0.055560
-0.053967
0.008588
0.030047
-0.014095
0.008958
-0.060031
-0.061746
0.045496
-0.071278
-0.026039
0.014162
-0.060281
0.090948
0.099579
-0.030620
-0.120838
-0.021700
0.054849
-0.027075
0.009669
-0.063951
0.031206
0.272392
0.147140
-0.071561
-0.048236
0.002961
0.090937
0.168577
-0.060015
0.000293
0.159830
0.022307
-0.043639
-0.115133
-0.215501
-0.140620
0.015442
0.020869
0.039175
-0.011214
-0.063564
-0.001705
0.026375
0.020459
-0.038910
-0.012871
0.015873
0.014731
-0.022810
-0.062325
-0.065098
-0.074238
-0.038190
-0.016765
-0.012374
-0.036164
-0.036844
-0.010315
0.014269
0.025646
0.000641
-0.013118
-0.013205
-0.002837
-0.004545
-0.016316
-0.010464
-0.000085
-0.000289
-0.008089
-0.011514
-0.012202
-0.009787
-0.007358
-0.004119
-0.000939
0.000696
-0.001088
-0.005755
-0.006005
-0.007558
-0.003164
-0.002443
-0.007693
-0.003916
-0.004621
0.001913
0.004669
-0.004633
-0.010906
-0.005025
0.014398
0.009444
-0.021033
-0.027346
-0.011644
-0.011989
0.005447
0.007724
-0.002266
0.027594
0.004533
-0.023342
-0.012987
0.016176
0.043589
0.018971
0.028893
0.019133
-0.065919
-0.056120
0.006598
0.002754
0.015155
0.044468
0.068884
0.050693
0.093066
0.042962
-0.071309
0.128418
0.167835
0.053567
0.058628
0.016799
-0.080995
-0.169035
0.008729
-0.015451
-0.112526
0.020673
0.020990
0.019995
0.043945
-0.042424
-0.084182
0.078895
0.057086
-0.019193
0.012271
-0.014714
-0.028087
-0.083889
-0.090044
-0.034406
0.011343
-0.004409
0.002670
0.060569
0.062716
0.056092
0.017597
-0.000743
0.000078
-0.011611
-0.029945
-0.043509
-0.022735
-0.013207
-0.009398
-0.010494
-0.005486
-0.004769
-0.017116
-0.014968
-0.006471
-0.005879
-0.006771
-0.001947
-0.003394
-0.008420
-0.012750
-0.014594
-0.009281
-0.007710
-0.002677
-0.000881
-0.001298
0.000245
-0.001818
-0.002940
-0.000873
0.002108
-0.000746
-0.006146
-0.008168
-0.008632
-0.010807
-0.009210
-0.004246
-0.005633
-0.002520
0.007255
0.003498
-0.009275
-0.012836
-0.010230
-0.011045
-0.000283
-0.000494
-0.013347
-0.012573
-0.015503
-0.015009
-0.011941
-0.013603
-0.009621
0.000709
0.007142
0.008144
0.005573
0.002392
0.005780
0.008925
0.006700
0.003851
0.002752
-0.002812
-0.005201
-0.001761
-0.002259
0.000415
0.006430
0.006273
0.003518
0.003537
0.004102
0.001818
-0.002326
-0.002194
-0.001090
-0.002860
-0.003779
-0.003897
-0.002671
-0.000391
0.000896
0.001360
0.002574
0.003103
0.002828
0.001710
0.001221
0.001243
0.001202
0.000904
0.001144
0.001347
0.001436
0.001475
0.001777
0.001817
0.001664
0.001480
0.001230
0.000897
0.000732
0.000649
0.000722
0.000799
0.000659
0.000535
0.000494
0.000377
0.000496
0.000749
0.000780
0.001007
0.001372
0.001259
0.000878
0.000545
0.000308
0.000419
0.000906
0.001070
0.000957
0.000916
0.000836
0.000719
0.000672
0.000580
0.000562
0.000897
0.001232
0.001162
0.000917
0.000760
0.000498
0.000360
0.000400
0.000325
0.000170
0.000047
-0.000024
-0.000208
-0.000343
-0.000239
-0.000077
-0.000064
-0.000017
0.000018
-0.011694
-0.038496
-0.018189
-0.019395
0.006264
0.015028
0.016754
0.043990
-0.060602
-0.010420
0.086851
-0.022939
-0.031900
-0.017425
-0.032377
0.016101
0.039743
0.097316
0.160383
0.083948
-0.101183
-0.098162
-0.082708
-0.059551
-0.006809
0.077737
-0.042224
0.063499
0.169794
-0.161111
-0.008206
-0.135896
-0.334150
0.250570
0.133576
-0.243643
0.329864
0.221585
-0.431430
-0.171201
-0.233299
-0.042458
0.171511
-0.577277
-0.081719
0.330040
-0.205626
0.000465
0.063898
-0.072420
0.118758
-0.271217
-0.192062
0.337023
0.217558
0.065530
0.198501
0.157559
0.126254
0.153367
0.039585
0.152905
0.138853
-0.091081
-0.105816
-0.053269
-0.075557
-0.079754
-0.039469
0.012843
0.029416
-0.002891
-0.031291
0.013977
0.048725
0.042103
0.020503
0.033329
0.011382
0.020337
-0.011414
-0.034526
0.007683
0.019771
-0.005347
-0.008983
-0.006838
0.002494
0.021589
0.006226
0.011924
0.013362
-0.003654
-0.002267
0.001564
0.003476
0.009205
0.002401
0.020978
-0.006236
-0.022476
-0.004036
-0.003391
0.014025
-0.005560
-0.031626
0.022038
0.007221
-0.015949
0.022931
0.025724
0.064688
-0.015835
-0.023406
0.026419
-0.023241
-0.007109
-0.023201
0.048091
0.134817
-0.097972
-0.098799
0.167676
0.100356
-0.150360
0.070817
0.119906
-0.031851
0.254835
0.032392
0.000080
0.130943
-0.358481
-0.224985
-0.137322
-0.216395
0.417807
0.238198
-0.403225
0.123654
0.269576
-0.206527
-0.150248
-0.296186
-0.186058
0.044766
-0.338167
0.040584
0.492473
0.123304
0.196825
0.249524
0.160606
0.211856
0.171749
0.090790
-0.019674
-0.070414
0.027889
0.067934
-0.254606
-0.184175
-0.017153
-0.076549
0.023550
-0.033626
0.002300
0.062609
0.006505
-0.003639
0.051863
0.006588
-0.037481
-0.003114
-0.097700
-0.099269
-0.009469
-0.007459
-0.057596
-0.052861
-0.035033
-0.019613
-0.003993
-0.038889
-0.020052
-0.003870
-0.022802
-0.019116
-0.003960
-0.015599
-0.012484
-0.007201
-0.029017
-0.029990
-0.025964
-0.030741
-0.021649
-0.005974
-0.003757
-0.002770
-0.002450
0.000100
0.026375
-0.024046
-0.035783
-0.010139
-0.027197
0.013346
-0.012139
0.008664
0.030568
-0.072834
-0.024179
-0.006257
-0.050914
-0.037699
-0.030136
0.070128
-0.023137
-0.071773
0.096180
0.108498
0.075104
0.081146
0.183180
0.229495
-0.019468
-0.148081
0.066290
0.132462
-0.026940
-0.131454
-0.254895
-0.152140
-0.165421
-0.137883
0.045870
0.107663
0.178927
-0.292094
-0.101089
0.171440
-0.235816
-0.083141
-0.086948
-0.216982
-0.340504
-0.303173
-0.137106
0.127281
0.146016
0.011613
0.246214
0.240762
0.173033
0.138140
0.283227
0.269317
0.139552
-0.019991
-0.182730
0.051508
0.121791
0.029999
0.072206
0.108427
0.043627
-0.003692
-0.048840
-0.036723
0.076671
0.002813
-0.061490
-0.057453
-0.048572
-0.047811
-0.024788
-0.011073
-0.014399
0.003528
-0.018360
-0.040401
-0.025110
0.000634
-0.000072
0.002738
-0.006323
-0.018094
-0.020211
-0.020314
-0.014511
-0.002173
-0.011512
-0.021945
-0.022794
-0.018269
-0.021875
-0.016648
-0.008682
0.003478
-0.002562
-0.024784
0.033802
0.047568
-0.037515
0.002161
0.037898
-0.068262
-0.000026
0.032284
-0.042578
0.019494
-0.027916
-0.072351
0.029955
-0.062633
-0.060002
0.176169
-0.101696
-0.002162
0.184211
-0.329840
0.032323
0.174089
-0.237905
-0.106273
-0.213456
-0.285166
0.184335
-0.023130
-0.026452
0.505907
-0.027079
-0.222218
0.030309
0.019673
0.032386
-0.027648
-0.011279
-0.073765
-0.306405
-0.286386
-0.149979
-0.108762
-0.070698
-0.039303
0.216209
0.220278
-0.181909
0.072721
0.278041
-0.121202
0.048021
0.057250
-0.056265
0.159101
-0.103296
-0.091972
0.177706
0.029100
0.047951
0.119757
-0.026189
0.071760
0.072766
-0.025414
0.106750
0.084353
0.101960
0.074374
0.014969
0.057767
0.076649
0.057229
0.019055
0.002063
0.007405
0.019307
0.008900
0.031131
0.007904
0.018157
0.023305
-0.001901
0.013831
0.012176
0.001368
0.010175
-0.000443
-0.001607
0.010797
0.000767
0.002866
0.003722
-0.002956
0.012236
0.013871
0.007919
0.023056
-0.007370
0.001114
0.033500
0.001021
-0.023096
0.004960
0.023004
-0.031254
-0.028543
0.037596
-0.014664
0.011825
0.080616
-0.028725
0.067165
0.090636
-0.127992
0.090832
-0.042089
-0.292900
0.102234
-0.155694
-0.109144
0.416432
-0.036277
0.033320
0.100260
-0.300286
0.090015
-0.092154
0.036512
0.425925
0.108826
0.292914
0.206143
-0.196163
0.089907
0.190663
0.038375
0.116896
0.016670
0.059704
-0.123827
-0.163894
-0.005685
-0.021367
0.145552
-0.317323
-0.098165
0.122491
-0.250096
0.210242
0.125877
0.037624
0.103995
-0.231039
0.000675
0.100354
-0.219435
0.027019
0.033862
-0.122868
-0.083794
-0.243185
-0.011937
0.107060
-0.151297
-0.095934
-0.084896
-0.108486
0.000614
-0.095150
-0.020234
0.081060
-0.048319
-0.021301
-0.002847
-0.013164
0.054697
0.000399
-0.019517
0.013221
-0.009949
-0.010367
-0.012747
-0.018718
0.011572
-0.013484
-0.016325
-0.016210
-0.024910
-0.001625
-0.008205
-0.007482
0.014664
-0.017242
-0.019449
0.003449
-0.016092
-0.004854
-0.005858
-0.027542
-0.027546
0.009011
0.020460
0.011094
0.019468
-0.015678
-0.046268
-0.042191
-0.059869
0.012975
0.035452
-0.034955
0.013350
0.023826
-0.066783
0.025126
0.133452
-0.039026
0.133411
-0.058966
-0.231901
0.123230
-0.042040
0.092922
0.214474
0.003616
0.132325
0.096730
-0.148605
-0.161632
-0.052393
-0.024133
-0.030517
-0.050251
0.015484
0.121495
0.031743
-0.236152
-0.273689
-0.102155
-0.329617
-0.344843
-0.168728
-0.167210
0.100815
0.062464
-0.119228
0.255836
0.102061
-0.116327
0.082765
-0.171133
-0.016660
0.149996
0.008489
0.245066
0.150803
0.044677
0.177677
0.086114
0.152406
0.190111
0.082812
0.091227
0.073793
0.061089
0.046279
-0.012427
0.006525
-0.042438
-0.035424
-0.015994
-0.064706
-0.018473
-0.027975
-0.043618
0.044836
0.024990
-0.004989
0.043095
0.000941
0.000668
0.028912
-0.000785
0.018535
0.012241
-0.021661
-0.003930
-0.002561
-0.011149
-0.002376
-0.010195
-0.011906
0.002978
0.006707
0.007923
0.013097
0.026204
0.005150
-0.014749
-0.002944
0.002127
0.003849
-0.004743
0.014119
0.041223
0.065607
-0.068791
-0.050120
0.022299
-0.046172
0.035043
0.051447
-0.013665
-0.069734
-0.035810
-0.043442
0.019717
0.197251
0.048555
-0.082040
0.007276
-0.066510
0.036044
0.018941
-0.005265
0.387733
0.056596
-0.217355
0.118300
-0.174682
-0.181208
0.125623
-0.385532
0.219757
0.456543
-0.664475
0.066621
0.229611
-0.181193
0.189363
-0.126183
-0.101820
0.228982
-0.047691
-0.222770
0.231218
0.034708
-0.125444
0.093543
-0.022367
0.145462
0.313927
0.174388
0.067460
0.173335
0.155969
0.129630
-0.005425
-0.192613
-0.077055
-0.027649
-0.139873
-0.097524
0.006632
-0.015586
0.043368
0.012230
-0.026646
0.034624
0.001160
-0.061203
-0.069443
-0.061228
-0.044204
-0.016758
-0.065034
-0.078480
-0.031575
-0.021049
-0.034072
-0.027635
-0.024402
-0.025076
-0.015821
-0.022928
-0.011960
-0.010254
-0.025994
-0.027626
-0.027092
-0.034804
-0.022058
-0.025122
-0.028650
-0.016697
-0.025684
-0.020856
0.002085
-0.019283
-0.028802
-0.007429
-0.008485
0.002944
-0.031621
-0.014515
0.009774
-0.058671
-0.000865
0.047259
-0.094802
-0.037157
-0.048841
-0.247006
0.001131
0.063834
0.068900
0.076880
-0.050015
0.004345
-0.077468
-0.061049
0.024537
-0.042507
-0.068792
-0.149819
0.045393
0.166740
-0.297626
0.069325
0.306089
-0.316398
-0.065676
0.176162
-0.154811
0.401853
0.379291
-0.186059
0.560591
0.414336
-0.074252
0.425522
0.072408
0.034335
0.194005
-0.415108
-0.453821
-0.029726
-0.200202
-0.360934
-0.084171
-0.158872
-0.075086
0.053143
-0.097055
-0.031470
0.102392
-0.010484
0.105828
0.201794
-0.019238
0.124444
0.189033
-0.043856
0.045195
0.150002
0.003264
0.009755
-0.024664
-0.087891
0.057127
-0.048419
-0.105138
0.031759
-0.034009
-0.062954
-0.004992
-0.027542
-0.029686
-0.013413
-0.058456
-0.020135
-0.016916
-0.043617
-0.028470
-0.036268
-0.038958
-0.018639
-0.013444
-0.023278
-0.008664
-0.013777
-0.024084
-0.025802
-0.013583
-0.009912
-0.011176
-0.018829
-0.027040
-0.009318
-0.004056
-0.011352
-0.021265
-0.011688
0.007103
0.009440
0.011967
-0.049345
0.003854
0.083516
-0.050002
-0.078555
-0.067358
-0.046474
0.061393
-0.020934
0.052698
0.066367
-0.256930
0.039833
-0.006973
-0.149866
0.284388
-0.136231
-0.042861
0.258126
-0.174402
-0.064862
0.012473
0.013954
-0.047993
-0.112997
0.058821
0.042160
0.298338
0.318111
-0.058694
0.128832
0.143137
-0.159526
0.314037
0.133404
0.034172
0.519107
-0.234040
-0.394488
0.096127
-0.197663
-0.220568
-0.125107
-0.245598
0.072699
-0.008883
-0.255501
0.068280
-0.020480
-0.033233
0.110856
0.059217
0.068343
-0.095281
-0.167987
-0.063665
-0.063157
-0.105126
-0.086369
-0.148192
-0.107182
-0.090524
-0.081399
0.024513
0.015699
0.014586
0.024947
0.002414
0.048613
0.054181
0.009719
0.025619
0.018409
0.009483
0.012979
-0.012113
0.010793
0.020907
0.007956
0.016565
0.012475
0.013597
0.021728
0.006364
0.003866
0.018257
0.011048
0.010874
0.005791
-0.011943
-0.001638
-0.000754
-0.003246
0.006854
-0.004143
-0.006965
0.001432
0.029310
0.044023
-0.012423
-0.050735
-0.005251
-0.041795
-0.059504
0.027325
0.002834
0.054988
0.052707
-0.091102
-0.031572
0.033128
0.076211
0.086281
0.045031
0.098382
-0.076460
-0.210476
0.031690
0.035919
0.005781
0.069506
0.060048
0.042548
0.017840
0.171438
0.010214
0.159189
0.402335
-0.000368
0.111749
0.185079
-0.066388
-0.306900
-0.204802
0.117137
-0.195119
-0.149800
0.038282
-0.132438
-0.068004
-0.053694
-0.090058
0.300647
0.069797
-0.242292
0.166004
0.020460
-0.131983
-0.072700
-0.209035
-0.048228
-0.042320
-0.161446
0.000941
0.097328
0.076773
0.086265
0.028971
0.073790
0.113022
-0.009763
-0.042123
-0.037768
-0.016867
-0.031802
-0.063784
-0.027985
-0.000192
-0.020665
-0.008423
-0.011148
0.007508
0.026691
-0.000236
-0.001105
0.008957
-0.003507
0.001149
-0.008362
-0.015220
-0.007784
-0.017602
-0.016768
-0.014925
-0.015021
-0.001519
0.001954
-0.003988
0.008812
0.006314
0.004872
0.007151
0.001836
-0.003839
-0.009368
-0.011550
-0.008021
-0.011858
0.008580
0.018075
-0.009283
-0.008711
-0.001783
-0.015461
-0.011751
0.008509
0.007836
0.007859
-0.011162
-0.031906
-0.019222
-0.030765
-0.033238
-0.003485
-0.018804
-0.017750
0.011411
0.004520
0.014474
0.031942
0.008920
0.011460
0.031286
0.015643
0.001877
0.005456
0.008774
-0.006350
-0.005986
-0.007366
-0.008674
0.006123
0.000743
-0.001486
0.013049
0.018816
0.006443
0.000051
0.001402
0.003324
0.003023
-0.004081
-0.003472
-0.005673
-0.005553
-0.005820
-0.001539
0.004226
0.002942
0.004068
0.004973
0.005658
0.004297
0.004122
0.002429
0.000664
-0.000901
-0.001222
-0.000737
0.000615
0.000353
0.000345
0.000257
0.001137
0.000797
0.001337
0.001257
0.001352
0.000938
0.000505
0.000216
0.000383
0.000279
0.000155
0.000252
0.000218
-0.000206
0.000491
0.001542
0.001226
0.000675
0.000271
-0.000400
-0.000404
0.000791
0.000503
0.000274
0.001008
0.000138
-0.000721
0.000022
0.000362
0.000204
0.001415
0.001450
0.000375
0.000458
0.000769
0.000399
0.000543
0.000410
-0.000446
-0.000301
-0.000401
-0.000664
-0.000603
-0.000480
-0.000728
-0.000969
-0.000685
-0.000401
0.000123
0.000248
0.000116
-0.000027
0.000021
0.000045
0.000210
0.000288
0.000091