-0.290323
-0.261538
-0.222109
-0.172867
-0.115888
-0.054329
0.008023
0.067352
0.120416
0.164954
0.199815
0.224797
0.240308
0.246988
0.245461
0.236302
0.220206
0.198268
0.172224
0.144505
0.118029
0.095768
0.080198
0.072801
0.073798
0.082177
0.096023
0.113027
0.131001
0.148244
0.163650
0.176564
0.186485
0.192768
0.194468
0.190422
0.179543
0.161223
0.135691
0.104174
0.068771
0.032076
-0.003345
-0.035446
-0.063020
-0.085717
-0.103816
-0.117816
-0.128045
-0.134416
-0.136446
-0.133500
-0.125189
-0.111734
-0.094157
-0.074209
-0.054053
-0.035800
-0.021074
-0.010742
-0.004920
-0.003219
-0.005137
-0.010431
-0.019321
-0.032432
-0.050495
-0.073921
-0.102407
-0.134733
-0.168845
-0.202196
-0.232252
-0.256988
-0.275205
-0.286593
-0.291531
-0.290721
-0.284833
-0.274284
-0.259256
-0.239932
-0.216839
-0.191145
-0.164769
-0.140203
-0.120095
-0.106695
-0.101343
-0.104161
-0.114049
-0.128977
-0.146453
-0.164027
-0.179642
-0.191758
-0.199241
-0.201109
-0.196288
-0.183521
-0.161510
-0.129250
-0.086477
-0.034026
0.026025
0.090517
0.155659
0.217632
0.273191
0.320074
0.357126
0.384145
0.401535
0.409935
0.409968
0.402206
0.387343
0.366473
0.341332
0.314348
0.288440
0.266579
0.251240
0.243905
0.244795
0.252899
0.266301
0.282693
0.299888
0.316185
0.330479
0.342117
0.350598
0.355279
0.355217
0.349251
0.336294
0.315741
0.287825
0.253773
0.215688
0.176165
0.137775
0.102565
0.071746
0.045671
0.024064
0.006430
-0.007555
-0.017802
-0.023822
-0.024978
-0.020876
-0.011733
0.001434
0.016877
0.032438
0.046011
0.055977
0.061472
0.062385
0.059112
0.052158
0.041771
0.027737
0.009436
-0.013859
-0.042553
-0.076337
-0.113989
-0.153446
-0.192157
-0.227583
-0.257694
-0.281285
-0.298042
-0.308336
-0.312867
-0.312297
-0.307039
-0.297270
-0.283168
-0.265253
-0.244691
-0.223393
-0.203847
-0.188697
-0.180187
-0.179652
-0.187209
-0.201756
-0.221255
-0.243212
-0.265171
-0.285070
-0.301367
-0.312924
-0.318752
-0.317776
-0.308734
0.824818
0.785155
0.724590
0.646609
0.555695
0.457459
0.358474
0.265721
0.185735
0.123646
0.082380
0.062270
0.061171
0.075068
0.098961
0.127769
0.157005
0.183066
0.203159
0.214983
0.216421
0.205417
0.180169
0.139577
0.083799
0.014664
-0.064250
-0.147974
-0.230881
-0.307600
-0.373837
-0.426879
-0.465642
-0.490303
-0.501686
-0.500653
-0.487738
-0.463139
-0.427059
-0.380215
-0.324302
-0.262174
-0.197650
-0.134972
-0.078093
-0.030033
0.007467
0.033903
0.049591
0.055077
0.050602
0.035849
0.010087
-0.027347
-0.076393
-0.135699
-0.202377
-0.272189
-0.340133
-0.401259
-0.451451
-0.487937
-0.509419
-0.515807
-0.507746
-0.486147
-0.451928
-0.406085
-0.350038
-0.286086
-0.217739
-0.149714
-0.087497
-0.036552
-0.001352
0.015467
0.013609
-0.004887
-0.036104
-0.075013
-0.116287
-0.154914
-0.186498
-0.207229
-0.213679
-0.202631
-0.171126
-0.116820
-0.038586
0.062824
0.184306
0.320341
0.463437
0.605017
0.736536
0.850568
0.941567
1.006185
1.043128
1.052708
1.036329
0.996109
0.934780
0.855827
0.763734
0.664114
0.563542
0.468998
0.387021
0.322742
0.279091
0.256401
0.252530
0.263467
0.284214
0.309693
0.335419
0.357796
0.374032
0.381830
0.379077
0.363722
0.333967
0.288716
0.228132
0.154048
0.070048
-0.018895
-0.107148
-0.189335
-0.261157
-0.319895
-0.364460
-0.395023
-0.412401
-0.417452
-0.410703
-0.392346
-0.362578
-0.322109
-0.272629
-0.216984
-0.158989
-0.102877
-0.052596
-0.011160
0.019699
0.039480
0.048509
0.047336
0.036210
0.014821
-0.017557
-0.061580
-0.117180
-0.183001
-0.256147
-0.332373
-0.406673
-0.474089
-0.530498
-0.573125
-0.600662
-0.613016
-0.610825
-0.594994
-0.566436
-0.526140
-0.475522
-0.416875
-0.353705
-0.290722
-0.233408
-0.187222
-0.156632
-0.144270
-0.150428
-0.173061
-0.208249
-0.250960
-0.295862
-0.337940
-0.372794
-0.396611
-0.405960
-0.397622
-0.368634
-0.316650
-0.240541
-0.141057
-0.021300
0.113214
0.254993
0.395461
0.526076
0.639411
0.729921
0.794259
0.831131
0.840850