-0.212519
-0.171655
-0.121384
-0.063459
-0.000703
0.063378
0.125151
0.181434
0.229905
0.269270
0.299137
0.319716
0.331458
0.334803
0.330118
0.317842
0.298753
0.274211
0.246256
0.217459
0.190546
0.167901
0.151092
0.140583
0.135734
0.135068
0.136731
0.138980
0.140535
0.140702
0.139238
0.136070
0.130971
0.123377
0.112409
0.097114
0.076837
0.051569
0.022140
-0.009845
-0.042312
-0.073178
-0.100800
-0.124275
-0.143472
-0.158826
-0.170947
-0.180233
-0.186610
-0.189521
-0.188146
-0.181783
-0.170230
-0.154025
-0.134442
-0.113245
-0.092293
-0.073125
-0.056697
-0.043346
-0.032992
-0.025481
-0.020926
-0.019902
-0.023398
-0.032529
-0.048116
-0.070275
-0.098174
-0.130058
-0.163537
-0.196051
-0.225361
-0.249889
-0.268845
-0.282080
-0.289799
-0.292228
-0.289416
-0.281236
-0.267596
-0.248768
-0.225688
-0.200078
-0.174318
-0.151063
-0.132710
-0.120891
-0.116126
-0.117766
-0.124212
-0.133339
-0.142963
-0.151198
-0.156601
-0.158098
-0.154763
-0.145580
-0.129344
-0.104766
-0.070776
-0.026947
0.026147
0.086749
0.152035
0.218493
0.282492
0.340844
0.391228
0.432346
0.463805
0.485814
0.498822
0.503268
0.499518
0.488009
0.469519
0.445408
0.417716
0.389011
0.362022
0.339131
0.321906
0.310815
0.305215
0.303629
0.304207
0.305206
0.305347
0.303937
0.300735
0.295669
0.288516
0.278711
0.265380
0.247571
0.224630
0.196553
0.164172
0.129095
0.093398
0.059169
0.028053
0.000958
-0.021985
-0.041203
-0.057305
-0.070683
-0.081262
-0.088477
-0.091507
-0.089644
-0.082682
-0.071154
-0.056330
-0.039969
-0.023926
-0.009734
0.001656
0.009911
0.015116
0.017432
0.016748
0.012496
0.003693
-0.010772
-0.031715
-0.059246
-0.092529
-0.129801
-0.168668
-0.206567
-0.241249
-0.271135
-0.295427
-0.313973
-0.326971
-0.334642
-0.337030
-0.334003
-0.325465
-0.311681
-0.293583
-0.272888
-0.251972
-0.233483
-0.219816
-0.212596
-0.212340
-0.218393
-0.229154
-0.242492
-0.256220
-0.268446
-0.277724
-0.282978
-0.283276
-0.277599
-0.264739
-0.243403
0.852586
0.797032
0.721931
0.628828
0.522642
0.411661
0.306205
0.216344
0.149441
0.108373
0.091053
0.091423
0.101544
0.114026
0.123941
0.129572
0.131815
0.132556
0.132758
0.131061
0.123516
0.104594
0.069117
0.014375
-0.058400
-0.143801
-0.233411
-0.317973
-0.389813
-0.444665
-0.482262
-0.505528
-0.518722
-0.525283
-0.526212
-0.519618
-0.501596
-0.468087
-0.416981
-0.349637
-0.271204
-0.189579
-0.113373
-0.049619
-0.002056
0.029373
0.047680
0.056973
0.060347
0.058336
0.048557
0.026693
-0.011563
-0.068321
-0.141947
-0.226742
-0.314027
-0.394272
-0.459498
-0.505127
-0.530633
-0.538809
-0.534011
-0.520083
-0.498811
-0.469486
-0.429759
-0.377419
-0.312353
-0.237877
-0.160834
-0.090316
-0.035400
-0.002674
0.005600
-0.007960
-0.036770
-0.072286
-0.106387
-0.133255
-0.150148
-0.156847
-0.154136
-0.142003
-0.118383
-0.079021
-0.018603
0.067229
0.179721
0.315563
0.466733
0.621812
0.768342
0.895485
0.996093
1.067537
1.111114
1.130351
1.128937
1.109117
1.071160
1.014073
0.937226
0.842163
0.733808
0.620449
0.512408
0.419759
0.349868
0.305614
0.284913
0.281711
0.288072
0.296609
0.302400
0.303731
0.301502
0.297603
0.293002
0.286344
0.273685
0.249501
0.208619
0.148333
0.069884
-0.021319
-0.116852
-0.207451
-0.285438
-0.346540
-0.390484
-0.420186
-0.439902
-0.453062
-0.460661
-0.460802
-0.449574
-0.422909
-0.378692
-0.318275
-0.246799
-0.172156
-0.102950
-0.046205
-0.005655
0.018766
0.030074
0.032386
0.028802
0.019865
0.003199
-0.025509
-0.070556
-0.134048
-0.214343
-0.305734
-0.399540
-0.486219
-0.557789
-0.609665
-0.641315
-0.655526
-0.656647
-0.648518
-0.632917
-0.609131
-0.574806
-0.527725
-0.467768
-0.398250
-0.326005
-0.260122
-0.209674
-0.181244
-0.177089
-0.194589
-0.227154
-0.266238
-0.303714
-0.333763
-0.353639
-0.363121
-0.362989
-0.353229
-0.331773
-0.294364
-0.235687
-0.151383
-0.040201
0.094546
0.244840
0.399262
0.545355
0.672280
0.772891
0.844558
0.888578
0.908478
0.907946
0.889226