-0.007634
-0.009374
-0.011332
-0.016053
-0.023857
-0.018951
-0.015223
-0.017405
-0.014165
-0.021627
-0.034627
-0.025198
-0.019097
0.004775
0.012185
0.020426
0.022680
-0.042183
-0.019369
0.030669
-0.010849
-0.032198
-0.032495
-0.007021
0.040955
0.061541
0.050905
0.055410
0.035664
-0.056792
-0.082410
-0.074745
-0.065251
-0.031382
0.035573
0.006095
0.104889
0.148105
-0.078478
-0.098703
-0.186295
-0.187410
0.173805
0.152622
-0.113901
0.099049
0.186965
-0.113116
-0.185538
-0.305121
-0.148988
0.090643
-0.154815
-0.052728
0.146489
0.101802
0.060634
-0.099477
-0.156594
-0.007327
-0.056913
-0.076119
0.108659
0.175966
0.117092
0.154830
0.147199
0.055146
0.013152
-0.029836
0.027732
0.082744
0.015516
-0.059555
-0.056180
-0.031858
-0.045719
-0.046316
-0.015421
0.034825
0.051608
0.006527
-0.016746
-0.013559
-0.012319
-0.005572
0.006179
-0.004025
0.007347
0.005351
-0.006140
-0.004165
0.001762
0.004759
0.007559
0.010473
0.011606
0.018753
0.016202
0.016872
0.017293
0.015691
0.017363
0.012828
0.004668
-0.001340
-0.000448
0.009776
-0.003801
-0.011996
-0.008340
-0.000646
0.017720
0.006796
-0.015049
0.003542
-0.000302
-0.005999
0.009434
0.025564
0.051287
0.006606
-0.006080
0.006870
-0.009041
-0.015440
-0.029145
0.046097
0.109067
-0.014003
-0.065077
0.072064
0.104245
-0.049375
-0.024698
0.003694
0.041092
0.237487
0.053820
-0.080851
-0.044189
-0.160315
-0.115850
-0.148409
-0.129045
0.219702
0.232865
-0.081692
0.031355
0.135290
-0.082950
-0.227857
-0.378625
-0.218912
0.142865
0.118508
0.073276
0.138104
0.160453
0.259804
0.207710
0.032782
-0.088680
-0.016758
0.099624
0.085289
-0.001307
-0.054997
-0.006596
-0.062083
-0.050959
-0.060920
-0.065773
0.034536
0.031381
0.025733
0.022572
0.019611
-0.017987
-0.026757
-0.035750
-0.050247
-0.001275
-0.017399
-0.044424
-0.034646
-0.018718
-0.018620
-0.009080
-0.012807
-0.019530
0.001064
-0.000315
0.004748
0.007724
0.001559
-0.000436
0.001594
-0.008440
-0.016984
-0.012721
-0.018097
-0.018982
-0.017000
-0.017950
-0.015510
-0.007165
-0.007044
-0.010767
-0.007609
-0.003075
0.004497
-0.026001
-0.031226
-0.014794
-0.007229
0.008652
-0.019569
-0.008289
0.000275
-0.033208
-0.002996
-0.003004
-0.029627
-0.046251
-0.025130
0.056010
0.008764
-0.047400
0.001797
0.062160
0.104219
0.081968
0.086751
0.091912
0.000626
-0.079164
-0.012628
0.047050
-0.014883
-0.129876
-0.209351
-0.084286
-0.014568
-0.023202
-0.052338
0.008306
0.143414
-0.052785
-0.007248
-0.002645
-0.220690
-0.159050
-0.086226
-0.072547
-0.187004
-0.177909
-0.106388
0.097102
0.205397
0.066068
0.082061
0.158884
0.207747
0.092205
0.049186
0.046905
0.082861
0.061095
-0.061937
-0.004439
0.039707
0.052053
0.076081
0.082671
0.045553
0.012187
-0.034373
-0.089287
-0.040246
-0.015556
-0.014408
-0.014410
-0.012215
-0.032775
-0.039850
-0.022852
-0.025535
-0.015593
-0.008382
-0.009532
-0.010584
-0.003875
0.000196
0.007933
0.013935
0.011438
0.008534
0.000195
-0.003838
0.002226
0.001276
0.002176
0.002421
0.001409
-0.007970
-0.011963
-0.003751
0.009994
0.008242
-0.007076
0.014008
0.013822
-0.032416
-0.016058
0.008290
-0.030234
-0.004639
0.004634
-0.023449
0.017170
0.008811
-0.027969
0.001795
-0.032157
-0.022397
0.081853
-0.042498
0.005615
0.057937
-0.161311
-0.002087
0.068931
-0.108232
-0.140329
-0.167612
-0.108052
0.152882
0.079572
-0.029198
0.163200
0.069275
-0.041977
-0.064084
-0.092984
-0.113505
-0.056482
0.051665
-0.009967
-0.121469
-0.166669
-0.163566
-0.080831
-0.020510
-0.009524
0.140609
0.199970
-0.016570
-0.015996
0.039077
-0.087539
-0.015493
-0.034948
-0.024432
0.125959
0.040480
-0.044188
0.011129
0.042931
0.052024
0.042685
-0.017963
0.003834
0.042730
0.047603
0.057273
0.024821
0.046311
0.051235
0.053166
0.030803
0.002135
0.004996
0.002549
0.016459
0.014757
0.002764
-0.000195
0.018254
0.014465
0.022882
0.023816
0.007272
0.005676
0.002181
0.006503
0.012723
0.010900
0.013597
0.013291
0.008279
0.012103
0.015352
0.012245
0.018333
0.019125
0.014830
0.021900
0.006822
0.011112
0.023337
0.004460
-0.013273
0.011251
0.040523
0.011288
-0.004355
0.009919
-0.000871
0.031750
0.052780
-0.018421
0.032712
0.059108
-0.035982
0.033554
-0.066777
-0.174875
0.015239
-0.045466
0.017929
0.239930
0.056718
0.033862
0.000117
-0.134319
-0.026040
-0.094352
0.032064
0.196780
0.217882
0.312872
0.127297
-0.138644
-0.078627
0.064155
0.065934
0.022811
-0.007112
0.061849
0.041288
0.037224
-0.096870
-0.178748
0.011257
-0.089486
0.042998
0.062595
-0.108131
0.066745
0.069133
0.108435
0.019759
-0.169050
-0.061258
0.037253
-0.033436
-0.040033
-0.037077
-0.004095
0.021531
-0.082320
-0.064536
-0.022591
-0.047083
-0.023703
-0.036581
-0.023419
0.003491
-0.054788
-0.037128
0.022307
0.015991
0.013307
-0.010756
-0.023412
-0.003713
-0.006659
0.000230
-0.001495
-0.010573
-0.009814
-0.016387
-0.011305
-0.005054
-0.016519
-0.006753
-0.007331
-0.010775
-0.006072
-0.017610
-0.015108
-0.008528
-0.022155
-0.017716
-0.010444
-0.014419
-0.009720
-0.015227
-0.022618
-0.030074
-0.010605
0.004228
-0.010823
-0.007524
-0.015985
-0.023794
-0.017916
-0.038324
-0.022277
-0.012026
-0.018693
0.023666
0.032534
-0.030955
0.002955
0.052650
-0.007416
0.069812
-0.065686
-0.143522
0.041377
0.045773
0.096268
0.068179
0.014448
0.095037
0.114588
-0.055247
-0.253866
-0.184122
-0.000135
0.097789
0.059550
-0.027290
0.026429
0.086491
-0.073635
-0.253290
-0.261904
-0.273978
-0.140826
-0.024140
-0.046692
0.067055
0.083488
0.032886
0.148017
0.022755
-0.138437
-0.103151
-0.112251
0.037658
0.123014
0.077605
0.124606
0.113114
0.124044
0.111831
0.026933
0.014058
0.037652
0.082694
0.104655
0.075806
0.027181
-0.025720
-0.031070
-0.005015
-0.033525
-0.031200
-0.029576
-0.044079
-0.008301
-0.009351
-0.028933
-0.006719
-0.004898
-0.003902
0.023272
0.015039
0.009441
0.010429
-0.000320
0.008933
0.011875
0.004153
0.004295
0.007421
0.012177
0.016880
0.017751
0.016724
0.018423
0.021657
0.012828
0.004605
0.013934
0.006367
0.002727
0.004299
0.001370
0.004856
0.006533
0.014144
0.028107
0.028277
-0.050334
-0.037222
0.011247
0.004266
0.030390
0.024807
-0.005840
-0.032142
0.001233
-0.019531
0.006055
0.115019
0.040993
-0.033220
0.011959
0.005971
0.036792
-0.035229
-0.030496
0.206211
0.115089
-0.042277
-0.033500
-0.185864
-0.111368
0.044357
-0.193146
0.108855
0.281553
-0.203082
-0.027424
0.070438
-0.012115
0.003654
-0.136147
-0.114428
0.128440
0.204103
-0.084603
-0.074875
-0.038203
0.027109
0.149512
0.032806
-0.005737
0.113139
0.214738
0.160057
0.106206
0.008892
-0.021758
-0.009428
-0.086836
-0.094126
-0.048152
-0.030446
-0.007963
0.026169
0.016006
0.045384
0.026655
-0.030999
-0.036419
-0.033915
-0.034892
-0.037477
-0.038510
-0.037604
-0.013779
-0.009085
-0.020685
-0.018510
-0.016286
-0.017589
-0.009535
-0.002799
-0.004841
-0.002266
-0.004193
-0.002250
-0.000265
-0.009036
-0.011904
-0.012809
-0.020210
-0.017293
-0.017193
-0.015877
-0.008715
-0.017166
-0.024185
-0.015267
-0.017374
-0.020973
-0.015080
-0.004452
0.001519
-0.021800
-0.020848
-0.023531
-0.047796
-0.002318
0.020616
-0.054247
-0.033262
-0.051363
-0.135160
-0.023573
0.049818
0.074592
0.019743
-0.036452
-0.014288
-0.037371
-0.013958
-0.067176
-0.138600
-0.076767
-0.008849
0.143833
0.098862
-0.228187
-0.059359
0.167331
-0.025671
-0.052726
-0.069979
-0.128216
0.328680
0.400852
-0.050981
0.127844
0.244568
0.144071
0.214394
-0.032235
-0.144285
-0.010961
-0.068131
-0.215874
-0.167434
-0.160438
-0.184011
0.006193
0.010260
-0.014596
0.017714
-0.053783
-0.061465
0.027576
0.012730
0.040382
0.104331
0.020663
0.067082
0.128795
0.029872
0.001133
0.037145
0.010597
0.035018
0.033801
-0.022092
0.016161
-0.001328
-0.022522
0.013492
0.008494
-0.009109
-0.016693
-0.021528
-0.024044
-0.017453
-0.042340
-0.045409
-0.034839
-0.033160
-0.029848
-0.026113
-0.023540
-0.019884
-0.012845
-0.018217
-0.010697
-0.004879
-0.003813
-0.001844
0.000596
-0.001354
-0.001034
-0.001261
-0.005029
-0.001111
-0.003328
-0.006918
-0.011726
-0.003924
-0.000279
-0.000938
-0.006610
-0.043842
-0.004086
0.038226
-0.036155
-0.079544
-0.077449
-0.016287
0.055936
-0.006655
0.002935
-0.016723
-0.126312
0.039614
-0.021125
-0.095460
0.071750
-0.068770
0.038743
0.184687
-0.007231
-0.132942
-0.109537
0.058214
0.018602
-0.023806
-0.022348
-0.027348
0.283219
0.318894
-0.037346
-0.104837
-0.021228
0.021758
0.246669
0.045420
-0.078066
0.214963
0.063927
-0.085649
-0.106372
-0.273316
-0.242540
-0.050010
0.028915
0.095443
0.027837
-0.114188
-0.042096
0.006247
0.030296
-0.019223
-0.039272
0.022932
-0.002186
-0.030146
-0.070272
-0.100327
-0.107333
-0.073028
-0.034626
0.004367
-0.017154
-0.040405
-0.003665
0.019005
0.045695
0.026093
-0.007734
0.002049
0.016431
0.018767
0.011170
-0.000909
-0.003019
-0.005473
-0.008937
-0.002907
-0.006855
-0.003694
0.007918
0.006462
-0.000012
-0.002629
-0.003247
-0.002817
0.002869
0.001642
-0.004644
-0.006483
-0.012569
-0.012493
-0.009579
-0.007545
-0.000134
-0.002309
-0.006942
-0.005700
0.006485
0.015137
-0.013174
-0.043508
-0.022397
-0.024047
-0.018914
0.019943
0.007165
0.033268
0.026171
-0.042991
-0.028527
0.011535
0.060445
0.048218
0.021536
0.052699
-0.046130
-0.116802
-0.011595
0.009841
0.015417
0.052321
0.084338
0.083243
0.079950
0.097088
-0.073055
0.054256
0.264733
0.094762
0.064158
0.044212
-0.070187
-0.231829
-0.121810
0.049268
-0.125647
-0.052170
0.052142
0.014121
0.050423
-0.019424
-0.138436
0.052661
0.105438
-0.043847
0.013383
-0.005536
-0.036973
-0.094287
-0.155848
-0.060424
-0.002598
-0.011129
0.008650
0.072882
0.102548
0.090947
0.036386
0.002759
0.006001
-0.009208
-0.025230
-0.039924
-0.008718
-0.002882
-0.017061
-0.005507
-0.005547
-0.016862
-0.013138
-0.010774
-0.004537
-0.000755
-0.004679
-0.003128
-0.006107
-0.011487
-0.010677
-0.016628
-0.013559
-0.009030
-0.011221
-0.008592
-0.011247
-0.010373
-0.004760
-0.001860
0.001361
0.008374
0.008057
0.004581
-0.001924
-0.009513
-0.013215
-0.011091
-0.005360
-0.005917
-0.008114
0.006367
0.010003
-0.003437
-0.011567
-0.015561
-0.015129
-0.003419
0.007473
-0.005497
-0.011005
-0.015759
-0.024884
-0.014162
-0.015874
-0.022290
-0.005799
0.004935
0.009398
0.016172
0.006705
0.003582
0.009511
0.009861
0.008252
0.004536
0.003827
-0.002521
-0.005721
0.000075
-0.002188
0.001952
0.004387
0.001416
0.007614
0.008016
0.005443
0.004779
-0.000511
-0.002163
-0.003867
-0.001900
-0.003534
-0.006186
-0.001545
0.000462
-0.000523
-0.000089
0.001591
0.001497
0.003121
0.001659
0.002305
0.001837
0.001310
-0.000013
-0.000377
0.000211
0.001183
0.001050
0.001864
0.001855
0.002208
0.001338
0.001160
0.001044
0.001100
0.000769
0.000761
0.000819
0.000671
0.000578
0.000536
0.000343
0.000486
0.000639
0.000631
0.000914
0.001313
0.001178
0.000802
0.000466
0.000235
0.000453
0.001107
0.001205
0.000875
0.000803
0.000738
0.000702
0.000810
0.000778
0.000545
0.000729
0.001129
0.001069
0.000799
0.000718
0.000419
0.000275
0.000333
0.000136
-0.000020
-0.000167
-0.000267
-0.000217
-0.000104
-0.000199
-0.000293
-0.000274
-0.000110
-0.000085
0.000221
0.000213
-0.005715
-0.008726
-0.004201
-0.017487
-0.028779
-0.020785
-0.021805
0.004716
0.002283
0.031503
0.026424
-0.041282
0.016641
0.037883
-0.029935
-0.030444
-0.035667
-0.016579
0.029374
0.069776
0.101330
0.117440
0.042035
-0.058297
-0.088494
-0.100974
-0.072020
-0.028381
0.031996
-0.020611
0.138037
0.117526
-0.052668
-0.041568
-0.260415
-0.200441
0.159606
0.031819
-0.027656
0.258062
0.058852
-0.155355
-0.163926
-0.335739
-0.040239
-0.131703
-0.342750
0.120865
0.076092
-0.011401
0.171692
-0.066407
-0.090381
-0.007011
-0.240759
-0.007581
0.182199
0.134179
0.201336
0.202148
0.155531
0.182438
0.049299
0.011207
0.101198
0.015258
-0.035571
-0.034161
-0.071111
-0.071011
-0.054337
-0.052679
-0.007523
0.023084
0.018609
0.017103
0.015197
0.017278
0.016073
0.009041
0.014563
0.008147
0.011109
-0.018040
-0.012057
0.005676
0.001843
-0.001856
0.003992
0.000671
0.015905
0.019437
0.005661
0.013297
0.004549
-0.002509
0.003342
0.003268
0.006348
0.003864
0.005109
0.015571
-0.007027
-0.010051
-0.006108
-0.000089
0.015265
-0.009632
-0.016706
0.017580
-0.007128
0.004541
0.010468
0.022027
0.049980
-0.002695
-0.002791
0.001674
-0.013325
-0.017557
-0.022651
0.060510
0.079214
-0.051945
-0.019430
0.097158
0.036470
-0.045927
0.070530
0.004426
0.063899
0.219976
0.045492
0.050663
-0.083861
-0.254787
-0.129159
-0.254789
-0.102057
0.330634
0.085572
-0.098061
0.201497
0.075798
-0.092639
-0.212551
-0.405170
-0.183335
-0.091785
-0.087738
0.275987
0.231693
0.152822
0.354662
0.232499
0.146970
0.098519
0.023317
0.042707
0.019143
-0.040434
0.039234
-0.044396
-0.190916
-0.057351
-0.090895
-0.073348
0.010411
0.006413
0.039730
0.043950
0.030085
0.019469
0.007060
-0.050781
-0.031499
-0.052387
-0.082040
-0.041441
-0.024637
-0.017939
-0.030393
-0.023322
-0.022358
-0.005432
-0.013911
-0.030147
-0.014023
-0.018927
-0.013479
-0.006368
-0.008817
-0.014496
-0.007051
-0.013899
-0.022441
-0.018135
-0.021722
-0.022042
-0.014968
-0.001986
-0.002156
-0.004819
-0.006633
0.008728
0.012780
-0.030706
-0.026945
-0.028464
-0.007488
0.010097
-0.017913
0.019342
-0.004237
-0.052285
-0.007026
-0.025648
-0.036890
-0.041626
-0.018304
0.046274
-0.016251
-0.006134
0.068477
0.071956
0.078323
0.110062
0.174623
0.134213
-0.026057
-0.058203
0.044760
0.032227
-0.024470
-0.144338
-0.238228
-0.147178
-0.145125
-0.036543
-0.004980
0.077867
0.092667
-0.138718
0.058152
-0.013262
-0.205316
-0.155871
-0.150743
-0.181707
-0.270620
-0.223725
-0.096979
0.116418
0.098924
0.177964
0.195071
0.183150
0.236620
0.174967
0.180226
0.114926
0.102501
-0.036796
-0.065609
0.033864
0.033770
0.044803
0.089718
0.112178
0.060119
0.026044
-0.039615
-0.035655
-0.024535
-0.054816
-0.032826
-0.051969
-0.035207
-0.025976
-0.028523
-0.032247
-0.011118
-0.005757
-0.016712
-0.011519
-0.010611
-0.003764
-0.005658
-0.000679
-0.007586
-0.011709
-0.013347
-0.016799
-0.010314
-0.006226
-0.009752
-0.010813
-0.009896
-0.003808
-0.011269
-0.014168
-0.009377
0.006099
-0.003501
-0.007536
0.034137
0.023347
-0.023152
0.006048
-0.002585
-0.042994
0.014890
-0.003734
-0.025981
0.003151
-0.029392
-0.017161
-0.000262
-0.074640
0.022995
0.076669
-0.093239
0.104929
0.010025
-0.199325
0.077054
-0.003346
-0.137888
-0.128069
-0.274264
-0.127888
0.144678
-0.040218
0.174639
0.262798
-0.041500
0.015920
-0.022871
-0.058765
-0.060504
-0.097898
-0.006934
-0.049772
-0.241735
-0.174071
-0.156572
-0.159542
-0.063845
0.026149
0.200066
0.160989
-0.006132
0.145881
0.055699
-0.096623
0.035261
-0.065106
0.009024
0.090860
-0.041498
0.038887
0.066058
0.008651
0.119258
0.047193
-0.017143
0.089496
0.000495
0.032806
0.093540
0.033197
0.081666
0.059497
0.045988
0.065014
0.044340
0.017346
0.014969
-0.000461
0.018915
0.021560
0.007929
0.022264
0.003125
0.018897
0.010535
0.004002
0.009706
0.001028
0.004325
0.009354
-0.001381
0.006203
0.009204
-0.000525
0.009582
0.006637
0.001087
0.016472
0.008850
0.014587
0.020148
-0.007831
0.016796
0.028200
-0.001918
-0.016887
0.002962
0.004553
-0.013633
0.005049
0.015741
-0.009532
0.040392
0.049602
-0.012673
0.077440
0.020307
-0.039872
0.073763
-0.146600
-0.155805
0.005214
-0.179697
0.084252
0.254993
0.011256
0.153387
-0.048811
-0.137527
0.024146
-0.177024
0.129776
0.247583
0.167166
0.393003
0.166176
-0.112953
0.056584
0.022914
0.045078
0.065827
-0.006115
0.078822
-0.077354
-0.014638
-0.034779
-0.084020
-0.054447
-0.196700
0.056345
-0.032100
-0.066961
0.141217
0.043676
0.123988
0.032368
-0.162413
0.005132
-0.029575
-0.136248
0.040197
-0.082792
-0.049570
-0.032350
-0.144423
0.020070
-0.035002
-0.130274
-0.039480
-0.096881
-0.053531
-0.001635
-0.079913
0.001281
0.018357
-0.021909
0.026515
-0.012082
-0.002683
0.032086
-0.017319
0.006560
0.010486
-0.015833
-0.000576
-0.016081
-0.015716
0.002781
-0.019094
-0.011330
-0.014403
-0.016688
-0.004652
-0.010921
-0.001568
0.000709
-0.018843
-0.009662
-0.012603
-0.013132
-0.005238
-0.017869
-0.017310
-0.015187
0.003734
0.012326
0.007710
0.003960
-0.018153
-0.029480
-0.044405
-0.044483
0.009716
-0.012184
-0.022395
0.029311
0.017320
-0.030404
0.054283
0.044414
-0.001497
0.094291
-0.116697
-0.088905
0.021003
0.001301
0.146483
0.091558
0.046976
0.142526
0.066812
-0.086551
-0.148901
-0.179313
-0.070793
0.008237
-0.006077
0.058351
0.082352
0.008507
-0.142835
-0.213330
-0.264394
-0.384193
-0.257597
-0.152277
-0.072383
0.101801
0.045671
0.073462
0.232118
0.009733
-0.038292
-0.067579
-0.191723
0.044732
0.069713
0.098017
0.234960
0.109698
0.152030
0.179157
0.055282
0.105245
0.085269
0.054975
0.120434
0.088358
0.066043
0.021639
-0.033258
-0.015280
-0.054975
-0.044844
-0.036700
-0.045838
-0.012387
-0.021184
-0.010437
0.025447
0.000661
0.009974
0.021861
-0.006708
0.015222
0.007945
-0.004827
0.015927
-0.000343
-0.004642
0.007967
-0.004665
-0.000767
0.002303
-0.008957
0.000903
0.010058
0.012520
0.013482
0.015877
0.016522
-0.005482
-0.006234
-0.000982
0.006940
0.004031
0.004126
0.014015
0.049019
0.037906
-0.062283
-0.026224
-0.019324
-0.015506
0.035120
0.030548
-0.021074
-0.043795
-0.015611
-0.033146
0.046174
0.117816
0.026082
-0.026796
-0.013577
-0.013117
0.054183
-0.052145
0.065333
0.273137
0.013910
-0.005654
0.027849
-0.248533
-0.089559
-0.045037
-0.262037
0.296764
0.103661
-0.255908
0.159358
-0.040231
0.023404
0.045950
-0.188471
-0.011636
0.118992
-0.035091
0.064061
0.063734
-0.143480
0.072895
0.045984
0.028505
0.160214
0.172014
0.173049
0.189151
0.164233
0.096148
0.073534
-0.092594
-0.133394
-0.088616
-0.115047
-0.100415
-0.024922
0.001260
0.016286
0.068554
0.018120
0.001111
-0.007816
-0.048362
-0.061757
-0.066113
-0.060631
-0.033354
-0.028677
-0.049504
-0.035211
-0.029877
-0.024569
-0.016086
-0.020358
-0.021783
-0.012096
-0.009017
-0.013876
-0.010171
-0.018779
-0.024265
-0.019286
-0.025979
-0.028309
-0.021245
-0.023206
-0.017683
-0.010601
-0.010369
-0.006583
-0.008975
-0.025743
-0.023736
-0.017271
-0.004719
-0.002435
-0.023768
-0.002322
-0.019057
-0.049110
0.007296
0.010633
-0.065220
-0.025784
-0.105111
-0.146279
-0.016059
0.018765
0.106998
0.034525
-0.001432
0.011935
-0.076050
-0.041422
-0.009245
-0.116382
-0.125457
-0.061544
0.146718
0.063056
-0.187871
0.089288
0.075075
-0.145233
0.045021
-0.022064
-0.082490
0.389580
0.253711
0.124084
0.390464
0.156111
0.236681
0.271477
-0.037016
0.082469
-0.083006
-0.334728
-0.192278
-0.180065
-0.312686
-0.181590
-0.120025
-0.095848
0.047344
-0.016724
-0.040996
-0.004866
0.004096
0.011525
0.132266
0.079977
0.038559
0.157165
0.094425
0.028340
0.075371
0.047975
0.007126
0.032526
-0.035161
-0.014365
0.016645
-0.071493
-0.025581
-0.007559
-0.052935
-0.013144
-0.014649
-0.040533
-0.014291
-0.031368
-0.041914
-0.008826
-0.039129
-0.028901
-0.022482
-0.040354
-0.026897
-0.016076
-0.023658
-0.014979
-0.007664
-0.022337
-0.015746
-0.014932
-0.007901
-0.007721
-0.011397
-0.019562
-0.017217
-0.001563
-0.002441
-0.009617
-0.019081
-0.009529
0.004532
0.023980
-0.000944
-0.039720
0.026398
0.037996
-0.036029
-0.065645
-0.099099
-0.020665
0.051358
-0.011222
0.073191
-0.032288
-0.160869
0.068792
-0.081690
-0.032483
0.095615
-0.129875
0.091652
0.121591
-0.037751
-0.040958
-0.103516
0.010789
-0.024132
-0.053934
0.032781
0.059130
0.271127
0.309057
0.057983
0.055827
-0.038808
-0.012234
0.270005
0.007044
0.146619
0.234954
-0.161370
-0.050274
-0.067609
-0.311009
-0.230692
-0.211540
-0.092473
0.144242
-0.079569
-0.061221
0.043671
-0.101488
0.056570
0.049158
-0.016933
0.024303
-0.058824
-0.084973
-0.052356
-0.115292
-0.117046
-0.101919
-0.118686
-0.038267
-0.060632
-0.039245
0.013709
0.005185
0.035662
0.029936
0.015192
0.038340
0.022845
0.008245
0.018852
0.004232
0.015607
0.014316
-0.002260
0.017807
0.009881
0.004530
0.015015
0.011489
0.015398
0.011414
-0.002979
0.001639
0.007313
0.002388
0.006979
-0.004490
-0.014273
0.001188
-0.005242
-0.001605
0.009929
-0.008720
-0.010307
0.007794
0.030155
0.026967
-0.020244
-0.037043
-0.022589
-0.050825
-0.025919
0.000377
0.008604
0.077619
0.015519
-0.041987
-0.015190
-0.002691
0.077224
0.065573
0.046704
0.070265
-0.088353
-0.127268
0.005625
-0.009062
0.007464
0.046333
0.087503
0.064824
0.098754
0.142810
-0.021303
0.155896
0.252631
0.098551
0.139486
0.074955
-0.083101
-0.306174
-0.146236
-0.004980
-0.185818
-0.091395
0.032946
-0.033258
-0.024648
-0.025870
-0.026079
0.132632
-0.036173
0.003426
0.083430
-0.080129
-0.018135
-0.126070
-0.204315
-0.051523
-0.081789
-0.068209
0.059743
0.068380
0.104312
0.115536
0.038187
0.081325
0.038297
-0.035729
-0.030752
-0.056169
-0.035358
-0.028726
-0.030932
-0.008485
0.001879
-0.005906
0.002778
-0.008470
0.006168
0.009194
-0.007770
0.003257
0.002427
-0.005994
-0.005575
-0.020765
-0.018546
-0.015242
-0.015852
-0.006678
-0.008454
-0.005968
0.003505
-0.003127
-0.002169
0.009808
0.005687
0.005778
0.003324
-0.001754
-0.011352
-0.019511
-0.009694
-0.004520
-0.003751
0.015556
0.012080
-0.005835
-0.004470
-0.004242
-0.022914
-0.008666
0.013897
0.000553
-0.003180
-0.012998
-0.025796
-0.030072
-0.032062
-0.021169
-0.015608
-0.012668
0.004034
0.004069
0.012871
0.029536
0.008675
0.014987
0.029330
0.010814
0.001603
0.000675
-0.000580
-0.005325
-0.000332
-0.003591
-0.007810
0.003088
-0.000218
-0.001598
0.010794
0.015995
0.008773
0.005962
0.005397
0.001449
-0.004373
-0.009048
-0.006383
-0.006522
-0.003907
0.000813
-0.000283
0.002286
0.004978
0.003027
0.002996
0.004577
0.004636
0.003298
0.002726
0.000376
-0.000061
-0.001108
-0.001511
-0.001179
-0.000153
0.000851
0.001246
0.001127
0.001634
0.001718
0.001683
0.001078
0.000854
0.000614
0.000417
0.000101
-0.000173
-0.000136
0.000310
0.000605
0.000456
0.000896
0.001315
0.000883
0.000669
0.000411
-0.000292
-0.000034
0.000801
0.000373
0.000287
0.000713
0.000035
-0.000033
0.000857
0.000560
0.000340
0.001096
0.000884
0.000455
0.000841
0.000949
0.000701
0.000992
0.000532
-0.000486
-0.000568
-0.000770
-0.000753
-0.000390
-0.000218
-0.000260
-0.000463
-0.000368
-0.000126
-0.000163
-0.000075
0.000212
0.000307
0.000334
0.000427
0.000201