0.484651
0.243214
0.042775
-0.036113
0.040132
0.245279
0.503291
0.717359
0.806876
0.738217
0.537586
0.281000
0.065262
-0.029013
0.031817
0.221582
0.464304
0.663238
0.737833
0.654526
0.439575
0.169058
-0.060170
-0.167440
-0.119059
0.058853
0.290364
0.478773
0.543572
0.451235
0.228057
-0.049854
-0.285611
-0.398520
-0.354865
-0.180751
0.047910
0.234425
0.298294
0.205995
-0.016177
-0.292118
-0.524949
-0.633987
-0.585533
-0.405708
-0.170449
0.023525
0.095686
0.012479
-0.199837
-0.465198
-0.686765
-0.783902
-0.722954
-0.530093
-0.281307
-0.073369
0.013139
-0.055396
-0.252772
-0.502983
-0.709252
-0.791002
-0.714639
-0.506395
-0.242321
-0.019247
0.082182
0.028296
-0.154762
-0.391041
-0.583820
-0.652575
-0.563763
-0.343666
-0.068381
0.165217
0.276443
0.231587
0.056757
-0.172130
-0.358380
-0.421495
-0.327956
-0.104063
0.174073
0.409566
0.521721
0.476827
0.300991
0.070134
-0.119042
-0.186028
-0.097289
0.120894
0.392433
0.620465
0.724328
0.670342
0.484651
0.243214
0.042775
-0.036113
0.040132
0.245279
0.503291
0.717359
0.806876
0.738217
0.537586
0.281000
0.065262
-0.029013
0.031817
0.221582
0.464304
0.663238
0.737833
0.654526
0.439575
0.169058
-0.060170
-0.167440
-0.119059
0.058853
0.290364
0.478773
0.543572
0.451235
0.228057
-0.049854
-0.285611
-0.398520
-0.354865
-0.180751
0.047910
0.234425
0.298294
0.205995
-0.016177
-0.292118
-0.524949
-0.633987
-0.585533
-0.405708
-0.170449
0.023525
0.095686
0.012479
-0.199837
-0.465198
-0.686765
-0.783902
-0.722954
-0.530093
-0.281307
-0.073369
0.013139
-0.055396
-0.252772
-0.502983
-0.709252
-0.791002
-0.714639
-0.506395
-0.242321
-0.019247
0.082182
0.028296
-0.154762
-0.391041
-0.583820
-0.652575
-0.563763
-0.343666
-0.068381
0.165217
0.276443
0.231587
0.056757
-0.172130
-0.358380
-0.421495
-0.327956
-0.104063
0.174073
0.409566
0.521721
0.476827
0.300991
0.070134
-0.119042
-0.186028
-0.097289
0.120894
0.392433
0.620465
0.724328
0.670342
0.484651
0.243214
0.042775
-0.036113
0.040132
0.245279
0.503291
0.717359
0.806876
0.738217
0.537586
0.281000
0.065262
-0.029013
0.031817
0.221582
0.464304
0.663238
0.737833
0.654526
0.439575
0.169058
-0.060170
-0.167440
-0.119059
0.058853
0.290364
0.478773
0.543572
0.451235
0.228057
-0.049854
-0.285611
-0.398520
-0.354865
-0.180751
0.047910
0.234425
0.298294
0.205995
-0.016177
-0.292118
-0.524949
-0.633987
-0.585533
-0.405708
-0.170449
0.023525
0.095686
0.012479
-0.199837
-0.465198
-0.686765
-0.783902
-0.722954
-0.530093
-0.281307
-0.073369
0.013139
-0.055396
-0.252772
-0.502983
-0.709252
-0.791002
-0.714639
-0.506395
-0.242321
-0.019247
0.082182
0.028296
-0.154762
-0.391041
-0.583820
-0.652575
-0.563763
-0.343666
-0.068381
0.165217
0.276443
0.231587
0.056757
-0.172130
-0.358380
-0.421495
-0.327956
-0.104063
0.174073
0.409566
0.521721
0.476827
0.300991
0.070134
-0.119042
-0.186028
-0.097289
0.120894
0.392433
0.620465
0.724328
0.670342
0.484651
0.243214
0.042775
-0.036113
0.040132
0.245279
0.503291
0.717359
0.806876
0.738217
0.537586
0.281000
0.065262
-0.029013
0.031817
0.221582
0.464304
0.663238
0.737833
0.654526
0.439575
0.169058
-0.060170
-0.167440
-0.119059
0.058853
0.290364
0.478773
0.543572
0.451235
0.228057
-0.049854
-0.285611
-0.398520
-0.354865
-0.180751
0.047910
0.234425
0.298294
0.205995
-0.016177
-0.292118
-0.524949
-0.633987
-0.585533
-0.405708
-0.170449
0.023525
0.095686
0.012479
-0.199837
-0.465198
-0.686765
-0.783902
-0.722954
-0.530093
-0.281307
-0.073369
0.013139
-0.055396
-0.252772
-0.502983
-0.709252
-0.791002
-0.714639
-0.506395
-0.242321
-0.019247
0.082182
0.028296
-0.154762
-0.391041
-0.583820
-0.652575
-0.563763
-0.343666
-0.068381
0.165217
0.276443
0.231587
0.056757
-0.172130
-0.358380
-0.421495
-0.327956
-0.104063
0.174073
0.409566
0.521721
0.476827
0.300991
0.070134
-0.119042
-0.186028
-0.097289
0.120894
0.392433
0.620465
0.724328
0.670342