-0.152523
-0.050892
0.027018
0.059203
0.041262
-0.011948
-0.072025
-0.107896
-0.097722
-0.037271
0.058435
0.160823
0.238655
0.269926
0.250240
0.194459
0.130998
0.090941
0.096144
0.150860
0.240087
0.335280
0.405229
0.427959
0.399108
0.333575
0.259813
0.208946
0.202875
0.245894
0.323049
0.405843
0.463114
0.472938
0.431004
0.352262
0.265217
0.201046
0.181701
0.211530
0.275632
0.345559
0.390201
0.387684
0.333745
0.243382
0.145146
0.070258
0.040711
0.060896
0.115948
0.177455
0.214340
0.204760
0.144481
0.048524
-0.054537
-0.133462
-0.166241
-0.148472
-0.095010
-0.034260
0.002703
-0.005963
-0.064497
-0.157884
-0.257560
-0.332299
-0.360107
-0.336603
-0.276663
-0.208718
-0.163871
-0.163996
-0.213365
-0.297000
-0.386375
-0.450304
-0.466838
-0.431637
-0.359625
-0.279281
-0.221756
-0.208975
-0.245261
-0.315687
-0.391779
-0.442404
-0.445664
-0.397273
-0.312208
-0.218997
-0.148843
-0.123721
-0.148002
-0.206807
-0.271708
-0.311616
-0.304674
-0.246639
-0.152523
-0.050892
0.027018
0.059203
0.041262
-0.011948
-0.072025
-0.107896
-0.097722
-0.037271
0.058435
0.160823
0.238655
0.269926
0.250240
0.194459
0.130998
0.090941
0.096144
0.150860
0.240087
0.335280
0.405229
0.427959
0.399108
0.333575
0.259813
0.208946
0.202875
0.245894
0.323049
0.405843
0.463114
0.472938
0.431004
0.352262
0.265217
0.201046
0.181701
0.211530
0.275632
0.345559
0.390201
0.387684
0.333745
0.243382
0.145146
0.070258
0.040711
0.060896
0.115948
0.177455
0.214340
0.204760
0.144481
0.048524
-0.054537
-0.133462
-0.166241
-0.148472
-0.095010
-0.034260
0.002703
-0.005963
-0.064497
-0.157884
-0.257560
-0.332299
-0.360107
-0.336603
-0.276663
-0.208718
-0.163871
-0.163996
-0.213365
-0.297000
-0.386375
-0.450304
-0.466838
-0.431637
-0.359625
-0.279281
-0.221756
-0.208975
-0.245261
-0.315687
-0.391779
-0.442404
-0.445664
-0.397273
-0.312208
-0.218997
-0.148843
-0.123721
-0.148002
-0.206807
-0.271708
-0.311616
-0.304674
-0.246639
1.192163
1.241459
1.047979
0.685427
0.291174
0.013792
-0.043687
0.136882
0.481847
0.853907
1.104576
1.130929
0.914943
0.530409
0.114787
-0.183269
-0.260644
-0.099114
0.227743
0.582697
0.817331
0.828783
0.599087
0.202091
-0.224698
-0.532580
-0.618404
-0.463911
-0.142650
0.208169
0.440146
0.450430
0.221059
-0.174120
-0.597608
-0.900717
-0.980315
-0.818167
-0.487854
-0.126620
0.117093
0.140388
-0.074748
-0.454525
-0.861504
-1.147063
-1.208139
-1.026570
-0.676013
-0.293792
-0.028433
0.017083
-0.175346
-0.532019
-0.915588
-1.177523
-1.214855
-1.009515
-0.635256
-0.229493
0.059155
0.127613
-0.042309
-0.377001
-0.739200
-0.980462
-0.997898
-0.773519
-0.381151
0.041717
0.346400
0.429759
0.273546
-0.048683
-0.399716
-0.631151
-0.640138
-0.408723
-0.010758
0.416245
0.723585
0.808113
0.651574
0.327529
-0.026806
-0.263014
-0.278227
-0.054466
0.334446
0.751034
1.046638
1.118154
0.947382
0.607934
0.237091
-0.016667
-0.050403
0.153936
0.522604
0.918206
1.192163
1.241459
1.047979
0.685427
0.291174
0.013792
-0.043687
0.136882
0.481847
0.853907
1.104576
1.130929
0.914943
0.530409
0.114787
-0.183269
-0.260644
-0.099114
0.227743
0.582697
0.817331
0.828783
0.599087
0.202091
-0.224698
-0.532580
-0.618404
-0.463911
-0.142650
0.208169
0.440146
0.450430
0.221059
-0.174120
-0.597608
-0.900717
-0.980315
-0.818167
-0.487854
-0.126620
0.117093
0.140388
-0.074748
-0.454525
-0.861504
-1.147063
-1.208139
-1.026570
-0.676013
-0.293792
-0.028433
0.017083
-0.175346
-0.532019
-0.915588
-1.177523
-1.214855
-1.009515
-0.635256
-0.229493
0.059155
0.127613
-0.042309
-0.377001
-0.739200
-0.980462
-0.997898
-0.773519
-0.381151
0.041717
0.346400
0.429759
0.273546
-0.048683
-0.399716
-0.631151
-0.640138
-0.408723
-0.010758
0.416245
0.723585
0.808113
0.651574
0.327529
-0.026806
-0.263014
-0.278227
-0.054466
0.334446
0.751034
1.046638
1.118154
0.947382
0.607934
0.237091
-0.016667
-0.050403
0.153936
0.522604
0.918206