-0.013152
-0.058296
-0.107330
-0.133860
-0.120018
-0.063314
0.022385
0.112114
0.179321
0.205976
0.189429
0.143391
0.092668
0.063659
0.074242
0.126922
0.207845
0.292066
0.353055
0.372807
0.348698
0.294470
0.234960
0.196603
0.197313
0.239634
0.309753
0.382769
0.432195
0.440071
0.403820
0.337233
0.265195
0.214191
0.202185
0.231770
0.289185
0.349577
0.386510
0.382074
0.333740
0.255346
0.171825
0.109706
0.086997
0.106334
0.153996
0.205168
0.233452
0.220970
0.165227
0.080088
-0.009486
-0.076943
-0.104253
-0.088762
-0.044176
0.004702
0.031483
0.018295
-0.037354
-0.121600
-0.209484
-0.274463
-0.298514
-0.278998
-0.229636
-0.175250
-0.142252
-0.148536
-0.196623
-0.272678
-0.351776
-0.407406
-0.421584
-0.391710
-0.331545
-0.265953
-0.221391
-0.215799
-0.251745
-0.315441
-0.382011
-0.424994
-0.426456
-0.383846
-0.310976
-0.232761
-0.175707
-0.157803
-0.181665
-0.233555
-0.288641
-0.320509
-0.311268
-0.258410
-0.175787
-0.088352
-0.022648
0.003301
-0.013152
-0.058296
-0.107330
-0.133860
-0.120018
-0.063314
0.022385
0.112114
0.179321
0.205976
0.189429
0.143391
0.092668
0.063659
0.074242
0.126922
0.207845
0.292066
0.353055
0.372807
0.348698
0.294470
0.234960
0.196603
0.197313
0.239634
0.309753
0.382769
0.432195
0.440071
0.403820
0.337233
0.265195
0.214191
0.202185
0.231770
0.289185
0.349577
0.386510
0.382074
0.333740
0.255346
0.171825
0.109706
0.086997
0.106334
0.153996
0.205168
0.233452
0.220970
0.165227
0.080088
-0.009486
-0.076943
-0.104253
-0.088762
-0.044176
0.004702
0.031483
0.018295
-0.037354
-0.121600
-0.209484
-0.274463
-0.298514
-0.278998
-0.229636
-0.175250
-0.142252
-0.148536
-0.196623
-0.272678
-0.351776
-0.407406
-0.421584
-0.391710
-0.331545
-0.265953
-0.221391
-0.215799
-0.251745
-0.315441
-0.382011
-0.424994
-0.426456
-0.383846
-0.310976
-0.232761
-0.175707
-0.157803
-0.181665
-0.233555
-0.288641
-0.320509
-0.311268
-0.258410
-0.175787
-0.088352
-0.022648
0.003301
1.152154
1.345039
1.253726
0.912563
0.450428
0.041508
-0.161226
-0.084435
0.237592
0.676052
1.056852
1.227130
1.113677
0.750926
0.267840
-0.161310
-0.383473
-0.325234
-0.020808
0.401069
0.766372
0.922300
0.795699
0.421056
-0.072620
-0.511017
-0.741047
-0.689263
-0.389857
0.028458
0.391669
0.546984
0.421251
0.048953
-0.440908
-0.874037
-1.097367
-1.037477
-0.728590
-0.299457
0.075866
0.244539
0.133358
-0.223252
-0.696351
-1.111710
-1.316331
-1.236868
-0.907622
-0.457423
-0.060411
0.130489
0.041986
-0.291586
-0.741378
-1.133251
-1.314302
-1.211277
-0.858570
-0.385103
0.034892
0.248398
0.182035
-0.129948
-0.558790
-0.930434
-1.092056
-0.970478
-0.600169
-0.110120
0.325371
0.553228
0.500012
0.199921
-0.218330
-0.580727
-0.734481
-0.606449
-0.231120
0.262491
0.700074
0.928544
0.874461
0.572024
0.149959
-0.217706
-0.378161
-0.258235
0.107613
0.590406
1.015877
1.230989
1.162354
0.844229
0.405402
0.019967
-0.159197
-0.058843
0.286645
0.748372
1.152154
1.345039
1.253726
0.912563
0.450428
0.041508
-0.161226
-0.084435
0.237592
0.676052
1.056852
1.227130
1.113677
0.750926
0.267840
-0.161310
-0.383473
-0.325234
-0.020808
0.401069
0.766372
0.922300
0.795699
0.421056
-0.072620
-0.511017
-0.741047
-0.689263
-0.389857
0.028458
0.391669
0.546984
0.421251
0.048953
-0.440908
-0.874037
-1.097367
-1.037477
-0.728590
-0.299457
0.075866
0.244539
0.133358
-0.223252
-0.696351
-1.111710
-1.316331
-1.236868
-0.907622
-0.457423
-0.060411
0.130489
0.041986
-0.291586
-0.741378
-1.133251
-1.314302
-1.211277
-0.858570
-0.385103
0.034892
0.248398
0.182035
-0.129948
-0.558790
-0.930434
-1.092056
-0.970478
-0.600169
-0.110120
0.325371
0.553228
0.500012
0.199921
-0.218330
-0.580727
-0.734481
-0.606449
-0.231120
0.262491
0.700074
0.928544
0.874461
0.572024
0.149959
-0.217706
-0.378161
-0.258235
0.107613
0.590406
1.015877
1.230989
1.162354
0.844229
0.405402
0.019967
-0.159197
-0.058843
0.286645
0.748372