-0.293350
-0.285691
-0.272543
-0.253460
-0.228283
-0.197208
-0.160833
-0.120151
-0.076504
-0.031477
0.013244
0.056021
0.095396
0.130193
0.159567
0.183021
0.200386
0.211797
0.217666
0.218663
0.215692
0.209853
0.202384
0.194560
0.187582
0.182442
0.179820
0.180012
0.182909
0.188044
0.194671
0.201878
0.208685
0.214141
0.217371
0.217618
0.214257
0.206818
0.195017
0.178799
0.158374
0.134240
0.107176
0.078186
0.048412
0.019016
-0.008929
-0.034530
-0.057123
-0.076282
-0.091788
-0.103588
-0.111748
-0.116435
-0.117912
-0.116555
-0.112865
-0.107466
-0.101079
-0.094459
-0.088334
-0.083328
-0.079919
-0.078422
-0.079013
-0.081766
-0.086700
-0.093813
-0.103083
-0.114437
-0.127711
-0.142604
-0.158655
-0.175252
-0.191680
-0.207195
-0.221101
-0.232820
-0.241935
-0.248188
-0.251476
-0.251816
-0.249328
-0.244236
-0.236876
-0.227723
-0.217397
-0.206646
-0.196293
-0.187146
-0.179887
-0.174974
-0.172558
-0.172457
-0.174170
-0.176935
-0.179819
-0.181793
-0.181816
-0.178880
-0.172055
-0.160525
-0.143629
-0.120924
-0.092257
-0.057827
-0.018232
0.025527
0.072107
0.119922
0.167281
0.212544
0.254250
0.291221
0.322612
0.347920
0.366977
0.379916
0.387146
0.389338
0.387393
0.382411
0.375628
0.368320
0.361685
0.356717
0.354095
0.354115
0.356668
0.361288
0.367229
0.373579
0.379361
0.383622
0.385491
0.384210
0.379157
0.369863
0.356047
0.337654
0.314897
0.288278
0.258576
0.226799
0.194091
0.161617
0.130454
0.101497
0.075414
0.052634
0.033379
0.017708
0.005556
-0.003238
-0.008933
-0.011903
-0.012643
-0.011773
-0.010008
-0.008102
-0.006775
-0.006647
-0.008192
-0.011721
-0.017403
-0.025307
-0.035449
-0.047820
-0.062393
-0.079091
-0.097743
-0.118045
-0.139528
-0.161576
-0.183469
-0.204456
-0.223837
-0.241030
-0.255609
-0.267314
-0.276034
-0.281782
-0.284673
-0.284924
-0.282867
-0.278973
-0.273854
-0.268255
-0.262993
-0.258870
-0.256566
-0.256531
-0.258914
-0.263526
-0.269862
-0.277156
-0.284469
-0.290770
-0.295011
-0.296183
0.794773
0.721729
0.632395
0.533057
0.431567
0.336156
0.253982
0.189870
0.145628
0.120124
0.110082
0.111265
0.119647
0.132156
0.146804
0.162232
0.176953
0.188681
0.194090
0.189183
0.170176
0.134615
0.082295
0.015624
-0.060724
-0.140804
-0.218708
-0.289757
-0.351202
-0.402215
-0.443253
-0.475073
-0.497823
-0.510571
-0.511470
-0.498495
-0.470455
-0.427873
-0.373383
-0.311445
-0.247470
-0.186639
-0.132851
-0.088151
-0.052834
-0.026142
-0.007270
0.003749
0.005632
-0.003896
-0.027270
-0.065971
-0.119556
-0.185211
-0.258017
-0.331850
-0.400624
-0.459457
-0.505360
-0.537284
-0.555547
-0.560942
-0.553923
-0.534214
-0.501022
-0.453779
-0.393101
-0.321562
-0.243917
-0.166620
-0.096709
-0.040395
-0.001793
0.017807
0.019928
0.008205
-0.012722
-0.038297
-0.064757
-0.089248
-0.109406
-0.122671
-0.125724
-0.114379
-0.084083
-0.030944
0.047060
0.149092
0.271082
0.406124
0.545580
0.680556
0.803305
0.908161
0.991777
1.052709
1.090621
1.105500
1.097233
1.065741
1.011596
0.936830
0.845562
0.744079
0.640237
0.542267
0.457330
0.390256
0.342853
0.313994
0.300405
0.297854
0.302317
0.310727
0.321100
0.332080
0.342187
0.349137
0.349610
0.339613
0.315368
0.274426
0.216586
0.144263
0.062137
-0.023844
-0.107763
-0.184937
-0.252611
-0.309950
-0.357404
-0.395726
-0.425055
-0.444455
-0.452071
-0.445872
-0.424658
-0.388949
-0.341371
-0.286376
-0.229368
-0.175522
-0.128730
-0.091031
-0.062711
-0.043007
-0.031105
-0.027034
-0.032068
-0.048476
-0.078686
-0.124172
-0.184485
-0.256804
-0.336203
-0.416552
-0.491759
-0.556933
-0.609083
-0.647151
-0.671449
-0.682765
-0.681547
-0.667512
-0.639863
-0.598027
-0.542613
-0.476190
-0.403509
-0.331019
-0.265752
-0.213914
-0.179618
-0.164149
-0.165979
-0.181470
-0.205976
-0.234941
-0.264596
-0.292086
-0.315041
-0.330902
-0.336345
-0.327181
-0.298857
-0.247478
-0.171020
-0.070318
0.050557
0.184702
0.323480
0.457997
0.580507
0.685344
0.769160
0.830511
0.869063
0.884800
0.877609
0.847410