-0.017167
-0.013889
-0.013627
-0.015026
-0.016314
-0.016171
-0.014334
-0.009483
-0.007511
-0.008694
-0.013044
-0.013651
-0.011000
-0.008057
-0.005979
-0.006303
-0.007299
-0.009270
-0.010040
-0.010177
-0.009851
-0.009222
-0.008377
-0.011940
-0.011316
-0.002877
-0.002111
-0.005779
-0.010287
-0.008695
-0.001774
0.007497
0.011460
0.009593
0.015440
0.013170
0.002134
-0.007091
-0.013376
-0.013693
-0.006526
-0.005594
0.001089
0.022734
0.021228
0.008672
-0.015000
-0.034285
-0.015132
0.006470
-0.006269
-0.014121
0.006008
0.004745
-0.013944
-0.035516
-0.054471
-0.045818
-0.039563
-0.052905
-0.064908
-0.033454
-0.001638
-0.012076
-0.023124
-0.031963
-0.029347
-0.020203
-0.026895
-0.018903
-0.001137
0.014007
0.036313
0.052316
0.060550
0.047650
0.024308
0.018805
0.018626
0.000053
-0.018140
-0.003418
0.012418
0.004069
0.002390
0.008825
0.018243
0.022573
0.006568
-0.003031
0.003354
0.012962
0.016493
0.018094
0.021291
0.018358
0.010081
0.005602
0.005495
0.005342
0.003749
0.005107
0.007599
0.005812
0.004552
0.003466
0.004315
0.005673
0.005239
0.005310
0.003650
0.003321
0.004497
0.007559
0.009086
0.008740
0.009746
0.009690
0.009919
0.006617
0.001405
-0.000279
0.000844
0.003509
0.004573
0.005112
0.010452
0.010083
0.007580
0.004275
0.000208
0.000588
-0.002249
0.002314
0.013207
0.014169
0.006034
0.008630
0.018973
0.013313
0.005741
0.003590
0.000579
0.031263
0.045109
0.024192
0.007764
-0.002091
-0.010007
-0.029359
-0.037962
-0.019059
0.005892
0.009447
0.000307
0.016424
0.023972
-0.002039
-0.040197
-0.071650
-0.063815
-0.026844
-0.006891
-0.008322
0.010230
0.052160
0.082813
0.085236
0.053240
0.028927
0.036249
0.024602
0.008688
0.005533
0.006604
0.008757
0.024593
0.023201
-0.005308
-0.012465
0.004702
0.013086
0.000277
-0.006871
0.004035
0.017640
0.020898
0.011822
0.001435
-0.004692
-0.009447
-0.012514
-0.011298
-0.014226
-0.014186
-0.005372
-0.005446
-0.011970
-0.013823
-0.016443
-0.024966
-0.027416
-0.021735
-0.017526
-0.013507
-0.013153
-0.013171
-0.011565
-0.010361
-0.009468
-0.013376
-0.015949
-0.014909
-0.012423
-0.012298
-0.012509
-0.010576
-0.008507
-0.011117
-0.015306
-0.017254
-0.017183
-0.013755
-0.014506
-0.012122
-0.008914
-0.008305
-0.005509
-0.008940
-0.012327
-0.017641
-0.020391
-0.015685
-0.015679
-0.015231
-0.006302
0.004366
0.018740
0.028026
0.035474
0.036815
0.029547
0.016011
0.003251
0.003926
0.006677
-0.004526
-0.027450
-0.037957
-0.025526
-0.011096
-0.018428
-0.026162
-0.005183
-0.005348
-0.006669
-0.011168
-0.034881
-0.046476
-0.054363
-0.056244
-0.072891
-0.077986
-0.072116
-0.060438
-0.018031
-0.001019
-0.007429
0.009023
0.042540
0.050076
0.035349
0.015145
0.011856
0.029456
0.033132
0.017337
0.013105
0.030054
0.034188
0.035764
0.042872
0.040022
0.031981
0.018688
0.010966
0.006953
0.003755
0.005366
0.011550
0.015206
0.009472
0.007660
0.007595
0.010311
0.013530
0.009296
0.003180
-0.000263
-0.002082
-0.007869
-0.006123
-0.001494
-0.001927
-0.006758
-0.010586
-0.011193
-0.011479
-0.008617
-0.007175
-0.003778
-0.002945
-0.002749
-0.003215
-0.004328
-0.003372
-0.006204
-0.004600
-0.002095
-0.002843
-0.003512
-0.002806
-0.005038
-0.003674
0.001579
-0.001513
-0.003346
-0.003419
-0.004796
-0.007587
-0.011211
-0.015088
-0.011070
-0.011256
-0.010337
-0.005668
-0.020845
-0.020450
-0.009445
-0.011319
-0.030413
-0.050338
-0.052466
-0.035635
-0.013638
-0.013750
-0.014472
0.000289
0.007890
-0.002889
-0.008939
-0.027050
-0.039409
-0.018516
-0.022267
-0.047208
-0.049935
-0.053608
-0.060636
-0.050251
-0.041371
-0.029921
-0.007638
0.003659
-0.002879
-0.004992
-0.016291
-0.011433
0.000543
-0.003984
-0.008141
0.000170
0.002018
-0.012757
-0.000783
0.023435
0.028799
0.021355
0.013035
0.009328
0.014789
0.013353
0.011613
0.024307
0.032855
0.040199
0.045636
0.042577
0.030505
0.023662
0.028849
0.030915
0.029108
0.025883
0.025986
0.027413
0.026070
0.023613
0.020886
0.020332
0.022150
0.019989
0.015563
0.016267
0.017925
0.018838
0.020272
0.020958
0.019659
0.017010
0.014992
0.013430
0.012375
0.013066
0.010987
0.010042
0.012110
0.013629
0.012551
0.010484
0.011428
0.010226
0.009975
0.008609
0.004363
0.005776
0.012292
0.009302
0.008427
0.014537
0.010989
0.011820
0.002693
-0.015788
-0.017303
-0.015785
-0.008154
0.010224
0.019537
0.018894
0.011251
0.006140
0.002146
-0.014532
0.002027
0.013876
0.031770
0.072811
0.072698
0.053646
0.038597
0.042679
0.052349
0.038851
0.024259
0.018881
0.017056
0.034875
0.024857
0.000717
0.008377
0.006420
0.017325
0.016133
-0.008291
-0.009965
0.000756
0.032597
0.031218
0.014493
0.016796
0.003945
0.007314
-0.004128
-0.035450
-0.034795
-0.016595
-0.002385
-0.010982
-0.032680
-0.031921
-0.029795
-0.035392
-0.037837
-0.039364
-0.035888
-0.036918
-0.032491
-0.019775
-0.013925
-0.012266
-0.015658
-0.014947
-0.016349
-0.022087
-0.021461
-0.017625
-0.012651
-0.016441
-0.018766
-0.016944
-0.016731
-0.018423
-0.018758
-0.017231
-0.017505
-0.018309
-0.018286
-0.014389
-0.010767
-0.009683
-0.010813
-0.009844
-0.010516
-0.012618
-0.013558
-0.016378
-0.013360
-0.010630
-0.009790
-0.007405
-0.006876
-0.007722
-0.011030
-0.014840
-0.016313
-0.015604
-0.014235
-0.011456
-0.006727
-0.004633
-0.002044
0.007612
0.006482
0.009211
0.004643
-0.013331
-0.011946
-0.000820
0.014102
0.016281
0.016563
0.022601
0.033819
0.034496
-0.003197
-0.036966
-0.030337
-0.012727
0.000779
-0.004278
-0.013734
-0.000490
0.007563
-0.017703
-0.057313
-0.085247
-0.087253
-0.076879
-0.074671
-0.071173
-0.054179
-0.028846
0.001409
0.011648
-0.006356
-0.033950
-0.049754
-0.040689
-0.029880
-0.022003
-0.012422
0.004877
0.042131
0.056121
0.044614
0.037231
0.026527
0.026802
0.027291
0.026096
0.029531
0.029632
0.033874
0.037815
0.034641
0.027572
0.016806
0.011323
0.010644
0.007911
0.007246
0.009448
0.020845
0.028931
0.026941
0.023376
0.013054
0.007690
0.008295
0.007170
0.007620
0.009972
0.012616
0.012133
0.011173
0.008918
0.004956
0.002334
0.000873
0.001730
0.003915
0.006498
0.008867
0.008888
0.008584
0.009430
0.010300
0.009586
0.006187
0.005145
0.008135
0.014535
0.011627
0.004563
0.003777
0.004368
0.007813
0.006367
-0.001314
-0.011017
-0.008283
-0.003162
-0.001192
0.012004
0.019669
0.010411
0.006892
0.006812
0.007321
0.000662
-0.006478
0.009534
0.022908
0.026667
0.017929
-0.007212
-0.015495
-0.007091
-0.022080
-0.019798
0.006818
-0.001597
-0.010424
-0.005867
0.006757
0.004623
-0.001928
-0.011145
-0.023663
0.021223
0.023481
-0.020365
-0.019067
0.006531
0.026680
0.036623
0.028245
0.017586
0.040400
0.059013
0.049697
0.047234
0.047719
0.035837
0.032395
0.021371
-0.006651
-0.015136
-0.005253
0.010416
0.015081
0.011269
0.018204
0.023535
0.020748
0.009351
-0.004842
-0.014891
-0.016380
-0.011008
-0.011271
-0.009021
-0.008737
-0.008188
-0.005985
-0.010411
-0.014265
-0.016786
-0.020616
-0.026147
-0.024236
-0.019347
-0.016351
-0.016702
-0.017829
-0.018959
-0.018602
-0.017149
-0.021419
-0.022102
-0.020326
-0.016084
-0.015012
-0.015096
-0.014300
-0.017097
-0.018075
-0.019249
-0.017410
-0.018864
-0.020249
-0.021204
-0.021938
-0.016744
-0.010759
-0.015196
-0.021774
-0.025612
-0.035653
-0.035637
-0.027212
-0.015770
-0.015555
-0.017081
-0.013874
-0.019261
-0.013143
-0.016386
-0.036114
-0.041704
-0.038893
-0.018539
0.002441
-0.020584
-0.030921
-0.008706
0.003148
0.000276
-0.010552
-0.029830
-0.000310
0.067088
0.065211
0.043443
0.066546
0.101330
0.112740
0.094774
0.043940
0.005771
0.022148
0.010346
-0.032116
-0.037737
-0.045867
-0.040887
-0.006423
-0.001916
-0.019505
-0.016659
-0.009209
-0.011495
-0.004591
0.001032
0.003924
0.018481
0.032322
0.031643
0.027669
0.023060
0.026944
0.027317
0.011955
0.007101
0.001626
-0.008201
-0.009093
-0.005941
-0.005773
-0.006190
-0.003949
-0.004828
-0.003016
-0.003280
-0.007147
-0.004051
-0.004093
-0.004369
0.000429
-0.000248
-0.008620
-0.013252
-0.013423
-0.014935
-0.016956
-0.016866
-0.016020
-0.017921
-0.020072
-0.020509
-0.017286
-0.017878
-0.020553
-0.021089
-0.018372
-0.012702
-0.012410
-0.015283
-0.016951
-0.013353
-0.008275
-0.008219
-0.014593
-0.016718
-0.007630
-0.004190
-0.010674
-0.021210
-0.021099
-0.009206
-0.004297
-0.006104
-0.014538
-0.029479
-0.015791
-0.009757
-0.018539
-0.012985
-0.017242
-0.007921
0.010718
0.015460
-0.002783
-0.026428
-0.009558
-0.007208
-0.009234
-0.004735
-0.023496
0.015180
0.066266
0.055753
0.026413
0.019072
0.033823
0.058630
0.058052
0.027490
0.017002
0.042662
0.050561
0.022802
-0.003091
-0.033965
-0.039825
-0.012172
-0.008601
-0.021207
-0.024050
-0.020357
-0.010264
0.008305
0.003612
-0.011723
-0.007394
-0.007596
-0.016317
-0.033782
-0.047665
-0.042581
-0.028536
-0.027827
-0.039170
-0.041490
-0.043292
-0.047370
-0.044002
-0.031335
-0.023374
-0.023044
-0.017699
-0.009548
-0.009841
-0.016638
-0.017517
-0.013113
-0.005045
0.000401
-0.001895
-0.004916
-0.007294
-0.005747
-0.004440
-0.002931
-0.002731
-0.005331
-0.006711
-0.005926
-0.002349
-0.001050
0.000317
-0.000721
-0.000141
0.001922
0.002628
0.003579
-0.000402
-0.002893
-0.002440
0.002082
0.005252
0.001607
-0.004699
-0.006878
-0.005349
-0.003859
-0.002901
-0.004310
-0.000733
0.005559
0.005076
-0.001007
-0.001939
0.010223
0.015429
0.015429
0.015055
0.004553
-0.004505
-0.001715
0.002176
0.005513
0.011017
0.019231
0.023508
0.032443
0.046609
0.028546
0.022029
0.049835
0.058806
0.057770
0.050893
0.035805
0.002449
-0.011380
0.006490
-0.015051
-0.015097
-0.000047
-0.010703
-0.002298
0.007539
-0.009802
-0.013810
0.010665
0.014620
-0.004747
-0.009426
-0.009835
-0.023809
-0.024017
-0.031756
-0.040245
-0.014255
-0.006895
-0.018640
-0.011640
0.004171
0.002103
-0.003301
0.007710
0.007737
-0.005616
-0.016496
-0.019272
-0.016426
-0.014736
-0.009297
-0.003836
-0.000041
0.000498
-0.001721
-0.004298
-0.004831
-0.008424
-0.013387
-0.010958
-0.006079
-0.003689
-0.006034
-0.007050
-0.005822
-0.004328
-0.005182
-0.007493
-0.006838
-0.007271
-0.006840
-0.006613
-0.005279
-0.004618
-0.005505
-0.005515
-0.006725
-0.007283
-0.007936
-0.006491
-0.005047
-0.003196
0.000139
0.002361
0.001498
-0.001237
-0.001452
-0.003279
-0.004909
-0.004339
-0.005606
-0.005808
-0.004823
-0.004984
-0.005508
-0.005549
-0.005086
-0.006004
-0.004999
-0.002718
-0.002767
-0.003293
-0.002970
-0.002841
-0.000469
0.000563
0.000390
0.000206
-0.000102
0.000934
-0.000109
-0.000529
0.001157
0.001374
0.002263
0.002287
0.003442
-0.000185
-0.002640
0.000061
-0.000113
-0.000002
0.001012
0.002653
0.002924
0.003513
0.002185
0.002264
0.001481
0.000874
0.000067
0.000130
0.000772
0.001441
0.001144
0.001716
0.001740
0.001877
0.001206
0.000992
0.000782
0.000869
0.000830
0.000969
0.001159
0.001212
0.001235
0.001290
0.001245
0.001134
0.000964
0.000946
0.000964
0.001047
0.001088
0.001058
0.000980
0.001004
0.001033
0.000982
0.000843
0.000716
0.000679
0.000697
0.000719
0.000707
0.000712
0.000730
0.000726
0.000619
0.000505
0.000377
0.000351
0.000371
0.000425
0.000487
0.000499
0.000495
0.000444
0.000343
0.000276
0.000295
0.000119
0.000077
0.000154
0.000220
0.000201
0.000320
0.000190
0.001211
0.035262
0.015347
0.064809
0.016290
-0.130316
0.056285
0.051697
-0.079719
-0.027406
-0.013455
0.039766
0.090564
0.103774
0.025784
0.129792
0.116961
-0.126718
-0.133154
-0.154480
-0.077429
0.082996
0.141901
-0.054863
0.327094
0.114470
-0.371497
-0.054885
-0.395534
-0.055302
0.595217
-0.114331
-0.385107
0.581643
0.247343
-0.552854
-0.315147
-0.657068
0.079375
0.360273
-0.399124
-0.009652
0.137161
0.158461
0.036458
-0.424546
-0.288572
0.284576
0.027075
-0.285145
0.210655
0.365738
0.222877
0.422343
0.002156
-0.124404
0.154727
-0.022588
0.201481
0.245149
-0.039771
-0.134820
-0.080200
-0.036832
-0.044939
-0.072383
-0.080732
0.142206
0.100772
-0.081214
-0.084514
0.010438
0.075827
0.053816
-0.040255
-0.048641
0.058091
0.011651
-0.011451
0.005943
0.033357
0.045661
0.032952
-0.017392
-0.021756
0.005936
0.001668
0.010316
0.018774
0.020272
0.033610
0.008681
-0.007696
-0.012541
-0.007985
-0.002116
-0.044795
-0.025258
-0.002565
0.033424
0.056705
-0.025272
-0.033539
0.031433
-0.011495
0.001622
-0.014564
0.038427
0.073666
-0.041598
0.015472
-0.031395
-0.030139
-0.006127
-0.033676
0.173068
0.116432
-0.174452
-0.056028
0.227725
0.032170
-0.233109
0.124956
-0.053968
0.191439
0.540214
-0.328818
-0.176963
0.043499
-0.166914
-0.134507
-0.480824
-0.048032
0.726610
0.233717
-0.407285
0.247815
0.080213
-0.460306
-0.294302
-0.567896
-0.041805
0.597696
-0.002339
-0.193903
0.117118
0.508635
0.660599
0.029566
-0.443846
-0.118093
0.545894
0.303810
-0.008963
-0.191787
-0.149115
0.184582
-0.091406
-0.068661
-0.292265
-0.126475
0.276544
0.095307
-0.085813
-0.080590
0.080593
-0.093524
-0.018578
-0.087685
-0.092035
0.097086
-0.042582
-0.076349
-0.049565
-0.015145
-0.009428
-0.001639
-0.104244
-0.088212
0.014558
-0.004026
0.014800
0.010460
-0.001573
-0.011574
-0.027983
-0.071684
-0.058435
-0.037883
-0.046251
-0.028084
-0.022115
-0.004834
0.034016
0.034933
-0.014637
-0.026358
-0.032303
0.004874
0.013835
-0.084088
-0.039630
-0.013994
0.032553
0.032809
-0.056034
0.033221
-0.002992
-0.030868
0.031786
-0.063361
-0.064264
-0.064675
0.062893
0.110583
-0.136390
-0.044016
0.085392
0.148455
0.151530
0.078588
0.180543
0.126702
-0.018312
-0.088110
0.050000
0.072289
-0.039740
-0.218303
-0.306112
0.028964
-0.031396
-0.117166
-0.248092
0.235272
0.400504
-0.314326
0.054165
-0.382612
-0.414920
0.105592
0.000237
-0.219182
-0.548969
-0.088038
-0.172110
0.336146
0.318910
-0.109656
0.171427
0.335699
0.380626
-0.057461
0.026818
0.153024
0.448739
0.092721
-0.303759
-0.015646
0.100181
0.279944
0.173019
0.060280
-0.039656
0.041304
-0.077752
-0.178581
0.016958
0.060614
0.011646
-0.065424
-0.062806
-0.089394
-0.022938
-0.030493
-0.024850
0.012750
-0.015587
-0.027568
-0.021045
0.004300
0.018178
0.028652
0.009029
-0.008851
-0.033828
-0.039051
-0.017559
-0.019923
-0.021390
-0.035554
-0.025819
-0.012641
-0.015203
-0.001677
-0.003428
0.036362
0.001675
-0.022758
0.050228
-0.013525
-0.087540
0.030079
-0.011561
-0.099565
0.066066
0.000131
-0.047844
0.094838
0.000559
-0.068341
0.007593
-0.113553
0.026549
0.149084
-0.255008
0.179274
-0.026149
-0.433081
0.301889
0.006187
-0.352832
-0.180863
-0.183913
-0.075157
0.373839
-0.131886
-0.113391
0.498316
0.043234
-0.094347
-0.199098
-0.283513
-0.144087
0.375451
0.206772
-0.331844
-0.251088
-0.257813
-0.207329
-0.050338
-0.011745
0.056698
0.338532
0.196007
-0.191890
0.036241
-0.034093
-0.156995
0.219871
-0.100691
0.009062
0.327759
0.005323
-0.142359
0.030236
0.201899
0.093907
0.045857
-0.104800
0.086324
0.192260
0.061092
0.018782
0.020661
0.147769
0.164935
0.096494
-0.093505
0.020121
0.062109
0.062980
0.086728
-0.027639
-0.011109
0.052740
0.069195
0.031537
0.018872
-0.026244
-0.006658
0.017978
0.005335
0.009075
0.002680
0.004948
0.004169
0.004951
-0.002944
0.013899
0.025339
0.014139
0.028681
0.006595
0.008018
-0.000684
-0.045369
0.001121
0.019236
-0.029299
-0.032967
0.051310
0.042291
-0.047666
0.004435
0.004106
-0.046812
0.102491
0.041010
-0.131173
0.145876
0.037043
-0.122811
0.132868
-0.328189
-0.200756
0.226680
-0.267451
0.179553
0.403337
-0.177524
0.136497
-0.083361
-0.226911
-0.068649
-0.196982
0.331892
0.312945
0.499433
0.441379
-0.186374
-0.348333
0.051980
0.363205
-0.015983
-0.030754
0.185133
0.141583
0.023209
0.018376
-0.617610
-0.152194
0.372739
-0.191528
0.271644
-0.400669
-0.197882
0.414995
0.062049
0.224059
-0.320349
-0.270731
0.092326
0.082625
-0.074007
-0.161902
-0.024514
0.115476
0.012183
-0.276172
-0.264446
-0.032836
0.089371
-0.041656
-0.166268
-0.138892
-0.024968
-0.033468
-0.034453
0.038933
0.016120
-0.064440
-0.085162
-0.027440
0.032390
0.099182
-0.004750
-0.028562
0.015611
-0.028141
-0.021068
-0.019763
-0.023428
-0.000271
0.005886
-0.009163
0.003828
-0.021262
-0.022733
-0.005598
-0.009556
-0.024303
-0.018817
-0.005055
0.005065
0.004167
0.000039
-0.044112
-0.037638
0.037966
-0.002605
-0.010596
0.017638
-0.014588
-0.004711
-0.044320
-0.062029
0.025017
0.009197
0.029599
0.087592
0.006545
-0.122278
0.121633
0.089917
-0.061234
0.241884
-0.297110
-0.119014
0.238583
-0.001304
0.168734
0.008339
0.116529
0.244547
0.147495
-0.395124
-0.552192
0.069394
0.242547
0.181942
-0.127940
-0.218445
0.218777
0.248217
-0.374970
-0.606936
-0.426331
-0.256664
0.135836
-0.127629
-0.321102
0.185963
0.140046
0.084217
0.198080
-0.318602
-0.214177
0.036240
-0.036833
0.228320
0.097080
0.063321
0.220968
0.283972
0.264040
-0.017801
-0.046164
0.057526
0.283803
0.313523
0.082615
0.060092
-0.035926
-0.052439
0.092763
-0.025403
-0.110487
0.003642
-0.037107
0.024614
0.049896
-0.064444
-0.070186
-0.017438
0.001914
0.013765
0.036595
0.004037
0.027665
0.060584
0.023557
0.012451
0.002194
-0.029711
-0.028712
-0.009308
-0.011481
0.015949
0.027795
0.022373
0.046381
0.021165
-0.023086
-0.007473
-0.008180
-0.037631
-0.017446
-0.022660
0.007776
0.019266
0.032106
0.039539
0.065406
0.029222
-0.165962
0.008648
0.010630
-0.021015
0.066091
-0.009702
-0.055044
-0.035940
0.070539
-0.159701
0.013385
0.251260
-0.061388
-0.021962
0.055205
-0.073539
0.000283
-0.186348
0.151114
0.548369
-0.060026
-0.127924
-0.138914
-0.466362
0.150221
0.160644
-0.600243
0.628856
0.313858
-0.664337
0.320028
-0.066551
-0.107006
-0.005299
-0.107774
-0.170650
0.501077
0.349731
-0.721346
0.032060
0.058749
0.340373
0.266445
-0.433009
-0.034885
0.582488
0.516186
0.045250
-0.036434
-0.170284
0.175365
0.128554
-0.232141
-0.182387
-0.074739
0.022229
0.099302
-0.028280
-0.092234
0.130726
-0.011135
-0.117971
-0.070648
-0.047664
-0.054506
-0.021543
-0.060485
-0.085988
0.016111
-0.042599
-0.062291
-0.056047
-0.061477
-0.031959
0.002111
-0.021116
-0.011951
0.002901
-0.040002
-0.026183
-0.043240
-0.045259
-0.022795
-0.032448
-0.037235
-0.036509
-0.029202
-0.014035
-0.007450
-0.042462
-0.052915
-0.008782
-0.018511
-0.005195
0.006195
-0.001053
-0.006165
-0.054717
-0.003615
-0.045563
-0.087091
0.061627
0.003179
-0.147505
0.053399
-0.115909
-0.236364
0.118842
0.078797
0.084161
-0.053823
0.029773
-0.023058
-0.144991
0.004382
-0.228088
-0.128493
0.092539
0.111001
0.306424
-0.239946
-0.540420
0.473146
0.330973
-0.325521
-0.046879
-0.216037
-0.057869
1.221135
0.361542
-0.710977
0.581225
0.576704
0.287440
0.234640
-0.436968
-0.125273
0.453462
-0.006814
-0.738250
-0.301160
-0.283135
-0.048982
0.329439
-0.385722
-0.198697
0.079885
-0.134658
-0.014587
0.077033
-0.091698
0.125925
0.179516
-0.018022
0.277361
0.133745
-0.101790
0.099573
0.132612
-0.013371
0.144563
0.001510
-0.159799
0.056601
-0.048673
-0.048907
-0.004563
-0.047253
-0.049397
-0.005148
-0.081151
-0.068787
-0.016806
-0.122430
-0.054482
-0.013667
-0.039867
-0.031935
-0.017179
-0.033853
0.009931
-0.014282
-0.053108
-0.010175
-0.022220
-0.023410
-0.030038
-0.032999
-0.015390
0.008011
-0.004283
-0.011268
0.015160
-0.013493
-0.020825
-0.035752
-0.014525
-0.003294
-0.006907
-0.036792
-0.091799
0.093745
0.085334
-0.120316
-0.123595
-0.093786
0.102243
0.132764
-0.098444
0.065024
-0.103096
-0.119855
0.319954
-0.340622
-0.118701
0.273184
-0.156649
0.354257
0.178788
-0.291283
-0.361436
0.098284
0.342919
-0.249784
0.030294
-0.186293
0.058623
0.938013
0.188226
-0.495084
-0.065044
0.212430
0.297089
0.397801
-0.434540
0.076700
0.825479
0.001444
-0.339117
-0.484704
-0.531997
-0.022580
0.396742
-0.065348
-0.185044
-0.094903
-0.157653
0.072141
-0.024832
-0.080271
-0.155130
0.024809
0.137667
0.102159
-0.184035
-0.337941
-0.103081
-0.077091
0.020945
-0.057766
-0.117963
-0.093516
-0.051305
0.007776
0.066377
0.050070
-0.048850
-0.035849
0.008501
0.060101
0.021167
-0.015449
0.002278
0.047527
0.054481
0.004942
-0.007573
0.008538
0.039854
0.028298
0.001931
-0.008367
0.021558
0.034206
0.020959
0.017879
-0.014713
-0.013295
-0.004250
-0.009222
0.009998
-0.001827
0.020428
0.028288
0.004505
0.003904
0.001036
0.032645
0.016226
-0.054707
-0.050742
0.014746
-0.039715
-0.024879
0.020806
0.000533
0.142739
0.038582
-0.112293
-0.045277
0.063846
0.167465
0.033205
0.065365
0.089077
-0.189339
-0.114103
0.064682
-0.061590
0.038971
0.184262
0.194862
0.001097
0.140226
0.080270
-0.369839
0.501671
0.533075
-0.115233
0.088856
-0.000212
-0.150362
-0.451988
0.176023
-0.038612
-0.518995
0.319608
0.109996
-0.139871
0.007408
-0.205174
-0.318448
0.313539
0.234003
-0.168938
-0.047663
-0.111076
0.004500
-0.169126
-0.254145
-0.089080
0.083841
0.024936
-0.061130
0.141324
0.143516
0.136010
-0.035590
-0.092272
0.058947
0.038831
-0.061343
-0.058698
-0.016755
-0.004317
0.003381
-0.052411
-0.030194
0.019732
-0.006021
-0.025675
-0.009136
0.005456
0.017229
-0.001519
-0.007766
-0.003472
-0.023532
-0.027939
-0.010994
-0.009840
-0.014286
-0.019654
-0.000294
0.006090
0.024283
0.012507
-0.006611
0.011381
0.012030
0.002163
-0.009406
-0.014968
-0.017891
-0.007955
-0.002033
-0.016774
-0.010413
0.031268
0.018583
-0.006611
0.010157
0.009006
-0.016097
0.020619
0.012855
-0.030484
0.003688
-0.017634
-0.045847
-0.029777
-0.029483
-0.022781
0.019717
0.032493
0.007489
0.004053
-0.002486
0.006123
0.017709
0.007373
0.000132
0.005141
0.001317
-0.005647
0.003375
0.004106
0.007153
0.007969
0.006999
0.010370
0.010360
0.009436
0.005339
0.005838
0.005110
0.003617
-0.001824
-0.003946
-0.003030
-0.004695
-0.002155
0.004172
0.005693
0.004519
0.006138
0.004358
0.003763
0.003339
-0.001988
-0.001395
0.000050
-0.001848
-0.000228
0.001877
0.002543
0.002161
0.000471
-0.000425
0.001591
0.002100
0.002528
0.001875
0.001116
0.001163
0.000999
0.000388
0.000243
-0.000285
-0.000670
-0.000598
0.000393
0.000910
0.001223
0.001368
0.001351
0.000770
0.000411
0.000647
0.000546
0.000227
0.000270
0.000205
-0.000257
-0.000428
-0.000262
-0.000309
-0.000279
-0.000160
-0.000431
-0.000526
-0.000429
-0.000277
0.000062
0.000220
-0.000218
-0.000317
-0.000169
-0.000136
-0.000008
-0.000018
-0.000199
-0.000403
-0.000323
-0.000185
-0.000048
0.000146
0.000349
0.000103
-0.000321
-0.000430
-0.000530
-0.000409
-0.000051
-0.000070
-0.000251
-0.000355
-0.000463
-0.000375
-0.000157
-0.000141
-0.000075
0.000006