-0.116374
-0.182880
-0.175851
-0.090567
0.047758
0.193576
0.298377
0.329187
0.281136
0.179293
0.069060
-0.001192
0.001375
0.081497
0.213981
0.353302
0.450975
0.474055
0.417703
0.307019
0.187442
0.107378
0.099704
0.169198
0.290708
0.418752
0.504889
0.516221
0.447954
0.325236
0.193553
0.101360
0.081579
0.139039
0.248632
0.364926
0.439527
0.439579
0.360336
0.226987
0.085060
-0.016949
-0.046077
0.002538
0.103825
0.212385
0.279854
0.273404
0.188314
0.049798
-0.096597
-0.202357
-0.234505
-0.188166
-0.088401
0.019394
0.086860
0.081169
-0.002404
-0.138650
-0.282031
-0.384045
-0.411730
-0.360229
-0.254624
-0.140331
-0.065738
-0.063699
-0.138970
-0.266376
-0.400412
-0.492615
-0.510060
-0.447931
-0.331351
-0.205781
-0.119652
-0.105865
-0.169222
-0.284593
-0.406524
-0.486596
-0.491935
-0.417771
-0.289275
-0.151956
-0.054290
-0.029224
-0.081603
-0.186344
-0.298031
-0.368288
-0.364279
-0.281270
-0.144468
0.000585
0.105383
0.136952
0.090418
-0.009155
-0.116374
-0.182880
-0.175851
-0.090567
0.047758
0.193576
0.298377
0.329187
0.281136
0.179293
0.069060
-0.001192
0.001375
0.081497
0.213981
0.353302
0.450975
0.474055
0.417703
0.307019
0.187442
0.107378
0.099704
0.169198
0.290708
0.418752
0.504889
0.516221
0.447954
0.325236
0.193553
0.101360
0.081579
0.139039
0.248632
0.364926
0.439527
0.439579
0.360336
0.226987
0.085060
-0.016949
-0.046077
0.002538
0.103825
0.212385
0.279854
0.273404
0.188314
0.049798
-0.096597
-0.202357
-0.234505
-0.188166
-0.088401
0.019394
0.086860
0.081169
-0.002404
-0.138650
-0.282031
-0.384045
-0.411730
-0.360229
-0.254624
-0.140331
-0.065738
-0.063699
-0.138970
-0.266376
-0.400412
-0.492615
-0.510060
-0.447931
-0.331351
-0.205781
-0.119652
-0.105865
-0.169222
-0.284593
-0.406524
-0.486596
-0.491935
-0.417771
-0.289275
-0.151956
-0.054290
-0.029224
-0.081603
-0.186344
-0.298031
-0.368288
-0.364279
-0.281270
-0.144468
0.000585
0.105383
0.136952
0.090418
-0.009155
0.715647
1.138831
1.343625
1.251945
0.898092
0.415658
-0.013498
-0.228705
-0.151838
0.182860
0.641873
1.043435
1.226983
1.114516
0.740420
0.238366
-0.209712
-0.443066
-0.383500
-0.065188
0.378416
0.765610
0.935887
0.811297
0.426275
-0.085466
-0.541951
-0.782403
-0.728594
-0.414679
0.025909
0.411477
0.581526
0.458107
0.075649
-0.432143
-0.883313
-1.117101
-1.055307
-0.732118
-0.281004
0.116302
0.299254
0.189852
-0.177530
-0.669248
-1.103407
-1.319316
-1.238846
-0.896255
-0.425091
-0.007167
0.196889
0.108997
-0.236557
-0.706214
-1.118166
-1.311809
-1.209104
-0.844395
-0.351317
0.088229
0.313532
0.246425
-0.078886
-0.528922
-0.921952
-1.097449
-0.977442
-0.596346
-0.087861
0.366054
0.604628
0.549644
0.235259
-0.205090
-0.589712
-0.758112
-0.632347
-0.246855
0.264647
0.720187
0.958989
0.902834
0.585885
0.141588
-0.248351
-0.423414
-0.305634
0.070584
0.571559
1.015361
1.241261
1.171089
0.839065
0.378692
-0.028257
-0.221199
-0.122096
0.234721
0.715647
1.138831
1.343625
1.251945
0.898092
0.415658
-0.013498
-0.228705
-0.151838
0.182860
0.641873
1.043435
1.226983
1.114516
0.740420
0.238366
-0.209712
-0.443066
-0.383500
-0.065188
0.378416
0.765610
0.935887
0.811297
0.426275
-0.085466
-0.541951
-0.782403
-0.728594
-0.414679
0.025909
0.411477
0.581526
0.458107
0.075649
-0.432143
-0.883313
-1.117101
-1.055307
-0.732118
-0.281004
0.116302
0.299254
0.189852
-0.177530
-0.669248
-1.103407
-1.319316
-1.238846
-0.896255
-0.425091
-0.007167
0.196889
0.108997
-0.236557
-0.706214
-1.118166
-1.311809
-1.209104
-0.844395
-0.351317
0.088229
0.313532
0.246425
-0.078886
-0.528922
-0.921952
-1.097449
-0.977442
-0.596346
-0.087861
0.366054
0.604628
0.549644
0.235259
-0.205090
-0.589712
-0.758112
-0.632347
-0.246855
0.264647
0.720187
0.958989
0.902834
0.585885
0.141588
-0.248351
-0.423414
-0.305634
0.070584
0.571559
1.015361
1.241261
1.171089
0.839065
0.378692
-0.028257
-0.221199
-0.122096
0.234721