-0.193421
-0.193798
-0.120828
0.004838
0.142395
0.246442
0.284295
0.248443
0.159392
0.057802
-0.011068
-0.014673
0.054363
0.175402
0.307660
0.405755
0.437028
0.393993
0.297184
0.187293
0.109611
0.096717
0.156024
0.266934
0.388701
0.475986
0.496171
0.441815
0.333496
0.211952
0.122519
0.097824
0.145325
0.244472
0.354564
0.430309
0.439133
0.373643
0.254459
0.122360
0.022727
-0.011774
0.026353
0.116596
0.218288
0.286170
0.287702
0.215516
0.090261
-0.047261
-0.151648
-0.190215
-0.155449
-0.067851
0.031925
0.098627
0.099718
0.027834
-0.096380
-0.232123
-0.334001
-0.369341
-0.330640
-0.238415
-0.133340
-0.060686
-0.053014
-0.117716
-0.234172
-0.361613
-0.454680
-0.480730
-0.432301
-0.329947
-0.214381
-0.130917
-0.112157
-0.165538
-0.270484
-0.386272
-0.467588
-0.481837
-0.421603
-0.307485
-0.180244
-0.085239
-0.055120
-0.097366
-0.191446
-0.296681
-0.367796
-0.372239
-0.302630
-0.179608
-0.043967
0.058899
0.096311
0.060761
-0.027248
-0.127059
-0.193421
-0.193798
-0.120828
0.004838
0.142395
0.246442
0.284295
0.248443
0.159392
0.057802
-0.011068
-0.014673
0.054363
0.175402
0.307660
0.405755
0.437028
0.393993
0.297184
0.187293
0.109611
0.096717
0.156024
0.266934
0.388701
0.475986
0.496171
0.441815
0.333496
0.211952
0.122519
0.097824
0.145325
0.244472
0.354564
0.430309
0.439133
0.373643
0.254459
0.122360
0.022727
-0.011774
0.026353
0.116596
0.218288
0.286170
0.287702
0.215516
0.090261
-0.047261
-0.151648
-0.190215
-0.155449
-0.067851
0.031925
0.098627
0.099718
0.027834
-0.096380
-0.232123
-0.334001
-0.369341
-0.330640
-0.238415
-0.133340
-0.060686
-0.053014
-0.117716
-0.234172
-0.361613
-0.454680
-0.480730
-0.432301
-0.329947
-0.214381
-0.130917
-0.112157
-0.165538
-0.270484
-0.386272
-0.467588
-0.481837
-0.421603
-0.307485
-0.180244
-0.085239
-0.055120
-0.097366
-0.191446
-0.296681
-0.367796
-0.372239
-0.302630
-0.179608
-0.043967
0.058899
0.096311
0.060761
-0.027248
-0.127059
0.056856
0.190341
0.431214
0.690401
0.871110
0.905793
0.781942
0.546866
0.289616
0.106977
0.066503
0.180725
0.402374
0.642451
0.804239
0.820264
0.678094
0.425108
0.150429
-0.049091
-0.105829
-0.007190
0.199616
0.425651
0.574252
0.577999
0.424506
0.161198
-0.122762
-0.330484
-0.394313
-0.301628
-0.099613
0.122812
0.268997
0.271534
0.118040
-0.144060
-0.425607
-0.629720
-0.688760
-0.590123
-0.381018
-0.150393
0.005071
0.017928
-0.124245
-0.374067
-0.642428
-0.832501
-0.876700
-0.762481
-0.537112
-0.289608
-0.116715
-0.085949
-0.209803
-0.440968
-0.690409
-0.861371
-0.886346
-0.752865
-0.508272
-0.241658
-0.049844
-0.000421
-0.105955
-0.319210
-0.551222
-0.705304
-0.714015
-0.564949
-0.305514
-0.024858
0.180143
0.241845
0.147634
-0.055300
-0.278031
-0.423911
-0.425530
-0.270511
-0.006285
0.277982
0.485398
0.548310
0.454100
0.249958
0.024813
-0.124675
-0.131083
0.017984
0.275120
0.551186
0.749324
0.801915
0.696384
0.479965
0.241635
0.078106
0.056856
0.190341
0.431214
0.690401
0.871110
0.905793
0.781942
0.546866
0.289616
0.106977
0.066503
0.180725
0.402374
0.642451
0.804239
0.820264
0.678094
0.425108
0.150429
-0.049091
-0.105829
-0.007190
0.199616
0.425651
0.574252
0.577999
0.424506
0.161198
-0.122762
-0.330484
-0.394313
-0.301628
-0.099613
0.122812
0.268997
0.271534
0.118040
-0.144060
-0.425607
-0.629720
-0.688760
-0.590123
-0.381018
-0.150393
0.005071
0.017928
-0.124245
-0.374067
-0.642428
-0.832501
-0.876700
-0.762481
-0.537112
-0.289608
-0.116715
-0.085949
-0.209803
-0.440968
-0.690409
-0.861371
-0.886346
-0.752865
-0.508272
-0.241658
-0.049844
-0.000421
-0.105955
-0.319210
-0.551222
-0.705304
-0.714015
-0.564949
-0.305514
-0.024858
0.180143
0.241845
0.147634
-0.055300
-0.278031
-0.423911
-0.425530
-0.270511
-0.006285
0.277982
0.485398
0.548310
0.454100
0.249958
0.024813
-0.124675
-0.131083
0.017984
0.275120
0.551186
0.749324
0.801915
0.696384
0.479965
0.241635
0.078106