-0.011689
-0.002284
0.004868
-0.007731
-0.003443
-0.005567
-0.022681
-0.025992
-0.024928
-0.012330
-0.005200
0.000300
0.016535
-0.037108
-0.029589
0.033266
-0.007503
-0.006354
-0.000160
-0.023797
-0.005098
0.038215
0.085035
0.058482
0.027252
-0.013150
-0.062326
-0.066016
-0.050095
-0.033427
0.000396
-0.007482
0.051356
0.154671
0.012062
-0.025620
-0.098430
-0.259285
0.001485
0.093975
-0.035662
0.093852
0.123907
-0.103167
-0.109741
-0.107890
-0.177381
-0.136136
-0.188570
0.007824
0.039068
-0.029472
0.189958
0.000990
-0.146500
-0.027920
-0.130276
-0.074293
0.074161
0.151769
0.153603
0.094119
0.167046
0.171353
0.084661
0.053127
0.028778
0.002942
0.003051
0.025729
-0.063134
-0.058147
-0.013658
-0.046767
-0.025010
0.000431
0.021608
0.028555
0.017552
0.007660
-0.004510
-0.026170
-0.008792
0.010559
0.019418
-0.001223
-0.005266
0.003920
0.006244
0.001609
-0.000131
-0.002671
0.002081
-0.001635
0.002722
0.010209
-0.002452
0.006607
0.008454
-0.004628
0.000209
0.003422
0.003854
0.021882
0.009805
0.009056
0.018131
0.015519
0.024365
0.010512
-0.013574
-0.007587
-0.022376
-0.021679
0.007842
0.016748
0.042062
0.013139
0.002842
0.024321
-0.015761
-0.004973
-0.013300
0.003793
0.073021
-0.000342
-0.027283
0.050597
0.053991
-0.019776
0.030665
0.045028
-0.056111
0.142874
0.170258
-0.005911
-0.016062
-0.160966
-0.142780
-0.161246
-0.133730
0.164876
0.086832
-0.065956
0.113644
0.137011
-0.059049
-0.105294
-0.189152
-0.303663
-0.187390
0.022697
0.211149
0.164520
0.090017
0.252374
0.178559
0.129663
0.157311
-0.001487
-0.040274
-0.031133
0.059822
0.088436
-0.034595
-0.116671
-0.045756
0.000214
-0.086116
0.009118
0.011761
-0.029598
0.029932
0.040309
0.015544
-0.054899
-0.026032
-0.010893
-0.056083
-0.046785
-0.018303
-0.013148
-0.028545
-0.016098
-0.009522
-0.020353
-0.005578
-0.009592
-0.034183
-0.032292
-0.026278
-0.022414
-0.027555
-0.033250
-0.021226
-0.004301
0.005379
0.014148
0.014315
0.005271
0.006022
0.002547
-0.004194
-0.014563
-0.034046
-0.028451
-0.019424
-0.006238
-0.008899
-0.011430
-0.002093
-0.012510
0.012481
0.005213
-0.000509
0.000667
-0.050266
-0.020120
-0.008985
-0.035159
-0.032812
-0.043995
0.018645
0.011246
-0.004366
0.061511
0.035071
0.061368
0.108673
0.116293
0.099361
-0.002241
-0.037488
-0.014084
-0.004118
-0.004165
-0.047295
-0.164060
-0.163319
-0.078516
-0.013655
0.022125
-0.014092
0.058057
-0.079751
-0.051532
0.108593
-0.166364
-0.170619
-0.141266
-0.175617
-0.177580
-0.148248
-0.022009
-0.072307
0.093266
0.194824
0.107230
0.096211
0.178032
0.183946
0.097027
0.102141
0.051051
-0.004188
-0.021866
0.066744
0.084003
0.030877
0.072877
0.099254
0.077863
0.047074
0.020538
-0.043275
-0.071328
-0.053374
-0.047648
-0.063688
-0.021573
0.003901
-0.021384
-0.028693
-0.008678
0.001384
-0.000276
0.002088
-0.011415
-0.020661
-0.022350
-0.026800
-0.020480
-0.030516
-0.031404
-0.018247
-0.016954
-0.002621
0.004203
0.016166
0.016885
0.013003
0.005278
-0.003198
-0.008134
-0.006814
-0.008438
-0.020885
0.001052
0.015198
-0.011618
0.008880
0.037077
-0.006341
0.006965
0.035828
-0.012561
-0.011085
-0.001258
-0.029818
-0.032954
-0.052041
-0.039547
0.031727
-0.034908
0.006034
0.095380
-0.131207
-0.025115
0.089730
-0.100550
-0.094713
-0.149828
-0.164526
-0.025176
0.043463
0.098953
0.130357
-0.009095
-0.006745
0.023009
-0.033758
-0.039216
-0.127272
-0.022330
-0.028927
-0.143105
-0.041637
-0.105584
-0.202556
-0.061891
0.019873
0.045156
0.109844
0.069930
0.076709
0.055973
-0.075861
-0.012077
0.001330
-0.081436
0.068339
0.063185
0.033945
0.035818
0.028034
0.093053
0.020694
0.009346
0.058027
-0.003059
0.000939
0.077287
0.037499
0.044202
0.037458
0.032728
0.066716
0.055680
0.054986
0.022434
-0.005650
0.026641
0.027766
0.005231
0.010321
0.000029
-0.001389
0.001062
0.001290
0.000413
-0.004000
0.007305
0.015756
0.010585
0.017459
0.012996
0.009469
0.009672
-0.000547
-0.003737
0.008196
0.006855
0.007126
0.018780
0.006667
0.013199
0.028014
0.015942
0.006447
0.008805
0.023091
0.002779
-0.014479
0.011439
-0.023479
-0.011077
0.058762
0.009819
0.019321
0.068987
-0.016984
0.030854
-0.006178
-0.145115
-0.022696
-0.076242
-0.047988
0.196837
0.066480
0.053287
0.043043
-0.112384
0.009068
-0.099771
0.021035
0.178378
0.037946
0.321656
0.253871
-0.033431
0.038328
0.022693
0.011603
0.021870
0.040512
0.052885
-0.080742
0.025335
0.118155
-0.133203
-0.072965
-0.117438
-0.086013
0.070583
-0.054442
0.108523
-0.004647
-0.000802
0.130485
-0.108275
-0.019458
-0.038824
-0.093436
0.050608
-0.061760
-0.068650
-0.028152
-0.076047
0.001715
-0.032782
-0.096320
-0.060272
-0.083737
-0.047193
0.007464
-0.044885
-0.058050
-0.004849
-0.004552
0.024783
0.023960
0.002755
0.022499
-0.000720
-0.003143
0.010468
0.001269
-0.000905
-0.013819
-0.033861
-0.010739
-0.011131
-0.012782
0.001808
-0.011442
-0.010881
-0.006900
-0.019719
-0.001840
-0.017995
-0.018127
0.000257
-0.014110
-0.000979
-0.008080
-0.018870
-0.021612
-0.019978
0.003113
-0.000450
0.000220
0.000410
-0.029113
-0.027187
-0.034059
-0.030385
-0.022772
-0.033979
0.006665
0.028571
-0.009045
0.013990
0.063268
-0.007305
0.051932
0.024038
-0.122897
0.004471
0.007369
0.068774
0.115468
0.011016
0.083672
0.041945
0.022349
-0.061512
-0.182451
-0.106846
-0.051651
0.022896
0.073469
0.029264
-0.000678
-0.057410
-0.125688
-0.174502
-0.299603
-0.284685
-0.136722
-0.078988
0.040000
0.078513
-0.002468
0.115747
0.093155
-0.020144
-0.050674
-0.175751
-0.056926
0.077921
0.088909
0.183918
0.082927
0.113519
0.188750
0.083148
0.112266
0.056860
0.008070
0.071462
0.084756
0.092313
0.035769
-0.021143
0.002011
-0.025859
-0.021930
-0.001626
-0.037675
-0.032404
-0.011754
-0.010940
-0.004380
-0.004257
-0.001636
0.002849
0.000073
0.003668
-0.000173
-0.011915
-0.007038
-0.009785
-0.010208
0.006001
0.004426
0.011153
0.018057
0.007887
0.009312
0.007334
-0.004432
-0.002885
-0.007724
0.002265
0.011483
0.008031
0.025410
0.025002
0.019152
0.025228
0.025851
0.024157
0.028313
-0.026637
-0.041756
-0.004742
-0.027491
0.019344
0.040482
0.000246
-0.032872
-0.019707
0.010975
-0.010663
0.085311
0.069272
-0.051105
-0.006046
0.006629
0.019796
0.003603
-0.015965
0.132795
0.044411
-0.004497
0.118152
-0.122971
-0.173525
0.017991
-0.151827
-0.015116
0.220019
-0.128302
-0.014709
0.078274
-0.038426
0.054684
-0.105697
-0.039271
-0.063143
0.041827
0.186953
-0.016369
-0.050233
-0.012136
0.039834
0.052906
0.134478
0.129393
0.062119
0.125767
0.157254
0.143383
0.047581
-0.074284
-0.085910
-0.059748
-0.061432
-0.042745
-0.033083
-0.009066
0.010266
0.047906
0.037034
-0.007778
-0.019933
-0.032542
-0.048398
-0.083137
-0.055204
-0.022282
-0.038069
-0.032225
-0.011905
-0.020085
-0.016073
0.001121
-0.027167
-0.030138
-0.009641
-0.019538
-0.018994
-0.025914
-0.023653
-0.018245
-0.024292
-0.011523
-0.013086
-0.010531
-0.003550
-0.000423
0.005525
-0.002378
-0.015578
-0.013747
-0.018104
-0.024190
-0.016836
-0.016626
-0.012059
-0.023869
-0.021575
-0.008392
-0.037524
-0.003356
0.034848
-0.036286
-0.032698
-0.026708
-0.137248
-0.075395
0.008865
0.029992
0.030437
-0.018505
0.018596
-0.061670
-0.022752
0.052476
-0.108848
-0.122204
-0.074484
0.042787
0.128300
-0.083751
-0.026512
0.062962
-0.136534
0.036621
0.119802
-0.135932
0.073938
0.362945
0.153167
0.172583
0.259192
0.118362
0.165314
0.123096
0.083531
-0.119129
-0.240604
-0.079739
-0.141434
-0.166103
-0.163084
-0.168844
-0.070399
0.004183
0.050411
-0.033931
-0.090216
-0.047365
0.012166
0.055594
0.048670
0.053572
0.089485
0.104414
0.065083
0.071491
0.067901
0.017830
-0.006845
0.018224
-0.007369
-0.018620
-0.023367
-0.016338
-0.034882
-0.051745
0.008915
-0.017572
-0.033463
-0.000372
-0.009272
-0.017983
-0.001256
-0.014782
-0.007859
-0.008224
-0.025208
-0.016578
-0.027874
-0.041986
-0.034537
-0.034902
-0.022906
-0.015027
-0.017494
-0.009374
-0.008695
-0.008370
-0.010327
-0.015795
-0.016278
-0.012811
-0.015818
-0.014486
-0.008502
0.008647
0.009981
0.015952
-0.002763
0.002388
0.043644
-0.007108
-0.043962
-0.058455
-0.070482
-0.008463
-0.002175
0.028360
0.013005
-0.143669
-0.001500
0.024574
-0.088388
0.104973
-0.046401
-0.063668
0.140054
0.041761
0.022656
-0.107731
-0.034323
-0.009233
-0.094255
0.122158
-0.016409
0.054711
0.312747
0.123577
0.033591
-0.001158
-0.064018
0.116104
0.144057
0.082490
0.134927
-0.064260
-0.047955
0.066486
-0.134750
-0.226922
-0.234584
-0.104574
0.054523
0.029592
0.009250
-0.039601
-0.143556
0.015297
0.082821
-0.065885
-0.027378
-0.034969
-0.049392
-0.023542
-0.056223
-0.076748
-0.107757
-0.110653
-0.026409
-0.010953
-0.040485
-0.004354
-0.020758
-0.012609
0.020618
0.003280
0.011566
0.014351
0.018637
0.031092
0.021548
0.029040
0.022773
0.007204
0.024233
0.015702
0.011175
0.012798
-0.006430
0.000761
0.000729
-0.006155
0.001409
-0.004904
-0.004757
-0.004145
-0.004683
-0.000162
-0.002293
-0.003350
0.000855
0.002835
-0.002768
-0.003662
-0.010811
-0.004821
0.006127
-0.008793
-0.020623
-0.016193
-0.030228
-0.029832
0.013613
0.008164
0.010719
0.023877
-0.020776
-0.019834
-0.002125
0.036008
0.047536
0.022526
0.065534
-0.018567
-0.096124
0.017998
0.020122
-0.004042
0.052010
0.065488
0.045989
0.048192
0.174562
0.037419
-0.039005
0.204031
0.086345
0.062997
0.141918
0.006005
-0.198669
-0.196816
0.088527
-0.132368
-0.153201
0.125934
-0.081575
-0.075149
0.098950
0.009242
-0.080104
-0.030980
0.032970
0.000181
-0.057367
0.027950
-0.042827
-0.186478
-0.048137
-0.036356
-0.057766
0.028998
0.052108
0.076085
0.078458
0.048967
0.039082
0.005017
-0.022339
-0.031971
-0.044276
-0.018569
0.000413
-0.008035
0.002583
0.020963
0.006540
0.012588
0.002458
-0.013494
0.002854
-0.005512
-0.026118
-0.016830
-0.018457
-0.014993
-0.016239
-0.002486
0.000768
-0.012086
0.001919
0.000627
-0.008221
-0.000919
-0.003422
-0.011546
-0.009673
-0.013429
-0.007326
-0.008515
-0.009212
-0.005031
-0.008774
0.004780
0.013052
0.002679
0.014688
0.014132
-0.004592
-0.008386
-0.011016
-0.021034
-0.023239
-0.006425
-0.005531
-0.013380
-0.006159
-0.005591
-0.005115
-0.000367
-0.000620
-0.007759
-0.016158
-0.005311
0.000903
-0.004072
-0.000499
0.003185
0.002355
0.007019
0.012337
0.011025
0.007323
0.007056
0.006944
0.004172
0.003624
0.001600
-0.003214
-0.002018
-0.000904
-0.001715
0.003186
0.003943
0.001558
0.001480
0.003254
0.000953
0.000410
0.003052
0.000684
-0.000243
0.001272
-0.000039
-0.000931
0.000038
0.000249
0.000219
0.001065
0.001059
0.000627
0.000605
0.000756
0.000663
0.000322
0.000468
0.000493
0.000338
0.000655
0.001068
0.001171
0.001315
0.001274
0.001173
0.001373
0.001189
0.000833
0.000662
0.000407
0.000620
0.000956
0.001162
0.001179
0.000829
0.000447
0.000252
0.000248
0.000267
0.000349
0.000617
0.000775
0.000651
0.000811
0.000755
0.000652
0.000852
0.000837
0.000604
0.000636
0.000658
0.000420
0.000276
0.000145
-0.000066
0.000103
0.000319
0.000242
0.000188
0.000028
-0.000240
-0.000178
0.000050
0.000015
0.000071
0.000103
-0.000132
-0.000241
-0.000091
-0.000062
-0.000046
0.000088
0.000035
-0.000022
-0.006869
0.010845
-0.014010
-0.019040
-0.002507
-0.001834
0.005630
-0.009559
0.035194
-0.012493
-0.069571
0.054116
0.009556
-0.049436
0.007663
-0.014671
0.001657
0.053193
0.141749
0.093361
0.019187
0.018130
-0.075689
-0.103921
-0.072857
-0.083475
-0.015237
0.053843
0.024260
0.202809
0.094421
-0.102973
-0.064199
-0.372122
-0.147795
0.250434
0.017926
-0.001904
0.225906
-0.023832
-0.284449
-0.122803
-0.220493
-0.284629
-0.245781
0.080727
0.161426
-0.113674
0.244695
0.116551
-0.239733
-0.052374
-0.219520
-0.082083
0.212994
0.189579
0.222582
0.080508
0.272150
0.323747
-0.059944
-0.011290
0.101355
-0.010459
-0.024861
0.088730
-0.024356
-0.090372
-0.031334
-0.128821
-0.042642
-0.010346
-0.010040
0.042522
0.038879
0.030040
0.004798
-0.055620
0.002978
0.015711
-0.006310
0.005190
0.013699
0.043063
0.013316
-0.010592
-0.003583
0.012864
0.000181
0.005160
-0.003320
0.009255
0.014251
0.008487
0.024488
0.011322
-0.003280
-0.003353
-0.032242
-0.012247
0.011412
-0.004772
0.011568
0.004893
0.020693
0.036716
0.001226
-0.002163
-0.012171
-0.031748
0.005266
-0.002751
0.031325
0.024427
-0.017957
0.045545
-0.012257
-0.024634
0.010591
-0.007664
0.112808
0.038513
-0.084044
0.034575
0.094663
-0.033082
-0.047470
0.127902
-0.075892
0.037438
0.350790
0.025721
-0.067727
-0.172263
-0.212878
-0.158476
-0.245842
0.160926
0.187897
-0.068829
0.117695
0.212595
-0.055522
-0.231593
-0.207633
-0.328725
-0.357576
0.020757
0.437700
0.312384
0.020250
0.275764
0.273986
0.159522
0.236955
-0.154099
-0.100561
0.093302
0.091261
0.139876
-0.078311
-0.154409
-0.080226
-0.013293
-0.168418
-0.072899
0.061517
-0.020692
0.036241
0.031004
0.042959
-0.067397
-0.058713
0.010833
-0.130860
-0.064143
0.063739
-0.018141
-0.054158
-0.028426
-0.039627
-0.034322
-0.013092
0.002329
-0.017553
-0.001292
-0.003158
-0.001843
-0.014251
-0.036154
-0.036343
-0.061099
-0.054033
-0.027480
0.012220
0.027059
0.017836
0.016155
0.015647
0.015128
-0.005776
-0.026606
-0.045177
-0.037037
-0.024153
-0.038076
-0.013426
-0.018477
0.010829
0.039390
0.009176
0.033779
-0.035401
-0.037469
0.019207
-0.055110
-0.054667
-0.071247
0.015229
0.061254
-0.046698
0.074008
0.081898
0.053135
0.141296
0.143917
0.164277
0.019999
-0.068592
-0.015578
-0.008681
-0.012289
-0.043653
-0.177962
-0.235340
-0.120050
-0.050205
0.058360
-0.040114
0.026970
-0.029518
-0.184796
0.241861
-0.137791
-0.406297
-0.129735
-0.127299
-0.165045
-0.279142
0.049225
-0.039407
0.009548
0.352294
0.156098
0.082146
0.257480
0.283555
0.103553
0.154403
0.083743
-0.031757
0.011260
0.105046
0.081050
-0.045983
0.055207
0.155368
0.093122
-0.018368
0.013516
-0.016950
-0.095565
-0.113542
-0.044677
-0.059877
-0.034134
0.022132
-0.061792
-0.062372
-0.019931
-0.017978
-0.046119
0.014340
0.040927
0.015097
0.002572
-0.006146
-0.009454
-0.012660
-0.024782
-0.029660
-0.040615
-0.040282
-0.018412
-0.009462
0.007292
0.018969
0.022401
0.015044
0.004811
0.005722
0.009135
-0.018698
-0.016592
0.018865
-0.034380
-0.054548
0.026423
-0.011420
-0.033752
0.067204
0.029089
-0.025769
0.023492
0.007046
-0.038632
-0.054178
-0.069128
-0.001682
-0.025693
-0.077398
0.153299
-0.104882
-0.185315
0.178624
-0.066205
-0.162770
-0.158766
-0.186497
-0.058816
0.060000
0.176812
0.162685
-0.005087
-0.001639
0.034208
-0.048024
-0.003854
-0.273648
-0.077275
0.183259
-0.207815
-0.111236
-0.036373
-0.305657
-0.130057
0.052514
0.018398
0.197243
0.169869
0.066969
0.091961
-0.070623
-0.104356
0.029397
-0.071507
0.062976
0.122563
0.063475
0.096532
-0.031546
0.111028
0.021413
-0.014862
0.143334
-0.018691
-0.041592
0.186211
0.074347
-0.005338
0.061364
0.027642
0.103793
0.036458
0.007131
0.018727
-0.015863
0.047042
0.077213
-0.002875
0.018639
0.023617
-0.019232
0.007453
-0.006683
-0.015058
-0.014725
-0.009155
0.009151
0.010958
0.013854
0.020156
0.012000
0.015618
0.022081
0.011738
0.011328
0.000460
-0.016471
0.003629
-0.006374
-0.014623
0.025176
0.020078
-0.000387
0.006963
0.030792
0.023293
-0.025334
0.024482
0.001925
-0.063746
0.054857
0.036425
-0.039644
0.087847
-0.003721
-0.034080
0.068211
-0.192152
-0.105949
-0.011498
-0.139311
0.224016
0.188702
0.012509
0.107278
-0.139748
0.005240
-0.113133
-0.102282
0.362186
0.002300
0.357756
0.545529
-0.112009
-0.035183
-0.005615
-0.034393
0.028385
0.007838
0.155323
-0.067815
-0.086301
0.301447
-0.201784
-0.295610
-0.047922
-0.209580
0.173046
-0.021465
0.024873
0.077507
-0.063078
0.248110
-0.168665
-0.134468
0.050151
-0.183186
0.075771
-0.030765
-0.125715
0.024445
-0.127146
0.014921
-0.019356
-0.215908
-0.076030
-0.067275
-0.039523
0.026753
-0.052433
-0.059311
0.010627
-0.046125
-0.011094
0.039826
0.002537
0.042692
-0.028017
0.013557
0.065001
-0.006332
-0.013722
-0.008425
-0.039019
-0.002421
-0.014879
-0.037509
0.009496
-0.003881
-0.012193
0.000414
-0.022382
-0.014408
-0.003333
-0.030979
0.009531
-0.005908
-0.017233
0.000881
-0.026243
-0.024607
-0.021073
0.007177
0.015081
-0.006318
0.005879
-0.014221
-0.026828
-0.021976
-0.020307
-0.007491
-0.035401
0.004114
0.055793
0.010351
-0.023478
0.089899
0.019492
-0.011068
0.115542
-0.155610
-0.056082
0.075158
0.040527
0.171965
0.001816
0.103756
0.069037
0.014635
0.000368
-0.334340
-0.194934
-0.031407
0.003804
0.158233
0.045181
-0.068140
-0.043758
-0.156921
-0.239798
-0.406837
-0.451234
-0.133899
0.016090
0.037621
0.121005
0.020446
0.127972
0.200794
-0.077230
-0.096055
-0.175271
-0.071767
0.159714
0.116055
0.302271
0.164807
0.069082
0.289666
0.070101
0.095676
0.084524
-0.053478
0.130273
0.141937
0.118957
0.057059
-0.097187
-0.024386
-0.040341
-0.084858
0.005344
-0.035989
-0.054384
-0.000982
-0.005934
-0.029611
-0.019904
-0.014216
0.000803
0.024598
0.039594
0.034917
0.004050
0.004310
-0.009283
-0.032590
-0.009869
-0.011099
-0.002319
0.027151
0.020061
0.026399
0.038851
0.018411
0.006231
-0.012061
-0.028413
-0.019316
-0.026926
-0.004908
0.021082
0.020638
0.025052
0.043044
0.035740
0.056492
0.008776
-0.088887
-0.019202
-0.048819
-0.024196
0.067380
0.017401
-0.052120
-0.066531
0.049452
-0.010128
0.052704
0.162903
-0.075986
-0.056553
0.057799
0.005293
-0.002603
-0.063066
0.142696
0.140727
-0.070706
0.186292
-0.050981
-0.377276
-0.013297
-0.064095
-0.176224
0.353304
-0.003411
-0.199442
0.204024
-0.013957
0.001057
-0.202506
0.042890
-0.029949
-0.158811
0.467112
0.030741
-0.186235
0.018174
-0.021647
0.109259
0.257708
0.105085
0.004832
0.234530
0.244250
0.150189
0.024712
-0.141507
-0.098218
-0.045584
-0.145189
-0.071861
-0.038913
0.016908
0.026059
-0.005441
0.042910
-0.022280
-0.032185
-0.065358
-0.075363
-0.099405
-0.030600
0.010078
-0.064288
-0.043506
-0.011259
-0.032608
-0.053850
-0.010985
-0.014618
-0.025407
0.001116
-0.002928
-0.020104
-0.002542
-0.021969
-0.041669
-0.042300
-0.032069
-0.012023
-0.022915
-0.018086
-0.021714
-0.010978
0.001691
-0.002008
0.003346
-0.012772
-0.032407
-0.016879
-0.007381
-0.003136
-0.022675
-0.053709
-0.016968
-0.052472
-0.049822
0.064673
-0.003284
-0.075340
0.016348
-0.121676
-0.145154
0.045228
0.059068
0.043518
-0.059037
0.038975
-0.049110
-0.139943
0.125966
-0.102683
-0.215635
-0.041990
0.041113
0.264014
-0.021348
-0.175625
0.155579
-0.105898
-0.072440
0.267380
-0.096403
-0.120216
0.538062
0.438603
0.046759
0.303289
0.211456
0.099741
0.158623
0.178208
-0.236086
-0.478097
0.089016
-0.152631
-0.364716
-0.159528
-0.287646
-0.057933
0.075459
-0.044294
-0.028132
-0.056542
-0.073208
0.001292
0.078837
0.075425
0.120982
0.126653
0.117176
0.132234
0.089878
0.060245
0.031891
-0.044183
0.027205
0.039354
-0.039703
-0.043295
-0.039108
-0.025118
-0.076615
0.003309
-0.039735
-0.085477
-0.011626
-0.043557
-0.070200
-0.018586
-0.022060
-0.026429
0.001036
-0.021610
0.004262
-0.008364
-0.037384
-0.024745
-0.028252
-0.052672
-0.030371
-0.023102
-0.010143
0.003216
-0.007120
0.008725
0.006859
0.004903
0.006741
-0.012829
-0.027893
-0.046737
-0.025574
-0.003552
0.009816
0.002966
-0.033781
0.045860
0.036632
-0.036203
-0.044502
-0.089616
-0.015929
0.029408
0.031910
0.090018
-0.191831
-0.114323
0.167035
-0.144473
0.060488
0.055620
-0.187392
0.203740
0.126739
0.026251
-0.186140
-0.126694
0.148740
-0.236821
0.176138
0.158300
-0.159794
0.481076
0.341844
-0.066273
-0.007481
-0.107341
0.052820
0.276647
0.109961
0.092653
-0.035815
-0.060962
0.113915
-0.183017
-0.381907
-0.400721
-0.121014
0.202838
0.000440
-0.023480
0.051849
-0.222144
-0.066085
0.154092
-0.143464
-0.026046
0.020496
-0.085470
0.011398
-0.039942
-0.118469
-0.178574
-0.160365
0.005239
0.026809
-0.068850
0.025630
0.002237
-0.036435
0.048920
0.018259
0.006892
0.015954
-0.009418
0.037313
0.041854
0.017701
0.051217
0.010970
0.029208
0.028330
-0.017795
0.014177
0.012519
0.012388
0.016352
-0.009742
-0.003033
0.008009
-0.010224
-0.004849
-0.012566
-0.019767
0.003548
0.010901
0.008935
0.022343
0.002053
-0.014423
-0.007018
-0.001164
0.028380
0.004073
-0.044038
-0.043033
-0.033930
-0.035459
0.018305
0.033890
0.005596
0.058180
0.021603
-0.017583
-0.014247
0.016456
0.077345
0.017157
0.088242
0.041224
-0.187228
-0.021022
0.082869
-0.047680
0.027016
0.114059
0.120062
0.023616
0.209884
0.174851
-0.218841
0.209675
0.246856
-0.036279
0.198879
0.090895
-0.266015
-0.450529
0.162393
-0.005412
-0.484553
0.227263
0.088915
-0.261091
0.126155
0.111228
-0.187906
-0.118812
0.114335
0.030370
-0.096567
0.083267
-0.022841
-0.317820
-0.028610
-0.009301
-0.164918
0.084469
0.129482
0.074422
0.091805
0.066557
0.096198
0.022597
-0.094374
-0.027020
-0.038666
-0.030623
-0.012938
-0.028412
0.006598
0.028282
-0.020715
-0.009728
0.011887
-0.011601
0.007391
-0.010305
-0.020766
0.013009
-0.002574
-0.024948
-0.026913
-0.034096
-0.013876
-0.018662
0.000117
0.022221
-0.000802
0.006488
0.019509
-0.000076
0.004616
-0.002064
-0.011984
-0.010484
-0.013526
-0.008797
-0.021334
-0.021808
0.005007
-0.000991
0.010317
0.045385
0.016973
0.000402
0.009634
-0.012722
-0.034178
-0.004450
0.000363
-0.036496
-0.024075
-0.007378
-0.023699
-0.018206
0.003100
-0.007141
-0.012025
0.015268
0.015963
0.001883
0.009796
0.004921
-0.008659
0.001087
0.007613
0.004554
0.008607
0.008221
0.009876
0.008460
0.003868
0.002944
-0.000958
-0.001108
0.003030
0.001633
0.003324
0.005553
0.003708
0.002890
0.000591
-0.000992
-0.002234
-0.000902
-0.000782
0.000129
0.001147
0.002353
-0.000518
0.001319
0.002998
0.000593
0.002171
0.002954
0.002515
0.000843
0.000043
-0.001369
-0.000533
-0.000325
0.000357
0.000636
0.000938
0.001532
0.001914
0.001729
0.002330
0.000987
0.000240
-0.000050
0.000197
0.000335
0.000659
0.000276
0.000090
0.000432
0.001133
0.001208
0.001430
0.001177
0.000458
0.000209
0.000409
0.000086
0.000006
0.000115
0.000035
0.000067
0.000063
0.000022
0.000101
0.000378
0.000624
0.000571
0.000342
0.000240
0.000133
0.000302
0.000406
0.000402
0.000207
0.000021
-0.000129
-0.000213
-0.000121
0.000059
0.000094
-0.000007
-0.000109
-0.000161
-0.000225
-0.000191
-0.000005
-0.000035
0.000172
0.000241
0.000125
0.000000
-0.000054
-0.000186
-0.000129