0.001742
0.209401
0.377654
0.448846
0.402213
0.261780
0.087168
-0.049209
-0.089821
-0.014024
0.154040
0.354642
0.515266
0.578286
0.522968
0.373375
0.189162
0.042782
-0.008197
0.056912
0.214008
0.403405
0.552631
0.604106
0.537142
0.375846
0.179920
0.021864
-0.040708
0.012936
0.158740
0.337064
0.475478
0.516445
0.439320
0.268249
0.062973
-0.103972
-0.174937
-0.129156
0.009346
0.180958
0.313275
0.348787
0.266867
0.091682
-0.117011
-0.286663
-0.359613
-0.315089
-0.177110
-0.005285
0.127980
0.165171
0.085654
-0.086412
-0.291283
-0.456425
-0.524196
-0.473843
-0.329408
-0.150527
-0.009632
0.035732
-0.035101
-0.198007
-0.393277
-0.548416
-0.605821
-0.544779
-0.389376
-0.199290
-0.046997
0.009911
-0.049275
-0.200477
-0.384036
-0.527498
-0.573309
-0.500803
-0.334108
-0.132948
0.030156
0.097572
0.048547
-0.092880
-0.267088
-0.401661
-0.439080
-0.358711
-0.184714
0.023158
0.192358
0.265230
0.221000
0.083686
-0.087104
-0.218971
-0.254404
-0.172778
0.001742
0.209401
0.377654
0.448846
0.402213
0.261780
0.087168
-0.049209
-0.089821
-0.014024
0.154040
0.354642
0.515266
0.578286
0.522968
0.373375
0.189162
0.042782
-0.008197
0.056912
0.214008
0.403405
0.552631
0.604106
0.537142
0.375846
0.179920
0.021864
-0.040708
0.012936
0.158740
0.337064
0.475478
0.516445
0.439320
0.268249
0.062973
-0.103972
-0.174937
-0.129156
0.009346
0.180958
0.313275
0.348787
0.266867
0.091682
-0.117011
-0.286663
-0.359613
-0.315089
-0.177110
-0.005285
0.127980
0.165171
0.085654
-0.086412
-0.291283
-0.456425
-0.524196
-0.473843
-0.329408
-0.150527
-0.009632
0.035732
-0.035101
-0.198007
-0.393277
-0.548416
-0.605821
-0.544779
-0.389376
-0.199290
-0.046997
0.009911
-0.049275
-0.200477
-0.384036
-0.527498
-0.573309
-0.500803
-0.334108
-0.132948
0.030156
0.097572
0.048547
-0.092880
-0.267088
-0.401661
-0.439080
-0.358711
-0.184714
0.023158
0.192358
0.265230
0.221000
0.083686
-0.087104
-0.218971
-0.254404
-0.172778
0.363112
0.102202
-0.059699
-0.056326
0.114894
0.391846
0.671438
0.848967
0.858108
0.696238
0.425434
0.148765
-0.029079
-0.041769
0.113330
0.374167
0.637713
0.799331
0.792756
0.615427
0.329484
0.038055
-0.154113
-0.180634
-0.038817
0.209339
0.460854
0.611139
0.593973
0.406838
0.111912
-0.187641
-0.387042
-0.419877
-0.283430
-0.039679
0.208414
0.356273
0.337688
0.150144
-0.144177
-0.442115
-0.638896
-0.668117
-0.527077
-0.277771
-0.023183
0.132084
0.121792
-0.056605
-0.340965
-0.628165
-0.813474
-0.830534
-0.676692
-0.413993
-0.145475
0.024205
0.028752
-0.134440
-0.403287
-0.674728
-0.844094
-0.845091
-0.675127
-0.396314
-0.111751
0.073842
0.094104
-0.053630
-0.307337
-0.564018
-0.719060
-0.706227
-0.522981
-0.231486
0.065109
0.262034
0.292887
0.154959
-0.089765
-0.338322
-0.486131
-0.466983
-0.278367
0.017532
0.317549
0.516900
0.549173
0.411653
0.166324
-0.083848
-0.234277
-0.218743
-0.034721
0.255624
0.549146
0.741088
0.765068
0.618403
0.363112
0.102202
-0.059699
-0.056326
0.114894
0.391846
0.671438
0.848967
0.858108
0.696238
0.425434
0.148765
-0.029079
-0.041769
0.113330
0.374167
0.637713
0.799331
0.792756
0.615427
0.329484
0.038055
-0.154113
-0.180634
-0.038817
0.209339
0.460854
0.611139
0.593973
0.406838
0.111912
-0.187641
-0.387042
-0.419877
-0.283430
-0.039679
0.208414
0.356273
0.337688
0.150144
-0.144177
-0.442115
-0.638896
-0.668117
-0.527077
-0.277771
-0.023183
0.132084
0.121792
-0.056605
-0.340965
-0.628165
-0.813474
-0.830534
-0.676692
-0.413993
-0.145475
0.024205
0.028752
-0.134440
-0.403287
-0.674728
-0.844094
-0.845091
-0.675127
-0.396314
-0.111751
0.073842
0.094104
-0.053630
-0.307337
-0.564018
-0.719060
-0.706227
-0.522981
-0.231486
0.065109
0.262034
0.292887
0.154959
-0.089765
-0.338322
-0.486131
-0.466983
-0.278367
0.017532
0.317549
0.516900
0.549173
0.411653
0.166324
-0.083848
-0.234277
-0.218743
-0.034721
0.255624
0.549146
0.741088
0.765068
0.618403