0.449469
0.515658
0.562460
0.589298
0.596910
0.586729
0.560386
0.519522
0.465953
0.402049
0.331121
0.257554
0.186559
0.123512
0.073062
0.038272
0.020048
0.017068
0.026216
0.043386
0.064383
0.085656
0.104639
0.119672
0.129609
0.133338
0.129469
0.116363
0.092508
0.057130
0.010776
-0.044365
-0.104587
-0.165231
-0.221539
-0.269546
-0.306714
-0.332133
-0.346252
-0.350268
-0.345438
-0.332564
-0.311856
-0.283188
-0.246645
-0.203095
-0.154549
-0.104129
-0.055619
-0.012746
0.021572
0.045741
0.059588
0.064028
0.060437
0.049965
0.033081
0.009504
-0.021443
-0.060203
-0.106324
-0.158033
-0.212243
-0.264989
-0.312193
-0.350464
-0.377705
-0.393299
-0.397875
-0.392745
-0.379287
-0.358493
-0.330879
-0.296782
-0.256882
-0.212740
-0.167075
-0.123614
-0.086523
-0.059547
-0.045149
-0.043905
-0.054372
-0.073441
-0.097055
-0.121044
-0.141794
-0.156565
-0.163416
-0.160843
-0.147365
-0.121295
-0.080856
-0.024650
0.047664
0.134738
0.233214
0.337871
0.442273
0.539737
0.624357
0.691807
0.739697
0.767448
0.775798
0.766177
0.740217
0.699559
0.646018
0.581965
0.510710
0.436640
0.364964
0.301059
0.249578
0.213581
0.193978
0.189446
0.196874
0.212154
0.231095
0.250147
0.266747
0.279237
0.286474
0.287348
0.280472
0.264209
0.237052
0.198229
0.148292
0.089431
0.025357
-0.039267
-0.099679
-0.151911
-0.193420
-0.223291
-0.241970
-0.250649
-0.250580
-0.242561
-0.226796
-0.203156
-0.171719
-0.133349
-0.090053
-0.044946
-0.001808
0.035641
0.064488
0.083142
0.091437
0.090295
0.081094
0.064993
0.042465
0.013236
-0.023369
-0.067784
-0.119552
-0.176896
-0.236722
-0.295060
-0.347825
-0.391624
-0.424351
-0.445386
-0.455350
-0.455553
-0.447365
-0.431773
-0.409290
-0.380246
-0.345317
-0.306059
-0.265185
-0.226419
-0.193921
-0.171432
-0.161411
-0.164429
-0.179040
-0.202128
-0.229635
-0.257387
-0.281764
-0.300026
-0.310225
-0.310855
-0.300432
-0.277266
-0.239576
-0.185964
-0.116084
-0.031283
0.065084
0.167798
0.270426
0.366283
0.690875
0.706023
0.699615
0.673649
0.630116
0.570983
0.498549
0.415974
0.327658
0.239234
0.157034
0.087152
0.034339
0.001094
-0.012762
-0.009880
0.005375
0.027997
0.053359
0.077884
0.099201
0.115814
0.126520
0.129865
0.123938
0.106608
0.076154
0.032054
-0.024399
-0.089916
-0.159601
-0.227810
-0.289245
-0.339920
-0.377700
-0.402270
-0.414596
-0.416096
-0.407882
-0.390344
-0.363236
-0.326205
-0.279525
-0.224735
-0.164881
-0.104230
-0.047537
0.000903
0.038094
0.062760
0.075243
0.076904
0.069305
0.053471
0.029542
-0.003068
-0.045051
-0.096391
-0.155668
-0.219780
-0.284221
-0.343850
-0.393898
-0.430888
-0.453154
-0.460830
-0.455334
-0.438602
-0.412365
-0.377778
-0.335511
-0.286248
-0.231373
-0.173493
-0.116556
-0.065422
-0.024976
0.000949
0.010506
0.004299
-0.014747
-0.042080
-0.072512
-0.101195
-0.124263
-0.138980
-0.143454
-0.136109
-0.115229
-0.078837
-0.025026
0.047337
0.137780
0.243602
0.359728
0.479183
0.594073
0.696839
0.781395
0.843852
0.882654
0.898162
0.891924
0.865939
0.822198
0.762666
0.689644
0.606292
0.517013
0.427438
0.343901
0.272498
0.217981
0.182851
0.166930
0.167570
0.180408
0.200441
0.223042
0.244640
0.262865
0.276225
0.283518
0.283297
0.273652
0.252456
0.217992
0.169742
0.109004
0.039069
-0.035160
-0.108036
-0.174258
-0.229832
-0.272619
-0.302301
-0.319837
-0.326641
-0.323818
-0.311755
-0.290200
-0.258793
-0.217804
-0.168767
-0.114720
-0.059925
-0.009133
0.033369
0.064589
0.083259
0.089725
0.085355
0.071717
0.049841
0.019873
-0.018765
-0.066761
-0.124093
-0.189334
-0.259377
-0.329710
-0.395187
-0.451032
-0.493761
-0.521706
-0.534992
-0.535034
-0.523759
-0.502897
-0.473596
-0.436519
-0.392348
-0.342459
-0.289455
-0.237280
-0.190789
-0.154863
-0.133329
-0.128031
-0.138359
-0.161387
-0.192556
-0.226676
-0.258895
-0.285342
-0.303280
-0.310814
-0.306363
-0.288209
-0.254372
-0.202943
-0.132786
-0.044372
0.059601
0.174061
0.292031
0.405622
0.507275
0.590905
0.652624