-0.018791
-0.011889
-0.011055
-0.010570
-0.012460
-0.014508
-0.016326
-0.015959
-0.012045
-0.009233
-0.006305
-0.005968
-0.004137
-0.003530
-0.007668
-0.011938
-0.014787
-0.012483
-0.009792
-0.005746
-0.002812
-0.006913
-0.007887
-0.006461
-0.008417
-0.008656
-0.008830
-0.010269
-0.007072
0.002158
0.008514
0.009970
0.010109
0.004440
-0.002919
-0.003975
-0.003029
-0.004617
-0.002685
-0.003418
-0.000925
0.011676
0.009282
0.007250
-0.004642
-0.024437
-0.015456
-0.002574
-0.004595
-0.003923
0.004326
-0.005927
-0.011324
-0.016967
-0.035936
-0.041197
-0.048050
-0.047314
-0.044514
-0.030639
-0.020956
-0.030761
-0.027109
-0.029003
-0.043788
-0.040269
-0.020621
-0.006779
-0.002361
0.005339
0.023129
0.032191
0.031444
0.036470
0.039291
0.032883
0.019902
0.016013
0.013684
0.014241
0.013895
0.008316
0.015351
0.014657
-0.001005
-0.002180
0.005603
0.007151
0.002553
-0.000976
0.008133
0.015881
0.017589
0.016499
0.016817
0.010608
0.002015
0.000601
0.003435
0.009806
0.010720
0.010866
0.012429
0.009389
0.002894
-0.001880
-0.002062
0.001510
0.005329
0.009599
0.014278
0.014287
0.007661
0.000782
-0.002482
-0.001689
0.001881
0.003750
0.006500
0.008145
0.006551
0.004979
0.005399
0.005817
0.006550
0.004902
0.006077
0.010219
0.009804
0.009786
0.005879
0.003638
0.007025
0.004037
0.002676
0.009438
0.015418
0.011283
0.010453
0.009028
-0.001116
0.014600
0.023566
0.020502
0.023409
0.007273
-0.004676
-0.009476
-0.011993
-0.006147
-0.006033
-0.008399
-0.003641
0.006138
0.007419
0.003137
-0.019281
-0.046779
-0.049059
-0.032434
-0.015619
-0.004329
0.007354
0.018028
0.027357
0.047293
0.051995
0.029289
0.026761
0.035905
0.040189
0.037322
0.032039
0.023900
0.020530
0.016829
0.009292
0.011140
-0.002763
-0.017316
-0.007641
0.006361
0.006441
0.002552
0.002946
0.003384
0.005445
0.003208
-0.001567
-0.009752
-0.010866
-0.008886
-0.006724
-0.003820
-0.008413
-0.013930
-0.017392
-0.018309
-0.022346
-0.020860
-0.018127
-0.017521
-0.010732
-0.006899
-0.004699
-0.007048
-0.017456
-0.024931
-0.026041
-0.022267
-0.016519
-0.011152
-0.009672
-0.009099
-0.008000
-0.009895
-0.013077
-0.016247
-0.016888
-0.016887
-0.012471
-0.007073
-0.003962
-0.003352
-0.008937
-0.010631
-0.011909
-0.012223
-0.013828
-0.017191
-0.013080
-0.012679
-0.012273
-0.008833
-0.007842
0.000020
0.008111
0.017097
0.026292
0.027395
0.019931
0.016155
0.018488
0.015788
0.004588
-0.012493
-0.019220
-0.017230
-0.013621
-0.010124
-0.014460
-0.016953
-0.031337
-0.025635
-0.011759
-0.028084
-0.037563
-0.045926
-0.049312
-0.056642
-0.060648
-0.058562
-0.058866
-0.034290
-0.027784
-0.028560
-0.013870
0.002744
0.008504
0.023946
0.040826
0.030875
0.022296
0.023248
0.038488
0.043564
0.042788
0.038238
0.035031
0.033888
0.025112
0.028621
0.024999
0.018791
0.011771
0.008068
0.008794
0.011561
0.012364
0.009197
0.014948
0.013059
0.002226
-0.000439
0.002365
0.002368
-0.001107
-0.000199
-0.000253
-0.001780
-0.003089
-0.006092
-0.002830
-0.001201
-0.002687
-0.006056
-0.007125
-0.007865
-0.011074
-0.010201
-0.009159
-0.005624
-0.004427
-0.005457
-0.006691
-0.006354
-0.004366
-0.005371
-0.002058
-0.000362
-0.003890
-0.003858
-0.001192
-0.002577
-0.002064
0.000468
-0.001511
-0.002163
-0.004191
-0.008724
-0.005806
-0.007761
-0.009180
-0.006878
-0.020865
-0.018074
-0.011317
-0.017644
-0.021196
-0.032960
-0.043319
-0.038773
-0.023225
-0.020061
-0.017781
-0.015989
-0.015671
-0.013727
-0.006760
-0.006230
-0.024432
-0.021464
-0.023415
-0.027723
-0.026276
-0.039306
-0.047667
-0.043332
-0.046516
-0.049507
-0.028573
-0.020894
-0.023081
-0.008004
-0.003207
-0.008469
-0.013475
-0.015663
-0.003183
0.007163
0.006424
0.004653
0.010123
0.007775
0.003233
0.013918
0.017226
0.010978
0.012719
0.022835
0.021563
0.022883
0.023546
0.027541
0.037700
0.041493
0.039664
0.033806
0.031029
0.020758
0.020242
0.026550
0.028317
0.029172
0.027235
0.027400
0.026474
0.021619
0.016568
0.017564
0.019027
0.019398
0.020216
0.019373
0.020626
0.020391
0.017909
0.014814
0.011536
0.011349
0.012370
0.014570
0.016083
0.014756
0.012599
0.009793
0.007864
0.006966
0.009392
0.011260
0.012147
0.014104
0.010483
0.010005
0.012367
0.007734
0.006625
0.010336
0.007187
0.010878
0.010680
-0.003346
-0.004979
-0.009406
-0.010526
0.005576
0.009179
0.008825
0.007388
0.001750
0.005359
-0.000430
0.007049
0.010876
0.014972
0.045563
0.053344
0.051087
0.052768
0.045670
0.041856
0.041486
0.038259
0.027583
0.023526
0.039422
0.042217
0.025485
0.020969
-0.003241
-0.009607
0.005436
0.005694
0.013726
0.001240
0.010094
0.014291
0.001713
0.010107
0.005265
0.005313
0.005499
-0.006437
-0.011651
-0.019543
-0.026990
-0.014745
-0.009418
-0.016371
-0.028791
-0.042085
-0.038649
-0.036601
-0.036434
-0.035212
-0.029037
-0.024856
-0.025538
-0.017932
-0.016241
-0.021821
-0.025767
-0.025143
-0.019501
-0.018949
-0.016555
-0.010683
-0.007508
-0.008093
-0.015700
-0.019008
-0.019802
-0.019827
-0.018473
-0.011805
-0.006498
-0.008643
-0.011416
-0.015171
-0.015339
-0.016296
-0.017139
-0.015695
-0.012016
-0.010896
-0.012172
-0.011256
-0.013018
-0.012223
-0.012554
-0.014141
-0.011196
-0.011043
-0.010442
-0.008321
-0.009685
-0.008804
-0.007912
-0.009842
-0.007146
-0.001329
-0.001818
0.006577
0.006789
-0.007325
-0.004655
-0.004689
0.003224
0.012097
0.011237
0.014673
0.016243
0.024247
0.013703
-0.004606
-0.011109
-0.016371
-0.009931
-0.001398
-0.001429
-0.003649
-0.006881
-0.017418
-0.030285
-0.055458
-0.074937
-0.078078
-0.071384
-0.056724
-0.051118
-0.048470
-0.035095
-0.026148
-0.024651
-0.031272
-0.041566
-0.040045
-0.030689
-0.012619
0.006170
0.006425
0.013214
0.025655
0.034356
0.042774
0.030303
0.021321
0.026239
0.034610
0.042362
0.042073
0.041396
0.038746
0.031612
0.028629
0.022520
0.014537
0.009317
0.009148
0.014327
0.016064
0.015898
0.013815
0.011784
0.014479
0.013815
0.010158
0.009004
0.009346
0.012740
0.017648
0.019406
0.016297
0.010562
0.004799
0.001311
0.000302
-0.000448
0.000968
0.005003
0.009444
0.012520
0.011098
0.007222
0.003662
0.000589
0.000842
0.003009
0.007268
0.011738
0.014866
0.012973
0.008811
0.007213
0.004170
0.005412
0.006577
0.004309
-0.000145
0.000133
0.002779
0.001473
0.009238
0.008932
0.000086
0.004333
0.006312
0.008196
0.009166
0.004671
0.008654
0.007657
0.008960
0.015234
0.002729
-0.001291
0.001592
-0.013782
-0.009435
0.007220
-0.012820
-0.013894
0.000181
0.002277
0.001348
-0.007414
-0.010676
-0.021411
0.002956
0.016803
0.007694
0.009134
-0.004730
-0.008085
0.013520
0.032763
0.022266
0.023857
0.039598
0.048680
0.051173
0.047350
0.037198
0.031482
0.030534
0.018417
0.023028
0.014614
-0.000450
0.003589
0.011511
0.015586
0.010917
0.004399
-0.002042
-0.000991
-0.003507
-0.009344
-0.009963
-0.011091
-0.007279
-0.003279
-0.004244
-0.005813
-0.012641
-0.017216
-0.020582
-0.022407
-0.021149
-0.020612
-0.017668
-0.015774
-0.013378
-0.014118
-0.014800
-0.020007
-0.024540
-0.022879
-0.020809
-0.016376
-0.016280
-0.017361
-0.018149
-0.018811
-0.019819
-0.020790
-0.019334
-0.017038
-0.016114
-0.016033
-0.013922
-0.014866
-0.015085
-0.014503
-0.020016
-0.021592
-0.022514
-0.030215
-0.028525
-0.021973
-0.018057
-0.017716
-0.020151
-0.021469
-0.028759
-0.019863
-0.015262
-0.026956
-0.031117
-0.036264
-0.026410
-0.008682
-0.014016
-0.019004
-0.015135
-0.019307
-0.007764
-0.003578
-0.018347
-0.001848
0.029638
0.034773
0.048061
0.066034
0.057996
0.067821
0.090979
0.081071
0.046598
0.032884
0.022553
0.006948
0.009013
-0.007974
-0.031291
-0.027992
-0.022216
-0.023211
-0.020877
-0.025515
-0.034233
-0.025935
-0.010834
-0.000929
0.007119
0.011328
0.017294
0.033464
0.034679
0.021367
0.021362
0.017992
0.017512
0.016323
0.011700
0.007761
0.002727
-0.003061
-0.006106
-0.000850
-0.004442
-0.005896
-0.002542
-0.003313
-0.005084
-0.008542
-0.012611
-0.014977
-0.014724
-0.011398
-0.009896
-0.011656
-0.014824
-0.015589
-0.012532
-0.011164
-0.012590
-0.014331
-0.013652
-0.013609
-0.014030
-0.014602
-0.014553
-0.015239
-0.015913
-0.015223
-0.015184
-0.014806
-0.014817
-0.015546
-0.016575
-0.019980
-0.020350
-0.015442
-0.013895
-0.014005
-0.015789
-0.016949
-0.010114
-0.005616
-0.003836
-0.006715
-0.020637
-0.014707
-0.011243
-0.013888
-0.002692
-0.015163
-0.018580
-0.001173
0.003478
0.001457
-0.011850
-0.009082
-0.014872
-0.017651
-0.001250
-0.012302
0.000756
0.030511
0.033401
0.032533
0.030766
0.020482
0.031563
0.052447
0.051313
0.042472
0.034147
0.032975
0.033987
0.030016
0.006311
-0.021203
-0.021707
-0.020290
-0.012272
-0.009246
-0.021569
-0.029088
-0.015593
-0.010275
-0.017180
-0.011798
-0.022241
-0.024590
-0.011154
-0.009164
-0.027217
-0.040848
-0.040591
-0.037026
-0.029807
-0.035284
-0.041488
-0.041925
-0.041923
-0.037511
-0.028529
-0.021534
-0.018891
-0.014443
-0.008953
-0.006739
-0.011301
-0.017959
-0.015579
-0.006125
0.001539
0.002861
-0.000430
-0.003909
-0.008925
-0.009187
-0.004725
-0.002991
-0.002864
0.000041
0.003297
0.006275
0.006444
0.001065
-0.001786
-0.003975
-0.004295
-0.002742
-0.001012
0.001893
0.002526
0.001555
-0.001343
-0.005707
-0.007847
-0.008685
-0.008144
-0.003024
0.000522
0.002660
0.004593
0.000480
-0.003043
-0.002301
0.003449
0.008788
0.012400
0.014678
0.009083
0.001605
0.004761
0.005985
0.004233
0.007271
0.008605
0.012359
0.021530
0.036327
0.032259
0.028096
0.041753
0.035257
0.040228
0.054033
0.048278
0.026371
0.017224
0.025084
-0.000088
-0.004526
0.000604
-0.017560
-0.006860
0.007342
-0.008262
-0.015129
-0.006264
-0.014431
-0.016703
0.000177
0.006583
-0.013257
-0.019560
-0.013176
-0.025124
-0.025938
-0.023772
-0.016520
-0.008739
-0.006854
-0.005248
-0.003427
-0.003660
-0.009450
-0.004506
0.001745
-0.000007
-0.004426
-0.008590
-0.006308
-0.002748
-0.006237
-0.009645
-0.005768
-0.006531
-0.012211
-0.009520
-0.007426
-0.008213
-0.010363
-0.009191
-0.003561
-0.000053
-0.000004
-0.003755
-0.004193
-0.005439
-0.008709
-0.009688
-0.007775
-0.005837
-0.006526
-0.005025
-0.004173
-0.004439
-0.005574
-0.008916
-0.010011
-0.007679
-0.005388
-0.003978
-0.000555
-0.000132
-0.002828
-0.004151
-0.004197
-0.004182
-0.004746
-0.002742
-0.001646
-0.001628
-0.001530
-0.003835
-0.004921
-0.005105
-0.007199
-0.008744
-0.007104
-0.004098
-0.002908
-0.001471
-0.000867
-0.003115
-0.003941
-0.003893
-0.002283
-0.000944
0.000319
0.001025
0.001961
0.003396
0.000943
-0.000523
-0.000014
0.000273
0.001420
0.001544
0.002897
0.000674
-0.001003
0.000373
0.000648
0.001233
0.002163
0.003166
0.002999
0.002970
0.001616
0.001326
0.000329
-0.000162
-0.000227
0.000308
0.001180
0.001783
0.001483
0.001692
0.001656
0.001680
0.001254
0.001228
0.001126
0.001140
0.001118
0.001071
0.000957
0.000853
0.000673
0.000698
0.000854
0.001082
0.001143
0.001128
0.000961
0.000750
0.000678
0.000772
0.000947
0.001071
0.001124
0.001118
0.001098
0.001057
0.000946
0.000813
0.000737
0.000708
0.000745
0.000777
0.000763
0.000652
0.000510
0.000349
0.000225
0.000210
0.000242
0.000327
0.000433
0.000463
0.000455
0.000387
0.000312
0.000250
0.000106
0.000120
0.000262
0.000374
0.000336
0.000348
0.000171
0.010280
0.034937
0.016415
0.073967
-0.027386
-0.099119
0.085876
0.006571
-0.068144
-0.040540
-0.020326
0.068883
0.141991
0.125507
0.021996
0.118354
0.033889
-0.104914
-0.114573
-0.183818
-0.089812
0.098475
0.109323
0.014696
0.403959
-0.004382
-0.275372
-0.164688
-0.525950
0.167676
0.544039
-0.200874
-0.224713
0.546304
0.004735
-0.350029
-0.343824
-0.755973
0.133662
0.121165
-0.186093
0.109068
0.017687
0.228401
0.055512
-0.400154
-0.335510
0.194372
0.068720
-0.040121
0.164249
0.163055
0.392138
0.476024
-0.029544
-0.047155
0.079790
-0.033247
0.194278
0.126622
-0.012830
-0.135970
-0.116392
-0.074521
-0.007344
-0.033799
-0.065946
0.126559
0.110749
-0.017036
-0.113880
-0.048435
0.073982
0.069559
-0.031294
-0.044070
0.047335
0.017815
-0.003772
-0.017016
0.012124
0.035237
0.028112
-0.004571
-0.009411
0.018503
0.004622
0.022023
0.025814
0.029784
0.029775
0.001462
-0.016499
-0.020843
-0.005280
-0.011273
-0.034224
-0.015506
-0.005603
0.044824
0.057607
-0.029708
-0.027420
0.007336
-0.012436
0.016902
-0.021538
0.045871
0.040606
-0.027122
0.025897
-0.047896
-0.006578
-0.024448
0.007426
0.191084
0.039882
-0.166405
0.006846
0.216151
-0.054140
-0.124353
0.106444
-0.142536
0.380009
0.450831
-0.325982
-0.152438
-0.202702
-0.097647
-0.107075
-0.456366
0.055937
0.645818
0.111054
-0.204451
0.330929
-0.125723
-0.380353
-0.406352
-0.687364
0.081658
0.544551
0.177036
-0.039389
-0.032981
0.488175
0.797700
0.165778
-0.488673
-0.249198
0.430213
0.320279
0.061348
-0.272652
-0.138430
0.043911
-0.050148
0.056428
-0.342049
-0.083700
0.178008
0.121453
-0.025395
-0.071287
0.034852
-0.079460
0.042870
-0.164196
-0.044344
0.054397
-0.069082
-0.068067
-0.096060
-0.031322
-0.029247
0.028760
-0.082397
-0.049790
0.018389
0.012693
0.023349
-0.009318
0.000640
-0.032693
-0.034335
-0.077924
-0.058273
-0.041413
-0.028042
-0.007443
-0.015984
0.005830
0.027703
0.037261
-0.013043
-0.026043
-0.046190
-0.001765
-0.010382
-0.079997
-0.031785
-0.028685
0.058679
0.022955
-0.032665
0.033299
-0.033134
0.007267
0.011178
-0.077811
-0.084735
-0.073185
0.108754
0.077565
-0.110763
-0.002094
0.082567
0.180521
0.162350
0.134049
0.165840
0.050136
-0.050561
-0.048358
0.076645
-0.006362
-0.093292
-0.294375
-0.281478
0.029697
0.014733
-0.039015
-0.263252
0.243630
0.207875
-0.092511
0.145851
-0.626395
-0.383008
-0.009026
0.042448
-0.286205
-0.458733
-0.079082
-0.166627
0.506839
0.202639
0.064094
0.185882
0.341204
0.406258
0.007145
0.042117
-0.046586
0.432441
0.077371
-0.154033
-0.092514
0.027057
0.309890
0.179024
0.101304
-0.074457
0.065506
-0.116572
-0.155232
-0.031989
0.022780
0.052052
-0.069300
-0.065696
-0.110720
-0.011737
-0.062196
-0.036998
0.013723
-0.007849
-0.008319
-0.027719
0.024956
0.006482
0.030906
0.005454
0.000277
-0.039122
-0.053705
-0.026990
-0.034728
-0.007604
-0.031036
-0.005342
-0.001225
0.003636
0.010593
0.006728
0.041095
-0.022251
-0.012865
0.038420
-0.049044
-0.064816
0.030983
-0.049706
-0.057723
0.084935
-0.032093
-0.013607
0.083309
-0.029292
-0.041023
-0.032599
-0.139023
0.096484
0.050471
-0.197123
0.249047
-0.225620
-0.259993
0.310696
-0.129722
-0.289273
-0.248457
-0.239613
0.065009
0.413069
-0.181572
0.054076
0.327609
-0.017115
0.088128
-0.190835
-0.361997
-0.245550
0.401740
0.157823
-0.286321
-0.282984
-0.296520
-0.165575
-0.068579
0.029167
0.134253
0.404541
0.110401
-0.117983
0.121841
-0.182956
-0.124360
0.196999
-0.110921
0.094943
0.227690
0.025645
-0.091110
0.012821
0.141135
0.160265
0.085181
-0.130246
0.090213
0.165562
0.134971
0.006633
-0.015710
0.138091
0.182029
0.113555
-0.076948
-0.008470
-0.009355
0.087840
0.083935
-0.011022
0.012624
0.022244
0.059813
0.034906
0.036288
-0.039828
-0.012207
0.002868
-0.000201
0.011833
-0.004500
0.011269
0.003881
0.021940
0.005894
0.027356
0.021064
0.009921
0.010710
-0.010394
0.018186
-0.012033
-0.032945
0.011669
0.014047
-0.030225
-0.022956
0.062330
0.021871
-0.037357
0.013232
-0.029633
-0.024070
0.119855
-0.008186
-0.079335
0.156842
-0.051198
-0.017456
0.069567
-0.432548
-0.071645
0.101187
-0.211884
0.368582
0.238054
-0.126822
0.145086
-0.184374
-0.114822
-0.132895
-0.113054
0.340202
0.296069
0.633770
0.388138
-0.210956
-0.365292
0.081634
0.290380
-0.012982
0.014639
0.040283
0.111754
0.135502
0.008156
-0.657593
-0.100211
0.099562
0.024483
0.390124
-0.539453
-0.064100
0.218244
0.201713
0.205844
-0.383082
-0.153866
-0.013964
0.094513
-0.100064
-0.134237
-0.118761
0.069772
0.075947
-0.219506
-0.217787
-0.160065
0.064053
0.031394
-0.117865
-0.140757
-0.046985
-0.044700
-0.007193
0.021277
0.020226
-0.000772
-0.081895
-0.051255
0.028565
0.096434
0.003218
-0.036453
-0.006579
-0.023167
-0.006491
-0.024946
-0.020202
-0.001822
-0.004861
-0.011097
0.002329
-0.012259
-0.017864
-0.008447
-0.015971
-0.011296
-0.015281
-0.007180
-0.001989
-0.003076
-0.003619
-0.054869
-0.022561
0.039871
-0.010475
0.001783
0.000457
-0.011074
0.001111
-0.056669
-0.044411
0.014095
-0.001463
0.051218
0.105256
-0.014111
-0.090792
0.155993
0.006643
0.044271
0.158888
-0.371831
0.037147
0.148400
0.082011
0.176900
-0.053657
0.139056
0.243732
0.175545
-0.487833
-0.522275
-0.027243
0.228655
0.291119
-0.126307
-0.197936
0.139336
0.197325
-0.324397
-0.591924
-0.608262
-0.313616
0.214398
-0.091298
-0.188763
0.123738
0.103602
0.300035
0.191085
-0.360717
-0.208625
-0.092447
-0.000988
0.291428
0.105146
0.118588
0.169893
0.321807
0.334628
0.061868
-0.061037
-0.031580
0.250781
0.282791
0.149587
0.044415
-0.094838
-0.041615
0.069292
-0.013122
-0.071330
-0.029711
-0.081990
0.013957
0.028061
-0.062633
-0.054863
-0.019435
0.008665
0.048008
0.064261
-0.000127
0.020045
0.025012
-0.000435
0.000064
-0.010662
-0.022871
-0.021333
-0.001682
0.005415
0.034378
0.034549
0.031257
0.046968
0.013858
-0.022140
-0.011242
-0.021347
-0.037243
-0.011885
-0.014386
0.021920
0.022650
0.036688
0.041415
0.080369
-0.022283
-0.157414
0.016750
-0.038172
0.026586
0.060101
-0.031824
-0.089752
-0.010186
0.080199
-0.137121
0.115531
0.136972
-0.100497
0.029348
0.025295
-0.011937
-0.020594
-0.205446
0.242619
0.431858
-0.049395
-0.004599
-0.304232
-0.488678
0.231744
-0.035180
-0.352139
0.723975
-0.118538
-0.331873
0.377197
-0.221640
-0.017076
-0.068974
-0.136360
-0.178786
0.652318
0.191687
-0.522260
-0.051221
-0.187972
0.599742
0.260276
-0.293010
-0.120390
0.482232
0.585845
0.141328
-0.036247
-0.270613
0.138893
0.013619
-0.136675
-0.190774
-0.161782
0.032740
0.107243
0.005876
-0.045863
0.123923
-0.043243
-0.066150
-0.103405
-0.084183
-0.051131
-0.030699
-0.073421
-0.090674
0.011513
-0.057874
-0.038013
-0.057289
-0.059082
-0.023304
0.004078
-0.022292
-0.021165
0.010758
-0.032322
-0.012582
-0.044606
-0.037261
-0.026129
-0.044292
-0.037306
-0.043931
-0.029828
-0.019866
-0.003656
-0.026201
-0.028785
-0.010117
-0.031943
0.001191
0.007239
-0.001897
-0.028308
-0.060753
-0.008506
-0.078074
-0.050344
0.088410
-0.041954
-0.117214
0.034526
-0.197993
-0.136610
0.129652
0.076800
0.080035
-0.086583
0.049197
-0.069261
-0.050988
-0.020520
-0.303458
-0.131514
0.030215
0.268447
0.368271
-0.385830
-0.455717
0.462246
0.187590
-0.126154
0.009237
-0.413728
0.133964
1.305987
0.193415
-0.374496
0.486415
0.303920
0.576838
0.219028
-0.581633
-0.266372
0.313694
-0.045341
-0.574451
-0.359090
-0.518919
0.103530
0.344021
-0.267876
-0.099855
-0.068394
-0.066961
-0.001680
0.066931
-0.028336
0.161156
0.078519
0.039191
0.335404
0.063162
-0.044947
0.065058
0.058240
-0.007487
0.146954
-0.043332
-0.095166
0.015786
-0.078195
0.026507
-0.004586
-0.046317
-0.050010
-0.009501
-0.099855
-0.068241
-0.040445
-0.116558
-0.040897
-0.038186
-0.015763
-0.016437
-0.024514
-0.043694
-0.007709
-0.022610
-0.052499
-0.021043
-0.045398
-0.014257
-0.024033
-0.020325
-0.003945
0.017385
0.004593
-0.003962
0.017442
-0.016056
-0.027630
-0.050945
-0.011862
0.002275
0.013156
-0.056552
-0.075529
0.118285
0.042300
-0.102726
-0.139348
-0.110787
0.134273
0.110151
-0.040903
0.038930
-0.243637
0.025711
0.283780
-0.348255
0.031393
0.035368
-0.081589
0.480384
0.108764
-0.283898
-0.411712
0.138959
0.189041
-0.103981
0.104695
-0.347215
0.269198
0.917049
0.165532
-0.402441
-0.153650
0.089929
0.475577
0.457394
-0.538093
0.112732
0.561646
0.058084
-0.129756
-0.617961
-0.698499
-0.076181
0.448081
0.047920
-0.086356
-0.248860
-0.135613
0.099054
0.009980
0.001981
-0.191223
-0.010139
0.051565
0.116367
-0.137881
-0.320555
-0.235755
-0.121082
0.098492
-0.045163
-0.060551
-0.103562
-0.046620
0.002813
0.082675
0.079954
-0.026360
-0.014825
-0.013698
0.067071
0.025437
-0.002479
-0.020693
0.030579
0.066260
0.008961
-0.001960
-0.006670
0.034774
0.032748
0.014633
0.000996
0.018632
0.019597
0.009127
0.017491
-0.017076
-0.010092
-0.014156
-0.004191
0.011593
0.002843
0.026029
0.012623
0.000883
0.000452
0.020072
0.047727
-0.000935
-0.077276
-0.061354
0.000957
-0.028992
0.018789
0.002992
0.008879
0.148998
0.012707
-0.072046
-0.038436
0.075525
0.151091
0.036460
0.100663
0.001712
-0.212142
-0.033601
0.052550
-0.068720
0.051501
0.186452
0.181053
0.053080
0.245922
-0.063747
-0.289201
0.574222
0.343424
0.052288
0.090770
-0.133564
-0.325298
-0.373429
0.306764
-0.290012
-0.352009
0.290183
0.000760
0.022554
0.017698
-0.240821
-0.278700
0.321724
0.095458
-0.012239
-0.006118
-0.243990
-0.060171
-0.174237
-0.178226
-0.160406
0.101239
0.081512
0.012372
0.105749
0.146437
0.187135
-0.046554
-0.054855
-0.005902
0.018453
-0.027984
-0.093571
-0.049760
-0.006637
0.031604
-0.054934
-0.021174
0.017110
0.010386
-0.015074
-0.019343
0.007905
0.015779
0.000780
-0.018738
0.000837
-0.034321
-0.038319
-0.025712
-0.006310
-0.003877
-0.021213
-0.000002
0.002543
0.029944
0.017478
0.004033
0.021317
0.009925
-0.000274
-0.015392
-0.021924
-0.026449
-0.013822
-0.004334
-0.010601
0.012785
0.039069
0.013989
-0.000761
0.011941
-0.007459
-0.013039
0.031020
-0.004528
-0.038476
-0.007420
-0.021910
-0.029810
-0.027199
-0.031023
-0.019524
0.023939
0.028995
0.014285
0.010787
-0.007997
0.004353
0.015045
0.012847
0.005068
-0.000279
-0.001723
-0.004713
0.006648
0.006636
0.007293
0.007869
0.007471
0.006105
0.007090
0.007982
0.007220
0.007760
0.006171
0.005382
-0.000861
-0.002899
-0.005984
-0.007345
-0.001816
0.004582
0.004508
0.006557
0.005877
0.001595
0.002313
0.000478
-0.001434
0.001282
0.001061
-0.000096
0.001313
0.001565
0.000961
0.001014
-0.000065
-0.000156
0.001194
0.001959
0.003452
0.002817
0.001997
0.001272
0.000791
0.000411
-0.000023
-0.000371
-0.000858
-0.000973
-0.000121
0.000832
0.001610
0.001835
0.001645
0.000778
0.000129
0.000149
0.000497
0.000402
0.000161
-0.000056
-0.000368
-0.000536
-0.000410
-0.000354
-0.000213
-0.000166
-0.000243
-0.000346
-0.000554
-0.000601
-0.000248
0.000111
0.000041
0.000238
0.000126
-0.000190
-0.000326
-0.000361
-0.000382
-0.000376
-0.000197
0.000023
0.000033
0.000212
0.000245
-0.000156
-0.000368
-0.000538
-0.000614
-0.000279
0.000099
0.000063
-0.000047
-0.000325
-0.000583
-0.000442
-0.000250
-0.000108
0.000057
0.000054