0.113613
0.287151
0.413807
0.451642
0.392371
0.264501
0.122423
0.025610
0.015883
0.101419
0.253604
0.417953
0.534903
0.562555
0.492663
0.353776
0.200328
0.091839
0.070174
0.143558
0.283424
0.435337
0.539782
0.554910
0.472524
0.321223
0.155489
0.034890
0.001342
0.063112
0.191684
0.332663
0.426581
0.431628
0.339647
0.179276
0.005032
-0.123483
-0.164322
-0.109189
0.013424
0.149150
0.238539
0.239798
0.144786
-0.017846
-0.193574
-0.322788
-0.363541
-0.307535
-0.183265
-0.045107
0.047480
0.052692
-0.037628
-0.194849
-0.364467
-0.486897
-0.520218
-0.456162
-0.323255
-0.175908
-0.073616
-0.058220
-0.137920
-0.284124
-0.442373
-0.553126
-0.574509
-0.498301
-0.353076
-0.193292
-0.078495
-0.050576
-0.117781
-0.251571
-0.397533
-0.496178
-0.505677
-0.417856
-0.261335
-0.090619
0.034706
0.072707
0.015096
-0.109624
-0.247076
-0.337805
-0.340012
-0.245554
-0.083076
0.092894
0.222749
0.264537
0.209957
0.087498
-0.048471
-0.138500
-0.140794
-0.047209
0.113613
0.287151
0.413807
0.451642
0.392371
0.264501
0.122423
0.025610
0.015883
0.101419
0.253604
0.417953
0.534903
0.562555
0.492663
0.353776
0.200328
0.091839
0.070174
0.143558
0.283424
0.435337
0.539782
0.554910
0.472524
0.321223
0.155489
0.034890
0.001342
0.063112
0.191684
0.332663
0.426581
0.431628
0.339647
0.179276
0.005032
-0.123483
-0.164322
-0.109189
0.013424
0.149150
0.238539
0.239798
0.144786
-0.017846
-0.193574
-0.322788
-0.363541
-0.307535
-0.183265
-0.045107
0.047480
0.052692
-0.037628
-0.194849
-0.364467
-0.486897
-0.520218
-0.456162
-0.323255
-0.175908
-0.073616
-0.058220
-0.137920
-0.284124
-0.442373
-0.553126
-0.574509
-0.498301
-0.353076
-0.193292
-0.078495
-0.050576
-0.117781
-0.251571
-0.397533
-0.496178
-0.505677
-0.417856
-0.261335
-0.090619
0.034706
0.072707
0.015096
-0.109624
-0.247076
-0.337805
-0.340012
-0.245554
-0.083076
0.092894
0.222749
0.264537
0.209957
0.087498
-0.048471
-0.138500
-0.140794
-0.047209
-0.119275
0.099727
0.463366
0.834740
1.073261
1.088355
0.874051
0.511268
0.136903
-0.108443
-0.134170
0.065735
0.410411
0.763030
0.983079
0.980058
0.748066
0.368092
-0.022898
-0.284240
-0.325268
-0.139911
0.191029
0.530779
0.738875
0.724864
0.482890
0.093980
-0.304864
-0.572947
-0.619577
-0.438660
-0.110981
0.226699
0.433926
0.420249
0.179811
-0.206367
-0.601293
-0.864288
-0.904681
-0.716401
-0.380263
-0.033062
0.184712
0.182565
-0.045404
-0.418225
-0.798958
-1.046981
-1.071679
-0.867046
-0.513960
-0.149284
0.086424
0.102599
-0.106732
-0.460674
-0.822360
-1.051242
-1.056784
-0.833054
-0.461005
-0.077574
0.176606
0.210896
0.019253
-0.317498
-0.662558
-0.875445
-0.865686
-0.627408
-0.241623
0.154677
0.420810
0.466090
0.284429
-0.043386
-0.380592
-0.586738
-0.571377
-0.328659
0.060387
0.458757
0.725759
0.770705
0.587508
0.256961
-0.084163
-0.295397
-0.286273
-0.050918
0.329669
0.718518
0.974973
1.008389
0.812723
0.468819
0.113502
-0.112705
-0.119275
0.099727
0.463366
0.834740
1.073261
1.088355
0.874051
0.511268
0.136903
-0.108443
-0.134170
0.065735
0.410411
0.763030
0.983079
0.980058
0.748066
0.368092
-0.022898
-0.284240
-0.325268
-0.139911
0.191029
0.530779
0.738875
0.724864
0.482890
0.093980
-0.304864
-0.572947
-0.619577
-0.438660
-0.110981
0.226699
0.433926
0.420249
0.179811
-0.206367
-0.601293
-0.864288
-0.904681
-0.716401
-0.380263
-0.033062
0.184712
0.182565
-0.045404
-0.418225
-0.798958
-1.046981
-1.071679
-0.867046
-0.513960
-0.149284
0.086424
0.102599
-0.106732
-0.460674
-0.822360
-1.051242
-1.056784
-0.833054
-0.461005
-0.077574
0.176606
0.210896
0.019253
-0.317498
-0.662558
-0.875445
-0.865686
-0.627408
-0.241623
0.154677
0.420810
0.466090
0.284429
-0.043386
-0.380592
-0.586738
-0.571377
-0.328659
0.060387
0.458757
0.725759
0.770705
0.587508
0.256961
-0.084163
-0.295397
-0.286273
-0.050918
0.329669
0.718518
0.974973
1.008389
0.812723
0.468819
0.113502
-0.112705