-0.144939
-0.086300
0.036984
0.184878
0.307794
0.365504
0.342480
0.253801
0.139364
0.048626
0.021687
0.073953
0.190232
0.330516
0.445246
0.494229
0.461970
0.363584
0.239007
0.137735
0.099911
0.140983
0.245803
0.374409
0.477289
0.514294
0.469978
0.359504
0.222855
0.109575
0.059853
0.089186
0.182472
0.299793
0.391682
0.418035
0.363447
0.243120
0.097078
-0.025098
-0.083185
-0.061652
0.024428
0.135168
0.221125
0.242219
0.183066
0.058887
-0.090281
-0.214844
-0.274568
-0.253917
-0.167961
-0.056585
0.030765
0.054003
-0.002263
-0.122825
-0.267657
-0.387185
-0.441194
-0.414170
-0.321208
-0.202222
-0.106687
-0.074722
-0.121753
-0.232607
-0.367300
-0.476294
-0.519417
-0.481200
-0.376779
-0.246116
-0.138730
-0.094787
-0.129761
-0.228528
-0.351148
-0.448133
-0.479360
-0.429403
-0.313448
-0.171500
-0.053123
0.001472
-0.023230
-0.112144
-0.225371
-0.313460
-0.336322
-0.278565
-0.155404
-0.006875
0.117434
0.177287
0.157151
0.072089
-0.038012
-0.123715
-0.144939
-0.086300
0.036984
0.184878
0.307794
0.365504
0.342480
0.253801
0.139364
0.048626
0.021687
0.073953
0.190232
0.330516
0.445246
0.494229
0.461970
0.363584
0.239007
0.137735
0.099911
0.140983
0.245803
0.374409
0.477289
0.514294
0.469978
0.359504
0.222855
0.109575
0.059853
0.089186
0.182472
0.299793
0.391682
0.418035
0.363447
0.243120
0.097078
-0.025098
-0.083185
-0.061652
0.024428
0.135168
0.221125
0.242219
0.183066
0.058887
-0.090281
-0.214844
-0.274568
-0.253917
-0.167961
-0.056585
0.030765
0.054003
-0.002263
-0.122825
-0.267657
-0.387185
-0.441194
-0.414170
-0.321208
-0.202222
-0.106687
-0.074722
-0.121753
-0.232607
-0.367300
-0.476294
-0.519417
-0.481200
-0.376779
-0.246116
-0.138730
-0.094787
-0.129761
-0.228528
-0.351148
-0.448133
-0.479360
-0.429403
-0.313448
-0.171500
-0.053123
0.001472
-0.023230
-0.112144
-0.225371
-0.313460
-0.336322
-0.278565
-0.155404
-0.006875
0.117434
0.177287
0.157151
0.072089
-0.038012
-0.123715
0.237610
0.667626
1.044691
1.225739
1.141771
0.824214
0.392921
0.010391
-0.180284
-0.110069
0.189662
0.599129
0.955917
1.117036
1.013570
0.677020
0.227315
-0.172973
-0.380682
-0.326711
-0.042369
0.352625
0.695913
0.844559
0.729693
0.382866
-0.075957
-0.484165
-0.698568
-0.650035
-0.369854
0.022271
0.363993
0.512383
0.398572
0.054107
-0.401056
-0.804322
-1.012518
-0.956540
-0.667705
-0.265750
0.086938
0.247389
0.146684
-0.183681
-0.623806
-1.011154
-1.202616
-1.129154
-0.822153
-0.401424
-0.029425
0.150795
0.070242
-0.239671
-0.659123
-1.025658
-1.196250
-1.101943
-0.774205
-0.332927
0.059350
0.259498
0.198443
-0.092477
-0.493517
-0.842294
-0.995852
-0.885301
-0.542174
-0.086423
0.319354
0.531976
0.482319
0.201677
-0.190245
-0.531101
-0.677966
-0.561978
-0.214689
0.243931
0.651274
0.864151
0.813440
0.530436
0.134855
-0.210944
-0.364016
-0.255472
0.083162
0.531952
0.928328
1.129145
1.065328
0.768224
0.357604
-0.004113
-0.173918
-0.082858
0.237610
0.667626
1.044691
1.225739
1.141771
0.824214
0.392921
0.010391
-0.180284
-0.110069
0.189662
0.599129
0.955917
1.117036
1.013570
0.677020
0.227315
-0.172973
-0.380682
-0.326711
-0.042369
0.352625
0.695913
0.844559
0.729693
0.382866
-0.075957
-0.484165
-0.698568
-0.650035
-0.369854
0.022271
0.363993
0.512383
0.398572
0.054107
-0.401056
-0.804322
-1.012518
-0.956540
-0.667705
-0.265750
0.086938
0.247389
0.146684
-0.183681
-0.623806
-1.011154
-1.202616
-1.129154
-0.822153
-0.401424
-0.029425
0.150795
0.070242
-0.239671
-0.659123
-1.025658
-1.196250
-1.101943
-0.774205
-0.332927
0.059350
0.259498
0.198443
-0.092477
-0.493517
-0.842294
-0.995852
-0.885301
-0.542174
-0.086423
0.319354
0.531976
0.482319
0.201677
-0.190245
-0.531101
-0.677966
-0.561978
-0.214689
0.243931
0.651274
0.864151
0.813440
0.530436
0.134855
-0.210944
-0.364016
-0.255472
0.083162
0.531952
0.928328
1.129145
1.065328
0.768224
0.357604
-0.004113
-0.173918
-0.082858