-0.211472
-0.146083
-0.013242
0.143369
0.270913
0.327555
0.298416
0.201222
0.079518
-0.013999
-0.037630
0.023379
0.151170
0.302082
0.423301
0.473018
0.436378
0.331140
0.200878
0.098324
0.065214
0.116337
0.233876
0.374209
0.484565
0.523176
0.475232
0.358538
0.216711
0.102530
0.057776
0.097284
0.203284
0.332199
0.431302
0.458870
0.400138
0.272951
0.120970
-0.002988
-0.057102
-0.026501
0.071080
0.192098
0.283857
0.304664
0.239778
0.107071
-0.049776
-0.177926
-0.235542
-0.207738
-0.112239
0.007421
0.098550
0.119458
0.055405
-0.075742
-0.230307
-0.355463
-0.409384
-0.377200
-0.276651
-0.151293
-0.053839
-0.026004
-0.082557
-0.205659
-0.351667
-0.467787
-0.512228
-0.470158
-0.359356
-0.223420
-0.115102
-0.076162
-0.121411
-0.233057
-0.367500
-0.471993
-0.504790
-0.451105
-0.328765
-0.181409
-0.061839
-0.011856
-0.046317
-0.147471
-0.271759
-0.366474
-0.389911
-0.327320
-0.196561
-0.041309
0.085606
0.142350
0.114043
0.018410
-0.101013
-0.191537
-0.211472
-0.146083
-0.013242
0.143369
0.270913
0.327555
0.298416
0.201222
0.079518
-0.013999
-0.037630
0.023379
0.151170
0.302082
0.423301
0.473018
0.436378
0.331140
0.200878
0.098324
0.065214
0.116337
0.233876
0.374209
0.484565
0.523176
0.475232
0.358538
0.216711
0.102530
0.057776
0.097284
0.203284
0.332199
0.431302
0.458870
0.400138
0.272951
0.120970
-0.002988
-0.057102
-0.026501
0.071080
0.192098
0.283857
0.304664
0.239778
0.107071
-0.049776
-0.177926
-0.235542
-0.207738
-0.112239
0.007421
0.098550
0.119458
0.055405
-0.075742
-0.230307
-0.355463
-0.409384
-0.377200
-0.276651
-0.151293
-0.053839
-0.026004
-0.082557
-0.205659
-0.351667
-0.467787
-0.512228
-0.470158
-0.359356
-0.223420
-0.115102
-0.076162
-0.121411
-0.233057
-0.367500
-0.471993
-0.504790
-0.451105
-0.328765
-0.181409
-0.061839
-0.011856
-0.046317
-0.147471
-0.271759
-0.366474
-0.389911
-0.327320
-0.196561
-0.041309
0.085606
0.142350
0.114043
0.018410
-0.101013
-0.191537
0.058240
0.052540
0.194873
0.434285
0.682066
0.845619
0.863826
0.730383
0.496209
0.249995
0.084330
0.060341
0.184354
0.405488
0.635105
0.780679
0.781163
0.630324
0.379148
0.116394
-0.065284
-0.104695
0.004548
0.211621
0.427942
0.561037
0.549910
0.388372
0.127452
-0.144052
-0.333453
-0.379528
-0.275866
-0.073265
0.139706
0.270591
0.258398
0.096946
-0.162738
-0.431862
-0.617746
-0.659183
-0.549778
-0.340354
-0.119506
0.020279
0.017975
-0.132640
-0.380581
-0.637102
-0.809573
-0.836840
-0.712564
-0.487627
-0.250684
-0.094286
-0.079526
-0.212692
-0.442868
-0.681378
-0.835663
-0.844641
-0.702045
-0.458830
-0.203722
-0.029346
0.003137
-0.112632
-0.325806
-0.547776
-0.686049
-0.679605
-0.522239
-0.264963
0.003441
0.190296
0.234390
0.129319
-0.074111
-0.287330
-0.417880
-0.404772
-0.241826
0.019924
0.291676
0.480742
0.525902
0.420746
0.216080
0.000480
-0.133587
-0.125117
0.032087
0.287013
0.550888
0.731054
0.766325
0.650332
0.433923
0.205720
0.058240
0.052540
0.194873
0.434285
0.682066
0.845619
0.863826
0.730383
0.496209
0.249995
0.084330
0.060341
0.184354
0.405488
0.635105
0.780679
0.781163
0.630324
0.379148
0.116394
-0.065284
-0.104695
0.004548
0.211621
0.427942
0.561037
0.549910
0.388372
0.127452
-0.144052
-0.333453
-0.379528
-0.275866
-0.073265
0.139706
0.270591
0.258398
0.096946
-0.162738
-0.431862
-0.617746
-0.659183
-0.549778
-0.340354
-0.119506
0.020279
0.017975
-0.132640
-0.380581
-0.637102
-0.809573
-0.836840
-0.712564
-0.487627
-0.250684
-0.094286
-0.079526
-0.212692
-0.442868
-0.681378
-0.835663
-0.844641
-0.702045
-0.458830
-0.203722
-0.029346
0.003137
-0.112632
-0.325806
-0.547776
-0.686049
-0.679605
-0.522239
-0.264963
0.003441
0.190296
0.234390
0.129319
-0.074111
-0.287330
-0.417880
-0.404772
-0.241826
0.019924
0.291676
0.480742
0.525902
0.420746
0.216080
0.000480
-0.133587
-0.125117
0.032087
0.287013
0.550888
0.731054
0.766325
0.650332
0.433923
0.205720