-0.003576
-0.000366
-0.020629
-0.019789
-0.014948
-0.014709
-0.009447
-0.016151
-0.033348
-0.020731
-0.008839
-0.000226
-0.010175
-0.011935
0.006196
-0.055505
-0.015680
0.053496
-0.004163
-0.025578
-0.028408
-0.005567
0.034811
0.065679
0.056974
0.027985
0.037575
-0.030696
-0.062141
-0.063386
-0.060044
-0.033640
0.030380
-0.004040
0.078320
0.186139
-0.042304
-0.062106
-0.165271
-0.220771
0.150438
0.146784
-0.136067
0.026079
0.188160
-0.087316
-0.146215
-0.242212
-0.188538
0.026042
-0.145361
-0.028690
0.058063
0.079146
0.157923
-0.070985
-0.174397
-0.044634
-0.015723
-0.013645
0.079653
0.146709
0.102967
0.148395
0.183732
0.062651
0.032838
-0.004502
0.017082
0.044169
-0.009816
-0.044217
-0.082723
-0.046848
-0.045763
-0.055636
-0.046743
-0.001409
0.056768
0.036867
0.005827
-0.005427
0.001993
0.012782
0.002955
-0.027393
-0.010135
0.005594
0.014363
0.021505
0.008324
0.009708
0.017821
0.006964
0.000364
0.007623
0.010348
0.018788
0.013983
0.012391
0.021366
0.013118
0.005306
-0.009216
-0.019464
0.004511
0.006703
0.010918
0.020794
0.022619
0.033641
0.006890
-0.026775
-0.011013
-0.009719
-0.003342
0.011704
0.019093
0.053335
0.008774
-0.002442
0.005728
-0.018129
-0.004064
-0.028606
0.034300
0.098832
-0.023051
-0.071703
0.048172
0.089173
-0.057390
-0.016817
0.016856
-0.002577
0.258776
0.109775
-0.096490
-0.074485
-0.159396
-0.072621
-0.159820
-0.142773
0.190377
0.194485
-0.071561
0.037497
0.173632
-0.046881
-0.174573
-0.320003
-0.278478
0.060743
0.169692
0.140907
0.064812
0.089169
0.312753
0.268508
0.078784
-0.088095
-0.039676
0.105640
0.062589
-0.003314
-0.095785
-0.051830
-0.076987
-0.033219
-0.038840
-0.117814
0.033197
0.052168
0.034284
0.008571
0.028094
0.005729
-0.034829
-0.018595
-0.068713
-0.030434
-0.009638
-0.017075
-0.017366
-0.011821
-0.008575
-0.003730
-0.007662
-0.022430
-0.001708
0.004582
0.011842
-0.001793
-0.021150
-0.025512
-0.015545
-0.017895
-0.028608
-0.023841
-0.013783
0.018161
0.026608
0.014294
-0.000945
-0.011626
-0.015467
-0.028789
-0.035759
-0.029925
-0.001733
-0.017617
-0.016965
0.000945
0.002871
0.025401
-0.013727
-0.010372
-0.004304
-0.042475
-0.005525
-0.018154
-0.049291
-0.065016
-0.045739
0.050510
0.002439
-0.029518
0.036618
0.070385
0.112416
0.086071
0.090704
0.073364
-0.022714
-0.068753
-0.021631
0.035603
-0.010796
-0.110130
-0.218565
-0.112518
-0.003243
0.015462
-0.041643
-0.058474
0.128541
-0.049752
0.025979
0.051774
-0.248938
-0.157763
-0.107638
-0.062577
-0.216585
-0.157950
-0.036603
0.046014
0.234444
0.100433
0.080012
0.134766
0.256169
0.160225
0.044468
0.018973
0.025442
0.057132
-0.057692
-0.009017
0.001289
0.038760
0.075331
0.069188
0.033789
0.006965
0.007415
-0.068661
-0.069569
-0.052071
-0.031181
-0.044744
-0.032987
-0.028435
-0.025905
0.001371
-0.000472
0.005474
-0.001958
0.013437
0.014436
0.011790
0.004297
-0.015131
-0.014153
-0.016032
-0.009595
-0.010917
-0.008783
0.001420
0.011482
0.019192
0.014990
0.018811
0.012252
0.008255
-0.000414
-0.000855
-0.008812
-0.031858
0.005749
0.021184
-0.023845
-0.005174
0.027513
-0.015254
0.015522
0.036145
-0.015502
0.005859
0.002496
-0.036326
-0.033334
-0.059180
-0.052977
0.050089
-0.060540
-0.006096
0.083050
-0.173950
0.004413
0.092823
-0.100611
-0.153705
-0.187355
-0.110986
0.109144
0.106060
-0.022720
0.112085
0.049880
0.014755
-0.000281
-0.055210
-0.116718
-0.103522
0.079206
-0.033672
-0.154684
-0.124711
-0.127308
-0.098440
-0.027013
-0.002215
0.102346
0.183937
0.030774
0.019043
0.051350
-0.088963
-0.017593
-0.031271
-0.064712
0.090524
0.056387
0.006377
-0.016408
0.033519
0.077471
0.033373
-0.006980
0.000488
0.025945
0.051446
0.066282
-0.008105
0.011938
0.037834
0.064896
0.050809
0.008529
0.007476
-0.005536
0.024168
0.032857
0.020922
0.006513
0.011259
-0.001042
0.002123
0.005484
-0.005089
0.009746
0.013370
0.024148
0.027595
0.020882
0.017611
0.015949
0.009605
0.012264
0.021111
0.014539
0.016297
0.007432
0.004474
0.017244
0.000099
0.011656
0.035214
0.023785
0.009651
0.021685
0.040778
0.001994
-0.014514
0.006447
-0.020382
0.011450
0.058507
-0.016853
0.026934
0.072175
-0.034769
0.040295
-0.053401
-0.182707
0.017144
-0.050785
-0.000939
0.226354
0.039072
0.027814
0.006318
-0.095914
0.014750
-0.109204
0.063379
0.165359
0.143187
0.346757
0.134591
-0.109857
-0.068035
0.082707
0.080365
-0.026474
-0.025197
0.030020
0.002033
0.088785
-0.032806
-0.240991
-0.015516
-0.101472
0.063053
0.082635
-0.127973
0.105406
0.033668
0.129647
0.030368
-0.175095
-0.015003
0.015262
0.003904
-0.033358
-0.088113
-0.026518
0.021942
-0.034211
-0.039958
-0.061885
-0.059191
-0.029621
-0.043804
-0.027918
-0.001845
-0.015991
-0.027105
-0.002781
-0.001830
0.009926
0.000001
-0.004318
0.005110
0.014915
0.026826
0.002288
-0.015742
-0.032630
-0.036544
-0.021489
-0.009808
-0.014230
-0.016050
-0.009510
-0.009313
-0.006004
-0.015397
-0.032624
-0.026566
-0.028918
-0.018063
-0.005273
-0.014729
-0.012616
-0.018222
-0.030147
-0.038033
-0.015442
0.005186
0.002485
0.006135
-0.003728
-0.013780
-0.022317
-0.039294
-0.019763
-0.017218
-0.020036
0.022397
0.037734
-0.015021
0.009737
0.077499
-0.018850
0.060569
-0.038714
-0.154021
0.058280
0.049379
0.104432
0.045805
-0.016851
0.083743
0.096889
0.007625
-0.234173
-0.207521
-0.017636
0.076856
0.055523
-0.049652
-0.024746
0.068029
-0.021083
-0.206498
-0.270716
-0.305181
-0.145337
0.000673
-0.060847
0.025975
0.070082
0.051052
0.183060
0.053884
-0.107049
-0.075885
-0.105144
0.052595
0.109583
0.064037
0.108475
0.069530
0.155117
0.143285
0.043429
0.026535
0.012846
0.069776
0.080395
0.060968
0.023240
-0.049956
-0.045405
-0.021923
-0.049850
-0.029616
-0.024705
-0.038452
-0.005998
-0.002287
-0.011465
-0.010052
-0.010804
-0.005826
0.022344
0.032444
0.024767
0.018548
0.002115
0.003918
0.003512
-0.001950
-0.001464
0.003869
0.018314
0.033007
0.033506
0.023555
0.020218
0.011193
0.002753
-0.002778
-0.001238
-0.003901
0.000614
0.021356
0.036224
0.035393
0.024655
0.022429
0.025630
0.040045
-0.048476
-0.052278
0.003306
-0.013085
0.034164
0.020041
-0.019063
-0.052805
0.006939
0.014330
-0.005867
0.109785
0.030807
-0.066885
-0.004248
0.006709
0.032851
-0.045561
-0.055427
0.185768
0.094426
-0.014514
0.019631
-0.186937
-0.129249
0.075662
-0.184638
0.033244
0.275987
-0.190484
0.006828
0.098749
0.017399
0.007079
-0.137454
-0.076235
0.007772
0.261599
0.021150
-0.116677
-0.063054
0.019173
0.201712
0.048653
-0.001870
0.056558
0.199548
0.193473
0.097613
-0.002226
-0.037928
-0.014007
-0.069957
-0.086958
-0.095344
-0.057962
-0.007135
0.024011
-0.001284
0.051333
0.048011
-0.016879
-0.025639
-0.039943
-0.036597
-0.038794
-0.024886
-0.038089
-0.020591
-0.010727
-0.016646
-0.012141
-0.020586
-0.000476
0.006004
0.009198
0.007556
-0.009572
-0.017561
-0.015474
-0.014893
-0.025107
-0.029409
-0.023088
-0.008799
0.004162
-0.001642
-0.011364
-0.013991
-0.011147
-0.012091
-0.010826
-0.021151
-0.026803
-0.015429
-0.011692
-0.007637
-0.034711
-0.030796
-0.020606
-0.048033
0.003832
0.040189
-0.048224
-0.040187
-0.038341
-0.146832
-0.041392
0.028727
0.046436
-0.009037
-0.052300
0.017905
-0.045277
0.016695
-0.022400
-0.155726
-0.096529
-0.019576
0.156594
0.126361
-0.227748
-0.064067
0.166819
-0.023461
-0.003236
-0.019253
-0.156261
0.272508
0.494463
-0.008113
0.045328
0.229607
0.179421
0.225927
-0.025024
-0.162884
-0.136233
-0.055683
-0.138715
-0.232980
-0.197394
-0.212545
-0.003089
0.018696
-0.027732
0.019816
-0.021078
-0.011668
0.026067
0.041754
0.061024
0.091947
0.031480
0.081958
0.128823
0.054030
0.037960
0.047105
0.001077
0.012257
0.037398
-0.027050
-0.006228
-0.036006
-0.043894
-0.010411
-0.013317
-0.006831
-0.029954
-0.031542
-0.022962
-0.006299
-0.029535
-0.030266
-0.019479
-0.007827
0.004599
-0.017579
-0.029499
-0.030203
-0.018408
-0.015927
-0.016660
-0.016905
-0.012591
-0.003531
0.003017
0.002691
-0.004328
-0.007626
-0.015607
-0.008103
-0.009962
-0.020500
-0.035781
-0.037371
-0.010415
0.004534
0.009761
-0.030372
0.003127
0.064862
-0.004161
-0.059712
-0.084183
-0.033776
0.056882
0.000306
0.006375
-0.024311
-0.147546
0.076523
0.029351
-0.105553
0.073323
-0.091518
0.023474
0.179983
0.017361
-0.114407
-0.172425
0.086136
0.005480
-0.045802
0.031412
-0.091248
0.251181
0.369327
0.005571
-0.125188
-0.042957
0.051463
0.260977
0.070365
-0.123805
0.129682
0.059193
-0.009551
-0.075941
-0.269226
-0.275370
-0.095326
0.061366
0.057425
-0.012707
-0.074248
-0.014497
-0.011880
0.057794
0.008087
-0.072444
0.000592
0.002414
-0.000582
-0.056841
-0.081358
-0.110911
-0.086839
-0.040394
-0.005893
-0.000847
-0.027312
-0.002328
-0.000151
0.035733
0.030621
-0.001433
-0.002006
0.001976
0.018447
0.019562
-0.000986
-0.004488
0.011160
0.011742
0.017812
-0.006496
-0.027931
-0.016876
-0.007298
0.006561
0.004598
-0.006589
-0.010149
-0.008876
-0.010332
-0.011208
-0.018708
-0.025214
-0.005841
0.002442
0.011501
0.009193
-0.019993
-0.026556
-0.023463
0.004844
0.020888
-0.014958
-0.040727
-0.015441
-0.004109
-0.003543
0.020550
-0.002158
0.027053
0.042201
-0.014970
-0.014795
0.007611
0.068498
0.047531
0.007336
0.047905
-0.049411
-0.099005
0.030147
0.035662
0.004343
0.033955
0.081733
0.070967
0.068466
0.156621
-0.077534
-0.009698
0.272839
0.082620
0.054211
0.035013
-0.053860
-0.252559
-0.141615
0.121259
-0.201127
-0.102296
0.088571
-0.014917
0.034213
0.036013
-0.089340
-0.029603
0.089764
0.009226
0.003396
-0.024521
-0.006067
-0.080275
-0.148700
-0.054570
-0.029130
0.022063
0.035614
0.061897
0.093983
0.094465
0.052145
0.004024
-0.003511
-0.015338
-0.022768
-0.044863
-0.039636
-0.028060
-0.008844
0.001734
-0.002596
-0.000507
0.001837
0.000215
-0.004793
-0.004292
-0.017720
-0.019509
-0.012867
-0.012748
-0.009167
-0.023102
-0.022232
-0.015044
-0.006702
0.007712
0.005445
-0.002929
0.001399
0.001198
-0.011478
-0.009474
-0.012075
-0.014370
-0.012822
-0.009505
-0.005096
-0.005460
0.005137
0.008129
-0.001415
0.013281
0.022154
0.001508
-0.006131
-0.006221
-0.019551
-0.012585
0.000915
-0.017393
-0.020596
-0.009488
-0.008152
-0.003613
-0.000827
-0.002116
-0.002666
0.001307
0.000851
-0.002475
-0.004396
-0.004794
-0.000428
0.005188
0.007406
0.003980
0.002242
0.001549
0.001183
0.001586
0.002847
0.003596
0.002746
0.001594
-0.000572
-0.001132
-0.000530
-0.000237
0.000342
0.002653
0.003413
0.002784
0.000527
-0.001087
-0.001623
-0.002067
-0.001123
0.000342
0.001876
0.002755
0.003138
0.002174
0.000721
-0.000584
-0.000681
-0.000410
0.000683
0.000949
0.000798
0.000941
0.001557
0.001589
0.001523
0.001133
0.001033
0.000996
0.001308
0.001485
0.001190
0.000880
0.000745
0.000695
0.000939
0.001236
0.001464
0.001587
0.001701
0.001561
0.001333
0.000980
0.000610
0.000408
0.000472
0.000644
0.000696
0.000633
0.000377
0.000132
-0.000012
-0.000064
0.000067
0.000393
0.000697
0.000787
0.000707
0.000458
0.000008
-0.000235
-0.000164
0.000029
0.000315
0.000543
0.000523
0.000381
0.000197
0.000005
-0.000048
-0.000009
0.000095
0.000192
0.000261
0.000256
0.000240
0.000131
0.000070
0.000038
-0.004829
-0.002946
-0.001983
0.006735
-0.011580
-0.017233
-0.015759
-0.000402
0.010778
-0.001285
0.023904
-0.036851
-0.056234
0.034939
0.016128
-0.027220
-0.019924
-0.022260
0.014973
0.060625
0.076475
0.077694
0.077291
-0.026349
-0.093304
-0.088749
-0.075207
-0.056903
0.017283
0.007872
0.036018
0.212873
0.033532
-0.058639
-0.090499
-0.298731
-0.016231
0.207555
-0.089810
0.013734
0.262502
-0.069464
-0.198131
-0.229232
-0.263656
0.042323
-0.194035
-0.221126
0.149694
0.102712
0.116368
0.052484
-0.156989
-0.029314
-0.061058
-0.189097
0.068168
0.234456
0.148701
0.160079
0.199944
0.133054
0.110044
0.001053
-0.005455
0.073529
-0.021197
-0.082004
-0.059589
-0.052908
-0.043240
-0.065524
-0.051066
0.015486
0.042544
0.028323
0.026665
0.035349
0.028856
0.007514
0.006291
0.003014
0.002404
-0.000629
-0.007347
0.011677
0.015886
0.007786
0.002575
0.012311
0.000335
-0.000398
0.007501
0.004456
0.015913
0.004279
0.002828
0.007584
-0.001991
-0.011255
-0.016908
-0.006318
-0.002930
-0.002362
0.012036
0.022573
0.039789
0.027392
-0.017674
-0.009023
-0.004924
-0.020568
0.005062
0.012053
0.053056
0.032159
-0.012353
0.012154
-0.004811
-0.013757
-0.023009
0.002459
0.110587
0.031901
-0.091664
0.018445
0.119772
-0.031616
-0.058296
0.042848
-0.025537
0.190917
0.191761
-0.041634
0.015138
-0.156917
-0.223470
-0.167018
-0.230371
0.120519
0.328868
-0.050048
-0.031396
0.236025
0.021068
-0.149821
-0.306534
-0.388984
-0.056443
0.039920
0.061831
0.270013
0.214155
0.259304
0.290218
0.133060
0.050923
0.007469
0.005279
0.003951
-0.017180
-0.050786
0.007236
-0.082532
-0.138026
-0.055425
-0.102005
0.002614
0.059132
0.002301
0.032973
0.070059
0.031705
-0.006807
-0.018141
-0.061939
-0.041944
-0.043671
-0.052444
-0.025491
-0.011880
-0.013684
-0.016657
-0.008934
-0.013696
-0.002171
-0.012426
-0.008410
-0.003945
-0.015068
-0.030132
-0.046804
-0.035157
-0.036296
-0.029524
-0.024482
-0.012632
0.011185
0.018552
0.019094
0.012705
-0.002086
-0.021405
-0.028319
-0.032243
-0.012933
-0.019235
-0.035170
-0.010777
-0.001643
0.021985
0.014352
0.003203
0.022176
-0.028331
-0.026897
-0.003017
-0.041265
-0.055832
-0.071916
0.013766
0.028012
-0.042108
0.024269
0.086132
0.118118
0.113283
0.116915
0.146701
0.048539
-0.095068
-0.075974
0.028327
0.009175
-0.081375
-0.226464
-0.190150
-0.069116
-0.048310
-0.001131
-0.000009
0.156179
-0.017160
-0.110746
0.107276
-0.128313
-0.206230
-0.156654
-0.152103
-0.223672
-0.233546
-0.118619
0.026677
0.228328
0.153074
0.134713
0.194113
0.252887
0.183063
0.101411
0.099761
0.068242
0.020087
-0.119847
-0.055952
0.054641
0.046988
0.056008
0.079614
0.081058
0.042306
0.013429
-0.046262
-0.040321
-0.040336
-0.059449
-0.048841
-0.037575
-0.016104
-0.029382
-0.012635
-0.000214
0.011719
0.011416
0.005655
0.017936
0.015938
0.012243
0.002279
-0.016378
-0.029829
-0.036452
-0.039743
-0.031038
-0.025425
-0.018939
-0.006675
0.007673
0.012932
0.012307
0.006934
0.002304
0.003630
-0.003531
-0.030120
-0.021023
0.020756
-0.019897
-0.028594
0.028788
-0.009789
-0.002185
0.048243
0.007230
0.016825
0.026769
-0.035606
-0.026931
-0.038695
-0.092479
0.041952
-0.019651
-0.074889
0.124620
-0.123127
-0.110236
0.133528
-0.061748
-0.149538
-0.162987
-0.237526
0.025528
0.140154
-0.031155
0.199143
0.153346
-0.063268
-0.028174
-0.038486
-0.065403
-0.086962
-0.034812
-0.018189
-0.128781
-0.171286
-0.147683
-0.130921
-0.066987
-0.026077
0.080058
0.238363
0.102552
-0.010506
0.121678
-0.028515
-0.058306
-0.014677
-0.101999
0.063048
0.084091
-0.035091
0.031655
0.071393
0.062444
0.073675
0.001574
0.014877
0.057647
0.008354
0.056677
0.063939
0.036513
0.059245
0.043461
0.035527
0.042051
0.037154
0.005714
0.017785
0.021556
0.024006
0.037975
0.025410
0.012943
-0.003062
0.000240
-0.004731
0.002228
0.003915
0.003904
0.016515
0.016685
0.018397
0.019391
0.019257
0.013468
0.011972
0.008676
0.006801
0.006015
-0.006668
0.004355
-0.000574
-0.004535
0.022978
0.019555
-0.000991
0.010283
0.041397
0.018525
-0.017286
0.002212
-0.012871
-0.014057
0.050317
-0.003450
0.002921
0.097879
-0.022250
0.006254
0.021758
-0.211669
-0.054393
-0.021872
-0.114972
0.237254
0.161417
0.009218
0.094748
-0.140186
-0.054245
-0.053655
-0.062584
0.217264
0.188863
0.293986
0.312288
-0.029516
-0.092672
0.067736
0.037082
0.003797
-0.012799
0.023805
0.004137
-0.002368
0.012105
-0.148570
-0.008492
-0.114761
-0.129863
0.110095
-0.084222
0.074244
0.126154
0.064177
0.117379
-0.124513
-0.108505
0.041819
-0.060530
-0.063737
-0.039109
-0.062132
0.006594
-0.083220
-0.091706
0.009876
-0.059008
-0.093169
-0.080418
-0.073406
0.001045
-0.017258
-0.052091
0.007972
0.001650
-0.019368
0.001288
0.000686
0.023588
0.014034
-0.003031
0.012130
0.005815
-0.010472
-0.028254
-0.032387
-0.016260
-0.013670
-0.014610
-0.012595
-0.008563
-0.005593
-0.009317
-0.002491
-0.014318
-0.021675
-0.023580
-0.012105
0.003356
-0.006776
-0.010481
-0.019224
-0.036956
-0.022879
0.006413
0.000632
0.014714
0.008377
-0.016387
-0.012696
-0.045028
-0.032066
-0.004530
-0.028765
0.005679
0.041291
-0.003219
-0.010454
0.092747
0.012224
0.048000
0.032501
-0.187612
-0.013152
0.052207
0.063141
0.137079
0.033430
0.063142
0.124265
0.005748
-0.185661
-0.220636
-0.100163
0.003640
0.030794
-0.000904
0.040828
0.093684
-0.031100
-0.228554
-0.253899
-0.308653
-0.300312
-0.135818
-0.103526
0.037401
0.154588
0.044522
0.156930
0.167305
-0.073920
-0.066317
-0.139583
-0.094480
0.101607
0.070953
0.153294
0.177701
0.120563
0.157546
0.091699
0.056418
0.068253
0.047954
0.055806
0.070579
0.066697
0.017904
-0.023591
-0.024423
-0.058636
-0.048948
-0.016236
-0.028328
-0.010277
-0.002736
-0.010385
0.019323
0.030042
0.007419
0.019662
0.026340
0.021459
0.027932
0.006227
-0.005069
-0.003844
-0.012990
-0.013779
-0.004402
-0.000525
0.006812
0.018516
0.017964
0.017854
0.014165
-0.007432
-0.017344
-0.006760
-0.013446
-0.014410
-0.001495
0.011549
0.034712
0.030401
0.032873
0.034026
0.054895
-0.013000
-0.066157
-0.004727
-0.022093
0.004631
0.036837
0.006569
-0.044484
-0.026443
-0.008971
-0.013305
0.116984
0.109518
-0.046489
-0.029571
-0.017238
0.008339
0.008091
-0.084319
0.153578
0.183320
-0.053032
0.023958
-0.087665
-0.222118
0.036449
-0.172198
-0.117121
0.402916
-0.108229
-0.158121
0.179024
-0.002468
0.055689
-0.065208
-0.176921
0.015162
0.187661
0.003518
-0.014453
0.028365
-0.049237
0.102171
0.058198
0.043729
0.161747
0.178885
0.148846
0.144746
0.083054
0.038560
-0.001776
-0.142278
-0.143762
-0.100988
-0.083840
-0.033183
0.005019
0.005276
0.061507
0.084668
0.001475
-0.013533
-0.030668
-0.056106
-0.057465
-0.052111
-0.042462
-0.030028
-0.019040
-0.039610
-0.025562
-0.007778
-0.019126
-0.011989
-0.004813
-0.009897
0.002493
-0.016418
-0.030568
-0.022366
-0.030297
-0.035575
-0.038911
-0.036271
-0.027297
-0.008148
-0.007960
-0.002106
-0.005110
-0.016416
-0.002652
-0.008571
-0.023467
-0.019664
-0.010722
-0.007438
-0.022875
-0.036210
-0.020221
-0.040945
-0.026931
0.047107
-0.009762
-0.047072
-0.010961
-0.147603
-0.103075
0.023065
0.052314
0.049775
-0.035388
-0.011638
-0.035962
-0.037678
0.001793
-0.095204
-0.118031
-0.077312
0.040930
0.201724
-0.094525
-0.131451
0.180956
-0.011980
-0.105277
0.057582
-0.116950
0.133979
0.528226
0.097243
0.112830
0.386203
0.144657
0.207278
0.102616
-0.123334
-0.045171
-0.166021
-0.316662
-0.226687
-0.158968
-0.244555
-0.103134
-0.037450
-0.029392
0.080670
0.016202
-0.027204
0.029596
0.013530
0.047007
0.143991
0.053921
0.071171
0.139098
0.056664
0.035863
0.070325
0.011427
-0.009515
0.007398
-0.058811
-0.011410
-0.004764
-0.078406
-0.039312
-0.027132
-0.032082
-0.016032
-0.038659
-0.045573
-0.012360
-0.021022
-0.030801
-0.002265
-0.008963
-0.005012
0.003871
-0.011724
-0.018419
-0.018922
-0.030718
-0.020302
-0.016451
-0.021794
-0.016154
-0.012257
-0.003075
-0.000861
-0.000268
-0.015548
-0.012797
-0.014885
-0.022245
-0.028827
-0.038526
-0.027405
-0.010997
0.007849
-0.023100
-0.014196
0.061646
0.020766
-0.044956
-0.067410
-0.063177
0.034350
0.018039
-0.003017
0.055913
-0.137456
-0.047308
0.072604
-0.118619
0.092839
0.012172
-0.095254
0.183178
0.075305
-0.075439
-0.116391
-0.016473
0.009788
-0.087686
0.015049
-0.022399
0.161303
0.401172
0.128678
-0.050700
0.029130
-0.054964
0.137697
0.184055
-0.062938
0.193868
0.110106
-0.165855
-0.058771
-0.159846
-0.291415
-0.183469
-0.118310
0.015866
0.104570
-0.050446
-0.011314
0.001270
-0.016657
0.045242
-0.022819
-0.002785
-0.004122
-0.079372
-0.089609
-0.051869
-0.089018
-0.118873
-0.099132
-0.073067
-0.020577
-0.020514
-0.009600
0.015399
0.018043
0.018400
0.008478
0.012970
0.013703
-0.004190
-0.001319
0.017670
0.014759
0.015144
0.009826
0.007847
0.021529
0.010773
-0.006006
-0.000410
0.002831
0.008134
0.016499
0.001218
-0.001190
-0.006928
-0.012315
0.000153
-0.006186
-0.006710
0.001493
0.003474
0.018239
0.011770
-0.013632
-0.016825
-0.005620
0.017376
0.003898
-0.041225
-0.034250
-0.023361
-0.028370
0.014841
0.019340
0.027549
0.054302
-0.016902
-0.031911
0.003527
0.052779
0.077022
0.024194
0.054877
0.000361
-0.148497
-0.048882
0.044671
0.018956
0.049823
0.076510
0.085133
0.062771
0.159918
0.033629
-0.043629
0.258342
0.142487
0.034691
0.108899
0.001655
-0.224487
-0.291458
0.018371
-0.088868
-0.170963
0.047674
0.001457
-0.004651
0.060070
-0.072101
0.003390
0.126432
-0.059701
-0.026265
0.024897
-0.022065
-0.059667
-0.188237
-0.128694
-0.019570
-0.035511
-0.005469
0.077603
0.117808
0.120530
0.070171
0.019557
0.044218
-0.017636
-0.069332
-0.063279
-0.053376
-0.037084
-0.031424
-0.012682
0.009356
0.020028
0.005678
0.000425
0.008007
0.008556
0.000662
-0.005446
-0.007832
-0.013074
-0.018080
-0.018574
-0.019923
-0.015543
-0.011578
-0.005139
0.010392
0.010591
0.004776
0.006522
0.004385
-0.006099
-0.005500
-0.010036
-0.019584
-0.017732
-0.022362
-0.017371
-0.006301
0.004783
0.005340
0.012582
0.029830
0.015282
-0.002519
-0.003375
-0.013048
-0.020737
-0.003672
-0.010862
-0.022024
-0.014771
-0.020546
-0.012378
-0.003667
-0.003531
0.002973
0.007297
0.004450
0.002600
0.001160
-0.000382
0.000721
0.000886
0.002561
0.003637
0.003942
0.002821
-0.000187
0.001354
0.004038
0.005424
0.004154
0.003357
0.002531
-0.000138
-0.001131
0.000077
-0.000560
0.000592
0.002264
0.001936
0.003973
0.002455
0.000447
0.000680
-0.000985
0.000640
0.002435
0.001891
0.003112
0.003441
0.002187
0.000916
0.000209
-0.000183
-0.000168
-0.000079
0.000499
0.000373
0.000813
0.001080
0.001101
0.001121
0.001068
0.000541
0.000379
0.000345
0.000822
0.000902
0.000706
0.000616
0.000369
0.000443
0.000832
0.001142
0.001338
0.001655
0.001597
0.001155
0.000890
0.000466
0.000317
0.000525
0.000643
0.000580
0.000463
0.000212
0.000071
0.000002
-0.000136
0.000026
0.000323
0.000565
0.000780
0.000706
0.000303
-0.000078
-0.000224
-0.000207
-0.000084
0.000190
0.000367
0.000300
0.000233
0.000113
-0.000047
-0.000027
-0.000009
-0.000003
0.000104
0.000114
0.000183
0.000260
0.000137
0.000037
0.000005
-0.000098
-0.000038
0.000023