-0.001735
0.068487
0.138567
0.204403
0.262282
0.309394
0.344116
0.366009
0.375574
0.373882
0.362229
0.341934
0.314331
0.280928
0.243604
0.204722
0.167052
0.133476
0.106534
0.087946
0.078268
0.076793
0.081752
0.090735
0.101222
0.111047
0.118664
0.123171
0.124115
0.121204
0.114062
0.102155
0.084910
0.062001
0.033674
0.000963
-0.034302
-0.069731
-0.102806
-0.131362
-0.153974
-0.170118
-0.180072
-0.184597
-0.184536
-0.180473
-0.172586
-0.160740
-0.144758
-0.124781
-0.101536
-0.076417
-0.051325
-0.028320
-0.009204
0.004814
0.013251
0.016249
0.014286
0.007808
-0.003040
-0.018501
-0.039046
-0.065044
-0.096367
-0.132102
-0.170486
-0.209093
-0.245246
-0.276503
-0.301070
-0.318023
-0.327265
-0.329287
-0.324831
-0.314596
-0.299123
-0.278873
-0.254465
-0.226960
-0.198028
-0.169909
-0.145129
-0.126031
-0.114264
-0.110387
-0.113710
-0.122440
-0.134049
-0.145780
-0.155092
-0.159949
-0.158873
-0.150816
-0.134938
-0.110453
-0.076620
-0.032938
0.020530
0.082815
0.151838
0.224457
0.296781
0.364703
0.424511
0.473393
0.509722
0.533058
0.543902
0.543323
0.532616
0.513097
0.486103
0.453139
0.416084
0.377300
0.339559
0.305741
0.278387
0.259218
0.248789
0.246396
0.250269
0.257999
0.267069
0.275312
0.281186
0.283789
0.282671
0.277541
0.268027
0.253594
0.233675
0.207945
0.176653
0.140835
0.102327
0.063518
0.026933
-0.005262
-0.031637
-0.051666
-0.065620
-0.074259
-0.078420
-0.078684
-0.075226
-0.067903
-0.056537
-0.041262
-0.022802
-0.002546
0.017610
0.035611
0.049661
0.058554
0.061813
0.059586
0.052353
0.040570
0.024383
0.003557
-0.022376
-0.053777
-0.090515
-0.131671
-0.175475
-0.219499
-0.261058
-0.297705
-0.327642
-0.349937
-0.364490
-0.371788
-0.372564
-0.367516
-0.357177
-0.342002
-0.322609
-0.300051
-0.275993
-0.252672
-0.232608
-0.218139
-0.210911
-0.211477
-0.219144
-0.232113
-0.247854
-0.263604
-0.276819
-0.285458
-0.288041
-0.283515
-0.271038
-0.249818
-0.219114
-0.178420
-0.127796
-0.068209
0.814065
0.759341
0.685816
0.596165
0.494540
0.386933
0.280903
0.184620
0.105453
0.048552
0.015856
0.005868
0.014274
0.035176
0.062528
0.091317
0.118116
0.140942
0.158560
0.169628
0.172096
0.163168
0.139886
0.100141
0.043721
-0.027052
-0.107359
-0.190686
-0.270132
-0.339830
-0.396000
-0.437314
-0.464491
-0.479325
-0.483537
-0.477915
-0.462055
-0.434797
-0.395152
-0.343339
-0.281500
-0.213766
-0.145625
-0.082783
-0.029928
0.010180
0.036955
0.051515
0.055699
0.050959
0.037586
0.014561
-0.019878
-0.067186
-0.127370
-0.198208
-0.275162
-0.352038
-0.422200
-0.479934
-0.521489
-0.545488
-0.552602
-0.544678
-0.523710
-0.491069
-0.447310
-0.392616
-0.327680
-0.254626
-0.177551
-0.102378
-0.035981
0.015194
0.046574
0.056523
0.046654
0.021337
-0.013426
-0.051348
-0.086975
-0.116232
-0.136304
-0.145032
-0.140171
-0.118932
-0.078098
-0.014747
0.072627
0.183013
0.312226
0.453032
0.596060
0.731315
0.849820
0.944929
1.012947
1.052957
1.066019
1.054140
1.019429
0.963775
0.889117
0.798133
0.694976
0.585639
0.477683
0.379279
0.297800
0.238397
0.203011
0.190149
0.195499
0.213166
0.237108
0.262313
0.285361
0.304271
0.317811
0.324643
0.322723
0.309258
0.281295
0.236731
0.175354
0.099497
0.013980
-0.074677
-0.159567
-0.234819
-0.296646
-0.343715
-0.376739
-0.397507
-0.407734
-0.408201
-0.398500
-0.377463
-0.344095
-0.298611
-0.243144
-0.181820
-0.120120
-0.063746
-0.017376
0.016235
0.036505
0.044562
0.042249
0.031026
0.011189
-0.018273
-0.059117
-0.112792
-0.179297
-0.256406
-0.339572
-0.422597
-0.498840
-0.562577
-0.610055
-0.639889
-0.652744
-0.650463
-0.635034
-0.607822
-0.569376
-0.519876
-0.460007
-0.391890
-0.319617
-0.249105
-0.187224
-0.140416
-0.113249
-0.107357
-0.121120
-0.150165
-0.188487
-0.229796
-0.268634
-0.300921
-0.323842
-0.335234
-0.332849
-0.313896
-0.275156
-0.213704
-0.128032
-0.019152
0.108757
0.248458
0.390584
0.525139
0.643147
0.737964
0.805894
0.846020
0.859403
0.848048