-0.009015
-0.015162
-0.007088
-0.006691
-0.001838
-0.004299
-0.024147
-0.026454
-0.013324
0.004534
0.006570
-0.006830
0.009523
-0.045909
-0.054009
0.041968
0.015958
-0.025679
-0.022553
-0.022148
0.022969
0.061536
0.074333
0.052895
0.051746
-0.020962
-0.078670
-0.074409
-0.070687
-0.050158
0.020378
0.011099
0.039496
0.203683
0.026770
-0.072782
-0.113803
-0.287004
0.032264
0.223259
-0.079206
-0.023010
0.202645
-0.052378
-0.167925
-0.210818
-0.252648
0.017069
-0.147688
-0.129922
0.112217
0.059668
0.139352
0.028650
-0.171537
-0.056083
-0.044982
-0.082730
0.085671
0.182869
0.122175
0.131642
0.194382
0.123435
0.069644
0.000052
0.003273
0.067024
-0.008104
-0.056711
-0.078942
-0.075766
-0.047866
-0.056169
-0.036040
0.002389
0.047845
0.044591
0.017865
0.001665
-0.003965
0.006432
0.017210
-0.000372
-0.005371
0.001728
0.003775
0.016411
0.010706
0.000771
0.009288
0.012519
-0.003623
0.005363
0.007715
0.013193
0.018855
0.007009
0.009909
0.009173
-0.003447
-0.010254
-0.016726
-0.004949
0.003941
0.003194
0.017727
0.026127
0.039841
0.024261
-0.015913
-0.010503
-0.007634
-0.016624
0.004505
0.011540
0.053443
0.027905
-0.010343
0.012958
-0.010340
-0.009102
-0.021913
0.005748
0.108123
0.019635
-0.088552
0.013508
0.106814
-0.026357
-0.049526
0.035452
-0.027655
0.201223
0.204293
-0.057567
-0.045117
-0.176496
-0.162326
-0.129485
-0.198313
0.128717
0.278743
-0.038505
-0.023607
0.197383
0.011991
-0.154155
-0.298234
-0.362835
-0.040996
0.121736
0.144502
0.182847
0.098836
0.246813
0.313463
0.153079
0.006919
-0.061848
0.027261
0.051752
0.017682
-0.057842
-0.056336
-0.096498
-0.091332
-0.011998
-0.101143
-0.005626
0.054990
0.014714
0.028075
0.035043
0.016439
-0.024806
-0.009054
-0.042570
-0.042882
-0.027219
-0.034210
-0.024706
-0.024835
-0.023757
-0.010008
0.005315
-0.007814
-0.001953
-0.000619
0.004304
0.001248
-0.017090
-0.040109
-0.043503
-0.029033
-0.032338
-0.025816
-0.021495
0.002573
0.028287
0.024721
0.015329
0.002480
-0.008844
-0.023805
-0.030145
-0.035313
-0.013332
-0.016872
-0.031168
-0.002025
0.001414
0.026116
0.011216
-0.006932
0.012394
-0.036724
-0.023971
-0.007010
-0.044293
-0.060934
-0.070346
0.024412
0.030491
-0.034977
0.025322
0.073511
0.111183
0.110037
0.105139
0.115140
0.011916
-0.089412
-0.055939
0.032707
0.013668
-0.082304
-0.222859
-0.182362
-0.044776
-0.003788
0.004857
-0.045477
0.111435
-0.011687
-0.063811
0.117823
-0.172218
-0.220897
-0.138962
-0.103551
-0.180306
-0.222087
-0.082566
0.017087
0.224523
0.168762
0.107369
0.149103
0.231366
0.204142
0.088928
0.060011
0.024445
0.034791
-0.065205
-0.034000
0.025799
0.021063
0.064863
0.085950
0.071513
0.017680
0.006807
-0.049339
-0.060511
-0.053322
-0.041433
-0.037618
-0.038413
-0.025836
-0.041569
-0.013931
-0.001185
0.015388
0.010682
0.008768
0.017367
0.010793
0.014338
-0.004100
-0.015612
-0.023282
-0.027325
-0.026670
-0.029314
-0.020261
-0.010285
0.011282
0.016978
0.016787
0.014997
0.007589
0.009536
0.003860
0.000446
-0.031874
-0.015828
0.019852
-0.021958
-0.022385
0.028045
-0.001269
0.004895
0.052240
0.003978
0.005582
0.016132
-0.034636
-0.029890
-0.049534
-0.082609
0.036492
-0.021541
-0.059271
0.112054
-0.129482
-0.093122
0.130689
-0.060680
-0.146491
-0.185939
-0.200119
0.050929
0.148489
-0.005231
0.134744
0.095810
-0.032103
0.006902
-0.036889
-0.083298
-0.122714
0.004167
0.015850
-0.139359
-0.160188
-0.146328
-0.127342
-0.044576
0.001751
0.082545
0.211980
0.079975
-0.009278
0.085927
-0.052502
-0.050646
-0.001676
-0.084117
0.062512
0.077612
-0.011222
0.012829
0.033476
0.072208
0.062349
0.003485
0.010189
0.031382
0.021168
0.078416
0.040836
0.008991
0.034325
0.039885
0.053085
0.034290
0.022890
0.000260
0.017142
0.024983
0.028468
0.020105
0.011923
0.008509
0.004127
0.010522
-0.006735
-0.003572
-0.002817
0.007340
0.020917
0.023296
0.024145
0.021949
0.018107
0.009167
0.013696
0.011029
0.009885
0.009187
-0.002779
0.010823
0.000896
-0.002139
0.026812
0.025198
0.008856
0.018265
0.044730
0.016242
-0.018063
0.000047
-0.017621
-0.010522
0.056420
0.005115
0.005098
0.087776
-0.020984
0.012506
0.007324
-0.203943
-0.041034
-0.017087
-0.074845
0.230202
0.126609
0.003030
0.057155
-0.128522
-0.017662
-0.061257
-0.029493
0.211320
0.147220
0.310608
0.269544
-0.072731
-0.104388
0.048801
0.081170
0.019447
-0.024335
0.012231
-0.010614
0.026724
0.037577
-0.190705
-0.057959
-0.096721
-0.057712
0.146488
-0.103377
0.050937
0.083649
0.069819
0.122044
-0.146654
-0.089202
0.027783
-0.024724
-0.017449
-0.063314
-0.069081
0.003961
-0.057283
-0.056939
-0.021396
-0.069736
-0.053878
-0.047718
-0.045715
-0.010555
-0.030522
-0.046187
0.001308
0.005405
0.004257
0.013177
0.000026
0.010028
0.001854
0.013727
0.020152
0.002398
-0.014847
-0.036951
-0.032023
-0.015426
-0.010553
-0.013200
-0.012452
-0.009261
-0.009088
-0.005921
-0.019239
-0.026196
-0.024488
-0.023702
-0.001728
-0.005772
-0.013296
-0.016074
-0.023988
-0.037247
-0.022808
0.004771
0.001779
0.012642
0.002674
-0.013414
-0.018102
-0.043036
-0.027875
-0.009711
-0.026344
0.008830
0.041182
-0.002803
-0.010426
0.083388
0.006923
0.039961
0.023269
-0.177830
-0.003268
0.060140
0.081818
0.117920
-0.003693
0.056685
0.106958
0.028152
-0.177901
-0.246604
-0.087534
0.041470
0.073464
-0.002809
-0.018265
0.047973
-0.011038
-0.186352
-0.252890
-0.320058
-0.261313
-0.062509
-0.052274
0.022289
0.104178
0.032673
0.164335
0.151438
-0.082478
-0.080992
-0.133931
-0.038274
0.130451
0.074605
0.128133
0.111027
0.115020
0.176955
0.086907
0.049649
0.033885
0.042518
0.070524
0.065904
0.046497
-0.018435
-0.044163
-0.021418
-0.040456
-0.033126
-0.014391
-0.041660
-0.025810
-0.011148
-0.012297
0.008764
0.010535
0.002452
0.022839
0.034604
0.027898
0.022781
-0.001064
-0.011367
-0.006923
-0.011377
-0.008000
-0.000870
0.007425
0.023730
0.034294
0.027135
0.018441
0.007288
-0.009758
-0.010670
-0.004631
-0.008974
-0.008427
0.007844
0.027101
0.040920
0.031006
0.030968
0.032162
0.052414
-0.017044
-0.069842
-0.008652
-0.019404
0.017005
0.039526
-0.002633
-0.049871
-0.023808
0.014178
-0.006037
0.102903
0.086196
-0.062622
-0.030768
-0.005439
0.022542
-0.001577
-0.085412
0.146461
0.166251
-0.030464
0.030752
-0.124438
-0.217801
0.050489
-0.133900
-0.084867
0.349054
-0.111138
-0.124053
0.152571
0.001910
0.057361
-0.099262
-0.138468
-0.007433
0.193160
0.086443
-0.066347
-0.042274
-0.051858
0.152915
0.108115
0.031928
0.081843
0.146980
0.191823
0.149035
0.057204
-0.016947
-0.035153
-0.100801
-0.097388
-0.089502
-0.075931
-0.029934
0.009160
0.002327
0.046146
0.068057
-0.005107
-0.010883
-0.028885
-0.045841
-0.052443
-0.042467
-0.039708
-0.033893
-0.017027
-0.028324
-0.006758
-0.009268
-0.016985
-0.003263
-0.003193
0.004606
0.001404
-0.019721
-0.024743
-0.016611
-0.022203
-0.034626
-0.034197
-0.031083
-0.008764
-0.000907
-0.009547
-0.005754
-0.009914
-0.009997
-0.003132
-0.008370
-0.023843
-0.015201
-0.012280
-0.009237
-0.026329
-0.043927
-0.020653
-0.043792
-0.017043
0.052053
-0.015696
-0.052916
-0.020228
-0.140981
-0.091251
0.027645
0.049437
0.033495
-0.055222
-0.008265
-0.034932
-0.021982
0.018253
-0.117574
-0.127836
-0.062975
0.085304
0.207998
-0.128919
-0.159954
0.156362
0.009038
-0.046438
0.048574
-0.149466
0.121190
0.537844
0.133651
0.045400
0.274584
0.143443
0.235440
0.089773
-0.140692
-0.124729
-0.150966
-0.184888
-0.206759
-0.190454
-0.251638
-0.091105
0.021906
-0.007947
0.046044
-0.011293
-0.035208
0.019250
0.032631
0.064501
0.114071
0.050366
0.070014
0.133979
0.066023
0.039143
0.060092
0.009935
-0.007274
0.019388
-0.032917
-0.007992
-0.015752
-0.070134
-0.026269
-0.020749
-0.013916
-0.021911
-0.046480
-0.041472
-0.007702
-0.018623
-0.032711
-0.010388
-0.011137
0.009922
0.007781
-0.013808
-0.022342
-0.024900
-0.026581
-0.019426
-0.020482
-0.023618
-0.011770
-0.002472
0.003218
0.004135
-0.005229
-0.018322
-0.013553
-0.011841
-0.020627
-0.034171
-0.045078
-0.023988
-0.000387
0.009665
-0.020691
-0.014519
0.064645
0.027827
-0.044799
-0.078143
-0.066754
0.040948
0.024471
0.001469
0.026230
-0.151812
-0.018004
0.090272
-0.107070
0.069776
-0.026091
-0.077083
0.192298
0.071522
-0.077884
-0.168106
-0.013362
0.048260
-0.064366
0.040903
-0.059959
0.137990
0.413681
0.126473
-0.088591
-0.044933
-0.036472
0.203050
0.199510
-0.090623
0.106723
0.077104
-0.081816
-0.025643
-0.202023
-0.314278
-0.182206
-0.023750
0.079600
0.057820
-0.080550
-0.040866
-0.017801
0.024817
0.066172
-0.046402
-0.018187
-0.007236
-0.039428
-0.059713
-0.067802
-0.105051
-0.112480
-0.067710
-0.035160
0.005018
-0.020186
-0.011484
0.002677
0.015457
0.029738
0.009447
0.006286
-0.000174
0.005187
0.022281
0.020862
0.001539
0.002258
0.004552
0.013841
0.021908
-0.001987
-0.008404
-0.003255
0.000563
0.008437
0.001882
-0.009288
-0.009109
-0.006922
-0.006909
-0.005077
-0.021078
-0.018206
-0.000218
0.006756
0.022337
0.000966
-0.022973
-0.021682
-0.005769
0.018873
-0.004203
-0.044052
-0.032721
-0.010580
-0.013310
0.018738
0.011092
0.016345
0.050064
-0.008936
-0.022708
0.001903
0.054897
0.073136
0.015538
0.046327
-0.016331
-0.134046
-0.017910
0.055418
0.016984
0.036756
0.070362
0.084322
0.060100
0.160733
0.012912
-0.071309
0.250689
0.150046
0.046907
0.078984
-0.033977
-0.227318
-0.261360
0.078867
-0.086660
-0.183741
0.061696
-0.001669
0.005490
0.061830
-0.063753
-0.034259
0.088545
-0.008899
0.000697
0.002044
-0.029584
-0.057618
-0.170758
-0.097154
-0.024126
-0.012697
0.024974
0.066685
0.105933
0.109825
0.067073
0.020132
0.015929
-0.030401
-0.044229
-0.043822
-0.043674
-0.035008
-0.023330
-0.006647
0.000242
0.007550
0.002916
0.007220
0.009178
0.008333
-0.002165
-0.017739
-0.017786
-0.020875
-0.013489
-0.015054
-0.021175
-0.013775
-0.011721
0.000475
0.006446
0.001656
-0.000329
0.008783
0.002414
-0.006556
-0.006787
-0.017349
-0.018434
-0.019453
-0.017185
-0.012118
-0.001996
0.008886
0.002921
0.011789
0.027253
0.013202
-0.003375
-0.002471
-0.013220
-0.020793
-0.002331
-0.014002
-0.024502
-0.014226
-0.014484
-0.007981
0.000426
0.000607
0.000285
0.003148
0.002951
0.001408
-0.002095
-0.004118
-0.001523
0.001193
0.005305
0.005420
0.004084
0.002479
0.000829
0.002175
0.002834
0.004477
0.003621
0.002459
0.000977
-0.000937
-0.000685
-0.000536
0.000077
0.001913
0.001881
0.003202
0.003000
-0.000056
-0.000259
-0.000784
-0.001219
0.000234
0.000993
0.002180
0.003410
0.003332
0.002340
0.000623
-0.000455
-0.000879
-0.000946
0.000213
0.000680
0.000824
0.001238
0.001359
0.001284
0.001111
0.000605
0.000618
0.000824
0.001162
0.001283
0.000958
0.000686
0.000602
0.000575
0.000839
0.001228
0.001435
0.001673
0.001865
0.001506
0.001152
0.000728
0.000419
0.000498
0.000716
0.000707
0.000586
0.000389
0.000068
-0.000087
-0.000104
-0.000011
0.000268
0.000588
0.000737
0.000689
0.000503
0.000157
-0.000108
-0.000157
-0.000124
0.000072
0.000334
0.000454
0.000463
0.000322
0.000060
-0.000061
-0.000077
-0.000094
0.000065
0.000206
0.000204
0.000275
0.000222
0.000051
0.000010
-0.000045
-0.000042
-0.009015
-0.015162
-0.007088
-0.006691
-0.001838
-0.004299
-0.024147
-0.026454
-0.013324
0.004534
0.006570
-0.006830
0.009523
-0.045909
-0.054009
0.041968
0.015958
-0.025679
-0.022553
-0.022148
0.022969
0.061536
0.074333
0.052895
0.051746
-0.020962
-0.078670
-0.074409
-0.070687
-0.050158
0.020378
0.011099
0.039496
0.203683
0.026770
-0.072782
-0.113803
-0.287004
0.032264
0.223259
-0.079206
-0.023010
0.202645
-0.052378
-0.167925
-0.210818
-0.252648
0.017069
-0.147688
-0.129922
0.112217
0.059668
0.139352
0.028650
-0.171537
-0.056083
-0.044982
-0.082730
0.085671
0.182869
0.122175
0.131642
0.194382
0.123435
0.069644
0.000052
0.003273
0.067024
-0.008104
-0.056711
-0.078942
-0.075766
-0.047866
-0.056169
-0.036040
0.002389
0.047845
0.044591
0.017865
0.001665
-0.003965
0.006432
0.017210
-0.000372
-0.005371
0.001728
0.003775
0.016411
0.010706
0.000771
0.009288
0.012519
-0.003623
0.005363
0.007715
0.013193
0.018855
0.007009
0.009909
0.009173
-0.003447
-0.010254
-0.016726
-0.004949
0.003941
0.003194
0.017727
0.026127
0.039841
0.024261
-0.015913
-0.010503
-0.007634
-0.016624
0.004505
0.011540
0.053443
0.027905
-0.010343
0.012958
-0.010340
-0.009102
-0.021913
0.005748
0.108123
0.019635
-0.088552
0.013508
0.106814
-0.026357
-0.049526
0.035452
-0.027655
0.201223
0.204293
-0.057567
-0.045117
-0.176496
-0.162326
-0.129485
-0.198313
0.128717
0.278743
-0.038505
-0.023607
0.197383
0.011991
-0.154155
-0.298234
-0.362835
-0.040996
0.121736
0.144502
0.182847
0.098836
0.246813
0.313463
0.153079
0.006919
-0.061848
0.027261
0.051752
0.017682
-0.057842
-0.056336
-0.096498
-0.091332
-0.011998
-0.101143
-0.005626
0.054990
0.014714
0.028075
0.035043
0.016439
-0.024806
-0.009054
-0.042570
-0.042882
-0.027219
-0.034210
-0.024706
-0.024835
-0.023757
-0.010008
0.005315
-0.007814
-0.001953
-0.000619
0.004304
0.001248
-0.017090
-0.040109
-0.043503
-0.029033
-0.032338
-0.025816
-0.021495
0.002573
0.028287
0.024721
0.015329
0.002480
-0.008844
-0.023805
-0.030145
-0.035313
-0.013332
-0.016872
-0.031168
-0.002025
0.001414
0.026116
0.011216
-0.006932
0.012394
-0.036724
-0.023971
-0.007010
-0.044293
-0.060934
-0.070346
0.024412
0.030491
-0.034977
0.025322
0.073511
0.111183
0.110037
0.105139
0.115140
0.011916
-0.089412
-0.055939
0.032707
0.013668
-0.082304
-0.222859
-0.182362
-0.044776
-0.003788
0.004857
-0.045477
0.111435
-0.011687
-0.063811
0.117823
-0.172218
-0.220897
-0.138962
-0.103551
-0.180306
-0.222087
-0.082566
0.017087
0.224523
0.168762
0.107369
0.149103
0.231366
0.204142
0.088928
0.060011
0.024445
0.034791
-0.065205
-0.034000
0.025799
0.021063
0.064863
0.085950
0.071513
0.017680
0.006807
-0.049339
-0.060511
-0.053322
-0.041433
-0.037618
-0.038413
-0.025836
-0.041569
-0.013931
-0.001185
0.015388
0.010682
0.008768
0.017367
0.010793
0.014338
-0.004100
-0.015612
-0.023282
-0.027325
-0.026670
-0.029314
-0.020261
-0.010285
0.011282
0.016978
0.016787
0.014997
0.007589
0.009536
0.003860
0.000446
-0.031874
-0.015828
0.019852
-0.021958
-0.022385
0.028045
-0.001269
0.004895
0.052240
0.003978
0.005582
0.016132
-0.034636
-0.029890
-0.049534
-0.082609
0.036492
-0.021541
-0.059271
0.112054
-0.129482
-0.093122
0.130689
-0.060680
-0.146491
-0.185939
-0.200119
0.050929
0.148489
-0.005231
0.134744
0.095810
-0.032103
0.006902
-0.036889
-0.083298
-0.122714
0.004167
0.015850
-0.139359
-0.160188
-0.146328
-0.127342
-0.044576
0.001751
0.082545
0.211980
0.079975
-0.009278
0.085927
-0.052502
-0.050646
-0.001676
-0.084117
0.062512
0.077612
-0.011222
0.012829
0.033476
0.072208
0.062349
0.003485
0.010189
0.031382
0.021168
0.078416
0.040836
0.008991
0.034325
0.039885
0.053085
0.034290
0.022890
0.000260
0.017142
0.024983
0.028468
0.020105
0.011923
0.008509
0.004127
0.010522
-0.006735
-0.003572
-0.002817
0.007340
0.020917
0.023296
0.024145
0.021949
0.018107
0.009167
0.013696
0.011029
0.009885
0.009187
-0.002779
0.010823
0.000896
-0.002139
0.026812
0.025198
0.008856
0.018265
0.044730
0.016242
-0.018063
0.000047
-0.017621
-0.010522
0.056420
0.005115
0.005098
0.087776
-0.020984
0.012506
0.007324
-0.203943
-0.041034
-0.017087
-0.074845
0.230202
0.126609
0.003030
0.057155
-0.128522
-0.017662
-0.061257
-0.029493
0.211320
0.147220
0.310608
0.269544
-0.072731
-0.104388
0.048801
0.081170
0.019447
-0.024335
0.012231
-0.010614
0.026724
0.037577
-0.190705
-0.057959
-0.096721
-0.057712
0.146488
-0.103377
0.050937
0.083649
0.069819
0.122044
-0.146654
-0.089202
0.027783
-0.024724
-0.017449
-0.063314
-0.069081
0.003961
-0.057283
-0.056939
-0.021396
-0.069736
-0.053878
-0.047718
-0.045715
-0.010555
-0.030522
-0.046187
0.001308
0.005405
0.004257
0.013177
0.000026
0.010028
0.001854
0.013727
0.020152
0.002398
-0.014847
-0.036951
-0.032023
-0.015426
-0.010553
-0.013200
-0.012452
-0.009261
-0.009088
-0.005921
-0.019239
-0.026196
-0.024488
-0.023702
-0.001728
-0.005772
-0.013296
-0.016074
-0.023988
-0.037247
-0.022808
0.004771
0.001779
0.012642
0.002674
-0.013414
-0.018102
-0.043036
-0.027875
-0.009711
-0.026344
0.008830
0.041182
-0.002803
-0.010426
0.083388
0.006923
0.039961
0.023269
-0.177830
-0.003268
0.060140
0.081818
0.117920
-0.003693
0.056685
0.106958
0.028152
-0.177901
-0.246604
-0.087534
0.041470
0.073464
-0.002809
-0.018265
0.047973
-0.011038
-0.186352
-0.252890
-0.320058
-0.261313
-0.062509
-0.052274
0.022289
0.104178
0.032673
0.164335
0.151438
-0.082478
-0.080992
-0.133931
-0.038274
0.130451
0.074605
0.128133
0.111027
0.115020
0.176955
0.086907
0.049649
0.033885
0.042518
0.070524
0.065904
0.046497
-0.018435
-0.044163
-0.021418
-0.040456
-0.033126
-0.014391
-0.041660
-0.025810
-0.011148
-0.012297
0.008764
0.010535
0.002452
0.022839
0.034604
0.027898
0.022781
-0.001064
-0.011367
-0.006923
-0.011377
-0.008000
-0.000870
0.007425
0.023730
0.034294
0.027135
0.018441
0.007288
-0.009758
-0.010670
-0.004631
-0.008974
-0.008427
0.007844
0.027101
0.040920
0.031006
0.030968
0.032162
0.052414
-0.017044
-0.069842
-0.008652
-0.019404
0.017005
0.039526
-0.002633
-0.049871
-0.023808
0.014178
-0.006037
0.102903
0.086196
-0.062622
-0.030768
-0.005439
0.022542
-0.001577
-0.085412
0.146461
0.166251
-0.030464
0.030752
-0.124438
-0.217801
0.050489
-0.133900
-0.084867
0.349054
-0.111138
-0.124053
0.152571
0.001910
0.057361
-0.099262
-0.138468
-0.007433
0.193160
0.086443
-0.066347
-0.042274
-0.051858
0.152915
0.108115
0.031928
0.081843
0.146980
0.191823
0.149035
0.057204
-0.016947
-0.035153
-0.100801
-0.097388
-0.089502
-0.075931
-0.029934
0.009160
0.002327
0.046146
0.068057
-0.005107
-0.010883
-0.028885
-0.045841
-0.052443
-0.042467
-0.039708
-0.033893
-0.017027
-0.028324
-0.006758
-0.009268
-0.016985
-0.003263
-0.003193
0.004606
0.001404
-0.019721
-0.024743
-0.016611
-0.022203
-0.034626
-0.034197
-0.031083
-0.008764
-0.000907
-0.009547
-0.005754
-0.009914
-0.009997
-0.003132
-0.008370
-0.023843
-0.015201
-0.012280
-0.009237
-0.026329
-0.043927
-0.020653
-0.043792
-0.017043
0.052053
-0.015696
-0.052916
-0.020228
-0.140981
-0.091251
0.027645
0.049437
0.033495
-0.055222
-0.008265
-0.034932
-0.021982
0.018253
-0.117574
-0.127836
-0.062975
0.085304
0.207998
-0.128919
-0.159954
0.156362
0.009038
-0.046438
0.048574
-0.149466
0.121190
0.537844
0.133651
0.045400
0.274584
0.143443
0.235440
0.089773
-0.140692
-0.124729
-0.150966
-0.184888
-0.206759
-0.190454
-0.251638
-0.091105
0.021906
-0.007947
0.046044
-0.011293
-0.035208
0.019250
0.032631
0.064501
0.114071
0.050366
0.070014
0.133979
0.066023
0.039143
0.060092
0.009935
-0.007274
0.019388
-0.032917
-0.007992
-0.015752
-0.070134
-0.026269
-0.020749
-0.013916
-0.021911
-0.046480
-0.041472
-0.007702
-0.018623
-0.032711
-0.010388
-0.011137
0.009922
0.007781
-0.013808
-0.022342
-0.024900
-0.026581
-0.019426
-0.020482
-0.023618
-0.011770
-0.002472
0.003218
0.004135
-0.005229
-0.018322
-0.013553
-0.011841
-0.020627
-0.034171
-0.045078
-0.023988
-0.000387
0.009665
-0.020691
-0.014519
0.064645
0.027827
-0.044799
-0.078143
-0.066754
0.040948
0.024471
0.001469
0.026230
-0.151812
-0.018004
0.090272
-0.107070
0.069776
-0.026091
-0.077083
0.192298
0.071522
-0.077884
-0.168106
-0.013362
0.048260
-0.064366
0.040903
-0.059959
0.137990
0.413681
0.126473
-0.088591
-0.044933
-0.036472
0.203050
0.199510
-0.090623
0.106723
0.077104
-0.081816
-0.025643
-0.202023
-0.314278
-0.182206
-0.023750
0.079600
0.057820
-0.080550
-0.040866
-0.017801
0.024817
0.066172
-0.046402
-0.018187
-0.007236
-0.039428
-0.059713
-0.067802
-0.105051
-0.112480
-0.067710
-0.035160
0.005018
-0.020186
-0.011484
0.002677
0.015457
0.029738
0.009447
0.006286
-0.000174
0.005187
0.022281
0.020862
0.001539
0.002258
0.004552
0.013841
0.021908
-0.001987
-0.008404
-0.003255
0.000563
0.008437
0.001882
-0.009288
-0.009109
-0.006922
-0.006909
-0.005077
-0.021078
-0.018206
-0.000218
0.006756
0.022337
0.000966
-0.022973
-0.021682
-0.005769
0.018873
-0.004203
-0.044052
-0.032721
-0.010580
-0.013310
0.018738
0.011092
0.016345
0.050064
-0.008936
-0.022708
0.001903
0.054897
0.073136
0.015538
0.046327
-0.016331
-0.134046
-0.017910
0.055418
0.016984
0.036756
0.070362
0.084322
0.060100
0.160733
0.012912
-0.071309
0.250689
0.150046
0.046907
0.078984
-0.033977
-0.227318
-0.261360
0.078867
-0.086660
-0.183741
0.061696
-0.001669
0.005490
0.061830
-0.063753
-0.034259
0.088545
-0.008899
0.000697
0.002044
-0.029584
-0.057618
-0.170758
-0.097154
-0.024126
-0.012697
0.024974
0.066685
0.105933
0.109825
0.067073
0.020132
0.015929
-0.030401
-0.044229
-0.043822
-0.043674
-0.035008
-0.023330
-0.006647
0.000242
0.007550
0.002916
0.007220
0.009178
0.008333
-0.002165
-0.017739
-0.017786
-0.020875
-0.013489
-0.015054
-0.021175
-0.013775
-0.011721
0.000475
0.006446
0.001656
-0.000329
0.008783
0.002414
-0.006556
-0.006787
-0.017349
-0.018434
-0.019453
-0.017185
-0.012118
-0.001996
0.008886
0.002921
0.011789
0.027253
0.013202
-0.003375
-0.002471
-0.013220
-0.020793
-0.002331
-0.014002
-0.024502
-0.014226
-0.014484
-0.007981
0.000426
0.000607
0.000285
0.003148
0.002951
0.001408
-0.002095
-0.004118
-0.001523
0.001193
0.005305
0.005420
0.004084
0.002479
0.000829
0.002175
0.002834
0.004477
0.003621
0.002459
0.000977
-0.000937
-0.000685
-0.000536
0.000077
0.001913
0.001881
0.003202
0.003000
-0.000056
-0.000259
-0.000784
-0.001219
0.000234
0.000993
0.002180
0.003410
0.003332
0.002340
0.000623
-0.000455
-0.000879
-0.000946
0.000213
0.000680
0.000824
0.001238
0.001359
0.001284
0.001111
0.000605
0.000618
0.000824
0.001162
0.001283
0.000958
0.000686
0.000602
0.000575
0.000839
0.001228
0.001435
0.001673
0.001865
0.001506
0.001152
0.000728
0.000419
0.000498
0.000716
0.000707
0.000586
0.000389
0.000068
-0.000087
-0.000104
-0.000011
0.000268
0.000588
0.000737
0.000689
0.000503
0.000157
-0.000108
-0.000157
-0.000124
0.000072
0.000334
0.000454
0.000463
0.000322
0.000060
-0.000061
-0.000077
-0.000094
0.000065
0.000206
0.000204
0.000275
0.000222
0.000051
0.000010
-0.000045
-0.000042