-0.020748
-0.019232
-0.018962
-0.017766
-0.018452
-0.015364
-0.012194
-0.014558
-0.014530
-0.011002
-0.007232
-0.009429
-0.014723
-0.021827
-0.021063
-0.011540
-0.006774
-0.004693
-0.007684
-0.001586
-0.005471
-0.020075
-0.007617
0.000285
-0.005467
-0.009534
-0.011923
-0.004817
0.007524
0.024714
0.020027
0.014628
0.013181
-0.006048
-0.018339
-0.024900
-0.024385
-0.011610
0.004830
0.001132
0.041372
0.053616
0.003162
-0.024159
-0.078912
-0.059417
0.031930
0.030194
-0.020849
0.015475
0.042856
-0.012588
-0.051321
-0.097589
-0.086008
-0.049452
-0.039898
-0.021290
-0.010836
0.046149
0.039900
-0.035848
-0.073214
-0.068251
-0.026952
-0.014957
-0.000298
0.037752
0.040563
0.067336
0.065489
0.020640
0.001622
-0.005132
0.001653
0.013984
0.015202
-0.011110
-0.018015
-0.013261
-0.018744
-0.013581
-0.010280
0.011260
0.034668
0.030905
0.013116
0.010765
0.018482
0.016933
0.003957
-0.005856
0.000359
0.013778
0.020882
0.020239
0.018825
0.013144
0.009934
0.004125
-0.000895
0.002411
0.007455
0.006716
0.006189
0.004837
0.006096
0.011302
0.010559
0.003072
0.001984
0.006932
0.009428
0.010966
0.008834
0.011552
0.014973
0.007859
-0.000884
-0.003575
-0.002320
0.002256
0.002677
0.010768
0.016494
0.008790
0.008624
-0.000050
-0.006379
-0.007660
-0.009475
0.016311
0.025624
0.001628
-0.002229
0.026933
0.030317
0.000712
0.007415
-0.006532
0.015956
0.084224
0.041978
-0.010147
-0.035943
-0.035558
-0.031094
-0.065248
-0.032370
0.041598
0.052840
0.010915
0.027237
0.043754
-0.009892
-0.066716
-0.126193
-0.117612
-0.015962
0.063628
0.054301
0.012850
0.059854
0.120832
0.109951
0.041533
-0.037319
-0.007757
0.030704
0.032055
0.017982
-0.015881
-0.018148
-0.012492
0.004317
-0.023746
-0.022240
0.025251
0.042964
0.030449
0.007620
0.018644
0.008452
-0.002278
-0.009673
-0.027531
-0.013206
0.008202
0.014265
0.004632
-0.001494
-0.001074
-0.003805
-0.011070
-0.022690
-0.019988
-0.009519
-0.011614
-0.014553
-0.014703
-0.014527
-0.013309
-0.012999
-0.018198
-0.019938
-0.011192
-0.001996
-0.001405
-0.011385
-0.015115
-0.011251
-0.012438
-0.017050
-0.021106
-0.015792
-0.006914
-0.010402
-0.014610
-0.016519
-0.011493
-0.007080
-0.016841
-0.019664
-0.024503
-0.020332
-0.005925
-0.010158
-0.017220
-0.026746
-0.011533
0.008069
-0.008089
-0.009019
-0.000156
0.016263
0.035161
0.039122
0.044244
0.027904
0.004692
-0.011185
-0.004524
0.004926
-0.008023
-0.044879
-0.076292
-0.046482
-0.006034
0.013233
-0.016700
-0.006941
0.021693
-0.008748
0.021626
-0.025199
-0.086244
-0.077830
-0.058164
-0.054852
-0.100086
-0.066582
-0.047043
0.002331
0.057331
0.032711
0.016824
0.039037
0.074430
0.042485
0.010328
-0.008555
0.006282
0.016223
-0.011904
-0.013693
0.001545
0.033401
0.054024
0.048090
0.031212
0.020528
0.013285
-0.007121
-0.017178
-0.004095
0.002642
0.003292
0.003938
0.006445
0.014054
0.022001
0.022972
0.015850
0.009475
0.003529
0.007271
0.006136
0.001604
-0.001649
-0.003546
-0.003459
-0.006481
-0.006829
-0.002108
0.005061
0.005651
0.001255
-0.004841
-0.005590
-0.003805
-0.005429
-0.006833
-0.005080
-0.004235
-0.002765
0.006542
0.004350
-0.007632
-0.000787
0.000275
-0.008864
-0.001487
-0.003645
-0.013602
-0.007982
-0.005284
-0.012962
-0.017280
-0.022761
-0.011602
0.002385
-0.019158
0.005385
-0.007323
-0.045030
-0.002887
0.000922
-0.032780
-0.070772
-0.075999
-0.043960
0.013833
0.026990
0.004867
0.010399
0.013031
0.006309
-0.017254
-0.037935
-0.077408
-0.043483
0.006376
-0.040062
-0.060879
-0.055216
-0.071277
-0.056757
-0.035655
-0.021111
0.016778
0.034597
0.013597
0.004999
-0.010026
-0.032510
-0.017432
-0.037133
-0.032460
0.001222
0.021755
0.015591
-0.001340
0.025711
0.021331
0.005125
-0.005490
-0.008951
0.010203
0.035349
0.032184
0.013901
0.011802
0.022127
0.041359
0.032446
0.025186
0.026617
0.026114
0.033658
0.029535
0.018339
0.017043
0.018798
0.023870
0.027762
0.022954
0.020420
0.022452
0.023627
0.021057
0.020923
0.023587
0.022561
0.018031
0.014722
0.012763
0.016345
0.021557
0.021951
0.022249
0.020407
0.016960
0.012740
0.013220
0.015091
0.012100
0.007914
0.012396
0.016653
0.008274
0.008797
0.006068
-0.002146
0.012957
0.019748
0.006663
0.019409
0.017801
0.004691
0.011686
-0.028413
-0.041635
-0.014032
-0.019609
0.021758
0.055993
0.033585
0.022491
-0.007535
-0.006171
-0.020099
-0.031269
0.028845
0.031547
0.089375
0.131401
0.063881
0.008641
-0.000467
0.036974
0.033426
0.001305
0.008791
0.015996
0.028269
0.069242
-0.000632
-0.045369
-0.014686
-0.018441
0.037565
0.010892
0.002469
0.043057
0.046973
0.067960
-0.002157
-0.036681
-0.017693
-0.006205
0.019979
-0.005597
-0.022452
-0.000945
-0.001044
-0.015621
-0.036432
-0.045369
-0.026599
-0.017060
-0.029503
-0.028040
-0.026802
-0.027774
-0.018478
-0.023866
-0.011897
-0.008147
-0.018321
-0.016276
-0.019895
-0.008623
-0.002391
-0.013432
-0.022854
-0.029419
-0.031529
-0.022426
-0.019840
-0.021298
-0.018400
-0.019396
-0.014229
-0.014891
-0.021832
-0.023033
-0.021216
-0.018629
-0.016236
-0.015443
-0.008113
-0.004453
-0.006801
-0.013816
-0.021777
-0.013210
-0.006079
-0.007004
-0.005558
-0.011284
-0.013510
-0.014519
-0.018493
-0.015049
-0.018322
-0.014360
0.000666
0.003226
-0.007743
0.007417
0.013639
0.002969
0.019020
-0.023788
-0.033791
0.000202
0.019375
0.037859
0.011961
0.017682
0.032607
0.044966
0.006793
-0.077885
-0.072319
-0.020221
0.017677
0.018674
-0.012093
-0.003962
0.024980
-0.002963
-0.070931
-0.122213
-0.134207
-0.078858
-0.039265
-0.042414
-0.012623
0.005479
0.027622
0.042640
-0.013864
-0.054435
-0.072261
-0.055329
-0.009682
0.002284
0.018755
0.014554
0.022939
0.053560
0.033453
0.019122
0.009082
0.007100
0.033454
0.035957
0.032772
0.020548
-0.004074
-0.001303
0.003826
0.000783
0.010911
0.011396
0.012213
0.024451
0.026283
0.020522
0.015105
0.008522
0.010116
0.015774
0.020946
0.023869
0.023312
0.023616
0.017332
0.010917
0.007281
0.001739
0.007235
0.014693
0.014460
0.013687
0.011203
0.010815
0.011478
0.005907
0.003259
0.005268
0.005822
0.012365
0.015625
0.015269
0.013093
0.009755
0.009558
0.014822
0.010217
-0.012583
-0.010426
-0.002105
0.007423
0.017244
0.010356
-0.006380
-0.016183
0.002776
-0.004354
0.000333
0.027482
0.008959
-0.004763
0.007419
0.014409
0.014796
-0.014312
0.003289
0.046167
0.029091
0.021375
-0.008902
-0.059214
-0.025860
-0.001177
-0.045136
0.023866
0.038180
-0.022993
0.004827
0.012618
0.021200
-0.021926
-0.029125
-0.044839
-0.006873
0.089908
0.016337
-0.030593
-0.020106
0.018771
0.051281
0.027455
-0.001985
0.026145
0.095802
0.093339
0.060672
0.019998
-0.006357
-0.000868
-0.011612
-0.025731
-0.022215
-0.002019
0.026861
0.023697
0.017573
0.028276
0.030732
0.017712
-0.001067
-0.006268
-0.015747
-0.007358
-0.001190
-0.012637
-0.012104
-0.002302
-0.002250
-0.005164
-0.004594
-0.009066
-0.004861
-0.007324
-0.014617
-0.015663
-0.017105
-0.018750
-0.020560
-0.025388
-0.025217
-0.017446
-0.010644
-0.007067
-0.012683
-0.016625
-0.015397
-0.017077
-0.020812
-0.024378
-0.024650
-0.020215
-0.014826
-0.011293
-0.015504
-0.023383
-0.019197
-0.022742
-0.028837
-0.014936
-0.011363
-0.027971
-0.024123
-0.040226
-0.057443
-0.029600
-0.003188
0.007647
-0.016663
-0.013005
-0.014557
-0.024551
-0.002902
-0.034932
-0.066448
-0.056540
-0.021557
0.042417
0.009198
-0.065898
-0.018288
0.018017
-0.000152
-0.000688
-0.037312
-0.047085
0.097263
0.147240
0.041190
0.038400
0.082858
0.108422
0.087061
0.026964
-0.037435
-0.037102
0.016328
-0.039261
-0.077294
-0.072521
-0.058968
0.012203
0.021791
0.002201
0.010348
0.014298
0.005423
0.008131
0.015339
0.016618
0.023907
0.020508
0.033987
0.044009
0.034146
0.032312
0.021349
-0.001785
0.002346
0.009413
-0.003918
-0.012884
-0.015040
-0.017026
-0.015103
-0.004895
-0.010228
-0.007887
0.000633
0.000654
0.003180
-0.002577
-0.010960
-0.003474
0.000094
-0.008084
-0.010368
-0.012028
-0.008939
-0.006319
-0.012973
-0.019705
-0.019140
-0.015889
-0.011737
-0.014474
-0.022165
-0.022499
-0.021190
-0.020543
-0.017953
-0.015051
-0.013844
-0.015512
-0.009473
-0.004914
-0.002293
-0.005037
-0.017130
-0.005069
0.004988
-0.012391
-0.032395
-0.041809
-0.019126
0.003973
-0.001201
-0.002590
-0.036049
-0.041582
0.012135
-0.018801
-0.027009
-0.014388
-0.032486
0.019883
0.042450
0.019013
-0.046628
-0.047403
0.015025
-0.015310
-0.000505
-0.015010
-0.020031
0.100004
0.122044
0.032024
-0.024065
-0.013418
0.040447
0.088856
0.029952
-0.004002
0.039896
0.052873
0.034845
-0.031268
-0.087619
-0.095576
-0.029592
0.033346
0.015940
0.000547
0.003902
-0.005884
0.005753
0.018592
-0.015616
-0.024015
-0.015585
-0.004992
-0.000421
-0.023551
-0.034821
-0.048986
-0.058985
-0.044979
-0.031753
-0.024960
-0.017264
-0.020050
-0.016100
-0.010085
-0.020150
-0.029143
-0.028402
-0.020434
-0.007035
-0.005361
-0.011587
-0.012202
-0.008597
-0.003913
-0.011535
-0.014813
-0.011805
-0.008402
-0.002308
-0.007524
-0.013273
-0.012496
-0.008622
-0.001872
-0.001618
-0.009735
-0.012801
-0.008933
-0.002565
0.001529
0.002842
0.003361
0.000610
-0.002267
-0.001348
0.004109
0.005082
-0.002882
-0.009358
-0.003720
-0.002205
-0.000324
0.002574
-0.000746
0.009229
0.008965
-0.004497
-0.009276
0.005443
0.026810
0.018971
0.016593
0.012551
-0.016289
-0.014478
0.008293
0.006420
0.004005
0.017176
0.037071
0.033646
0.054702
0.056142
-0.009393
0.033437
0.083860
0.056290
0.041188
0.024226
-0.008249
-0.066091
-0.003656
0.015238
-0.058923
-0.009844
0.016726
0.009592
0.031277
0.028071
-0.015939
-0.011459
0.020327
0.005758
-0.011002
-0.007549
-0.002953
-0.030108
-0.040454
-0.041715
-0.031581
0.000871
-0.001012
0.008385
0.032827
0.031876
0.017516
-0.005565
-0.022371
-0.027046
-0.028058
-0.023743
-0.019204
-0.010714
-0.000619
-0.002211
-0.011712
-0.005765
-0.001843
-0.004890
-0.001371
-0.005449
-0.010535
-0.012108
-0.009800
-0.008488
-0.010859
-0.012476
-0.010278
-0.005464
-0.001739
-0.003803
-0.006966
-0.005680
-0.005357
-0.006414
-0.007417
-0.008098
-0.006125
-0.006994
-0.006190
-0.004316
-0.005054
-0.001248
0.001956
-0.001776
-0.004277
-0.001078
-0.001079
-0.003035
-0.003018
-0.004298
-0.007828
-0.004136
-0.000793
-0.006323
-0.006923
-0.005195
-0.006732
-0.005261
-0.004502
-0.006311
-0.006491
-0.003572
-0.002988
-0.003014
-0.000303
0.000835
0.000106
0.000668
0.000481
0.000600
0.000090
-0.000152
-0.000022
0.000257
0.001242
0.000026
-0.000423
-0.000010
0.000409
0.000826
0.000847
0.003146
0.001006
-0.001471
-0.000486
-0.000562
-0.000286
0.000835
0.001902
0.002297
0.002885
0.001724
0.001695
0.001363
0.001115
0.000660
0.000286
0.000477
0.001141
0.001244
0.001556
0.001469
0.001585
0.001381
0.001413
0.001144
0.000981
0.000872
0.000916
0.001276
0.001595
0.001624
0.001623
0.001499
0.001248
0.000952
0.000915
0.001004
0.001088
0.001232
0.001218
0.001007
0.000889
0.000756
0.000559
0.000462
0.000451
0.000452
0.000613
0.000786
0.000781
0.000672
0.000563
0.000505
0.000492
0.000591
0.000607
0.000517
0.000433
0.000386
0.000413
0.000456
0.000425
0.000396
0.000314
0.000219
0.000206
0.000097
0.000036
0.000103
0.000170
0.000115
0.000193
0.000126
0.006887
-0.003192
0.027489
0.023551
0.037580
0.038481
-0.122005
0.006189
0.085983
-0.072557
-0.030085
-0.002491
0.011312
0.065357
0.080608
0.050326
0.117842
0.151122
-0.110227
-0.154219
-0.120670
-0.073944
0.032146
0.131047
-0.048897
0.189227
0.236897
-0.316188
-0.043223
-0.207828
-0.263414
0.457172
0.045588
-0.419440
0.441418
0.408294
-0.545105
-0.317840
-0.443439
-0.077018
0.403292
-0.470949
-0.171434
0.261615
0.108032
0.060830
-0.289934
-0.232899
0.260106
-0.041554
-0.372025
0.158461
0.431833
0.184608
0.280275
0.114501
-0.077642
0.169776
0.008882
0.091743
0.238177
-0.044642
-0.130643
-0.049828
-0.013239
-0.048193
-0.080192
-0.061387
0.096655
0.089220
-0.079520
-0.049644
0.057695
0.085952
0.040026
-0.029024
-0.041106
0.044869
-0.006501
-0.037775
0.010321
0.040466
0.049744
0.021949
-0.017634
-0.016318
0.007354
-0.006595
0.001561
0.014386
0.027546
0.034565
0.007551
-0.002150
-0.014851
-0.016329
0.000422
-0.044478
-0.024665
0.010284
0.024585
0.054170
-0.008859
-0.032078
0.033473
-0.008657
-0.020122
-0.009042
0.014079
0.091358
-0.023200
-0.011074
0.003574
-0.036732
0.006570
-0.040486
0.102203
0.163914
-0.133166
-0.110140
0.185600
0.102131
-0.226447
0.063460
0.061406
0.024092
0.482866
-0.149503
-0.219346
0.181655
-0.211724
-0.204547
-0.372100
-0.173330
0.636631
0.337185
-0.433755
0.113073
0.270678
-0.363608
-0.266200
-0.423196
-0.192333
0.437234
-0.059696
-0.224857
0.262228
0.459702
0.510243
0.041468
-0.280395
-0.005650
0.426229
0.236378
-0.108931
-0.120357
-0.076331
0.186501
-0.099037
-0.176979
-0.176404
-0.144586
0.237839
0.074119
-0.093975
-0.018259
0.112544
-0.034315
-0.051026
-0.030499
-0.102898
0.051866
-0.046402
-0.115076
-0.030128
0.013453
-0.009513
-0.017651
-0.088389
-0.083190
0.023019
-0.012442
-0.003904
0.004122
0.007268
0.000333
-0.032582
-0.066145
-0.063771
-0.039323
-0.052793
-0.030956
-0.013208
0.007257
0.036856
0.031249
-0.008634
-0.034179
-0.020473
-0.009062
0.001775
-0.074245
-0.048410
0.009682
0.012905
0.036274
-0.042305
0.019158
0.035735
-0.053790
0.013846
-0.040785
-0.059138
-0.041642
-0.005164
0.102372
-0.091086
-0.079054
0.095361
0.113925
0.137765
0.072817
0.163461
0.191594
0.002264
-0.116101
0.006538
0.103475
-0.012093
-0.167661
-0.306222
-0.042728
-0.047798
-0.149038
-0.135963
0.158257
0.453779
-0.310388
-0.105793
-0.067982
-0.403947
0.067519
-0.054737
-0.223785
-0.476177
-0.175273
-0.107448
0.150215
0.363743
-0.088320
0.140018
0.334478
0.325338
-0.020276
0.045356
0.231927
0.335632
0.083279
-0.344345
-0.013744
0.146436
0.192276
0.121768
0.057334
0.029708
0.042291
-0.023681
-0.158539
0.033084
0.068156
-0.011927
-0.081337
-0.057500
-0.054532
-0.032362
-0.012580
-0.031492
0.017565
-0.010215
-0.020287
-0.016762
0.004795
0.025023
0.015882
0.008501
-0.022933
-0.036101
-0.039299
-0.034171
-0.022149
-0.030501
-0.027521
-0.015680
-0.001045
-0.006094
-0.006690
-0.002584
0.026903
0.010456
-0.038372
0.029685
0.012909
-0.083027
0.002469
0.020901
-0.096615
0.037541
0.049586
-0.057077
0.074060
0.029408
-0.078822
0.010081
-0.073628
-0.055266
0.164380
-0.197967
0.033667
0.152567
-0.443973
0.153806
0.161235
-0.339545
-0.147006
-0.149213
-0.182748
0.261889
-0.015706
-0.180065
0.512122
0.126409
-0.198786
-0.158741
-0.173235
-0.066693
0.201641
0.178269
-0.271735
-0.249478
-0.180549
-0.217415
-0.084000
-0.013260
-0.002326
0.252435
0.265932
-0.171913
-0.018437
0.120809
-0.145617
0.130997
-0.034449
-0.097636
0.294265
0.008565
-0.169000
0.053393
0.196443
0.098194
0.024932
-0.057046
0.065287
0.163881
0.028318
0.031698
0.048349
0.156183
0.130336
0.060657
-0.055662
0.011104
0.098148
0.033181
0.059976
-0.006451
0.002665
0.064164
0.065979
0.011554
0.011385
-0.010152
-0.013196
0.024365
-0.004369
0.009834
0.015418
0.009912
0.010732
0.001164
-0.000775
0.013543
0.020926
0.009295
0.024904
0.009934
-0.000493
0.005812
-0.044498
-0.009071
0.025684
-0.015186
-0.025614
0.028448
0.056074
-0.029908
-0.017420
0.024540
-0.044813
0.050725
0.076501
-0.124105
0.087385
0.118458
-0.162914
0.109382
-0.154985
-0.305481
0.221279
-0.192307
-0.038254
0.476632
-0.105710
0.059789
0.061583
-0.301229
-0.008108
-0.192835
0.192218
0.369613
0.295473
0.462495
-0.037956
-0.291398
0.043242
0.292240
0.015945
-0.054836
0.152693
0.161019
-0.055402
-0.019607
-0.359115
-0.216341
0.441407
-0.247787
0.017533
-0.099337
-0.312037
0.439724
0.066545
0.125836
-0.092006
-0.324732
0.091436
0.066962
-0.129529
-0.120569
-0.017642
0.091856
0.000217
-0.284149
-0.197810
0.024948
0.048271
-0.090673
-0.184495
-0.104786
0.004654
-0.020777
-0.059073
0.042252
0.015203
-0.076069
-0.074390
-0.029362
0.041164
0.071459
-0.003153
-0.019162
0.021936
-0.016539
-0.031443
-0.034252
-0.025108
-0.004905
0.003394
-0.000078
-0.003964
-0.008183
-0.010878
-0.014244
0.000106
-0.029583
-0.026974
0.007120
-0.001797
0.009125
-0.008792
-0.033656
-0.032295
0.012587
0.010987
-0.018475
0.018344
0.002375
-0.018536
-0.029094
-0.064542
0.013804
0.032409
-0.004314
0.053755
0.027983
-0.100225
0.059389
0.150161
-0.091297
0.201599
-0.130696
-0.253992
0.239672
-0.011698
0.105448
0.107505
0.056953
0.217175
0.118555
-0.258634
-0.465562
0.008988
0.198490
0.063565
-0.096933
-0.149145
0.191075
0.245745
-0.309421
-0.546618
-0.277526
-0.240892
-0.054862
-0.142840
-0.328434
0.169058
0.215277
-0.033841
0.193603
-0.122458
-0.218316
0.077309
-0.116678
0.083583
0.124813
0.024038
0.253938
0.237930
0.198215
0.028741
-0.033737
0.113414
0.222070
0.239810
0.069297
0.052949
0.045814
-0.021159
0.057787
-0.006007
-0.120076
-0.010863
-0.008670
-0.006876
0.050791
-0.035202
-0.056416
0.012179
0.019718
-0.001624
0.022162
0.004600
0.018713
0.063699
0.023088
0.010552
0.005913
-0.028369
-0.031427
-0.021694
-0.018874
0.008781
0.025809
0.025380
0.041624
0.022701
-0.012287
-0.013588
-0.008008
-0.035297
-0.032573
-0.014055
0.007194
0.026346
0.032508
0.037510
0.051219
0.064031
-0.131759
-0.040095
0.035095
-0.056786
0.053947
0.020976
-0.024776
-0.045288
0.028438
-0.109586
-0.051214
0.269259
0.019834
-0.091974
0.056798
-0.075647
-0.000819
-0.090126
0.017106
0.513606
0.027531
-0.224722
-0.006237
-0.348353
-0.028071
0.246545
-0.572974
0.325055
0.632897
-0.711367
0.119970
0.159806
-0.181869
0.084111
-0.125037
-0.142899
0.291370
0.370622
-0.576001
-0.034425
0.249743
0.103916
0.199800
-0.322156
-0.022467
0.528927
0.424668
-0.003511
0.002538
-0.007764
0.159850
0.120235
-0.264321
-0.191169
-0.047830
0.000518
0.026231
-0.007354
-0.065665
0.130113
0.043520
-0.125139
-0.032332
-0.028366
-0.048384
-0.048235
-0.059988
-0.071629
0.008692
-0.026438
-0.080545
-0.058402
-0.057193
-0.025844
-0.009641
-0.016047
-0.007617
-0.001107
-0.020163
-0.032431
-0.039951
-0.045167
-0.039881
-0.028948
-0.045488
-0.036671
-0.016114
-0.013714
-0.004682
-0.035106
-0.050585
-0.000993
-0.008039
-0.021630
-0.004242
-0.006322
0.007898
-0.042017
-0.023583
-0.021789
-0.091683
0.024472
0.050483
-0.126988
0.009499
-0.026406
-0.265701
0.053022
0.087429
0.058108
0.004523
-0.021160
0.013893
-0.160613
-0.018501
-0.101438
-0.142722
0.073333
0.005263
0.169733
-0.003848
-0.480488
0.289993
0.429590
-0.369664
-0.121775
-0.000558
-0.154924
0.864594
0.548812
-0.665800
0.467670
0.747689
0.068233
0.221320
-0.222968
-0.093471
0.384683
-0.065989
-0.715633
-0.298553
-0.066010
-0.188286
0.161064
-0.265788
-0.222199
0.173441
-0.075118
-0.074313
0.091625
-0.050047
0.075209
0.208212
-0.033006
0.171497
0.178249
-0.090905
0.054830
0.153323
-0.006552
0.079137
0.027858
-0.169952
0.050104
-0.007375
-0.083592
0.005298
-0.039692
-0.035038
-0.014198
-0.055445
-0.069332
-0.014384
-0.084868
-0.053775
-0.002588
-0.036781
-0.031535
-0.019072
-0.017386
-0.006518
-0.018435
-0.049607
-0.013343
-0.011750
-0.037452
-0.034787
-0.020152
-0.011406
0.004407
-0.002372
-0.020643
0.012964
-0.006069
-0.022567
-0.037637
-0.032494
-0.004207
-0.011849
-0.019281
-0.075388
0.045715
0.109985
-0.088126
-0.106640
-0.071356
0.035398
0.123190
-0.087549
0.036337
0.036942
-0.206080
0.215136
-0.170690
-0.249847
0.371358
-0.129126
0.118071
0.272116
-0.237663
-0.239841
0.014080
0.301203
-0.200201
-0.120001
0.013425
-0.069447
0.705728
0.338083
-0.429835
-0.005508
0.268840
0.082332
0.308823
-0.200133
-0.028864
0.815477
0.007167
-0.453235
-0.281275
-0.336990
-0.080744
0.190922
-0.124220
-0.170476
0.032805
-0.114985
0.031559
-0.028158
-0.066319
-0.076824
0.002498
0.136465
0.018784
-0.177319
-0.273453
-0.056997
-0.047275
-0.047153
-0.090500
-0.131170
-0.079913
-0.061699
0.018138
0.048526
0.056891
-0.024050
-0.037663
0.027046
0.034005
0.004535
-0.021686
0.001555
0.053924
0.048250
-0.004484
0.002060
0.011468
0.031666
0.020678
-0.013183
0.003739
0.025717
0.036667
0.022398
0.006472
0.000147
-0.005637
-0.006810
-0.013154
0.000389
0.003238
0.022960
0.036239
0.004572
-0.003128
-0.009389
0.022883
0.025899
-0.038496
-0.051395
0.004113
-0.030349
-0.045185
0.030095
0.006575
0.103876
0.067810
-0.108523
-0.045571
0.047877
0.142505
0.050345
0.023302
0.125024
-0.123051
-0.185199
0.052510
-0.019353
0.022489
0.153502
0.152354
0.022803
0.053538
0.180982
-0.259127
0.266184
0.608870
-0.139051
0.040307
0.118154
-0.082308
-0.400664
-0.071600
0.139665
-0.463076
0.137330
0.213242
-0.215016
0.000983
-0.083735
-0.283525
0.255381
0.282379
-0.234680
-0.052858
-0.018820
-0.005620
-0.140620
-0.280155
-0.068283
0.044328
-0.006959
-0.085049
0.114748
0.169748
0.111145
-0.008824
-0.055634
0.085260
0.037083
-0.079817
-0.081610
-0.015946
-0.015367
-0.014829
-0.044098
-0.020624
0.029213
-0.005279
-0.022385
-0.006746
0.016809
0.012989
-0.003010
0.000718
-0.007293
-0.010915
-0.027938
-0.019676
-0.014161
-0.025502
-0.010539
0.000065
0.010249
0.026649
0.010603
-0.003778
0.011966
0.004277
-0.006884
-0.015279
-0.014340
-0.011201
-0.013679
0.000280
-0.012682
-0.017265
0.033327
0.025873
-0.006830
0.011060
0.014936
-0.016752
-0.000726
0.017387
-0.023393
-0.007685
-0.010146
-0.047382
-0.030847
-0.018230
-0.016799
0.015497
0.029207
0.004189
0.000623
0.000973
0.004171
0.012054
0.003893
-0.002528
0.002525
0.004898
-0.005545
0.001391
0.003796
0.004613
0.011040
0.007044
0.012299
0.010952
0.004508
0.002158
0.003914
0.005263
0.004926
0.001259
-0.000577
-0.001817
-0.002669
-0.000381
-0.000763
0.004529
0.007032
0.004671
0.005648
0.004866
0.003350
-0.003763
-0.003780
-0.000002
-0.002231
0.000124
0.002926
0.003542
0.002444
0.000850
-0.001391
0.000639
0.001022
0.001196
0.000966
0.001764
0.002071
0.001645
0.000801
0.000436
-0.000353
-0.000329
-0.000671
0.000208
0.000530
0.001197
0.001446
0.001433
0.001278
0.000858
0.000597
0.000535
0.000107
0.000039
0.000122
-0.000188
-0.000323
-0.000150
-0.000219
-0.000176
-0.000058
-0.000345
-0.000425
-0.000236
-0.000103
0.000104
0.000235
-0.000157
-0.000356
-0.000159
-0.000038
0.000236
0.000261
0.000018
-0.000307
-0.000435
-0.000339
-0.000020
0.000437
0.000515
0.000361
-0.000036
-0.000487
-0.000574
-0.000427
-0.000267
-0.000187
-0.000075
-0.000157
-0.000316
-0.000365
-0.000204
-0.000317
-0.000212