-0.063163
-0.094902
-0.125920
-0.136691
-0.115308
-0.062070
0.010605
0.082892
0.135101
0.155163
0.143213
0.111505
0.079703
0.067338
0.086321
0.136363
0.205059
0.272600
0.319314
0.333154
0.314279
0.274972
0.234925
0.213703
0.223250
0.263317
0.321537
0.378142
0.413503
0.415618
0.384694
0.333059
0.280456
0.246497
0.243178
0.270300
0.315548
0.359204
0.381691
0.371059
0.327562
0.263580
0.198904
0.153194
0.138493
0.154645
0.189379
0.223021
0.236030
0.216495
0.164705
0.093073
0.021419
-0.030567
-0.050820
-0.039472
-0.008776
0.021609
0.032157
0.010965
-0.041671
-0.113334
-0.184204
-0.234596
-0.252449
-0.237905
-0.203230
-0.168099
-0.152056
-0.167026
-0.212737
-0.276800
-0.339426
-0.380961
-0.389378
-0.364859
-0.319708
-0.273640
-0.246245
-0.249491
-0.283152
-0.334888
-0.384957
-0.413754
-0.409306
-0.371842
-0.313719
-0.254703
-0.214433
-0.204931
-0.226020
-0.265409
-0.303405
-0.320452
-0.304620
-0.256187
-0.187551
-0.118520
-0.068772
-0.050367
-0.063163
-0.094902
-0.125920
-0.136691
-0.115308
-0.062070
0.010605
0.082892
0.135101
0.155163
0.143213
0.111505
0.079703
0.067338
0.086321
0.136363
0.205059
0.272600
0.319314
0.333154
0.314279
0.274972
0.234925
0.213703
0.223250
0.263317
0.321537
0.378142
0.413503
0.415618
0.384694
0.333059
0.280456
0.246497
0.243178
0.270300
0.315548
0.359204
0.381691
0.371059
0.327562
0.263580
0.198904
0.153194
0.138493
0.154645
0.189379
0.223021
0.236030
0.216495
0.164705
0.093073
0.021419
-0.030567
-0.050820
-0.039472
-0.008776
0.021609
0.032157
0.010965
-0.041671
-0.113334
-0.184204
-0.234596
-0.252449
-0.237905
-0.203230
-0.168099
-0.152056
-0.167026
-0.212737
-0.276800
-0.339426
-0.380961
-0.389378
-0.364859
-0.319708
-0.273640
-0.246245
-0.249491
-0.283152
-0.334888
-0.384957
-0.413754
-0.409306
-0.371842
-0.313719
-0.254703
-0.214433
-0.204931
-0.226020
-0.265409
-0.303405
-0.320452
-0.304620
-0.256187
-0.187551
-0.118520
-0.068772
-0.050367
0.866605
1.114409
1.154951
0.973702
0.639983
0.280489
0.030895
-0.015957
0.154488
0.472949
0.812793
1.038423
1.057090
0.854353
0.499617
0.119659
-0.149763
-0.215730
-0.063614
0.237381
0.560689
0.770776
0.774958
0.558849
0.191907
-0.199042
-0.478198
-0.552604
-0.407595
-0.112351
0.206587
0.413701
0.416319
0.200061
-0.165613
-0.553883
-0.828960
-0.897902
-0.746067
-0.442661
-0.114258
0.103588
0.118162
-0.084964
-0.436381
-0.809326
-1.068069
-1.119733
-0.949745
-0.627383
-0.279294
-0.041111
-0.005629
-0.187358
-0.516974
-0.867800
-1.104193
-1.133365
-0.940832
-0.595958
-0.225483
0.034875
0.092232
-0.068009
-0.376608
-0.706970
-0.923535
-0.933591
-0.722730
-0.360390
0.026622
0.302522
0.374364
0.227495
-0.068897
-0.388268
-0.595099
-0.596718
-0.378749
-0.010659
0.380724
0.659597
0.733003
0.586282
0.288622
-0.033428
-0.244338
-0.251420
-0.040277
0.319652
0.701569
0.969710
1.031160
0.871308
0.559390
0.222015
-0.005229
-0.029589
0.163401
0.504373
0.866605
1.114409
1.154951
0.973702
0.639983
0.280489
0.030895
-0.015957
0.154488
0.472949
0.812793
1.038423
1.057090
0.854353
0.499617
0.119659
-0.149763
-0.215730
-0.063614
0.237381
0.560689
0.770776
0.774958
0.558849
0.191907
-0.199042
-0.478198
-0.552604
-0.407595
-0.112351
0.206587
0.413701
0.416319
0.200061
-0.165613
-0.553883
-0.828960
-0.897902
-0.746067
-0.442661
-0.114258
0.103588
0.118162
-0.084964
-0.436381
-0.809326
-1.068069
-1.119733
-0.949745
-0.627383
-0.279294
-0.041111
-0.005629
-0.187358
-0.516974
-0.867800
-1.104193
-1.133365
-0.940832
-0.595958
-0.225483
0.034875
0.092232
-0.068009
-0.376608
-0.706970
-0.923535
-0.933591
-0.722730
-0.360390
0.026622
0.302522
0.374364
0.227495
-0.068897
-0.388268
-0.595099
-0.596718
-0.378749
-0.010659
0.380724
0.659597
0.733003
0.586282
0.288622
-0.033428
-0.244338
-0.251420
-0.040277
0.319652
0.701569
0.969710
1.031160
0.871308
0.559390
0.222015
-0.005229
-0.029589
0.163401
0.504373