-0.013348
-0.011060
-0.010938
-0.013509
-0.014033
-0.015070
-0.015567
-0.013529
-0.011433
-0.005791
-0.003965
-0.003194
-0.005968
-0.012180
-0.014864
-0.016804
-0.012278
-0.008615
-0.002303
-0.001576
-0.011313
-0.007835
-0.003394
-0.005798
-0.005298
-0.008763
-0.011308
-0.005829
0.006245
0.016595
0.023065
0.017454
-0.002521
-0.015270
-0.018033
-0.021699
-0.019861
-0.005705
0.002255
0.024835
0.037503
0.018511
0.007607
-0.033125
-0.059002
-0.027387
-0.012315
-0.002493
0.034569
0.035480
-0.007476
-0.029413
-0.054987
-0.061211
-0.067621
-0.086339
-0.046474
-0.000737
0.017228
0.009330
-0.013319
-0.017443
-0.045273
-0.083778
-0.063148
-0.010135
0.028163
0.035219
0.044697
0.061761
0.051755
0.032010
0.011187
0.005238
0.009875
0.005799
0.009326
0.017044
0.018731
0.002582
-0.008201
0.004651
0.010406
0.007021
0.010875
0.012901
0.013601
0.004737
-0.002001
0.004276
0.007969
0.010873
0.008312
0.007534
0.007687
0.007996
0.007135
0.008118
0.009078
0.007562
0.009466
0.011410
0.012971
0.008721
0.000408
-0.001960
-0.000069
0.003150
0.006669
0.010071
0.013368
0.010193
0.004728
0.000265
0.001614
0.003522
0.002034
0.002381
0.003447
0.002610
0.003388
0.005479
0.010082
0.013956
0.008461
0.008898
0.011763
0.007428
0.002619
-0.003976
0.005873
0.016434
0.005067
0.004418
0.018909
0.019236
0.003675
0.008051
0.006974
0.005806
0.031745
0.028763
0.030906
0.023644
-0.022728
-0.041307
-0.050928
-0.034130
0.011248
0.018425
0.010869
0.031521
0.038763
0.009071
-0.035407
-0.077523
-0.087162
-0.069850
-0.042722
0.016589
0.071738
0.077941
0.059617
0.049627
0.059356
0.038272
0.004132
-0.004345
0.001684
0.027620
0.048093
0.041856
0.012028
-0.003174
-0.006396
-0.003666
0.005616
0.000879
0.005808
0.018336
0.019942
0.010507
-0.000301
-0.010272
-0.015351
-0.015297
-0.013393
-0.011013
-0.005604
0.000944
-0.001896
-0.000251
-0.001098
-0.008786
-0.016412
-0.018520
-0.017416
-0.019600
-0.019222
-0.020057
-0.015178
-0.008478
-0.006386
-0.005073
-0.009398
-0.012381
-0.014744
-0.019774
-0.020061
-0.017333
-0.014985
-0.014631
-0.013566
-0.010471
-0.007739
-0.010499
-0.014523
-0.014794
-0.013640
-0.008186
-0.005562
-0.002485
-0.004284
-0.013203
-0.012653
-0.014223
-0.015849
-0.020688
-0.020892
-0.007023
-0.008859
-0.007446
0.002286
0.008348
0.016380
0.019034
0.032538
0.039789
0.021052
0.001480
-0.000496
0.004749
-0.000394
-0.016363
-0.030300
-0.030410
-0.031610
-0.021044
-0.005872
0.008463
0.006979
-0.030221
-0.018124
-0.011865
-0.043912
-0.060365
-0.078998
-0.074552
-0.074506
-0.066687
-0.052352
-0.029447
0.001621
0.005363
0.019167
0.037319
0.029106
0.015510
0.029821
0.033779
0.021338
0.005291
0.005212
0.028829
0.038112
0.038583
0.035827
0.047503
0.051519
0.039220
0.021757
0.005405
-0.001677
-0.008635
-0.008066
0.002151
0.012881
0.009197
0.006338
0.010596
0.010489
0.007827
0.005296
0.002175
0.000675
-0.001343
-0.001814
-0.003471
-0.003339
-0.004133
-0.009113
-0.007970
-0.005729
-0.000816
0.001451
0.002595
0.001705
-0.003112
-0.007076
-0.010178
-0.009106
-0.008946
-0.009712
-0.009301
-0.004883
-0.001945
-0.005403
0.000612
0.003226
-0.002846
-0.000923
-0.000816
-0.001293
0.000907
-0.003410
-0.008918
-0.007967
-0.012097
-0.011898
-0.003473
-0.012797
-0.001587
-0.000911
-0.026806
-0.012451
-0.013159
-0.026513
-0.033261
-0.055504
-0.057733
-0.033106
-0.018797
0.001370
0.027018
0.011232
-0.015006
-0.025338
-0.016188
-0.030323
-0.049512
-0.035181
-0.030655
-0.025532
-0.029627
-0.049848
-0.055962
-0.054457
-0.050094
-0.014307
0.013414
0.001832
0.004562
0.007524
-0.015403
-0.027817
-0.035019
-0.026858
-0.001815
0.003405
0.013622
0.025026
0.027142
0.016826
0.007597
0.009573
0.009129
0.004554
0.012254
0.026063
0.032582
0.035408
0.022626
0.022535
0.031233
0.037863
0.036378
0.030193
0.026311
0.020278
0.021262
0.022401
0.022429
0.021818
0.021895
0.023781
0.023315
0.020080
0.018413
0.016303
0.016811
0.021110
0.023531
0.022376
0.020021
0.015259
0.011946
0.010633
0.010218
0.011923
0.013545
0.016305
0.015440
0.014994
0.014598
0.010322
0.009747
0.011676
0.012111
0.008389
0.007941
0.010840
0.007451
0.010861
0.013026
0.008745
0.016385
0.014458
0.005032
0.013565
-0.003002
-0.020555
-0.012687
-0.026168
-0.006272
0.030272
0.028295
0.035264
0.016000
-0.004216
-0.007877
-0.027252
-0.000236
0.020481
0.047085
0.094570
0.085465
0.067686
0.044743
0.015433
0.009352
0.009526
0.024298
0.035229
0.030887
0.045518
0.033651
0.021818
0.011002
-0.043608
-0.022379
0.003604
0.012401
0.035036
0.020950
0.035199
0.018309
-0.008479
-0.002243
-0.023357
-0.022542
-0.007964
-0.005796
0.006880
-0.013868
-0.027710
-0.013170
-0.018311
-0.024644
-0.040308
-0.042149
-0.025718
-0.028179
-0.032525
-0.030969
-0.024206
-0.018697
-0.017308
-0.011685
-0.011615
-0.021001
-0.026665
-0.023502
-0.014427
-0.011634
-0.014247
-0.016720
-0.014963
-0.012872
-0.015218
-0.014760
-0.014823
-0.014482
-0.015702
-0.012765
-0.010695
-0.009834
-0.010932
-0.015829
-0.015598
-0.016413
-0.016214
-0.014596
-0.014962
-0.015355
-0.012815
-0.010156
-0.008829
-0.007210
-0.010606
-0.012927
-0.013825
-0.017892
-0.013869
-0.013071
-0.011636
-0.003249
-0.001657
-0.006055
-0.000905
0.005834
0.003261
0.012834
-0.004293
-0.018924
-0.007603
-0.008769
0.012896
0.024640
0.025473
0.031542
0.024895
0.013868
-0.015783
-0.032475
-0.035826
-0.035454
-0.009526
0.017626
0.026740
0.016964
-0.019729
-0.044772
-0.062713
-0.100867
-0.116562
-0.102885
-0.062945
-0.013372
-0.002483
-0.003770
0.007367
-0.007943
-0.031233
-0.055111
-0.073986
-0.055070
-0.026092
0.014052
0.046424
0.044143
0.043550
0.034359
0.032404
0.035003
0.016305
0.013569
0.022486
0.039753
0.055567
0.045019
0.031818
0.016395
0.005763
0.010567
0.007854
0.007282
0.009780
0.012907
0.020581
0.022815
0.018592
0.010366
0.006396
0.007627
0.007285
0.007498
0.010708
0.012403
0.014392
0.015155
0.014190
0.014382
0.011638
0.008334
0.005545
0.002786
0.002838
0.001613
0.002245
0.007027
0.011046
0.011658
0.009430
0.006112
0.004719
0.004561
0.005382
0.008402
0.012601
0.014190
0.005952
0.003998
0.002828
-0.001815
0.003659
0.008808
0.009130
0.002760
-0.000381
-0.003618
0.002700
0.021514
0.014949
0.004795
0.006190
0.002358
0.006640
0.000051
0.001427
0.024142
0.015483
0.015683
0.019414
-0.009367
-0.017928
-0.030050
-0.048807
0.009591
0.030872
-0.012832
0.007300
0.011836
0.006664
-0.006481
-0.027236
-0.023992
-0.016623
0.010683
0.012319
0.026950
0.029817
-0.007082
-0.011998
0.015594
0.036996
0.042180
0.042741
0.049805
0.066495
0.068554
0.049133
0.007532
-0.011863
-0.010268
-0.001844
0.011042
0.009425
0.015711
0.022336
0.026438
0.022752
0.011259
0.000004
-0.009575
-0.016852
-0.020031
-0.016759
-0.012958
-0.008504
-0.004776
-0.004256
-0.002461
-0.004867
-0.013498
-0.015260
-0.017067
-0.015997
-0.017169
-0.018589
-0.015311
-0.015077
-0.014861
-0.018552
-0.020454
-0.020718
-0.017755
-0.016094
-0.015728
-0.012439
-0.014856
-0.016329
-0.018681
-0.021144
-0.020671
-0.021864
-0.020738
-0.018139
-0.017020
-0.014280
-0.012698
-0.016038
-0.013858
-0.010615
-0.018565
-0.019793
-0.029949
-0.045775
-0.035591
-0.023229
-0.009052
-0.007202
-0.009739
-0.012144
-0.026333
-0.021313
-0.027391
-0.039389
-0.040902
-0.045660
-0.013130
0.009052
-0.012218
-0.002274
-0.004461
-0.029133
-0.012359
-0.008299
-0.011217
0.030216
0.052498
0.057083
0.102724
0.098418
0.059835
0.063079
0.062923
0.048075
0.016001
-0.015601
-0.034544
-0.017603
-0.004610
-0.035727
-0.040104
-0.016250
-0.000621
0.007166
-0.002990
-0.019289
-0.027018
-0.024245
-0.003650
0.012383
0.015859
0.020893
0.027426
0.033875
0.031557
0.027251
0.016400
0.005745
0.008889
0.010753
0.015215
0.008094
-0.001725
-0.004403
-0.004728
-0.006760
-0.009857
-0.005372
-0.002082
-0.001642
-0.004873
-0.009345
-0.012534
-0.014245
-0.016821
-0.017544
-0.016777
-0.014555
-0.015872
-0.015059
-0.012274
-0.010417
-0.008540
-0.009633
-0.009870
-0.010229
-0.009321
-0.011729
-0.015152
-0.018528
-0.019005
-0.014762
-0.014085
-0.014158
-0.014095
-0.014171
-0.013190
-0.015852
-0.012907
-0.010804
-0.015246
-0.017577
-0.023137
-0.020536
-0.013100
-0.011499
0.004221
-0.000409
-0.023299
-0.014432
-0.023866
-0.015687
0.004919
-0.021434
-0.006426
0.013329
0.009724
0.004126
-0.015260
-0.015309
-0.035093
-0.023219
0.004336
0.000811
0.042787
0.060326
0.044878
0.054936
0.027781
-0.002091
0.018602
0.032444
0.055220
0.066517
0.032851
0.017186
0.016558
0.001736
-0.040614
-0.068216
-0.047248
-0.006036
0.023018
0.019570
-0.001472
-0.018685
-0.020142
-0.025159
-0.016972
-0.014621
-0.032454
-0.029791
-0.013804
-0.010097
-0.029700
-0.049050
-0.055038
-0.044275
-0.029371
-0.024620
-0.022866
-0.022572
-0.023392
-0.023686
-0.023534
-0.021099
-0.019175
-0.016583
-0.007261
-0.002373
-0.006357
-0.012698
-0.012256
-0.007147
-0.002721
-0.001605
-0.001960
-0.001881
-0.005579
-0.006022
-0.006220
-0.005678
-0.003104
-0.001614
0.003000
0.005865
0.004283
0.000616
-0.005018
-0.006324
-0.001628
-0.000501
-0.002224
-0.003034
-0.002619
0.000147
-0.000776
-0.005205
-0.007932
-0.012035
-0.010104
-0.001202
0.004112
0.009429
0.007039
-0.000173
-0.001065
0.000460
0.005124
0.006852
0.014139
0.022994
0.006108
-0.007827
-0.001739
-0.000499
0.006044
0.013947
0.021780
0.028721
0.038956
0.050579
0.029215
0.035835
0.046696
0.028502
0.049382
0.059370
0.035516
-0.010938
-0.019840
-0.004133
-0.022554
-0.004031
0.003547
-0.006317
0.018497
0.012317
-0.005468
0.005605
-0.011961
-0.034278
-0.017152
0.006251
0.002340
-0.027100
-0.028448
-0.025618
-0.034948
-0.027657
-0.017445
0.003486
0.020219
0.018680
0.011518
0.007843
-0.002946
-0.020698
-0.028565
-0.019538
-0.008016
-0.005408
-0.002962
0.002918
0.004715
-0.002982
-0.009261
-0.008415
-0.007651
-0.008037
-0.008570
-0.010668
-0.010078
-0.011845
-0.009944
-0.005707
-0.003272
-0.001784
-0.004009
-0.003678
-0.003428
-0.004248
-0.005501
-0.006795
-0.007188
-0.007706
-0.006914
-0.007347
-0.006927
-0.007044
-0.009015
-0.006485
-0.003478
-0.001741
-0.001995
0.000373
0.002041
-0.001957
-0.004409
-0.006231
-0.008953
-0.008683
-0.006129
-0.005461
-0.002889
-0.000182
-0.001902
-0.002939
-0.004069
-0.007214
-0.008778
-0.006849
-0.003334
-0.001743
0.000191
0.000353
-0.001593
-0.002638
-0.002841
-0.001237
-0.000325
0.000485
0.001809
0.003131
0.002828
0.000878
0.000329
-0.000583
-0.000164
0.000734
0.001460
0.001958
0.000872
0.000389
0.000417
0.000450
0.000758
0.001674
0.002262
0.002675
0.002351
0.001446
0.000698
0.000030
-0.000165
0.000202
0.000752
0.001342
0.001487
0.001488
0.001558
0.001581
0.001434
0.001321
0.001226
0.001141
0.001116
0.001087
0.001056
0.000971
0.000845
0.000759
0.000803
0.000885
0.000987
0.000951
0.000870
0.000910
0.000905
0.000911
0.000973
0.000978
0.000974
0.001012
0.000993
0.000928
0.000948
0.000917
0.000766
0.000693
0.000664
0.000667
0.000741
0.000801
0.000718
0.000523
0.000361
0.000299
0.000319
0.000316
0.000369
0.000417
0.000398
0.000401
0.000367
0.000260
0.000117
0.000072
0.000126
0.000244
0.000300
0.000277
0.000203
0.000067
0.000000
0.010192
0.015458
0.011512
0.038431
0.040568
-0.094906
0.014464
0.067197
-0.047518
-0.055020
-0.047910
0.016183
0.107439
0.184282
0.071302
0.065261
0.088665
-0.085089
-0.083392
-0.150657
-0.171665
-0.007664
0.129578
0.020521
0.239417
0.297078
-0.221523
-0.141660
-0.444752
-0.278324
0.485875
0.214844
-0.324051
0.196821
0.347051
-0.319370
-0.156045
-0.620167
-0.455408
0.213766
-0.145205
0.050211
0.123811
0.096728
0.186362
-0.069727
-0.463711
-0.175529
0.228715
-0.035231
0.187567
0.121103
0.156484
0.615258
0.248139
-0.107876
0.091856
-0.085039
0.042118
0.178256
0.021951
-0.035540
-0.117530
-0.125482
-0.059640
0.022063
-0.107617
0.021472
0.125044
0.070496
-0.017454
-0.096763
0.013964
0.098904
0.003819
-0.063119
-0.003902
0.027344
0.007443
0.003046
-0.011158
0.024843
0.022681
0.012163
-0.004352
0.007951
0.012600
0.010511
0.031544
0.023400
0.033375
0.006489
-0.013812
-0.025870
-0.014398
0.003844
-0.014086
-0.014621
-0.010123
0.012648
0.059286
0.013176
-0.035636
-0.004632
-0.008919
0.006964
0.000580
0.001305
0.050340
-0.013259
0.010699
-0.009914
-0.028313
0.000973
-0.033473
0.126218
0.127928
-0.088040
-0.110994
0.144123
0.108889
-0.152147
0.065628
-0.059954
0.027149
0.584866
0.018285
-0.247529
-0.192469
-0.251208
-0.023698
-0.269732
-0.247901
0.341576
0.453753
-0.167600
0.147382
0.240548
-0.387780
-0.293033
-0.637263
-0.464322
0.408947
0.409077
0.156671
0.005857
0.087700
0.645825
0.692760
-0.133543
-0.529868
0.051800
0.318901
0.250976
-0.033147
-0.308199
-0.002787
-0.125952
0.042800
-0.091165
-0.299754
0.065892
0.136845
0.117327
-0.043698
0.043014
-0.061596
0.017145
-0.055343
-0.231356
0.060149
-0.039978
-0.045679
-0.067539
-0.075658
-0.036331
0.011490
-0.001007
-0.085381
0.007949
-0.009747
0.024994
0.015207
-0.010069
-0.013987
-0.046843
-0.060441
-0.082951
-0.042464
-0.029040
0.006816
-0.004329
-0.005460
0.023784
0.037925
0.016292
-0.025048
-0.040784
-0.033455
0.000438
-0.060608
-0.055540
-0.037780
0.008276
0.067851
-0.013696
0.019362
-0.006035
-0.021106
0.028612
-0.041892
-0.082966
-0.116067
0.013761
0.128970
-0.027234
-0.037376
0.038074
0.133268
0.187772
0.144882
0.188224
0.082114
-0.020556
-0.073968
0.032334
0.054530
-0.093417
-0.198617
-0.362274
-0.126589
0.039001
0.063575
-0.142080
-0.079833
0.266521
-0.047065
0.220416
-0.220995
-0.640203
-0.195672
-0.039384
-0.026334
-0.483918
-0.133961
-0.208902
0.184511
0.493838
0.015695
0.269049
0.179186
0.450669
0.218825
0.078122
-0.085933
0.085866
0.338841
-0.094937
-0.051284
-0.146531
0.177244
0.244577
0.164188
0.018716
-0.020004
0.037277
-0.183858
-0.074325
-0.050687
0.029052
0.001650
-0.076088
-0.089183
-0.070451
-0.017778
-0.076861
0.010540
0.006754
0.006042
-0.008628
0.006918
0.026175
-0.000493
0.018240
-0.012609
-0.024625
-0.068420
-0.040509
-0.037334
-0.015453
-0.007294
-0.011951
0.017000
0.006345
0.015952
0.000250
0.029256
0.013046
-0.033412
0.023792
-0.005938
-0.078303
-0.008482
0.003185
-0.076534
0.038079
0.041495
-0.052413
0.056197
0.029611
-0.052119
-0.016742
-0.107950
-0.064155
0.140651
-0.147232
0.051005
0.087813
-0.383758
0.112450
0.125433
-0.254510
-0.279090
-0.249667
-0.164266
0.334497
0.211988
-0.208163
0.321051
0.059251
0.016531
0.097811
-0.271192
-0.444789
0.050393
0.344089
-0.122883
-0.195907
-0.362426
-0.212241
-0.105049
-0.060672
0.098491
0.295051
0.318530
-0.043293
0.060441
0.039769
-0.269617
0.062438
0.038681
-0.067584
0.165742
0.135996
-0.010678
-0.037976
0.099273
0.075803
0.219207
-0.038308
-0.090711
0.173664
0.140330
0.109721
-0.022687
0.025108
0.154719
0.176471
0.000776
-0.034956
-0.025554
-0.002457
0.139403
0.030108
0.022948
0.016426
0.010368
0.047920
0.031065
-0.007016
-0.043743
0.008231
-0.009359
0.013571
0.004435
0.006924
0.009876
0.009668
0.017548
0.017979
0.036741
0.011487
0.014710
-0.013569
-0.007279
0.006469
-0.030835
-0.002710
0.027100
-0.002914
-0.035997
0.017437
0.052177
-0.022325
-0.001814
-0.002262
-0.048803
0.062763
0.082156
-0.082474
0.055601
0.064388
-0.096553
0.115315
-0.204039
-0.332769
0.104683
-0.122639
0.070259
0.421368
-0.022179
0.014933
0.019120
-0.177442
-0.091514
-0.136663
0.120550
0.256565
0.513526
0.553569
0.127630
-0.278140
-0.275046
0.299770
0.055802
-0.013628
0.041124
-0.040624
0.171478
0.200859
-0.344027
-0.444970
0.012031
-0.144653
0.420873
-0.057008
-0.387486
0.159953
0.122147
0.358635
-0.173305
-0.239096
-0.130735
0.006949
0.060599
-0.207291
-0.033788
-0.139646
0.120903
0.007807
-0.247834
-0.194825
-0.121987
0.041775
0.027837
-0.129529
-0.103876
-0.005009
-0.053378
0.016775
0.016852
0.002272
0.000434
-0.079470
-0.036779
0.105655
0.052976
-0.022517
-0.014074
-0.040447
-0.015501
-0.012275
-0.035876
0.004469
-0.008569
-0.015594
-0.002314
-0.007804
-0.015627
-0.007988
-0.011698
-0.003743
-0.009369
-0.017322
-0.000486
-0.015464
-0.004159
-0.033355
-0.047738
0.030428
0.019557
-0.007362
0.004112
-0.025620
0.000107
-0.023590
-0.054418
-0.003393
-0.003669
0.012890
0.086755
0.072124
-0.078999
0.039809
0.114744
-0.043757
0.191838
-0.149334
-0.226467
0.175636
0.061358
0.192060
0.027001
0.027917
0.142724
0.294731
-0.101250
-0.628804
-0.241349
-0.022273
0.321759
0.165788
-0.219807
-0.042594
0.159237
-0.022396
-0.427191
-0.621694
-0.606300
-0.050546
0.155227
-0.142796
0.021342
0.086554
0.207666
0.367860
-0.076895
-0.347305
-0.155601
-0.104753
0.157637
0.269925
0.130465
0.116598
0.235921
0.352238
0.211086
0.062873
-0.147034
0.073867
0.284350
0.192561
0.187137
-0.043173
-0.112140
0.015078
-0.015399
-0.046225
-0.044441
-0.089019
-0.041057
0.048303
-0.002430
-0.036152
-0.033494
-0.008025
0.010347
0.058849
0.035652
-0.002154
0.036507
0.003130
-0.007746
-0.007688
-0.022330
-0.021734
-0.004302
-0.002855
0.019805
0.041631
0.028737
0.049087
0.034168
-0.011382
-0.017317
-0.017825
-0.035846
-0.017635
-0.012904
0.005943
0.026278
0.030047
0.048300
0.064242
0.057413
-0.126985
-0.070315
-0.003176
-0.033972
0.075054
0.003730
-0.068822
-0.093979
0.086462
-0.030846
-0.014253
0.191495
-0.060075
-0.039760
0.045802
0.004476
0.031811
-0.138314
-0.037246
0.387454
0.163642
-0.013319
-0.077967
-0.490484
-0.183680
0.216952
-0.330321
0.251197
0.435129
-0.484745
0.209604
0.127623
-0.204099
-0.024260
-0.044550
-0.312995
0.206374
0.701851
-0.383128
-0.071879
-0.284765
0.053030
0.710421
-0.077273
-0.198949
0.069865
0.578295
0.376782
0.167996
-0.203483
-0.146637
0.098433
-0.161020
-0.090363
-0.223540
-0.106721
0.087481
0.090031
-0.024185
0.064772
0.056500
-0.065973
-0.055669
-0.143803
-0.078513
-0.021213
-0.036462
-0.094880
-0.035108
-0.038614
-0.057028
-0.028308
-0.074197
-0.032182
-0.002744
-0.000122
-0.015111
0.008318
-0.012281
-0.028567
-0.033031
-0.060814
-0.026371
-0.036865
-0.033490
-0.042441
-0.039207
-0.021795
-0.004675
0.003690
-0.024916
-0.009926
-0.025178
-0.023389
0.006414
-0.005461
-0.016468
-0.057495
-0.029788
-0.037856
-0.082187
0.038116
0.048190
-0.114953
-0.031539
-0.069209
-0.221672
0.041095
0.108650
0.088187
-0.019787
-0.030503
-0.006426
-0.083409
0.060463
-0.212535
-0.237858
-0.097482
0.108513
0.461635
0.048550
-0.541526
-0.003588
0.370064
-0.017239
0.043994
-0.162364
-0.356525
0.806423
0.959964
-0.254834
0.180218
0.324864
0.299897
0.628449
-0.193814
-0.648091
-0.019784
0.199274
-0.402111
-0.317624
-0.521155
-0.426745
0.440219
-0.002620
-0.145365
-0.018272
-0.133946
0.012990
0.056899
0.036806
0.062187
0.178625
-0.048531
0.235894
0.238506
-0.039713
0.038733
0.053902
-0.027500
0.063656
0.084681
-0.110914
0.006038
-0.071100
-0.045231
0.043550
-0.041862
-0.068653
-0.017401
-0.049805
-0.104745
-0.019990
-0.083886
-0.057084
-0.016531
-0.051886
-0.000152
-0.017698
-0.043457
-0.025498
-0.010369
-0.053423
-0.034185
-0.039356
-0.037521
-0.007117
-0.033860
-0.009217
0.007685
0.021983
-0.001114
0.017473
0.001081
-0.026140
-0.047942
-0.042528
0.004858
0.013442
-0.004809
-0.090421
0.031787
0.102617
-0.039147
-0.113976
-0.155285
0.002982
0.157689
0.027261
0.032115
-0.126972
-0.207626
0.265772
-0.034137
-0.185510
0.095028
-0.160808
0.244132
0.373953
-0.048716
-0.427400
-0.173047
0.225409
-0.090425
0.191939
-0.179549
-0.183479
0.754388
0.553710
-0.069337
-0.321239
-0.097048
0.207801
0.632672
-0.002111
-0.414890
0.388754
0.240782
0.037127
-0.255819
-0.741987
-0.602913
0.234388
0.311746
-0.012587
-0.045323
-0.328567
0.034298
0.100775
0.004264
-0.067217
-0.133370
-0.052782
0.075379
0.068452
-0.225648
-0.236953
-0.288839
-0.012736
0.056307
-0.088344
-0.023523
-0.082469
-0.016890
0.047681
0.108454
0.033316
0.003053
-0.038316
0.003981
0.060556
0.002417
0.005014
-0.000520
0.062437
0.043964
-0.005944
-0.008483
0.008703
0.038289
0.024622
0.009738
0.006802
0.020344
0.004116
0.012600
-0.008056
-0.027538
-0.010084
-0.008347
0.020005
0.009692
0.018716
0.017402
-0.005738
-0.002732
0.005208
0.046328
0.033764
-0.044123
-0.084684
-0.034169
-0.022408
-0.007395
0.032024
-0.013667
0.092949
0.098456
-0.032815
-0.045683
0.004858
0.125068
0.074996
0.072186
0.072455
-0.141621
-0.123729
0.050828
-0.010378
-0.043193
0.103215
0.206371
0.104385
0.191204
0.194679
-0.317492
0.164814
0.497141
0.115246
0.168129
-0.055152
-0.246285
-0.493668
0.059960
0.084863
-0.509686
0.082343
0.065273
0.030370
0.101379
-0.066297
-0.291856
-0.014414
0.265194
-0.077474
0.136320
-0.134730
-0.235730
-0.096286
-0.148194
-0.212918
-0.051958
0.146999
0.020201
0.118298
0.074776
0.210341
0.134820
-0.091001
-0.015388
-0.041582
-0.012810
-0.055128
-0.097643
-0.040307
0.029260
-0.002471
-0.048023
0.024427
0.006514
0.015477
-0.026315
-0.011303
0.022593
0.008908
-0.009388
-0.000710
-0.025485
-0.059396
-0.039587
-0.025846
0.001842
-0.007198
0.001774
0.010720
0.022529
0.030394
0.001246
0.008292
0.011806
-0.002283
-0.008361
-0.016366
-0.026242
-0.026783
-0.009068
-0.009836
0.002374
0.037403
0.037004
0.009554
0.011196
0.003192
-0.027950
0.006222
0.018799
-0.035416
-0.023609
-0.012332
-0.026156
-0.021681
-0.027864
-0.028971
-0.002582
0.030188
0.019870
0.023327
0.010647
-0.008833
0.007206
0.010476
0.006972
-0.000299
-0.003921
-0.001169
0.005876
0.006541
0.006310
0.010150
0.004863
0.004107
0.004201
0.006204
0.010435
0.008877
0.006977
0.009668
0.002319
-0.002219
-0.005262
-0.007428
-0.003177
-0.000146
0.004086
0.006354
0.007294
0.002804
0.001254
0.001640
-0.001626
-0.000423
0.002113
0.001401
0.001001
0.001497
0.000319
-0.000141
-0.000040
-0.001757
0.000045
0.001402
0.003312
0.004049
0.003116
0.002316
0.001031
0.000444
0.000045
-0.000082
-0.000131
-0.000889
-0.000680
-0.000083
0.000985
0.001486
0.001783
0.001638
0.001003
0.000349
0.000399
0.000327
-0.000107
-0.000352
-0.000421
-0.000536
-0.000398
-0.000247
-0.000175
-0.000033
-0.000258
-0.000398
-0.000654
-0.000665
-0.000330
0.000028
0.000265
0.000377
0.000231
-0.000089
-0.000349
-0.000443
-0.000411
-0.000348
-0.000185
0.000096
0.000217
0.000167
0.000287
0.000009
-0.000276
-0.000430
-0.000504
-0.000301
-0.000023
0.000081
-0.000028
-0.000177
-0.000461
-0.000565
-0.000355
-0.000279
-0.000130
0.000001