0.265689
0.344073
0.407113
0.451969
0.477674
0.484814
0.474961
0.450111
0.412325
0.363680
0.306492
0.243650
0.178836
0.116468
0.061277
0.017602
-0.011403
-0.024391
-0.022082
-0.007041
0.016931
0.045630
0.075219
0.102738
0.126214
0.144420
0.156452
0.161331
0.157846
0.144724
0.121065
0.086886
0.043524
-0.006281
-0.058710
-0.109516
-0.154825
-0.191823
-0.219115
-0.236662
-0.245353
-0.246380
-0.240670
-0.228596
-0.210041
-0.184795
-0.153097
-0.116091
-0.075992
-0.035878
0.000853
0.031158
0.052939
0.065332
0.068604
0.063720
0.051746
0.033348
0.008566
-0.023026
-0.061852
-0.107725
-0.159351
-0.214159
-0.268536
-0.318418
-0.360055
-0.390697
-0.408980
-0.414919
-0.409545
-0.394347
-0.370768
-0.339938
-0.302743
-0.260177
-0.213800
-0.166071
-0.120370
-0.080625
-0.050621
-0.033187
-0.029520
-0.038867
-0.058661
-0.085064
-0.113734
-0.140573
-0.162221
-0.176201
-0.180734
-0.174392
-0.155803
-0.123586
-0.076613
-0.014507
0.061782
0.149581
0.244468
0.340682
0.431917
0.512275
0.577123
0.623619
0.650796
0.659236
0.650511
0.626616
0.589610
0.541570
0.484813
0.422224
0.357488
0.295022
0.239557
0.195431
0.165800
0.152010
0.153345
0.167237
0.189889
0.217097
0.245026
0.270718
0.292200
0.308249
0.317962
0.320363
0.314242
0.298330
0.271730
0.234462
0.187864
0.134680
0.078735
0.024276
-0.024818
-0.065729
-0.097058
-0.118764
-0.131729
-0.137142
-0.135927
-0.128451
-0.114592
-0.094136
-0.067318
-0.035277
-0.000223
0.034772
0.066314
0.091365
0.107833
0.114859
0.112715
0.102371
0.084900
0.060971
0.030632
-0.006541
-0.050962
-0.102441
-0.159679
-0.220099
-0.280081
-0.335557
-0.382772
-0.418969
-0.442778
-0.454212
-0.454292
-0.444505
-0.426287
-0.400763
-0.368814
-0.331430
-0.290163
-0.247470
-0.206724
-0.171850
-0.146625
-0.133876
-0.134795
-0.148624
-0.172792
-0.203455
-0.236269
-0.267131
-0.292678
-0.310427
-0.318597
-0.315757
-0.300529
-0.271531
-0.227630
-0.168448
-0.094931
-0.009748
0.082678
0.176592
0.486602
0.539622
0.570250
0.579128
0.568224
0.540094
0.497337
0.442429
0.377914
0.306812
0.232978
0.161159
0.096641
0.044487
0.008613
-0.009041
-0.008936
0.006183
0.031928
0.063239
0.095370
0.124607
0.148518
0.165750
0.175515
0.177045
0.169284
0.150953
0.121002
0.079243
0.026913
-0.033093
-0.096479
-0.158242
-0.213611
-0.258938
-0.292256
-0.313326
-0.323213
-0.323542
-0.315758
-0.300645
-0.278278
-0.248413
-0.211123
-0.167414
-0.119550
-0.070925
-0.025514
0.012934
0.041666
0.059384
0.066255
0.063456
0.052481
0.034445
0.009699
-0.022120
-0.061609
-0.108881
-0.162896
-0.221125
-0.279687
-0.333966
-0.379499
-0.412852
-0.432198
-0.437423
-0.429770
-0.411180
-0.383612
-0.348610
-0.307267
-0.260566
-0.209942
-0.157768
-0.107517
-0.063468
-0.029977
-0.010521
-0.006833
-0.018387
-0.042434
-0.074558
-0.109573
-0.142465
-0.169094
-0.186475
-0.192628
-0.186153
-0.165795
-0.130239
-0.078290
-0.009388
0.075702
0.174334
0.281804
0.391700
0.496742
0.589899
0.665464
0.719803
0.751571
0.761410
0.751288
0.723759
0.681422
0.626752
0.562293
0.491066
0.416923
0.344616
0.279427
0.226423
0.189519
0.170656
0.169375
0.182932
0.206941
0.236343
0.266394
0.293382
0.314878
0.329531
0.336554
0.335184
0.324367
0.302827
0.269517
0.224252
0.168274
0.104480
0.037169
-0.028649
-0.088202
-0.137837
-0.175581
-0.201194
-0.215733
-0.220821
-0.217898
-0.207741
-0.190423
-0.165693
-0.133621
-0.095205
-0.052705
-0.009511
0.030409
0.063311
0.086446
0.098525
0.099716
0.091206
0.074491
0.050694
0.020171
-0.017436
-0.062717
-0.115779
-0.175579
-0.239579
-0.303895
-0.363903
-0.415136
-0.454154
-0.479124
-0.489927
-0.487800
-0.474678
-0.452516
-0.422853
-0.386774
-0.345259
-0.299738
-0.252578
-0.207247
-0.168021
-0.139248
-0.124404
-0.125214
-0.141150
-0.169457
-0.205717
-0.244738
-0.281502
-0.311866
-0.332842
-0.342445
-0.339272
-0.322065
-0.289506
-0.240396
-0.174174
-0.091601
0.004679
0.109964
0.217845
0.321045
0.412531