0.333401
0.479811
0.520689
0.446510
0.291366
0.119921
0.002690
-0.010913
0.088529
0.266824
0.459218
0.595112
0.625019
0.539457
0.372563
0.189048
0.059474
0.033304
0.120004
0.285434
0.464888
0.587820
0.604795
0.506380
0.326764
0.130706
-0.011179
-0.049382
0.025612
0.179708
0.348246
0.460722
0.467741
0.359913
0.171461
-0.032820
-0.182282
-0.227388
-0.158593
-0.009970
0.153844
0.262363
0.266208
0.156001
-0.034025
-0.239068
-0.388480
-0.432721
-0.362251
-0.211149
-0.044062
0.068510
0.077175
-0.027468
-0.211205
-0.409260
-0.551012
-0.586951
-0.507572
-0.346986
-0.169880
-0.046791
-0.027155
-0.120414
-0.292402
-0.478387
-0.607795
-0.631168
-0.539047
-0.365595
-0.175550
-0.039499
-0.006931
-0.087337
-0.246602
-0.420045
-0.537142
-0.548482
-0.444655
-0.259869
-0.058907
0.087600
0.130123
0.059130
-0.091299
-0.256519
-0.366039
-0.370476
-0.260449
-0.070191
0.135495
0.285959
0.331656
0.263042
0.114187
-0.050270
-0.159841
-0.165143
-0.056792
0.130988
0.333401
0.479811
0.520689
0.446510
0.291366
0.119921
0.002690
-0.010913
0.088529
0.266824
0.459218
0.595112
0.625019
0.539457
0.372563
0.189048
0.059474
0.033304
0.120004
0.285434
0.464888
0.587820
0.604795
0.506380
0.326764
0.130706
-0.011179
-0.049382
0.025612
0.179708
0.348246
0.460722
0.467741
0.359913
0.171461
-0.032820
-0.182282
-0.227388
-0.158593
-0.009970
0.153844
0.262363
0.266208
0.156001
-0.034025
-0.239068
-0.388480
-0.432721
-0.362251
-0.211149
-0.044062
0.068510
0.077175
-0.027468
-0.211205
-0.409260
-0.551012
-0.586951
-0.507572
-0.346986
-0.169880
-0.046791
-0.027155
-0.120414
-0.292402
-0.478387
-0.607795
-0.631168
-0.539047
-0.365595
-0.175550
-0.039499
-0.006931
-0.087337
-0.246602
-0.420045
-0.537142
-0.548482
-0.444655
-0.259869
-0.058907
0.087600
0.130123
0.059130
-0.091299
-0.256519
-0.366039
-0.370476
-0.260449
-0.070191
0.135495
0.285959
0.331656
0.263042
0.114187
-0.050270
-0.159841
-0.165143
-0.056792
0.130988
-0.134100
-0.091563
0.158054
0.521871
0.862698
1.051432
1.016363
0.770564
0.406900
0.062560
-0.133338
-0.109056
0.122375
0.468147
0.791141
0.962325
0.910056
0.647478
0.267521
-0.092563
-0.303593
-0.293770
-0.076070
0.256755
0.567636
0.727589
0.665016
0.393100
0.004809
-0.362571
-0.579832
-0.575151
-0.361481
-0.031560
0.277555
0.436886
0.374839
0.104594
-0.280888
-0.644331
-0.856542
-0.845720
-0.624841
-0.286672
0.031698
0.201254
0.150363
-0.107841
-0.480443
-0.830219
-1.028030
-1.002130
-0.765556
-0.411137
-0.076025
0.110698
0.077330
-0.163062
-0.517634
-0.849233
-1.028792
-0.984637
-0.729877
-0.357413
-0.004468
0.199805
0.183636
-0.039976
-0.378254
-0.694110
-0.858537
-0.799923
-0.531433
-0.146021
0.219036
0.434541
0.428677
0.214402
-0.115542
-0.424101
-0.582298
-0.518542
-0.246022
0.142294
0.509118
0.725244
0.718854
0.502908
0.170154
-0.142342
-0.305587
-0.247973
0.017339
0.397406
0.754975
0.960875
0.943330
0.715343
0.369709
0.043546
-0.134100
-0.091563
0.158054
0.521871
0.862698
1.051432
1.016363
0.770564
0.406900
0.062560
-0.133338
-0.109056
0.122375
0.468147
0.791141
0.962325
0.910056
0.647478
0.267521
-0.092563
-0.303593
-0.293770
-0.076070
0.256755
0.567636
0.727589
0.665016
0.393100
0.004809
-0.362571
-0.579832
-0.575151
-0.361481
-0.031560
0.277555
0.436886
0.374839
0.104594
-0.280888
-0.644331
-0.856542
-0.845720
-0.624841
-0.286672
0.031698
0.201254
0.150363
-0.107841
-0.480443
-0.830219
-1.028030
-1.002130
-0.765556
-0.411137
-0.076025
0.110698
0.077330
-0.163062
-0.517634
-0.849233
-1.028792
-0.984637
-0.729877
-0.357413
-0.004468
0.199805
0.183636
-0.039976
-0.378254
-0.694110
-0.858537
-0.799923
-0.531433
-0.146021
0.219036
0.434541
0.428677
0.214402
-0.115542
-0.424101
-0.582298
-0.518542
-0.246022
0.142294
0.509118
0.725244
0.718854
0.502908
0.170154
-0.142342
-0.305587
-0.247973
0.017339
0.397406
0.754975
0.960875
0.943330
0.715343
0.369709
0.043546