-0.021297
-0.025285
-0.027272
-0.020802
-0.012804
-0.010527
-0.016469
-0.019083
-0.014037
-0.010216
-0.008353
-0.012672
-0.021309
-0.024745
-0.014445
-0.007483
-0.005000
-0.008126
-0.005153
-0.000658
-0.020972
-0.012122
0.004930
-0.005173
-0.009373
-0.011261
-0.003384
0.007961
0.023926
0.026048
0.013490
0.018986
-0.000317
-0.020505
-0.028570
-0.030899
-0.019746
0.003540
-0.003567
0.030188
0.072416
0.014371
-0.015828
-0.073329
-0.092992
0.020175
0.051353
-0.024534
-0.003641
0.061032
-0.001198
-0.051282
-0.097646
-0.106608
-0.051494
-0.046733
-0.027437
-0.021266
0.035281
0.069051
-0.012471
-0.072408
-0.067180
-0.022583
-0.011937
-0.013014
0.041011
0.044539
0.061473
0.091012
0.037237
0.015516
0.006030
-0.005988
-0.000753
0.005825
-0.007060
-0.033401
-0.027435
-0.021753
-0.018231
-0.019962
-0.001066
0.036895
0.037537
0.017072
0.010887
0.011736
0.013561
0.013055
0.000723
0.000035
0.006287
0.014487
0.015416
0.016606
0.020745
0.015684
0.006850
0.001441
0.001965
0.004582
0.006403
0.009758
0.010879
0.009693
0.012046
0.010043
0.000154
-0.002186
0.005688
0.008155
0.010462
0.011614
0.014903
0.019784
0.010156
-0.003768
-0.006079
-0.006395
-0.000593
0.000582
0.006424
0.021941
0.012352
0.010196
0.004763
-0.005820
-0.006470
-0.015173
0.008628
0.034228
0.007325
-0.010340
0.018580
0.040320
0.001561
0.002285
0.001394
-0.000286
0.092198
0.069092
-0.011181
-0.038591
-0.050228
-0.030622
-0.073898
-0.062185
0.035209
0.068299
0.017452
0.021383
0.063262
0.008157
-0.061907
-0.126381
-0.151291
-0.044397
0.068771
0.067289
0.013016
0.047606
0.141023
0.144349
0.076335
-0.024987
-0.020642
0.033245
0.024979
0.010036
-0.032282
-0.029553
-0.016749
-0.002523
-0.018137
-0.039325
0.008399
0.036542
0.042122
0.019443
0.018526
0.010421
-0.004085
-0.001857
-0.021892
-0.016331
-0.002796
-0.001720
-0.000348
0.005161
0.002165
-0.004005
-0.009096
-0.013522
-0.010601
-0.008228
-0.009526
-0.015380
-0.015005
-0.013015
-0.011273
-0.016178
-0.023356
-0.018679
-0.009353
-0.000899
0.003226
-0.002138
-0.010732
-0.010574
-0.013126
-0.021821
-0.027785
-0.023007
-0.008334
-0.009824
-0.014014
-0.013525
-0.009650
-0.003382
-0.013525
-0.016476
-0.022284
-0.028685
-0.011716
-0.009368
-0.016420
-0.027329
-0.022345
0.009063
-0.003348
-0.010029
0.003993
0.016161
0.040596
0.044086
0.050568
0.039276
0.006412
-0.012896
-0.014431
0.000837
-0.004871
-0.041778
-0.089640
-0.068843
-0.017174
0.013543
-0.014168
-0.024229
0.036326
0.000463
0.022146
0.004019
-0.095584
-0.089688
-0.070575
-0.048138
-0.108118
-0.086972
-0.046885
-0.017117
0.071471
0.057687
0.031321
0.046213
0.100092
0.078722
0.021100
-0.014245
-0.003614
0.018650
-0.010055
-0.015146
-0.015934
0.011034
0.042622
0.054163
0.036693
0.026364
0.021664
-0.015759
-0.030319
-0.012840
-0.002349
-0.009561
-0.000662
0.005089
0.006360
0.012714
0.017442
0.018249
0.017936
0.019060
0.011974
0.003137
-0.002545
-0.000058
0.000578
-0.001789
-0.002966
-0.007964
-0.007327
0.001942
0.008674
0.005677
0.002820
0.004123
0.001360
-0.003444
-0.006239
-0.004906
-0.007851
-0.009052
0.003674
0.007347
-0.008455
-0.006158
0.003690
-0.006738
0.000295
0.004595
-0.012854
-0.011805
-0.005853
-0.014308
-0.020128
-0.026754
-0.022316
0.004297
-0.018675
-0.001727
0.013565
-0.053496
-0.013244
0.016451
-0.026990
-0.074030
-0.091190
-0.061276
0.003611
0.040611
0.009162
0.013897
0.022543
0.021165
-0.005664
-0.028937
-0.080261
-0.068995
0.008623
-0.030388
-0.069272
-0.064995
-0.078755
-0.068030
-0.038904
-0.022598
0.019978
0.052063
0.026965
0.014680
0.002477
-0.038942
-0.023754
-0.026087
-0.036864
0.001820
0.017259
0.008503
-0.015503
0.018683
0.039098
0.018912
0.003193
-0.013746
0.001950
0.032220
0.030372
0.009443
0.012931
0.022645
0.044730
0.034427
0.018380
0.022400
0.018681
0.030966
0.035567
0.022414
0.014013
0.015647
0.018522
0.021998
0.020957
0.018903
0.019102
0.021443
0.026403
0.023905
0.021491
0.022831
0.021126
0.018387
0.016442
0.016518
0.016151
0.018944
0.022251
0.023846
0.018732
0.009626
0.012248
0.018147
0.017085
0.010664
0.012022
0.018680
0.009377
0.005870
0.008106
-0.005610
0.005839
0.024483
0.006581
0.016798
0.028565
0.003757
0.016183
-0.018956
-0.059644
-0.018859
-0.025723
0.004435
0.068081
0.042334
0.030729
0.002745
-0.012660
-0.009657
-0.045667
0.022163
0.039001
0.074238
0.158176
0.089331
0.012202
-0.015291
0.030562
0.050182
-0.002967
0.000222
0.014120
0.006909
0.065141
0.014986
-0.073193
-0.018546
-0.021809
0.039901
0.028076
-0.021256
0.037798
0.031082
0.082719
0.034042
-0.038349
-0.015820
-0.012894
0.015199
-0.007792
-0.036624
-0.006321
-0.000728
-0.000562
-0.019126
-0.056145
-0.038132
-0.021155
-0.021295
-0.020615
-0.021459
-0.023415
-0.029947
-0.023986
-0.006158
0.001888
-0.012841
-0.017733
-0.016333
-0.007874
0.000063
-0.011482
-0.022031
-0.025992
-0.028808
-0.028873
-0.026853
-0.027140
-0.018032
-0.013650
-0.012612
-0.012437
-0.023565
-0.027667
-0.022362
-0.019796
-0.015998
-0.014827
-0.011887
-0.006704
-0.007329
-0.011812
-0.021743
-0.017689
-0.007402
-0.007934
-0.004069
-0.006309
-0.012587
-0.014211
-0.019297
-0.015900
-0.018235
-0.019546
-0.002294
0.008652
-0.004350
0.004501
0.023828
0.000353
0.021398
-0.010718
-0.048516
-0.003209
0.014796
0.042925
0.017770
0.010571
0.035466
0.047821
0.030024
-0.077815
-0.099863
-0.037085
0.012089
0.028243
-0.011380
-0.017608
0.028511
0.011003
-0.064117
-0.126456
-0.156332
-0.098918
-0.039483
-0.045946
-0.023895
0.008057
0.029905
0.065748
0.026611
-0.037876
-0.067168
-0.071825
-0.017288
0.008248
0.019506
0.019654
0.014824
0.066120
0.059944
0.029848
0.009905
-0.006107
0.029886
0.040161
0.031797
0.019235
-0.016476
-0.011973
0.004040
-0.004893
0.000279
-0.000436
0.002137
0.017563
0.022803
0.017025
0.008744
0.010521
0.016254
0.023114
0.024103
0.020035
0.019414
0.020767
0.021045
0.015415
0.006967
0.001163
0.005813
0.017131
0.021016
0.019392
0.015370
0.012252
0.013500
0.009017
0.001047
0.001028
0.001480
0.008790
0.018606
0.021244
0.018633
0.012367
0.010495
0.013988
0.015776
-0.014792
-0.020554
-0.006124
0.001255
0.019110
0.013763
-0.002241
-0.021284
-0.000044
0.003863
-0.006651
0.030007
0.017387
-0.009334
0.005573
0.014255
0.018802
-0.013710
-0.015408
0.054232
0.044004
0.024255
0.006155
-0.067630
-0.054362
0.007530
-0.050021
-0.006282
0.068859
-0.020806
-0.003329
0.016557
0.025782
-0.011496
-0.037243
-0.032591
-0.033262
0.100312
0.041394
-0.047772
-0.033420
0.008054
0.079595
0.045096
-0.006683
0.014188
0.092064
0.105319
0.075252
0.028210
-0.007661
-0.001408
-0.008416
-0.038627
-0.043449
-0.019285
0.006490
0.027771
0.020941
0.030517
0.032949
0.018958
0.006327
-0.001896
-0.009927
-0.016985
-0.011462
-0.015760
-0.008988
0.000070
-0.004914
-0.010780
-0.003798
0.001151
-0.000730
-0.003018
-0.011951
-0.012736
-0.012689
-0.015192
-0.020102
-0.026899
-0.025773
-0.018181
-0.011760
-0.008000
-0.009524
-0.015729
-0.013873
-0.012867
-0.018611
-0.022888
-0.026415
-0.022864
-0.016283
-0.013520
-0.014093
-0.024101
-0.024083
-0.022308
-0.030548
-0.016011
-0.005171
-0.026783
-0.026500
-0.029984
-0.063407
-0.043155
-0.011341
0.009366
-0.009540
-0.016806
-0.003502
-0.027229
-0.002139
-0.020633
-0.072525
-0.064942
-0.034424
0.041427
0.037721
-0.073744
-0.039803
0.028416
0.006100
0.005860
-0.021851
-0.067781
0.067137
0.195425
0.065227
0.019431
0.091027
0.119918
0.112089
0.038358
-0.043826
-0.075368
-0.002956
-0.030536
-0.100714
-0.094606
-0.095032
-0.008863
0.027347
0.007066
0.024734
0.014691
-0.000062
0.020179
0.031728
0.022852
0.031784
0.024904
0.034289
0.057921
0.045437
0.020807
0.021317
0.012405
0.007839
0.012675
-0.012785
-0.020489
-0.018921
-0.012785
-0.012263
-0.010982
-0.012562
-0.012715
0.000355
-0.002774
-0.002921
-0.003674
-0.010102
-0.005680
0.004779
-0.002327
-0.011014
-0.016598
-0.015300
-0.007083
-0.011926
-0.019459
-0.021167
-0.017034
-0.010150
-0.008184
-0.014186
-0.018471
-0.019306
-0.019945
-0.014786
-0.014435
-0.016394
-0.018976
-0.015741
-0.004713
0.000093
-0.001005
-0.017612
-0.008736
0.013181
-0.003844
-0.031583
-0.050558
-0.032120
0.004443
-0.000306
-0.000082
-0.026314
-0.060004
0.011502
0.001507
-0.037397
-0.007189
-0.040034
0.006931
0.054006
0.034181
-0.035826
-0.078377
0.016318
-0.004514
-0.010232
0.003000
-0.047000
0.083595
0.159110
0.059146
-0.023167
-0.029541
0.030620
0.105873
0.049913
-0.021504
0.024407
0.050232
0.044229
-0.017286
-0.096005
-0.131940
-0.062045
0.030933
0.023008
0.005120
-0.002481
-0.011798
0.003453
0.038804
0.003896
-0.026657
-0.016841
-0.004568
0.008903
-0.026565
-0.049237
-0.057172
-0.054249
-0.031928
-0.021849
-0.033638
-0.030938
-0.017655
-0.009777
0.003196
-0.006015
-0.023367
-0.028440
-0.016949
-0.002490
-0.008483
-0.018705
-0.011987
-0.003665
-0.000009
-0.004516
-0.020372
-0.022396
-0.013851
-0.002628
-0.001897
-0.013181
-0.015268
-0.012563
-0.006276
-0.001679
-0.007739
-0.015411
-0.014697
-0.004947
0.002649
0.004502
0.003647
-0.000395
-0.003662
-0.002837
0.004043
0.004659
-0.005874
-0.011731
-0.003837
0.001403
-0.000729
0.001976
-0.001839
0.009091
0.017161
0.000184
-0.010762
-0.002573
0.028668
0.028014
0.016627
0.020598
-0.015771
-0.028155
0.006344
0.010259
0.002813
0.011614
0.039578
0.040701
0.047994
0.077972
-0.007261
0.003543
0.100338
0.072211
0.050488
0.025982
-0.003508
-0.083845
-0.049141
0.035565
-0.066310
-0.039989
0.027387
0.008606
0.023422
0.032610
-0.006326
-0.021031
0.026479
0.033662
-0.004380
-0.022525
-0.003765
-0.029434
-0.050571
-0.043679
-0.031339
-0.000845
0.000637
0.016864
0.034035
0.034311
0.033192
0.006683
-0.017921
-0.015761
-0.021559
-0.039689
-0.035260
-0.015723
-0.003155
-0.004825
-0.007825
-0.005174
-0.002409
-0.002742
0.000029
-0.004754
-0.013196
-0.011497
-0.011012
-0.012337
-0.011348
-0.013050
-0.013237
-0.009585
-0.002164
-0.001110
-0.006000
-0.004698
-0.001657
-0.005089
-0.006656
-0.006761
-0.008579
-0.008483
-0.007081
-0.003868
-0.006309
-0.005271
0.002192
0.002654
-0.001192
0.000977
0.000900
-0.002803
-0.004014
-0.004011
-0.007656
-0.007232
-0.002216
-0.007613
-0.009531
-0.005611
-0.006329
-0.007007
-0.003697
-0.002842
-0.004613
-0.003035
-0.002999
-0.004047
-0.003174
-0.001588
0.000574
0.002367
0.002941
0.001705
0.001449
0.000112
0.000063
-0.000171
-0.000743
0.001302
0.000884
-0.000445
-0.000313
0.000381
-0.000005
0.000177
0.002065
0.001060
-0.000285
-0.000034
-0.000403
-0.000157
0.000725
0.001803
0.001927
0.002003
0.001507
0.001733
0.001217
0.000787
0.000439
0.000330
0.000678
0.001314
0.001378
0.001447
0.001419
0.001718
0.001594
0.001340
0.001067
0.000968
0.000891
0.001174
0.001650
0.001740
0.001662
0.001568
0.001310
0.001042
0.000836
0.000835
0.001007
0.001232
0.001372
0.001233
0.000958
0.000755
0.000544
0.000445
0.000451
0.000416
0.000463
0.000686
0.000834
0.000773
0.000608
0.000403
0.000321
0.000484
0.000676
0.000688
0.000562
0.000421
0.000313
0.000311
0.000340
0.000361
0.000375
0.000313
0.000279
0.000240
0.000074
0.000010
0.000083
0.000141
0.000138
0.000188
0.000100
-0.005811
0.003019
0.003103
0.032669
0.012265
0.058105
-0.042103
-0.097702
0.084457
0.009780
-0.070682
0.002220
-0.006771
0.035080
0.068023
0.067061
0.066701
0.172354
0.025980
-0.165432
-0.128604
-0.096793
-0.034195
0.090117
0.049411
-0.022839
0.321293
-0.046295
-0.232700
0.008362
-0.359929
0.063577
0.403229
-0.311180
-0.084322
0.641858
-0.125819
-0.514263
-0.255488
-0.406615
0.319426
-0.025936
-0.532691
0.166468
0.191458
0.072479
-0.045133
-0.330035
0.038523
0.205472
-0.322412
-0.162287
0.385412
0.289512
0.175129
0.251151
-0.025552
0.076089
0.129292
-0.022331
0.208914
0.098459
-0.146596
-0.087577
-0.020298
-0.023660
-0.068433
-0.086017
0.017420
0.128314
-0.002407
-0.077662
0.021899
0.089958
0.065480
0.000760
-0.052167
0.006813
0.029115
-0.039919
-0.012648
0.026838
0.046594
0.032803
-0.000963
-0.020015
0.000216
-0.000263
-0.004958
0.012236
0.021832
0.032807
0.018180
-0.000045
-0.005703
-0.024974
-0.005492
-0.019716
-0.040493
0.004565
0.014556
0.045186
0.033144
-0.032567
-0.002343
0.020741
-0.030326
-0.007082
-0.010696
0.066563
0.052149
-0.042747
0.012991
-0.022635
-0.011153
-0.013724
-0.008453
0.173483
0.033571
-0.181319
0.033798
0.214471
-0.084719
-0.144164
0.159191
-0.053864
0.266158
0.276982
-0.327640
0.082230
0.015089
-0.281218
-0.227522
-0.385437
0.217821
0.661186
-0.141938
-0.301662
0.379603
-0.043874
-0.343779
-0.260888
-0.428779
0.152528
0.239304
-0.293025
0.074460
0.395991
0.471198
0.321721
-0.153803
-0.146899
0.250651
0.370217
-0.017195
-0.136570
-0.121304
0.084660
0.085356
-0.222321
-0.124790
-0.202049
0.057105
0.215929
-0.042655
-0.075718
0.068047
0.075567
-0.060246
-0.008790
-0.094918
-0.030139
0.024656
-0.115108
-0.072443
0.005494
-0.004693
-0.017496
-0.037710
-0.100221
-0.013567
0.012821
-0.016302
0.004745
-0.001379
0.007851
-0.020668
-0.053957
-0.070805
-0.044569
-0.042149
-0.043705
-0.012232
-0.001998
0.024489
0.033278
0.013382
-0.028697
-0.030240
-0.019901
-0.003103
-0.025364
-0.075123
-0.003568
0.007562
0.027731
0.002552
-0.034313
0.056337
-0.018494
-0.034714
0.006456
-0.063879
-0.036733
-0.049423
0.053651
0.032521
-0.130234
0.022291
0.112249
0.126899
0.104979
0.096077
0.215394
0.115048
-0.086985
-0.088797
0.079644
0.051659
-0.076779
-0.262540
-0.213357
0.001216
-0.132467
-0.115995
-0.045344
0.400599
0.110688
-0.375239
0.082341
-0.274977
-0.176103
0.047567
-0.164428
-0.360401
-0.376653
-0.082627
-0.062793
0.349065
0.114473
-0.019720
0.277878
0.356109
0.162962
-0.037603
0.170277
0.263787
0.259179
-0.216826
-0.236767
0.117695
0.162317
0.154444
0.063802
0.059407
0.032502
0.050379
-0.105544
-0.065047
0.079206
0.009316
-0.056661
-0.079702
-0.041879
-0.049616
-0.010527
-0.024574
-0.002229
0.014966
-0.021981
-0.014236
-0.005929
0.022461
0.014923
0.007321
-0.008776
-0.038430
-0.036394
-0.043933
-0.024533
-0.022581
-0.030507
-0.017416
-0.005868
0.004586
-0.006760
-0.004276
0.009346
0.026097
-0.026704
-0.020446
0.040665
-0.038094
-0.060695
0.042338
-0.039521
-0.055529
0.085428
-0.020419
-0.006393
0.087463
-0.045092
-0.044489
0.000702
-0.125715
0.080475
0.032931
-0.212819
0.240752
-0.174382
-0.267523
0.323988
-0.130440
-0.280186
-0.080711
-0.233953
0.004392
0.248693
-0.246806
0.201979
0.447398
-0.142141
-0.166140
-0.145928
-0.111632
0.049219
0.220414
-0.066854
-0.302412
-0.186341
-0.191194
-0.158009
-0.039805
-0.028902
0.089109
0.329878
0.058779
-0.178430
0.153479
-0.021511
-0.055135
0.133367
-0.169173
0.100545
0.209593
-0.145685
-0.070100
0.156569
0.146592
0.062333
-0.012976
-0.027378
0.159809
0.078735
0.009646
0.040970
0.102908
0.150139
0.083719
0.006296
-0.043355
0.084136
0.056553
0.040883
0.029459
-0.015974
0.040842
0.074885
0.035388
-0.000186
0.005211
-0.022846
0.014602
0.014102
-0.000028
0.018899
0.009716
0.012389
0.007246
-0.001866
0.007068
0.019127
0.014522
0.013705
0.019497
-0.004761
0.006748
-0.017353
-0.038347
0.022788
0.011003
-0.022995
-0.006720
0.055159
0.023130
-0.044348
0.015220
-0.006734
-0.029091
0.096545
-0.026691
-0.070445
0.184323
-0.053268
-0.065622
0.098306
-0.342892
-0.027297
0.114600
-0.297215
0.311348
0.253551
-0.153763
0.203319
-0.186802
-0.160864
-0.043789
-0.112466
0.369635
0.268808
0.369157
0.288643
-0.203861
-0.158692
0.228402
0.169043
-0.076166
0.037477
0.176978
0.042572
-0.080284
-0.102912
-0.398362
0.220565
0.149594
-0.301404
0.140957
-0.341025
0.099492
0.346404
-0.007952
0.117591
-0.266298
-0.133877
0.154282
-0.057084
-0.162438
-0.055577
0.019290
0.078726
-0.146880
-0.286521
-0.045527
0.066869
-0.028045
-0.154373
-0.161526
-0.036336
0.023576
-0.060052
-0.013248
0.051137
-0.052280
-0.073929
-0.046796
0.010023
0.070658
0.023875
-0.023472
0.010050
0.003024
-0.030830
-0.037983
-0.029419
-0.010500
-0.001248
0.002976
-0.003170
-0.006972
-0.004442
-0.017494
-0.003505
-0.008572
-0.042085
-0.001708
0.000588
0.004941
0.005745
-0.025264
-0.032993
-0.020488
0.019928
-0.006381
-0.003990
0.026379
-0.013202
-0.019116
-0.048587
-0.042498
0.045433
-0.002034
0.008447
0.061113
-0.034393
-0.068573
0.166941
0.006807
0.018195
0.156227
-0.324821
0.024867
0.151647
-0.029759
0.169482
0.046154
0.129159
0.199465
-0.036020
-0.402141
-0.248819
0.148295
0.104304
-0.026673
-0.153581
0.011435
0.287552
0.007095
-0.493982
-0.380572
-0.217131
-0.199128
-0.062580
-0.298958
-0.122072
0.303084
0.038515
0.065861
0.144572
-0.244564
-0.019424
0.001665
-0.108906
0.152014
0.016969
0.124394
0.283215
0.192182
0.129402
-0.021991
0.047352
0.182682
0.232252
0.131674
0.026335
0.069166
0.016335
0.013337
0.044862
-0.083486
-0.078451
0.015287
-0.018098
0.026747
0.015734
-0.062888
-0.014854
0.037863
0.006069
0.009419
0.020890
0.000510
0.050816
0.044081
0.002960
0.008735
-0.015548
-0.032460
-0.024008
-0.020705
-0.003959
0.021446
0.023141
0.032928
0.034643
0.002368
-0.019006
-0.012126
-0.016713
-0.039780
-0.017440
-0.000963
0.022911
0.029390
0.036249
0.031052
0.076951
-0.024499
-0.132243
0.036817
-0.027087
-0.009192
0.055225
0.000339
-0.042733
-0.016766
-0.010646
-0.139684
0.134860
0.209703
-0.098547
-0.006302
0.003060
-0.067459
0.016880
-0.127036
0.281353
0.374971
-0.226007
-0.071350
-0.102742
-0.317047
0.237026
-0.155594
-0.397693
0.811568
-0.109596
-0.511577
0.388509
-0.122513
-0.010547
0.023047
-0.187406
0.004657
0.462066
-0.140666
-0.431506
0.286266
0.081697
0.181094
-0.056252
-0.261909
0.312539
0.533909
0.151902
-0.035959
0.035462
0.062467
0.210535
-0.108022
-0.275540
-0.103950
-0.026673
0.000257
0.025075
-0.058287
0.019257
0.149376
-0.056161
-0.070003
-0.011623
-0.046950
-0.050068
-0.055753
-0.070446
-0.035082
-0.000912
-0.066804
-0.068334
-0.051521
-0.039404
-0.010537
-0.011571
-0.010717
-0.005353
-0.009360
-0.025930
-0.040978
-0.039531
-0.047573
-0.030296
-0.036677
-0.047855
-0.017559
-0.016954
-0.007444
-0.012480
-0.049074
-0.023254
0.004677
-0.023588
-0.011147
-0.008359
0.003668
-0.012543
-0.050978
-0.005036
-0.061248
-0.055674
0.073154
-0.031104
-0.101642
0.064594
-0.184409
-0.150592
0.115991
0.042172
0.063193
-0.039695
0.022162
-0.074322
-0.110966
-0.005756
-0.143675
-0.033635
0.035596
0.013335
0.196788
-0.275994
-0.216093
0.542287
-0.000498
-0.379887
0.075890
-0.138023
0.225036
0.961551
-0.200278
-0.275416
0.886369
0.299907
0.115161
0.083022
-0.276010
0.213165
0.231332
-0.501811
-0.589063
-0.045903
-0.191808
-0.017380
0.015241
-0.353025
0.053478
0.111240
-0.116485
0.042623
0.032682
-0.049496
0.202563
0.080378
0.006833
0.229679
0.015243
-0.060894
0.152312
0.072188
-0.011841
0.092181
-0.106390
-0.072322
0.072439
-0.086474
-0.029520
-0.009452
-0.045676
-0.014322
-0.024891
-0.073401
-0.034587
-0.034955
-0.082829
-0.011783
-0.016834
-0.034380
-0.023434
-0.019059
-0.013522
-0.011256
-0.041202
-0.035431
-0.002568
-0.027207
-0.037713
-0.021690
-0.014081
-0.005376
0.006512
-0.017678
-0.003428
0.006106
-0.021603
-0.029379
-0.045105
-0.013543
-0.007462
-0.008773
-0.041809
-0.042525
0.112532
0.023388
-0.118337
-0.076162
-0.044422
0.099436
0.027511
-0.083417
0.123877
-0.129159
-0.049346
0.157778
-0.368020
0.129266
0.202585
-0.174547
0.307502
0.015832
-0.265575
-0.120195
0.188955
0.092385
-0.281058
0.033385
-0.090691
0.266427
0.677657
-0.114074
-0.294608
0.255445
0.123068
0.150207
0.165012
-0.304391
0.485623
0.534889
-0.405944
-0.333757
-0.243191
-0.246749
0.077050
0.033015
-0.244834
0.005999
-0.031597
-0.050002
0.053185
-0.087136
-0.043762
-0.044439
0.092888
0.083574
-0.093056
-0.263075
-0.154349
-0.013156
-0.061623
-0.072455
-0.144438
-0.090691
-0.063316
-0.018371
0.037461
0.050111
0.025515
-0.043681
0.006543
0.040031
0.013238
-0.018368
-0.018767
0.033382
0.057813
0.012180
-0.005235
0.008319
0.019883
0.030547
-0.005377
-0.006943
0.018720
0.032903
0.035141
0.010068
0.003403
-0.004013
-0.009711
-0.008914
-0.006233
0.007605
0.010209
0.031871
0.019991
-0.003708
-0.010672
0.001742
0.032043
-0.001164
-0.052929
-0.025189
0.002911
-0.055796
-0.003104
0.024955
0.035194
0.121842
-0.034093
-0.097259
0.005508
0.095878
0.116564
0.001987
0.085597
0.044653
-0.215080
-0.067754
0.054550
-0.029041
0.094951
0.151499
0.099995
-0.017132
0.171958
0.000375
-0.148344
0.581738
0.223731
-0.158492
0.157787
0.038517
-0.223641
-0.370218
0.153776
-0.169698
-0.282200
0.303384
-0.047628
-0.145541
0.041100
-0.213465
-0.055223
0.405290
-0.044674
-0.193520
0.023280
-0.032501
-0.028620
-0.246500
-0.203031
0.009107
0.032736
-0.075050
0.000143
0.171926
0.139301
0.066703
-0.057195
0.035798
0.089037
-0.040988
-0.101446
-0.047613
-0.015751
-0.025690
-0.030767
-0.037589
0.020355
0.018643
-0.014674
-0.012331
0.007527
0.020305
-0.001978
0.001453
-0.002227
-0.010310
-0.019071
-0.032062
-0.010778
-0.022361
-0.017237
-0.002114
0.003284
0.023877
0.019213
-0.002600
0.004314
0.008027
-0.004521
-0.012819
-0.016709
-0.009179
-0.015604
-0.007337
0.000201
-0.020037
0.009190
0.039373
0.005759
-0.000265
0.017349
-0.001959
-0.020332
0.012428
-0.001707
-0.026907
-0.001919
-0.029588
-0.042714
-0.015681
-0.015673
-0.000780
0.026909
0.013169
-0.002401
0.001464
0.001081
0.009044
0.007529
-0.002053
-0.000983
0.005964
-0.000022
-0.003704
0.004252
0.002657
0.009101
0.009290
0.008817
0.012595
0.004210
0.001361
0.003076
0.003914
0.005171
0.001928
-0.000146
-0.000891
-0.000980
-0.000434
-0.001005
0.002537
0.006235
0.005551
0.005574
0.004050
0.004054
-0.001481
-0.004049
-0.001006
-0.002014
-0.000427
0.002662
0.003311
0.002789
0.002251
-0.000769
0.000199
0.000344
0.001141
0.000867
0.001268
0.001627
0.001383
0.000991
0.000932
-0.000170
-0.000015
-0.000573
0.000063
0.000354
0.001020
0.001478
0.001488
0.001317
0.000998
0.000490
0.000432
0.000295
0.000053
0.000150
0.000087
-0.000273
-0.000247
-0.000177
-0.000113
0.000013
-0.000073
-0.000326
-0.000236
-0.000095
0.000079
0.000254
0.000070
-0.000291
-0.000242
-0.000054
0.000159
0.000304
0.000131
-0.000089
-0.000447
-0.000371
-0.000087
0.000272
0.000520
0.000402
0.000094
-0.000289
-0.000459
-0.000424
-0.000290
-0.000214
-0.000069
-0.000047
-0.000159
-0.000332
-0.000180
-0.000253
-0.000190