-0.044813
0.027786
0.100827
0.169460
0.229309
0.277089
0.310932
0.330375
0.336047
0.329220
0.311400
0.284114
0.248927
0.207661
0.162645
0.116853
0.073787
0.037086
0.009943
-0.005495
-0.008560
-0.000179
0.017381
0.041039
0.067555
0.094085
0.118509
0.139441
0.155992
0.167427
0.172897
0.171377
0.161855
0.143713
0.117138
0.083387
0.044784
0.004396
-0.034523
-0.069138
-0.097524
-0.118865
-0.133329
-0.141678
-0.144781
-0.143210
-0.137085
-0.126190
-0.110334
-0.089766
-0.065498
-0.039359
-0.013769
0.008720
0.025952
0.036572
0.040182
0.037184
0.028403
0.014616
-0.003787
-0.026913
-0.055170
-0.088853
-0.127678
-0.170441
-0.214953
-0.258300
-0.297346
-0.329332
-0.352359
-0.365623
-0.369333
-0.364378
-0.351895
-0.332909
-0.308195
-0.278397
-0.244340
-0.207379
-0.169617
-0.133847
-0.103189
-0.080516
-0.067824
-0.065759
-0.073446
-0.088679
-0.108391
-0.129265
-0.148269
-0.162981
-0.171626
-0.172890
-0.165644
-0.148750
-0.121075
-0.081754
-0.030613
0.031397
0.101943
0.177366
0.253083
0.324242
0.386465
0.436463
0.472368
0.493712
0.501125
0.495875
0.479469
0.453430
0.419323
0.378969
0.334696
0.289477
0.246814
0.210345
0.183263
0.167715
0.164369
0.172299
0.189237
0.212104
0.237659
0.263061
0.286191
0.305662
0.320588
0.330237
0.333760
0.330134
0.318349
0.297789
0.268644
0.232175
0.190706
0.147308
0.105239
0.067335
0.035525
0.010629
-0.007517
-0.019673
-0.026702
-0.029175
-0.027206
-0.020576
-0.009088
0.007010
0.026714
0.048198
0.069046
0.086713
0.099044
0.104692
0.103261
0.095162
0.081221
0.062224
0.038562
0.010136
-0.023457
-0.062508
-0.106727
-0.154905
-0.204847
-0.253634
-0.298124
-0.335554
-0.364019
-0.382709
-0.391828
-0.392260
-0.385136
-0.371477
-0.352052
-0.327499
-0.298639
-0.266821
-0.234144
-0.203395
-0.177689
-0.159895
-0.152003
-0.154655
-0.166973
-0.186743
-0.210896
-0.236109
-0.259347
-0.278183
-0.290839
-0.295996
-0.292522
-0.279274
-0.255116
-0.219180
-0.171289
-0.112390
0.678876
0.676744
0.654735
0.615559
0.561892
0.496471
0.422456
0.343801
0.265390
0.192764
0.131427
0.085906
0.058850
0.050462
0.058476
0.078690
0.105901
0.134955
0.161588
0.182835
0.196950
0.202960
0.200106
0.187444
0.163808
0.128166
0.080226
0.021040
-0.046671
-0.118660
-0.189764
-0.254833
-0.309683
-0.351773
-0.380401
-0.396374
-0.401312
-0.396859
-0.384083
-0.363309
-0.334387
-0.297300
-0.252811
-0.202897
-0.150753
-0.100334
-0.055595
-0.019682
0.005638
0.020094
0.024575
0.020452
0.008863
-0.009782
-0.035859
-0.070126
-0.113030
-0.163964
-0.220809
-0.279937
-0.336713
-0.386353
-0.424855
-0.449698
-0.460099
-0.456782
-0.441391
-0.415793
-0.381572
-0.339884
-0.291730
-0.238479
-0.182408
-0.126956
-0.076535
-0.035868
-0.009033
0.001493
-0.004509
-0.024869
-0.055451
-0.090999
-0.126115
-0.156072
-0.177238
-0.187053
-0.183677
-0.165555
-0.131150
-0.079040
-0.008381
0.080408
0.185021
0.300974
0.421826
0.539946
0.647617
0.738205
0.807052
0.851878
0.872618
0.870840
0.848994
0.809789
0.755900
0.690068
0.615450
0.536001
0.456606
0.382808
0.320112
0.273045
0.244258
0.233957
0.239877
0.257817
0.282577
0.309007
0.332844
0.351125
0.362108
0.364824
0.358516
0.342243
0.314844
0.275289
0.223292
0.159907
0.087860
0.011402
-0.064299
-0.134088
-0.193778
-0.240823
-0.274515
-0.295656
-0.305862
-0.306770
-0.299446
-0.284206
-0.260897
-0.229494
-0.190757
-0.146657
-0.100381
-0.055880
-0.017104
0.012810
0.032097
0.040495
0.038897
0.028682
0.010992
-0.013756
-0.045932
-0.086288
-0.135265
-0.192250
-0.255118
-0.320236
-0.382961
-0.438505
-0.482860
-0.513498
-0.529631
-0.531978
-0.522176
-0.502088
-0.473291
-0.436938
-0.394021
-0.345908
-0.294868
-0.244336
-0.198720
-0.162736
-0.140460
-0.134363
-0.144660
-0.169176
-0.203772
-0.243188
-0.282022
-0.315543
-0.340115
-0.353176
-0.352882
-0.337674
-0.306014
-0.256476
-0.188214
-0.101645
0.000928
0.115022
0.234200
0.350831
0.457199
0.546671
0.614592
0.658682