-0.010897
-0.010766
-0.012960
-0.013073
-0.015692
-0.014698
-0.015797
-0.014389
-0.008545
-0.006437
-0.004378
-0.004969
-0.010865
-0.016233
-0.017293
-0.013698
-0.009138
-0.003528
0.000894
-0.010633
-0.012994
0.000000
-0.004495
-0.007346
-0.007188
-0.011265
-0.007719
0.005500
0.021868
0.026085
0.022410
0.001762
-0.016154
-0.020216
-0.026425
-0.027790
-0.012572
-0.001743
0.018371
0.049236
0.027232
0.010454
-0.023100
-0.077902
-0.040086
-0.002261
-0.010803
0.022226
0.052976
-0.001047
-0.033712
-0.047833
-0.073100
-0.077590
-0.103374
-0.057788
0.000276
0.009758
0.025065
0.009837
-0.007397
-0.032543
-0.084300
-0.079373
-0.011651
0.035017
0.033699
0.047764
0.085510
0.075912
0.041261
0.017807
0.011407
0.005473
-0.010896
-0.000060
0.008700
0.010218
0.000123
-0.011135
0.000930
0.005620
0.002948
0.008034
0.019374
0.019270
0.005397
-0.005141
0.003064
0.009613
0.008194
0.003215
0.003933
0.007214
0.006546
0.005075
0.007486
0.011373
0.010978
0.011058
0.010688
0.013409
0.010373
0.002871
0.000186
0.000459
0.002048
0.003907
0.004643
0.010696
0.012560
0.007409
0.003840
0.003469
0.005731
0.003735
-0.000686
0.002134
0.002278
0.001074
0.004328
0.009282
0.017361
0.011489
0.008767
0.013556
0.006761
0.001630
-0.006391
0.001893
0.020734
0.008506
-0.000733
0.019017
0.029850
0.004020
0.004204
0.014340
-0.003048
0.030870
0.046596
0.030642
0.026386
-0.026405
-0.052439
-0.061236
-0.054074
0.003680
0.024699
0.006186
0.033405
0.063326
0.017200
-0.032335
-0.074313
-0.110658
-0.097010
-0.057501
0.014409
0.079115
0.087025
0.085595
0.080774
0.085759
0.061876
0.001418
-0.016264
-0.002927
0.022175
0.030581
0.027113
0.007631
-0.005413
-0.003303
-0.017177
-0.002171
-0.001658
0.002255
0.025753
0.032088
0.015913
-0.004175
-0.004897
-0.015440
-0.024741
-0.024764
-0.019124
-0.012609
-0.004128
0.001566
0.001559
0.000825
-0.003288
-0.007680
-0.015631
-0.018321
-0.018923
-0.019197
-0.021179
-0.018280
-0.009636
-0.006362
-0.005992
-0.009249
-0.009624
-0.011235
-0.015268
-0.016226
-0.016331
-0.015649
-0.015854
-0.014293
-0.011237
-0.006558
-0.010107
-0.014790
-0.013459
-0.014435
-0.007973
-0.006238
-0.004109
-0.003071
-0.014666
-0.013097
-0.011334
-0.015866
-0.022463
-0.025705
-0.007734
-0.005192
-0.009233
0.003652
0.012024
0.021097
0.028169
0.041741
0.049511
0.025547
-0.001516
-0.006009
0.003251
-0.004074
-0.023213
-0.044789
-0.046287
-0.039944
-0.028028
-0.005275
0.004995
0.015285
-0.026844
-0.022261
0.012791
-0.045657
-0.076917
-0.084814
-0.078292
-0.091081
-0.089633
-0.055443
-0.036074
0.013783
0.027836
0.036367
0.051092
0.056002
0.044102
0.040833
0.047838
0.018819
-0.003769
-0.006831
0.026960
0.034516
0.024803
0.032374
0.051664
0.058013
0.039479
0.029442
0.010163
-0.003622
-0.016747
-0.019137
-0.012534
0.002046
0.007181
0.000312
0.005810
0.007358
0.006351
0.002595
0.005826
0.006771
0.000916
-0.001533
-0.004740
-0.003851
-0.005251
-0.008976
-0.008440
-0.006532
-0.002976
-0.001625
0.002490
0.004881
0.004244
-0.001481
-0.007178
-0.008502
-0.009390
-0.008691
-0.012060
-0.005049
0.001814
-0.004913
-0.002566
0.005276
-0.001063
-0.002734
0.003537
-0.001566
-0.001501
-0.001718
-0.010113
-0.010151
-0.013699
-0.016817
-0.002549
-0.011230
-0.007808
0.011595
-0.030453
-0.024179
0.000931
-0.027056
-0.041631
-0.060891
-0.070499
-0.042179
-0.011807
0.003624
0.036209
0.023635
-0.008094
-0.013085
-0.012220
-0.028945
-0.065909
-0.045324
-0.029771
-0.038312
-0.039978
-0.053850
-0.063304
-0.054657
-0.045424
-0.019956
0.024360
0.018629
0.013541
0.024583
-0.005665
-0.030341
-0.035612
-0.036189
-0.005602
0.001185
0.005466
0.024451
0.032221
0.026732
0.014393
0.018844
0.015879
0.001163
0.002929
0.029909
0.033730
0.030799
0.026228
0.024990
0.031617
0.033835
0.033912
0.025850
0.023767
0.021694
0.023890
0.020941
0.019280
0.018742
0.018282
0.022056
0.020968
0.019258
0.016256
0.015228
0.015901
0.019374
0.021773
0.021559
0.021336
0.016811
0.013171
0.009125
0.008832
0.011590
0.013136
0.017019
0.015506
0.015353
0.016703
0.012346
0.008955
0.010794
0.014477
0.009724
0.006455
0.010772
0.006513
0.006243
0.016055
0.011698
0.014747
0.022452
0.004258
0.011749
0.004551
-0.032201
-0.020447
-0.027599
-0.020816
0.037696
0.039040
0.035832
0.029455
-0.003312
-0.003707
-0.029257
-0.010935
0.027132
0.038243
0.104566
0.112872
0.071747
0.047207
0.026496
0.009992
0.000469
0.015572
0.023750
0.014207
0.037964
0.051510
0.012913
0.004455
-0.043742
-0.039465
0.008399
0.000496
0.031889
0.021818
0.038800
0.042185
-0.009653
-0.008518
-0.021325
-0.030636
-0.017422
-0.012121
-0.004486
-0.013752
-0.026038
-0.007016
-0.007507
-0.032489
-0.047123
-0.043147
-0.024307
-0.023892
-0.031687
-0.032016
-0.020367
-0.017500
-0.017662
-0.007277
-0.004644
-0.013984
-0.024605
-0.021084
-0.014661
-0.011660
-0.013233
-0.013780
-0.012741
-0.014528
-0.016988
-0.017480
-0.014266
-0.012119
-0.014793
-0.012281
-0.012162
-0.011970
-0.012532
-0.016475
-0.013769
-0.014896
-0.015824
-0.015921
-0.016683
-0.017311
-0.014274
-0.010372
-0.008277
-0.005481
-0.008305
-0.012378
-0.015374
-0.018117
-0.015207
-0.014979
-0.015110
-0.006537
0.001642
-0.003787
-0.002175
0.013811
0.004731
0.013738
0.005854
-0.029656
-0.012173
-0.007307
0.009858
0.030767
0.027577
0.036195
0.030770
0.023516
-0.013821
-0.045672
-0.050432
-0.045279
-0.016023
0.015519
0.027352
0.018289
-0.010867
-0.041336
-0.064214
-0.116021
-0.144492
-0.116380
-0.072939
-0.020086
0.004051
0.002177
0.030498
0.027511
-0.017558
-0.047996
-0.079878
-0.066344
-0.028189
0.008603
0.053841
0.052919
0.053229
0.057418
0.047733
0.042451
0.017606
0.008718
0.021364
0.040892
0.053022
0.040802
0.028070
0.016907
0.002107
-0.001121
-0.001659
-0.003812
0.001492
0.009447
0.018423
0.021599
0.019832
0.013710
0.008237
0.008569
0.005848
0.003308
0.004926
0.009436
0.014175
0.014468
0.014133
0.014265
0.013075
0.010768
0.007769
0.005397
0.004860
0.002812
0.002016
0.005759
0.010128
0.011344
0.009955
0.008378
0.008294
0.006948
0.005301
0.008114
0.011378
0.016921
0.006781
-0.000956
0.003894
-0.003552
0.002436
0.011330
0.009790
-0.000805
-0.004285
-0.000844
-0.001012
0.024404
0.024036
0.002050
0.006081
0.007161
0.006922
-0.000155
-0.004712
0.029211
0.023782
0.008657
0.029326
-0.005771
-0.036072
-0.025231
-0.055250
-0.018285
0.049584
-0.016124
-0.008377
0.033092
0.012924
-0.002929
-0.031328
-0.021180
-0.027150
0.004260
0.022146
0.024583
0.029562
-0.009554
-0.003853
0.019922
0.049349
0.042974
0.037695
0.061187
0.081101
0.078994
0.048626
0.010968
-0.016321
-0.018891
-0.021735
-0.011215
-0.003242
0.010843
0.025128
0.033175
0.029132
0.012710
0.005691
-0.007363
-0.017373
-0.026438
-0.024157
-0.020653
-0.015914
-0.006717
-0.005115
-0.003297
-0.005939
-0.008052
-0.011369
-0.015771
-0.013517
-0.013856
-0.015607
-0.014913
-0.014289
-0.014136
-0.018066
-0.021669
-0.022205
-0.018816
-0.016020
-0.012926
-0.011115
-0.012730
-0.013790
-0.016105
-0.018647
-0.021294
-0.021249
-0.021360
-0.018351
-0.018043
-0.017237
-0.012138
-0.019090
-0.015702
-0.005645
-0.016873
-0.022312
-0.025987
-0.051851
-0.046362
-0.023030
-0.007570
-0.003164
-0.009929
-0.005760
-0.024782
-0.022642
-0.015260
-0.042598
-0.052889
-0.054443
-0.019042
0.021180
-0.010484
-0.011023
0.011201
-0.026063
-0.016618
0.008234
-0.021756
0.012776
0.084101
0.072082
0.099273
0.125046
0.071032
0.071192
0.079334
0.053685
-0.009131
-0.047649
-0.044020
-0.036257
-0.027896
-0.058748
-0.056182
-0.021817
0.002898
0.015190
0.000702
-0.011670
-0.017516
-0.015840
-0.001880
0.013515
0.017889
0.023766
0.035627
0.038902
0.034752
0.027508
0.018817
0.009922
0.012726
0.007794
0.010567
0.008052
-0.002043
-0.003315
-0.007519
-0.006915
-0.013643
-0.011403
-0.005593
-0.003542
-0.007160
-0.008105
-0.009398
-0.015211
-0.016125
-0.016994
-0.016573
-0.018090
-0.018652
-0.014767
-0.011852
-0.011629
-0.009036
-0.007895
-0.008592
-0.007972
-0.008708
-0.010883
-0.014115
-0.018187
-0.018426
-0.015343
-0.014472
-0.015178
-0.012519
-0.011136
-0.010103
-0.014151
-0.014837
-0.006185
-0.011824
-0.019596
-0.024877
-0.026734
-0.014682
-0.011023
0.003228
0.005745
-0.032339
-0.019050
-0.010389
-0.026229
0.006750
-0.018506
-0.021116
0.023853
0.021858
0.005456
-0.024346
-0.012725
-0.027486
-0.036210
0.008585
-0.002519
0.032272
0.086102
0.070680
0.056310
0.032837
-0.004428
0.017582
0.047257
0.045946
0.059123
0.027227
0.010260
0.026599
-0.001933
-0.062216
-0.094290
-0.061225
-0.011272
0.018152
0.015302
0.006109
-0.010556
-0.008372
-0.009309
-0.024843
-0.018890
-0.031750
-0.034807
-0.018491
-0.010228
-0.035811
-0.057269
-0.051824
-0.040385
-0.030056
-0.032106
-0.020259
-0.012612
-0.014118
-0.014049
-0.015311
-0.015576
-0.017749
-0.016339
-0.008232
-0.001903
-0.006465
-0.009656
-0.009567
-0.004786
-0.000742
-0.003788
-0.003143
-0.001381
-0.001406
-0.003105
-0.006518
-0.007131
-0.006216
-0.003991
0.000151
0.003428
0.002423
-0.000437
-0.005078
-0.006920
-0.001188
-0.001737
-0.003477
-0.003829
-0.002785
0.001819
-0.001248
-0.007593
-0.009547
-0.011519
-0.012728
-0.002417
0.004394
0.008191
0.010093
0.000754
-0.001634
0.000827
0.008458
0.011768
0.013431
0.026353
0.008141
-0.017256
-0.003801
0.005209
0.001266
0.009522
0.025639
0.033461
0.039040
0.064721
0.039962
0.025607
0.062254
0.039315
0.042182
0.064582
0.042266
-0.024437
-0.047920
0.003410
-0.034179
-0.038827
0.008761
-0.003576
0.007032
0.024005
0.008143
-0.001302
-0.001476
-0.023876
-0.021080
-0.000622
0.001425
-0.028663
-0.045298
-0.023782
-0.033418
-0.040086
-0.019776
0.012640
0.027870
0.024938
0.024390
0.022725
0.008884
-0.018992
-0.029098
-0.025932
-0.019592
-0.016159
-0.008882
0.002276
0.007614
0.001411
-0.007436
-0.005892
-0.004898
-0.006257
-0.007604
-0.010048
-0.009574
-0.012725
-0.012831
-0.009499
-0.005947
-0.004024
-0.006266
-0.004798
-0.001950
-0.002705
-0.005776
-0.004795
-0.005385
-0.005627
-0.005997
-0.008113
-0.007690
-0.008330
-0.008885
-0.008749
-0.004764
0.000094
-0.001612
0.000134
0.003370
0.000288
-0.003555
-0.005102
-0.009257
-0.010930
-0.006275
-0.006393
-0.005198
-0.001881
-0.002702
-0.003533
-0.003832
-0.005504
-0.008627
-0.007960
-0.004727
-0.001911
0.001339
0.001825
0.000169
-0.001391
-0.000861
-0.000162
0.000634
0.000922
0.001556
0.002576
0.002862
0.001157
-0.000373
0.000107
-0.000007
0.000568
0.001864
0.001965
0.001218
-0.000220
0.000659
0.001196
0.000109
0.000943
0.001824
0.002159
0.001708
0.001177
0.000309
0.000170
-0.000352
0.000079
0.000759
0.001636
0.001972
0.001677
0.001415
0.001555
0.001248
0.001058
0.000911
0.001124
0.001146
0.001142
0.001061
0.001033
0.000937
0.000937
0.000939
0.000927
0.000969
0.000889
0.000808
0.000889
0.000928
0.000952
0.001014
0.001027
0.000987
0.001011
0.000951
0.000865
0.000870
0.000848
0.000779
0.000730
0.000709
0.000680
0.000705
0.000719
0.000661
0.000576
0.000459
0.000341
0.000322
0.000353
0.000389
0.000459
0.000480
0.000407
0.000330
0.000262
0.000137
0.000052
0.000057
0.000192
0.000271
0.000248
0.000162
0.000042
-0.000106
-0.000077
0.006481
0.009552
0.009930
0.013759
0.056154
-0.053573
-0.046635
0.082163
-0.009723
-0.051554
-0.061017
-0.016763
0.063303
0.169214
0.146465
0.036506
0.105908
-0.036341
-0.100852
-0.089281
-0.186237
-0.094857
0.088781
0.067497
0.104527
0.369970
-0.034556
-0.183546
-0.277436
-0.498402
0.225691
0.417575
-0.141923
-0.096737
0.423420
-0.123564
-0.242677
-0.306627
-0.703797
-0.007178
0.001747
-0.062561
0.177361
0.102723
0.150107
0.058275
-0.255729
-0.444389
0.107163
0.097281
0.075435
0.282342
0.001169
0.445226
0.529311
-0.065589
0.023443
0.009001
-0.101746
0.173677
0.077315
-0.002407
-0.078654
-0.109828
-0.129482
-0.005112
-0.062640
-0.073732
0.110376
0.089217
0.052890
-0.036679
-0.055884
0.067754
0.048779
-0.057854
-0.029459
0.010935
0.011043
0.017822
0.002100
0.002717
0.024562
0.010392
0.008233
-0.001742
0.014485
0.004010
0.029332
0.024857
0.025104
0.018268
-0.012003
-0.021036
-0.027391
0.003608
0.000250
-0.009060
-0.006874
-0.002253
0.044912
0.036429
-0.025855
-0.016891
-0.009010
0.001032
0.009884
-0.007325
0.040376
0.005093
-0.006066
0.012796
-0.034909
0.007169
-0.038629
0.056910
0.162351
-0.011836
-0.125825
0.026618
0.182732
-0.087105
-0.033974
0.058803
-0.131798
0.425779
0.325246
-0.216795
-0.160408
-0.311087
-0.099615
-0.139782
-0.277268
0.067517
0.460116
0.087965
-0.084511
0.375898
-0.171269
-0.377800
-0.412613
-0.699131
0.059037
0.492726
0.273163
0.121674
0.013754
0.319650
0.749001
0.339892
-0.471062
-0.258042
0.244815
0.248108
0.198835
-0.258898
-0.146935
-0.078111
-0.116926
0.063701
-0.272338
-0.090284
0.107191
0.166506
0.047343
0.010824
0.009513
-0.076759
0.038099
-0.249476
-0.063685
0.051166
-0.080221
-0.024217
-0.070255
-0.043068
-0.026968
0.026274
-0.061683
-0.033698
0.003102
-0.002885
0.043031
-0.014418
-0.013227
-0.034615
-0.057381
-0.085068
-0.056684
-0.024656
-0.008172
0.017440
-0.004778
0.019364
0.030885
0.023565
-0.010828
-0.036166
-0.043158
-0.008133
-0.032702
-0.067857
-0.038825
-0.021921
0.060062
0.017941
0.002653
0.021518
-0.037218
0.021599
-0.012071
-0.063245
-0.114250
-0.072954
0.118082
0.036086
-0.041745
0.020648
0.078013
0.191538
0.146840
0.187754
0.142647
-0.004455
-0.055493
-0.033411
0.086378
-0.047610
-0.162926
-0.319291
-0.259795
-0.007480
0.070120
-0.005577
-0.179538
0.169436
0.028377
0.110262
0.129513
-0.608315
-0.363188
-0.159190
0.041925
-0.322799
-0.306079
-0.079613
-0.143492
0.553780
0.138182
0.165902
0.257871
0.292436
0.398340
0.102825
0.046376
-0.126398
0.286720
0.064933
-0.054727
-0.101088
-0.026927
0.258667
0.169808
0.123153
-0.039799
0.058674
-0.104112
-0.138185
-0.044333
-0.052730
0.031246
-0.045176
-0.080057
-0.093935
-0.025927
-0.049912
-0.038288
0.029755
0.003124
0.020659
-0.003707
0.029618
-0.003322
0.001470
-0.004919
-0.029152
-0.053459
-0.059649
-0.029877
-0.028837
-0.000226
-0.008378
0.017822
0.014672
0.010354
0.004149
0.013697
0.029556
-0.028119
-0.001051
0.022005
-0.060206
-0.043374
0.017473
-0.052878
-0.018238
0.072451
-0.029880
0.006326
0.060712
-0.034808
-0.031453
-0.055299
-0.128885
0.081359
-0.015436
-0.099248
0.182060
-0.258917
-0.124930
0.212833
-0.126948
-0.282918
-0.270186
-0.213257
0.081673
0.414530
-0.115375
0.082059
0.252276
-0.089315
0.138242
-0.044699
-0.424622
-0.266006
0.327448
0.035619
-0.150672
-0.262412
-0.350574
-0.092776
-0.119987
0.022332
0.221181
0.360026
0.109277
-0.009935
0.139059
-0.188040
-0.132392
0.094749
-0.075661
0.079942
0.151352
0.088533
-0.058054
0.067900
0.056676
0.142491
0.152826
-0.160877
0.084007
0.175198
0.119054
0.042260
-0.015945
0.074955
0.179264
0.082157
-0.031477
-0.006374
-0.056640
0.097152
0.105879
0.007061
0.038807
-0.007293
0.026347
0.026666
0.009638
-0.034216
-0.012222
0.002221
-0.000693
0.021949
-0.000708
0.013220
0.003333
0.014749
0.015215
0.036789
0.023473
0.010803
-0.001756
-0.021170
0.006063
-0.019488
-0.018445
0.026836
0.015464
-0.026078
-0.012704
0.051848
0.003890
-0.021486
0.016137
-0.042852
0.007681
0.103200
-0.027654
-0.024370
0.104794
-0.075979
0.043233
-0.009182
-0.375286
-0.043153
-0.004730
-0.086232
0.360633
0.172118
-0.051082
0.050858
-0.106208
-0.114863
-0.144996
0.047010
0.163613
0.379752
0.637035
0.265005
-0.040837
-0.382064
0.054291
0.240790
-0.104659
0.106926
-0.060592
0.036451
0.289399
-0.072757
-0.516977
-0.117740
-0.199700
0.173216
0.331785
-0.388269
0.019984
0.063617
0.326425
0.080769
-0.312956
-0.087530
-0.171901
0.150580
-0.151133
-0.095123
-0.052024
-0.097515
0.172869
-0.161934
-0.234041
-0.159961
-0.075037
0.064622
-0.021779
-0.141223
-0.014289
-0.037857
-0.035558
0.032076
-0.007981
0.011326
-0.020769
-0.079649
0.061849
0.097720
-0.006133
-0.008190
-0.035813
-0.045141
-0.002999
-0.028180
-0.016251
0.005576
-0.020311
-0.002947
-0.007170
-0.014496
-0.011658
-0.006782
-0.010065
-0.002305
-0.014670
-0.003325
-0.012136
-0.015774
-0.017838
-0.051506
0.003701
0.037330
-0.002747
0.004068
-0.017071
-0.015342
-0.005578
-0.048819
-0.021144
-0.002239
-0.005908
0.053220
0.098969
-0.016884
-0.042273
0.133943
-0.018313
0.101361
0.053660
-0.302777
0.068470
0.100434
0.144232
0.115861
-0.012737
0.098393
0.194340
0.206213
-0.508206
-0.420776
-0.110856
0.106403
0.353124
-0.091117
-0.143247
0.081976
0.060969
-0.237061
-0.529553
-0.675208
-0.351444
0.154105
-0.002625
-0.036891
0.080878
0.096742
0.357876
0.160509
-0.278966
-0.254887
-0.130783
0.029955
0.268051
0.226953
0.115139
0.135658
0.332377
0.243737
0.157544
-0.049737
-0.109154
0.252113
0.209222
0.219931
0.106466
-0.156548
-0.039848
-0.019527
-0.063982
-0.026255
-0.080765
-0.069897
0.033218
0.035884
-0.014465
-0.035098
-0.022371
-0.011882
0.023818
0.064281
0.004950
0.027319
0.022968
-0.013016
-0.003786
-0.020242
-0.023994
-0.011394
-0.003600
0.005553
0.040149
0.034009
0.038013
0.046666
0.001121
-0.019233
-0.014025
-0.031771
-0.025756
-0.010729
-0.002828
0.026182
0.027500
0.044160
0.051580
0.080067
-0.053582
-0.121749
-0.001255
-0.047989
0.040590
0.042617
-0.039182
-0.108201
0.002869
0.064564
-0.076587
0.168867
0.039992
-0.102887
0.044161
0.009517
0.044232
-0.053973
-0.139099
0.232502
0.273982
0.030996
0.010001
-0.326495
-0.400887
0.120839
-0.105974
-0.101441
0.566771
-0.226727
-0.148115
0.328692
-0.126461
-0.129839
-0.018560
-0.154572
-0.233164
0.755097
0.046774
-0.304110
-0.007736
-0.397473
0.602504
0.304558
-0.188583
-0.066053
0.336146
0.513755
0.261317
0.027673
-0.297274
0.030573
-0.086179
-0.135799
-0.116614
-0.216407
0.006759
0.120690
0.029982
0.008810
0.095049
-0.035678
-0.054014
-0.106567
-0.128585
-0.024253
-0.015835
-0.078918
-0.067442
-0.025540
-0.069882
-0.033428
-0.054320
-0.057070
0.000765
0.005265
0.001716
0.000427
-0.003142
-0.029231
-0.032785
-0.063941
-0.043595
-0.024597
-0.037391
-0.033238
-0.037408
-0.022429
-0.013208
0.009282
-0.012865
-0.013995
-0.012352
-0.034740
-0.004418
-0.004846
-0.009488
-0.041131
-0.047744
-0.021021
-0.079577
-0.013439
0.074805
-0.056523
-0.085728
-0.016269
-0.198218
-0.079015
0.112229
0.095557
0.031562
-0.058363
0.017907
-0.099402
0.049880
-0.068217
-0.292964
-0.129235
-0.055563
0.372600
0.328418
-0.365921
-0.294649
0.273952
0.121800
0.018664
0.015827
-0.372647
0.214934
1.133548
0.194769
-0.081630
0.391946
0.131697
0.556001
0.286102
-0.566420
-0.418732
0.216860
-0.180208
-0.387540
-0.286510
-0.697977
0.108799
0.300075
-0.185220
0.039925
-0.135395
-0.048966
0.067961
0.060978
0.029014
0.173601
0.039001
0.042082
0.332480
0.045466
-0.006358
0.068452
-0.009873
-0.012996
0.129762
-0.050314
-0.047243
-0.019054
-0.106808
0.024849
-0.002723
-0.077243
-0.049701
-0.009314
-0.097469
-0.050310
-0.033101
-0.076947
-0.008710
-0.048019
-0.028856
0.011718
-0.044201
-0.037471
-0.010453
-0.038394
-0.047783
-0.023241
-0.050255
-0.016545
-0.023007
-0.022344
0.004436
0.016961
0.006878
0.008710
0.015957
-0.022619
-0.034860
-0.056934
-0.013094
0.010534
0.017892
-0.056056
-0.037288
0.102786
0.016715
-0.080637
-0.144659
-0.086896
0.120368
0.081686
0.035190
-0.025079
-0.266839
0.089487
0.160308
-0.195193
0.047258
-0.108335
0.026021
0.396678
0.159000
-0.261675
-0.406633
0.177016
-0.042372
0.067125
0.140190
-0.406468
0.448317
0.715304
0.173964
-0.200931
-0.256248
0.043847
0.463102
0.416277
-0.366509
0.020841
0.336812
0.078162
-0.039645
-0.517014
-0.790721
-0.205060
0.414443
0.077739
0.058936
-0.219980
-0.206622
0.155020
0.027036
-0.032898
-0.105514
-0.100085
-0.025499
0.140495
-0.087398
-0.217527
-0.282529
-0.216483
0.090185
-0.050937
-0.034645
-0.033571
-0.057172
0.023279
0.093573
0.078645
0.006378
-0.016255
-0.040298
0.050094
0.026679
0.005561
0.014727
0.029987
0.058376
0.016097
-0.006249
-0.006022
0.022211
0.029562
0.019412
0.011300
0.014882
0.009335
-0.001218
0.000015
-0.029433
-0.013897
-0.007922
0.010875
0.020193
0.013628
0.025569
-0.004136
-0.007971
-0.007592
0.028499
0.052927
-0.007931
-0.074712
-0.064047
-0.024819
-0.023606
0.029981
0.004759
0.036706
0.119320
0.014453
-0.035878
-0.026560
0.080452
0.095275
0.053918
0.108583
-0.067264
-0.160410
0.002099
0.030082
-0.042862
0.016860
0.178888
0.154066
0.121154
0.301695
-0.145136
-0.135031
0.474662
0.192359
0.175027
0.070337
-0.166884
-0.450225
-0.257833
0.279468
-0.417142
-0.166731
0.145828
-0.056408
0.165886
0.009467
-0.172570
-0.221103
0.221303
0.034674
0.012438
0.099790
-0.265177
-0.173492
-0.106875
-0.168453
-0.185420
0.113233
0.060659
0.095109
0.112098
0.112885
0.243696
-0.027768
-0.061354
-0.016641
-0.060985
-0.023157
-0.084306
-0.070787
-0.009864
0.032931
-0.034804
-0.000439
0.016662
0.003920
0.008830
-0.028987
0.015806
0.015011
0.000830
-0.005945
-0.015228
-0.059688
-0.050157
-0.036682
-0.012143
0.006060
0.006546
0.015412
0.020245
0.029421
0.006002
-0.000573
0.009681
-0.003390
-0.008218
-0.009358
-0.019747
-0.030748
-0.016228
-0.006474
-0.006499
0.028395
0.043940
0.023341
0.010404
0.010354
-0.023049
-0.016625
0.022714
-0.018614
-0.036915
-0.010398
-0.022242
-0.022174
-0.019204
-0.028603
-0.021032
0.019366
0.026427
0.019719
0.025106
-0.003272
-0.004335
0.009418
0.007290
0.001159
-0.004652
-0.002378
0.006268
0.008028
0.006582
0.011361
0.005346
0.000878
0.004138
0.003874
0.008808
0.011680
0.006739
0.010037
0.006553
-0.001797
-0.004696
-0.006903
-0.004692
-0.002526
0.003617
0.006271
0.006891
0.005434
0.000628
0.000247
-0.000370
-0.000822
0.001091
0.002345
0.001665
0.001698
0.000179
-0.001207
-0.000342
-0.001808
-0.001070
0.001143
0.002685
0.004475
0.003983
0.002865
0.001465
0.000433
-0.000056
-0.000338
0.000135
-0.000431
-0.000541
-0.000309
0.000491
0.001207
0.001603
0.001892
0.001407
0.000635
0.000376
0.000344
-0.000144
-0.000421
-0.000481
-0.000587
-0.000456
-0.000207
-0.000227
-0.000064
-0.000117
-0.000319
-0.000527
-0.000634
-0.000483
-0.000169
0.000190
0.000526
0.000455
0.000082
-0.000263
-0.000573
-0.000558
-0.000352
-0.000122
0.000079
0.000377
0.000236
0.000175
0.000123
-0.000243
-0.000451
-0.000421
-0.000271
-0.000140
0.000129
0.000042
-0.000183
-0.000340
-0.000574
-0.000496
-0.000318
-0.000184
-0.000047