-0.228973
-0.187970
-0.139738
-0.086274
-0.030346
0.024838
0.076078
0.120641
0.156607
0.183008
0.199763
0.207448
0.207018
0.199573
0.186260
0.168311
0.147172
0.124618
0.102767
0.083939
0.070348
0.063731
0.064993
0.074011
0.089647
0.109986
0.132719
0.155556
0.176556
0.194288
0.207802
0.216471
0.219796
0.217281
0.208441
0.192961
0.170919
0.143006
0.110611
0.075729
0.040683
0.007742
-0.021260
-0.045179
-0.063630
-0.076847
-0.085411
-0.089943
-0.090890
-0.088464
-0.082749
-0.073927
-0.062505
-0.049447
-0.036144
-0.024208
-0.015173
-0.010181
-0.009788
-0.013941
-0.022134
-0.033689
-0.048028
-0.064866
-0.084213
-0.106218
-0.130895
-0.157860
-0.186164
-0.214325
-0.240533
-0.262991
-0.280257
-0.291495
-0.296549
-0.295829
-0.290074
-0.280089
-0.266557
-0.250003
-0.230913
-0.209937
-0.188079
-0.166782
-0.147825
-0.133044
-0.123961
-0.121416
-0.125336
-0.134704
-0.147749
-0.162280
-0.176069
-0.187152
-0.193988
-0.195441
-0.190649
-0.178876
-0.159433
-0.131743
-0.095537
-0.051123
0.000386
0.056987
0.115911
0.173947
0.227892
0.275011
0.313379
0.342028
0.360874
0.370491
0.371832
0.365995
0.354126
0.337456
0.317429
0.295818
0.274742
0.256519
0.243363
0.237010
0.238365
0.247304
0.262691
0.282610
0.304753
0.326829
0.346900
0.363535
0.375785
0.383024
0.384754
0.380481
0.369724
0.352166
0.327889
0.297587
0.262650
0.225075
0.187190
0.151265
0.119138
0.091954
0.070104
0.053355
0.041131
0.032814
0.027960
0.026364
0.027942
0.032517
0.039588
0.048194
0.056950
0.064245
0.068553
0.068735
0.064240
0.055127
0.041905
0.025258
0.005768
-0.016273
-0.040872
-0.068170
-0.098180
-0.130509
-0.164204
-0.197777
-0.229415
-0.257312
-0.280024
-0.296708
-0.307202
-0.311912
-0.311572
-0.306980
-0.298814
-0.287596
-0.273804
-0.258082
-0.241432
-0.225290
-0.211430
-0.201684
-0.197568
-0.199918
-0.208654
-0.222757
-0.240449
-0.259537
-0.277785
-0.293228
-0.304320
-0.309919
-0.309160
-0.301304
-0.285656
-0.261636
0.750393
0.713758
0.660002
0.591661
0.512382
0.427133
0.341986
0.263421
0.197317
0.147912
0.117058
0.104007
0.105793
0.118085
0.136213
0.156057
0.174528
0.189563
0.199723
0.203643
0.199633
0.185627
0.159563
0.120058
0.067119
0.002598
-0.069830
-0.145203
-0.218195
-0.284127
-0.339755
-0.383589
-0.415672
-0.436939
-0.448432
-0.450669
-0.443430
-0.425998
-0.397781
-0.359016
-0.311290
-0.257623
-0.202068
-0.148946
-0.101977
-0.063627
-0.034873
-0.015478
-0.004628
-0.001677
-0.006689
-0.020550
-0.044604
-0.079921
-0.126494
-0.182668
-0.245032
-0.308857
-0.368931
-0.420536
-0.460249
-0.486310
-0.498491
-0.497566
-0.484639
-0.460613
-0.426035
-0.381364
-0.327539
-0.266587
-0.201982
-0.138528
-0.081728
-0.036789
-0.007555
0.004308
-0.000378
-0.018589
-0.045841
-0.077142
-0.107830
-0.134047
-0.152772
-0.161500
-0.157808
-0.139089
-0.102653
-0.046241
0.031197
0.128728
0.242968
0.368159
0.496822
0.620842
0.732693
0.826456
0.898368
0.946824
0.971896
0.974660
0.956603
0.919346
0.864765
0.795397
0.714890
0.628213
0.541439
0.461051
0.392928
0.341312
0.308056
0.292414
0.291424
0.300756
0.315744
0.332270
0.347250
0.358624
0.364955
0.364884
0.356723
0.338411
0.307891
0.263783
0.206100
0.136696
0.059254
-0.021260
-0.099516
-0.170829
-0.231950
-0.281384
-0.319167
-0.346229
-0.363606
-0.371813
-0.370620
-0.359307
-0.337273
-0.304752
-0.263323
-0.216001
-0.166832
-0.120130
-0.079611
-0.047731
-0.025464
-0.012565
-0.008214
-0.011759
-0.023255
-0.043586
-0.074086
-0.115820
-0.168775
-0.231288
-0.299945
-0.370008
-0.436259
-0.493976
-0.539727
-0.571749
-0.589805
-0.594666
-0.587429
-0.568991
-0.539895
-0.500593
-0.452019
-0.396196
-0.336592
-0.278006
-0.225936
-0.185585
-0.160792
-0.153219
-0.162040
-0.184226
-0.215289
-0.250234
-0.284395
-0.313911
-0.335758
-0.347427
-0.346492
-0.330344
-0.296291
-0.242071
-0.166630
-0.070903
0.041731
0.165515
0.292970
0.415985
0.527032
0.620193
0.691708
0.739970
0.765052
0.768031