-0.007082
-0.009500
-0.010206
-0.014316
-0.015936
-0.017147
-0.015815
-0.012909
-0.012770
-0.006940
-0.009796
-0.016613
-0.016453
-0.016978
-0.013372
-0.011034
0.003901
-0.001419
-0.021950
0.004767
0.010270
-0.011174
-0.008020
-0.012734
-0.017507
-0.002805
0.028605
0.039916
0.033244
0.011799
-0.021322
-0.028329
-0.025424
-0.032851
-0.024002
-0.003301
0.002110
0.059378
0.055221
-0.005002
-0.006219
-0.094296
-0.090462
0.024704
-0.002850
-0.012784
0.081587
0.029624
-0.075331
-0.047770
-0.069359
-0.084071
-0.123219
-0.110222
0.012445
0.006871
0.022333
0.043194
-0.015043
-0.012357
-0.054621
-0.103536
-0.021337
0.059967
0.055826
0.036231
0.088743
0.127975
0.077579
0.029951
0.027542
0.029447
-0.007950
-0.020720
-0.013207
-0.016432
-0.002879
-0.021799
-0.013797
0.012838
0.013162
0.009197
0.007655
0.007108
0.010195
-0.007794
-0.011180
0.005761
0.008507
0.004713
0.001466
0.006857
0.004515
0.000796
-0.003538
0.002611
0.006826
0.014307
0.022273
0.021064
0.019892
0.010644
-0.002664
-0.005257
-0.002971
0.004219
0.004179
0.004589
0.012604
0.013580
0.012764
0.006891
0.004329
0.003480
-0.004408
-0.004808
-0.000611
-0.001510
0.008365
0.013315
0.020966
0.020964
0.004390
0.012506
0.008274
-0.005369
-0.006969
-0.007954
0.027269
0.027149
-0.014531
0.008252
0.049642
0.016661
-0.011938
0.033516
0.003733
0.006454
0.081924
0.036762
0.021266
-0.016780
-0.082490
-0.077441
-0.094248
-0.011773
0.063982
-0.006815
-0.002662
0.100072
0.055202
-0.047053
-0.073887
-0.124244
-0.138650
-0.093758
-0.004181
0.098475
0.097895
0.101555
0.124943
0.112886
0.124598
0.049182
-0.023904
-0.018645
0.004754
0.034373
0.020312
-0.017150
-0.036024
0.001708
-0.017877
-0.018841
0.013406
-0.008868
0.005305
0.025019
0.025218
0.006541
-0.002868
-0.010455
-0.034946
-0.038955
-0.023467
-0.022415
-0.028609
-0.015822
-0.006376
0.004226
0.007246
0.001089
-0.007966
-0.007988
-0.010461
-0.020588
-0.026736
-0.030076
-0.013540
-0.002176
0.000274
0.000568
-0.005192
-0.005909
-0.011546
-0.018121
-0.021222
-0.021940
-0.018701
-0.013524
-0.007557
0.001302
0.005217
-0.009430
-0.015749
-0.016717
-0.014484
-0.006307
-0.009806
-0.005149
-0.016531
-0.021713
-0.002160
-0.010667
-0.023546
-0.034749
-0.016359
0.009176
-0.010767
0.004234
0.025219
0.025041
0.038327
0.052746
0.072879
0.042879
-0.008900
-0.016233
0.003105
-0.000196
-0.023659
-0.060443
-0.082257
-0.059259
-0.046377
-0.010829
0.003989
0.023168
-0.003427
-0.071282
0.027917
-0.001239
-0.111010
-0.102614
-0.096236
-0.104439
-0.132553
-0.071655
-0.043679
-0.003911
0.064772
0.065548
0.076981
0.094432
0.096011
0.062849
0.076519
0.059613
0.007392
-0.024473
0.000080
0.046333
0.027880
0.026908
0.052186
0.070141
0.042438
0.027315
0.016100
-0.006379
-0.021214
-0.029388
-0.027813
-0.021308
-0.001839
-0.012783
-0.016444
-0.000170
0.007569
-0.002913
-0.011774
-0.003451
0.002092
0.001107
-0.000349
-0.006464
-0.007727
-0.008410
-0.007369
-0.004688
-0.000998
0.005825
0.004725
0.001347
0.001638
0.003375
-0.001246
-0.007206
-0.009015
-0.007132
-0.010182
-0.008515
0.008982
0.005035
-0.006685
0.013494
0.008986
-0.009214
0.005676
0.001338
-0.012461
-0.003977
-0.009925
-0.019111
-0.017216
-0.023953
-0.001954
0.005217
-0.025232
0.030709
-0.005916
-0.068471
0.018596
-0.010239
-0.069462
-0.070802
-0.092576
-0.066142
-0.009203
0.006738
0.051367
0.059781
-0.008984
-0.009644
-0.000954
-0.006120
-0.066273
-0.077245
-0.021393
-0.059802
-0.068795
-0.051932
-0.086306
-0.080418
-0.035907
-0.017776
0.038939
0.052458
0.013230
0.043797
0.022134
-0.034896
-0.016704
-0.039314
-0.025830
0.013872
-0.000547
0.021751
0.031788
0.036771
0.026201
0.018927
0.035963
0.026173
-0.006332
0.024067
0.047770
0.025982
0.027252
0.020613
0.033589
0.043463
0.039571
0.023225
0.012245
0.012364
0.018020
0.018382
0.014338
0.019894
0.014179
0.014448
0.019915
0.018233
0.017196
0.014145
0.009906
0.010967
0.016468
0.018689
0.017636
0.012963
0.009600
0.013241
0.012478
0.010444
0.009288
0.014202
0.016621
0.015299
0.024513
0.023888
0.010050
0.006241
0.012885
0.010069
-0.003096
0.006502
0.011228
-0.000496
0.019740
0.023610
0.008510
0.035400
0.016612
-0.004474
0.022940
-0.041035
-0.050993
-0.015301
-0.055368
0.030258
0.082271
0.024675
0.047372
0.000837
-0.014494
-0.013262
-0.042116
0.054378
0.046286
0.086804
0.177888
0.086053
0.034512
0.048016
0.023527
-0.001589
0.005592
0.029532
0.002913
-0.015915
0.058879
0.023852
-0.019016
-0.025644
-0.084229
0.003789
0.002247
0.007167
0.042596
0.008671
0.063005
0.001599
-0.031417
0.003159
-0.041885
-0.031014
-0.016927
-0.029314
-0.016010
-0.041477
-0.029972
0.012924
-0.019413
-0.042499
-0.043499
-0.040634
-0.025057
-0.028562
-0.036603
-0.018501
-0.010195
-0.017200
-0.002176
0.003858
0.005047
-0.013295
-0.025189
-0.010242
-0.006856
-0.015276
-0.017471
-0.014960
-0.003799
-0.000747
-0.011101
-0.015777
-0.017134
-0.018622
-0.017992
-0.012172
-0.013098
-0.008935
-0.013419
-0.016465
-0.012621
-0.016060
-0.015321
-0.017534
-0.025479
-0.021522
-0.007994
-0.003285
-0.002499
-0.004061
-0.013404
-0.017452
-0.023689
-0.022826
-0.013181
-0.021179
-0.013074
0.008184
0.004662
-0.008125
0.020199
0.019524
0.004930
0.031159
-0.035253
-0.039383
0.007097
0.000404
0.043619
0.033822
0.037253
0.049641
0.028761
0.000795
-0.062181
-0.069348
-0.055802
-0.040181
0.008630
0.035048
0.023379
-0.005524
-0.051240
-0.072841
-0.117413
-0.185976
-0.159521
-0.099226
-0.042665
0.017260
0.008450
0.031094
0.078781
0.015254
-0.029606
-0.064632
-0.083454
-0.026622
-0.001099
0.053551
0.086562
0.064090
0.089862
0.075558
0.067581
0.060879
0.014972
0.011811
0.031630
0.055317
0.053887
0.022465
0.011023
0.001038
-0.010307
-0.004738
-0.015261
-0.024771
-0.017246
-0.001355
0.011207
0.019387
0.017055
0.009285
0.009870
0.008635
0.003997
-0.003234
-0.007155
-0.002202
0.005268
0.014370
0.020250
0.022250
0.019488
0.012837
0.005338
0.001346
0.001489
-0.000387
0.003053
0.011801
0.018386
0.019347
0.016635
0.012476
0.009789
0.003818
0.004002
0.006365
0.013793
0.010828
-0.010323
0.005919
0.005711
-0.003388
0.015976
0.015125
-0.003939
-0.016306
-0.001548
-0.006752
0.018023
0.054589
0.006605
-0.009600
0.012168
0.006747
0.005912
-0.014788
0.029334
0.062953
-0.006844
0.026425
0.028483
-0.071696
-0.039151
-0.039663
-0.081354
0.073788
0.028022
-0.085328
0.047243
0.037122
0.003897
-0.027799
-0.033580
-0.017317
-0.024137
0.040407
0.026694
0.024153
0.000478
-0.015277
0.012773
0.061843
0.086118
0.048559
0.060519
0.088686
0.103948
0.078610
0.014538
-0.034984
-0.025120
-0.030083
-0.036513
-0.023266
-0.013398
0.008684
0.022599
0.039560
0.026007
0.013940
-0.002680
-0.026943
-0.040751
-0.032694
-0.020243
-0.034967
-0.029331
-0.012464
-0.004302
-0.000249
-0.007654
-0.013286
-0.010072
-0.009616
-0.010393
-0.017473
-0.016082
-0.010336
-0.010152
-0.010314
-0.014804
-0.017153
-0.019785
-0.018517
-0.016724
-0.013151
-0.011420
-0.014071
-0.010252
-0.012057
-0.017745
-0.016815
-0.019275
-0.020913
-0.019877
-0.020869
-0.011018
-0.014076
-0.024116
-0.002431
-0.005346
-0.032863
-0.021073
-0.055177
-0.081919
-0.029517
0.000112
0.011248
-0.006415
-0.000716
-0.008818
-0.039731
-0.000113
-0.026676
-0.074772
-0.068819
-0.043645
0.035115
0.009652
-0.045330
0.034813
-0.000290
-0.056067
0.037140
0.008000
-0.034313
0.112804
0.130240
0.075223
0.171518
0.130312
0.066980
0.094312
0.083665
0.015066
-0.094051
-0.092212
-0.071592
-0.070585
-0.080168
-0.098439
-0.050532
-0.004693
0.012892
0.009002
-0.009598
-0.017429
-0.017542
-0.000191
0.019947
0.031241
0.033913
0.037811
0.040033
0.047387
0.048864
0.031481
-0.000299
0.003551
0.020481
0.018087
0.019088
-0.006289
-0.007291
-0.004766
-0.002806
-0.011502
-0.021467
-0.013122
-0.011961
-0.014490
-0.015044
-0.011250
-0.015163
-0.018737
-0.022707
-0.021256
-0.018906
-0.021689
-0.021910
-0.012744
-0.011025
-0.007219
-0.002707
-0.005548
-0.006454
-0.009330
-0.011764
-0.014094
-0.016944
-0.019464
-0.018409
-0.011396
-0.011067
-0.008647
-0.005094
-0.003752
-0.004785
-0.013190
-0.000321
-0.005610
-0.029147
-0.032199
-0.035907
-0.019869
-0.008065
-0.007054
0.024478
-0.028920
-0.056636
0.013790
-0.033560
-0.006955
0.021407
-0.054227
0.019501
0.050911
0.010787
-0.027031
-0.032912
0.000098
-0.064162
-0.003768
0.034898
-0.002967
0.109533
0.124109
0.053206
0.056899
0.011877
-0.004899
0.069056
0.057001
0.065943
0.050924
-0.033795
0.004914
0.012844
-0.074372
-0.133429
-0.105550
-0.026430
0.009304
0.002776
0.007601
-0.014501
-0.027405
0.020808
-0.008524
-0.019003
-0.015430
-0.056374
-0.047994
-0.016217
-0.022703
-0.065626
-0.077968
-0.055630
-0.018508
-0.015276
-0.016385
-0.007841
-0.016086
-0.005305
0.003680
0.000294
-0.000282
-0.006510
-0.006313
0.004774
-0.000541
-0.008075
-0.011581
-0.010506
0.002407
0.006084
0.000722
0.001354
0.003730
0.001344
-0.000689
-0.004802
-0.006123
-0.008429
-0.008318
-0.001257
-0.001426
-0.001491
-0.001360
-0.011001
-0.008794
-0.002754
-0.007487
-0.009115
-0.007760
0.002355
0.008891
-0.000092
-0.009898
-0.015545
-0.023971
-0.012263
0.006637
0.007267
0.014096
0.002905
-0.009791
-0.000436
0.011447
0.024461
0.014242
0.027989
0.031590
-0.029612
-0.025013
0.020264
0.001359
0.000472
0.029204
0.042767
0.031624
0.070069
0.083770
0.003519
0.069183
0.095629
0.023913
0.070864
0.073210
-0.024021
-0.116570
-0.014250
0.005255
-0.111302
-0.010948
0.019971
-0.036616
0.017602
0.037261
-0.003203
-0.002083
-0.009970
-0.023560
-0.006037
0.004432
-0.014819
-0.078942
-0.057936
-0.023680
-0.048223
-0.028838
0.013801
0.041492
0.043559
0.036194
0.035478
0.038218
-0.003557
-0.029858
-0.022608
-0.021400
-0.021481
-0.021057
-0.014406
0.000978
0.008256
0.000124
-0.006347
-0.003103
0.001141
-0.004517
-0.013739
-0.010454
-0.007597
-0.014456
-0.010455
-0.009478
-0.009205
-0.007873
-0.008839
-0.007107
-0.004251
-0.004592
-0.005829
-0.008812
-0.008931
-0.002266
0.000645
-0.003513
-0.004993
-0.006190
-0.008607
-0.007469
-0.002465
-0.000890
-0.003989
0.003055
0.003556
-0.003815
-0.003502
-0.008366
-0.018095
-0.010149
-0.001463
-0.005241
-0.002516
0.001033
-0.002902
-0.005505
-0.005149
-0.009380
-0.013404
-0.009957
-0.005751
-0.001321
0.003561
0.005130
0.003837
0.003281
0.003618
0.004482
0.004508
0.003200
0.002288
0.003088
0.001284
-0.001463
-0.000161
-0.001764
-0.000921
0.002762
0.002971
0.002573
0.001401
0.001815
-0.000420
0.000887
0.002606
0.000781
0.000638
0.000888
0.000162
-0.001367
-0.001346
-0.001585
-0.000341
0.000394
0.001660
0.002370
0.002857
0.002743
0.002101
0.001137
0.000813
0.000154
0.000210
0.000334
0.001012
0.001335
0.001497
0.001193
0.001087
0.001091
0.000991
0.000920
0.001000
0.000794
0.000868
0.001164
0.001217
0.001053
0.000924
0.000674
0.000662
0.000906
0.000916
0.000756
0.000779
0.000752
0.000736
0.000859
0.000846
0.000736
0.000692
0.000635
0.000571
0.000530
0.000428
0.000353
0.000314
0.000320
0.000345
0.000499
0.000525
0.000426
0.000345
0.000200
0.000003
0.000016
0.000113
0.000109
0.000236
0.000203
-0.000004
-0.000207
-0.000205
-0.000269
-0.000157
-0.007453
0.001884
0.010005
-0.000246
0.012219
0.043038
-0.068012
-0.017252
0.083246
-0.028124
-0.038021
-0.049098
-0.023910
0.064718
0.173709
0.147891
0.036520
0.081963
-0.059162
-0.106460
-0.068489
-0.168834
-0.088349
0.088858
0.043765
0.142745
0.326871
-0.068228
-0.141905
-0.294101
-0.481937
0.254648
0.354995
-0.132420
0.030244
0.312467
-0.228267
-0.206734
-0.257755
-0.636808
-0.082163
-0.003245
0.013696
0.177056
0.113671
0.130141
-0.017259
-0.199620
-0.391601
-0.009524
0.151179
0.172184
0.338107
-0.033639
0.349116
0.534475
-0.064351
-0.001579
0.023995
-0.077240
0.148163
0.070491
-0.010226
-0.055030
-0.100180
-0.172266
-0.049804
-0.042256
-0.062815
0.091418
0.094518
0.086679
0.005273
-0.082677
0.026047
0.053912
-0.047359
-0.030527
-0.002735
0.028148
0.038768
0.000539
-0.014388
0.024299
0.007568
-0.000231
0.006208
0.013022
0.010823
0.025106
0.016758
0.028092
0.014505
-0.021986
-0.021906
-0.029064
0.006238
0.005258
-0.000219
0.002528
0.006680
0.039598
0.017542
-0.021585
-0.008668
-0.016611
0.003521
0.007713
0.005188
0.040743
-0.014979
0.004310
0.015315
-0.037943
0.008089
-0.032182
0.072940
0.151239
-0.048679
-0.101650
0.055544
0.130607
-0.097184
0.024030
0.044714
-0.122635
0.432850
0.263884
-0.191694
-0.128911
-0.343634
-0.144545
-0.135494
-0.172524
0.132342
0.300156
0.060267
0.036266
0.299679
-0.223923
-0.345614
-0.359103
-0.660626
0.027804
0.489751
0.317257
0.156559
0.048183
0.250986
0.586729
0.387978
-0.340949
-0.248486
0.180833
0.211732
0.241131
-0.212203
-0.220073
-0.113621
-0.111036
0.010777
-0.227235
-0.042957
0.093275
0.136233
0.097345
0.030606
-0.038228
-0.103424
0.037365
-0.208686
-0.097986
0.059597
-0.061759
-0.000961
-0.046367
-0.071810
-0.032595
0.009607
-0.046791
-0.023674
0.013652
-0.005182
0.039787
-0.013637
-0.035583
-0.030826
-0.063901
-0.085317
-0.049604
-0.017580
0.002273
0.037124
0.008710
0.018591
0.022507
0.003225
-0.010605
-0.036167
-0.039390
-0.011211
-0.040263
-0.056990
-0.028578
-0.013645
0.051034
0.018900
0.012225
0.015791
-0.046911
0.023315
-0.013654
-0.071273
-0.111677
-0.067879
0.114764
0.016249
-0.016805
0.056261
0.064446
0.183206
0.154257
0.190177
0.133425
-0.033484
-0.051995
-0.020250
0.067950
-0.047291
-0.186704
-0.318763
-0.235741
-0.027100
0.067789
0.005452
-0.110306
0.122012
-0.076630
0.158174
0.150230
-0.594198
-0.339845
-0.163595
-0.028834
-0.291743
-0.235782
-0.059248
-0.120011
0.519198
0.157388
0.116016
0.320252
0.286111
0.346805
0.157826
0.063882
-0.127086
0.153252
0.085535
0.008891
-0.068915
-0.079234
0.215692
0.188021
0.096928
-0.023204
0.034558
-0.074411
-0.138472
-0.053150
-0.082623
0.006993
-0.005604
-0.088380
-0.089376
-0.029133
-0.035846
-0.048122
0.033423
0.025898
0.034206
0.006092
0.013361
-0.006440
-0.018462
-0.015123
-0.043200
-0.039567
-0.050868
-0.036594
-0.021719
0.003538
0.009572
0.020222
0.016441
0.008645
0.004296
0.014500
0.012437
-0.026043
0.006872
0.014207
-0.068146
-0.026583
0.018482
-0.059442
0.009055
0.072235
-0.030472
0.013775
0.047176
-0.047008
-0.029974
-0.062092
-0.115277
0.062559
-0.049284
-0.033824
0.141493
-0.279875
-0.042933
0.178457
-0.175421
-0.242991
-0.248183
-0.207587
0.096479
0.363001
-0.029809
0.073715
0.175273
-0.095719
0.122490
0.021352
-0.405882
-0.251229
0.284791
-0.017727
-0.138972
-0.182938
-0.394269
-0.114647
-0.057153
-0.012849
0.233149
0.348641
0.110753
0.035706
0.108060
-0.200015
-0.110361
0.048953
-0.061639
0.132771
0.127502
0.065547
-0.029556
0.082156
0.030386
0.073256
0.186490
-0.099713
0.034700
0.177161
0.121522
0.044324
-0.010850
0.029541
0.156972
0.097002
-0.015759
-0.008335
-0.046561
0.079248
0.111462
0.013884
0.036490
-0.007638
-0.003229
0.014779
0.004345
-0.018228
-0.017254
0.005182
0.006651
0.022797
-0.001741
0.009159
0.006624
0.012184
0.019985
0.032945
0.024364
0.007979
-0.006644
-0.023489
-0.000324
-0.020119
-0.009196
0.036485
0.011311
-0.019721
0.003763
0.040613
-0.008523
-0.011516
0.022067
-0.053873
0.015749
0.095329
-0.042421
0.008250
0.085658
-0.088601
0.065375
-0.046352
-0.342524
-0.011459
-0.056220
-0.027208
0.374365
0.106390
-0.018002
0.021538
-0.107049
-0.093287
-0.146883
0.138837
0.135844
0.343449
0.669289
0.176047
-0.056540
-0.272509
-0.007808
0.197328
-0.081177
0.141823
-0.046415
-0.054887
0.332219
-0.091139
-0.497621
-0.106597
-0.275319
0.179272
0.335317
-0.290385
0.058753
0.003712
0.278083
0.075020
-0.322901
-0.037012
-0.177130
0.117981
-0.071677
-0.142683
-0.007127
-0.145899
0.125607
-0.079057
-0.246781
-0.158280
-0.115265
0.051145
0.043798
-0.106580
-0.048116
-0.025542
-0.041903
0.011484
-0.012694
0.009820
0.035804
-0.065209
0.041672
0.097680
-0.005932
-0.005342
-0.043732
-0.054283
0.003768
-0.021872
-0.029061
0.013567
-0.010870
-0.008941
-0.013487
-0.012622
-0.011217
-0.010805
-0.013957
-0.002276
0.001942
-0.008555
-0.020244
-0.016178
-0.025816
-0.043793
0.009641
0.033626
0.002103
0.008014
-0.016338
-0.023516
-0.007677
-0.043999
-0.014301
-0.008983
-0.009678
0.060852
0.081829
-0.024749
-0.003828
0.115541
-0.037376
0.118824
0.009210
-0.266700
0.097122
0.084472
0.141950
0.113083
-0.010695
0.089350
0.149186
0.171941
-0.447539
-0.388734
-0.098634
0.033736
0.336891
-0.018348
-0.141385
0.042756
-0.030764
-0.222511
-0.467984
-0.660855
-0.342006
0.132932
0.040325
0.030083
0.056813
0.045739
0.353746
0.134021
-0.242087
-0.228246
-0.136285
0.084524
0.257240
0.251352
0.136252
0.084407
0.298886
0.205636
0.150906
0.020127
-0.116140
0.221708
0.219474
0.206973
0.116274
-0.183286
-0.062591
-0.037106
-0.101903
-0.003970
-0.060246
-0.055129
0.038846
0.029142
-0.016043
-0.036554
-0.033873
-0.020400
0.028109
0.066126
0.021415
0.027966
0.021682
-0.014900
-0.014716
-0.025618
-0.026125
-0.007147
0.003149
0.010658
0.042200
0.036078
0.034812
0.035505
-0.007809
-0.016734
-0.016703
-0.036604
-0.019402
-0.003380
0.011889
0.029704
0.029469
0.042811
0.049937
0.070126
-0.065291
-0.096100
-0.009372
-0.057799
0.046767
0.047736
-0.048549
-0.108480
0.006311
0.047967
-0.042277
0.192411
0.009104
-0.126638
0.067381
0.001949
0.039055
-0.048347
-0.087556
0.233076
0.164915
0.057016
0.048998
-0.358193
-0.335013
0.095713
-0.172225
0.042743
0.488536
-0.304583
-0.044652
0.303902
-0.136269
-0.152624
-0.008291
-0.122142
-0.211855
0.694569
0.068708
-0.280077
0.041364
-0.407459
0.437531
0.385806
-0.107959
-0.015438
0.254310
0.447756
0.294371
0.046725
-0.294960
-0.050697
-0.054735
-0.156032
-0.092210
-0.186761
-0.007346
0.109908
0.024226
0.029636
0.049895
-0.041665
-0.049636
-0.072299
-0.127442
-0.033516
-0.001973
-0.072319
-0.059209
-0.043817
-0.075577
-0.038900
-0.043331
-0.045692
0.015516
0.007502
0.012460
0.002413
-0.024721
-0.024885
-0.043379
-0.064631
-0.042609
-0.024764
-0.030578
-0.022049
-0.025715
-0.024374
-0.008030
0.001173
-0.008502
-0.000968
-0.019861
-0.032161
-0.008871
-0.009589
-0.005978
-0.043223
-0.043844
-0.029475
-0.080232
0.008757
0.071799
-0.070229
-0.058585
-0.036822
-0.213898
-0.046229
0.115131
0.080785
0.008477
-0.036069
0.001899
-0.123811
0.078045
-0.048123
-0.302912
-0.104358
-0.054984
0.353655
0.305165
-0.354248
-0.176112
0.175011
0.010104
0.128566
0.049044
-0.365703
0.300607
1.007438
0.132489
0.062563
0.377376
0.021775
0.482374
0.341969
-0.487998
-0.487768
0.126311
-0.168765
-0.338981
-0.244464
-0.701660
0.021746
0.302354
-0.154287
0.066755
-0.114043
-0.082908
0.105038
0.066180
0.044280
0.161743
0.068592
0.046632
0.292023
0.063552
-0.004977
0.074930
-0.032246
-0.001713
0.117981
-0.055346
-0.044924
-0.019561
-0.108298
-0.013865
-0.001408
-0.066777
-0.058448
-0.017426
-0.074674
-0.046514
-0.032966
-0.059774
-0.006380
-0.038533
-0.033237
0.018041
-0.042796
-0.033814
-0.019004
-0.037658
-0.035144
-0.030921
-0.046414
-0.020877
-0.013334
-0.017130
0.008017
0.009216
0.003831
0.014231
0.006016
-0.021672
-0.039436
-0.062745
-0.014512
0.015066
0.021583
-0.045443
-0.017473
0.091290
0.000084
-0.066284
-0.127355
-0.075981
0.102672
0.062216
0.071034
-0.052517
-0.281738
0.124693
0.092552
-0.147418
0.099924
-0.173114
0.041146
0.384885
0.123675
-0.235871
-0.357421
0.160373
-0.108643
0.079185
0.220787
-0.395854
0.456202
0.674210
0.074636
-0.091698
-0.238356
-0.027953
0.463634
0.387575
-0.235902
-0.005605
0.177864
0.061632
0.010515
-0.482812
-0.776676
-0.231074
0.371554
0.108943
0.067841
-0.143450
-0.262666
0.099442
0.080520
-0.073211
-0.076082
-0.062822
-0.039739
0.114262
-0.051830
-0.196722
-0.282434
-0.248062
0.057955
-0.005002
-0.035764
-0.012523
-0.039660
0.032334
0.067738
0.055131
0.014943
-0.002703
-0.032083
0.031519
0.044065
0.010896
0.028229
0.022050
0.047619
0.034069
-0.015953
-0.015480
0.016094
0.032579
0.024167
0.016920
0.009705
0.000728
-0.007238
-0.012900
-0.021650
-0.008517
-0.010482
0.011196
0.024047
0.020205
0.026103
-0.016011
-0.020958
-0.007528
0.028081
0.053897
-0.008151
-0.072206
-0.060880
-0.035374
-0.017132
0.041708
0.010658
0.039434
0.099112
0.006412
-0.022744
-0.012566
0.073484
0.073412
0.059394
0.112010
-0.108019
-0.147411
0.047303
0.010082
-0.034216
0.036436
0.159595
0.121688
0.150866
0.312643
-0.181690
-0.065366
0.452197
0.090157
0.195788
0.133727
-0.217428
-0.499553
-0.176303
0.254529
-0.472898
-0.089571
0.180374
-0.168865
0.190574
0.064171
-0.208737
-0.165812
0.174804
0.027902
-0.002594
0.137082
-0.208850
-0.246131
-0.103415
-0.125017
-0.180343
0.077570
0.089097
0.124725
0.137156
0.064237
0.202578
0.028244
-0.077624
-0.029123
-0.071785
-0.018451
-0.058259
-0.081125
-0.015681
0.038491
-0.019740
-0.019004
0.011454
0.008431
0.022300
-0.025715
0.010640
0.017020
0.000465
-0.011121
-0.028617
-0.053287
-0.050580
-0.039259
-0.014168
0.023657
0.025404
0.008989
0.020755
0.021647
-0.001523
-0.003104
0.000612
-0.006580
-0.008497
-0.006764
-0.021110
-0.025942
-0.011994
-0.005489
-0.004048
0.034139
0.046808
0.020162
0.011518
0.007103
-0.029210
-0.017486
0.017308
-0.027128
-0.033861
-0.008033
-0.027638
-0.019288
-0.006812
-0.025252
-0.021323
0.018619
0.023401
0.016209
0.024987
-0.001626
-0.007610
0.008011
0.003737
-0.001699
-0.000092
0.000321
0.007243
0.013283
0.008421
0.009071
0.003156
-0.001541
0.003025
0.003153
0.007908
0.009461
0.007591
0.010292
0.005830
-0.001943
-0.005679
-0.006571
-0.005260
-0.000881
0.005139
0.006522
0.006194
0.003879
-0.000439
0.000127
-0.001668
-0.000788
0.002862
0.002202
0.002039
0.001883
-0.000703
-0.001510
-0.000957
-0.002258
-0.000026
0.001354
0.003016
0.004089
0.003876
0.002861
0.001294
-0.000324
-0.000391
-0.000348
0.000342
0.000145
0.000111
-0.000161
0.000546
0.001078
0.001593
0.001952
0.001222
0.000517
0.000386
0.000089
-0.000355
-0.000368
-0.000515
-0.000723
-0.000381
-0.000278
-0.000345
0.000151
0.000201
-0.000133
-0.000282
-0.000587
-0.000661
-0.000151
0.000403
0.000671
0.000656
0.000194
-0.000321
-0.000655
-0.000612
-0.000248
0.000021
0.000296
0.000410
0.000181
0.000130
0.000040
-0.000326
-0.000478
-0.000365
-0.000218
0.000039
0.000212
0.000030
-0.000223
-0.000412
-0.000568
-0.000360
-0.000250
-0.000133