-0.016346
-0.014606
-0.011988
-0.013122
-0.012984
-0.013329
-0.013924
-0.013117
-0.014560
-0.012996
-0.010261
-0.005178
-0.004491
-0.005420
-0.004315
-0.007043
-0.009315
-0.012536
-0.011942
-0.010237
-0.008027
-0.004236
-0.006464
-0.008692
-0.010482
-0.011957
-0.009713
-0.004324
-0.003082
-0.004241
-0.004853
-0.000690
0.007726
0.011976
0.013001
0.011143
0.007698
0.002858
-0.006109
-0.014150
-0.019094
-0.011995
0.002118
0.008186
0.020417
0.026818
0.004426
-0.015139
-0.029261
-0.036972
-0.014103
0.007342
0.002091
0.002390
0.001792
-0.007111
-0.027412
-0.069282
-0.081589
-0.062636
-0.056897
-0.037311
-0.015009
-0.007053
0.004894
-0.015293
-0.051910
-0.048382
-0.027660
-0.021588
-0.014299
0.017472
0.048813
0.062663
0.063311
0.050283
0.034230
0.010950
-0.001421
0.008253
0.015380
0.016570
0.014441
0.005213
0.005136
0.005096
-0.003785
-0.002664
0.008944
0.010351
0.004400
0.010000
0.020352
0.026250
0.019903
0.010427
0.005842
0.002808
0.002400
0.004063
0.009452
0.011894
0.009826
0.005278
0.002533
0.002109
0.001441
0.002832
0.004107
0.008230
0.010853
0.009274
0.007307
0.002941
0.000277
0.000421
0.003439
0.007048
0.009366
0.010147
0.009219
0.005752
0.001226
0.000817
0.000803
0.002012
0.004818
0.008930
0.014717
0.013368
0.009219
0.003766
-0.001552
0.000255
0.001080
0.006018
0.014448
0.016413
0.010039
0.007648
0.009361
0.006322
0.004681
0.010173
0.021757
0.042314
0.036479
0.014091
-0.010037
-0.030055
-0.025778
-0.028986
-0.036373
-0.004148
0.025467
0.023706
0.019008
0.008932
-0.015695
-0.048422
-0.080391
-0.079753
-0.033972
0.010315
0.033127
0.039883
0.051044
0.078828
0.081990
0.045967
0.016021
0.011323
0.017959
0.029643
0.040769
0.031593
0.018179
0.007993
-0.002293
-0.013642
-0.020542
-0.014844
-0.000701
0.008755
0.014938
0.021752
0.021624
0.012391
-0.001250
-0.011314
-0.016071
-0.014720
-0.011543
-0.009505
-0.009696
-0.006675
-0.004014
-0.014598
-0.022092
-0.022033
-0.021935
-0.020058
-0.016858
-0.013666
-0.011787
-0.010565
-0.013422
-0.018720
-0.022324
-0.020747
-0.013762
-0.009522
-0.007822
-0.007704
-0.010177
-0.013422
-0.015190
-0.015641
-0.016942
-0.015194
-0.014605
-0.013368
-0.007950
-0.005129
-0.003584
-0.008174
-0.011159
-0.009616
-0.011645
-0.011925
-0.016283
-0.018103
-0.019505
-0.020405
-0.012214
-0.005361
-0.000759
0.006610
0.017808
0.033171
0.037843
0.035058
0.027266
0.015820
0.006715
0.001875
-0.002732
-0.006215
-0.017633
-0.032220
-0.033206
-0.025389
-0.014026
-0.019508
-0.027833
-0.010867
-0.007696
-0.014485
-0.032095
-0.055488
-0.067186
-0.072983
-0.068718
-0.064172
-0.063204
-0.053738
-0.030606
-0.004909
0.017957
0.026884
0.029058
0.039039
0.045667
0.034706
0.019059
0.035203
0.044250
0.031480
0.023420
0.023985
0.029880
0.036920
0.040235
0.034960
0.029747
0.018457
0.004160
-0.000321
0.006238
0.016159
0.014927
0.008149
0.006055
0.006008
0.004184
0.003553
0.006829
0.002884
-0.002333
-0.000662
-0.000531
-0.000742
-0.002718
-0.003968
-0.007638
-0.010279
-0.012409
-0.015241
-0.011546
-0.008957
-0.003944
-0.001625
-0.001541
-0.001788
-0.004570
-0.006376
-0.008527
-0.006179
-0.006635
-0.005564
-0.001688
-0.003296
-0.002884
-0.001513
-0.000223
0.000906
0.002643
-0.000055
-0.002538
-0.004809
-0.009272
-0.008780
-0.015522
-0.017272
-0.008200
-0.014354
-0.014240
-0.008480
-0.017926
-0.018806
-0.020439
-0.034134
-0.044492
-0.054321
-0.048874
-0.018167
-0.004922
-0.001785
0.003544
0.002091
0.002710
-0.008814
-0.031776
-0.043427
-0.034628
-0.029357
-0.030979
-0.036784
-0.051038
-0.064232
-0.061755
-0.046354
-0.030567
-0.006371
0.004784
0.006114
0.006135
-0.003315
-0.012063
-0.004391
-0.009058
-0.013547
0.000341
0.009261
0.013103
0.014209
0.015179
0.021251
0.020820
0.007488
0.006065
0.015011
0.025065
0.031436
0.035636
0.037252
0.037960
0.043121
0.035195
0.026881
0.026305
0.023731
0.026108
0.032092
0.033027
0.029028
0.024994
0.021771
0.021454
0.018823
0.015818
0.016860
0.015787
0.017705
0.022097
0.025179
0.024138
0.018283
0.014147
0.010716
0.011502
0.013469
0.013462
0.013531
0.012366
0.010921
0.007922
0.008220
0.009719
0.012576
0.014354
0.012886
0.013667
0.010575
0.006572
0.004977
0.003576
0.006192
0.012442
0.012343
0.013078
0.013331
0.004304
0.001946
-0.012740
-0.025258
-0.011321
-0.008267
0.003964
0.023793
0.020739
0.020593
0.009327
-0.008301
-0.001573
-0.003598
0.013856
0.047685
0.068760
0.086041
0.078938
0.052547
0.027943
0.020655
0.029322
0.024579
0.021134
0.035506
0.034431
0.036997
0.018342
-0.009700
-0.011482
-0.013296
0.001877
0.003144
-0.002075
0.020989
0.025912
0.027907
0.031158
0.004189
-0.014139
-0.019551
-0.021618
-0.017746
-0.022154
-0.012794
-0.005458
-0.017370
-0.031029
-0.044608
-0.043815
-0.038362
-0.040045
-0.037895
-0.032170
-0.025894
-0.023190
-0.022083
-0.015399
-0.013528
-0.020719
-0.027765
-0.025733
-0.016640
-0.008124
-0.006070
-0.009282
-0.013959
-0.021910
-0.023331
-0.021169
-0.016918
-0.013544
-0.013592
-0.010563
-0.009579
-0.011577
-0.015717
-0.016290
-0.015865
-0.013315
-0.010223
-0.010724
-0.009708
-0.013715
-0.015534
-0.015109
-0.014243
-0.009720
-0.008600
-0.006384
-0.006946
-0.008702
-0.011354
-0.015516
-0.014600
-0.013318
-0.011257
-0.006082
0.000665
0.002254
0.006752
0.008795
0.000881
0.000768
-0.007186
-0.010282
0.000157
0.008678
0.023622
0.028075
0.025073
0.024538
0.020283
0.000261
-0.026409
-0.040617
-0.027281
-0.003369
0.009590
0.002038
-0.007303
-0.008064
-0.029912
-0.065147
-0.095357
-0.111043
-0.094688
-0.070329
-0.054270
-0.030218
-0.007564
-0.002136
-0.002484
-0.021793
-0.044054
-0.050212
-0.050784
-0.025203
0.005437
0.023083
0.039319
0.045984
0.049397
0.044875
0.028223
0.016606
0.015493
0.031002
0.044729
0.052160
0.055044
0.042132
0.028366
0.020288
0.011920
0.007843
0.004469
0.003102
0.010831
0.018940
0.023913
0.024752
0.017585
0.013103
0.010033
0.007781
0.011194
0.013691
0.013960
0.012884
0.012173
0.009655
0.005312
0.001814
0.000546
0.002848
0.005763
0.007724
0.006947
0.006226
0.005815
0.004411
0.003730
0.002464
0.003534
0.007218
0.010910
0.013252
0.014286
0.012772
0.011734
0.010828
0.003776
-0.000808
-0.001029
0.001504
0.004831
0.003637
0.000140
-0.003800
0.000428
0.003730
0.006433
0.010953
0.012089
0.009226
0.005741
0.000670
0.005587
0.003389
-0.001810
0.020186
0.029475
0.018677
0.006128
-0.022346
-0.031363
-0.013153
-0.020575
-0.011260
0.008887
0.005989
0.008922
-0.003034
-0.004544
0.001096
-0.016572
-0.021837
0.000768
0.020026
0.014543
0.005759
-0.002153
0.012544
0.039861
0.032920
0.015992
0.037048
0.057399
0.065357
0.070362
0.049831
0.029537
0.017587
0.002812
-0.006074
-0.004455
-0.002034
0.005118
0.014342
0.015547
0.019939
0.017542
0.004455
-0.006392
-0.013605
-0.015063
-0.011443
-0.008060
-0.006934
-0.006854
-0.005816
-0.009404
-0.015394
-0.022866
-0.026432
-0.023110
-0.020279
-0.016232
-0.014218
-0.012736
-0.015622
-0.017869
-0.021062
-0.027421
-0.025154
-0.021300
-0.016605
-0.015792
-0.015860
-0.015381
-0.017649
-0.017006
-0.018455
-0.017896
-0.017597
-0.018394
-0.018030
-0.015775
-0.016309
-0.018994
-0.018117
-0.019688
-0.016912
-0.013172
-0.021335
-0.025949
-0.029702
-0.033476
-0.029364
-0.024360
-0.015700
-0.013652
-0.016525
-0.015049
-0.018353
-0.025374
-0.032386
-0.039853
-0.034863
-0.023173
-0.004634
0.004933
-0.017222
-0.021168
-0.007823
-0.004519
-0.002385
-0.001067
0.004354
0.044512
0.087323
0.089218
0.088097
0.084799
0.093328
0.087352
0.039127
0.009747
0.007430
-0.004301
-0.019983
-0.030773
-0.047854
-0.046045
-0.021141
-0.019584
-0.024247
-0.011912
-0.018625
-0.023683
-0.003298
0.007969
0.018903
0.029143
0.025975
0.030383
0.034985
0.028811
0.024133
0.016522
0.002575
0.002784
0.005658
0.000344
-0.000928
-0.005059
-0.007538
-0.004198
-0.002843
-0.004484
-0.006088
-0.009665
-0.010934
-0.006357
-0.005226
-0.007984
-0.006624
-0.007005
-0.010508
-0.012257
-0.014730
-0.018126
-0.017929
-0.016490
-0.017871
-0.016561
-0.015722
-0.015529
-0.014311
-0.013484
-0.013712
-0.017512
-0.017889
-0.016259
-0.014431
-0.014712
-0.019235
-0.019657
-0.017578
-0.015301
-0.012891
-0.012017
-0.009960
-0.006077
-0.007059
-0.012494
-0.018936
-0.016563
-0.006818
-0.007677
-0.010524
-0.012136
-0.020570
-0.009540
-0.010655
-0.018623
-0.009819
-0.008384
0.002172
0.010260
0.004092
-0.009720
-0.029082
-0.021905
-0.006168
-0.000773
0.009291
0.016560
0.044933
0.067345
0.053099
0.036223
0.020876
0.028728
0.056753
0.040862
0.030043
0.046381
0.043330
0.028763
-0.002460
-0.044686
-0.057571
-0.041797
-0.025549
-0.007464
-0.002648
-0.009497
-0.011228
-0.010339
-0.007533
-0.009288
-0.018840
-0.030127
-0.024713
-0.016085
-0.026701
-0.034638
-0.037704
-0.047838
-0.051651
-0.046993
-0.043961
-0.041755
-0.037988
-0.030584
-0.017014
-0.009117
-0.010678
-0.015388
-0.019412
-0.014056
-0.008562
-0.006921
-0.003297
-0.000272
0.001093
-0.002922
-0.004969
-0.005877
-0.008103
-0.007285
-0.003149
-0.000295
0.000450
0.002337
0.001658
0.003855
0.003081
-0.001934
-0.004260
-0.004397
0.000664
0.005027
0.006234
0.001565
-0.003192
-0.004638
-0.005140
-0.003218
-0.004344
-0.007420
-0.005310
-0.001197
0.000160
0.000243
-0.000546
0.001016
0.004190
0.005421
0.007317
0.005988
0.012723
0.015386
0.008114
0.007183
0.003024
-0.001845
-0.000093
0.004953
0.012433
0.018324
0.032196
0.039914
0.038696
0.043162
0.033630
0.034119
0.055199
0.065364
0.055105
0.026475
0.009136
-0.003660
-0.020967
-0.015081
-0.012606
-0.016894
-0.010818
-0.000748
0.006075
-0.000962
-0.010338
-0.009357
-0.011090
0.001096
0.004988
-0.018079
-0.020034
-0.016245
-0.034391
-0.040829
-0.024569
-0.014909
-0.016980
-0.008842
0.004732
0.011891
0.012868
0.004734
-0.006599
-0.009320
-0.011419
-0.015235
-0.013484
-0.007743
-0.001526
-0.002904
-0.006855
-0.004356
-0.005622
-0.009410
-0.009782
-0.008116
-0.007987
-0.008109
-0.004683
-0.001418
0.000532
-0.003890
-0.007920
-0.008631
-0.009660
-0.008040
-0.006833
-0.004117
-0.003651
-0.003158
-0.003091
-0.006483
-0.008185
-0.010609
-0.011444
-0.009685
-0.004886
-0.002276
-0.001271
0.000011
-0.001772
-0.000719
-0.000446
-0.000316
-0.001514
-0.003268
-0.003510
-0.005293
-0.005123
-0.005853
-0.005461
-0.005441
-0.007015
-0.005185
-0.004194
-0.004513
-0.003894
-0.002916
-0.003881
-0.003015
-0.002924
-0.002760
-0.001591
0.000276
0.000977
0.000594
0.002518
0.000993
-0.000721
0.000908
0.001205
0.001651
0.001349
0.003036
0.000384
-0.001770
0.000540
0.000513
0.000702
0.001673
0.003117
0.002880
0.003308
0.001975
0.001724
0.000838
0.000404
-0.000114
0.000098
0.000962
0.001798
0.001580
0.001909
0.001522
0.001525
0.001081
0.001087
0.001052
0.001217
0.001069
0.001011
0.001105
0.000994
0.000828
0.000848
0.000886
0.001070
0.001211
0.001241
0.000983
0.000758
0.000643
0.000701
0.000907
0.001094
0.001196
0.001186
0.001104
0.000976
0.000901
0.000781
0.000715
0.000753
0.000716
0.000707
0.000745
0.000654
0.000499
0.000370
0.000281
0.000222
0.000305
0.000401
0.000431
0.000474
0.000483
0.000382
0.000317
0.000313
0.000115
0.000105
0.000232
0.000324
0.000282
0.000350
0.000193
0.005806
0.037866
0.017241
0.087375
-0.047201
-0.093899
0.098543
-0.004557
-0.073471
-0.031332
-0.006982
0.067666
0.123497
0.101706
0.020779
0.148050
0.029208
-0.124316
-0.135153
-0.160740
-0.055151
0.132757
0.087972
0.010895
0.416813
-0.105496
-0.283487
-0.145725
-0.472684
0.249272
0.522395
-0.322394
-0.166545
0.657821
-0.076277
-0.441612
-0.412820
-0.660889
0.303297
0.104106
-0.248244
0.074105
0.067711
0.218629
-0.058092
-0.489006
-0.191072
0.296096
-0.031809
-0.126839
0.237813
0.272230
0.337547
0.403475
-0.116841
-0.038253
0.107393
0.011401
0.247985
0.147204
-0.057520
-0.151434
-0.087962
-0.054943
-0.022159
-0.076319
-0.030925
0.167740
0.070322
-0.073156
-0.103557
0.004756
0.071923
0.046458
-0.050887
-0.019986
0.058890
0.010033
-0.004476
-0.011747
0.030372
0.040166
0.026831
-0.014919
-0.007959
0.009494
0.007771
0.020048
0.017023
0.020974
0.028159
0.003220
-0.009189
-0.014683
-0.000849
-0.010861
-0.042912
-0.021988
-0.003671
0.050106
0.046797
-0.042377
-0.018451
0.021455
-0.008842
0.011441
-0.023093
0.067286
0.031622
-0.033714
0.020616
-0.051253
-0.003803
-0.029332
0.014575
0.209049
0.018090
-0.186475
0.039187
0.231549
-0.095780
-0.135382
0.131595
-0.122823
0.435475
0.364104
-0.416930
-0.089494
-0.110763
-0.088570
-0.197187
-0.483051
0.192734
0.718751
-0.018177
-0.246092
0.345520
-0.178968
-0.407899
-0.397442
-0.586972
0.212962
0.551394
-0.008972
-0.132633
0.089928
0.630348
0.662949
-0.078053
-0.505644
-0.020954
0.573175
0.241230
-0.025077
-0.290942
-0.061502
0.091731
-0.058019
-0.037413
-0.362704
0.015571
0.235944
0.081297
-0.115580
-0.042400
0.035896
-0.093350
0.007227
-0.158049
0.001506
0.066725
-0.063563
-0.083211
-0.063744
-0.023513
-0.008955
0.004266
-0.116292
-0.045066
0.012409
0.015397
0.015099
-0.001333
-0.008385
-0.023543
-0.034325
-0.073246
-0.042534
-0.043522
-0.036306
-0.024918
-0.019937
0.000980
0.034097
0.029094
-0.019729
-0.022847
-0.037495
0.022017
-0.014928
-0.086413
-0.028912
-0.018999
0.059816
0.002116
-0.037205
0.039703
-0.033558
0.004260
0.008965
-0.083688
-0.070586
-0.056087
0.128240
0.052756
-0.141415
0.010969
0.095491
0.181472
0.135134
0.112066
0.172776
0.063347
-0.049109
-0.047856
0.081056
0.008679
-0.080157
-0.303477
-0.230991
0.054855
-0.028574
-0.120670
-0.250758
0.390694
0.168247
-0.183590
0.066875
-0.634173
-0.255348
0.066926
0.033600
-0.378284
-0.440480
-0.070919
-0.118794
0.507254
0.139503
0.013813
0.173689
0.424537
0.301795
-0.050784
0.033679
0.124172
0.482150
-0.057396
-0.196784
-0.047080
0.140548
0.294505
0.160737
0.039710
-0.060557
0.066199
-0.151807
-0.137876
-0.000448
0.065859
0.003628
-0.065495
-0.071971
-0.099063
-0.006364
-0.054358
-0.011386
-0.000869
-0.008841
-0.027840
-0.015140
0.010385
0.013298
0.030975
0.000764
-0.000417
-0.042480
-0.032814
-0.018650
-0.021705
-0.020821
-0.039538
-0.010813
-0.015179
-0.007810
0.000756
0.011816
0.038159
-0.022394
-0.002507
0.047278
-0.051494
-0.064406
0.046487
-0.061960
-0.057065
0.081774
-0.046204
-0.002911
0.088241
-0.039184
-0.047154
-0.023167
-0.126640
0.132464
0.019955
-0.201492
0.278014
-0.289141
-0.221610
0.333945
-0.173803
-0.314312
-0.202307
-0.200521
0.096166
0.362696
-0.268739
0.125739
0.359312
-0.007986
-0.033471
-0.247943
-0.327936
-0.100082
0.481900
0.052059
-0.348114
-0.267305
-0.260397
-0.176018
-0.028402
0.012639
0.145186
0.397421
0.052950
-0.145123
0.092315
-0.185785
-0.056036
0.203625
-0.148567
0.146823
0.262200
-0.021748
-0.131003
0.059861
0.178893
0.117390
0.023651
-0.103930
0.142112
0.164596
0.088496
-0.024378
0.035911
0.154286
0.179975
0.069511
-0.094915
0.033793
0.025795
0.096047
0.054410
-0.029428
0.000788
0.054527
0.062887
0.032005
0.018508
-0.034773
0.005326
0.004254
0.010581
0.002710
-0.001735
0.006980
0.003518
0.010148
0.001859
0.025566
0.019249
0.016076
0.014218
0.000132
0.018074
-0.017363
-0.032369
0.016675
0.007952
-0.042515
-0.014819
0.068573
0.010056
-0.045049
0.018620
-0.023716
-0.015108
0.130906
-0.036612
-0.076454
0.176628
-0.072846
-0.010158
0.048671
-0.446223
-0.000175
0.095570
-0.234606
0.402629
0.195293
-0.136122
0.157903
-0.219496
-0.104273
-0.171059
-0.062998
0.393427
0.296397
0.641197
0.286039
-0.303623
-0.325528
0.183648
0.290164
-0.044504
0.015371
0.162302
0.100518
0.081411
-0.085614
-0.726651
0.089515
0.149598
0.007332
0.271790
-0.603737
0.076682
0.255226
0.166977
0.124021
-0.420237
-0.133307
0.083480
0.068592
-0.116197
-0.138829
-0.054536
0.141181
-0.042844
-0.270707
-0.229667
-0.046083
0.105540
-0.046508
-0.166506
-0.125720
-0.021942
-0.048363
-0.007464
0.026899
0.018651
-0.052279
-0.078139
-0.022022
0.041385
0.093857
-0.026023
-0.023998
0.000954
-0.024427
-0.009996
-0.017384
-0.020334
0.002616
-0.003073
-0.014157
0.005945
-0.026642
-0.014471
-0.002772
-0.017135
-0.018157
-0.017371
-0.005049
0.002145
-0.000824
-0.005212
-0.055994
-0.012071
0.042268
-0.017632
0.001957
0.004921
-0.013236
-0.005671
-0.062436
-0.039995
0.025514
0.000517
0.060720
0.097756
-0.042825
-0.093030
0.183456
-0.016878
0.061566
0.141237
-0.394946
0.088491
0.144949
0.074281
0.143812
-0.028746
0.174751
0.251889
0.084443
-0.558629
-0.446097
0.112728
0.270558
0.179024
-0.198157
-0.161430
0.255872
0.151745
-0.475340
-0.594279
-0.503862
-0.167034
0.206022
-0.214906
-0.199428
0.196211
0.094357
0.229890
0.094102
-0.404864
-0.116333
-0.036771
0.051586
0.263176
0.051432
0.127053
0.201337
0.330776
0.253236
-0.028428
-0.042756
0.065900
0.316680
0.272431
0.088744
0.026366
-0.083059
-0.027225
0.093568
-0.054121
-0.076699
-0.003132
-0.055442
0.044479
0.010646
-0.079805
-0.059132
-0.015484
0.007268
0.040626
0.043517
0.004559
0.033570
0.033794
0.010721
0.004099
-0.003616
-0.025946
-0.020717
-0.002873
-0.001102
0.026759
0.025998
0.028913
0.044609
0.008810
-0.023138
-0.000730
-0.015390
-0.036032
-0.015706
-0.021153
0.019595
0.017328
0.038740
0.039200
0.082371
-0.043861
-0.147798
0.043144
-0.033593
0.028449
0.044110
-0.025533
-0.085369
0.017441
0.047661
-0.171129
0.137433
0.156307
-0.102036
0.035057
0.019239
-0.042045
-0.037204
-0.197003
0.345326
0.421986
-0.132282
-0.037536
-0.322064
-0.421407
0.327123
-0.128111
-0.362403
0.833536
-0.205648
-0.333645
0.334320
-0.217140
-0.010686
-0.079512
-0.111086
-0.118778
0.718438
0.009117
-0.587443
0.024814
-0.007275
0.562718
0.081776
-0.371142
0.026699
0.660819
0.446466
0.050264
-0.107747
-0.184510
0.220433
0.007539
-0.182663
-0.201605
-0.068913
0.052761
0.104991
-0.072471
-0.032403
0.127575
-0.061893
-0.089466
-0.101196
-0.044213
-0.050231
-0.019623
-0.094982
-0.070530
0.012309
-0.052981
-0.046383
-0.065193
-0.048334
-0.026257
0.009283
-0.031452
-0.009176
-0.004436
-0.040027
-0.020270
-0.047658
-0.024647
-0.027155
-0.041014
-0.037420
-0.039215
-0.028927
-0.013388
-0.011871
-0.043948
-0.032255
-0.013391
-0.023777
0.005792
0.000934
0.000535
-0.025627
-0.050234
0.001252
-0.081679
-0.047567
0.087349
-0.065598
-0.113857
0.058473
-0.225872
-0.120447
0.138761
0.080353
0.064327
-0.085969
0.078475
-0.100842
-0.066137
-0.045308
-0.293156
-0.070873
0.089497
0.238944
0.291494
-0.495809
-0.348213
0.597804
0.101308
-0.222558
-0.014379
-0.382509
0.299434
1.337846
-0.089381
-0.426980
0.656194
0.392512
0.472000
0.049459
-0.531481
-0.045368
0.428824
-0.190522
-0.681120
-0.294981
-0.393347
0.194321
0.225888
-0.394450
-0.091583
-0.000020
-0.104241
0.012128
0.048315
-0.067302
0.202166
0.074433
0.064820
0.308704
0.037138
-0.056833
0.107819
0.076274
0.005793
0.163332
-0.076376
-0.090367
0.022121
-0.064609
-0.001109
-0.021868
-0.044958
-0.043389
-0.007970
-0.109176
-0.046389
-0.048693
-0.116482
-0.047454
-0.030294
-0.024251
-0.028567
-0.019432
-0.037880
0.009237
-0.031132
-0.039736
-0.016170
-0.032085
-0.013607
-0.035283
-0.025669
-0.005641
0.014212
-0.007460
-0.000348
0.005728
-0.015185
-0.022147
-0.042141
-0.002229
-0.006144
0.003591
-0.068372
-0.059322
0.134229
0.019082
-0.130007
-0.133886
-0.070646
0.162580
0.072266
-0.068540
0.059000
-0.235521
0.080002
0.233066
-0.437007
0.103933
0.067955
-0.043731
0.465614
0.016003
-0.338338
-0.360286
0.263486
0.179327
-0.189009
0.073463
-0.313312
0.379812
0.920390
-0.038706
-0.474731
-0.005846
0.177151
0.485623
0.263971
-0.563119
0.361223
0.619928
-0.058617
-0.311162
-0.626995
-0.544417
0.117800
0.419289
-0.101939
-0.143987
-0.202414
-0.072733
0.053831
-0.015750
-0.072109
-0.169703
0.073158
0.105585
0.094308
-0.250498
-0.309441
-0.160450
-0.057594
0.057745
-0.064742
-0.083831
-0.101011
-0.030161
0.001540
0.090023
0.030564
-0.040243
-0.023503
0.012981
0.074076
0.008611
-0.007130
-0.004557
0.045200
0.044266
0.006823
-0.005065
0.012701
0.041633
0.022560
0.007045
-0.005764
0.027619
0.024762
0.016941
0.009417
-0.017967
-0.004735
-0.009082
0.000378
0.004745
-0.004258
0.025274
0.019195
0.002885
0.000531
0.018594
0.040333
-0.002254
-0.073111
-0.041596
0.009281
-0.046944
0.011294
0.001301
0.030897
0.154724
-0.019909
-0.092770
-0.032359
0.105566
0.146302
0.017681
0.111699
0.001168
-0.221937
-0.020777
0.038932
-0.073838
0.084524
0.211325
0.168394
0.002871
0.237152
-0.121982
-0.247006
0.691609
0.295262
-0.028764
0.070458
-0.070168
-0.307021
-0.351576
0.331505
-0.354042
-0.309150
0.373080
-0.009257
-0.067091
-0.004182
-0.299365
-0.219072
0.399444
0.069823
-0.060255
-0.086801
-0.142932
-0.024552
-0.217629
-0.202613
-0.091042
0.132195
0.013450
0.000563
0.135582
0.155633
0.127636
-0.078727
-0.058443
0.034525
0.036943
-0.061252
-0.062711
-0.028824
0.004983
0.001448
-0.058841
-0.011809
0.013864
-0.003452
-0.021747
-0.007062
0.003839
0.020741
-0.006840
-0.014761
-0.004353
-0.032449
-0.023506
-0.015382
-0.003855
-0.013111
-0.021750
0.003694
0.005598
0.022682
0.006892
0.003335
0.016977
0.013388
0.001300
-0.010789
-0.019838
-0.022613
-0.008558
-0.003752
-0.013875
0.004838
0.037104
0.009537
-0.004935
0.010273
-0.006437
-0.008757
0.035019
-0.005732
-0.031208
0.002797
-0.024537
-0.040496
-0.029316
-0.032387
-0.015946
0.029078
0.026464
0.011893
0.003117
-0.006692
0.009474
0.017816
0.011488
0.000952
0.004304
-0.003192
-0.005337
0.006125
0.007430
0.008254
0.005725
0.007961
0.007083
0.009620
0.009104
0.006867
0.005636
0.005472
0.004178
-0.003036
-0.004674
-0.005661
-0.006574
-0.002015
0.008058
0.006086
0.003590
0.007274
0.002339
0.001672
0.001880
-0.001193
0.000421
0.000535
-0.001312
0.000780
0.001807
0.001591
0.001343
-0.000220
0.000746
0.002468
0.002445
0.003263
0.001899
0.000842
0.000733
0.000434
0.000210
0.000249
-0.000410
-0.000768
-0.000447
0.000390
0.001017
0.001434
0.001542
0.001375
0.000546
0.000137
0.000413
0.000524
0.000301
0.000240
0.000029
-0.000368
-0.000405
-0.000292
-0.000279
-0.000257
-0.000268
-0.000417
-0.000414
-0.000330
-0.000448
-0.000049
0.000061
-0.000226
0.000053
0.000080
-0.000086
-0.000237
-0.000346
-0.000388
-0.000375
-0.000228
0.000002
0.000022
0.000097
0.000323
-0.000146
-0.000594
-0.000527
-0.000542
-0.000290
0.000251
0.000062
-0.000322
-0.000444
-0.000562
-0.000365
-0.000086
-0.000007
0.000070
0.000053