0.000031
0.000000
0.000000
0.000000
0.000031
0.000000
0.000061
0.000000
-0.000031
0.000153
-0.000061
0.000153
-0.000153
0.000031
0.000000
0.000000
0.000793
-0.000366
0.000153
0.000885
0.030945
0.046722
0.043610
-0.085022
-0.171539
-0.013641
0.088623
0.127228
0.128357
0.072144
0.042999
0.041016
0.034424
0.034424
0.048279
0.022675
0.010071
-0.000824
-0.011017
0.000885
-0.004822
-0.017090
-0.020966
-0.008514
-0.015930
-0.013916
-0.010681
-0.025146
0.000977
0.014038
-0.003906
-0.006195
-0.015381
-0.026031
-0.019531
-0.008362
-0.013245
-0.020264
-0.024597
-0.017456
-0.007385
-0.008301
-0.006256
-0.007874
-0.011139
-0.015656
-0.012451
-0.010254
-0.013916
-0.014862
-0.011505
-0.018646
-0.024445
-0.016327
-0.011719
-0.009644
-0.012573
-0.014191
-0.014893
-0.015472
-0.014038
-0.014160
-0.014862
-0.015869
-0.015656
-0.016785
-0.015808
-0.014679
-0.014618
-0.012421
-0.011169
-0.010162
-0.009552
-0.008972
-0.007660
-0.007416
-0.008270
-0.009430
-0.009766
-0.008331
-0.006500
-0.005219
-0.004517
-0.004272
-0.004364
-0.004730
-0.003845
-0.003113
-0.001526
-0.000885
-0.001801
-0.001587
-0.000580
0.000946
0.001007
0.000000
-0.001221
-0.002350
-0.001892
-0.000397
0.001099
0.001221
0.000244
-0.001190
-0.002350
-0.001526
-0.000031
0.001343
0.005035
-0.007690
0.011017
-0.016998
0.105103
0.260651
0.119629
-0.546906
-0.506317
0.424744
0.394165
0.383545
0.291107
-0.046021
0.035034
0.106628
0.124207
-0.066559
-0.081635
-0.095703
-0.093933
-0.093750
-0.110199
-0.039124
-0.071320
-0.051758
-0.061615
0.004700
-0.024506
0.002960
0.004364
-0.033325
-0.018433
-0.006256
-0.004700
-0.027435
-0.026581
-0.040222
-0.018585
-0.006195
-0.000977
-0.026917
-0.007233
-0.007233
0.002228
0.005951
-0.021851
-0.031433
-0.034241
-0.017670
-0.010223
-0.011627
-0.010834
-0.016327
-0.017365
-0.026703
-0.032867
-0.031036
-0.023468
-0.016815
-0.018372
-0.009644
-0.015198
-0.005035
-0.004181
-0.005341
-0.013367
-0.020447
-0.018036
-0.005157
0.002502
-0.002319
-0.006042
-0.008575
-0.007446
-0.007385
-0.002014
0.000244
-0.001404
-0.006409
-0.008148
-0.008850
-0.003998
-0.000671
0.001038
-0.000275
-0.002136
-0.003784
-0.002075
-0.001648
-0.001190
-0.003784
-0.005188
-0.006042
-0.003479
0.002167
0.003448
0.003754
0.000519
-0.002197
-0.004730
-0.001770
0.001648
0.003448
0.001740
-0.001404
-0.004608
-0.003113
-0.001862
0.000092
0.000763
-0.000366
-0.001160
-0.000031
0.002869
0.004456
0.004547
0.002228
0.001953
0.001282
0.001282
0.002991
0.004669
0.005951
0.004730
0.002991
0.002747
0.003418