-0.000031
-0.000031
0.000000
0.000031
0.000000
0.000000
-0.000031
0.000092
-0.000092
0.000214
-0.000397
0.000641
-0.001099
0.001282
-0.001648
0.002106
-0.001465
0.028107
0.050140
0.049377
-0.032471
-0.198395
-0.079071
0.065247
0.156647
0.205170
0.085846
0.043396
0.038971
0.023804
0.020691
0.032440
0.003815
-0.012115
-0.003662
-0.029449
-0.011047
-0.010529
-0.022583
-0.006989
-0.008270
-0.007294
0.002716
0.002533
-0.003357
0.010986
0.004395
-0.003174
-0.005646
-0.022217
-0.038208
-0.030640
-0.009308
-0.008728
-0.008026
-0.011139
-0.015747
-0.005920
-0.003082
-0.004211
-0.003723
-0.018707
-0.026581
-0.010620
-0.001709
-0.010254
-0.013367
-0.009369
-0.012756
-0.020782
-0.019440
-0.014618
-0.015839
-0.018005
-0.018860
-0.016968
-0.015747
-0.013214
-0.011627
-0.013214
-0.016418
-0.017792
-0.019318
-0.020996
-0.018555
-0.017151
-0.015320
-0.013824
-0.013031
-0.012207
-0.012146
-0.009583
-0.007202
-0.006714
-0.007141
-0.007751
-0.006989
-0.005035
-0.002960
-0.003326
-0.004211
-0.005432
-0.005951
-0.004761
-0.003204
-0.001282
-0.000336
-0.000824
-0.001953
-0.001678
-0.000610
0.001068
0.001038
-0.000702
-0.002777
-0.002930
-0.000793
0.000366
0.000519
-0.000671
-0.002075
-0.002411
-0.001343
0.000153
0.001465
0.001465
0.000458
-0.000183
-0.004211
0.006989
-0.011017
0.015900
-0.018005
0.177856
0.222046
0.099121
-0.619965
-0.621124
0.636566
0.490387
0.448334
0.234863
-0.130707
0.057312
0.064728
0.074158
-0.107544
-0.092499
-0.192322
-0.069672
-0.066162
-0.124786
0.000183
-0.044952
-0.023712
-0.050262
0.018036
-0.000366
0.010559
-0.019135
-0.050049
-0.027435
-0.030731
-0.021393
-0.015137
-0.004303
-0.035370
-0.020508
-0.019775
0.005219
-0.005127
-0.022369
-0.004395
0.004303
0.016083
0.005127
-0.033051
-0.044281
-0.021118
-0.014709
0.003113
0.008331
-0.022827
-0.020752
-0.004303
-0.005890
-0.025909
-0.041473
-0.032074
-0.019653
-0.025726
-0.027863
-0.014587
-0.005768
-0.004883
-0.019989
-0.022461
-0.010651
0.002045
0.000214
-0.002319
-0.004791
-0.009125
-0.011200
-0.012573
-0.004456
0.000580
-0.000580
-0.005951
-0.009491
-0.008759
-0.004852
0.000214
0.000641
-0.001770
-0.004303
-0.006683
-0.002258
0.000793
0.002106
-0.001129
-0.002258
-0.003296
-0.001129
0.003174
0.002991
0.002136
-0.000854
-0.005524
-0.007385
-0.004150
-0.000122
0.003113
0.000641
-0.002350
-0.005219
-0.002960
0.001129
0.001831
0.000732
-0.000885
-0.000427
0.001617
0.003418
0.005066
0.005096
0.002960
0.001678
0.002533
0.003052
0.003601
0.003937
0.004242
0.003571
0.002350
0.003082