0.000031
-0.000061
-0.000031
0.000031
0.000092
0.000000
0.000000
-0.000244
0.000153
-0.000397
0.000366
-0.000580
0.000885
-0.000580
0.035828
0.113831
0.052185
-0.187042
-0.242401
0.013245
0.208496
0.226257
0.157776
0.044037
0.029877
0.073456
0.042755
0.013947
0.029968
0.005707
-0.023285
-0.030273
-0.029388
-0.021118
-0.031189
-0.036316
-0.029999
-0.016449
-0.021912
-0.009918
-0.014252
-0.033112
-0.002319
0.017120
0.000763
-0.014587
-0.022797
-0.015778
-0.008148
-0.009399
-0.014038
-0.025940
-0.028442
-0.014374
0.000244
-0.006592
-0.012115
-0.006805
-0.006378
-0.009216
-0.013000
-0.018372
-0.015442
-0.011658
-0.011627
-0.011658
-0.010620
-0.011841
-0.013580
-0.011322
-0.012268
-0.015594
-0.020996
-0.019989
-0.014954
-0.008057
-0.008789
-0.017212
-0.017517
-0.012817
-0.008606
-0.007446
-0.007568
-0.008728
-0.012573
-0.012543
-0.009460
-0.008484
-0.008728
-0.008057
-0.008423
-0.009674
-0.009552
-0.008575
-0.005249
-0.004700
-0.005432
-0.005432
-0.006256
-0.006805
-0.005707
-0.003510
-0.001770
-0.002045
-0.003021
-0.003418
-0.002441
-0.000580
0.000183
-0.000793
-0.002686
-0.002533
-0.000946
0.001556
0.003143
0.001984
-0.000427
-0.001648
-0.001251
0.000305
0.001648
0.001312
0.000122
-0.000275
0.000366
0.001343
0.002869
0.003052
-0.000153
0.000061
-0.000458
0.000305
-0.000610
0.000671
-0.001099
0.001465
-0.000427
0.076416
0.197693
0.000153
-0.365417
-0.289612
0.145508
0.400146
0.328827
0.108826
-0.008972
0.049408
0.121918
0.050201
-0.045380
-0.000305
-0.020844
-0.066437
-0.057526
-0.036621
-0.033569
-0.042328
-0.039154
-0.044250
-0.024963
-0.027924
-0.003021
0.002869
-0.014313
-0.034821
-0.028351
-0.032928
-0.021515
0.008759
-0.002838
-0.001892
-0.002777
-0.012878
-0.015503
-0.023651
-0.038635
-0.021301
-0.013031
-0.011658
-0.002136
-0.017120
-0.030518
-0.019531
-0.005341
-0.004028
-0.012573
-0.019012
-0.011444
-0.002960
-0.006226
-0.012329
-0.021027
-0.022736
-0.019989
-0.017853
-0.014526
-0.010895
-0.007294
-0.010376
-0.013763
-0.014008
-0.010803
-0.006958
-0.000793
-0.001007
-0.004578
-0.008484
-0.009033
-0.006409
-0.005371
-0.005493
-0.007111
-0.009827
-0.011047
-0.008606
-0.005829
-0.002655
-0.002838
-0.004425
-0.005981
-0.006042
-0.004486
-0.002289
-0.002289
-0.004211
-0.005432
-0.004761
-0.002533
0.000549
0.002319
0.000916
-0.002228
-0.003937
-0.003204
-0.000183
0.002258
0.000763
-0.000793
-0.002258
-0.003357
-0.001160
0.001740
0.001648
0.000305
-0.000977
-0.000854
0.000824
0.002258
0.003052
0.002777
0.002380
0.001709
0.000824
0.002960
0.005035