0.000000
0.000000
-0.000061
0.000000
-0.000031
0.000000
0.000000
-0.000031
-0.000061
0.000122
-0.000153
0.000122
-0.000244
0.000153
-0.000183
-0.000031
0.000488
0.000061
-0.000610
0.003784
0.034180
0.046021
0.037537
-0.106293
-0.163422
0.007355
0.095276
0.137634
0.120422
0.059814
0.040344
0.036987
0.034668
0.035767
0.045044
0.019073
0.006134
0.000610
-0.007324
0.005402
-0.004120
-0.019836
-0.018097
-0.011261
-0.012787
-0.013641
-0.007446
-0.008972
-0.014618
0.006531
0.004578
-0.014465
-0.019073
-0.019836
-0.021423
-0.020172
-0.005707
-0.010315
-0.023987
-0.020508
-0.006378
-0.004608
-0.007538
-0.010468
-0.014832
-0.013275
-0.014008
-0.014893
-0.009155
-0.007050
-0.016174
-0.022675
-0.021881
-0.016327
-0.012512
-0.013000
-0.012634
-0.012604
-0.016235
-0.017303
-0.012329
-0.012238
-0.014709
-0.017395
-0.018829
-0.016876
-0.015137
-0.013763
-0.014679
-0.014648
-0.013184
-0.011017
-0.009216
-0.007629
-0.006866
-0.007355
-0.007233
-0.007996
-0.009521
-0.009277
-0.006866
-0.004669
-0.004547
-0.004974
-0.004791
-0.004303
-0.003632
-0.002869
-0.001312
-0.000977
-0.001709
-0.001495
-0.000641
0.001099
0.001099
0.000122
-0.001526
-0.002899
-0.002075
-0.000610
0.001251
0.000702
-0.000702
-0.001770
-0.002167
-0.001099
-0.000153
0.001556
0.005463
-0.008636
0.012482
-0.018646
0.129089
0.262848
0.100739
-0.602295
-0.510681
0.520813
0.411316
0.381927
0.265717
-0.058502
0.037964
0.099854
0.135223
-0.084076
-0.083923
-0.123444
-0.100128
-0.096649
-0.108337
-0.025665
-0.073669
-0.048279
-0.063599
0.006470
-0.023468
0.014343
0.005188
-0.033051
-0.015228
-0.010132
-0.015137
-0.025635
-0.024597
-0.046234
-0.021759
-0.006470
0.004456
-0.031830
-0.006287
0.000336
0.000397
0.008240
-0.014740
-0.032562
-0.037689
-0.016052
-0.008759
-0.009827
-0.012115
-0.018524
-0.016876
-0.026062
-0.034363
-0.030823
-0.021179
-0.019135
-0.016663
-0.011963
-0.016937
-0.004913
-0.005066
-0.006775
-0.016052
-0.020203
-0.017822
-0.002808
0.001801
-0.003632
-0.005585
-0.007965
-0.008636
-0.007568
-0.000702
0.000610
-0.001526
-0.007721
-0.008667
-0.007965
-0.003418
-0.000183
0.001648
-0.000916
-0.003052
-0.003845
-0.001678
-0.001190
-0.001190
-0.003479
-0.005310
-0.006226
-0.002777
0.002441
0.004181
0.004486
0.000549
-0.003448
-0.005310
-0.001465
0.001801
0.003418
0.001129
-0.002441
-0.005280
-0.002716
-0.001709
-0.000061
0.001221
-0.000488
-0.001160
0.000183
0.002838
0.005157
0.004852
0.002014
0.001862
0.001312
0.001343
0.003082
0.004883
0.005859
0.004181
0.002563
0.002075
0.002899