0.000000
0.000000
0.000000
0.000000
0.000000
0.000000
0.000031
0.000000
0.000061
0.000031
0.000061
0.000061
0.000000
0.000000
0.000000
0.000000
0.000000
0.000122
0.000000
0.000000
0.000214
0.000000
0.000366
0.000000
-0.000153
0.000305
0.000336
0.003052
0.012115
0.005463
-0.000336
0.020294
-0.008484
-0.029999
-0.007599
0.001038
0.036407
0.052490
0.050110
0.058502
0.071198
0.073730
0.038177
0.016266
0.021423
0.019287
0.001648
-0.003265
0.002289
-0.005432
-0.016022
-0.021057
-0.014618
-0.003265
0.006195
0.010864
0.004639
-0.003021
-0.009125
-0.011505
-0.013489
-0.015961
-0.016998
-0.017303
-0.017822
-0.020691
-0.019104
-0.018829
-0.018402
-0.016937
-0.016693
-0.015839
-0.015869
-0.015228
-0.015381
-0.014191
-0.011902
-0.010742
-0.011169
-0.013489
-0.014038
-0.013367
-0.012299
-0.010284
-0.009338
-0.009338
-0.010406
-0.010376
-0.009033
-0.007446
-0.006317
-0.005890
-0.004883
-0.003815
-0.002991
-0.004395
-0.006561
-0.007324
-0.007263
-0.006622
-0.005981
-0.005341
-0.004333
-0.003967
-0.004059
-0.005188
-0.006134
-0.007294
-0.008423
-0.009094
-0.009705
-0.010895
-0.010895
-0.008301
-0.006104
-0.005737
-0.006012
-0.006500
-0.006256
-0.005768
-0.005493
-0.005096
-0.003723
-0.003021
-0.003296
-0.003448
-0.003174
-0.002350
-0.006104
0.007904
-0.010864
0.012909
-0.016144
0.019836
-0.023346
0.310577
0.271851
-0.817535
-0.150909
0.233032
-0.043335
0.305756
0.083527
0.367615
0.727997
0.123962
-0.475739
-0.108948
0.034149
0.159821
0.245026
-0.130524
-0.177307
-0.086517
-0.078156
-0.103516
0.013763
-0.045044
-0.077637
-0.058289
-0.101013
-0.017670
0.004761
-0.044373
-0.071411
-0.003784
-0.063843
-0.057678
-0.039032
-0.051575
-0.024200
-0.014038
-0.013641
-0.026031
-0.027802
-0.029999
-0.008331
0.000610
0.011017
0.004242
-0.013489
-0.008301
-0.015839
-0.012177
-0.005035
-0.010162
-0.016083
-0.019562
-0.027557
-0.024963
-0.000946
0.000641
-0.001343
-0.004913
-0.013489
-0.010101
0.003387
0.000977
-0.004364
-0.005951
-0.014984
-0.012238
-0.007538
-0.007751
-0.007721
-0.006653
-0.008331
-0.007568
-0.001465
0.002350
0.005280
0.005310
0.000122
-0.000854
-0.001862
-0.001160
0.010986
0.000366
-0.022736
-0.013947
-0.017334
-0.002045
0.008392
-0.001984
0.012756
0.008392
0.008575
0.000946
-0.018524
-0.015472
-0.000916
0.007690
0.006409
-0.013550
-0.023407
-0.008453
-0.003113
-0.001251
0.008850
0.019135
0.017822
0.014008
0.012787
0.012848
0.008820
-0.003265
-0.004517
-0.001434
0.001831
0.007355
0.008362
0.004181
0.003113
0.006683
0.002991
0.003204