0.000000
0.000000
0.000031
0.000000
0.000031
0.000031
0.000000
0.000061
0.000000
0.000000
0.000061
0.000000
0.000061
0.000061
0.000092
0.000092
0.000000
0.000061
-0.000061
0.000305
-0.000214
0.000488
-0.000214
0.000366
0.003418
0.036621
0.033356
-0.044800
-0.034637
-0.009033
-0.017822
0.029541
0.054535
0.061707
0.066040
0.068542
0.079834
0.056549
0.021759
0.005005
-0.008392
0.004578
0.028778
0.004486
-0.021057
-0.013062
-0.005554
-0.010376
-0.013885
-0.006897
-0.000519
-0.006927
-0.005310
-0.003662
-0.013214
-0.014252
-0.011169
-0.006317
-0.006531
-0.013855
-0.020111
-0.017548
-0.015259
-0.014099
-0.011475
-0.011993
-0.011810
-0.012909
-0.015625
-0.014008
-0.013824
-0.011230
-0.010773
-0.010406
-0.010773
-0.011993
-0.010254
-0.012695
-0.011841
-0.012604
-0.012207
-0.011597
-0.012512
-0.009735
-0.009308
-0.008270
-0.006866
-0.007690
-0.006470
-0.006897
-0.005493
-0.004425
-0.003448
-0.003326
-0.005005
-0.005829
-0.008728
-0.009369
-0.009613
-0.007690
-0.005249
-0.005432
-0.004852
-0.005890
-0.005035
-0.004944
-0.006134
-0.005981
-0.007599
-0.008148
-0.008575
-0.006073
-0.004852
-0.006897
-0.008484
-0.008331
-0.004242
-0.002228
-0.003479
-0.004486
-0.005432
-0.005157
-0.004028
-0.002136
-0.000336
-0.000549
-0.000458
-0.000549
0.001068
-0.002014
0.003815
-0.005920
0.008270
-0.010834
0.013275
0.006226
0.359619
0.069519
-0.664337
-0.078857
-0.008148
0.127991
0.387543
0.044983
0.306976
0.696564
0.279114
-0.379639
-0.096283
-0.255127
-0.014191
0.337799
-0.096680
-0.104675
-0.065216
-0.115540
-0.060699
0.028900
-0.102356
-0.066284
-0.072083
-0.130157
0.016724
-0.012115
-0.038910
-0.031281
-0.033539
-0.068451
-0.049286
-0.039856
-0.050873
-0.006775
-0.010040
0.000580
-0.017334
-0.018616
-0.027649
-0.014221
-0.005219
-0.002502
0.001984
-0.019104
-0.011047
-0.014465
-0.006744
-0.008850
-0.011444
-0.011871
-0.010223
-0.018280
-0.020081
-0.000610
-0.005096
0.002258
0.000824
-0.010345
-0.005676
-0.002533
-0.004364
-0.006073
-0.006226
-0.014160
-0.009705
-0.007324
-0.010132
-0.003967
-0.004913
-0.005463
-0.005615
-0.001373
0.000458
0.003510
0.002380
-0.003204
-0.003265
-0.004791
-0.000946
0.007202
-0.011017
-0.022217
-0.011139
-0.013916
0.006500
0.012970
0.002838
0.012238
0.009216
0.004639
-0.000977
-0.016327
-0.022736
-0.011322
0.004150
0.008789
-0.006622
-0.014923
-0.008209
0.002655
0.003998
0.009247
0.022858
0.017181
0.014130
0.011932
0.008728
0.006897
-0.001617
-0.004669
-0.002014
-0.001129
0.001984
0.004944
0.005463
0.001801
0.003418
0.003387