0.000000
0.000000
0.000031
0.000000
0.000031
0.000061
0.000000
0.000000
0.000061
0.000000
0.000061
0.000031
0.000000
0.000092
0.000061
0.000031
0.000153
-0.000092
0.000214
-0.000336
0.000702
-0.000854
0.001068
-0.001129
0.001770
0.000244
0.041931
0.044952
-0.070099
-0.049561
-0.007843
0.003693
0.052002
0.037445
0.041199
0.083344
0.105469
0.039978
0.005341
0.012299
-0.003082
0.009399
0.002869
-0.003632
0.006165
-0.006927
-0.017334
-0.001709
0.000336
0.005951
0.011322
-0.001526
0.002594
0.000641
-0.007996
-0.000732
0.010162
0.006042
-0.004425
-0.004028
-0.008972
-0.015961
-0.017517
-0.015381
-0.010986
-0.013672
-0.017426
-0.018311
-0.015961
-0.012604
-0.012390
-0.015350
-0.015961
-0.011230
-0.012482
-0.017090
-0.018250
-0.015991
-0.013214
-0.014862
-0.016998
-0.015900
-0.013702
-0.012695
-0.010925
-0.007996
-0.005859
-0.003418
-0.004150
-0.006653
-0.005737
-0.004517
-0.004395
-0.003967
-0.003296
-0.002960
-0.002960
-0.004028
-0.005981
-0.008545
-0.010773
-0.009521
-0.008270
-0.010284
-0.010986
-0.010071
-0.007935
-0.006409
-0.006409
-0.006653
-0.005859
-0.005280
-0.007355
-0.009094
-0.009766
-0.008392
-0.006195
-0.005341
-0.005859
-0.006042
-0.003815
-0.002350
-0.002014
-0.002350
-0.002197
-0.001038
-0.001007
-0.001282
0.001282
-0.001068
-0.000031
0.000854
-0.003601
0.006226
-0.009979
0.011780
0.032501
0.418121
-0.250031
-0.615631
0.292389
-0.017639
-0.018494
0.286285
0.149994
0.548889
0.267517
-0.431244
0.000702
0.309906
0.125732
0.118073
-0.079437
-0.192352
-0.099670
-0.095184
-0.077271
-0.034546
-0.036774
-0.091980
-0.085815
-0.053375
-0.003845
-0.001282
-0.010010
-0.048035
-0.016785
0.001007
-0.083496
-0.056213
-0.033142
-0.027679
-0.009583
-0.013519
-0.028717
-0.019806
-0.033112
-0.016968
0.000519
-0.003601
-0.002441
-0.023743
-0.024567
-0.008759
-0.008331
-0.002075
-0.001709
-0.017914
-0.019226
-0.018921
-0.021301
-0.009430
-0.001160
-0.008728
-0.007080
-0.006073
-0.005066
-0.000854
0.001648
-0.006165
-0.007874
-0.011017
-0.012482
-0.004333
-0.003906
-0.004822
-0.005920
-0.006622
-0.008575
-0.003418
0.001831
0.002136
-0.001099
-0.004242
-0.006775
-0.003357
0.000000
0.012756
0.003296
-0.018646
-0.012360
-0.014832
-0.004150
-0.001312
-0.001068
0.009613
0.011475
0.005127
-0.016693
-0.013855
0.000885
0.000488
0.000519
-0.003326
-0.015533
-0.011536
-0.001709
-0.002380
-0.000061
0.005768
0.011169
0.010132
0.013550
0.014923
0.009796
0.008148
0.002747
-0.003296
0.000122
0.002869
0.002808
0.004303
-0.002136
-0.000397
0.004395
0.003632