0.000000
-0.000031
-0.000031
0.000000
0.000031
0.000000
-0.000183
0.000183
-0.000183
0.000305
-0.000427
0.000305
-0.000244
0.000000
0.000000
-0.000610
0.001343
-0.001770
0.003326
0.029449
0.173431
-0.043823
-0.271912
0.001038
0.051392
0.047638
0.103821
0.125061
0.274628
0.170471
-0.041290
-0.012848
-0.001984
0.000000
0.013824
-0.051941
-0.033691
-0.021118
-0.064972
-0.041168
-0.031555
-0.030243
-0.020233
-0.021057
-0.018707
-0.002197
-0.011749
-0.006927
-0.007141
-0.019135
-0.017609
-0.025146
-0.017761
-0.015991
-0.011627
-0.013977
-0.009186
-0.007050
-0.007935
-0.006714
0.000427
0.007782
0.004913
-0.002472
-0.012268
-0.012085
-0.007843
-0.008850
-0.009003
-0.008759
-0.010040
-0.009186
-0.010315
-0.009521
-0.009705
-0.010864
-0.011139
-0.011169
-0.011017
-0.008026
-0.005890
-0.006073
-0.009033
-0.010254
-0.011353
-0.011566
-0.010773
-0.009247
-0.006775
-0.007233
-0.008575
-0.009247
-0.008148
-0.008667
-0.008057
-0.007996
-0.007812
-0.006134
-0.005402
-0.005554
-0.004486
-0.003418
-0.002960
-0.003326
-0.003540
-0.003387
-0.001587
0.000092
-0.000305
-0.000092
0.000641
0.000977
-0.001007
-0.004395
-0.006836
-0.007080
-0.005676
-0.003967
-0.003204
-0.001068
0.000763
0.000854
-0.000366
-0.001617
-0.002533
-0.003937
-0.004425
-0.003937
0.000305
-0.000549
0.000977
-0.001556
0.002075
-0.002960
0.003326
-0.004395
0.004913
-0.006012
0.006897
-0.007690
0.115845
0.190552
-0.262085
-0.130249
0.028290
-0.068970
0.104431
0.152313
0.307739
0.250549
0.074799
0.138306
0.083923
-0.068634
0.024963
-0.019409
-0.104767
0.006104
-0.087891
-0.088837
-0.058044
-0.111023
-0.055634
-0.035339
-0.045319
-0.026031
-0.011078
-0.029907
0.004883
-0.018341
-0.028687
-0.031677
-0.034332
-0.027130
-0.029449
-0.021393
-0.020233
-0.010803
-0.017548
-0.013275
-0.005096
-0.001892
-0.007629
-0.001312
-0.002228
-0.011627
-0.012299
-0.012543
-0.010376
-0.009766
-0.013855
-0.011108
-0.011566
-0.008545
-0.005676
-0.004944
-0.004852
-0.006592
-0.005157
-0.003052
-0.001892
-0.000580
0.001282
-0.004608
-0.007599
-0.009521
-0.007538
-0.007812
-0.008118
-0.008453
-0.009247
-0.011200
-0.009399
-0.008759
-0.009277
-0.006989
-0.008209
-0.007660
-0.007629
-0.007629
-0.007355
-0.006836
-0.005707
-0.004608
-0.003235
-0.001099
-0.000641
0.000610
0.001312
0.001099
0.000000
0.001648
0.003632
0.003204
0.002716
0.002350
0.002960
0.003815
0.003418
0.001526
-0.000519
-0.002075
-0.001129
0.000092
0.000092
-0.001556
-0.002045
-0.000763
-0.000854
-0.002502
-0.002991
-0.002594
-0.003510
0.000000
-0.004456
-0.011963