0.000031
-0.000061
0.000000
0.000214
-0.000244
0.000580
-0.000763
0.000946
-0.001434
0.001526
-0.001648
0.001160
-0.001038
0.001251
0.000092
0.090942
0.157166
-0.226349
-0.094025
0.058990
-0.183594
0.190430
0.216217
0.072693
0.145966
0.276489
0.160645
-0.123291
0.033997
-0.015778
-0.163910
0.000305
0.053650
-0.085876
-0.050293
-0.018036
-0.016815
0.009308
-0.030945
0.012970
0.016083
-0.038757
-0.026306
-0.017090
-0.046997
-0.043030
-0.046844
-0.054901
-0.033569
-0.040741
-0.037811
-0.012695
-0.013855
-0.007233
-0.009277
-0.013977
-0.008331
-0.004059
-0.009064
-0.010742
-0.007599
-0.003815
-0.009399
-0.012177
-0.005280
-0.009277
-0.009979
-0.008392
-0.008881
-0.011322
-0.008972
-0.011627
-0.009857
-0.006104
-0.005798
-0.007355
-0.004303
-0.004303
-0.006012
-0.003265
-0.005890
-0.009430
-0.008881
-0.007294
-0.007904
-0.008148
-0.007294
-0.007416
-0.008514
-0.006531
-0.005066
-0.003937
-0.004456
-0.002106
-0.001740
-0.002106
-0.003937
-0.004761
-0.006256
-0.005493
-0.001282
-0.002808
-0.001282
0.001160
0.001160
0.001129
0.003143
0.003296
0.000031
-0.002655
-0.005035
-0.006958
-0.003357
-0.001129
0.000092
0.000519
-0.000793
0.000000
0.002075
0.003754
0.001007
-0.002625
-0.005066
-0.006195
-0.005249
-0.004944
-0.004639
-0.004303
-0.000427
0.000549
-0.000366
0.000031
0.000153
-0.001282
0.002563
-0.004669
0.006226
-0.008057
0.008606
0.033966
0.301025
-0.119019
-0.425507
0.202789
-0.196686
0.074707
0.487671
0.031128
0.093414
0.389404
0.369324
-0.306946
-0.090027
0.141541
-0.290833
-0.051880
0.148102
-0.135529
-0.135010
-0.012024
-0.050903
0.050110
-0.027985
-0.008301
0.082550
-0.026520
-0.018646
-0.004852
-0.098633
-0.091827
-0.071991
-0.102570
-0.059570
-0.050415
-0.034821
0.004761
-0.026703
0.005676
0.018097
-0.018005
0.005524
0.000458
-0.013428
-0.006897
-0.004547
-0.005646
-0.006531
-0.015228
-0.007782
-0.008667
-0.016479
-0.007263
-0.008209
-0.012573
-0.009949
-0.012390
-0.008392
-0.006226
-0.004333
-0.000641
-0.000488
-0.001678
-0.005524
-0.004028
-0.008148
-0.010651
-0.010529
-0.009552
-0.009186
-0.005615
-0.005402
-0.006989
-0.005035
-0.004211
-0.005341
-0.006226
-0.006256
-0.002808
-0.002014
-0.006409
-0.005768
-0.002747
-0.005157
-0.007141
-0.000671
-0.002930
-0.002930
0.002258
0.002502
0.000610
0.003571
0.005341
0.001404
0.001312
0.003479
0.002075
-0.000031
-0.001801
-0.004578
-0.003326
-0.000885
0.001129
0.003113
0.003326
0.001068
0.000397
0.001556
0.002258
-0.000732
-0.001495
-0.001221
-0.001831
-0.002411
-0.002533
-0.006653
-0.013763