0.000000
0.000000
0.000031
0.000000
0.000031
0.000031
0.000031
0.000000
0.000031
0.000000
0.000031
0.000061
0.000000
0.000061
0.000061
0.000061
0.000031
0.000061
0.000122
-0.000031
0.000061
0.000214
0.000092
-0.000122
0.000244
0.000885
0.008453
0.035767
0.010651
-0.045074
-0.004364
0.009125
0.000549
0.049713
0.028198
0.022278
0.053467
0.075409
0.090332
0.056091
0.029480
0.018616
0.015076
0.023102
0.008759
-0.020935
-0.022003
-0.009277
-0.009796
-0.016785
-0.013367
0.001953
0.007538
0.002411
0.002808
-0.006592
-0.016327
-0.017426
-0.018127
-0.015656
-0.020142
-0.025604
-0.022278
-0.019806
-0.020966
-0.019073
-0.018494
-0.019531
-0.016510
-0.015350
-0.013977
-0.011688
-0.012451
-0.010651
-0.011383
-0.011932
-0.012512
-0.013885
-0.012573
-0.012024
-0.011078
-0.010803
-0.010834
-0.010834
-0.011322
-0.010223
-0.009186
-0.008453
-0.008392
-0.008270
-0.007629
-0.007629
-0.006683
-0.006958
-0.006836
-0.007568
-0.009308
-0.009460
-0.008087
-0.005890
-0.005493
-0.005615
-0.005341
-0.004395
-0.003510
-0.003326
-0.003235
-0.003479
-0.003357
-0.003052
-0.002899
-0.002136
-0.002441
-0.003601
-0.003998
-0.002899
-0.001404
-0.001862
-0.002838
-0.002563
-0.002228
-0.002045
-0.002838
-0.002808
-0.002777
-0.003693
-0.004547
-0.005646
-0.005554
0.005066
-0.005371
0.005890
-0.011078
0.182617
0.469696
-0.602234
-0.539612
0.298035
0.013794
0.328552
0.123352
0.284485
0.876495
0.086578
-0.482147
-0.056335
-0.012726
0.055603
0.192780
-0.167175
-0.153839
-0.096130
-0.076385
0.023987
0.000763
-0.076202
-0.039886
-0.066803
-0.117096
0.018341
-0.050537
-0.051025
-0.034180
-0.060303
-0.070984
-0.064514
-0.053467
-0.043335
-0.012695
-0.030701
0.000061
-0.011841
-0.029602
-0.024689
-0.006653
-0.003601
-0.006561
-0.004486
-0.018921
-0.011475
-0.016815
-0.010437
-0.009033
-0.014587
-0.013336
-0.018280
-0.017944
-0.015137
-0.002869
-0.002747
-0.000916
-0.008240
-0.009430
0.000458
0.005219
0.008179
-0.002350
-0.005737
-0.011719
-0.012146
-0.008484
-0.006256
-0.002441
-0.005676
-0.011688
-0.006714
-0.000244
-0.001770
-0.001282
-0.004364
-0.007202
-0.004730
-0.006958
-0.008728
-0.005463
-0.003418
-0.004028
-0.004395
-0.003479
-0.000336
0.004669
0.003510
0.000061
-0.001953
-0.001648
0.000580
0.003571
0.004852
0.005157
0.003876
0.002838
0.003174
0.005005
0.008362
0.007690
0.004303
0.000366
-0.003387
-0.003723
0.001373
0.005859
0.005951
0.002533
0.001251
0.002350
0.004395
0.004181
0.000977
0.000275
-0.000763
-0.012207
-0.014801
-0.006134
0.002563
0.010681
0.006744