-0.000031
-0.000061
0.000031
0.000000
-0.000183
0.000092
-0.000092
0.000092
-0.000122
-0.000122
0.000092
-0.000549
0.000610
-0.001373
0.001740
-0.002167
0.003235
0.015198
0.157104
0.053833
-0.260101
-0.117584
0.055389
0.047607
0.100037
0.151581
0.280548
0.238251
-0.005219
-0.021240
-0.007080
-0.010956
0.021454
-0.051697
-0.051239
-0.024109
-0.071625
-0.057129
-0.032745
-0.031372
-0.024689
-0.035400
-0.025299
0.000702
-0.010529
-0.016968
-0.012238
-0.018890
-0.023346
-0.029938
-0.028900
-0.022217
-0.011505
-0.011932
-0.010437
-0.010681
-0.009277
-0.009155
-0.007019
-0.003510
0.002289
0.006622
-0.001312
-0.003662
-0.004608
-0.005981
-0.004913
-0.006622
-0.009796
-0.010132
-0.010681
-0.011017
-0.010712
-0.011108
-0.011536
-0.009369
-0.009216
-0.006744
-0.006287
-0.005310
-0.006256
-0.007935
-0.008606
-0.009949
-0.009430
-0.009583
-0.008118
-0.009644
-0.011902
-0.011993
-0.009857
-0.008911
-0.008179
-0.007294
-0.007416
-0.006775
-0.005280
-0.005096
-0.004639
-0.003235
-0.002411
-0.002960
-0.002930
-0.002045
-0.001617
-0.000671
-0.000946
-0.000641
-0.000397
0.001099
0.002563
0.000702
-0.002655
-0.005493
-0.006195
-0.005737
-0.003998
-0.001892
-0.001007
0.000275
0.000763
0.000122
-0.001648
-0.003662
-0.004425
-0.004669
-0.004547
-0.005066
-0.000092
0.000031
0.000031
-0.000061
0.000244
-0.000580
0.000854
-0.001648
0.002106
-0.003387
0.004395
-0.006287
0.008392
-0.004333
0.147217
0.108551
-0.219269
-0.117645
-0.027283
-0.003174
0.094391
0.183350
0.289062
0.261810
0.102173
0.048035
0.000336
-0.030701
0.040009
-0.057556
-0.068176
-0.023712
-0.095581
-0.070190
-0.064392
-0.069824
-0.032654
-0.028809
-0.038635
-0.010925
-0.015533
-0.023956
-0.008453
-0.020844
-0.022278
-0.043121
-0.037720
-0.027100
-0.021393
-0.019623
-0.012909
-0.009644
-0.010193
-0.007080
-0.007141
-0.005981
-0.004028
0.000031
-0.004578
-0.008972
-0.008392
-0.004883
-0.006439
-0.008514
-0.007965
-0.005463
-0.006561
-0.007874
-0.013367
-0.013306
-0.010406
-0.008301
-0.005798
-0.003235
-0.001312
0.001556
-0.000153
-0.004974
-0.007202
-0.009583
-0.010681
-0.012268
-0.010620
-0.008423
-0.009247
-0.011108
-0.009583
-0.009155
-0.007446
-0.007812
-0.008759
-0.008881
-0.007507
-0.006317
-0.006012
-0.004730
-0.004181
-0.003052
-0.002441
-0.001434
-0.000214
0.000824
0.001526
0.000854
0.000122
0.000580
0.001617
0.003052
0.003326
0.003204
0.001373
-0.000305
-0.001373
-0.002350
-0.002197
-0.001068
-0.000916
-0.001862
-0.000854
-0.000610
-0.001587
-0.002563
-0.003265
-0.003632
-0.003876
-0.005737
-0.001648
-0.000610