0.000061
0.000061
0.000061
0.000061
0.000122
0.000061
0.000122
0.000092
0.000061
0.000092
0.000122
0.000092
0.000122
0.000092
0.000183
0.000153
0.000183
0.000031
0.000183
0.000092
0.000366
-0.000214
0.000824
-0.000519
0.000916
-0.000336
0.024261
0.051056
-0.037964
-0.059296
0.005188
0.018005
0.031525
0.023315
0.028778
0.078613
0.098083
0.043579
0.012634
0.011139
0.010986
0.021790
0.004211
-0.004608
0.004395
-0.001068
-0.002411
0.012024
0.000336
-0.007324
0.013092
0.014832
0.016693
0.016937
0.004211
-0.011536
-0.017273
-0.017059
-0.017883
-0.015808
-0.018982
-0.017151
-0.018433
-0.022766
-0.018402
-0.016785
-0.017365
-0.014832
-0.013489
-0.015076
-0.014709
-0.014435
-0.014465
-0.013428
-0.015076
-0.013062
-0.013947
-0.015381
-0.015350
-0.013916
-0.012360
-0.013855
-0.012482
-0.011627
-0.008972
-0.007690
-0.006897
-0.005463
-0.006226
-0.007324
-0.010559
-0.011261
-0.010651
-0.010254
-0.009399
-0.009338
-0.008057
-0.006866
-0.005219
-0.004364
-0.003906
-0.003632
-0.004242
-0.004364
-0.003662
-0.002777
-0.003387
-0.004730
-0.005219
-0.004730
-0.004486
-0.004150
-0.003479
-0.002777
-0.003235
-0.004303
-0.004639
-0.004700
-0.004089
-0.004150
-0.004028
-0.002411
-0.001862
-0.001282
-0.002014
-0.003571
-0.004639
-0.004425
0.007874
-0.009857
0.011108
-0.012360
0.014526
-0.021851
0.205658
0.394287
-0.728973
-0.306274
0.427399
-0.067047
0.133911
0.231293
0.518372
0.430084
-0.427368
-0.242035
0.390137
0.224487
0.109833
-0.068695
-0.228760
-0.028015
-0.068512
-0.048981
-0.034424
-0.129059
-0.090698
-0.073730
-0.094574
-0.033325
0.012207
-0.059265
-0.023590
-0.018921
-0.029388
-0.057281
-0.046295
-0.020935
-0.022217
-0.019104
-0.021790
-0.014404
-0.035187
-0.043121
-0.020752
0.006409
-0.012634
-0.017914
-0.018524
-0.021423
-0.014984
-0.011047
-0.002289
-0.005524
-0.016052
-0.012146
-0.011688
-0.012970
-0.009796
-0.006531
-0.009583
-0.013794
-0.013306
-0.000702
0.005859
0.001556
0.000275
-0.007782
-0.005341
-0.008698
-0.005371
-0.002167
-0.003143
-0.002625
-0.006287
-0.009369
-0.003326
0.000366
-0.003082
-0.004578
-0.008118
-0.010559
-0.009216
-0.008698
-0.005951
-0.000519
-0.001801
-0.004730
-0.005219
-0.000946
0.002197
0.002991
0.001099
-0.003754
-0.005463
-0.001801
0.003204
0.005280
0.003113
0.000519
-0.001129
0.000488
0.004333
0.007904
0.010010
0.008301
0.005615
0.000732
-0.003113
-0.004059
-0.001312
0.002106
0.002686
0.001953
0.003143
0.005280
0.007538
0.006805
0.001434
-0.001007
-0.007629
-0.014221
-0.005188
-0.000305
0.000732
0.002075