0.000031
0.000061
-0.000061
-0.000061
0.000122
-0.000336
0.000610
-0.000641
0.000793
-0.000885
0.000763
-0.000671
0.000122
0.000824
-0.001343
0.001709
0.043518
0.186615
-0.015381
-0.034363
-0.022125
-0.153259
0.147583
0.097198
0.144592
0.322601
0.061707
-0.065277
0.098022
0.028381
-0.144104
-0.124115
-0.060211
-0.025116
-0.074097
-0.042358
0.009186
-0.024628
0.000122
-0.007507
-0.011078
-0.000519
-0.026947
-0.033508
-0.007019
-0.017029
-0.006378
0.019287
0.009430
0.011505
-0.008392
-0.017090
-0.020203
-0.018768
-0.017242
-0.003052
0.011810
-0.006714
-0.016937
-0.010559
-0.015411
-0.017792
-0.029541
-0.033447
-0.024689
-0.024231
-0.024261
-0.023407
-0.021973
-0.020874
-0.019867
-0.025452
-0.018250
-0.011627
-0.009949
-0.010712
-0.013123
-0.010376
-0.010162
-0.009460
-0.006592
-0.006531
-0.007507
-0.007507
-0.008545
-0.007416
-0.005280
-0.004059
-0.004150
-0.006104
-0.007111
-0.005310
-0.004883
-0.003815
-0.002563
-0.003418
-0.004852
-0.004730
-0.004974
-0.002014
-0.000183
-0.000458
-0.001740
-0.004333
-0.004578
-0.003143
-0.000397
0.000031
0.000244
-0.000061
-0.000427
0.000732
0.001099
0.000000
-0.001923
-0.003632
-0.003204
-0.001984
-0.000885
0.001099
0.001678
0.000885
0.001465
0.002625
0.003754
0.005463
0.004211
0.002045
-0.000061
0.000183
-0.000458
0.001251
-0.001801
0.002655
-0.003693
0.004395
-0.005524
0.006470
-0.007080
0.008026
-0.007568
0.147949
0.256775
-0.153931
-0.000610
-0.184479
-0.062592
0.310852
0.025146
0.394043
0.366028
-0.159698
-0.060760
0.169281
-0.124847
-0.216461
-0.106537
-0.070526
-0.025757
-0.097382
-0.019226
-0.001617
-0.037689
0.008270
-0.030670
-0.007965
0.009644
-0.025757
-0.039459
-0.017212
-0.036072
0.017731
0.041412
0.012268
0.012817
-0.017609
-0.038757
-0.026184
-0.024475
-0.035706
-0.010376
-0.005157
-0.000214
-0.001099
-0.012177
-0.014709
-0.021606
-0.039490
-0.046783
-0.045990
-0.030701
-0.009888
-0.005371
-0.009247
-0.016052
-0.017670
-0.014557
-0.007751
-0.007233
-0.005310
-0.012329
-0.011963
-0.010132
-0.007172
-0.002838
-0.001404
-0.003662
-0.005066
-0.007233
-0.010986
-0.008148
-0.006409
-0.006287
-0.006622
-0.007996
-0.006866
-0.004944
-0.005646
-0.002716
-0.003082
-0.004852
-0.005676
-0.005005
-0.005280
-0.001923
-0.000610
-0.001801
-0.002655
-0.003693
-0.002686
-0.000122
0.001160
0.000458
0.000336
-0.001465
-0.000122
0.002228
0.002167
0.001099
-0.001007
-0.003479
-0.001770
0.000092
0.001617
0.003510
0.001953
0.000610
0.001007
0.002472
0.005371
0.005859
0.002441
0.001007
0.001434
0.000214
0.000610