0.000031
0.000061
0.000031
0.000000
0.000000
-0.000031
0.000000
0.000000
0.000000
0.000000
-0.000061
0.000000
0.000000
0.000061
-0.000031
0.000092
-0.000061
-0.000061
0.000092
-0.000305
0.000580
-0.000305
0.001190
0.010132
0.077820
0.059631
-0.043793
-0.028748
-0.005554
-0.012848
0.080505
0.161194
0.076263
0.035278
0.082489
0.058868
0.007751
-0.009308
-0.007935
-0.021362
-0.044922
-0.037354
-0.017731
-0.017242
-0.017242
-0.004913
-0.002533
-0.008514
-0.012177
-0.013245
-0.014984
-0.020264
-0.014313
-0.003510
0.001129
0.001526
0.004669
0.002167
-0.006409
-0.015076
-0.019012
-0.016876
-0.018433
-0.023163
-0.026550
-0.024658
-0.019012
-0.014648
-0.010864
-0.011017
-0.013428
-0.014465
-0.014374
-0.018555
-0.019226
-0.014740
-0.016815
-0.014221
-0.012726
-0.012329
-0.009186
-0.008911
-0.010132
-0.013977
-0.014038
-0.010498
-0.008636
-0.007721
-0.005615
-0.005768
-0.006744
-0.007721
-0.008423
-0.006989
-0.007080
-0.007660
-0.007202
-0.007355
-0.007141
-0.005493
-0.004150
-0.003632
-0.004028
-0.005127
-0.005066
-0.005005
-0.004364
-0.003021
-0.001831
-0.001923
-0.002747
-0.003143
-0.003479
-0.002380
-0.001770
-0.001892
-0.001831
-0.001617
-0.001129
-0.000610
-0.000397
-0.001862
-0.002289
-0.001953
-0.002014
-0.001617
-0.000519
0.000671
-0.000397
0.000549
-0.000793
0.001190
-0.002106
0.002686
-0.003723
0.004700
-0.006226
0.007721
-0.006958
0.147614
0.216278
-0.156464
-0.091339
0.099884
-0.067230
0.006805
0.384552
0.167023
0.018890
0.229645
0.088257
-0.025391
-0.072510
-0.052795
-0.076538
-0.096924
-0.076691
-0.069061
-0.042999
-0.015411
-0.040771
-0.053436
-0.000732
-0.024872
-0.023590
-0.020660
-0.034790
-0.017029
-0.012451
-0.016785
-0.007751
-0.002411
-0.031158
-0.013977
-0.026306
-0.045441
-0.039185
-0.029388
-0.024963
-0.039062
-0.032196
-0.024170
-0.016907
-0.016083
-0.017181
-0.021851
-0.016937
-0.009094
-0.006836
0.001343
0.003357
-0.000488
-0.005402
-0.006317
-0.005768
-0.004517
-0.006226
-0.006012
-0.006561
-0.009491
-0.010071
-0.007233
-0.004059
-0.004700
-0.005829
-0.006500
-0.007660
-0.007111
-0.003784
-0.003967
-0.005219
-0.003540
-0.003662
-0.004883
-0.003571
-0.002441
-0.003510
-0.004395
-0.005463
-0.007233
-0.006531
-0.005432
-0.004364
-0.003479
-0.004608
-0.004791
-0.003876
-0.003296
-0.001556
0.000397
-0.000824
-0.002197
-0.000031
0.002411
0.003662
0.004181
0.001221
0.000031
0.001465
0.001526
0.000793
0.002289
0.003082
0.000854
0.002167
0.003723
0.004333
0.003479
0.002808
0.001038
-0.001007
-0.000458
-0.000061
0.001068
0.002197
0.001984