-0.000031
0.000061
0.000000
0.000000
0.000031
0.000000
0.000031
-0.000031
0.000000
0.000000
0.000000
0.000000
0.000000
-0.000031
0.000000
-0.000061
0.000122
-0.000092
0.000122
-0.000153
0.000061
-0.000031
0.000183
0.000275
0.000000
0.000366
0.015076
0.066437
0.034546
-0.031860
-0.012543
-0.009613
-0.011871
0.075378
0.132172
0.063751
0.038757
0.069611
0.052368
0.016357
0.003510
-0.004852
-0.021210
-0.025330
-0.013550
-0.008392
-0.014893
-0.010284
-0.001770
-0.005920
0.000366
0.002258
-0.008118
-0.008850
-0.004242
-0.003540
-0.007629
-0.009766
-0.009003
-0.013336
-0.022125
-0.025330
-0.024078
-0.020508
-0.019562
-0.017944
-0.017639
-0.018860
-0.019775
-0.019073
-0.016052
-0.014923
-0.013641
-0.013794
-0.013428
-0.012207
-0.012115
-0.010742
-0.013092
-0.018921
-0.017365
-0.016205
-0.013794
-0.010040
-0.010925
-0.010284
-0.009247
-0.009583
-0.010986
-0.011200
-0.009552
-0.007538
-0.008026
-0.008209
-0.008606
-0.008453
-0.006378
-0.006561
-0.006958
-0.006958
-0.006683
-0.006287
-0.005310
-0.004517
-0.004181
-0.004456
-0.004913
-0.004150
-0.003754
-0.003448
-0.002869
-0.002136
-0.002075
-0.002136
-0.002350
-0.002472
-0.002502
-0.002014
-0.001831
-0.001495
-0.000488
-0.000519
-0.000610
-0.000854
-0.001740
-0.002686
-0.003204
-0.002838
-0.001099
0.001465
-0.002686
0.003326
-0.004852
0.006012
-0.008209
0.010223
-0.011200
0.187988
0.274780
-0.258057
-0.188782
0.230255
0.040863
-0.067139
0.363281
0.176056
0.008392
0.267883
0.121948
-0.056976
-0.093536
-0.025665
-0.090637
-0.136536
-0.081543
-0.064606
-0.069275
-0.042694
-0.007782
-0.033020
-0.032196
-0.021881
-0.023560
-0.029999
-0.033264
-0.013885
-0.021790
-0.010925
0.001068
0.003723
-0.017487
-0.033905
-0.028351
-0.032318
-0.042236
-0.038788
-0.042542
-0.051392
-0.033173
-0.031616
-0.024933
-0.014526
-0.020294
-0.022980
-0.012329
-0.001495
0.004059
0.005554
0.000854
-0.004181
-0.006042
-0.005402
-0.007996
-0.007416
-0.008575
-0.009949
-0.011139
-0.010895
-0.010437
-0.005981
-0.004669
-0.004822
-0.006012
-0.005188
-0.005829
-0.005066
0.000031
0.000549
-0.003265
-0.004242
-0.002838
-0.003815
-0.001556
-0.001038
-0.003845
-0.006195
-0.006378
-0.006775
-0.005402
-0.004395
-0.002380
-0.001831
-0.003448
-0.004028
-0.001801
-0.001068
-0.002014
-0.000946
-0.001801
-0.001312
0.001160
0.002045
0.001984
0.002838
0.000275
-0.001068
0.001556
0.002045
0.001007
0.002289
0.001740
0.000397
0.001953
0.004791
0.004761
0.004211
0.004395
0.001892
0.001312
0.002350
0.002411
0.001648
0.001984
0.000580
-0.000854
0.001068