0.000061
0.000000
0.000031
0.000092
0.000000
0.000061
0.000000
0.000031
0.000061
0.000061
0.000061
0.000061
0.000031
0.000000
0.000000
0.000000
0.000061
-0.000061
0.000031
0.000061
-0.000061
0.000183
0.000000
0.000427
-0.000153
-0.000183
0.000275
0.000275
0.001129
-0.000580
0.000214
0.003998
0.034180
0.040802
0.027985
-0.016937
-0.050873
0.007965
0.058472
0.094818
0.083557
0.072601
0.092255
0.090240
0.054810
0.029114
0.013672
-0.019287
-0.012909
-0.023499
-0.037201
-0.020844
-0.030151
-0.030121
-0.018616
-0.022217
-0.018005
-0.008881
-0.011627
-0.013580
-0.017120
-0.022156
-0.017212
-0.017639
-0.018250
-0.019287
-0.018036
-0.018677
-0.017517
-0.015991
-0.016998
-0.018616
-0.019165
-0.018494
-0.019867
-0.018921
-0.017120
-0.015808
-0.015106
-0.012787
-0.012115
-0.013153
-0.013092
-0.013397
-0.014252
-0.013794
-0.012543
-0.010864
-0.010986
-0.010559
-0.010925
-0.010620
-0.009033
-0.008575
-0.009033
-0.009369
-0.008850
-0.008362
-0.007111
-0.007324
-0.008606
-0.008514
-0.006042
-0.004028
-0.003937
-0.003815
-0.003723
-0.003601
-0.003845
-0.004272
-0.003998
-0.003662
-0.003540
-0.003571
-0.003632
-0.003845
-0.002655
-0.001953
-0.002045
-0.001648
-0.001678
-0.001465
-0.000916
0.000153
0.000488
0.000671
0.000763
0.000336
0.003326
-0.003937
0.004120
-0.004517
0.004608
-0.008087
0.104401
0.486938
-0.005463
-0.595764
-0.068634
0.391479
0.021820
0.375549
0.347961
-0.159241
0.258545
0.113678
-0.041290
-0.066681
-0.114349
-0.121124
-0.086334
-0.088928
-0.142578
-0.035248
-0.082825
-0.061066
-0.059692
-0.015259
0.001282
-0.024872
0.014435
0.011261
-0.065338
-0.069763
0.040283
-0.013672
0.028931
0.015900
-0.047668
-0.010345
-0.011536
-0.010559
-0.067963
-0.109863
-0.081573
-0.024902
-0.049286
-0.035248
0.000580
0.000244
-0.000031
-0.027802
-0.014130
0.001190
0.002380
-0.002472
-0.013672
-0.019165
-0.011536
-0.006195
0.001129
0.000702
-0.014923
-0.017273
-0.020142
-0.019073
-0.005585
0.001312
0.000000
-0.002808
-0.005524
-0.005615
-0.002960
0.001251
0.001282
-0.002045
-0.004639
-0.004272
-0.004028
0.002197
0.004883
0.000458
-0.002655
-0.007080
-0.009216
-0.004852
0.000488
0.001892
0.001801
-0.002136
-0.006683
-0.004272
0.001129
0.002319
0.003876
-0.000031
-0.004425
-0.001099
0.003632
0.004974
0.006226
0.000000
-0.007202
-0.003052
0.001129
0.003815
0.005005
0.003326
-0.002594
-0.002289
0.002594
0.005829
0.006683
0.005432
0.001251
-0.002045
0.001160
0.005249
0.006317
0.005981
0.003998
0.000580
0.000977
0.004089
0.004639
0.003021