-0.000031
0.000031
0.000000
0.000061
0.000000
0.000000
-0.000031
0.000092
-0.000061
0.000275
-0.000366
0.000610
-0.000916
0.001038
-0.001404
0.001770
-0.001892
0.003052
-0.000275
0.073456
0.125519
-0.080841
-0.083191
0.052917
0.008484
-0.022888
0.155853
0.274109
0.053955
0.000183
0.093597
0.027222
-0.021759
-0.016968
-0.045990
-0.062408
-0.038544
-0.035217
-0.036591
-0.026947
-0.018280
-0.010223
-0.018158
-0.007141
-0.004456
-0.014343
-0.023834
-0.027283
-0.023132
-0.018677
-0.010925
-0.011749
-0.010101
-0.008606
-0.009430
-0.014740
-0.009277
-0.000244
-0.000092
-0.003143
-0.010498
-0.010620
-0.012970
-0.019135
-0.021179
-0.023773
-0.020996
-0.017975
-0.020050
-0.015472
-0.008240
-0.007690
-0.009460
-0.010803
-0.008820
-0.004822
-0.005005
-0.006195
-0.006958
-0.006805
-0.006287
-0.006042
-0.006012
-0.004089
-0.004639
-0.006836
-0.008759
-0.011078
-0.009369
-0.006317
-0.005981
-0.007904
-0.008698
-0.006927
-0.005859
-0.006256
-0.005432
-0.004303
-0.002808
-0.004242
-0.005646
-0.005554
-0.004028
-0.003387
-0.003998
-0.004547
-0.005737
-0.004303
-0.002258
-0.000610
-0.000854
-0.002808
-0.004547
-0.004791
-0.003326
-0.002289
-0.001709
-0.001892
-0.002899
-0.002838
-0.002136
-0.001221
-0.000793
-0.001282
-0.001312
-0.001129
-0.000305
0.001160
-0.000458
0.000702
-0.001068
0.001434
-0.001984
0.001953
-0.002411
0.002167
-0.002380
0.002289
-0.003021
0.074402
0.213013
-0.129425
-0.099335
0.120728
-0.066223
-0.027222
0.207092
0.317932
0.103485
0.107910
0.158051
-0.001099
-0.012360
-0.022003
-0.098602
-0.062378
-0.068359
-0.112427
-0.046509
-0.037720
-0.057556
-0.008270
-0.016235
0.002655
-0.013977
-0.044067
-0.029327
-0.042175
-0.054382
-0.044922
-0.031036
-0.031555
-0.008575
-0.017426
-0.020447
-0.028442
-0.028992
-0.021973
-0.021851
-0.017029
-0.014862
-0.010925
-0.011353
-0.006042
-0.002136
-0.006989
-0.011841
-0.007965
-0.008087
-0.008698
-0.006134
-0.003510
-0.003479
-0.002106
-0.005035
-0.003723
-0.003448
-0.003906
-0.008026
-0.010742
-0.009338
-0.008606
-0.006775
-0.004944
-0.006592
-0.007050
-0.006256
-0.010223
-0.011047
-0.008362
-0.005737
-0.006042
-0.003876
-0.005768
-0.007690
-0.007812
-0.004059
-0.002258
-0.001617
-0.000214
-0.001160
0.000122
0.000183
-0.000610
-0.000336
-0.000763
-0.001587
-0.001831
-0.002502
-0.001831
-0.001984
-0.002319
-0.004608
-0.004639
-0.004303
-0.003540
-0.002319
-0.002106
-0.002472
-0.003479
-0.003143
-0.002228
-0.001129
-0.000549
-0.000580
-0.000732
0.000000
0.001251
0.002930
0.003723
0.004089
0.003174
0.003052
0.002777
0.002563
0.003143