0.000000
0.000000
0.000000
0.000000
0.000031
0.000000
0.000031
0.000000
0.000000
0.000031
-0.000031
0.000061
0.000061
-0.000031
0.000092
0.000061
0.000000
0.000092
0.000061
0.000153
-0.000183
0.000427
-0.000092
0.000458
0.000000
0.000946
0.002197
0.035522
0.030731
-0.027832
-0.000702
0.024780
0.005524
0.006866
0.022858
0.075287
0.092255
0.036835
0.026306
0.042419
0.034637
0.014435
-0.006836
-0.006409
-0.003021
0.006989
0.025238
0.028046
0.029724
0.029022
0.005341
-0.014465
-0.009369
-0.019592
-0.037262
-0.037903
-0.032257
-0.027252
-0.027069
-0.021576
-0.017212
-0.014923
-0.015198
-0.015411
-0.015411
-0.015381
-0.015381
-0.017120
-0.016632
-0.015961
-0.015869
-0.015839
-0.014862
-0.015320
-0.016113
-0.015839
-0.016113
-0.013824
-0.013336
-0.014587
-0.013428
-0.013184
-0.012848
-0.013397
-0.012207
-0.008942
-0.007080
-0.007416
-0.008026
-0.007538
-0.005890
-0.005737
-0.006714
-0.006104
-0.005859
-0.005829
-0.005341
-0.005066
-0.005188
-0.006104
-0.006958
-0.006622
-0.005554
-0.005188
-0.004913
-0.004608
-0.005768
-0.006958
-0.007690
-0.006866
-0.005737
-0.005585
-0.004974
-0.004852
-0.004425
-0.004486
-0.004883
-0.004395
-0.003418
-0.002136
-0.001343
-0.000854
-0.000702
0.000122
0.000519
0.000031
-0.000427
-0.000946
-0.011108
0.013489
-0.016846
0.020416
-0.028839
0.255646
0.372314
-0.652466
-0.168488
0.449402
0.002380
0.040985
0.528198
0.205078
-0.372253
0.194061
0.418610
0.072815
-0.159546
-0.094574
-0.087921
-0.024872
-0.010742
-0.188965
-0.133392
-0.071747
-0.052856
-0.007019
-0.015045
0.007050
-0.015869
-0.019318
-0.021423
-0.057343
-0.113708
-0.055634
-0.028259
-0.053864
-0.043060
-0.048859
-0.013336
-0.006012
-0.013336
-0.018311
-0.006073
-0.020905
-0.027466
-0.023712
-0.022308
-0.007477
-0.005768
-0.018127
-0.014832
-0.009766
-0.007874
-0.005310
-0.009705
-0.016602
-0.015991
-0.012177
-0.013702
-0.005707
-0.009064
-0.009003
-0.012268
-0.005890
-0.003357
-0.001038
0.003204
0.001007
-0.005127
-0.006287
-0.003265
-0.004822
-0.002014
0.001099
-0.003052
-0.007446
-0.002777
-0.000671
-0.000214
-0.001465
-0.000641
-0.003754
-0.003876
-0.004089
-0.002533
0.000488
0.001495
0.002075
0.000458
-0.003143
-0.002747
0.000458
0.003387
0.003784
0.000580
-0.003723
-0.006317
-0.000793
0.003296
0.003693
-0.002563
-0.004333
-0.003876
-0.002350
0.001465
0.002197
0.000275
-0.003693
-0.004150
-0.003479
-0.000122
0.003815
0.004852
0.003540
0.001770
0.001160
0.003113
0.004272
0.004456
0.003357
0.002289
0.001923
0.003235
0.005463
0.005157
0.004028