0.000000
-0.000031
-0.000061
0.000000
-0.000031
0.000000
0.000000
-0.000092
0.000000
0.000000
-0.000092
0.000153
-0.000275
0.000427
-0.000732
0.000824
-0.001251
0.001678
-0.002014
0.003082
0.001801
0.077179
0.089783
-0.086731
-0.043091
0.052734
-0.004395
-0.009460
0.138458
0.217560
0.057587
0.009003
0.070465
0.023895
-0.009430
-0.006866
-0.049500
-0.050323
-0.020142
-0.036072
-0.028717
-0.018860
-0.017487
-0.004333
-0.011932
-0.005249
-0.001770
-0.013153
-0.019012
-0.017303
-0.021698
-0.017944
-0.008240
-0.003540
0.003174
0.000122
-0.000916
-0.002899
-0.007294
-0.010223
-0.015320
-0.016876
-0.022308
-0.022186
-0.021301
-0.022125
-0.019165
-0.018860
-0.017517
-0.019348
-0.016968
-0.011017
-0.008118
-0.010620
-0.010590
-0.009247
-0.009552
-0.007202
-0.006775
-0.005646
-0.006775
-0.006958
-0.006805
-0.007416
-0.006073
-0.006012
-0.007385
-0.007782
-0.007477
-0.008240
-0.007416
-0.006531
-0.007080
-0.007233
-0.006866
-0.005554
-0.005066
-0.005646
-0.005127
-0.005493
-0.005646
-0.005493
-0.006226
-0.005676
-0.005341
-0.005829
-0.006134
-0.006592
-0.005951
-0.004395
-0.002197
-0.000275
0.000458
-0.000702
-0.002625
-0.003540
-0.003387
-0.002625
-0.002258
-0.002472
-0.002563
-0.002136
-0.002014
-0.001221
-0.000580
-0.000732
-0.000702
-0.000946
-0.000732
0.000671
-0.000793
0.000061
0.000305
-0.001678
0.002502
-0.004333
0.004486
0.031372
0.262695
-0.058563
-0.278259
0.207489
0.061218
-0.154266
0.166077
0.383514
0.062561
0.070068
0.301086
0.033752
-0.095703
0.007355
-0.045593
-0.112579
-0.054138
-0.104980
-0.099976
-0.024200
-0.065277
-0.028748
-0.014984
-0.002380
0.003815
-0.045349
-0.033722
-0.035034
-0.053040
-0.062347
-0.039978
-0.047333
-0.014984
-0.021179
-0.037720
-0.017029
-0.019470
-0.016083
-0.022919
-0.018188
-0.015930
-0.007202
-0.011108
-0.012878
-0.003693
-0.006531
-0.012329
-0.011658
-0.010956
-0.009552
-0.008148
-0.006958
-0.009369
-0.005005
-0.008972
-0.006897
-0.004089
-0.004150
-0.002686
-0.004944
-0.002563
-0.004852
-0.003021
-0.004028
-0.006470
-0.009277
-0.007690
-0.008484
-0.009766
-0.006073
-0.006073
-0.010040
-0.008118
-0.004974
-0.004822
-0.005524
-0.002686
-0.001587
-0.001801
-0.000702
-0.003571
-0.003265
-0.000183
0.002472
0.002380
0.001678
-0.001312
-0.001526
-0.002075
-0.002625
-0.003052
-0.003998
-0.003693
-0.002258
-0.000580
-0.001556
-0.002258
-0.002716
-0.003021
-0.003540
-0.003723
-0.002380
-0.001007
-0.001892
-0.002167
-0.002014
-0.001038
0.000092
0.002075
0.002930
0.003265
0.003876
0.004242
0.004303
0.003448
0.003174
0.002686
0.002625