0.000092
0.000000
0.000000
-0.000092
0.000153
-0.000214
0.000244
-0.000397
0.000702
-0.001160
0.001160
-0.001495
0.001678
-0.002045
0.002747
-0.000916
0.074371
0.155396
-0.066071
-0.114777
0.034637
0.020386
-0.023712
0.161865
0.347778
0.078003
-0.021759
0.124786
0.038940
-0.038605
-0.033813
-0.050323
-0.067230
-0.067627
-0.046112
-0.033020
-0.042328
-0.025635
-0.005646
-0.024750
-0.015839
-0.005707
-0.016113
-0.028259
-0.036926
-0.032806
-0.021240
-0.015991
-0.026825
-0.014771
-0.009705
-0.018005
-0.016205
-0.012939
-0.014984
-0.015747
-0.010315
-0.014771
-0.016418
-0.011353
0.000183
0.002533
-0.008514
-0.007751
-0.007172
-0.009766
-0.013916
-0.012054
-0.008057
-0.012268
-0.014832
-0.014038
-0.008484
-0.005463
-0.004517
-0.007629
-0.008484
-0.006744
-0.006073
-0.003632
-0.002655
-0.005066
-0.007141
-0.009430
-0.012360
-0.009583
-0.005585
-0.004242
-0.007294
-0.008148
-0.006775
-0.006104
-0.005493
-0.004669
-0.004822
-0.005981
-0.005524
-0.004761
-0.003265
-0.001373
-0.000488
0.000305
-0.000336
-0.002716
-0.003937
-0.004059
-0.003143
-0.002289
-0.003235
-0.005371
-0.006134
-0.004639
-0.003082
-0.002136
-0.002197
-0.002350
-0.001892
-0.001892
-0.000793
-0.000305
-0.000610
-0.000763
-0.001068
-0.000214
0.000702
0.002289
0.003204
0.002838
0.000000
-0.000153
0.000061
-0.000183
0.000336
-0.000549
0.000854
-0.001434
0.001495
-0.002136
0.002441
-0.003143
0.003937
-0.003143
0.083649
0.160217
-0.071381
-0.096802
0.017761
0.008087
-0.004364
0.162262
0.351074
0.115479
-0.001099
0.117920
0.050415
-0.036163
-0.050934
-0.057465
-0.063080
-0.080170
-0.067841
-0.030457
-0.046875
-0.032715
-0.002228
-0.023102
-0.012665
-0.020477
-0.022858
-0.019928
-0.037842
-0.046295
-0.036011
-0.020782
-0.018555
-0.012634
-0.015839
-0.019470
-0.021271
-0.019592
-0.019012
-0.022339
-0.019104
-0.014191
-0.009644
-0.013550
-0.011688
-0.001434
-0.002441
-0.002808
-0.004303
-0.003693
-0.004089
-0.005524
-0.003296
-0.006409
-0.010101
-0.013062
-0.011078
-0.009918
-0.008240
-0.009216
-0.009613
-0.007568
-0.006134
-0.003174
-0.003967
-0.007446
-0.008514
-0.009949
-0.011505
-0.009613
-0.005280
-0.003448
-0.004608
-0.006714
-0.007568
-0.007294
-0.006287
-0.003448
-0.003723
-0.003662
-0.004761
-0.004456
-0.002838
-0.001190
0.000702
0.001373
0.000793
-0.001892
-0.003845
-0.004059
-0.002777
-0.002228
-0.003601
-0.005646
-0.006256
-0.005096
-0.003235
-0.002472
-0.002228
-0.002686
-0.002441
-0.001984
-0.001160
0.000061
0.000031
-0.000244
-0.000458
-0.000092
0.001282
0.002594
0.003357
0.002716
0.002106
0.002197