-0.000031
0.000000
-0.000031
0.000000
0.000000
0.000031
0.000031
0.000000
-0.000031
0.000061
-0.000092
0.000183
-0.000183
0.000244
-0.000214
0.000122
-0.000122
0.000061
0.000153
0.000000
0.001282
0.020416
0.101837
0.025726
-0.077972
-0.003632
0.015472
-0.022095
0.076599
0.210510
0.089600
0.007782
0.083984
0.064789
0.004456
-0.017242
-0.031677
-0.042572
-0.035217
-0.021332
-0.018005
-0.026550
-0.021698
-0.009369
-0.010040
-0.010254
-0.011536
-0.010437
-0.010345
-0.016876
-0.017975
-0.014832
-0.009094
-0.006348
-0.000305
0.001801
-0.003571
-0.005859
-0.007751
-0.012939
-0.014099
-0.015839
-0.020081
-0.018066
-0.016388
-0.023041
-0.019379
-0.015930
-0.020233
-0.019318
-0.020294
-0.016693
-0.011261
-0.011139
-0.014465
-0.016693
-0.014587
-0.009399
-0.008636
-0.008514
-0.006592
-0.005951
-0.006134
-0.007629
-0.006805
-0.006134
-0.006897
-0.007599
-0.007965
-0.009430
-0.009186
-0.006958
-0.006226
-0.005951
-0.006226
-0.006256
-0.005646
-0.004852
-0.003387
-0.003937
-0.005005
-0.005005
-0.004791
-0.004883
-0.004974
-0.004272
-0.003510
-0.003632
-0.005035
-0.006195
-0.005646
-0.002869
-0.000732
-0.001587
-0.003510
-0.003662
-0.002228
-0.001282
-0.001343
-0.001160
-0.000885
-0.000336
0.000061
-0.000427
-0.000580
-0.000244
-0.000793
-0.001831
0.000732
-0.001038
0.001526
-0.002380
0.002747
-0.003540
0.003845
-0.004547
0.005005
-0.005981
0.110321
0.231659
-0.185272
-0.100281
0.160034
-0.063751
-0.058716
0.325165
0.278015
-0.014343
0.231873
0.135223
-0.042603
-0.032532
-0.039490
-0.066223
-0.087250
-0.057770
-0.117218
-0.055756
-0.009888
-0.047180
-0.038025
-0.016479
-0.008057
-0.027374
-0.018707
-0.025360
-0.025055
-0.037506
-0.021667
-0.021576
-0.036316
-0.024292
-0.041504
-0.033691
-0.031403
-0.031616
-0.024811
-0.018341
-0.028412
-0.022278
-0.016754
-0.020142
-0.010651
-0.007446
-0.008820
-0.005005
-0.005890
-0.009460
-0.006287
-0.003876
-0.005219
-0.007629
-0.008179
-0.008453
-0.003937
-0.003693
-0.002655
-0.005157
-0.006104
-0.008392
-0.006958
-0.005127
-0.005005
-0.005676
-0.006805
-0.004486
-0.005798
-0.006012
-0.004578
-0.005341
-0.008575
-0.007996
-0.007660
-0.008270
-0.007111
-0.005066
-0.004395
-0.003998
-0.005432
-0.005920
-0.004974
-0.002533
-0.001068
-0.000610
-0.000793
-0.001740
-0.001801
-0.000946
0.001038
0.001007
0.000641
0.002045
0.003754
0.004517
0.005127
0.003693
0.001190
-0.001221
-0.003235
-0.002747
-0.000488
0.000336
-0.000397
-0.001434
-0.002014
-0.001312
0.000061
-0.000092
-0.000702
-0.000336
0.000061
0.000488
0.000732
0.000763
0.000336
0.000549