0.000000
-0.000061
0.000000
0.000153
-0.000458
0.000732
-0.000977
0.001129
-0.001495
0.001587
-0.001862
0.001373
-0.001007
0.000977
-0.000427
0.075470
0.186371
-0.118408
-0.012390
0.019470
-0.171021
0.206024
0.092102
0.094452
0.354340
0.117462
-0.108673
0.047241
0.074371
-0.156219
-0.141205
-0.037628
-0.030945
-0.069702
-0.038757
0.008240
-0.011414
-0.007141
-0.014557
-0.009918
-0.005371
-0.012543
-0.025116
-0.008728
-0.004364
-0.003937
0.001129
0.001984
-0.002136
-0.006714
-0.006866
-0.018250
-0.014099
-0.014038
-0.022186
-0.016418
-0.014679
-0.029297
-0.027710
-0.022614
-0.018921
-0.021301
-0.029388
-0.030884
-0.019287
-0.017212
-0.018402
-0.016174
-0.017059
-0.013428
-0.014160
-0.015137
-0.010864
-0.005798
-0.008270
-0.009155
-0.007355
-0.008026
-0.006653
-0.005219
-0.006683
-0.006775
-0.006989
-0.009064
-0.009796
-0.006805
-0.006622
-0.005646
-0.005676
-0.005981
-0.004089
-0.003021
-0.002747
-0.002930
-0.003326
-0.004028
-0.004517
-0.003448
-0.001343
-0.002014
-0.001953
-0.003235
-0.004242
-0.003937
-0.002533
-0.003235
-0.003754
-0.001709
-0.001495
-0.000763
0.001068
0.001495
0.001770
0.001770
0.000366
-0.000244
-0.000183
-0.000427
0.000641
0.002075
0.000183
0.000092
0.001587
0.001617
0.002289
0.003052
0.000610
0.000000
-0.000305
0.000305
0.000183
-0.000793
0.001648
-0.003021
0.004395
-0.006714
0.009491
-0.012360
0.015015
0.003113
0.283691
0.051880
-0.267120
0.160004
-0.265076
0.094788
0.353455
-0.069855
0.459106
0.375519
-0.237915
-0.097656
0.217346
-0.136169
-0.282745
-0.058716
-0.032867
-0.070221
-0.098663
-0.002014
-0.001404
-0.017426
-0.006531
-0.004303
-0.017731
-0.029694
-0.003021
-0.004303
0.009674
-0.016083
-0.011383
0.006561
-0.006409
-0.029633
-0.006744
-0.017609
-0.031342
-0.001465
0.000946
-0.016479
-0.031891
-0.062805
-0.055054
-0.042725
-0.044037
-0.030060
-0.008118
-0.005768
-0.007233
-0.001709
-0.006500
0.001343
-0.008698
-0.015533
-0.012695
-0.012756
-0.009186
-0.000793
-0.000153
-0.005463
-0.004364
-0.008392
-0.011017
-0.006836
-0.007629
-0.010437
-0.009796
-0.010681
-0.013062
-0.007446
-0.003387
-0.005920
-0.006805
-0.008728
-0.006226
-0.005585
-0.003082
-0.001312
-0.001740
-0.004303
-0.005737
-0.002899
0.000336
0.000671
-0.001343
-0.003815
-0.005096
-0.004639
-0.002197
-0.000061
-0.000183
0.001709
0.001160
-0.000732
0.001251
0.003143
0.002228
0.002502
0.000458
-0.001251
0.000122
0.000610
0.000153
0.001892
-0.000458
-0.002991
0.000092
0.001038
0.002258
0.005890
0.003784
0.000336
0.001648
0.000824
0.000061
0.002502