0.000061
0.000000
-0.000122
0.000000
0.000061
-0.000397
0.000610
-0.000885
0.001007
-0.001343
0.001434
-0.001923
0.001801
-0.001617
0.001984
-0.001221
0.076324
0.159363
-0.104553
-0.005585
0.006866
-0.134705
0.169586
0.090515
0.108215
0.300354
0.111816
-0.074738
0.033356
0.056061
-0.118500
-0.129211
-0.043121
-0.018341
-0.060791
-0.039215
0.007019
-0.007660
-0.013336
-0.017365
-0.000885
-0.008514
-0.021912
-0.015228
-0.003723
-0.005646
-0.001587
0.000946
0.001923
-0.001587
-0.012817
-0.009430
-0.002258
-0.010712
-0.023346
-0.013641
-0.008240
-0.021027
-0.031189
-0.027802
-0.023132
-0.020721
-0.024536
-0.027069
-0.027985
-0.023590
-0.021088
-0.019135
-0.018097
-0.017120
-0.014130
-0.015228
-0.015564
-0.012207
-0.006683
-0.007904
-0.008820
-0.007172
-0.008392
-0.006165
-0.003754
-0.005859
-0.006348
-0.006531
-0.008423
-0.009033
-0.006287
-0.005920
-0.005249
-0.005646
-0.005951
-0.004181
-0.003510
-0.003174
-0.003601
-0.003326
-0.004333
-0.004913
-0.003204
-0.002075
-0.001862
-0.002106
-0.003448
-0.004425
-0.004425
-0.003174
-0.002960
-0.001923
-0.001221
-0.001556
-0.000824
0.000641
0.001404
0.001099
0.001190
0.000153
-0.000153
0.000153
-0.000488
0.001007
0.001862
0.000061
0.000214
0.001556
0.001434
0.001434
0.002563
0.001007
-0.000488
0.001190
-0.002106
0.003082
-0.004700
0.005951
-0.008270
0.010406
-0.012573
0.014832
-0.011078
0.238556
0.198853
-0.328400
0.107635
-0.177521
-0.050720
0.433441
-0.051270
0.381927
0.509705
-0.196686
-0.204803
0.227295
-0.070679
-0.324615
-0.081635
-0.022400
-0.064575
-0.114441
-0.009186
0.004333
-0.036774
0.000946
-0.010132
-0.015656
-0.030212
-0.012634
-0.008759
0.023682
-0.006470
-0.011505
0.005432
-0.024414
-0.025879
0.002563
-0.023010
-0.030762
-0.005676
-0.002289
-0.013794
-0.023987
-0.062378
-0.076965
-0.057434
-0.037262
-0.018799
-0.017670
-0.010834
-0.006348
0.003632
-0.004974
0.000305
-0.002441
-0.009918
-0.011322
-0.014496
-0.006042
0.001129
0.000122
-0.004669
-0.004730
-0.007935
-0.012756
-0.007904
-0.006897
-0.011169
-0.009613
-0.010620
-0.012085
-0.008850
-0.002655
-0.004547
-0.005524
-0.009186
-0.009583
-0.006622
-0.002716
-0.000580
-0.001617
-0.004822
-0.005859
-0.004028
-0.000763
-0.000031
-0.002136
-0.002686
-0.005188
-0.004425
-0.001434
0.000671
0.000641
0.001923
0.001801
-0.000244
0.000793
0.003357
0.002747
0.002686
0.000580
-0.001251
-0.000214
0.000854
0.000458
0.001465
0.000000
-0.003845
-0.001587
0.000427
0.001617
0.005371
0.005005
0.000977
0.001678
0.001526
0.000000
0.001801
0.002563