0.000031
0.000000
0.000000
0.000000
0.000031
0.000000
0.000031
0.000000
-0.000031
0.000000
0.000000
0.000000
0.000000
0.000000
-0.000031
-0.000031
0.000061
0.000000
0.000305
-0.000427
0.000732
-0.001007
0.000946
0.000275
0.000397
0.000885
0.036285
0.047241
-0.020844
0.011963
-0.008606
-0.026550
0.054596
0.034241
0.073090
0.119934
0.066650
0.027985
0.045227
0.038910
-0.007843
-0.017609
-0.007904
-0.008392
-0.018555
-0.004395
0.012024
0.017303
0.009583
-0.002472
0.004181
0.003387
-0.003815
-0.014465
-0.021088
-0.023102
-0.024658
-0.019501
-0.015900
-0.024048
-0.025787
-0.020844
-0.021881
-0.023621
-0.025543
-0.028900
-0.025116
-0.021332
-0.020416
-0.019318
-0.018372
-0.014771
-0.012421
-0.013489
-0.015564
-0.015625
-0.016235
-0.015503
-0.014252
-0.014587
-0.013977
-0.012299
-0.010895
-0.010864
-0.010559
-0.010437
-0.010681
-0.008423
-0.009125
-0.008453
-0.006134
-0.005981
-0.005554
-0.005371
-0.006073
-0.006653
-0.005737
-0.006073
-0.006226
-0.006470
-0.006195
-0.005798
-0.006256
-0.005829
-0.004578
-0.004211
-0.003998
-0.003815
-0.003815
-0.003571
-0.002899
-0.001648
-0.002045
-0.002472
-0.002869
-0.003052
-0.002838
-0.002258
-0.002014
-0.002289
-0.001434
-0.000610
-0.000366
-0.000702
-0.000732
-0.000427
-0.000671
-0.000793
0.000549
-0.002289
0.004333
-0.006989
0.007568
0.050232
0.458557
0.048615
-0.510834
-0.098694
0.165741
0.143768
0.144073
0.673401
0.216400
-0.206451
0.200256
-0.021484
-0.089844
-0.041901
-0.224243
-0.187653
0.021240
-0.154510
-0.084534
0.012604
-0.122742
0.018402
-0.010284
0.023407
0.036255
-0.089386
-0.065033
-0.003326
-0.065247
0.018951
0.048706
-0.032776
0.029755
-0.004364
-0.041107
-0.087433
-0.107849
-0.044983
-0.011078
-0.051727
-0.049286
-0.015503
-0.020020
-0.011292
-0.011963
-0.013458
-0.016357
-0.023163
-0.014282
-0.005035
0.001068
-0.002380
-0.009918
-0.011719
-0.010193
-0.005768
-0.004639
-0.003693
-0.003967
-0.008331
-0.013306
-0.008362
0.000214
0.000732
0.000000
-0.002289
-0.008392
-0.009064
-0.006653
-0.001892
-0.000336
-0.003876
-0.007141
-0.008331
-0.006653
-0.003357
0.002960
0.001129
-0.004272
-0.006256
-0.006226
-0.001373
0.002991
0.004333
0.001770
-0.003662
-0.004883
-0.003326
0.000336
0.003845
0.003571
0.000427
-0.001434
0.000122
0.002655
0.005890
0.005005
0.000671
-0.001709
-0.003387
-0.001953
0.003204
0.003479
0.001312
-0.000671
-0.003357
-0.002350
0.003265
0.007843
0.006165
0.004242
0.001282
0.000000
0.002716
0.003418
0.002777
0.001678
-0.000427
-0.001190
0.001923
0.003235
0.002869