0.000031
0.000000
0.000031
0.000000
0.000031
0.000000
0.000031
0.000031
0.000000
0.000061
0.000000
0.000031
0.000031
0.000061
0.000031
0.000000
0.000031
-0.000061
0.000092
0.000092
-0.000122
0.000092
0.000061
0.000214
0.000183
-0.000366
0.001038
0.000458
-0.000305
0.000671
0.014069
0.025513
0.001282
-0.002716
0.025879
0.030212
0.028229
-0.004425
-0.015839
0.069733
0.092621
0.069489
0.079498
0.076691
0.068024
0.043854
0.023285
0.014282
-0.000244
-0.018677
-0.033234
-0.039703
-0.033691
-0.029755
-0.035919
-0.028625
-0.023499
-0.021759
-0.017761
-0.017487
-0.017639
-0.020081
-0.018127
-0.016510
-0.017578
-0.019470
-0.014221
-0.013550
-0.015045
-0.016510
-0.018616
-0.016388
-0.017487
-0.016693
-0.015869
-0.014893
-0.013977
-0.014618
-0.014374
-0.014771
-0.014038
-0.013885
-0.013947
-0.013947
-0.013733
-0.012756
-0.011658
-0.009491
-0.009064
-0.007812
-0.007996
-0.008972
-0.009338
-0.009979
-0.007965
-0.006989
-0.007538
-0.007721
-0.007599
-0.006439
-0.005493
-0.005707
-0.006165
-0.005798
-0.004791
-0.003815
-0.003143
-0.003540
-0.003448
-0.003265
-0.003937
-0.003845
-0.003448
-0.002228
-0.002075
-0.002625
-0.002899
-0.002747
-0.002380
-0.002808
-0.003082
-0.003784
-0.003479
-0.003052
-0.003448
-0.002563
-0.002167
-0.001282
-0.010315
0.014038
-0.019684
0.025482
-0.025238
0.403870
0.250153
-0.702972
-0.113617
0.399292
0.053436
0.190918
0.584961
-0.151703
-0.171387
0.427856
0.147858
-0.069489
-0.113190
-0.062347
-0.128052
-0.061798
-0.107391
-0.111176
-0.054718
-0.058228
0.041016
-0.087738
-0.108582
0.010742
-0.053925
-0.029938
0.010193
-0.024170
0.016998
0.031677
-0.008545
-0.018738
-0.121246
-0.101227
0.000458
-0.043091
-0.054199
-0.031616
-0.033386
-0.027069
-0.031525
-0.038757
-0.001404
0.006744
-0.010071
-0.018768
-0.016479
-0.001343
0.004425
-0.000824
-0.001617
-0.016266
-0.017303
-0.016113
-0.011658
-0.004883
-0.010559
-0.010681
-0.017670
-0.013702
-0.010193
0.002441
-0.001373
-0.002014
-0.007385
-0.006897
-0.005463
-0.004852
0.002411
0.000793
-0.004120
-0.005096
-0.001038
0.000000
0.003540
0.003876
0.000092
-0.005615
-0.006683
-0.005829
-0.002045
0.001282
0.002869
-0.001190
-0.004608
-0.006409
-0.002258
0.001221
0.004364
0.003204
-0.002563
-0.003387
-0.000092
0.004547
0.007080
0.006653
0.000000
-0.000702
-0.001221
0.000214
0.004242
0.003479
0.000000
-0.001251
-0.002502
-0.001801
0.004059
0.005859
0.002258
0.000275
-0.001831
0.000153
0.004822
0.005798
0.003601
-0.000214
-0.002045
-0.001282
0.003113
0.003723
0.002960
0.002563