0.000000
-0.000061
0.000000
-0.000031
-0.000153
0.000000
-0.000122
0.000061
-0.000153
0.000061
-0.000183
-0.000366
0.000458
-0.001099
0.001465
-0.002228
0.003418
0.012177
0.132629
0.073761
-0.122528
-0.035858
0.027649
-0.027161
0.092041
0.295288
0.119965
-0.025146
0.108826
0.085449
-0.004883
-0.024536
-0.039520
-0.056793
-0.066376
-0.052094
-0.012878
-0.027557
-0.042908
-0.009033
-0.019806
-0.018127
-0.006958
-0.022491
-0.022308
-0.020874
-0.020813
-0.016418
-0.012329
-0.018524
-0.009125
-0.015503
-0.025665
-0.022064
-0.016876
-0.010712
-0.015015
-0.009705
-0.001129
-0.003571
-0.007172
-0.006653
-0.005554
-0.011536
-0.018524
-0.020264
-0.020599
-0.018860
-0.014832
-0.010284
-0.013519
-0.013611
-0.012756
-0.010376
-0.008148
-0.007477
-0.005554
-0.008026
-0.008850
-0.006897
-0.005188
-0.005188
-0.005890
-0.006439
-0.006104
-0.007416
-0.008362
-0.007599
-0.005737
-0.005890
-0.006927
-0.006653
-0.006653
-0.006409
-0.006683
-0.006409
-0.005737
-0.004974
-0.004395
-0.004181
-0.003479
-0.003204
-0.002563
-0.002563
-0.004242
-0.004913
-0.004608
-0.002380
-0.000977
-0.001648
-0.001770
-0.000427
0.001587
0.002899
0.003235
0.001190
-0.001343
-0.002991
-0.004303
-0.003998
-0.002258
-0.001434
-0.001373
-0.002136
-0.002441
-0.001617
0.000092
0.000580
-0.000092
0.000061
-0.000031
0.000153
-0.000061
0.000122
-0.000031
-0.000519
0.000763
-0.001495
0.002258
-0.003387
0.004364
0.007874
0.150696
0.101929
-0.118500
-0.057312
0.014740
-0.028503
0.079315
0.348572
0.174774
0.000488
0.113190
0.090698
0.002106
-0.050201
-0.041962
-0.050964
-0.079773
-0.093414
-0.041687
-0.010986
-0.047394
-0.029999
-0.019318
-0.019409
-0.006989
-0.021576
-0.027344
-0.027893
-0.027161
-0.024292
-0.009552
-0.027161
-0.021942
-0.016357
-0.037842
-0.030731
-0.024292
-0.018585
-0.012817
-0.013031
-0.016022
-0.016815
-0.020386
-0.020172
-0.013428
-0.012360
-0.008240
-0.007416
-0.007080
-0.001892
-0.000763
0.000977
-0.004150
-0.007751
-0.011932
-0.010834
-0.007080
-0.007050
-0.007996
-0.008698
-0.007690
-0.009521
-0.007385
-0.005768
-0.005554
-0.006195
-0.006500
-0.008331
-0.008362
-0.007172
-0.006348
-0.007660
-0.008362
-0.006622
-0.006805
-0.006226
-0.005066
-0.004913
-0.005371
-0.005798
-0.006134
-0.005157
-0.003876
-0.002228
-0.002167
-0.002808
-0.003571
-0.002747
-0.000916
0.000763
0.001770
0.001587
0.000671
0.000702
0.000916
0.001984
0.002686
0.002197
0.000549
-0.001465
-0.002533
-0.002869
-0.002563
-0.003052
-0.003204
-0.003204
-0.003296
-0.001862
0.000153
0.001099
0.000641
0.000397
0.000793
0.001434