-0.000061
-0.000061
0.000092
-0.000305
0.000458
-0.000244
0.000122
0.000305
-0.001160
0.002014
-0.003540
0.005402
-0.007446
0.009338
0.014923
0.228271
0.043518
-0.102234
0.016724
-0.214600
0.150452
0.135223
0.117706
0.413177
0.107147
-0.115021
0.069672
0.071503
-0.155975
-0.157654
-0.105194
-0.020081
-0.050690
-0.090210
0.012390
-0.013550
-0.011261
-0.004822
-0.018188
0.006226
-0.008118
-0.045441
-0.026489
-0.009186
-0.021484
0.025818
0.022247
0.007721
-0.003387
-0.020386
-0.030182
-0.016571
-0.010681
-0.031219
-0.014252
0.009308
-0.008423
-0.007050
-0.002747
-0.018921
-0.028717
-0.032959
-0.032501
-0.029480
-0.029968
-0.026855
-0.008881
-0.014038
-0.022247
-0.021210
-0.015472
-0.010864
-0.009583
-0.009827
-0.010651
-0.008392
-0.011139
-0.008209
-0.004303
-0.004089
-0.004547
-0.006378
-0.008667
-0.008575
-0.007965
-0.006409
-0.006592
-0.006744
-0.008240
-0.006775
-0.006683
-0.003815
-0.000671
-0.002228
-0.004822
-0.006042
-0.004730
-0.003143
-0.000671
-0.000275
-0.002045
-0.003754
-0.003784
-0.001892
-0.000366
0.000763
0.001556
-0.000183
-0.001343
-0.000244
0.000916
0.000214
-0.000977
-0.003052
-0.003082
-0.000946
0.000061
0.002014
0.001801
0.000122
0.001190
0.001617
0.003296
0.006104
0.005157
0.002289
0.002045
0.001770
-0.000061
-0.000061
0.000092
-0.000305
0.000458
-0.000244
0.000122
0.000305
-0.001160
0.002014
-0.003540
0.005402
-0.007446
0.009338
0.014923
0.228271
0.043518
-0.102234
0.016724
-0.214600
0.150452
0.135223
0.117706
0.413177
0.107147
-0.115021
0.069672
0.071503
-0.155975
-0.157654
-0.105194
-0.020081
-0.050690
-0.090210
0.012390
-0.013550
-0.011261
-0.004822
-0.018188
0.006226
-0.008118
-0.045441
-0.026489
-0.009186
-0.021484
0.025818
0.022247
0.007721
-0.003387
-0.020386
-0.030182
-0.016571
-0.010681
-0.031219
-0.014252
0.009308
-0.008423
-0.007050
-0.002747
-0.018921
-0.028717
-0.032959
-0.032501
-0.029480
-0.029968
-0.026855
-0.008881
-0.014038
-0.022247
-0.021210
-0.015472
-0.010864
-0.009583
-0.009827
-0.010651
-0.008392
-0.011139
-0.008209
-0.004303
-0.004089
-0.004547
-0.006378
-0.008667
-0.008575
-0.007965
-0.006409
-0.006592
-0.006744
-0.008240
-0.006775
-0.006683
-0.003815
-0.000671
-0.002228
-0.004822
-0.006042
-0.004730
-0.003143
-0.000671
-0.000275
-0.002045
-0.003754
-0.003784
-0.001892
-0.000366
0.000763
0.001556
-0.000183
-0.001343
-0.000244
0.000916
0.000214
-0.000977
-0.003052
-0.003082
-0.000946
0.000061
0.002014
0.001801
0.000122
0.001190
0.001617
0.003296
0.006104
0.005157
0.002289
0.002045
0.001770