0.000061
0.000031
0.000000
0.000000
-0.000031
-0.000031
-0.000031
0.000000
0.000000
-0.000061
0.000000
0.000031
-0.000183
0.000122
-0.000214
0.000458
-0.000397
0.000366
-0.000427
0.000427
-0.000122
0.000427
-0.000214
0.027954
0.086365
0.004242
-0.016785
-0.022247
-0.043945
0.053345
0.061371
0.108887
0.138580
0.059875
0.027740
0.048187
0.021118
-0.027039
-0.050354
-0.034729
-0.003174
-0.027679
-0.023651
0.003662
-0.007568
-0.005035
-0.011047
-0.005585
0.002563
0.001343
0.005402
0.001740
-0.003967
0.003540
0.010681
-0.000061
-0.005585
-0.013947
-0.024902
-0.019684
-0.014771
-0.022064
-0.022797
-0.018036
-0.015198
-0.019379
-0.026672
-0.030365
-0.022308
-0.021912
-0.026001
-0.021393
-0.018646
-0.013916
-0.012390
-0.016785
-0.020050
-0.020264
-0.021973
-0.019958
-0.016174
-0.015289
-0.013306
-0.010284
-0.009949
-0.009430
-0.007812
-0.006775
-0.005554
-0.006378
-0.007263
-0.006531
-0.005920
-0.005219
-0.004456
-0.003601
-0.004944
-0.006317
-0.005951
-0.006012
-0.005096
-0.004791
-0.004395
-0.004913
-0.005524
-0.004791
-0.004089
-0.002960
-0.002167
-0.002136
-0.002563
-0.002808
-0.002167
-0.002106
-0.001190
-0.000916
-0.001373
-0.001068
-0.000702
0.000397
-0.000031
-0.000671
-0.001831
-0.002350
-0.001068
-0.000793
0.000305
0.000061
0.001801
-0.002411
0.002106
-0.002411
0.001892
-0.001221
0.000092
-0.000366
0.055237
0.368744
0.151154
-0.243317
-0.328705
0.064636
0.174194
0.100983
0.587219
0.275330
-0.047119
0.119415
-0.017029
-0.170074
-0.091248
-0.214050
-0.212372
0.037506
-0.133301
-0.082794
0.058350
-0.061462
0.003082
-0.020996
-0.025787
-0.032745
-0.005341
-0.035858
-0.048492
-0.020721
0.023743
0.052948
-0.034576
-0.003235
-0.011810
-0.029022
-0.019165
-0.005249
-0.012024
-0.017517
-0.015686
-0.027679
-0.054230
-0.094696
-0.049133
0.001526
-0.012146
-0.032654
-0.029724
-0.007233
-0.001709
-0.008240
-0.012543
-0.017242
-0.023041
-0.025787
-0.006073
0.006866
0.012726
0.004028
-0.001709
-0.006592
-0.008545
-0.003448
-0.002167
-0.005463
-0.011047
-0.013092
-0.011108
-0.005798
0.000885
0.005432
0.000122
-0.006714
-0.008179
-0.004089
-0.000885
0.000763
-0.002869
-0.004639
-0.008026
-0.008759
-0.005005
-0.000244
0.000549
-0.001648
-0.007019
-0.010315
-0.005096
-0.000549
0.003845
0.002869
0.001404
0.000488
0.002808
0.005219
0.005157
0.003082
-0.003510
-0.006287
-0.002441
0.001587
0.005280
0.007141
0.003784
-0.000336
-0.001160
0.001892
0.006104
0.006714
0.003571
0.000122
-0.002167
-0.000214
0.002899
0.004700
0.004456
0.003143
0.000610
0.000702