0.000000
0.000000
0.000061
0.000000
0.000000
-0.000061
0.000061
-0.000183
0.000488
-0.000519
0.000732
-0.000885
0.001038
-0.001282
0.001495
-0.001251
0.001556
-0.000793
0.056976
0.139404
-0.020386
-0.010956
-0.061493
-0.073975
0.122437
0.061737
0.180664
0.228699
0.030701
0.007385
0.075714
-0.014648
-0.093506
-0.082550
-0.062500
-0.026581
-0.049377
-0.031464
-0.001923
-0.014496
-0.003082
-0.008331
-0.007019
-0.016235
-0.018463
-0.012268
-0.007324
-0.016083
-0.007538
0.013214
0.011108
0.004272
-0.005432
-0.004089
-0.009460
-0.017700
-0.010223
0.007233
0.001495
-0.019775
-0.024780
-0.016663
-0.013031
-0.029327
-0.035736
-0.022369
-0.024597
-0.023682
-0.020538
-0.016815
-0.019409
-0.025238
-0.024750
-0.021790
-0.018646
-0.017944
-0.011810
-0.012054
-0.012695
-0.013672
-0.013519
-0.007477
-0.006317
-0.007172
-0.007416
-0.007935
-0.006989
-0.005585
-0.003326
-0.002777
-0.003876
-0.004974
-0.005127
-0.004913
-0.004883
-0.004120
-0.004333
-0.004150
-0.004181
-0.004974
-0.003967
-0.002960
-0.002197
-0.002045
-0.003418
-0.003876
-0.003540
-0.002136
-0.001556
-0.000336
0.000610
-0.000153
-0.000549
-0.000183
0.000427
0.000061
-0.001434
-0.003143
-0.003113
-0.002319
-0.001343
0.000488
0.000916
0.000641
0.002136
0.002777
0.003235
0.004608
-0.000458
0.000641
-0.000580
0.000336
0.000000
-0.001282
0.002197
-0.004364
0.007019
-0.010376
0.013367
0.016968
0.321594
0.080322
-0.161285
-0.085999
-0.230927
0.236603
0.135376
0.248535
0.548279
0.033295
-0.181427
0.098206
-0.010803
-0.212372
-0.167480
-0.148041
0.006866
-0.036591
-0.114990
0.022766
-0.018951
-0.026001
-0.025543
-0.035980
0.005951
-0.003632
-0.036499
-0.029144
-0.023682
-0.023224
0.051056
0.025543
0.027924
0.013489
-0.044983
-0.062897
-0.040955
-0.013672
-0.018860
-0.008728
-0.001801
-0.005890
-0.012695
-0.013855
-0.014282
-0.046753
-0.080322
-0.051025
-0.007385
-0.011505
-0.017090
-0.002075
-0.005585
-0.010498
-0.021240
-0.009796
0.004669
0.000580
-0.007172
-0.010315
-0.011932
-0.011047
-0.002808
-0.003601
0.000275
-0.006226
-0.009338
-0.009064
-0.008575
-0.006378
-0.003937
-0.005768
-0.007111
-0.006470
-0.004333
-0.004120
-0.002747
-0.001251
-0.004272
-0.007660
-0.008209
-0.006958
-0.004456
-0.000732
-0.001617
-0.001129
-0.002747
-0.003723
-0.003296
-0.000916
0.000305
0.000549
0.000397
-0.000793
0.002167
0.005005
0.004364
0.000366
-0.003601
-0.002869
0.000580
0.001923
0.004150
0.002808
0.000732
0.000610
0.001282
0.004181
0.006653
0.004120
0.000793
0.000305
-0.000244
-0.000031
0.002930
0.002991