-0.000092
-0.000031
-0.000031
0.000000
0.000000
-0.000031
-0.000061
0.000061
-0.000153
0.000366
-0.000519
0.000671
-0.000885
0.000916
-0.001129
0.001282
-0.001251
0.001740
-0.001038
0.055237
0.123016
-0.014099
-0.016846
-0.056732
-0.050476
0.095947
0.068146
0.172546
0.190796
0.041534
0.020782
0.057648
-0.010315
-0.068573
-0.080170
-0.059387
-0.017426
-0.044739
-0.031342
-0.001007
-0.015198
-0.004669
-0.003296
-0.011963
-0.013214
-0.008698
-0.012695
-0.009613
-0.019043
-0.005493
0.014801
0.011322
0.008789
0.002625
0.000916
-0.015503
-0.021759
-0.004211
0.003113
-0.013367
-0.022797
-0.019226
-0.015869
-0.019989
-0.034882
-0.031799
-0.019867
-0.023590
-0.023956
-0.018616
-0.015015
-0.016876
-0.024658
-0.027649
-0.021942
-0.019012
-0.017731
-0.014618
-0.013397
-0.012482
-0.013184
-0.012421
-0.007996
-0.005524
-0.007324
-0.007294
-0.006836
-0.007050
-0.004761
-0.003235
-0.003113
-0.003418
-0.004883
-0.004669
-0.004578
-0.005096
-0.004456
-0.004089
-0.004578
-0.005371
-0.005310
-0.004425
-0.003052
-0.002472
-0.003143
-0.003296
-0.003784
-0.002899
-0.002045
-0.001709
-0.000336
0.000153
0.000000
-0.000488
-0.000183
-0.000153
-0.000366
-0.001709
-0.002716
-0.002319
-0.002777
-0.001770
0.000641
0.001343
0.001099
0.001556
0.001984
0.002747
-0.000183
0.000671
-0.001404
0.002319
-0.003998
0.005188
-0.007660
0.010223
-0.013367
0.016907
-0.013245
0.242462
0.251282
-0.157379
-0.113342
-0.240875
0.130707
0.178101
0.185669
0.562714
0.187622
-0.159668
0.020508
0.032104
-0.193970
-0.167603
-0.188690
-0.052643
0.015717
-0.114868
0.005585
-0.015961
-0.034668
-0.000244
-0.061554
-0.014038
0.007355
-0.025116
-0.041382
-0.018036
-0.032501
0.040558
0.035675
0.026550
0.041443
-0.053253
-0.083618
-0.025360
-0.013733
-0.024261
-0.002686
-0.018524
-0.005371
-0.009247
-0.021759
-0.014893
-0.049835
-0.077820
-0.041077
-0.013275
-0.017395
-0.018036
-0.004242
0.001770
-0.011566
-0.025269
-0.011047
0.008667
0.003143
-0.001343
-0.008179
-0.009155
-0.010712
-0.006622
-0.005096
-0.002350
-0.005310
-0.006836
-0.011261
-0.008728
-0.005768
-0.002777
-0.003845
-0.006470
-0.006195
-0.005341
-0.003265
-0.003754
-0.000153
-0.003357
-0.006287
-0.008575
-0.007812
-0.006653
-0.001526
0.000031
-0.001404
-0.003967
-0.004974
-0.003754
-0.002228
0.000305
0.001312
0.000671
0.000122
0.002289
0.004913
0.004608
0.001190
-0.002563
-0.003265
-0.000092
0.001221
0.005096
0.004150
0.001068
0.000397
0.000336
0.003174
0.006683
0.005188
0.000977
-0.000061
-0.000610
0.000000
0.002655
0.003387
0.001648