-0.000061
0.000000
0.000000
0.000000
0.000000
0.000031
-0.000061
-0.000092
0.000061
-0.000031
0.000122
-0.000153
0.000214
-0.000610
0.000793
-0.001160
0.001465
-0.001892
0.003021
0.002380
0.088379
0.116821
-0.060913
-0.072052
0.007507
-0.019135
0.084198
0.223938
0.100159
0.019897
0.102112
0.083282
-0.000122
-0.031372
-0.022095
-0.023682
-0.046478
-0.054626
-0.036072
-0.031433
-0.027893
-0.019012
-0.006592
-0.007843
-0.013947
-0.011658
-0.022278
-0.022614
-0.021637
-0.019531
-0.009003
-0.005920
-0.004791
-0.011230
-0.015625
-0.013977
-0.014191
-0.012024
-0.007721
-0.009583
-0.012024
-0.011658
-0.014435
-0.012665
-0.005737
-0.012878
-0.020752
-0.015747
-0.016235
-0.016418
-0.014313
-0.013000
-0.013702
-0.016022
-0.017120
-0.017548
-0.014374
-0.007568
-0.005524
-0.010529
-0.011169
-0.009308
-0.006744
-0.005035
-0.006134
-0.006287
-0.007080
-0.008667
-0.008850
-0.007874
-0.005341
-0.005432
-0.006744
-0.006378
-0.007294
-0.005981
-0.003967
-0.003418
-0.004211
-0.005920
-0.006287
-0.005310
-0.004150
-0.002716
-0.001617
-0.002747
-0.003967
-0.004913
-0.004913
-0.003021
-0.000702
-0.000458
-0.001923
-0.002228
-0.001221
0.000641
0.001740
-0.000336
-0.002655
-0.002075
-0.000580
0.000122
0.000854
0.001251
0.000854
0.001282
0.001953
0.002441
-0.000092
-0.000214
0.000122
-0.000305
0.000366
-0.000519
0.000641
-0.001160
0.001099
-0.001526
0.001495
-0.001923
0.002106
-0.002747
0.056427
0.189789
0.028503
-0.128906
-0.041260
-0.004547
0.000397
0.267487
0.258606
0.009735
0.109894
0.131348
0.023224
-0.059753
-0.055420
-0.041260
-0.059906
-0.077393
-0.053314
-0.025879
-0.047699
-0.036865
-0.039215
-0.009613
-0.000122
-0.025879
-0.018524
-0.031708
-0.028778
-0.014221
-0.011810
-0.018890
-0.006287
-0.008026
-0.016022
-0.027069
-0.039642
-0.027100
-0.023560
-0.023468
-0.026520
-0.016754
-0.015503
-0.021362
-0.011749
-0.006195
-0.015686
-0.022369
-0.015442
-0.011505
-0.007416
0.000000
0.002014
-0.003082
-0.009796
-0.010529
-0.006409
-0.005371
-0.007507
-0.008514
-0.009216
-0.010315
-0.009247
-0.005768
-0.004181
-0.005127
-0.006897
-0.009033
-0.010010
-0.008667
-0.005524
-0.004608
-0.005219
-0.005737
-0.007263
-0.006470
-0.003967
-0.002777
-0.004242
-0.005951
-0.006683
-0.006409
-0.005585
-0.004547
-0.002838
-0.002594
-0.004974
-0.005890
-0.005554
-0.004211
-0.001892
0.000183
0.001190
0.000854
0.001099
0.000763
0.001801
0.002136
0.000793
0.000580
0.000183
0.000519
0.001892
0.003662
0.001953
-0.000610
-0.000061
0.001068
0.002747
0.003754
0.003143
0.000946
-0.001343
-0.002258