0.000153
-0.000061
0.000000
0.000153
-0.000336
0.000610
-0.000458
0.000519
-0.000336
-0.000122
0.000671
-0.001831
0.003265
-0.004486
0.005585
0.026245
0.208740
0.014801
-0.069672
0.004608
-0.182983
0.134918
0.123413
0.129486
0.353882
0.103363
-0.094025
0.076416
0.065155
-0.147858
-0.150269
-0.081512
-0.014038
-0.069824
-0.070770
0.017883
-0.021820
-0.008484
-0.003113
-0.016022
0.005157
-0.017670
-0.044800
-0.012299
-0.013275
-0.017670
0.026459
0.014557
0.008759
-0.003540
-0.018921
-0.024628
-0.017975
-0.016449
-0.016968
-0.001617
0.001556
-0.007996
-0.009705
-0.009552
-0.017334
-0.028259
-0.032715
-0.029816
-0.024200
-0.026550
-0.027802
-0.017181
-0.016052
-0.021545
-0.023743
-0.017273
-0.011597
-0.008453
-0.011292
-0.011627
-0.008514
-0.010834
-0.009155
-0.005890
-0.004578
-0.006256
-0.007446
-0.008698
-0.007965
-0.006378
-0.005951
-0.005341
-0.006226
-0.007629
-0.005890
-0.005768
-0.003815
-0.001587
-0.002197
-0.004639
-0.005829
-0.005463
-0.003143
0.000671
0.000183
-0.001740
-0.003998
-0.004761
-0.002136
-0.000397
0.000153
0.000671
-0.000122
-0.000763
0.000336
0.001221
-0.000031
-0.001678
-0.003204
-0.003082
-0.001129
-0.000641
0.000977
0.001556
0.000183
0.001801
0.002319
0.003632
0.005676
0.004761
0.002594
0.001495
-0.000031
-0.000031
-0.000031
-0.000061
0.000488
-0.001038
0.001770
-0.003052
0.004059
-0.005920
0.007843
-0.009918
0.011993
-0.004425
0.204987
0.147858
-0.153625
0.035889
-0.229492
0.071686
0.230469
0.034363
0.450745
0.215820
-0.167755
0.038940
0.116272
-0.157135
-0.169342
-0.110016
-0.057495
-0.026001
-0.094482
-0.010559
-0.007599
-0.017822
0.000793
-0.027893
0.004639
0.000244
-0.034027
-0.037720
-0.016418
-0.022858
0.022552
0.028442
0.012634
0.002289
-0.022583
-0.032959
-0.019104
-0.013123
-0.036133
-0.017944
0.005707
-0.005768
-0.003784
-0.006012
-0.017578
-0.023285
-0.036774
-0.037354
-0.036987
-0.032532
-0.020477
-0.003418
-0.012878
-0.020081
-0.018616
-0.016449
-0.007782
-0.009460
-0.010162
-0.009857
-0.009888
-0.011536
-0.006226
-0.003571
-0.003418
-0.004547
-0.004700
-0.007446
-0.010010
-0.008667
-0.006683
-0.006531
-0.006500
-0.008514
-0.007507
-0.006256
-0.004822
-0.001862
-0.002533
-0.004517
-0.005676
-0.004791
-0.003510
-0.001526
-0.001312
-0.001862
-0.002960
-0.003693
-0.002777
-0.000061
0.001282
0.001373
0.000397
-0.001587
-0.000793
0.001343
0.001251
-0.000153
-0.002472
-0.003204
-0.001099
-0.000183
0.001617
0.003296
0.001007
0.000336
0.001495
0.002258
0.005585
0.005463
0.002197
0.001892
0.001984
0.000000