-0.000031
0.000000
-0.000031
-0.000031
0.000000
-0.000031
0.000000
0.000000
-0.000061
0.000000
-0.000061
-0.000031
0.000000
-0.000031
-0.000061
-0.000031
-0.000061
0.000061
0.000000
0.000031
0.000000
-0.000275
0.000610
-0.000610
0.000244
0.000000
0.000946
0.006805
0.049896
0.029236
0.001038
-0.012665
-0.047150
0.020355
0.040344
0.082611
0.118774
0.059387
0.044098
0.063599
0.037048
-0.004395
-0.013855
-0.016724
-0.000977
0.003510
0.010956
0.019867
-0.003021
-0.000854
-0.001221
-0.012390
-0.010681
-0.016846
-0.022736
-0.019897
-0.010284
-0.012817
-0.012604
-0.013336
-0.016998
-0.015015
-0.013672
-0.020508
-0.025024
-0.021759
-0.021088
-0.019623
-0.021210
-0.023895
-0.022583
-0.020294
-0.018005
-0.017731
-0.017426
-0.016937
-0.017242
-0.015350
-0.013702
-0.013916
-0.015289
-0.015900
-0.016205
-0.015320
-0.013733
-0.012665
-0.011688
-0.009705
-0.008667
-0.008728
-0.007843
-0.008301
-0.008484
-0.008148
-0.008209
-0.008362
-0.007721
-0.007538
-0.006653
-0.005280
-0.004913
-0.004944
-0.005127
-0.004974
-0.004364
-0.003998
-0.004303
-0.004181
-0.004486
-0.004272
-0.003601
-0.003143
-0.002655
-0.002930
-0.003448
-0.003326
-0.002747
-0.002502
-0.001709
-0.001190
-0.000946
-0.000946
-0.000214
0.000916
0.000732
0.000305
-0.000916
-0.001221
-0.002563
0.003601
-0.005341
0.007477
-0.010101
0.013031
-0.010315
0.267578
0.399170
-0.218445
-0.461639
0.023315
0.266266
0.057800
0.535797
0.275146
-0.090820
0.236359
-0.019897
-0.076996
-0.053101
-0.172089
-0.205963
-0.026001
-0.121002
-0.128998
0.031586
-0.100250
-0.029785
-0.032410
-0.029694
-0.008789
0.006897
-0.017761
-0.003601
0.062012
-0.078949
-0.050751
0.014160
-0.012665
-0.018677
-0.011932
-0.022766
-0.009125
0.010956
-0.005798
-0.040863
-0.122162
-0.088135
-0.018036
-0.023438
-0.016846
-0.016754
-0.012726
-0.009796
-0.021484
-0.011230
0.015747
0.000671
-0.022797
-0.023468
-0.022125
-0.009094
-0.000244
-0.003876
-0.003326
-0.011353
-0.015411
-0.007416
0.002930
0.004913
0.000000
-0.005402
-0.011078
-0.010834
-0.005249
0.001587
0.002563
-0.000916
-0.005157
-0.005829
-0.003387
0.003021
0.003876
-0.001251
-0.006805
-0.009277
-0.009003
-0.003967
0.000122
0.000732
0.000305
-0.003876
-0.006958
-0.004181
0.000153
0.003479
0.005737
0.000793
-0.002441
-0.000366
0.003815
0.005493
0.004944
-0.001801
-0.006622
-0.002930
0.000305
0.003662
0.006897
0.003296
-0.002441
-0.001617
0.001831
0.005219
0.007172
0.005157
0.000793
-0.001068
0.000854
0.004364
0.005768
0.005737
0.002808
-0.000031
0.000732
0.004456
0.005859