0.000000
0.000031
0.000031
0.000000
0.000031
-0.000031
0.000000
0.000000
0.000000
0.000000
0.000092
-0.000061
0.000000
0.000000
0.000122
0.000000
0.000183
-0.000061
0.000244
-0.000458
0.000519
0.000061
-0.000092
0.000702
0.010284
0.039612
0.044067
0.007935
-0.075317
-0.040863
0.039001
0.071472
0.113525
0.074463
0.062256
0.057770
0.044250
0.030243
0.022095
0.003479
-0.012390
0.016144
0.003479
-0.008240
0.000732
-0.003998
-0.005737
-0.007050
-0.021942
-0.020966
-0.010925
-0.018372
-0.015106
-0.019165
-0.020447
-0.010529
-0.009064
-0.005493
-0.010315
-0.015015
-0.020477
-0.018250
-0.017120
-0.018463
-0.016510
-0.017853
-0.018402
-0.017334
-0.016998
-0.020752
-0.021149
-0.021729
-0.019409
-0.017731
-0.018646
-0.016327
-0.014893
-0.015656
-0.014740
-0.013947
-0.013885
-0.013794
-0.013824
-0.013031
-0.012848
-0.012573
-0.011749
-0.011810
-0.011597
-0.010223
-0.009399
-0.009399
-0.008972
-0.008179
-0.008057
-0.007111
-0.007050
-0.006012
-0.005402
-0.005524
-0.005188
-0.004272
-0.003723
-0.003845
-0.003021
-0.003143
-0.003845
-0.003754
-0.003601
-0.003113
-0.002441
-0.002594
-0.003143
-0.003296
-0.003052
-0.002686
-0.001648
-0.001160
-0.000916
-0.001221
-0.001099
-0.000702
-0.000519
0.000214
0.000244
0.000336
0.000092
0.000488
0.006104
-0.007812
0.009766
-0.014618
0.109222
0.394562
0.152466
-0.485321
-0.351379
0.425659
0.110260
0.271790
0.407990
-0.023315
0.211578
0.055908
-0.027435
-0.079956
-0.129791
-0.171143
-0.109406
-0.085236
-0.149872
-0.006836
-0.071930
-0.035095
-0.049042
-0.018799
-0.007690
-0.043213
-0.005096
-0.014282
0.004059
-0.022522
0.028961
0.010315
0.004333
-0.017792
-0.072327
-0.040497
-0.027802
-0.008270
0.010223
0.006104
-0.029053
-0.027924
-0.019135
-0.058441
-0.067230
-0.043884
-0.014404
-0.023071
-0.029785
-0.021515
0.005310
0.007843
-0.016693
-0.012634
-0.013000
-0.014862
-0.009949
-0.006958
-0.008789
-0.010651
-0.016724
-0.015900
-0.001221
0.004883
0.001556
-0.003540
-0.012482
-0.011017
-0.009460
-0.003998
0.000305
-0.000031
-0.000916
-0.002441
-0.002777
-0.000397
0.006256
0.004913
-0.001404
-0.007904
-0.011200
-0.007446
-0.002228
0.001984
0.002625
-0.003723
-0.008240
-0.007843
-0.000092
0.002289
0.002655
0.000214
-0.004089
-0.003418
0.000458
0.004761
0.005157
0.001923
-0.004913
-0.004578
-0.002289
0.001434
0.006439
0.005341
-0.000092
-0.001587
-0.000641
0.002991
0.006714
0.007599
0.004456
0.001129
0.001373
0.004730
0.007721
0.006500
0.004333
0.000977
0.000031
0.002167
0.003418
0.003784
0.003784
0.002869