-0.000031
-0.000061
0.000000
0.000000
-0.000092
0.000000
-0.000092
0.000061
-0.000061
0.000000
0.000061
-0.000214
0.000275
-0.000732
0.001404
-0.001892
0.001953
0.006866
0.075623
0.061340
0.006775
-0.063202
-0.083588
0.058929
0.052795
0.135620
0.171387
0.057281
0.041229
0.073547
0.023438
-0.031921
-0.030640
-0.064545
-0.028503
-0.024872
-0.043701
-0.010345
-0.014923
-0.008820
0.002136
-0.010529
-0.004822
0.006226
-0.014374
-0.020538
-0.004669
-0.004395
0.010834
0.003082
0.000916
0.008209
0.000702
-0.009430
-0.014099
-0.015198
-0.025177
-0.023682
-0.008423
-0.009460
-0.021271
-0.016663
-0.011169
-0.009064
-0.016663
-0.026764
-0.024170
-0.021149
-0.020813
-0.020264
-0.019226
-0.017365
-0.018341
-0.021881
-0.022858
-0.020477
-0.018494
-0.017120
-0.018188
-0.018097
-0.014923
-0.013031
-0.010345
-0.010590
-0.010132
-0.008209
-0.008972
-0.006958
-0.004425
-0.003967
-0.004211
-0.004913
-0.003845
-0.004272
-0.003967
-0.003204
-0.003174
-0.003235
-0.005615
-0.005676
-0.004913
-0.003082
-0.002106
-0.002747
-0.003204
-0.004425
-0.003082
-0.001862
-0.001495
-0.000946
-0.001251
-0.001282
-0.000702
-0.000336
0.000336
-0.000427
-0.001221
-0.001434
-0.001587
-0.000977
0.000183
0.001099
0.000549
0.000092
-0.000183
-0.000092
0.000702
0.000824
-0.002991
0.004059
-0.006348
0.009003
-0.012390
0.016510
-0.017853
0.196136
0.291595
0.034576
-0.307281
-0.336304
0.256226
0.093445
0.380432
0.512878
0.001892
0.036316
0.083557
-0.094269
-0.171539
-0.109070
-0.260254
-0.072388
0.011200
-0.132446
0.023621
-0.003113
-0.025970
-0.008331
-0.055634
-0.019745
-0.021912
-0.049561
-0.029541
0.015930
-0.029236
0.014893
-0.012573
0.006042
0.027161
-0.024139
0.001953
0.000793
-0.053375
-0.038574
0.014771
-0.039307
-0.024780
-0.022888
-0.024323
0.021149
0.004150
-0.018616
-0.039886
-0.061035
-0.041290
-0.012695
-0.025848
-0.026367
-0.008728
-0.018097
-0.016602
-0.014313
-0.006500
0.004669
-0.004517
-0.009094
-0.011871
-0.002380
0.002014
0.001984
-0.005157
-0.011139
-0.016998
-0.014740
-0.007294
-0.002258
0.000977
-0.003601
-0.006531
-0.006592
-0.003052
0.001953
0.004089
-0.001221
-0.005066
-0.008423
-0.006744
-0.001343
0.003204
0.001495
-0.004059
-0.010681
-0.009949
-0.005219
-0.000671
0.001495
-0.000153
-0.003998
-0.005188
-0.001862
0.000763
0.004730
0.002777
-0.000763
-0.002930
-0.001160
0.003235
0.007263
0.006317
0.001129
-0.001709
-0.001678
0.001526
0.006989
0.008606
0.006195
0.003021
0.000916
0.002747
0.004913
0.005157
0.003387
0.001892
0.000305
0.001434
0.002258