0.000000
0.000000
0.000000
0.000000
0.000031
0.000061
0.000031
0.000000
0.000000
0.000000
0.000000
0.000031
0.000000
0.000031
-0.000061
-0.000031
0.000153
-0.000031
0.000122
0.000031
0.000000
-0.000122
0.000854
0.000031
-0.000580
-0.000763
0.005371
0.026947
0.037750
0.040558
-0.045044
-0.069641
0.019775
0.063324
0.099426
0.074280
0.061554
0.090515
0.089996
0.056946
0.029297
0.020966
-0.002594
-0.011566
-0.019196
-0.025299
-0.028015
-0.027863
-0.016907
-0.014709
-0.016296
-0.011414
-0.004730
-0.013733
-0.016998
-0.017609
-0.023224
-0.021027
-0.014038
-0.010956
-0.012604
-0.013153
-0.015961
-0.013672
-0.015259
-0.018890
-0.020416
-0.021149
-0.019806
-0.017975
-0.018158
-0.019409
-0.019348
-0.017334
-0.013794
-0.013428
-0.015564
-0.015778
-0.014252
-0.014404
-0.014130
-0.012085
-0.011658
-0.012726
-0.012604
-0.011993
-0.011169
-0.010559
-0.011810
-0.013611
-0.013184
-0.012054
-0.009918
-0.008606
-0.008392
-0.008270
-0.007477
-0.006958
-0.007080
-0.006195
-0.005188
-0.004425
-0.005035
-0.004913
-0.004639
-0.003815
-0.003021
-0.003113
-0.002777
-0.003326
-0.004150
-0.003510
-0.002777
-0.002472
-0.002747
-0.003235
-0.003021
-0.002045
-0.001007
-0.000549
-0.000092
0.000122
-0.000366
0.000061
0.000488
0.000671
0.000854
0.000580
0.005554
-0.008179
0.011536
-0.017395
0.183685
0.411652
-0.074341
-0.595917
0.038666
0.433075
-0.015106
0.338776
0.208893
0.064514
0.216248
0.039032
-0.001953
-0.140228
-0.080292
-0.120544
-0.101105
-0.118469
-0.084808
-0.054260
-0.086273
-0.035553
-0.062164
0.003540
-0.038361
-0.020020
-0.005219
-0.020203
-0.026611
0.019867
0.024933
-0.012390
0.015228
-0.039581
-0.031952
-0.026215
-0.025909
-0.009033
-0.011688
-0.021973
-0.037079
-0.032501
-0.067749
-0.068085
-0.035034
-0.016357
-0.017731
-0.030792
-0.016663
-0.000793
0.010254
-0.005493
-0.015289
-0.013000
-0.013184
-0.008667
-0.002838
-0.003510
-0.007111
-0.009064
-0.016724
-0.014557
-0.004181
-0.003784
-0.007935
-0.010132
-0.012146
-0.009003
-0.003479
0.003143
0.002747
0.001129
-0.001862
-0.002747
-0.001709
0.001526
0.004822
0.001190
-0.004791
-0.009094
-0.008362
-0.005737
-0.001099
0.002258
0.000977
-0.005463
-0.007874
-0.003448
0.001007
0.001434
0.001740
-0.000763
-0.002655
-0.000092
0.003815
0.004120
0.003296
-0.003235
-0.006714
-0.003845
-0.000061
0.005188
0.006226
0.003418
-0.002319
-0.001678
0.000519
0.003876
0.006592
0.006104
0.003021
0.001282
0.003693
0.006348
0.007355
0.006073
0.003571
0.001404
0.002136
0.003998
0.003845
0.002747
0.002563
0.002563