0.000031
0.000000
0.000061
0.000000
0.000031
0.000061
0.000000
0.000000
0.000031
0.000000
0.000061
0.000031
0.000000
0.000000
-0.000061
0.000092
0.000092
0.000000
0.000275
0.000000
0.000000
-0.000244
0.001251
-0.000580
0.000153
-0.000305
0.017639
0.033966
0.047791
-0.006653
-0.099579
-0.004395
0.081543
0.073578
0.070190
0.061401
0.070618
0.076019
0.071747
0.045227
0.035522
0.010681
-0.007751
-0.004761
-0.017822
-0.014221
-0.020935
-0.031921
-0.020538
-0.011719
-0.016968
-0.012848
-0.008514
-0.012543
-0.020172
-0.021088
-0.014313
-0.014221
-0.012787
-0.014160
-0.013458
-0.016327
-0.015991
-0.012543
-0.016327
-0.019897
-0.019745
-0.019592
-0.019104
-0.018066
-0.020782
-0.020050
-0.018707
-0.017609
-0.014862
-0.015106
-0.015869
-0.014862
-0.014740
-0.014313
-0.013672
-0.012115
-0.012421
-0.013031
-0.012634
-0.011932
-0.011261
-0.011749
-0.011444
-0.012329
-0.012878
-0.011658
-0.009766
-0.008362
-0.008209
-0.007935
-0.007629
-0.006226
-0.005432
-0.006287
-0.005890
-0.005371
-0.004486
-0.004456
-0.003937
-0.003571
-0.003143
-0.002716
-0.003326
-0.003387
-0.003662
-0.002777
-0.002655
-0.002991
-0.003723
-0.003326
-0.002228
-0.001709
-0.001221
-0.000977
-0.000366
-0.000397
-0.000183
0.000244
0.000366
0.001038
0.000763
0.000122
0.005707
-0.008514
0.012024
-0.017426
0.191742
0.411530
-0.057251
-0.607422
-0.000916
0.445221
0.000214
0.366974
0.219940
0.045319
0.218384
0.023560
-0.011230
-0.128937
-0.095306
-0.133484
-0.092010
-0.123260
-0.096741
-0.041931
-0.083130
-0.035950
-0.058655
0.008484
-0.040314
-0.026184
-0.006042
-0.014069
-0.020447
0.012573
0.039215
-0.008392
0.007568
-0.043732
-0.047424
-0.026245
-0.024323
-0.013123
-0.003204
-0.010101
-0.037598
-0.023376
-0.058960
-0.075897
-0.039185
-0.018250
-0.016541
-0.031342
-0.024567
-0.002258
0.014282
-0.007294
-0.016144
-0.010651
-0.012787
-0.009979
-0.007263
-0.005768
-0.005646
-0.010498
-0.017944
-0.014252
-0.002258
-0.001740
-0.005768
-0.008301
-0.011993
-0.009216
-0.005493
0.002106
0.002838
0.001190
-0.002686
-0.003571
-0.001160
0.001892
0.005737
0.001251
-0.004608
-0.008606
-0.009369
-0.005829
-0.001465
0.002869
0.001373
-0.005249
-0.008698
-0.004944
0.001495
0.002197
0.002502
-0.001160
-0.003143
-0.000488
0.003418
0.004242
0.003998
-0.002380
-0.006653
-0.004333
-0.000885
0.005005
0.006775
0.003662
-0.002045
-0.001831
0.000183
0.003845
0.007080
0.006104
0.002869
0.001099
0.003479
0.006653
0.007324
0.006256
0.003204
0.001099
0.001373
0.003326
0.004089
0.003357
0.003174
0.002563