0.000000
0.000000
0.000061
0.000000
0.000031
0.000031
0.000000
0.000031
0.000031
0.000000
0.000000
0.000000
0.000000
0.000092
0.000000
0.000000
-0.000031
0.000122
0.000000
0.000031
-0.000305
0.000397
-0.000031
0.000916
-0.000671
0.000244
-0.001556
0.016052
0.038849
0.052368
-0.014282
-0.147034
-0.078339
0.054718
0.101501
0.123108
0.094818
0.059021
0.051605
0.054413
0.034546
0.036804
0.032379
0.007751
0.000000
-0.012115
-0.010498
-0.015167
-0.014282
-0.022766
-0.031281
-0.002045
-0.000580
-0.009369
-0.001251
0.004211
-0.005157
-0.010529
-0.004944
-0.020782
-0.030914
-0.027954
-0.017761
-0.010406
-0.011322
-0.013550
-0.018005
-0.013367
-0.010895
-0.005341
-0.004852
-0.013275
-0.019775
-0.020294
-0.019867
-0.019775
-0.014435
-0.012604
-0.016998
-0.021057
-0.016052
-0.010193
-0.009125
-0.010834
-0.013062
-0.015289
-0.014954
-0.012543
-0.011841
-0.011078
-0.012817
-0.016083
-0.014130
-0.011993
-0.011353
-0.010773
-0.010956
-0.010559
-0.010406
-0.010071
-0.010254
-0.008759
-0.005859
-0.004120
-0.005585
-0.007111
-0.006775
-0.005310
-0.003540
-0.003143
-0.002808
-0.003174
-0.003540
-0.004089
-0.003235
-0.001709
-0.001556
-0.001617
-0.002319
-0.001434
-0.000427
-0.000061
-0.000244
-0.001404
-0.001617
-0.001221
-0.000214
0.000000
0.001007
-0.001953
0.002289
-0.003571
0.004761
-0.006470
0.008362
-0.012970
0.067230
0.289978
0.128113
-0.562103
-0.436401
0.468262
0.247192
0.269287
0.366028
0.001099
0.088806
0.095825
0.135712
-0.054443
-0.097900
-0.073090
-0.087860
-0.079712
-0.110992
-0.034637
-0.104553
-0.062866
-0.059723
-0.001923
-0.027618
-0.001892
0.005249
-0.047729
0.001709
-0.023956
-0.031036
-0.023987
0.007721
-0.028320
0.002747
0.001068
-0.012360
-0.014282
-0.027771
-0.005524
-0.020264
-0.024200
-0.017090
-0.014008
-0.030487
-0.029541
-0.020599
-0.031525
-0.030304
-0.041565
-0.029755
-0.020203
-0.019958
-0.008789
-0.004517
-0.004211
-0.009918
-0.003204
-0.008575
-0.002380
-0.007019
-0.012512
-0.015228
-0.015228
-0.010864
-0.005829
-0.003174
-0.008087
-0.002655
-0.003143
-0.004272
-0.005005
-0.001984
-0.001282
-0.003296
-0.005585
-0.005035
-0.003052
-0.000977
0.000061
-0.000244
-0.002228
-0.003662
-0.004700
-0.001740
-0.001495
-0.002289
-0.004333
-0.004242
-0.003571
-0.002075
0.002319
0.001892
0.003479
0.000641
-0.001770
-0.002838
-0.002533
-0.000824
0.001862
0.001221
-0.001465
-0.002808
-0.001709
0.000000
0.001038
0.000641
-0.001282
-0.000366
0.001831
0.003082
0.004150
0.004486
0.003632
0.003784
0.003967
0.003967
0.004242
0.005432
0.006073