0.000061
0.000031
0.000031
0.000031
0.000000
0.000061
0.000031
0.000061
0.000000
0.000031
0.000031
0.000031
0.000031
0.000061
0.000000
0.000000
0.000000
0.000031
0.000061
0.000244
-0.000153
0.000214
-0.000183
0.001282
-0.000763
0.000427
-0.001770
0.017029
0.035706
0.044434
-0.015381
-0.133453
-0.060699
0.050262
0.090546
0.110046
0.072449
0.055756
0.058716
0.055573
0.045380
0.045288
0.029663
0.017181
0.006897
-0.015289
-0.004883
-0.007507
-0.020966
-0.018158
-0.009796
-0.025696
-0.014679
0.006012
-0.008148
-0.005402
-0.003784
-0.008392
-0.018311
-0.011383
-0.014740
-0.029297
-0.025452
-0.015503
-0.008179
-0.011688
-0.011261
-0.011566
-0.009521
-0.008453
-0.010864
-0.014252
-0.018036
-0.021942
-0.022034
-0.014130
-0.012573
-0.015442
-0.020660
-0.019989
-0.015656
-0.012665
-0.011200
-0.011414
-0.011292
-0.015503
-0.015533
-0.013000
-0.011383
-0.011505
-0.014282
-0.014648
-0.014252
-0.014069
-0.013336
-0.012787
-0.011780
-0.009918
-0.008118
-0.007690
-0.007507
-0.006714
-0.006592
-0.006470
-0.006165
-0.005890
-0.006592
-0.005920
-0.003998
-0.002838
-0.003082
-0.003998
-0.003754
-0.002533
-0.002106
-0.001343
-0.001190
-0.001648
-0.002106
-0.001831
-0.000580
-0.000305
-0.001007
-0.001709
-0.002472
-0.002289
-0.001099
0.000488
0.000092
-0.000946
0.001526
-0.003052
0.005005
-0.007904
0.011993
-0.018768
0.143372
0.313263
-0.001648
-0.733246
-0.264740
0.620789
0.230316
0.357300
0.250275
-0.014526
0.085114
0.086243
0.130524
-0.093719
-0.080719
-0.118011
-0.083710
-0.108795
-0.103027
-0.036835
-0.096405
-0.055878
-0.058685
0.018219
-0.035645
0.012878
-0.015594
-0.037659
0.005127
-0.004761
-0.027313
-0.034119
0.001312
-0.031799
-0.007141
-0.010468
-0.005219
-0.023468
-0.024780
0.001892
-0.003265
-0.014587
-0.024780
-0.011078
-0.023132
-0.030823
-0.023529
-0.035736
-0.038208
-0.040955
-0.026550
-0.024017
-0.015076
-0.008942
-0.003387
-0.003021
-0.012085
-0.005219
-0.006165
-0.004425
-0.012085
-0.015656
-0.019653
-0.014252
-0.008240
-0.002258
-0.005463
-0.006470
-0.002106
-0.002747
-0.004547
-0.004730
-0.000732
-0.000793
-0.003418
-0.005737
-0.005096
-0.001923
0.000732
0.000977
-0.001038
-0.003632
-0.003662
-0.004700
-0.001434
-0.001862
-0.002930
-0.004272
-0.003052
-0.003296
-0.000336
0.003143
0.003479
0.003021
-0.000397
-0.003113
-0.003662
-0.001984
0.000000
0.003143
-0.000092
-0.002289
-0.003082
-0.001617
0.000153
0.001129
0.000427
-0.000549
0.000366
0.002045
0.003845
0.005798
0.004883
0.003326
0.003235
0.003296
0.004364
0.004578
0.005096
0.004974