0.000031
-0.000061
0.000031
0.000000
-0.000061
0.000000
0.000031
-0.000122
0.000305
-0.000580
0.000763
-0.001221
0.001434
-0.001892
0.002319
-0.001923
0.029388
0.056213
0.050262
-0.030243
-0.213165
-0.087677
0.070251
0.167542
0.233551
0.090454
0.036591
0.040375
0.024567
0.017029
0.033356
-0.001923
-0.023346
-0.006165
-0.034607
-0.011902
-0.011047
-0.029968
-0.012329
-0.014496
-0.012909
0.002686
0.003387
-0.000519
0.016937
0.004486
-0.002808
-0.002167
-0.020325
-0.037720
-0.023468
-0.008301
-0.015594
-0.006287
-0.007965
-0.012817
-0.015137
-0.005768
-0.001312
-0.004608
-0.011017
-0.024841
-0.013336
-0.000397
-0.006653
-0.013062
-0.010986
-0.013428
-0.020569
-0.019348
-0.014893
-0.014252
-0.016693
-0.020630
-0.018738
-0.016571
-0.014069
-0.012146
-0.013885
-0.015198
-0.017639
-0.019714
-0.020569
-0.019684
-0.017883
-0.013763
-0.012482
-0.015106
-0.014679
-0.012695
-0.008789
-0.006561
-0.007538
-0.008118
-0.009369
-0.008148
-0.005127
-0.002563
-0.002350
-0.003662
-0.003906
-0.004456
-0.004333
-0.003357
-0.001892
-0.000946
-0.001099
-0.001648
-0.001892
-0.000641
0.001007
0.000549
-0.000977
-0.002991
-0.003204
-0.000824
0.000549
0.000793
-0.000305
-0.002075
-0.002625
-0.001221
0.000702
0.001587
0.000916
-0.000275
0.000000
0.000793
-0.006165
0.007080
-0.007812
0.008362
-0.009979
0.058319
0.235748
0.167725
-0.144592
-0.875427
0.015503
0.714050
0.390717
0.499084
-0.060211
-0.070648
0.073669
0.066803
-0.032562
-0.084198
-0.126709
-0.187836
-0.003479
-0.133087
-0.036621
0.004974
-0.042175
-0.032684
-0.027344
0.006989
-0.009094
0.013123
-0.051910
-0.029327
-0.028778
-0.025055
-0.018005
-0.002533
-0.016998
-0.034302
-0.014160
-0.012482
0.006195
-0.015778
-0.014343
-0.001251
0.006775
0.009247
0.000000
-0.037292
-0.047455
-0.012024
-0.011627
0.014221
0.004242
-0.031158
-0.008453
0.003784
-0.006165
-0.031097
-0.044250
-0.036133
-0.019073
-0.032349
-0.031738
-0.008057
-0.005066
-0.010101
-0.020355
-0.016083
-0.002777
0.000366
-0.003387
-0.001465
-0.007507
-0.013214
-0.013031
-0.008667
-0.001648
-0.000031
-0.002686
-0.007996
-0.009735
-0.008118
-0.003265
0.001068
-0.000610
-0.002197
-0.006927
-0.005798
-0.001648
0.002655
0.002716
-0.001160
-0.001923
-0.003998
0.000427
0.002014
0.002197
0.000580
-0.003418
-0.005951
-0.006836
-0.003906
0.001678
0.002838
-0.000519
-0.003510
-0.004425
-0.001251
0.002441
0.002777
-0.000183
-0.001740
-0.000610
0.002472
0.005005
0.005371
0.004028
0.002411
0.001953
0.002258
0.002594
0.004028
0.004852
0.004425
0.002289
0.002594