0.000000
-0.000031
-0.000092
0.000275
-0.000183
0.000336
-0.000397
0.000244
-0.000458
0.000214
0.000153
0.000153
0.000244
0.004425
0.048492
0.062103
0.043396
-0.158081
-0.176331
0.112946
0.167786
0.124603
0.073853
0.051788
0.068512
0.073090
0.037476
0.000214
0.011047
-0.017151
-0.010712
-0.014313
-0.021179
-0.007599
-0.011688
-0.020264
-0.018188
-0.008362
-0.013123
-0.003662
-0.005859
-0.012939
-0.018341
-0.007416
-0.017365
-0.029999
-0.006500
-0.008331
-0.009064
-0.002350
-0.009003
-0.012268
-0.012054
-0.012573
-0.012299
-0.017731
-0.018860
-0.010803
-0.013336
-0.015350
-0.012360
-0.010162
-0.006256
-0.011200
-0.016937
-0.018372
-0.017242
-0.013977
-0.006104
-0.002167
-0.007538
-0.011963
-0.011932
-0.010223
-0.014374
-0.019958
-0.025208
-0.027374
-0.021179
-0.011993
-0.011566
-0.017487
-0.018585
-0.014008
-0.009979
-0.010223
-0.008759
-0.006836
-0.007324
-0.008850
-0.009766
-0.010223
-0.010284
-0.008392
-0.006500
-0.005554
-0.006226
-0.006226
-0.004852
-0.003723
-0.003693
-0.004364
-0.004242
-0.004547
-0.003143
-0.001617
-0.000366
0.000275
0.000519
0.000549
-0.000641
-0.000580
0.000732
0.002136
0.001923
0.000366
-0.000641
-0.000488
0.000549
0.001251
0.001282
0.000763
0.000580
0.000641
0.000641
0.001343
0.001251
0.000488
-0.007446
0.009644
-0.013214
0.081635
0.219788
0.188507
-0.206116
-0.536163
0.241394
0.430786
0.132202
0.197876
0.062042
0.123077
0.132355
0.038300
-0.139801
-0.098389
-0.058899
-0.117157
-0.081940
-0.094482
-0.025116
-0.042053
-0.034241
-0.038666
-0.007294
-0.016083
-0.010101
-0.014404
-0.034698
-0.009308
-0.023132
0.002563
-0.003387
0.003906
-0.013763
-0.026825
-0.044098
-0.028473
0.000977
-0.012634
-0.001648
-0.008057
-0.020935
-0.015656
-0.011047
-0.007141
-0.009735
-0.022705
-0.025269
-0.009979
-0.023438
-0.016296
0.003815
-0.002930
-0.012085
-0.014526
-0.011719
-0.012299
-0.024292
-0.036713
-0.026306
-0.021393
-0.012421
-0.006378
-0.010254
-0.012756
-0.010193
-0.006989
-0.007843
-0.011200
-0.005829
0.002014
0.000031
-0.005859
-0.009155
-0.006897
-0.005066
-0.002716
-0.001587
-0.002441
-0.006622
-0.006256
-0.005280
-0.004608
-0.002625
-0.003326
-0.002350
-0.002075
-0.006592
-0.003754
-0.000916
0.001282
0.001862
-0.001038
-0.001770
-0.000427
0.000427
0.000671
0.001038
-0.002075
-0.002014
-0.002747
-0.000824
0.000763
0.002136
0.000946
-0.002106
-0.002289
-0.001129
0.001923
0.004364
0.003662
0.000305
-0.000885
0.000244
0.002197
0.003265
0.002686
0.002777
0.003113
0.003357
0.004181
0.002594
0.001801
0.002228
0.003113