0.000000
-0.000031
0.000031
0.000244
-0.000122
0.000275
-0.000519
0.000793
-0.001129
0.001648
-0.001923
0.003052
-0.002502
0.035095
0.057556
0.065857
-0.050598
-0.240845
-0.004272
0.181030
0.160004
0.118103
0.038208
0.051727
0.065948
0.053650
0.003174
0.011963
-0.012268
-0.023590
-0.003052
-0.031281
-0.016541
-0.009003
-0.014008
-0.022003
-0.010559
-0.000732
-0.001160
-0.002350
-0.011200
-0.015930
-0.016327
-0.009979
-0.015289
-0.010040
-0.006927
-0.013275
-0.017487
-0.012726
-0.016022
-0.014740
-0.007416
-0.009491
-0.005646
-0.006287
-0.009033
-0.014465
-0.018951
-0.016998
-0.014709
-0.012268
-0.013092
-0.016327
-0.011444
-0.005676
-0.010101
-0.010681
-0.006866
-0.011932
-0.014038
-0.012604
-0.014923
-0.017578
-0.018707
-0.019440
-0.019562
-0.017456
-0.015198
-0.015686
-0.017639
-0.017731
-0.018585
-0.017242
-0.013031
-0.009918
-0.009155
-0.009033
-0.008972
-0.008179
-0.007446
-0.007202
-0.006805
-0.006134
-0.005280
-0.005463
-0.007385
-0.007843
-0.005310
-0.003143
-0.003418
-0.004395
-0.003723
-0.002014
0.000214
0.000854
0.000946
0.001251
0.000244
-0.001038
-0.001099
0.000427
0.001526
0.000885
-0.000488
-0.001007
-0.000641
0.000061
0.000854
0.001434
0.001068
0.000641
0.000854
0.000671
0.001129
0.001892
0.001465
0.001038
-0.009003
0.010223
-0.012939
0.065155
0.211639
0.201904
-0.048950
-0.688568
0.127258
0.570526
0.088013
0.231232
0.079102
0.117188
0.120178
0.064789
-0.146515
-0.138550
-0.070312
-0.147583
-0.041412
-0.113831
-0.025818
-0.030884
-0.027191
-0.017700
-0.017822
0.003754
-0.007507
-0.018768
-0.054688
-0.007782
-0.038727
-0.002197
-0.002563
-0.003326
0.006073
-0.008575
-0.036255
-0.048004
-0.013245
-0.008972
0.005615
-0.007599
-0.024628
-0.010925
-0.008301
0.001160
-0.001678
-0.009766
-0.034943
-0.026337
-0.000275
-0.017670
-0.012878
-0.002075
-0.001251
-0.011627
-0.012451
-0.012085
-0.019104
-0.033844
-0.036438
-0.025665
-0.022491
-0.015289
-0.010681
-0.010986
-0.008850
-0.010498
-0.011383
-0.007294
-0.003265
-0.000458
-0.000122
-0.003265
-0.009338
-0.008484
-0.008911
-0.003723
-0.000610
-0.001068
-0.006165
-0.008545
-0.003967
-0.003754
-0.001923
-0.002319
-0.005188
-0.002838
-0.006348
-0.004486
0.000763
0.001282
0.002472
-0.000336
-0.000763
0.000641
0.001373
-0.000092
0.001678
-0.002563
-0.004578
-0.003082
-0.001984
0.000580
0.002014
0.000580
-0.002014
-0.002136
-0.001129
0.002289
0.004425
0.004181
0.001617
-0.000854
-0.000854
0.002625
0.004791
0.003601
0.001862
0.001282
0.002197
0.004059
0.003510
0.003082
0.003265
0.003326