0.000000
0.000000
-0.000061
0.000305
-0.000153
0.000397
-0.000610
0.000732
-0.000854
0.001007
-0.000824
0.001343
-0.001221
0.012909
0.053925
0.060883
0.026825
-0.195587
-0.136261
0.145386
0.164673
0.134125
0.062805
0.045319
0.063080
0.064972
0.025024
0.000854
0.009552
-0.019226
-0.009094
-0.017059
-0.018280
-0.012543
-0.010132
-0.016754
-0.020111
-0.005219
-0.000916
-0.002563
-0.013763
-0.010437
-0.017578
-0.014526
-0.011322
-0.011658
-0.017151
-0.014313
-0.005096
-0.011963
-0.009186
-0.015228
-0.016724
-0.009796
-0.005676
-0.006439
-0.009613
-0.019653
-0.020538
-0.009918
-0.012939
-0.012939
-0.012207
-0.015411
-0.014771
-0.009399
-0.008881
-0.013733
-0.008972
-0.006653
-0.010101
-0.011993
-0.014038
-0.015747
-0.016907
-0.019379
-0.022156
-0.020691
-0.017639
-0.014923
-0.015442
-0.016937
-0.017517
-0.017273
-0.013519
-0.010101
-0.009521
-0.008667
-0.007751
-0.008026
-0.008392
-0.008392
-0.007935
-0.006775
-0.005646
-0.005615
-0.006836
-0.007599
-0.005524
-0.003448
-0.003357
-0.004425
-0.004456
-0.002838
-0.001221
-0.000244
0.000702
0.001312
0.000732
-0.000488
-0.000824
-0.000214
0.000854
0.001312
0.000702
-0.000092
-0.000763
-0.000580
0.000549
0.001312
0.001373
0.000946
0.000641
0.000488
0.000610
0.001526
0.001953
0.001404
-0.010590
0.013672
-0.018066
0.102509
0.216248
0.199921
-0.210236
-0.620636
0.329834
0.449097
0.100037
0.220215
0.061890
0.129974
0.116547
0.043793
-0.173828
-0.101044
-0.085449
-0.129730
-0.059937
-0.100708
-0.017578
-0.045746
-0.019470
-0.037048
-0.003601
-0.004364
-0.008575
-0.019348
-0.038086
-0.014801
-0.035034
0.009003
-0.010895
-0.001740
0.000427
-0.014923
-0.046722
-0.039368
-0.003937
-0.005585
0.001312
-0.012695
-0.019104
-0.014465
-0.006989
0.002228
-0.006409
-0.020508
-0.036072
-0.012939
-0.008972
-0.016968
-0.006500
-0.001923
-0.004578
-0.015717
-0.013000
-0.013000
-0.022827
-0.038452
-0.028809
-0.022919
-0.018524
-0.008026
-0.011597
-0.013855
-0.009521
-0.008331
-0.009796
-0.009155
-0.002563
0.001740
-0.000397
-0.006073
-0.009552
-0.007904
-0.007294
-0.002167
-0.000641
-0.002411
-0.007416
-0.006409
-0.004059
-0.004272
-0.001587
-0.003662
-0.003937
-0.002350
-0.006989
-0.003296
-0.000153
0.002014
0.002411
-0.001282
-0.000671
0.000580
0.000610
0.000793
0.000793
-0.003448
-0.003082
-0.002716
-0.001648
0.000397
0.002563
0.000122
-0.002319
-0.002136
-0.000732
0.002563
0.004333
0.004089
0.000458
-0.001312
-0.000244
0.003052
0.004730
0.002838
0.001343
0.001984
0.003235
0.003937
0.002869
0.002777
0.003113
0.003540