-0.000031
-0.000092
-0.000061
0.000061
0.000000
0.000000
-0.000061
-0.000092
0.000122
0.000000
0.000092
-0.000061
-0.000275
0.000366
-0.000885
0.001526
-0.002136
0.003235
-0.001068
0.047913
0.063690
0.069550
-0.110046
-0.256439
0.081757
0.217804
0.144562
0.092102
0.052856
0.071045
0.070892
0.041748
-0.022522
-0.011810
-0.034271
-0.026611
-0.015564
-0.032196
-0.007141
-0.008881
-0.014038
-0.017578
-0.002380
-0.006409
0.000092
0.001190
-0.015228
-0.013428
-0.018250
-0.019043
-0.018707
-0.012848
-0.009338
-0.008759
-0.026215
-0.019135
-0.003479
-0.009583
-0.006866
-0.007172
-0.006866
-0.005585
-0.011658
-0.010345
-0.011383
-0.022308
-0.018127
-0.006409
-0.008911
-0.018127
-0.017853
-0.011108
-0.010773
-0.010773
-0.006775
-0.006287
-0.006256
-0.007507
-0.009766
-0.012177
-0.015320
-0.022675
-0.026306
-0.023560
-0.016663
-0.013947
-0.016693
-0.015015
-0.014954
-0.014709
-0.011749
-0.009094
-0.010773
-0.010834
-0.009613
-0.008667
-0.007782
-0.007629
-0.007080
-0.006317
-0.005554
-0.005463
-0.007263
-0.008057
-0.004761
-0.002838
-0.003998
-0.005737
-0.004913
-0.002533
-0.000366
0.000610
0.001160
0.001251
0.000336
-0.000488
0.000092
0.001312
0.001770
0.000580
-0.000610
-0.000702
0.000000
0.000946
0.001526
0.001312
0.000610
0.001373
-0.000214
0.001038
-0.001373
0.001892
-0.003052
0.003784
-0.005127
0.006073
-0.007141
0.008179
-0.009979
0.054230
0.186066
0.191193
0.016998
-0.595917
0.029114
0.520508
0.079803
0.183289
0.145416
0.123322
0.083313
0.043030
-0.147430
-0.142212
-0.053741
-0.135834
-0.055054
-0.095825
-0.029724
-0.009033
-0.005524
-0.010254
-0.005554
0.011902
-0.016815
-0.011444
-0.044586
-0.015442
-0.044739
-0.017883
-0.005432
-0.007111
0.007538
-0.008453
-0.034485
-0.046326
-0.023956
-0.008240
0.007263
0.001343
-0.015411
-0.012177
-0.004486
-0.001709
-0.001038
-0.018005
-0.016785
-0.015961
-0.016022
-0.007599
-0.013062
-0.024902
-0.009827
0.000153
-0.006958
-0.005676
-0.006744
-0.013611
-0.026550
-0.035431
-0.034515
-0.027191
-0.019501
-0.011292
-0.003937
-0.000305
-0.005676
-0.007416
-0.005615
-0.001862
-0.006073
-0.006683
-0.009430
-0.011292
-0.008484
-0.005615
-0.000641
-0.000977
-0.003510
-0.006989
-0.006866
-0.004150
-0.001007
0.000641
-0.001465
-0.005676
-0.007538
-0.006256
-0.001343
0.000763
0.002075
-0.000275
-0.001892
-0.000214
0.001282
0.002411
0.001923
-0.001434
-0.005219
-0.004547
-0.000916
0.002594
0.004822
0.001251
-0.003418
-0.002502
0.000153
0.003784
0.005341
0.003845
0.000610
0.000031
0.000031
0.002625
0.003662
0.000549