-0.000122
-0.000122
0.000000
-0.000061
0.000000
-0.000183
-0.000092
0.000000
0.000061
-0.000183
0.000031
-0.000519
0.000549
-0.001343
0.001709
-0.002502
0.003540
-0.003662
0.042389
0.081085
0.076050
-0.111664
-0.268890
0.083618
0.248535
0.123688
0.077332
0.065521
0.084534
0.083710
0.055328
-0.021179
-0.015564
-0.020752
-0.041168
-0.033844
-0.044708
-0.019104
-0.016724
-0.022827
-0.016479
0.005127
-0.000732
-0.002380
-0.007080
-0.022919
-0.012115
-0.017914
-0.016052
-0.018097
-0.027222
-0.015747
-0.002014
-0.011414
-0.013031
-0.015259
-0.009583
-0.003754
-0.006744
-0.010101
-0.015350
-0.018707
-0.014191
-0.004059
-0.012787
-0.017853
-0.010742
-0.004700
-0.010834
-0.018066
-0.018127
-0.012939
-0.008850
-0.012146
-0.011261
-0.006744
-0.004395
-0.006012
-0.008331
-0.011108
-0.020569
-0.025543
-0.020203
-0.015045
-0.018982
-0.021149
-0.015717
-0.010590
-0.009003
-0.008087
-0.005402
-0.005920
-0.006439
-0.008759
-0.010468
-0.011383
-0.010071
-0.007477
-0.007233
-0.007843
-0.007965
-0.005432
-0.003876
-0.004028
-0.003448
-0.004272
-0.005157
-0.005219
-0.003510
-0.001312
-0.001251
-0.000336
-0.001068
-0.001923
-0.002075
-0.000824
0.000732
0.001038
0.000732
0.000275
0.001160
0.002228
0.002930
0.002716
0.001770
0.001190
0.000854
0.001099
0.000000
-0.000122
0.000763
-0.000793
0.001068
-0.001740
0.002045
-0.002747
0.003143
-0.003540
0.003998
-0.005096
0.033478
0.159088
0.167786
-0.039917
-0.437317
0.000916
0.421600
0.136597
0.119080
0.118439
0.119141
0.108368
0.043274
-0.094055
-0.100616
-0.023499
-0.089844
-0.076569
-0.081116
-0.034393
-0.018646
-0.029114
-0.023743
-0.003418
0.000977
-0.020325
-0.006531
-0.030396
-0.016815
-0.023285
-0.012878
-0.005554
0.000397
-0.013397
-0.028870
-0.036652
-0.027649
-0.009003
-0.010681
0.006989
-0.007507
-0.013275
-0.011444
-0.017334
-0.014832
-0.016571
-0.016754
-0.011566
-0.002197
-0.014130
-0.016937
-0.006134
-0.011932
-0.017181
-0.012970
-0.002899
-0.004211
-0.007294
-0.013062
-0.020935
-0.027161
-0.030121
-0.023529
-0.014374
-0.010071
-0.009277
-0.006104
-0.004913
-0.003510
-0.004333
-0.004669
-0.006073
-0.007233
-0.008270
-0.009949
-0.009827
-0.006866
-0.002991
-0.002167
-0.004425
-0.005432
-0.005463
-0.005829
-0.004303
-0.001892
-0.001190
-0.003693
-0.006378
-0.006989
-0.003662
-0.001282
0.000061
-0.000183
-0.001953
-0.001434
0.000153
0.000793
0.000702
-0.000488
-0.002289
-0.002899
-0.000885
0.001587
0.002960
0.002533
-0.000366
-0.001923
-0.000671
0.002228
0.003571
0.003723
0.001587
-0.000092
0.000916
0.001556
0.001862