0.000061
-0.000061
-0.000122
0.000153
-0.000153
0.000031
0.000092
-0.000427
0.000610
-0.001160
0.001587
-0.002594
0.003143
-0.003845
0.004456
0.008667
0.149933
0.026215
-0.218658
0.090851
-0.050293
-0.057251
0.247406
0.084045
0.071106
0.237030
0.246399
-0.099243
-0.071442
0.117554
-0.102386
-0.123413
0.032745
-0.034332
-0.090668
-0.030304
-0.021515
0.014740
-0.029205
-0.026337
0.037659
-0.000946
-0.010040
0.011780
-0.021973
-0.032532
-0.020782
-0.031982
-0.027130
-0.027435
-0.029083
-0.026703
-0.024963
-0.021332
-0.027008
-0.029663
-0.023224
-0.021698
-0.009766
-0.007629
-0.013428
-0.012817
-0.010864
-0.011108
-0.009308
-0.009735
-0.009155
-0.008118
-0.013428
-0.014893
-0.013733
-0.013702
-0.010681
-0.010956
-0.008606
-0.003571
-0.005157
-0.003479
-0.004089
-0.003143
-0.004852
-0.006348
-0.005707
-0.005798
-0.007629
-0.007996
-0.007263
-0.008484
-0.007202
-0.007538
-0.007202
-0.006989
-0.007172
-0.005951
-0.005096
-0.004822
-0.003448
-0.002441
-0.000885
-0.000793
-0.000854
-0.002045
-0.002686
-0.003021
-0.003723
-0.002655
-0.001770
-0.000916
-0.000610
-0.001373
-0.001495
-0.001282
-0.002258
-0.002655
-0.002716
-0.002045
-0.001984
-0.000702
0.000336
0.001221
0.001648
0.001007
0.001190
0.002045
0.002960
0.002991
0.002869
0.001526
0.000702
-0.000488
-0.000244
0.000671
-0.001923
0.003479
-0.006561
0.009430
-0.012329
0.014038
0.026611
0.354126
-0.130127
-0.449677
0.278503
-0.255768
0.152649
0.537750
-0.121490
0.230621
0.595490
0.064636
-0.481567
0.159119
0.077545
-0.407074
0.025757
0.081970
-0.171814
-0.107361
-0.000244
0.006256
0.020721
-0.095764
-0.000610
0.053223
-0.045227
0.027954
0.039673
-0.046722
-0.020966
-0.012115
-0.050720
-0.049469
-0.092438
-0.090088
-0.056061
-0.037720
-0.043396
-0.051178
-0.015747
0.005646
-0.003967
0.003906
0.002350
0.007904
0.001648
-0.006836
-0.007446
-0.003143
-0.008209
-0.007507
-0.002594
-0.010284
-0.007507
-0.011200
-0.011566
-0.013947
-0.015076
-0.007721
-0.007721
-0.012238
-0.003723
-0.003021
-0.002106
-0.005585
-0.007050
-0.004395
-0.005035
-0.006073
-0.005524
-0.007324
-0.009521
-0.006287
-0.007111
-0.005157
-0.006042
-0.005829
-0.003448
-0.004639
-0.001251
0.001373
0.000427
0.002472
0.000397
0.000519
-0.004669
-0.004272
-0.003876
-0.006470
-0.004761
-0.005768
-0.003418
-0.002533
-0.001099
-0.000275
-0.001526
-0.001068
0.000885
0.001038
0.001007
0.001709
0.002197
0.002716
0.002838
0.001038
0.001007
0.000397
0.001373
0.002563
0.004059
0.005310
0.005402
0.008392
0.007172
0.005280
0.003662
0.002930