-0.000031
0.000000
0.000000
-0.000061
-0.000031
-0.000031
-0.000092
-0.000031
-0.000061
-0.000122
-0.000031
-0.000061
0.000031
-0.000031
-0.000244
0.000244
-0.000366
0.000031
-0.000031
0.000244
-0.000427
0.000885
0.002167
0.038971
0.040375
-0.037384
-0.001068
0.004700
-0.030640
0.044678
0.062531
0.044769
0.082397
0.148804
0.078003
-0.004547
0.053558
0.023376
-0.053558
-0.029877
-0.010895
-0.026978
-0.021301
-0.008820
0.007111
0.004852
0.003021
0.013916
-0.000275
-0.011719
0.000153
-0.003265
-0.010010
-0.012817
-0.022980
-0.027649
-0.027252
-0.025360
-0.024139
-0.020477
-0.017029
-0.018433
-0.021027
-0.018799
-0.021484
-0.022797
-0.021698
-0.021881
-0.019104
-0.015167
-0.014313
-0.012817
-0.010590
-0.009918
-0.010071
-0.011078
-0.010895
-0.010437
-0.008820
-0.008148
-0.008545
-0.008209
-0.007294
-0.008057
-0.007629
-0.006775
-0.006592
-0.007080
-0.007294
-0.007629
-0.007812
-0.009583
-0.008972
-0.007935
-0.007019
-0.005859
-0.006195
-0.005219
-0.006073
-0.006348
-0.006866
-0.006805
-0.006134
-0.005371
-0.004578
-0.003906
-0.002441
-0.002289
-0.002411
-0.003113
-0.003510
-0.003601
-0.004181
-0.003937
-0.003082
-0.001831
-0.001434
-0.000610
-0.000336
-0.000092
-0.000427
-0.001221
-0.000977
-0.000946
0.000366
0.000763
0.000671
0.000336
0.005463
-0.008026
0.010071
-0.012939
0.016327
-0.018188
0.287933
0.299957
-0.575714
-0.263214
0.092194
0.171722
0.338196
0.035706
0.536102
0.663361
-0.188568
-0.351074
0.126648
-0.122833
-0.071625
0.054230
-0.186768
-0.082916
-0.158691
-0.056427
0.000153
-0.018433
-0.018738
0.034546
0.013397
-0.012329
0.025269
-0.046844
-0.054535
-0.122284
-0.087952
-0.068542
-0.054993
-0.034760
-0.051300
-0.034485
-0.023621
-0.024506
-0.034424
-0.012054
-0.021088
-0.004425
0.001465
-0.011658
-0.000275
-0.013580
-0.006592
-0.007690
-0.010956
-0.003723
-0.007233
-0.016388
-0.017761
-0.013550
-0.012360
-0.008240
-0.017120
-0.011780
-0.005859
-0.002136
-0.001221
0.000000
-0.000305
-0.001556
-0.004120
-0.007385
-0.003601
-0.003632
-0.001434
-0.003113
-0.004181
-0.003754
-0.002411
-0.002808
-0.004333
-0.004822
-0.005768
-0.004181
-0.004944
-0.002869
0.001190
-0.000916
0.001740
0.000580
-0.002136
-0.002533
-0.001556
-0.001129
-0.005798
-0.006104
-0.005524
-0.003754
-0.001099
0.000702
0.000458
-0.002686
-0.004333
-0.002960
-0.000488
0.000519
0.000519
0.001282
0.002014
0.003632
0.002167
0.002777
0.003326
0.002167
0.003296
0.003387
0.004456
0.005402
0.006317
0.006348
0.007172
0.008057
0.007660
0.007965
0.008301
0.007080
0.005920
0.005219