-0.000031
0.000031
0.000000
-0.000122
0.000122
0.000000
-0.000061
0.000275
-0.000427
0.000519
-0.001007
0.001312
-0.001862
0.002014
-0.002045
0.002258
0.004028
0.105347
0.067505
-0.191528
-0.005737
-0.013702
-0.099884
0.179260
0.129028
0.079407
0.140442
0.234375
0.109009
-0.072693
0.021240
-0.022247
-0.098175
0.012207
0.021545
-0.069061
-0.027161
-0.025238
-0.014343
0.001862
-0.016327
-0.000061
-0.021851
-0.039734
-0.010864
-0.015961
-0.037628
-0.022461
-0.026184
-0.031311
-0.023071
-0.027252
-0.023346
-0.021576
-0.026489
-0.017548
-0.019501
-0.021271
-0.013611
-0.005859
-0.003357
-0.006683
-0.006500
-0.005371
-0.011444
-0.009979
-0.008820
-0.009979
-0.008636
-0.006744
-0.009155
-0.011993
-0.010620
-0.010132
-0.006714
-0.006836
-0.006500
-0.006500
-0.003510
-0.005341
-0.006165
-0.005249
-0.008881
-0.009369
-0.008392
-0.009064
-0.009155
-0.008942
-0.007477
-0.006958
-0.005920
-0.004395
-0.004364
-0.003479
-0.003906
-0.001648
-0.002838
-0.005188
-0.004944
-0.005402
-0.006165
-0.003784
-0.001007
-0.001556
0.000122
0.001678
0.000031
0.000000
0.000580
-0.000854
-0.004608
-0.005707
-0.004822
-0.003235
0.000427
-0.000305
-0.001312
-0.001068
0.000336
0.002289
0.002930
0.000549
-0.003998
-0.005951
-0.006775
-0.006134
-0.005127
-0.003448
0.001190
-0.002045
0.002167
-0.003479
0.003784
-0.004761
0.004028
-0.004425
0.004486
-0.003845
0.176300
0.275635
-0.469269
-0.169281
0.088318
-0.217499
0.485077
0.299500
-0.013794
0.281494
0.552521
-0.040985
-0.394440
0.184570
-0.179077
-0.207794
0.207367
-0.049561
-0.241211
-0.053101
-0.016937
0.036316
0.026459
-0.070953
0.072174
0.004608
-0.041412
0.028320
-0.085999
-0.161713
-0.080566
-0.048950
-0.073212
-0.072693
-0.066193
0.008759
0.017029
-0.021851
0.011566
-0.003387
-0.004700
0.003632
-0.007507
-0.014618
-0.009674
-0.005981
-0.012238
-0.014496
-0.008179
-0.002319
-0.014252
-0.013733
-0.009521
-0.012329
-0.011749
-0.011200
-0.009766
-0.002960
-0.003479
-0.001984
-0.000763
0.000183
-0.002960
-0.003296
-0.003784
-0.010284
-0.010437
-0.008698
-0.009338
-0.007446
-0.006317
-0.009125
-0.008911
-0.006073
-0.003601
-0.004791
-0.005646
-0.006531
-0.001038
-0.002075
-0.006348
-0.005737
-0.005524
-0.007904
-0.001892
0.000946
-0.004852
-0.000916
0.001495
-0.001007
-0.000854
0.003662
0.003113
0.002045
0.004974
0.004059
0.002472
0.003632
-0.000336
-0.002106
-0.001343
-0.001038
0.000580
0.003510
0.004395
0.001709
0.000427
0.001221
0.003174
0.001831
-0.000549
-0.002533
-0.000641
-0.001343
-0.000702
-0.005829
-0.017426
-0.011810