-0.000061
-0.000031
0.000366
-0.000397
0.000763
-0.000763
0.000854
-0.001129
0.000885
-0.000580
-0.000305
0.000854
-0.001404
0.001831
0.068298
0.208282
-0.204010
-0.184631
0.112274
-0.218445
0.156891
0.287689
0.062927
0.144928
0.294403
0.219086
-0.163422
0.012238
0.035217
-0.209259
-0.026611
0.089905
-0.094879
-0.072174
-0.014557
-0.022766
0.019470
-0.042694
0.012787
0.040833
-0.036652
-0.023651
-0.015259
-0.058014
-0.048035
-0.052887
-0.073059
-0.046478
-0.046173
-0.042328
-0.008362
-0.014038
-0.006866
0.000427
-0.010529
-0.007721
-0.002167
-0.004211
-0.008484
-0.008453
-0.005554
-0.010803
-0.014832
-0.004974
-0.007935
-0.011353
-0.009705
-0.007324
-0.011261
-0.009735
-0.009552
-0.010498
-0.006439
-0.004639
-0.007324
-0.004303
-0.004120
-0.006775
-0.003265
-0.006012
-0.010315
-0.008606
-0.007172
-0.008209
-0.005981
-0.006683
-0.006317
-0.007904
-0.006531
-0.005341
-0.005554
-0.005737
-0.002991
-0.001038
-0.003265
-0.004303
-0.004272
-0.006409
-0.005402
-0.000580
-0.001648
-0.001129
0.001587
0.001465
0.000122
0.003204
0.004242
0.001984
-0.000458
-0.002899
-0.006561
-0.005157
-0.002563
-0.000793
0.001862
0.000610
-0.000305
0.000732
0.003021
0.002472
0.000031
-0.003601
-0.005707
-0.004364
-0.002930
-0.005035
-0.004272
-0.007080
0.000397
-0.000732
0.001038
-0.001221
0.001038
-0.001404
0.000977
-0.000549
-0.001038
0.002045
-0.003387
0.003387
0.079803
0.273102
-0.276489
-0.243805
0.195221
-0.259979
0.229095
0.360779
0.010925
0.146790
0.397430
0.239136
-0.316620
0.027954
0.062866
-0.280182
-0.003601
0.112671
-0.154999
-0.096252
-0.000397
-0.035278
0.028290
-0.037964
0.022339
0.062317
-0.030731
-0.023529
-0.020386
-0.090668
-0.064270
-0.067291
-0.105347
-0.059631
-0.043365
-0.016602
-0.008301
-0.030060
0.011536
0.011261
-0.011902
-0.000702
-0.005219
-0.008820
-0.003510
-0.005005
-0.003937
-0.009277
-0.016083
-0.007141
-0.013062
-0.011536
-0.005066
-0.007751
-0.014252
-0.012848
-0.011536
-0.006409
-0.006531
-0.005463
-0.000549
-0.001526
-0.003326
-0.004028
-0.006500
-0.010315
-0.010925
-0.009186
-0.007843
-0.008698
-0.005005
-0.005981
-0.004517
-0.006042
-0.005432
-0.005585
-0.007202
-0.005951
-0.002991
-0.002563
-0.005859
-0.004059
-0.002472
-0.006683
-0.006104
-0.000916
-0.003204
-0.001740
0.003418
0.002502
0.000824
0.004486
0.003693
0.001373
0.001373
0.002625
-0.001099
-0.003143
-0.003540
-0.005096
-0.001465
0.000641
0.002045
0.002167
0.001526
0.000793
0.001373
0.001770
-0.000488
-0.002380
-0.001404
-0.001862
-0.003326
-0.003235
-0.003845
-0.010376