0.000000
0.000000
0.000031
-0.000031
0.000061
-0.000031
0.000000
-0.000031
0.000031
0.000000
0.000000
-0.000031
0.000122
-0.000031
0.000183
-0.000153
0.000458
-0.000580
0.000946
-0.001068
0.001434
-0.001282
0.001923
-0.001160
0.044373
0.077271
-0.087616
-0.087830
0.021088
0.026062
0.051117
0.029510
0.051331
0.138000
0.126251
0.012451
-0.004028
0.004425
0.002594
0.016235
-0.009552
-0.014923
-0.023682
-0.026978
-0.016327
-0.000793
-0.006653
-0.006104
-0.000763
-0.005859
0.012054
-0.000641
-0.001160
0.010101
0.007721
0.001251
0.001160
-0.002991
-0.017853
-0.014771
-0.017548
-0.014832
-0.014526
-0.020233
-0.020386
-0.018158
-0.015991
-0.014923
-0.013336
-0.012482
-0.008606
-0.010071
-0.014343
-0.012909
-0.011292
-0.011322
-0.012604
-0.013824
-0.013672
-0.014038
-0.012482
-0.012207
-0.011108
-0.008881
-0.009766
-0.009460
-0.009186
-0.009674
-0.009705
-0.011139
-0.010712
-0.008911
-0.007263
-0.007629
-0.007568
-0.007294
-0.006653
-0.006012
-0.006195
-0.004608
-0.003815
-0.002869
-0.003052
-0.004242
-0.005493
-0.006836
-0.007263
-0.006805
-0.005463
-0.004211
-0.002533
-0.000244
0.000183
-0.000610
-0.003204
-0.006378
-0.006561
-0.004639
-0.003174
-0.002563
-0.003540
-0.004150
-0.003235
-0.002777
-0.002136
-0.002136
-0.002014
-0.002380
0.000549
-0.002350
0.003448
-0.006409
0.009583
-0.013916
0.017609
0.001038
0.370361
-0.079468
-0.650818
0.195770
0.156189
-0.109741
0.202362
0.366669
0.426636
0.005127
-0.305450
0.193817
0.363220
0.055054
-0.034943
-0.160553
-0.066223
-0.010712
-0.092773
-0.018799
-0.115814
-0.161041
-0.078644
-0.044250
-0.050995
-0.014374
-0.046387
-0.033173
0.005707
-0.018524
-0.036652
-0.055328
-0.014709
-0.011932
-0.020477
-0.023376
-0.015900
-0.026062
-0.034607
-0.026276
-0.003113
-0.004211
-0.022278
-0.021362
-0.019592
-0.013062
-0.013458
-0.012054
-0.006561
-0.011322
-0.017242
-0.010773
-0.009644
-0.006866
-0.005188
-0.007416
-0.012970
-0.014832
-0.007751
0.003601
0.003540
0.001556
-0.003662
-0.005096
-0.003357
-0.004547
-0.002808
-0.002808
-0.004150
-0.005219
-0.008484
-0.009552
-0.003906
-0.006134
-0.006653
-0.007690
-0.010040
-0.010101
-0.007446
-0.005890
-0.003693
-0.003418
-0.006622
-0.007477
-0.003571
0.001495
0.001831
0.001221
-0.001770
-0.003937
-0.002014
0.001038
0.003967
0.004395
0.001892
-0.000153
0.000000
0.003052
0.006012
0.009430
0.008331
0.003937
-0.000732
-0.003601
-0.002747
0.001556
0.004974
0.003235
-0.000336
-0.000977
0.002625
0.005188
0.006866
0.001984
-0.001404
-0.008453
-0.014435
-0.004425
-0.003693
-0.003326