0.000000
0.000000
0.000000
0.000031
-0.000031
-0.000061
0.000092
-0.000092
0.000092
0.000000
-0.000061
0.000153
-0.000427
0.000641
-0.001068
0.001495
-0.001587
0.001282
0.009247
0.092194
0.022156
-0.130829
0.012512
-0.041260
-0.042114
0.130707
0.084808
0.088348
0.129211
0.191803
0.070557
-0.036194
0.034088
-0.016724
-0.054871
0.010956
-0.001007
-0.047150
-0.019958
-0.024506
-0.014740
-0.013489
-0.029663
-0.008270
-0.008270
-0.019562
-0.009155
-0.011414
-0.014618
-0.011078
-0.024780
-0.027527
-0.017242
-0.024200
-0.025299
-0.027802
-0.032440
-0.020020
-0.011810
-0.012054
-0.012146
-0.010101
-0.010742
-0.009979
-0.008240
-0.007568
-0.012207
-0.010895
-0.008575
-0.009033
-0.008392
-0.007843
-0.009521
-0.010162
-0.008972
-0.008820
-0.007629
-0.006989
-0.007050
-0.006805
-0.006073
-0.007721
-0.007019
-0.008636
-0.010376
-0.009521
-0.007812
-0.007446
-0.008453
-0.008514
-0.006866
-0.006073
-0.005493
-0.004700
-0.005493
-0.005524
-0.005005
-0.004761
-0.004761
-0.004852
-0.004578
-0.003876
-0.003082
-0.000702
-0.000397
-0.001617
-0.002045
-0.000671
-0.000916
-0.001923
-0.003143
-0.004852
-0.005493
-0.004059
-0.001068
-0.000641
-0.001190
-0.001984
-0.000458
0.001343
0.001526
0.000763
-0.001221
-0.004425
-0.005676
-0.004425
-0.004730
-0.006439
-0.000671
0.001007
-0.002380
0.003693
-0.006226
0.007904
-0.010529
0.012329
0.009918
0.329224
0.049469
-0.557098
-0.005890
-0.112488
0.092010
0.544586
0.093658
0.139038
0.523102
0.387207
-0.417633
-0.100616
0.040863
-0.305542
0.160736
0.030334
-0.237152
-0.086090
-0.034088
-0.011963
0.088501
-0.056274
-0.004639
0.057892
-0.073090
-0.018433
-0.071716
-0.124237
-0.070923
-0.069824
-0.081879
-0.061401
-0.057129
-0.029785
0.021301
-0.015472
0.008392
0.014435
-0.023773
0.001953
-0.006653
-0.010712
-0.014191
-0.011230
-0.014130
-0.016602
-0.014740
-0.002838
-0.008240
-0.016113
-0.006531
-0.010681
-0.013092
-0.011383
-0.010681
-0.008423
-0.002441
-0.002747
-0.000763
0.002258
0.002808
0.000305
-0.000275
-0.006012
-0.013123
-0.011200
-0.007507
-0.006927
-0.003143
-0.009399
-0.011688
-0.009064
-0.004700
-0.002960
-0.004303
-0.004913
-0.005524
-0.000366
-0.005402
-0.007446
-0.005219
-0.005859
-0.004883
0.000977
-0.001038
-0.003479
0.001221
-0.000458
-0.002777
-0.000031
0.000732
0.001556
0.004425
0.006470
0.005371
0.004547
0.005005
0.000763
-0.000549
-0.000153
0.000549
0.001404
0.004211
0.005341
0.003052
0.001038
0.001587
0.003326
0.003540
0.000000
-0.003448
-0.000732
-0.000183
0.002777
-0.003113
-0.018738
-0.014130
-0.006226