-0.000031
0.000000
0.000000
0.000000
0.000000
0.000000
-0.000031
0.000000
0.000000
-0.000031
0.000031
0.000000
-0.000031
0.000092
0.000000
0.000183
-0.000092
0.000061
-0.000092
0.000153
-0.000031
0.000031
0.000397
-0.000397
0.000458
0.011108
0.063171
-0.006317
-0.086121
-0.011566
0.019867
0.030365
0.031067
0.026520
0.073120
0.116608
0.061371
0.001801
0.014801
0.010498
0.013336
0.004700
-0.007751
-0.005798
-0.010468
-0.005341
-0.000580
0.000732
0.005157
0.001801
-0.004211
0.015198
0.019745
0.010803
0.010895
0.000031
-0.014923
-0.020691
-0.016907
-0.017609
-0.014313
-0.017487
-0.020752
-0.017426
-0.019806
-0.018402
-0.017456
-0.016541
-0.014191
-0.012665
-0.013245
-0.014404
-0.013733
-0.011902
-0.011597
-0.014771
-0.015625
-0.013916
-0.012848
-0.014557
-0.014862
-0.013123
-0.011627
-0.010773
-0.009796
-0.008362
-0.006531
-0.005402
-0.008270
-0.009674
-0.010040
-0.011353
-0.011658
-0.010193
-0.008026
-0.007355
-0.006775
-0.006744
-0.005920
-0.005127
-0.003967
-0.003265
-0.003662
-0.003448
-0.004028
-0.003998
-0.004883
-0.005829
-0.005798
-0.005432
-0.004425
-0.003815
-0.002411
-0.001740
-0.002838
-0.004883
-0.005859
-0.004669
-0.003571
-0.003601
-0.003998
-0.003540
-0.001526
-0.001099
-0.002441
-0.004120
-0.004761
-0.003754
-0.001495
0.002930
-0.006195
0.009918
-0.014893
0.019165
0.011139
0.449707
-0.197479
-0.728058
0.296753
0.135651
-0.046387
0.217255
0.365723
0.543365
-0.060486
-0.452576
0.210938
0.383606
0.090454
0.017944
-0.206848
-0.091187
-0.022827
-0.083191
-0.006714
-0.123535
-0.129333
-0.069275
-0.072998
-0.070618
0.008148
-0.039093
-0.040588
-0.006439
-0.025269
-0.040222
-0.061951
-0.015442
-0.021393
-0.020966
-0.022034
-0.015930
-0.025421
-0.037811
-0.033813
-0.003693
0.001495
-0.021637
-0.018982
-0.020111
-0.018188
-0.014648
-0.005981
-0.002625
-0.014771
-0.016083
-0.010284
-0.011139
-0.010925
-0.007812
-0.005646
-0.012024
-0.014648
-0.007721
0.005737
0.003296
0.001282
-0.005707
-0.007385
-0.005829
-0.007385
-0.001709
-0.002350
-0.002411
-0.003937
-0.009064
-0.007446
-0.000824
-0.002197
-0.004486
-0.008087
-0.011505
-0.010681
-0.007294
-0.006592
-0.002319
-0.001617
-0.005219
-0.006134
-0.002655
0.001068
0.001312
0.001709
-0.001068
-0.004822
-0.003662
0.000977
0.004883
0.005219
0.001740
-0.001404
-0.001099
0.003143
0.006866
0.009430
0.008820
0.005646
0.001526
-0.002106
-0.003906
-0.001862
0.001892
0.003357
0.002167
0.001251
0.003693
0.006195
0.007660
0.003418
-0.000580
-0.004456
-0.014343
-0.008331
-0.001129
-0.001251
0.001251