0.000000
0.000000
0.000000
0.000000
0.000031
0.000000
0.000031
0.000031
0.000031
0.000092
0.000000
0.000031
0.000031
0.000000
0.000031
0.000061
0.000000
0.000000
0.000061
0.000122
0.000183
-0.000092
0.000183
-0.000122
0.000458
-0.000061
0.000458
0.000214
0.006256
0.010773
0.013062
0.028503
-0.017212
-0.037659
0.012726
0.009613
0.021729
0.048645
0.043060
0.067230
0.100800
0.084259
0.042755
0.029541
0.020721
-0.000092
-0.010559
-0.018890
-0.023865
-0.006439
0.009827
0.010559
0.002625
-0.005219
-0.009552
-0.006958
-0.007019
-0.013641
-0.016174
-0.022461
-0.021362
-0.021637
-0.024445
-0.021393
-0.020355
-0.018890
-0.016388
-0.015381
-0.014984
-0.014954
-0.016266
-0.016724
-0.014832
-0.014893
-0.015717
-0.015717
-0.015564
-0.014374
-0.014191
-0.012238
-0.011505
-0.011536
-0.010162
-0.010132
-0.009399
-0.009796
-0.009949
-0.010010
-0.009583
-0.007660
-0.007782
-0.007294
-0.007294
-0.006714
-0.006317
-0.007446
-0.006989
-0.007507
-0.007263
-0.008148
-0.009155
-0.007812
-0.006897
-0.005676
-0.005219
-0.004517
-0.003815
-0.003052
-0.001648
-0.002167
-0.002686
-0.003174
-0.002411
-0.002075
-0.002502
-0.002197
-0.003632
-0.004578
-0.005188
-0.003571
-0.001312
-0.001434
-0.002502
-0.004028
-0.004364
-0.003784
-0.003693
-0.004181
-0.013153
0.016602
-0.020721
0.026245
-0.030884
0.385864
0.246063
-0.977814
-0.074310
0.340912
0.006744
0.263458
0.130280
0.696838
0.500214
-0.383087
-0.323944
0.113159
0.123962
0.221649
-0.002228
-0.270782
-0.056274
-0.115143
-0.068420
0.027557
-0.020630
-0.096375
-0.069427
-0.104279
-0.041748
0.021790
-0.090973
-0.040436
-0.031555
-0.047272
-0.063751
-0.037842
-0.037964
-0.025208
-0.021179
-0.037964
-0.018494
-0.039307
-0.043610
-0.016022
0.004669
-0.002075
-0.007385
-0.018829
-0.020111
-0.005859
-0.007782
0.000732
-0.005646
-0.017212
-0.011810
-0.015137
-0.015411
-0.012665
-0.007141
-0.009705
-0.009094
-0.013214
-0.006317
0.003571
0.006470
0.003693
-0.004517
-0.006195
-0.010620
-0.008575
-0.005096
-0.003510
-0.001740
-0.008789
-0.013428
-0.004456
-0.001160
-0.000946
-0.001373
-0.006287
-0.007690
-0.004913
-0.007477
-0.006561
-0.002228
-0.001343
-0.003693
-0.004150
-0.001984
0.001587
0.003540
0.001160
-0.001648
-0.002350
-0.000732
0.003021
0.006958
0.005859
0.002747
-0.001221
-0.000549
0.002197
0.006989
0.009796
0.008728
0.004669
-0.000854
-0.002716
-0.000519
0.003265
0.004730
0.002594
0.001160
0.002533
0.003143
0.005707
0.004028
0.000000
-0.001160
-0.005219
-0.013489
-0.009460
-0.001831
0.005524
0.007874
0.003601