0.000000
0.000061
0.000000
0.000092
-0.000092
0.000122
0.000000
-0.000031
0.000000
0.000214
-0.000183
0.000519
-0.000793
0.001038
-0.001404
0.001831
-0.002411
0.002838
-0.003143
0.004608
-0.002563
0.093628
0.140717
-0.220032
-0.166321
0.042969
0.022675
0.131195
0.072449
0.080414
0.230743
0.194672
-0.003326
-0.032623
-0.023132
-0.033569
0.020752
-0.012085
-0.032440
-0.045135
-0.056763
-0.051666
-0.015869
-0.012177
-0.033508
-0.010193
-0.021667
-0.007111
0.003387
-0.005127
-0.011292
-0.009918
-0.017578
-0.022949
-0.014984
-0.014526
-0.004913
-0.007721
-0.009430
-0.001556
-0.000916
-0.003357
0.004303
0.011047
0.006439
-0.000641
-0.005951
-0.007446
-0.008148
-0.011810
-0.012299
-0.012573
-0.011230
-0.013458
-0.015747
-0.016205
-0.013428
-0.010529
-0.012238
-0.009430
-0.009369
-0.009705
-0.006622
-0.005646
-0.008270
-0.008514
-0.009949
-0.009705
-0.007324
-0.007629
-0.006836
-0.004944
-0.005798
-0.007355
-0.007202
-0.006378
-0.005157
-0.003296
-0.003479
-0.012756
-0.017242
-0.014771
-0.009491
-0.002747
-0.003296
-0.005310
-0.003357
0.000000
-0.000549
-0.008118
-0.012421
-0.009888
-0.009857
-0.006775
-0.005768
-0.008118
-0.004913
-0.002869
-0.000793
0.002228
0.003357
0.004547
0.002258
0.001465
0.003204
0.002380
0.000763
-0.002289
-0.000092
0.000275
-0.000458
0.000885
-0.001404
0.002075
-0.003052
0.003662
-0.005035
0.006073
-0.007599
0.009125
-0.009460
0.146515
0.171173
-0.318237
-0.108459
0.008026
-0.101868
0.177032
0.168243
0.211639
0.289825
0.059723
0.084473
0.236481
-0.022644
-0.026276
-0.014557
-0.145538
-0.031128
-0.082916
-0.124969
-0.054291
-0.067596
-0.057892
-0.032410
-0.043701
-0.019470
0.004456
-0.023499
-0.001923
-0.006042
-0.002502
-0.031250
-0.044952
-0.023224
-0.026398
-0.021667
-0.022247
-0.027313
-0.015167
-0.009277
-0.014709
-0.000580
-0.006104
-0.009430
-0.006073
-0.012238
-0.008301
-0.004150
-0.009613
-0.005676
-0.012238
-0.014893
-0.010590
-0.014252
-0.012604
-0.007294
-0.009277
-0.008057
-0.003632
-0.003784
-0.000732
-0.000793
-0.003418
-0.006104
-0.008453
-0.012177
-0.009766
-0.009918
-0.009460
-0.006622
-0.005463
-0.005066
-0.004120
-0.002930
-0.002899
-0.002167
-0.004517
-0.006348
-0.005493
0.003265
0.000122
-0.016266
-0.013367
-0.008789
-0.004913
0.004395
0.000427
-0.000458
0.011261
0.004974
-0.009552
-0.006653
-0.000641
-0.006348
-0.013641
-0.010529
-0.015625
-0.009552
-0.001892
-0.004913
0.007294
0.008636
0.003632
0.004425
0.008118
0.010651
0.008087
0.003265
0.000397
0.000031
-0.002777
-0.001495
-0.002502
-0.004181
-0.004028