0.000000
0.000000
0.000000
0.000000
0.000000
0.000031
0.000000
0.000061
0.000031
0.000061
0.000061
0.000031
0.000061
0.000000
0.000000
0.000031
0.000000
0.000122
0.000031
0.000031
0.000092
0.000244
-0.000153
0.000305
0.000000
0.000275
0.001129
0.012817
0.013977
-0.002594
-0.001282
-0.009857
-0.003693
0.000824
-0.001740
0.026703
0.040771
0.049530
0.050354
0.058044
0.069824
0.049103
0.031128
0.030273
0.017151
-0.002472
-0.001526
0.001495
-0.004303
-0.008698
-0.009064
-0.014954
-0.018280
-0.008453
0.004791
0.009308
0.002075
-0.003754
-0.007660
-0.011627
-0.013611
-0.016724
-0.017548
-0.016663
-0.017426
-0.019043
-0.019989
-0.018768
-0.017548
-0.015717
-0.016479
-0.016479
-0.014252
-0.013245
-0.014069
-0.013458
-0.011536
-0.011292
-0.010834
-0.012421
-0.013306
-0.013092
-0.012054
-0.010681
-0.010559
-0.010529
-0.009918
-0.008392
-0.007965
-0.007904
-0.006256
-0.005707
-0.004211
-0.003113
-0.004578
-0.005981
-0.007019
-0.007019
-0.007690
-0.007141
-0.005463
-0.004333
-0.004578
-0.005463
-0.004425
-0.004730
-0.006073
-0.006775
-0.007355
-0.007385
-0.009033
-0.010559
-0.010406
-0.007843
-0.005981
-0.007477
-0.007965
-0.006958
-0.004761
-0.003754
-0.004578
-0.005188
-0.004761
-0.003693
-0.003326
-0.002411
-0.002228
-0.002319
-0.005463
0.006561
-0.009125
0.009857
-0.012268
0.014282
-0.018250
0.267212
0.325714
-0.746368
-0.248810
0.220215
-0.047546
0.347656
0.074371
0.280212
0.763977
0.238007
-0.428497
-0.162476
-0.042358
0.102203
0.281769
-0.079315
-0.176178
-0.105652
-0.072144
-0.099152
0.000000
-0.031860
-0.078735
-0.057343
-0.109619
-0.026062
-0.002319
-0.027771
-0.063477
-0.011719
-0.057007
-0.059326
-0.038177
-0.064941
-0.027832
-0.013428
-0.009460
-0.018433
-0.023804
-0.032043
-0.011841
-0.000763
0.010681
0.008850
-0.012848
-0.010925
-0.018890
-0.015503
-0.001953
-0.008942
-0.015106
-0.017090
-0.026184
-0.025299
-0.001251
0.001190
-0.000977
-0.002869
-0.012207
-0.011292
0.001312
-0.000763
-0.005432
-0.003601
-0.012787
-0.010773
-0.008209
-0.009186
-0.008514
-0.006073
-0.008392
-0.008087
-0.000977
0.002380
0.004974
0.004272
0.000397
-0.000488
-0.002258
-0.002563
0.009186
0.001617
-0.021301
-0.013275
-0.016144
-0.003876
0.010651
-0.000977
0.012665
0.009399
0.007202
0.002899
-0.017212
-0.018402
-0.004364
0.007080
0.008667
-0.009674
-0.023743
-0.011261
-0.001312
0.000000
0.008575
0.020691
0.017700
0.015198
0.012787
0.012238
0.010071
-0.003845
-0.005463
-0.000458
-0.000061
0.006042
0.008881
0.004913
0.003784
0.006744
0.003601
0.003571