0.000031
0.000031
0.000031
0.000000
0.000061
-0.000031
0.000061
0.000000
-0.000031
0.000061
0.000153
-0.000092
0.000366
-0.000549
0.000946
-0.001251
0.001831
-0.002380
0.003204
-0.003662
0.005646
-0.002655
0.103271
0.100067
-0.221436
-0.110626
0.036621
0.028778
0.116547
0.051422
0.083557
0.212952
0.175323
-0.012543
-0.028931
-0.019623
-0.020844
0.024994
-0.017212
-0.033325
-0.039307
-0.049164
-0.045624
-0.010223
-0.014740
-0.024139
-0.012207
-0.021759
0.002319
0.006317
-0.004059
-0.014435
-0.004608
-0.013855
-0.019043
-0.007233
-0.016968
-0.007965
-0.001129
-0.003723
-0.001495
0.004395
0.004578
-0.000427
-0.002319
-0.002869
-0.005829
-0.009430
-0.006622
-0.006012
-0.012451
-0.015472
-0.016235
-0.014038
-0.012787
-0.013245
-0.015350
-0.014282
-0.012177
-0.012726
-0.011169
-0.010101
-0.007935
-0.004913
-0.005463
-0.007355
-0.006836
-0.009033
-0.009735
-0.008057
-0.007416
-0.006744
-0.005798
-0.006958
-0.007233
-0.006653
-0.006439
-0.005035
-0.003052
-0.006287
-0.015228
-0.016846
-0.013428
-0.006592
-0.002258
-0.004303
-0.004761
-0.001221
0.001068
-0.003174
-0.010864
-0.013306
-0.010193
-0.008270
-0.005768
-0.007629
-0.008270
-0.003601
-0.002167
-0.000671
0.001587
0.003418
0.004181
0.001678
0.001923
0.002655
0.001099
-0.000824
0.000397
-0.000732
0.001312
-0.001770
0.002350
-0.003265
0.003723
-0.004761
0.005249
-0.006073
0.006805
-0.008423
0.128815
0.224213
-0.347198
-0.154388
0.084290
-0.153107
0.172638
0.201843
0.193298
0.321869
0.030029
0.006927
0.303589
0.060028
-0.050934
0.001587
-0.150421
-0.055206
-0.071442
-0.139648
-0.064636
-0.058807
-0.064392
-0.041718
-0.045166
-0.032288
0.009491
-0.010681
-0.004578
-0.010315
-0.003784
-0.025970
-0.041840
-0.023193
-0.031677
-0.026886
-0.020050
-0.027740
-0.023682
-0.018738
-0.021851
0.000977
0.001465
-0.007568
-0.009338
-0.014435
-0.010651
-0.004822
-0.008240
-0.004913
-0.012390
-0.017517
-0.012360
-0.013977
-0.011353
-0.006927
-0.011353
-0.010803
-0.002625
-0.001434
0.000458
0.000122
-0.003296
-0.005859
-0.007660
-0.012146
-0.009827
-0.008606
-0.009033
-0.007233
-0.006104
-0.006256
-0.005005
-0.001892
-0.001099
-0.001831
-0.004791
-0.006622
-0.007172
-0.000275
0.005798
-0.011810
-0.016174
-0.008636
-0.007599
0.002014
0.002625
0.000214
0.008850
0.011200
-0.008423
-0.012421
0.000031
-0.000092
-0.010681
-0.010895
-0.013123
-0.012970
-0.002228
-0.006531
0.000885
0.009369
0.005859
0.005096
0.007263
0.011444
0.010010
0.006470
0.000488
-0.001404
-0.002441
-0.001007
0.000458
-0.001892
-0.003937
-0.004456