-0.000031
0.000000
-0.000031
0.000000
-0.000031
0.000031
-0.000061
0.000031
-0.000061
0.000000
0.000031
-0.000031
0.000031
0.000122
-0.000061
0.000275
-0.000244
0.000427
-0.000549
0.000732
-0.000641
0.000732
-0.000702
0.000916
-0.000427
0.032806
0.073059
-0.063538
-0.084045
-0.003052
-0.002747
0.052826
0.046661
0.040894
0.089264
0.128448
0.059479
-0.007965
0.006592
-0.002045
0.008453
0.003021
-0.012329
-0.015411
-0.014069
-0.015625
-0.009918
0.001465
-0.004791
-0.000366
0.004272
0.008301
0.009308
0.002045
-0.006042
-0.008209
-0.002594
0.005524
0.006012
-0.007599
-0.010529
-0.009003
-0.013428
-0.013092
-0.014526
-0.014130
-0.012451
-0.011536
-0.012695
-0.017090
-0.015686
-0.011597
-0.010437
-0.014801
-0.017456
-0.015076
-0.014435
-0.017090
-0.017944
-0.016388
-0.014130
-0.012207
-0.012482
-0.011505
-0.009033
-0.007202
-0.006348
-0.006592
-0.006561
-0.005188
-0.004730
-0.004883
-0.003845
-0.002441
-0.002502
-0.004456
-0.005920
-0.006927
-0.007812
-0.008453
-0.009003
-0.008728
-0.011536
-0.013458
-0.011139
-0.007812
-0.004883
-0.004822
-0.006042
-0.005554
-0.003876
-0.004669
-0.008087
-0.010986
-0.011536
-0.009338
-0.006561
-0.005676
-0.006470
-0.005005
-0.002380
-0.001495
-0.000610
-0.001160
-0.001099
-0.000519
-0.001343
-0.000671
-0.002747
0.003510
-0.005035
0.005798
-0.007874
0.008850
-0.010834
0.012787
-0.018158
0.193329
0.286865
-0.588440
-0.193359
0.280670
-0.184418
0.177216
0.247101
0.239502
0.523132
-0.105591
-0.302521
0.299438
0.224915
0.073090
0.022980
-0.158875
-0.129181
-0.093750
-0.112061
-0.056763
-0.026520
-0.063293
-0.094360
-0.076080
-0.021851
0.007385
-0.006287
-0.018951
-0.041687
0.013184
-0.032135
-0.071960
-0.039673
-0.036194
-0.022308
-0.007172
-0.028046
-0.029358
-0.024231
-0.030884
0.001343
-0.003693
-0.005341
-0.009949
-0.025208
-0.016083
-0.005920
-0.007294
-0.000732
-0.010132
-0.021210
-0.017426
-0.019226
-0.015289
-0.002563
-0.005951
-0.011780
-0.006104
-0.005585
-0.001312
0.003174
-0.001129
-0.009094
-0.007324
-0.011017
-0.008423
-0.004639
-0.006989
-0.007080
-0.005615
-0.007782
-0.007233
-0.000977
0.002258
0.000183
-0.002289
-0.005859
-0.005890
-0.002411
0.006134
0.010620
-0.014435
-0.015839
-0.012177
-0.008606
0.000580
-0.002411
0.005219
0.010345
0.010559
-0.011780
-0.019379
-0.000366
0.002258
-0.002838
-0.001282
-0.010742
-0.014221
-0.002899
-0.002289
-0.000580
0.004211
0.008636
0.007385
0.010132
0.016022
0.010376
0.009857
0.004944
-0.003357
-0.003143
0.002106
0.002777
0.003723
-0.000275
-0.003998
0.003265
0.004883