0.000000
0.000000
0.000000
-0.000214
0.000366
-0.000275
0.000580
-0.000519
0.000549
-0.000488
0.000214
0.000153
-0.001007
0.001709
-0.002319
0.003387
0.033508
0.216400
-0.065552
-0.314972
0.011108
0.007965
0.100922
0.191101
0.078003
0.171783
0.217499
0.133545
0.035645
-0.020172
-0.065491
-0.047272
-0.052216
-0.048279
-0.044647
-0.088531
-0.070465
-0.046936
-0.022705
-0.023682
-0.016846
-0.015869
-0.003082
-0.003845
-0.007507
-0.001770
-0.016296
-0.015686
-0.022858
-0.013184
-0.015900
-0.008575
-0.003998
-0.011993
-0.004822
-0.002930
-0.001312
-0.002655
-0.002899
-0.004059
-0.002594
-0.009033
-0.026886
-0.022186
-0.016113
-0.010345
-0.005066
-0.015442
-0.010498
0.002197
0.007721
0.003815
-0.000458
-0.009521
-0.012909
-0.014740
-0.021210
-0.020081
-0.019318
-0.012360
-0.002441
0.003265
0.006561
0.003052
-0.004089
-0.010315
-0.013000
-0.018555
-0.020782
-0.018555
-0.015076
-0.008789
-0.006775
-0.006897
-0.006744
-0.003326
-0.002014
0.000244
0.001434
-0.000183
-0.001770
-0.003998
-0.005920
-0.006500
-0.005524
-0.003571
-0.000549
0.002045
0.001648
-0.000214
-0.002258
-0.004517
-0.006012
-0.005157
-0.003235
-0.000732
0.002747
0.002899
0.001617
0.000580
-0.002502
-0.002563
-0.002838
-0.004181
-0.001556
-0.000275
0.000153
0.001068
0.000000
0.000000
0.000000
-0.000214
0.000366
-0.000275
0.000580
-0.000519
0.000549
-0.000488
0.000214
0.000153
-0.001007
0.001709
-0.002319
0.003387
0.033508
0.216400
-0.065552
-0.314972
0.011108
0.007965
0.100922
0.191101
0.078003
0.171783
0.217499
0.133545
0.035645
-0.020172
-0.065491
-0.047272
-0.052216
-0.048279
-0.044647
-0.088531
-0.070465
-0.046936
-0.022705
-0.023682
-0.016846
-0.015869
-0.003082
-0.003845
-0.007507
-0.001770
-0.016296
-0.015686
-0.022858
-0.013184
-0.015900
-0.008575
-0.003998
-0.011993
-0.004822
-0.002930
-0.001312
-0.002655
-0.002899
-0.004059
-0.002594
-0.009033
-0.026886
-0.022186
-0.016113
-0.010345
-0.005066
-0.015442
-0.010498
0.002197
0.007721
0.003815
-0.000458
-0.009521
-0.012909
-0.014740
-0.021210
-0.020081
-0.019318
-0.012360
-0.002441
0.003265
0.006561
0.003052
-0.004089
-0.010315
-0.013000
-0.018555
-0.020782
-0.018555
-0.015076
-0.008789
-0.006775
-0.006897
-0.006744
-0.003326
-0.002014
0.000244
0.001434
-0.000183
-0.001770
-0.003998
-0.005920
-0.006500
-0.005524
-0.003571
-0.000549
0.002045
0.001648
-0.000214
-0.002258
-0.004517
-0.006012
-0.005157
-0.003235
-0.000732
0.002747
0.002899
0.001617
0.000580
-0.002502
-0.002563
-0.002838
-0.004181
-0.001556
-0.000275
0.000153
0.001068