0.000031
0.000031
0.000031
0.000000
0.000000
0.000061
0.000031
0.000061
0.000092
0.000000
0.000244
0.000031
0.000305
-0.000061
0.000244
-0.000031
0.000153
0.000275
-0.000366
0.000519
-0.000763
0.001221
0.014587
0.089447
-0.013641
-0.117706
-0.015656
-0.000549
0.053375
0.066254
0.040833
0.065277
0.119537
0.142334
0.020264
-0.032501
-0.012146
-0.008820
-0.005127
-0.015198
-0.035095
-0.024872
-0.019958
-0.027710
-0.007812
-0.003754
0.002228
0.007996
0.003632
0.005707
0.005463
-0.004456
-0.001953
-0.002533
-0.002197
0.000122
-0.008728
-0.011475
-0.006134
-0.003662
-0.002441
-0.000824
-0.005798
-0.009216
-0.011810
-0.009674
-0.009796
-0.013733
-0.015594
-0.014648
-0.010773
-0.012878
-0.016632
-0.013336
-0.009705
-0.004852
-0.003326
-0.008728
-0.012970
-0.013397
-0.013641
-0.015564
-0.020386
-0.021667
-0.015167
-0.011017
-0.007935
-0.005524
-0.005798
-0.006927
-0.009125
-0.011841
-0.014557
-0.017242
-0.016174
-0.010895
-0.006500
-0.003418
-0.003479
-0.005066
-0.004181
-0.003906
-0.005127
-0.006927
-0.007996
-0.006195
-0.003418
-0.002045
-0.003387
-0.005829
-0.006348
-0.005829
-0.005127
-0.003418
-0.002441
-0.002594
-0.003387
-0.004395
-0.003540
-0.002319
-0.002014
-0.000885
-0.000153
-0.001038
-0.001251
-0.002167
-0.002625
-0.002258
0.001404
-0.001648
0.001892
-0.002075
0.001709
-0.001587
0.000275
0.001007
-0.002594
0.001892
0.064850
0.331543
-0.290680
-0.379517
0.253052
-0.094635
0.047211
0.220123
0.126984
0.411163
0.314911
-0.175232
-0.096771
0.224670
0.099670
-0.004456
-0.160797
-0.182068
-0.015106
-0.037811
-0.106781
-0.048218
-0.022644
-0.065369
-0.013184
-0.040161
0.002502
0.016266
-0.038818
-0.021576
-0.007385
-0.028107
-0.053986
-0.035980
-0.040527
-0.018677
-0.013824
-0.029053
-0.012817
-0.014252
-0.017303
-0.010406
-0.005554
-0.010040
-0.013336
-0.015991
-0.015472
-0.004364
-0.024780
-0.020630
-0.020050
-0.022369
-0.016846
-0.024872
-0.001465
0.010742
0.015289
0.002014
-0.014008
-0.012421
-0.015076
-0.017731
-0.013763
-0.016174
-0.005829
0.006653
-0.001129
0.005585
0.005219
-0.002289
-0.003235
-0.013245
-0.011292
-0.009308
-0.010834
-0.004425
-0.005554
-0.008331
-0.006775
-0.007843
-0.004486
0.001312
0.003326
0.003479
0.004181
0.003632
-0.000427
0.000214
0.002686
0.002838
-0.001923
-0.007935
-0.005859
-0.000519
0.000854
0.002289
0.001160
0.000305
0.002014
0.001129
0.005157
0.003479
0.000031
-0.003357
-0.007538
-0.004242
-0.000031
0.002502
0.001923
0.002136
0.001862
0.000977
0.001312
-0.000610
0.000763
0.003723
0.001556
0.002533