0.000000
0.000000
0.000031
-0.000031
-0.000031
0.000183
-0.000153
0.000427
-0.000336
0.000488
-0.000519
0.000336
-0.000214
0.000061
0.000305
-0.000092
0.000000
0.040558
0.134705
-0.067780
-0.152588
0.014496
-0.071594
0.061066
0.166901
0.106232
0.126343
0.107300
0.169403
0.094543
0.001160
-0.000793
-0.071777
-0.090240
0.019958
0.007568
-0.078217
-0.058441
-0.040436
-0.022339
-0.028503
-0.035339
-0.019775
-0.009369
-0.020142
-0.018799
-0.020691
-0.015533
-0.015503
-0.027039
-0.025604
-0.018341
-0.010376
-0.005005
-0.012085
-0.012177
-0.005920
-0.007507
-0.010284
-0.011902
-0.008270
-0.008118
-0.010895
-0.006439
-0.008301
-0.009644
0.005737
0.001465
0.005920
0.006439
-0.001373
-0.002045
-0.007111
-0.007690
-0.013031
-0.022064
-0.019745
-0.013916
-0.010376
-0.002197
-0.003326
-0.003418
-0.003204
-0.008911
-0.007751
-0.008453
-0.012512
-0.015961
-0.020538
-0.014008
-0.006042
-0.002319
-0.000641
-0.000977
-0.000916
-0.002014
-0.004181
-0.004639
-0.006744
-0.007690
-0.006958
-0.009888
-0.010559
-0.008118
-0.005890
-0.006622
-0.005432
-0.004089
-0.003235
0.000702
0.000946
-0.001953
-0.002716
-0.001984
-0.000854
0.000793
0.000275
-0.001007
-0.000519
-0.002045
-0.002380
0.000122
0.002045
0.001099
0.001892
0.002319
0.000366
0.000580
0.000092
-0.000183
0.000580
-0.001007
0.001404
-0.002533
0.003082
-0.004059
0.004547
-0.005920
0.006836
-0.001984
0.191040
0.151917
-0.389740
-0.063904
0.041382
-0.116730
0.331238
0.252686
0.152954
0.114746
0.267181
0.243805
-0.139709
-0.051697
-0.123474
-0.145050
0.129486
0.022705
-0.183563
-0.056061
-0.074066
-0.130707
-0.094604
-0.035706
0.031372
-0.023468
-0.085480
-0.006805
0.024414
-0.035675
-0.015015
-0.041809
-0.029968
-0.018982
-0.019257
-0.007599
-0.012329
-0.015167
0.001526
-0.006897
-0.009735
0.001190
-0.010620
-0.009796
-0.008209
-0.010437
-0.001831
-0.014587
-0.030548
-0.021362
-0.027679
-0.010406
0.013184
0.007294
0.006378
0.000702
-0.004242
0.000397
-0.010956
-0.018738
-0.033569
-0.032654
-0.015686
-0.001617
0.006042
0.005737
0.001678
0.000580
0.003082
0.003387
-0.000061
-0.011444
-0.016571
-0.022156
-0.015625
-0.005524
-0.004364
-0.004272
0.000946
0.000580
0.003723
0.004059
-0.002289
-0.002380
0.000031
0.001617
-0.000488
-0.003448
-0.002960
-0.000610
0.002441
0.001160
-0.003662
-0.003021
-0.007324
-0.005463
-0.002289
0.001404
0.002350
-0.001221
-0.000977
-0.000610
0.001740
0.003845
0.003540
0.003815
0.001495
-0.001343
-0.000031
-0.003174
-0.003540
-0.001190
-0.000092
0.001892
0.003448
0.005707