0.000092
0.000122
0.000061
0.000092
0.000061
0.000122
0.000092
0.000122
0.000122
0.000153
0.000092
0.000122
0.000061
0.000244
0.000061
0.000183
0.000061
0.000305
-0.000244
0.000244
-0.000061
0.000458
-0.000061
0.017303
0.032104
-0.008301
-0.018768
-0.013458
-0.021790
0.012390
0.035339
0.055847
0.070618
0.058411
0.051758
0.052917
0.042603
0.004578
-0.021759
-0.003326
0.017761
0.017670
0.016846
0.005096
-0.000610
-0.002991
-0.008698
-0.009918
-0.010834
-0.008820
-0.010193
-0.005005
-0.002502
-0.007568
-0.013947
-0.017090
-0.014008
-0.010193
-0.009949
-0.007568
-0.005829
-0.008179
-0.011017
-0.013092
-0.014008
-0.013184
-0.011261
-0.011292
-0.012604
-0.016388
-0.015625
-0.012634
-0.008484
-0.005066
-0.006805
-0.008606
-0.011078
-0.013306
-0.014313
-0.014679
-0.013794
-0.013000
-0.011749
-0.010284
-0.006592
-0.005249
-0.007141
-0.008575
-0.009827
-0.007843
-0.007355
-0.007690
-0.007446
-0.008362
-0.008881
-0.009155
-0.009186
-0.009308
-0.008850
-0.008575
-0.009033
-0.008392
-0.008270
-0.007599
-0.005981
-0.006012
-0.007263
-0.007324
-0.005280
-0.004150
-0.003387
-0.003601
-0.004425
-0.004883
-0.004974
-0.003387
-0.002563
-0.002563
-0.002106
-0.000793
-0.000488
-0.001038
-0.001801
-0.003571
-0.003906
-0.003601
-0.001709
0.000000
0.002136
-0.003448
0.004242
-0.005707
0.005890
-0.007477
0.008545
-0.010345
0.213257
0.285309
-0.535706
-0.259735
0.151855
-0.000793
0.353668
0.123657
0.084717
0.337494
0.584808
0.050293
-0.236725
-0.174500
-0.203125
0.319305
0.033264
-0.236633
-0.151520
-0.080444
-0.077942
-0.049561
-0.041351
-0.050842
-0.003387
-0.108124
-0.003845
0.009766
-0.031433
-0.007050
-0.051971
-0.036407
-0.044708
-0.038879
-0.056305
-0.007263
-0.024292
-0.019592
0.002563
-0.011444
0.006073
-0.017456
-0.003021
-0.002502
0.000214
-0.019989
-0.010773
-0.010223
-0.029480
-0.036987
-0.032043
-0.017334
-0.011932
0.004303
-0.010040
0.001831
0.016235
0.002594
-0.004333
-0.026031
-0.030792
-0.025146
-0.017883
-0.009094
-0.010590
-0.006226
-0.005035
0.007599
0.010712
0.006622
0.004517
-0.000885
-0.011810
-0.017334
-0.010834
-0.004211
-0.003784
-0.010223
-0.006195
-0.002258
-0.003052
-0.001526
0.000671
0.000702
0.005371
0.004761
0.005585
0.008392
0.006683
0.007355
0.003296
-0.000031
-0.003754
-0.005737
-0.004730
0.000763
0.003784
0.004028
0.005035
0.003662
0.001556
0.000305
-0.001129
0.001373
0.000122
-0.000610
0.002563
0.001404
0.002594
0.000916
0.000031
-0.003052
-0.002380
0.000793
0.003601
0.007874
0.005737
0.003998
0.003357
-0.000031