0.000183
-0.000092
0.000092
-0.000214
-0.000092
0.000031
-0.000488
0.000702
-0.001312
0.002136
-0.000854
0.052948
0.099335
0.056793
-0.185638
-0.220703
0.146942
0.229523
0.120422
0.074890
0.056549
0.078949
0.093445
0.040466
-0.019073
0.008911
-0.016174
-0.036774
-0.038300
-0.039001
-0.018860
-0.030579
-0.031647
-0.025726
-0.013153
-0.011536
0.001465
-0.007690
-0.016998
-0.005554
-0.018829
-0.034790
-0.004883
0.000000
-0.016174
-0.002808
-0.011627
-0.009277
-0.012665
-0.017365
-0.015106
-0.018036
-0.018311
-0.010040
-0.005066
-0.015594
-0.015320
-0.006561
-0.004181
-0.010254
-0.018890
-0.019836
-0.013916
-0.007721
-0.010834
-0.010956
-0.008148
-0.011169
-0.011383
-0.009613
-0.009766
-0.017517
-0.023926
-0.019379
-0.011169
-0.013855
-0.016663
-0.016602
-0.015198
-0.012878
-0.011810
-0.009491
-0.006622
-0.005768
-0.007477
-0.009705
-0.011383
-0.009399
-0.008057
-0.007660
-0.007172
-0.006042
-0.006348
-0.007294
-0.007263
-0.006317
-0.004364
-0.003662
-0.004150
-0.004578
-0.004974
-0.003571
-0.001617
-0.000519
-0.000854
-0.000885
-0.001831
-0.002563
-0.001007
0.000549
0.001251
0.000977
0.001373
0.001404
0.001648
0.001648
0.001526
0.001068
0.001068
0.000977
0.000458
0.001190
0.001251
0.000946
0.001495
0.001678
0.001953
0.001770
-0.000824
0.000458
-0.000153
-0.000580
0.000946
0.008972
0.134430
0.181091
-0.023254
-0.387482
-0.123108
0.385742
0.241730
0.104309
0.073639
0.093811
0.144379
0.084412
-0.047272
-0.092438
-0.005890
-0.058380
-0.077820
-0.067993
-0.044128
-0.029236
-0.050201
-0.039917
-0.016815
-0.007660
-0.022797
-0.005127
-0.044220
-0.023590
-0.006500
-0.005798
0.003357
-0.009857
-0.027039
-0.015747
0.006378
-0.022095
-0.018280
-0.014801
-0.015106
-0.000061
-0.019012
-0.029083
-0.026672
-0.020905
-0.015625
0.001190
-0.000092
-0.025330
-0.020813
-0.009399
-0.003632
-0.011078
-0.011078
-0.008301
-0.004089
-0.009491
-0.012360
-0.015930
-0.026031
-0.027283
-0.022888
-0.017517
-0.013092
-0.009216
-0.008728
-0.007751
-0.009399
-0.008270
-0.007721
-0.005768
-0.003021
-0.002258
-0.005737
-0.007782
-0.008392
-0.007324
-0.005310
-0.004456
-0.005249
-0.006592
-0.007416
-0.006714
-0.004883
-0.002197
-0.001068
-0.005371
-0.006744
-0.006561
-0.004242
-0.000977
-0.000549
-0.001709
-0.001892
-0.002289
-0.000366
0.000122
0.000427
0.000641
-0.000214
-0.000946
-0.000946
-0.000092
0.000732
0.001526
-0.000366
-0.001404
-0.000854
-0.000092
0.001068
0.002563
0.002472
0.001495
0.001007
0.001312
0.002014
0.002655
0.002686
0.002777
0.002350
0.002594
0.002716
0.002319