-0.000092
-0.000183
-0.000153
-0.000458
0.000275
-0.001099
0.001129
-0.002228
0.002869
-0.003113
0.049194
0.109711
0.073364
-0.177582
-0.253601
0.135559
0.254974
0.126862
0.078949
0.058228
0.082184
0.099609
0.043701
-0.029297
0.002563
-0.012848
-0.043457
-0.040863
-0.044098
-0.021912
-0.030670
-0.034149
-0.029144
-0.014252
-0.016693
-0.003571
-0.007324
-0.020111
-0.005676
-0.007996
-0.033539
-0.021057
0.006531
-0.011230
-0.009186
-0.007721
-0.009308
-0.012848
-0.018066
-0.015686
-0.019043
-0.023163
-0.016327
-0.004272
-0.010773
-0.015350
-0.006012
-0.002594
-0.006409
-0.018433
-0.024475
-0.014465
-0.004730
-0.011200
-0.010986
-0.008636
-0.011597
-0.009460
-0.011322
-0.013611
-0.020538
-0.024628
-0.018982
-0.011292
-0.011566
-0.014069
-0.014984
-0.013672
-0.011749
-0.011383
-0.010834
-0.006958
-0.005219
-0.009155
-0.011353
-0.009705
-0.007782
-0.008148
-0.007996
-0.006592
-0.005585
-0.006531
-0.007751
-0.008636
-0.006256
-0.004395
-0.003967
-0.004639
-0.005493
-0.005646
-0.003876
-0.001129
-0.000854
-0.000671
-0.001038
-0.001984
-0.002380
-0.001465
0.000000
0.000793
0.000763
0.000275
0.000122
0.001129
0.001617
0.001129
0.000702
0.001007
0.000458
0.000305
0.001282
0.001190
0.001129
0.001129
0.001404
0.002167
0.001953
0.001678
0.001251
-0.001709
0.001892
-0.002167
0.002258
-0.003174
0.025574
0.144470
0.153259
-0.098145
-0.384796
0.008820
0.377747
0.187500
0.091797
0.067078
0.103088
0.132935
0.067200
-0.064056
-0.060944
-0.001617
-0.064514
-0.064911
-0.063751
-0.032928
-0.033508
-0.048798
-0.036072
-0.009644
-0.014893
-0.015747
-0.012115
-0.044586
-0.011505
-0.009644
-0.001740
-0.005432
-0.019440
-0.022980
0.004425
-0.004822
-0.025940
-0.008301
-0.022522
-0.007080
-0.004333
-0.025452
-0.028198
-0.027130
-0.019562
-0.007843
0.002808
-0.009796
-0.016937
-0.015869
-0.010010
-0.007355
-0.012390
-0.007294
-0.007324
-0.007507
-0.010376
-0.009735
-0.015076
-0.023407
-0.029877
-0.024017
-0.016235
-0.014099
-0.010315
-0.009094
-0.007355
-0.008362
-0.007843
-0.007629
-0.005066
-0.004883
-0.004700
-0.006531
-0.008667
-0.009399
-0.008209
-0.004456
-0.004486
-0.005280
-0.005707
-0.007751
-0.007050
-0.005798
-0.003510
-0.001495
-0.004303
-0.007965
-0.007202
-0.004028
-0.001495
0.000031
-0.001495
-0.002014
-0.001770
-0.000732
-0.000549
0.000061
0.000763
0.000580
-0.000671
-0.000885
-0.000183
0.000977
0.001404
-0.000336
-0.001343
-0.000519
0.000061
0.001038
0.002594
0.001984
0.001648
0.001831
0.001740
0.002258
0.002380
0.002411
0.002289
0.001984
0.002625
0.002594