0.001068
-0.001862
0.002106
-0.002747
0.002991
-0.003418
0.003418
-0.003418
0.033936
0.112000
0.088562
0.034027
-0.378967
-0.089813
0.319031
0.191071
0.235870
0.019836
0.038666
0.112152
0.054291
-0.047455
-0.036041
-0.047272
-0.095886
0.006134
-0.060089
-0.046539
-0.004486
-0.035858
-0.025391
-0.021851
-0.010651
0.001099
0.003967
-0.039734
-0.008881
-0.013519
-0.021088
0.004700
-0.007416
-0.000336
-0.005432
-0.013855
-0.023468
-0.012512
-0.018616
-0.009033
0.001465
-0.003601
-0.011078
-0.016205
-0.011993
-0.007202
-0.006042
-0.013000
-0.015289
-0.014252
-0.010101
-0.006439
-0.006042
0.001495
-0.004089
-0.017731
-0.013763
-0.013489
-0.017761
-0.027283
-0.031067
-0.027130
-0.021790
-0.014618
-0.010162
-0.009949
-0.018036
-0.021942
-0.016083
-0.011261
-0.010162
-0.009399
-0.007751
-0.007660
-0.009399
-0.010559
-0.009979
-0.007324
-0.005096
-0.005463
-0.007782
-0.008667
-0.009399
-0.008759
-0.006531
-0.002075
-0.001709
-0.003662
-0.004547
-0.005157
-0.001770
0.001678
0.001862
0.001587
0.001190
-0.000763
-0.000427
0.000916
0.000671
0.000946
-0.000244
-0.001892
-0.001465
-0.000183
0.001068
0.000580
-0.000427
-0.001007
-0.000031
0.001007
0.001434
0.002502
0.002960
0.001953
0.001740
0.002350
0.002502
0.002533
0.002502
0.001343
0.000275
0.000305
-0.001556
0.003418
-0.005920
0.008789
-0.000519
0.137634
0.107758
0.129272
-0.339508
-0.366669
0.420135
0.235779
0.246826
0.103760
-0.012939
0.152374
0.072266
-0.045410
-0.098785
-0.039307
-0.139069
-0.018921
-0.031647
-0.081238
0.016663
-0.035553
-0.028748
-0.022705
-0.016144
-0.011292
0.005005
-0.043396
-0.025635
-0.001709
-0.031708
0.016602
-0.008148
-0.002655
-0.000397
-0.018890
-0.030731
-0.017822
-0.021271
-0.012878
0.011383
-0.002869
-0.011322
-0.012634
-0.010559
-0.004578
-0.004547
-0.010254
-0.017731
-0.019012
-0.013794
-0.009247
0.003021
0.001831
-0.004364
-0.006989
-0.012024
-0.016541
-0.014923
-0.025909
-0.041992
-0.042053
-0.026917
-0.008331
-0.010986
-0.015594
-0.012207
-0.013885
-0.012054
-0.010437
-0.010101
-0.006195
-0.003784
-0.007660
-0.011688
-0.011078
-0.008453
-0.002136
-0.002502
-0.004578
-0.006104
-0.008820
-0.009033
-0.009918
-0.005219
-0.001923
-0.002258
-0.004639
-0.009216
-0.005585
0.000824
0.003204
0.002777
0.001373
-0.001404
-0.000122
0.000763
0.000275
0.001221
-0.000488
-0.001831
-0.001709
-0.002228
0.000519
0.002502
0.000793
0.001190
-0.001068
-0.002472
0.001007
0.002869
0.002960
0.003143
0.000946
0.001221
0.003235
0.003357
0.003082
0.001648
0.000214
0.001617
0.002869