-0.000214
0.000244
-0.000122
0.000183
-0.000244
0.000000
0.000122
-0.000671
0.001099
-0.001556
0.002594
0.002411
0.056793
0.062500
0.065491
-0.136627
-0.231262
0.103455
0.189209
0.179962
0.099945
0.019592
0.067322
0.069916
0.030548
-0.002991
-0.001129
-0.042542
-0.015381
-0.020630
-0.042114
-0.012177
-0.017395
-0.021149
-0.020325
-0.005280
-0.003510
0.004517
-0.004028
-0.016876
-0.009125
-0.012085
-0.010529
-0.010590
-0.007812
-0.007446
-0.006439
-0.014008
-0.018372
-0.028625
-0.020264
-0.001129
-0.002350
-0.003479
-0.009033
-0.011841
-0.012482
-0.008789
-0.011353
-0.019684
-0.020691
-0.016754
-0.008423
-0.003967
-0.010590
-0.012787
-0.006012
-0.006714
-0.013306
-0.017242
-0.017914
-0.017212
-0.018585
-0.020294
-0.018860
-0.016205
-0.015015
-0.013214
-0.015350
-0.018188
-0.020020
-0.020355
-0.015533
-0.011993
-0.010345
-0.010376
-0.009979
-0.010132
-0.009064
-0.007111
-0.006622
-0.005707
-0.005249
-0.005035
-0.006439
-0.007904
-0.006439
-0.004028
-0.003174
-0.004150
-0.003937
-0.003052
-0.000793
0.001007
0.001160
0.001373
0.001007
-0.000061
-0.000397
-0.000275
0.000488
0.000519
-0.000519
-0.001221
-0.001526
-0.000366
0.000336
0.001190
0.001007
0.000458
0.000580
0.000977
0.001801
0.001831
0.001648
0.001068
0.001251
0.001373
0.009857
-0.013184
0.017120
-0.021271
0.119110
0.186401
0.192047
-0.180786
-0.686829
0.377411
0.449097
0.107910
0.240112
0.020905
0.145355
0.100006
0.014893
-0.182861
-0.078491
-0.117188
-0.121368
-0.024139
-0.123627
0.009827
-0.021362
-0.014465
-0.018951
-0.010895
-0.006958
-0.012726
-0.039825
-0.050842
-0.007721
-0.040436
0.014038
-0.000610
0.000580
0.008301
-0.008453
-0.043091
-0.038849
-0.019531
-0.014404
0.012848
-0.009399
-0.022308
-0.008331
-0.006500
0.002106
-0.000549
-0.004761
-0.025391
-0.030670
-0.009430
-0.013031
-0.008789
-0.001160
-0.001190
-0.005829
-0.007965
-0.013397
-0.016754
-0.030701
-0.044495
-0.035126
-0.026489
-0.021057
-0.010284
-0.005310
-0.008667
-0.011780
-0.010956
-0.007507
-0.001953
-0.003357
-0.001709
-0.003357
-0.010498
-0.009827
-0.008301
-0.002655
-0.000427
-0.002655
-0.006683
-0.008606
-0.005310
-0.002960
-0.002777
-0.000244
-0.005890
-0.007141
-0.005585
-0.003632
0.001984
0.002594
0.001373
0.000061
-0.001282
-0.000275
0.002350
0.001282
0.000519
-0.002747
-0.005127
-0.004028
-0.001709
0.001862
0.003021
-0.000519
-0.002167
-0.001770
-0.000824
0.002411
0.004639
0.003723
0.002167
0.000763
-0.000031
0.001587
0.002899
0.003601
0.003479
0.001678
0.001404
0.003571
0.003876
0.003479
0.002960