-0.000549
0.000824
-0.001465
0.001801
-0.002594
0.003143
-0.004028
0.004852
-0.005066
0.042847
0.094604
0.084137
-0.006317
-0.347351
-0.027466
0.266449
0.193085
0.206940
0.010986
0.048218
0.100464
0.047760
-0.034729
-0.017456
-0.052429
-0.070435
0.002289
-0.060913
-0.037262
-0.010284
-0.032074
-0.025360
-0.017609
-0.007172
0.004089
0.001343
-0.034271
-0.008636
-0.015137
-0.015961
0.001709
-0.005493
-0.001953
-0.004608
-0.014526
-0.021759
-0.010376
-0.019379
-0.011230
-0.000122
-0.003876
-0.015869
-0.017059
-0.004822
-0.006012
-0.009888
-0.014496
-0.015991
-0.012085
-0.010590
-0.005341
-0.005707
-0.007233
-0.008301
-0.013367
-0.010895
-0.013794
-0.021545
-0.025299
-0.023865
-0.021973
-0.020172
-0.017456
-0.012817
-0.010864
-0.016174
-0.020752
-0.018524
-0.013672
-0.011597
-0.010193
-0.008331
-0.009125
-0.010071
-0.010437
-0.010345
-0.008820
-0.006866
-0.005890
-0.006622
-0.007721
-0.008972
-0.008057
-0.005829
-0.002563
-0.001770
-0.003723
-0.003784
-0.003723
-0.002319
0.000153
0.001434
0.001465
0.001678
0.000580
0.000092
0.000702
0.000061
0.000397
-0.000031
-0.001495
-0.001740
-0.000153
0.000702
0.000397
-0.000427
-0.000885
0.000519
0.001434
0.001526
0.002289
0.002899
0.001801
0.001678
0.002014
0.001953
0.002686
0.002594
0.003143
-0.005127
0.007690
-0.010956
0.014679
-0.015625
0.125610
0.132782
0.155243
-0.218750
-0.549774
0.374359
0.333038
0.201263
0.186096
-0.035156
0.148865
0.098694
-0.021057
-0.135773
-0.038177
-0.145935
-0.062927
-0.004974
-0.103394
0.019745
-0.022766
-0.029297
-0.025848
-0.017639
-0.010956
-0.002594
-0.040131
-0.039673
0.005280
-0.038391
0.014954
0.001251
-0.004761
0.002930
-0.015015
-0.036560
-0.024536
-0.020660
-0.019012
0.012634
-0.000427
-0.011932
-0.012482
-0.008423
-0.004425
-0.002625
-0.006927
-0.015625
-0.021851
-0.022064
-0.009735
0.003540
0.001617
0.000336
-0.006989
-0.011505
-0.015045
-0.013000
-0.021729
-0.046204
-0.049805
-0.029083
-0.006348
-0.014008
-0.016815
-0.008331
-0.012024
-0.010315
-0.009857
-0.008728
-0.003845
-0.003662
-0.008423
-0.011749
-0.009827
-0.008667
-0.002594
-0.001923
-0.002625
-0.004944
-0.009033
-0.009491
-0.007843
-0.003357
-0.003265
-0.002319
-0.005249
-0.009949
-0.005188
0.000397
0.002594
0.004669
0.000488
-0.002930
0.000336
0.000214
0.001312
0.002594
-0.001373
-0.002960
-0.003448
-0.002869
0.001038
0.003235
0.001556
0.000397
-0.002075
-0.002167
0.001831
0.003052
0.003418
0.002533
0.000885
0.001251
0.002594
0.003418
0.002563
0.001282
0.001282
0.002655
0.002960
0.001984