0.000275
-0.000336
0.000519
-0.001099
0.001434
-0.002167
0.002777
-0.003784
0.005035
-0.004700
0.048645
0.080109
0.080231
-0.044464
-0.313385
0.018250
0.229492
0.193512
0.173706
0.007660
0.056885
0.089478
0.042114
-0.021149
-0.008545
-0.051666
-0.047211
-0.004700
-0.059082
-0.027466
-0.013824
-0.028320
-0.023956
-0.012878
-0.004517
0.003906
-0.001556
-0.028168
-0.007111
-0.014832
-0.011597
-0.000977
-0.005188
-0.004150
-0.006866
-0.014587
-0.017975
-0.012482
-0.021698
-0.009003
-0.005920
-0.010590
-0.008209
-0.008972
-0.006989
-0.008881
-0.013641
-0.015991
-0.012238
-0.010956
-0.012512
-0.010010
-0.009552
-0.005554
-0.006592
-0.013672
-0.011719
-0.013672
-0.021179
-0.021851
-0.019623
-0.019714
-0.021393
-0.019165
-0.012939
-0.010529
-0.015167
-0.019989
-0.019806
-0.016785
-0.011963
-0.011627
-0.010010
-0.009705
-0.010742
-0.011078
-0.010193
-0.008240
-0.008270
-0.006073
-0.005371
-0.006226
-0.007843
-0.008301
-0.005463
-0.003174
-0.002533
-0.003662
-0.003662
-0.002899
-0.002594
-0.000641
0.001007
0.001923
0.001984
0.001221
-0.000031
-0.000275
-0.000061
0.000061
-0.000183
-0.001190
-0.001648
-0.000580
0.000458
0.000427
-0.000153
-0.000732
0.000793
0.001801
0.001953
0.001953
0.001862
0.001770
0.001587
0.001801
0.001678
0.002350
-0.006683
0.008514
-0.010376
0.012329
-0.014954
0.078918
0.171112
0.151947
-0.027069
-0.666199
0.148193
0.501770
0.138763
0.261749
-0.016632
0.118500
0.123352
0.023651
-0.139160
-0.080933
-0.101379
-0.136902
0.011292
-0.108490
-0.006500
0.001770
-0.031128
-0.017365
-0.029205
-0.005951
-0.008728
-0.028442
-0.061584
0.006073
-0.033997
0.000488
0.011902
-0.006500
0.009766
-0.011536
-0.033722
-0.034637
-0.021240
-0.023804
0.008911
0.003571
-0.014282
-0.011780
-0.008453
-0.002716
-0.001801
-0.004120
-0.011475
-0.024658
-0.028015
-0.009155
0.000458
-0.004791
0.006348
-0.004486
-0.011230
-0.010864
-0.015045
-0.019562
-0.041718
-0.051544
-0.035980
-0.011841
-0.010254
-0.015808
-0.010834
-0.006836
-0.009552
-0.012054
-0.007080
-0.001709
-0.002533
-0.007263
-0.011871
-0.008667
-0.008514
-0.004791
-0.001251
-0.001373
-0.004303
-0.008362
-0.009644
-0.005920
-0.002533
-0.003082
-0.001648
-0.007050
-0.009277
-0.004272
-0.000702
0.002686
0.004974
-0.000610
-0.001801
-0.000061
-0.000336
0.002167
0.002686
-0.001434
-0.002686
-0.004120
-0.004272
0.000214
0.004242
0.002777
-0.000854
-0.002899
-0.001587
0.001587
0.003632
0.004639
0.002197
0.001038
0.000793
0.002258
0.003357
0.002136
0.001648
0.002625
0.002655
0.002747
0.002869
0.002991