-0.000031
-0.000092
0.000000
-0.000061
-0.000031
-0.000031
-0.000031
-0.000031
0.000000
-0.000031
0.000000
0.000000
0.000000
0.000000
0.000000
0.000000
-0.000031
-0.000061
-0.000031
-0.000061
0.000061
-0.000153
0.000092
0.000153
0.000275
0.000153
0.000336
-0.000488
0.000214
0.001678
0.018799
0.018250
-0.010010
0.002899
0.027588
0.034058
0.026855
0.024506
0.048767
0.039581
-0.020416
0.027771
0.105591
0.114502
0.114288
0.056610
0.009094
0.016968
0.009033
-0.033722
-0.042908
-0.037964
-0.044647
-0.038879
-0.035309
-0.026642
-0.023621
-0.024902
-0.019684
-0.016571
-0.014313
-0.012299
-0.013977
-0.018982
-0.015350
-0.017426
-0.019165
-0.018219
-0.018250
-0.016815
-0.018433
-0.016235
-0.015076
-0.014038
-0.016449
-0.016083
-0.014008
-0.014343
-0.014404
-0.016357
-0.016174
-0.014801
-0.013214
-0.011627
-0.010590
-0.009918
-0.010376
-0.009399
-0.009613
-0.010345
-0.009521
-0.007751
-0.006012
-0.006287
-0.005951
-0.005829
-0.004883
-0.004822
-0.005554
-0.006104
-0.006378
-0.004852
-0.004791
-0.005890
-0.005676
-0.005554
-0.005646
-0.005920
-0.005585
-0.004852
-0.004333
-0.003632
-0.004150
-0.004303
-0.004181
-0.004456
-0.004333
-0.004425
-0.004242
-0.003479
-0.003510
-0.003906
-0.003723
-0.003113
-0.002838
-0.002411
-0.001007
0.000183
0.016937
-0.021484
0.026184
-0.035187
0.343384
0.391327
-0.821625
-0.124512
0.474854
-0.026825
0.093445
0.620514
0.357391
-0.456146
0.055176
0.378967
0.059204
-0.127350
-0.084106
-0.151154
-0.062347
0.040588
-0.153656
-0.143951
-0.083191
-0.047241
-0.037811
-0.027527
0.013641
-0.003174
-0.005402
-0.031952
-0.040527
-0.094330
-0.040497
-0.034821
-0.060150
-0.036774
-0.050507
-0.032562
-0.027161
-0.014191
-0.026855
-0.011841
-0.025757
-0.028717
-0.028473
-0.027283
-0.007843
-0.001648
-0.014740
-0.012543
-0.004639
0.000610
0.002167
-0.009918
-0.017853
-0.020264
-0.018066
-0.018585
-0.007111
-0.008698
-0.008575
-0.014221
-0.006165
-0.001404
-0.001221
0.002350
0.000916
-0.002380
-0.005219
-0.006653
-0.007629
-0.002289
0.002808
-0.001404
-0.005280
-0.002380
0.000488
0.001343
-0.001160
0.001770
-0.001953
-0.002106
-0.003937
-0.002686
0.001160
0.002899
0.001740
-0.002014
-0.005096
-0.003479
0.000061
0.003845
0.005981
0.001984
-0.003601
-0.007446
-0.002777
0.001953
0.003723
-0.000031
-0.002289
-0.004547
-0.003326
0.000519
0.002838
0.001587
-0.002502
-0.003876
-0.003906
0.000153
0.005341
0.006409
0.003479
0.001495
0.002106
0.005310
0.006195
0.005432
0.003723
0.003052
0.001801
0.002747
0.004700
0.004791
0.003906
0.002991