0.000000
0.000000
0.000000
0.000000
0.000000
-0.000031
0.000000
-0.000061
0.000000
-0.000031
-0.000061
0.000092
-0.000122
0.000122
-0.000214
0.000183
-0.000305
0.000336
-0.000214
0.000092
0.000366
0.000122
0.000275
0.026306
0.067261
-0.027100
-0.006805
0.045807
-0.047394
0.031403
0.066040
0.024994
0.096405
0.146698
0.043762
-0.008026
0.066986
0.022095
-0.053131
-0.019531
-0.004761
-0.042450
-0.026520
-0.002411
0.000854
0.003296
0.003265
0.013519
0.010040
0.009338
0.009033
-0.005157
-0.018311
-0.014740
-0.012573
-0.017700
-0.019867
-0.024963
-0.023010
-0.029968
-0.039825
-0.033600
-0.026855
-0.025635
-0.024231
-0.019775
-0.016022
-0.014374
-0.013458
-0.016022
-0.016724
-0.016937
-0.016418
-0.014862
-0.014587
-0.012878
-0.013062
-0.012085
-0.011627
-0.010315
-0.008118
-0.006927
-0.006744
-0.009033
-0.007782
-0.006439
-0.006989
-0.007599
-0.007263
-0.006775
-0.007263
-0.007477
-0.007233
-0.006348
-0.005798
-0.005219
-0.004791
-0.005371
-0.005280
-0.005310
-0.005890
-0.005798
-0.004822
-0.004395
-0.004639
-0.004364
-0.003387
-0.003448
-0.003571
-0.002808
-0.002838
-0.003693
-0.003632
-0.003174
-0.003204
-0.003052
-0.002441
-0.002197
-0.001373
-0.001068
-0.000488
-0.000427
-0.000854
-0.000580
-0.000580
-0.000397
-0.000366
0.000488
0.003632
-0.005981
0.008789
-0.012421
0.015900
0.001404
0.387756
0.156219
-0.482697
-0.085480
0.050903
0.213379
0.091705
0.245789
0.747894
0.062805
-0.247803
0.103485
-0.010040
-0.192719
-0.057404
-0.216644
-0.138824
-0.005524
-0.149323
0.023163
0.025543
-0.024078
-0.025146
-0.029816
-0.041534
0.006805
-0.028046
-0.047424
0.002533
-0.044769
0.017365
0.020325
-0.054871
-0.083862
-0.054840
-0.057037
-0.058502
-0.040131
-0.048401
-0.017792
-0.020416
-0.038696
-0.021027
-0.010498
-0.012146
-0.002289
-0.003326
-0.009979
-0.000946
-0.003937
0.002228
0.000000
-0.009369
-0.009186
-0.014008
-0.014923
-0.009491
-0.002716
-0.005768
-0.007843
-0.008087
-0.003204
-0.000885
-0.000549
-0.005096
-0.010315
-0.007904
-0.008545
-0.008392
-0.002869
-0.001068
-0.000458
-0.003387
-0.006042
-0.002441
-0.002747
-0.003021
-0.002289
-0.000580
-0.001831
-0.001923
-0.002747
0.000610
0.005493
0.004425
0.000610
-0.004059
-0.004608
-0.003784
-0.002106
0.000977
0.002502
-0.000610
-0.005859
-0.004669
0.000488
0.002136
0.002594
0.000519
-0.001434
-0.001587
-0.000916
0.001007
0.000671
-0.000793
-0.002014
-0.001343
0.001190
0.003540
0.005402
0.004852
0.003906
0.003418
0.004303
0.005035
0.004761
0.004211
0.002838
0.002655
0.002686
0.005737
0.006561