0.000092
0.000061
0.000061
0.000031
0.000031
0.000000
0.000061
0.000061
0.000000
0.000092
0.000061
-0.000122
0.000336
-0.000214
0.000366
-0.000366
0.000732
-0.000671
0.000885
-0.000214
0.000916
0.000610
0.041809
0.068207
-0.048767
0.010193
0.032440
-0.052551
0.060699
0.061646
0.032379
0.122803
0.147888
0.016785
-0.003448
0.071991
-0.008179
-0.060638
-0.008820
-0.008789
-0.051300
-0.028717
-0.003662
-0.005066
-0.002960
0.004791
0.017456
0.004578
0.001343
0.004272
-0.001099
-0.002838
-0.008636
-0.010895
-0.009308
-0.014862
-0.020233
-0.018921
-0.029327
-0.040527
-0.035614
-0.032410
-0.029724
-0.025299
-0.023590
-0.017883
-0.015045
-0.015686
-0.016602
-0.016693
-0.015808
-0.015839
-0.015137
-0.015259
-0.012878
-0.012543
-0.011902
-0.011505
-0.010345
-0.007599
-0.006592
-0.005402
-0.006989
-0.006470
-0.007050
-0.007080
-0.006897
-0.008026
-0.007324
-0.007202
-0.007446
-0.007629
-0.007050
-0.006195
-0.005341
-0.005066
-0.005402
-0.004700
-0.004395
-0.005066
-0.004791
-0.004303
-0.004639
-0.004761
-0.004578
-0.003632
-0.003540
-0.003479
-0.003265
-0.002563
-0.002991
-0.003723
-0.003021
-0.002899
-0.002533
-0.003143
-0.002533
-0.001831
-0.001282
-0.000580
-0.000580
0.000031
-0.000061
0.000366
-0.000214
-0.000122
0.000153
-0.000214
0.004486
-0.005615
0.005859
-0.005920
0.006256
-0.009705
0.139648
0.429596
-0.238708
-0.317047
0.007355
0.058228
0.285522
0.009583
0.482330
0.606781
-0.157318
-0.155121
0.133270
-0.120178
-0.186859
-0.082092
-0.246185
-0.024628
-0.073456
-0.093109
0.061066
-0.017303
0.020538
-0.010040
-0.075409
-0.037720
0.008759
-0.057861
-0.022339
-0.017639
-0.016693
0.035767
0.012207
-0.035522
-0.075287
-0.080475
-0.066376
-0.042877
-0.055756
-0.056824
-0.016571
-0.027771
-0.026245
-0.016724
-0.009186
0.000183
-0.001678
-0.009216
-0.009521
-0.001434
-0.002167
0.004578
-0.003937
-0.006714
-0.007355
-0.012970
-0.009735
-0.007202
-0.005463
-0.006012
-0.010376
-0.007751
-0.005280
-0.000519
-0.002136
-0.005981
-0.008972
-0.010345
-0.009430
-0.006561
-0.000244
-0.002960
-0.002563
-0.004639
-0.003845
-0.001617
-0.004944
-0.003937
-0.001495
-0.002533
-0.002045
-0.003479
-0.001434
0.003418
0.005829
0.002991
-0.001526
-0.003571
-0.004517
-0.002563
-0.001129
0.001984
0.001740
-0.003662
-0.005798
-0.002930
0.001221
0.002838
0.001434
-0.000122
-0.001984
-0.001740
-0.000824
0.000549
0.000000
-0.001404
-0.000793
0.000183
0.003143
0.004181
0.004150
0.003632
0.003021
0.004150
0.004303
0.004517
0.004486
0.003754
0.004120
0.003571
0.003632
0.005371