0.000031
0.000000
0.000092
0.000000
0.000000
-0.000031
0.000122
-0.000122
0.000275
-0.000397
0.000671
-0.001068
0.001038
-0.001404
0.001648
-0.001831
0.002838
-0.000580
0.072021
0.139221
-0.075226
-0.099060
0.048462
0.014526
-0.026215
0.159302
0.303925
0.056335
-0.008392
0.107208
0.029327
-0.027618
-0.021545
-0.048065
-0.065460
-0.046478
-0.037689
-0.037109
-0.033844
-0.019104
-0.007416
-0.023285
-0.008667
-0.005005
-0.017487
-0.021912
-0.030426
-0.028290
-0.020447
-0.014008
-0.014435
-0.006958
-0.010254
-0.019806
-0.013794
-0.009216
-0.011169
-0.006042
-0.001373
-0.003479
-0.006958
-0.011200
-0.013763
-0.014679
-0.014893
-0.016937
-0.021790
-0.020233
-0.014587
-0.009369
-0.009827
-0.012543
-0.009674
-0.008148
-0.007324
-0.006317
-0.004211
-0.006165
-0.005737
-0.005890
-0.007721
-0.004517
-0.004059
-0.005188
-0.006805
-0.008331
-0.010040
-0.008942
-0.006470
-0.007263
-0.009430
-0.008453
-0.006165
-0.005798
-0.005188
-0.004700
-0.004883
-0.004242
-0.004944
-0.006042
-0.004700
-0.002991
-0.001831
-0.001556
-0.003265
-0.004425
-0.004364
-0.003082
-0.001862
-0.001648
-0.002258
-0.005096
-0.005829
-0.004456
-0.002319
-0.001404
-0.001801
-0.002197
-0.002716
-0.001892
-0.001434
-0.001129
-0.001068
-0.001221
-0.001373
-0.000671
0.001068
0.002747
0.000244
-0.000336
0.000580
-0.000946
0.001434
-0.002045
0.002136
-0.002838
0.003113
-0.003693
0.004181
-0.004761
0.084747
0.185364
-0.112305
-0.072144
0.058594
-0.047821
0.004089
0.187347
0.320709
0.124268
0.073303
0.120911
0.023956
-0.008209
-0.048920
-0.083984
-0.054962
-0.080780
-0.095856
-0.037659
-0.041748
-0.050873
-0.001343
-0.017517
-0.006104
-0.018646
-0.031677
-0.028442
-0.047272
-0.048126
-0.042450
-0.026764
-0.022156
-0.011047
-0.017853
-0.018341
-0.023895
-0.030029
-0.028442
-0.019958
-0.012268
-0.017517
-0.015137
-0.009613
-0.003723
-0.001068
-0.009735
-0.009583
-0.005920
-0.008453
-0.006561
-0.002167
-0.001068
-0.001343
-0.003723
-0.008301
-0.004883
-0.006226
-0.006287
-0.009674
-0.010010
-0.010468
-0.010376
-0.006989
-0.004791
-0.005554
-0.006561
-0.007294
-0.011597
-0.009155
-0.005554
-0.005798
-0.007507
-0.007385
-0.006348
-0.006012
-0.006500
-0.003418
-0.002014
-0.000366
-0.001312
-0.003296
-0.002686
-0.001526
0.000183
0.000549
-0.000183
-0.001312
-0.001831
-0.002319
-0.002380
-0.002777
-0.003265
-0.004852
-0.005249
-0.005188
-0.003418
-0.002411
-0.002106
-0.002472
-0.003387
-0.002991
-0.001709
-0.000244
-0.000305
-0.000702
-0.000519
0.000122
0.001831
0.003296
0.003632
0.003540
0.002594
0.002441
0.002289
0.002625