0.000000
0.000000
0.000000
0.000000
0.000031
0.000031
-0.000061
0.000000
0.000092
-0.000061
0.000183
-0.000275
0.000549
-0.000824
0.001007
-0.001343
0.001770
-0.001831
0.002899
0.000580
0.075073
0.109131
-0.084747
-0.064362
0.054840
0.001312
-0.016693
0.148132
0.244415
0.056091
0.005219
0.081207
0.025848
-0.016357
-0.010834
-0.046387
-0.059448
-0.027985
-0.034454
-0.034424
-0.021820
-0.019257
-0.007538
-0.014923
-0.005493
-0.002625
-0.015961
-0.021637
-0.021271
-0.020721
-0.015411
-0.011871
-0.013763
-0.003967
-0.003723
-0.007080
-0.002289
-0.003113
-0.005371
-0.005188
-0.009766
-0.014343
-0.017426
-0.021240
-0.022064
-0.019745
-0.022339
-0.024292
-0.020538
-0.014313
-0.011169
-0.010620
-0.008270
-0.008453
-0.008453
-0.009766
-0.008240
-0.004761
-0.005737
-0.007324
-0.006866
-0.005981
-0.005920
-0.005615
-0.005798
-0.006317
-0.006592
-0.009033
-0.010254
-0.008575
-0.005585
-0.005615
-0.008026
-0.007904
-0.007233
-0.005646
-0.005280
-0.005554
-0.004456
-0.004028
-0.004211
-0.005035
-0.005615
-0.005463
-0.005188
-0.005432
-0.006012
-0.005829
-0.004456
-0.002045
-0.000031
0.000031
-0.001740
-0.003723
-0.003937
-0.003296
-0.002472
-0.002258
-0.002289
-0.002655
-0.002655
-0.002014
-0.001434
-0.000702
-0.000580
-0.001221
-0.000946
-0.000275
0.000732
-0.000916
0.001282
-0.001465
0.001282
-0.001160
0.000549
-0.000031
-0.000763
0.000397
0.056061
0.243042
-0.117493
-0.172485
0.186981
-0.037201
-0.089142
0.209473
0.339386
0.074738
0.113678
0.224060
-0.006836
-0.045380
0.007233
-0.087585
-0.089478
-0.050873
-0.119324
-0.068054
-0.028778
-0.063812
-0.019440
-0.012909
0.005646
-0.009827
-0.047882
-0.029541
-0.037750
-0.057770
-0.049683
-0.037537
-0.040375
-0.005676
-0.021545
-0.029968
-0.022858
-0.022797
-0.018890
-0.024231
-0.019104
-0.014343
-0.006470
-0.012787
-0.009277
-0.002197
-0.007538
-0.012268
-0.009125
-0.008484
-0.010498
-0.007172
-0.005707
-0.007141
-0.002930
-0.006927
-0.003204
-0.001770
-0.003632
-0.006683
-0.007080
-0.005524
-0.007538
-0.004944
-0.005463
-0.006775
-0.007996
-0.005859
-0.010559
-0.011810
-0.007141
-0.004944
-0.006836
-0.006348
-0.006317
-0.006042
-0.005066
-0.002258
-0.002808
-0.003937
-0.002289
-0.001862
0.001007
0.001709
0.001251
0.000641
-0.000183
-0.001648
-0.002136
-0.002686
-0.002991
-0.002777
-0.001892
-0.003174
-0.002960
-0.002899
-0.002808
-0.002808
-0.003143
-0.002563
-0.003326
-0.002960
-0.002258
-0.001251
-0.001709
-0.001434
-0.001129
-0.000336
0.001221
0.002350
0.003113
0.003723
0.004059
0.003937
0.003235
0.003052
0.002594
0.002930