0.000031
0.000000
0.000000
0.000000
-0.000061
0.000000
-0.000031
0.000000
0.000000
-0.000061
0.000000
0.000000
0.000000
0.000000
-0.000031
0.000153
-0.000244
0.000366
-0.000641
0.001068
-0.001068
0.002563
0.006775
0.078583
0.046112
-0.078522
-0.002686
0.039948
-0.009888
0.005493
0.114532
0.172760
0.057709
0.011536
0.054932
0.023804
0.002228
-0.009216
-0.045227
-0.029175
-0.012604
-0.030762
-0.017517
-0.013031
-0.008728
0.002197
-0.006744
-0.003265
-0.003326
-0.016113
-0.014740
-0.007599
-0.008087
0.001373
0.008820
0.005829
-0.003296
-0.011963
-0.015656
-0.021454
-0.024628
-0.022614
-0.021790
-0.020569
-0.023254
-0.018372
-0.015991
-0.016479
-0.013153
-0.015717
-0.015076
-0.014954
-0.015869
-0.016235
-0.015106
-0.012817
-0.009644
-0.009186
-0.009064
-0.006836
-0.006989
-0.007782
-0.009491
-0.009705
-0.008392
-0.008026
-0.006897
-0.005524
-0.005432
-0.006012
-0.007233
-0.007935
-0.006104
-0.004913
-0.005493
-0.006653
-0.006622
-0.005096
-0.005096
-0.006012
-0.007233
-0.006958
-0.007294
-0.007660
-0.006927
-0.006378
-0.005188
-0.004425
-0.004944
-0.006195
-0.006073
-0.005188
-0.003510
-0.001373
-0.000641
-0.000458
-0.001160
-0.001831
-0.001831
-0.001984
-0.002380
-0.002380
-0.001709
-0.001801
-0.001648
-0.000763
-0.000397
-0.000305
0.001862
-0.003265
0.004364
-0.006042
0.007629
-0.010376
0.013123
-0.014221
0.211761
0.196472
-0.405670
-0.036194
0.325989
-0.076141
-0.066895
0.413025
0.203430
-0.125214
0.303406
0.288513
-0.096619
-0.112946
0.003021
-0.055481
-0.093506
-0.079773
-0.125519
-0.073120
-0.041626
-0.053162
-0.024841
-0.013428
0.009644
-0.019623
-0.031158
-0.035034
-0.052765
-0.066040
-0.051697
-0.054626
-0.051636
-0.016907
-0.032654
-0.024200
-0.014252
-0.014526
-0.016235
-0.012482
-0.015167
-0.013733
-0.011261
-0.014984
-0.005432
-0.007385
-0.017090
-0.012177
-0.008575
-0.010712
-0.011017
-0.010620
-0.011688
-0.010651
-0.009918
-0.013092
-0.005157
-0.004791
-0.004333
-0.005463
-0.001862
-0.001892
-0.002014
0.000183
-0.002411
-0.005585
-0.004272
-0.003571
-0.008575
-0.008331
-0.006561
-0.009094
-0.010620
-0.006195
-0.004059
-0.004303
-0.002930
-0.000458
-0.002228
-0.001160
-0.002350
-0.002441
0.000000
0.001556
0.001160
-0.000549
-0.002502
-0.002228
0.001129
0.001404
0.000549
-0.002014
-0.004730
-0.005676
-0.002380
0.000214
0.000061
-0.001831
-0.001953
-0.001617
-0.001740
-0.001953
-0.001343
-0.002533
-0.004150
-0.003571
-0.001953
-0.000122
0.000549
0.001831
0.001678
0.002808
0.004059
0.004883
0.005035
0.004242
0.003448
0.002869
0.003265
0.004272