0.000031
0.000031
0.000000
0.000031
0.000031
0.000031
0.000031
0.000061
0.000031
0.000061
0.000000
0.000031
0.000031
0.000031
0.000061
0.000031
-0.000061
0.000122
0.000000
0.000031
0.000153
-0.000122
0.000549
-0.000092
0.000061
0.000397
-0.000031
0.000061
0.000702
0.007202
0.035431
0.024139
-0.005463
0.016815
-0.007324
-0.005737
0.033234
0.051605
0.103546
0.092377
0.035400
0.036407
0.064575
0.066376
0.043304
0.012695
-0.003052
-0.006989
-0.021484
-0.021942
-0.017670
-0.024780
-0.020569
-0.015808
-0.017853
-0.016449
-0.018524
-0.025391
-0.030762
-0.026825
-0.018646
-0.018402
-0.020233
-0.018768
-0.015106
-0.014740
-0.020111
-0.021973
-0.020264
-0.020050
-0.020599
-0.019409
-0.016663
-0.014709
-0.013367
-0.013794
-0.013611
-0.014252
-0.014343
-0.014404
-0.014526
-0.013031
-0.013153
-0.013641
-0.013458
-0.012634
-0.011322
-0.009949
-0.009827
-0.009521
-0.007996
-0.007538
-0.006958
-0.006287
-0.005890
-0.006073
-0.006714
-0.007202
-0.007294
-0.006561
-0.005920
-0.005676
-0.005920
-0.005615
-0.005280
-0.005341
-0.005249
-0.004700
-0.003418
-0.003143
-0.002991
-0.003357
-0.002930
-0.002411
-0.002502
-0.001770
-0.002045
-0.002136
-0.002106
-0.002319
-0.001892
-0.001709
-0.001129
-0.001343
-0.001678
-0.001556
-0.001465
-0.001099
-0.007874
0.011383
-0.015961
0.020355
-0.004608
0.437439
0.223480
-0.646667
-0.160370
0.305450
0.080444
0.176361
0.683594
0.066132
-0.185394
0.248077
0.031006
-0.024048
-0.086823
-0.169037
-0.130310
-0.019440
-0.150055
-0.094849
-0.029694
-0.110718
0.017090
0.018921
-0.030029
-0.102234
-0.020294
-0.029022
-0.040161
0.022034
0.014893
0.048981
-0.000427
0.016541
-0.039520
-0.120270
-0.126404
-0.050476
-0.029968
-0.056915
-0.030640
-0.023193
0.004761
-0.018799
-0.022797
0.001465
-0.003632
-0.024384
-0.028137
-0.018280
-0.006317
0.006409
-0.000305
-0.006287
-0.011627
-0.018188
-0.009003
-0.007751
-0.007294
-0.009399
-0.014343
-0.011902
-0.007690
-0.000122
0.000854
0.003693
-0.003662
-0.009705
-0.010040
-0.006531
0.000549
0.002686
-0.002411
-0.007172
-0.005402
-0.003693
0.000763
0.005737
0.002197
-0.003693
-0.006683
-0.005707
-0.002258
0.001312
0.004364
0.001587
-0.003601
-0.005737
-0.003082
0.000122
0.005127
0.004028
-0.000702
-0.002136
-0.000793
0.003357
0.006165
0.005951
0.000549
-0.001648
-0.002930
-0.001740
0.003967
0.004272
0.001434
-0.000549
-0.002533
-0.003174
0.003510
0.007294
0.004578
0.003326
0.000122
0.000092
0.003082
0.004669
0.003754
0.002502
-0.000366
-0.002014
0.002167
0.003815
0.003906
0.003937