0.000000
0.000031
0.000000
0.000000
0.000031
0.000000
0.000031
0.000000
0.000000
0.000031
0.000000
0.000061
0.000031
0.000000
0.000061
-0.000061
0.000031
0.000000
0.000000
0.000092
-0.000122
0.000183
-0.000122
0.000275
0.000122
0.000061
0.000488
-0.000305
0.000885
0.000183
0.001190
0.015350
0.020325
-0.004059
0.021973
0.062958
0.039856
-0.029846
-0.092834
0.031982
0.153992
0.121033
0.095917
0.078308
0.065033
0.058838
0.035645
-0.007751
-0.011627
-0.028992
-0.051392
-0.032257
-0.036407
-0.035217
-0.024536
-0.025909
-0.024261
-0.018097
-0.018524
-0.017059
-0.017944
-0.024750
-0.019379
-0.016022
-0.018463
-0.015045
-0.012177
-0.014862
-0.017487
-0.017181
-0.018250
-0.018524
-0.018433
-0.016968
-0.015350
-0.014801
-0.014984
-0.014374
-0.013275
-0.013794
-0.014099
-0.014618
-0.013428
-0.013794
-0.014862
-0.012878
-0.011475
-0.010559
-0.009186
-0.008087
-0.008362
-0.008057
-0.008301
-0.009186
-0.008789
-0.008453
-0.008331
-0.007690
-0.006927
-0.005981
-0.005371
-0.005829
-0.005951
-0.005707
-0.004944
-0.004333
-0.003632
-0.004059
-0.004272
-0.003784
-0.003906
-0.003235
-0.002960
-0.002136
-0.001099
-0.002472
-0.002930
-0.003113
-0.002777
-0.002136
-0.002625
-0.002930
-0.003754
-0.003235
-0.002686
-0.002594
-0.001892
-0.001923
-0.007507
0.011597
-0.017212
0.022583
-0.003601
0.488464
0.099518
-0.730591
0.005432
0.382965
0.016937
0.273132
0.601807
-0.256073
-0.074860
0.403564
0.079010
-0.064636
-0.110291
-0.081299
-0.131927
-0.043579
-0.123810
-0.092529
-0.065033
-0.056885
0.052338
-0.098236
-0.106689
0.014618
-0.049530
-0.039307
0.017975
-0.027710
0.025330
0.038818
-0.008331
-0.005768
-0.132019
-0.102509
0.000275
-0.053284
-0.065155
-0.026611
-0.035217
-0.025238
-0.025787
-0.037781
0.006256
0.006256
-0.012451
-0.019836
-0.016815
-0.002167
0.003540
-0.002136
-0.003235
-0.014832
-0.017059
-0.016205
-0.009308
-0.004761
-0.009491
-0.012451
-0.017426
-0.013702
-0.008301
0.003632
-0.002411
-0.001953
-0.007416
-0.006622
-0.007019
-0.003723
0.003143
0.000519
-0.005249
-0.004456
-0.000916
0.000549
0.004669
0.004456
-0.000183
-0.005829
-0.006073
-0.005219
-0.001129
0.001343
0.002869
-0.001709
-0.005219
-0.006653
-0.002045
0.002258
0.005249
0.003113
-0.002838
-0.002808
0.000763
0.004425
0.007141
0.005554
-0.000610
-0.000793
-0.001312
0.000488
0.004761
0.003723
-0.000366
-0.000977
-0.002930
-0.001373
0.004547
0.005127
0.002136
0.000732
-0.000824
0.000153
0.004669
0.005310
0.003845
0.001251
-0.001770
-0.001160
0.003082
0.004272
0.003326
0.002899