-0.000061
0.000061
0.000000
-0.000153
0.000031
-0.000122
0.000092
-0.000092
0.000061
-0.000092
-0.000458
0.000610
-0.001221
0.001709
-0.002441
0.003540
0.011475
0.137207
0.085938
-0.127686
-0.046600
0.030731
-0.028625
0.092438
0.314606
0.131836
-0.028351
0.111664
0.091431
-0.009918
-0.027466
-0.038177
-0.058472
-0.070770
-0.064545
-0.014465
-0.022095
-0.049561
-0.014313
-0.017273
-0.016510
-0.008759
-0.023163
-0.022858
-0.026367
-0.020416
-0.016205
-0.014435
-0.020111
-0.012421
-0.015442
-0.026520
-0.023071
-0.018311
-0.015076
-0.018311
-0.012482
-0.008514
-0.006256
-0.006775
-0.007141
-0.003143
-0.007446
-0.016083
-0.016632
-0.016479
-0.012970
-0.011108
-0.011566
-0.011688
-0.013031
-0.012756
-0.011078
-0.008148
-0.006439
-0.007324
-0.008942
-0.008606
-0.007477
-0.005768
-0.004669
-0.005615
-0.006744
-0.005859
-0.007629
-0.008667
-0.007965
-0.005859
-0.005737
-0.006226
-0.005920
-0.007355
-0.007629
-0.006378
-0.005768
-0.005890
-0.005127
-0.004211
-0.003906
-0.003754
-0.003174
-0.002716
-0.003601
-0.004700
-0.003571
-0.002533
-0.001526
-0.000580
-0.000732
-0.001617
-0.000763
0.001801
0.003052
0.003174
0.001678
-0.000214
-0.002319
-0.004181
-0.004364
-0.003235
-0.002045
-0.001953
-0.002411
-0.002472
-0.001434
0.000092
0.000458
0.000763
-0.000031
-0.000092
0.000000
-0.000092
0.000122
-0.000122
0.000092
-0.000122
-0.000488
0.000580
-0.001221
0.001740
-0.002655
0.003510
0.010590
0.145111
0.099915
-0.122162
-0.062836
0.025116
-0.027710
0.086609
0.341492
0.160370
-0.015137
0.109589
0.097717
-0.006744
-0.044983
-0.035461
-0.056854
-0.078339
-0.082825
-0.032043
-0.012726
-0.049164
-0.024139
-0.021454
-0.017914
-0.003754
-0.025421
-0.027008
-0.023865
-0.027863
-0.020203
-0.013153
-0.026215
-0.013489
-0.018951
-0.030182
-0.030670
-0.027832
-0.014038
-0.010406
-0.013153
-0.018585
-0.013214
-0.016388
-0.015533
-0.010742
-0.012268
-0.009583
-0.005920
-0.005951
-0.006195
-0.003418
-0.002625
-0.005737
-0.011719
-0.013489
-0.010284
-0.010010
-0.007629
-0.006592
-0.007568
-0.008270
-0.009674
-0.007050
-0.005310
-0.006073
-0.006897
-0.006287
-0.007446
-0.008514
-0.007355
-0.005280
-0.006592
-0.008575
-0.007965
-0.007294
-0.006683
-0.004242
-0.004364
-0.005402
-0.005463
-0.005219
-0.004608
-0.004700
-0.004089
-0.002899
-0.001984
-0.002686
-0.002808
-0.002045
-0.000183
0.001038
0.000854
0.000000
-0.000031
0.001038
0.002838
0.003601
0.001801
-0.000183
-0.001862
-0.002899
-0.003326
-0.003113
-0.002960
-0.003143
-0.003296
-0.002960
-0.001129
0.000549
0.000488
0.000641
0.000763
0.000885