-0.000092
0.000092
0.000000
0.000000
0.000000
0.000061
-0.000214
0.000488
-0.000671
0.000885
-0.001129
0.001251
-0.001526
0.001526
-0.001373
0.001953
-0.001038
0.070618
0.141022
-0.089355
-0.007629
0.010071
-0.118256
0.141510
0.097015
0.098907
0.261780
0.116760
-0.056549
0.019440
0.057800
-0.090942
-0.125092
-0.036530
-0.008362
-0.060242
-0.036346
0.008911
-0.010742
-0.020233
-0.009888
0.001038
-0.017914
-0.013672
-0.008850
-0.006775
-0.002686
0.001831
-0.000366
0.000000
-0.004150
-0.014496
0.001373
0.004120
-0.014465
-0.018036
-0.009430
-0.013397
-0.027008
-0.034668
-0.029144
-0.023529
-0.023987
-0.026215
-0.021332
-0.023315
-0.026367
-0.024658
-0.019867
-0.018433
-0.019226
-0.016632
-0.016083
-0.013092
-0.010559
-0.008453
-0.007355
-0.007538
-0.007507
-0.008301
-0.006805
-0.004333
-0.005005
-0.005615
-0.005585
-0.007324
-0.007935
-0.005554
-0.005798
-0.005646
-0.005737
-0.005859
-0.005219
-0.004364
-0.003784
-0.003510
-0.003510
-0.004456
-0.004822
-0.003784
-0.002106
-0.002472
-0.002594
-0.003296
-0.004364
-0.004669
-0.003296
-0.002136
-0.000946
-0.000549
-0.001434
-0.001495
-0.000122
0.001068
0.001068
0.000549
-0.000336
-0.000244
0.000397
-0.000153
0.000366
0.001465
0.000214
0.000092
0.001160
0.000641
0.001190
0.002563
0.001862
-0.002502
0.003418
-0.004303
0.004883
-0.005890
0.006348
-0.006012
0.006073
-0.006439
0.152954
0.333130
-0.287537
-0.031403
-0.054352
-0.172272
0.427673
0.016205
0.296082
0.591095
-0.081604
-0.264374
0.150269
0.015472
-0.314697
-0.147430
-0.037964
-0.018219
-0.118011
-0.057281
0.037628
-0.049011
-0.012482
-0.007599
-0.017883
-0.033752
-0.011414
-0.018341
0.020386
0.020172
-0.014008
-0.009552
-0.024597
-0.012634
-0.000153
-0.017639
-0.032654
-0.022217
0.000732
-0.012787
-0.025604
-0.057007
-0.095703
-0.065094
-0.019531
-0.015320
-0.030243
-0.010986
-0.007141
0.003143
-0.005676
-0.007233
0.007477
-0.003418
-0.012421
-0.009979
-0.005463
0.001434
0.006836
-0.006531
-0.006836
-0.006622
-0.013428
-0.008392
-0.006836
-0.010834
-0.009613
-0.010254
-0.013062
-0.009064
-0.002319
-0.002838
-0.004364
-0.010010
-0.009552
-0.005310
-0.003723
-0.001587
-0.001709
-0.003571
-0.007080
-0.006317
-0.003296
-0.001099
-0.000305
-0.001770
-0.004181
-0.003906
-0.001587
0.001434
0.000854
0.001770
0.002350
0.000977
0.000153
0.003052
0.003448
0.002960
0.001526
-0.001282
-0.000183
0.000336
0.000488
0.001160
0.001129
-0.003326
-0.003296
-0.000336
0.000824
0.005249
0.005737
0.001312
0.000824
0.001801
0.000732
0.001923
0.002533
0.001282