0.000000
0.000000
0.000000
0.000000
0.000000
0.000000
0.000000
0.000031
-0.000061
0.000092
0.000031
0.000000
0.000061
-0.000061
0.000000
-0.000061
0.000000
0.000061
-0.000031
-0.000031
0.000000
-0.000031
0.000244
-0.000092
0.000397
-0.000336
-0.000061
0.001099
0.000336
-0.000885
0.000305
-0.000397
0.008881
0.051758
0.068115
0.020630
-0.092712
-0.067596
0.059418
0.090179
0.125946
0.106903
0.066589
0.078979
0.076080
0.030640
0.005951
0.001495
-0.028473
-0.028351
-0.022675
-0.026825
-0.022491
-0.024109
-0.028442
-0.024780
-0.017731
-0.016266
-0.011017
-0.017151
-0.018127
-0.016357
-0.018860
-0.019165
-0.017395
-0.015686
-0.016357
-0.018433
-0.020050
-0.018005
-0.016663
-0.015930
-0.015167
-0.016907
-0.020020
-0.017487
-0.016754
-0.016541
-0.015289
-0.013855
-0.012970
-0.013092
-0.013855
-0.013580
-0.011932
-0.012329
-0.012238
-0.011658
-0.012512
-0.011688
-0.010651
-0.009979
-0.008942
-0.008820
-0.008698
-0.010040
-0.009064
-0.007965
-0.008392
-0.009521
-0.008972
-0.006744
-0.006256
-0.004974
-0.004211
-0.003662
-0.003784
-0.004639
-0.004333
-0.003937
-0.003204
-0.003479
-0.003754
-0.004028
-0.003540
-0.002472
-0.002594
-0.001221
-0.001160
-0.001587
-0.002106
-0.001953
-0.001160
-0.000305
0.000488
0.000366
0.000122
-0.000244
0.001770
-0.001709
0.001068
-0.000305
-0.001251
0.000153
0.060272
0.466888
0.057648
-0.588776
-0.084656
0.394562
0.044922
0.282715
0.339752
-0.150787
0.247925
0.179169
-0.021973
-0.073914
-0.096466
-0.088257
-0.113770
-0.089447
-0.127197
-0.042542
-0.086029
-0.061493
-0.058624
-0.020782
0.004242
-0.030853
0.028687
-0.021240
-0.086792
-0.025543
0.010101
-0.015442
0.037415
0.010651
-0.030914
0.003723
-0.012421
-0.031128
-0.083252
-0.100616
-0.063202
-0.046387
-0.046631
-0.028717
-0.003143
0.003876
-0.010101
-0.031372
-0.006256
0.005615
0.005798
-0.001373
-0.012238
-0.014435
-0.011414
-0.007355
0.001678
-0.001373
-0.013885
-0.017273
-0.021149
-0.015533
-0.009033
-0.003174
-0.002350
-0.003418
-0.007294
-0.005005
-0.002808
0.001831
0.002411
-0.000275
-0.003662
-0.004608
-0.003296
0.001282
0.004211
0.000061
-0.003693
-0.007111
-0.007812
-0.004395
0.000702
0.001801
0.001831
-0.003204
-0.006714
-0.004608
0.001221
0.002350
0.003265
-0.000671
-0.004791
-0.000946
0.003357
0.004913
0.004822
0.000122
-0.006042
-0.003174
0.001282
0.003815
0.004120
0.003204
-0.002930
-0.002228
0.003326
0.006927
0.006775
0.005066
0.001343
-0.001862
0.001495
0.004944
0.005157
0.004730
0.003967
0.000916
0.000763
0.003845
0.004181
0.002441