0.000000
0.000061
-0.000153
0.000549
-0.000458
0.000732
-0.000732
0.000519
-0.000366
0.000031
0.000793
-0.001251
0.002014
0.028259
0.159790
0.036102
-0.024109
-0.107239
-0.101624
0.135712
0.077942
0.239410
0.234833
0.014832
0.016479
0.098145
-0.010468
-0.088867
-0.100494
-0.101074
-0.004333
-0.062744
-0.062592
0.009613
-0.023712
-0.011597
-0.003571
-0.018402
-0.003784
-0.007080
-0.018311
-0.015594
-0.031830
-0.009766
0.015594
-0.010986
0.003998
0.007629
-0.002777
-0.009888
-0.014984
-0.014130
-0.001038
-0.012482
-0.023285
0.006042
0.005890
-0.018555
-0.011810
-0.002045
-0.012817
-0.026215
-0.032501
-0.027466
-0.023041
-0.022949
-0.022858
-0.020752
-0.028442
-0.022278
-0.015259
-0.016266
-0.017792
-0.016083
-0.013672
-0.015930
-0.012634
-0.009583
-0.006195
-0.008575
-0.011932
-0.013245
-0.011292
-0.008820
-0.006104
-0.004456
-0.005035
-0.004242
-0.002838
-0.003784
-0.002930
-0.002808
-0.005127
-0.005737
-0.005463
-0.004578
-0.002960
-0.001068
-0.000580
-0.001312
-0.003845
-0.004059
-0.003418
-0.001740
0.000000
0.000244
-0.000763
-0.001740
-0.000946
0.000671
0.001312
-0.000061
-0.001373
-0.001831
-0.001373
-0.000153
0.001312
0.000793
-0.000732
-0.000885
0.000092
0.001312
0.003418
0.004211
0.003021
0.002045
0.001709
0.002686
0.000885
-0.001526
0.002380
-0.003815
0.004608
-0.006317
0.007935
-0.009766
0.011627
-0.011139
0.154877
0.235107
-0.068695
-0.080170
-0.309326
0.108704
0.229004
0.145172
0.496826
0.098145
-0.120636
0.084625
0.063263
-0.172516
-0.121277
-0.155579
-0.060486
0.015869
-0.145691
-0.003113
0.018250
-0.058014
0.000519
-0.026855
-0.013245
-0.007904
-0.025116
-0.022247
0.009674
-0.040710
-0.007080
0.011475
-0.017059
0.016418
-0.001343
-0.007690
-0.009827
-0.009827
-0.023987
-0.008881
-0.025635
-0.052124
-0.019684
0.005951
0.015869
0.016174
0.000153
-0.007812
-0.020966
-0.041962
-0.056305
-0.040344
-0.029999
-0.022736
-0.020905
-0.022247
-0.004852
-0.005066
-0.004791
-0.014587
-0.012665
-0.014435
-0.011017
-0.005768
-0.003662
-0.002289
-0.008911
-0.012360
-0.010895
-0.006805
-0.004120
-0.002777
-0.006012
-0.008942
-0.007385
-0.005310
-0.002899
0.001129
-0.001984
-0.005432
-0.008881
-0.007111
-0.004211
-0.000641
0.000183
-0.001404
-0.005798
-0.007721
-0.005066
-0.001801
0.001190
0.000549
-0.000946
-0.002502
0.000671
0.002563
0.003021
0.001556
-0.001770
-0.004333
-0.003632
-0.000397
0.003143
0.004578
0.001953
-0.000488
-0.000732
0.000916
0.005005
0.006958
0.005035
0.003479
0.002594
0.002258
0.003265
0.004150
0.002869
0.002777