0.000031
0.000000
0.000031
0.000000
0.000092
0.000031
0.000031
-0.000031
0.000031
0.000000
0.000183
-0.000061
0.000214
-0.000214
0.000183
-0.000183
0.000244
0.000092
0.000275
0.000214
0.021484
0.090576
0.039337
-0.067535
-0.049194
-0.011292
0.048218
0.137024
0.117310
0.043365
0.063751
0.088470
0.045410
0.001923
-0.009064
-0.010040
-0.023895
-0.036346
-0.018829
-0.015045
-0.037354
-0.025940
-0.015381
-0.010681
-0.003571
-0.007141
-0.002441
-0.005676
-0.012909
-0.010315
-0.009949
-0.012573
-0.005493
0.002075
-0.003540
-0.007935
-0.008911
-0.011383
-0.017120
-0.020752
-0.019043
-0.021423
-0.023956
-0.024811
-0.018738
-0.012604
-0.010406
-0.010132
-0.011658
-0.013214
-0.014191
-0.013214
-0.014038
-0.015808
-0.020630
-0.020294
-0.012238
-0.012787
-0.010956
-0.010498
-0.012207
-0.010132
-0.011444
-0.010223
-0.010834
-0.010803
-0.008514
-0.008362
-0.008575
-0.008484
-0.008270
-0.007446
-0.008270
-0.008698
-0.007996
-0.007538
-0.005890
-0.004272
-0.003845
-0.004272
-0.004120
-0.005493
-0.005310
-0.004303
-0.003784
-0.002533
-0.002960
-0.002777
-0.002808
-0.002533
-0.001495
-0.001465
-0.001038
-0.001099
-0.001038
0.000336
0.000732
-0.000397
-0.002136
-0.002136
-0.001160
-0.000275
0.000427
0.000366
0.000610
0.000641
0.000336
-0.000366
0.000641
-0.001221
0.001099
-0.001648
0.001648
-0.002258
0.002594
-0.004272
0.072113
0.242615
0.009338
-0.201416
0.000549
-0.010681
0.011658
0.356506
0.221191
0.010437
0.159271
0.152985
0.015015
-0.091248
-0.060211
-0.059631
-0.090363
-0.095215
-0.055939
-0.052338
-0.043091
-0.018433
-0.031982
-0.005737
-0.042023
-0.032135
-0.026917
-0.032440
-0.016815
-0.011261
-0.008392
-0.009583
0.010773
0.000549
-0.012878
-0.035828
-0.037109
-0.020294
-0.021362
-0.030090
-0.034241
-0.028381
-0.033081
-0.030426
-0.022461
-0.022064
-0.020538
-0.015350
-0.016052
-0.020294
-0.010620
-0.005615
-0.004639
-0.007812
-0.007690
-0.004547
-0.002289
0.001251
-0.001801
-0.005615
-0.008545
-0.009979
-0.009521
-0.005646
-0.004395
-0.006226
-0.010406
-0.011047
-0.010284
-0.006989
-0.003510
-0.003571
-0.004700
-0.004913
-0.005615
-0.004639
-0.001831
-0.001465
-0.002258
-0.003815
-0.005341
-0.005035
-0.003876
-0.002533
-0.001221
-0.003357
-0.006195
-0.008026
-0.006165
-0.003998
-0.001587
-0.001556
-0.003845
-0.003204
-0.000946
0.000946
0.002045
0.001984
0.000122
-0.000824
-0.000580
0.000336
0.001953
0.002686
0.002350
0.002350
0.001740
0.001953
0.003693
0.005463
0.005157
0.003845
0.003174
0.003479
0.004242
0.005280
0.004761
0.002441
0.001404
0.001740