-0.000061
-0.000031
-0.000031
0.000000
0.000000
-0.000031
-0.000092
0.000000
-0.000061
0.000122
-0.000183
0.000183
-0.000336
0.000214
-0.000366
0.000275
-0.000153
0.000519
0.000000
0.028442
0.102509
0.029144
-0.081665
-0.044647
-0.005524
0.057037
0.153107
0.117889
0.037811
0.071075
0.091553
0.038483
-0.004181
-0.010315
-0.014648
-0.031677
-0.039429
-0.021820
-0.013336
-0.036499
-0.034637
-0.013062
-0.009521
-0.009308
-0.009064
-0.005890
-0.007172
-0.017792
-0.010773
-0.008331
-0.015167
-0.006653
0.000305
-0.004669
-0.009003
-0.004608
-0.007080
-0.014923
-0.016510
-0.015228
-0.017242
-0.023621
-0.027924
-0.023010
-0.013702
-0.010040
-0.011505
-0.009827
-0.011230
-0.012512
-0.012817
-0.012634
-0.019043
-0.024292
-0.018951
-0.015167
-0.008972
-0.009644
-0.012878
-0.010406
-0.009827
-0.011871
-0.013672
-0.011230
-0.007446
-0.008606
-0.008514
-0.007935
-0.008362
-0.006531
-0.007324
-0.009094
-0.008575
-0.008301
-0.007935
-0.006134
-0.004700
-0.004089
-0.003998
-0.005005
-0.005341
-0.004669
-0.004089
-0.003204
-0.003204
-0.003479
-0.003571
-0.003021
-0.002380
-0.001526
-0.001343
-0.001434
-0.001221
-0.000854
0.000275
0.000580
-0.001251
-0.002655
-0.001740
-0.000946
-0.000519
0.000244
0.000885
0.000732
0.000641
0.000092
-0.000824
0.000092
-0.000458
0.000580
-0.001099
0.001160
-0.001587
0.001953
-0.002655
0.003387
-0.003845
0.094147
0.222473
-0.025299
-0.172180
-0.019348
-0.028992
0.096649
0.354187
0.155670
0.021942
0.160553
0.139313
-0.007751
-0.091553
-0.051880
-0.053497
-0.087646
-0.088684
-0.045349
-0.052887
-0.030396
-0.021210
-0.024780
-0.020477
-0.041138
-0.020233
-0.035614
-0.020660
-0.014557
-0.017059
-0.012390
0.000824
0.009308
-0.009705
-0.016785
-0.039490
-0.026978
-0.018005
-0.026215
-0.027161
-0.030029
-0.028198
-0.029449
-0.025726
-0.022339
-0.016235
-0.016876
-0.015747
-0.017242
-0.020172
-0.009735
-0.005371
-0.004913
-0.009735
-0.008209
-0.004425
-0.000580
-0.000305
-0.002533
-0.006012
-0.010925
-0.010925
-0.008636
-0.003784
-0.004211
-0.008057
-0.010071
-0.009735
-0.009827
-0.006836
-0.004089
-0.004608
-0.004700
-0.005554
-0.006531
-0.004272
-0.002930
-0.001770
-0.002869
-0.004852
-0.005249
-0.004761
-0.003510
-0.002228
-0.001129
-0.003906
-0.007050
-0.008179
-0.005859
-0.003357
-0.001495
-0.001892
-0.003662
-0.002533
-0.000519
0.000946
0.002197
0.001740
0.000366
-0.000702
-0.001770
-0.000397
0.002472
0.003998
0.003082
0.001282
0.000092
0.001862
0.005188
0.006653
0.005035
0.003326
0.003021
0.003937
0.004486
0.004425
0.003113
0.001404
0.001404