0.000031
0.000031
-0.000031
0.000000
-0.000061
0.000305
-0.000244
0.000366
-0.000366
0.000153
0.000000
-0.000366
0.001068
-0.001312
0.001343
0.019653
0.113342
0.047974
-0.008331
-0.081421
-0.092621
0.095428
0.072083
0.176392
0.203033
0.037476
0.029907
0.090057
0.004669
-0.066681
-0.062134
-0.074158
-0.024384
-0.043457
-0.048157
-0.002380
-0.020538
-0.011230
-0.005096
-0.012360
-0.004181
-0.000397
-0.008606
-0.025208
-0.020050
-0.006531
0.002228
-0.002350
0.003906
0.008911
0.008728
-0.002106
-0.011841
-0.009247
-0.010712
-0.023346
-0.015259
-0.001251
-0.013916
-0.018066
-0.010406
-0.013214
-0.012390
-0.022827
-0.031830
-0.020660
-0.020294
-0.021606
-0.019135
-0.019928
-0.023224
-0.022125
-0.022736
-0.017426
-0.014587
-0.019318
-0.019623
-0.016479
-0.013580
-0.013794
-0.011230
-0.009460
-0.009735
-0.011932
-0.010040
-0.007477
-0.005615
-0.004059
-0.003723
-0.003174
-0.004364
-0.004669
-0.002197
-0.001801
-0.003479
-0.004791
-0.005402
-0.004852
-0.003113
-0.002075
-0.002106
-0.002899
-0.004578
-0.004303
-0.003143
-0.001373
-0.000824
-0.000519
-0.000458
-0.000824
-0.000519
-0.000183
-0.000183
-0.000732
-0.001556
-0.001617
-0.001038
-0.000427
0.001007
0.001465
0.000519
-0.000305
-0.000793
-0.000458
0.001068
0.002106
0.002411
0.002289
0.001862
-0.002625
0.002319
-0.002777
0.002258
-0.001312
0.000031
0.000427
0.055237
0.307800
0.086304
-0.105621
-0.345520
-0.059937
0.267181
0.131195
0.509369
0.276367
-0.069244
0.002777
0.066010
-0.135620
-0.151123
-0.167328
-0.160614
0.043518
-0.084259
-0.064117
0.030884
-0.057281
0.001465
-0.029694
-0.048279
-0.007996
-0.013641
-0.041321
0.001221
-0.006439
-0.020721
0.014160
-0.022522
0.023346
0.000275
-0.018311
-0.007172
0.006378
-0.017487
-0.050385
-0.019073
-0.021576
-0.040222
-0.015411
0.016663
0.013336
-0.001862
-0.011749
-0.015137
-0.037445
-0.075317
-0.053070
0.000305
-0.012238
-0.032928
-0.026917
-0.004242
0.002655
-0.001953
-0.013306
-0.006897
-0.009094
-0.014709
-0.003784
-0.002197
-0.001556
-0.004547
-0.013092
-0.015015
-0.007599
-0.004669
-0.001251
-0.003357
-0.007660
-0.009064
-0.004974
-0.003204
0.002991
0.000702
-0.002106
-0.006866
-0.009186
-0.005066
-0.000641
0.002472
-0.000916
-0.005463
-0.010345
-0.008301
-0.005310
-0.000153
0.002228
-0.000183
-0.003479
-0.002411
0.001801
0.005035
0.003754
-0.001282
-0.005096
-0.003601
0.000580
0.004822
0.006500
0.003174
-0.000305
-0.000977
0.000183
0.003967
0.008362
0.006897
0.004456
0.001923
0.001068
0.002899
0.005249
0.004578
0.003021
0.001648
0.000153