-0.000122
0.000000
0.000000
-0.000092
-0.000153
0.000000
-0.000031
0.000153
-0.000275
0.000092
-0.000671
0.000427
-0.000854
0.000763
-0.001160
0.001343
0.002045
0.082764
0.159546
-0.078552
-0.283417
-0.136871
0.109283
0.276062
0.281097
0.095428
-0.019348
0.075653
0.091461
0.024994
0.000610
0.004547
-0.019867
-0.054077
-0.046356
-0.030487
-0.026978
-0.029449
-0.038879
-0.026031
-0.017395
-0.035004
-0.019043
-0.008759
-0.004395
-0.009796
-0.005005
-0.012268
-0.029633
-0.019135
-0.014038
-0.001678
-0.009705
-0.019989
-0.020294
-0.022369
-0.017151
-0.011780
-0.006683
-0.010590
-0.017242
-0.019684
-0.008850
-0.008270
-0.012238
-0.008362
-0.008698
-0.008606
-0.012207
-0.015564
-0.017090
-0.015564
-0.017181
-0.017242
-0.017212
-0.016113
-0.010681
-0.006836
-0.005096
-0.009857
-0.013275
-0.010315
-0.007172
-0.008148
-0.007690
-0.005829
-0.007385
-0.009552
-0.008911
-0.006256
-0.006104
-0.008179
-0.008789
-0.009521
-0.009460
-0.007690
-0.004669
-0.003204
-0.004608
-0.006165
-0.006348
-0.005280
-0.004608
-0.002472
-0.001373
-0.002228
-0.003326
-0.002838
-0.000549
0.000977
0.000427
-0.001404
-0.003815
-0.004913
-0.003265
0.000000
0.001495
0.000702
-0.000610
-0.001923
-0.001831
-0.000244
0.001343
0.000244
-0.000488
-0.000153
0.000153
0.001892
-0.000122
0.000000
0.000000
-0.000092
-0.000153
0.000000
-0.000031
0.000153
-0.000275
0.000092
-0.000671
0.000427
-0.000854
0.000763
-0.001160
0.001343
0.002045
0.082764
0.159546
-0.078552
-0.283417
-0.136871
0.109283
0.276062
0.281097
0.095428
-0.019348
0.075653
0.091461
0.024994
0.000610
0.004547
-0.019867
-0.054077
-0.046356
-0.030487
-0.026978
-0.029449
-0.038879
-0.026031
-0.017395
-0.035004
-0.019043
-0.008759
-0.004395
-0.009796
-0.005005
-0.012268
-0.029633
-0.019135
-0.014038
-0.001678
-0.009705
-0.019989
-0.020294
-0.022369
-0.017151
-0.011780
-0.006683
-0.010590
-0.017242
-0.019684
-0.008850
-0.008270
-0.012238
-0.008362
-0.008698
-0.008606
-0.012207
-0.015564
-0.017090
-0.015564
-0.017181
-0.017242
-0.017212
-0.016113
-0.010681
-0.006836
-0.005096
-0.009857
-0.013275
-0.010315
-0.007172
-0.008148
-0.007690
-0.005829
-0.007385
-0.009552
-0.008911
-0.006256
-0.006104
-0.008179
-0.008789
-0.009521
-0.009460
-0.007690
-0.004669
-0.003204
-0.004608
-0.006165
-0.006348
-0.005280
-0.004608
-0.002472
-0.001373
-0.002228
-0.003326
-0.002838
-0.000549
0.000977
0.000427
-0.001404
-0.003815
-0.004913
-0.003265
0.000000
0.001495
0.000702
-0.000610
-0.001923
-0.001831
-0.000244
0.001343
0.000244
-0.000488
-0.000153
0.000153
0.001892