0.000000
0.000000
0.000000
0.000000
0.000031
0.000092
0.000000
-0.000031
0.000031
0.000000
0.000122
-0.000092
0.000122
-0.000397
0.000336
-0.000549
0.000641
-0.000732
0.001221
0.002655
0.068329
0.117798
-0.057556
-0.211548
-0.115631
0.070557
0.204102
0.227356
0.096466
0.011536
0.062164
0.067352
0.034241
0.016510
0.012756
-0.010620
-0.030975
-0.036957
-0.029175
-0.019043
-0.024719
-0.028992
-0.023285
-0.030914
-0.034088
-0.005737
0.005524
0.003418
-0.013763
-0.006348
-0.004913
-0.023407
-0.013153
-0.013092
-0.021790
-0.014862
-0.007233
-0.013092
-0.014008
-0.010895
-0.007355
-0.003723
-0.005554
-0.009979
-0.016937
-0.020477
-0.019196
-0.009674
-0.006958
-0.010376
-0.012970
-0.017059
-0.013153
-0.009766
-0.009796
-0.020264
-0.023987
-0.016510
-0.009827
-0.008423
-0.012665
-0.011261
-0.010651
-0.012207
-0.013916
-0.013641
-0.009857
-0.005096
-0.005798
-0.008881
-0.009399
-0.009216
-0.008820
-0.008667
-0.008148
-0.007263
-0.008423
-0.010040
-0.008759
-0.005981
-0.003906
-0.002869
-0.003693
-0.005524
-0.005646
-0.003510
-0.002197
-0.002228
-0.002563
-0.003845
-0.003479
-0.002319
-0.000977
0.000183
0.000061
-0.000946
-0.002197
-0.001953
0.000000
0.002106
0.002045
-0.000214
-0.002014
-0.002075
-0.000397
0.000183
0.000122
0.000305
-0.000122
-0.000061
0.000031
0.000000
0.000214
-0.000183
0.000092
-0.000580
0.000397
-0.000671
0.000610
-0.000885
0.000916
0.002350
0.096222
0.197174
-0.086731
-0.337402
-0.167847
0.108032
0.360504
0.350830
0.094452
-0.029633
0.076569
0.130829
0.019714
-0.035889
-0.008972
-0.027069
-0.071167
-0.065369
-0.035461
-0.036377
-0.029816
-0.044098
-0.040405
-0.016815
-0.015137
-0.020844
-0.021942
-0.014740
-0.025879
-0.004608
-0.013580
-0.022369
-0.019318
-0.013916
0.002167
-0.001770
-0.014038
-0.033386
-0.024139
-0.014557
-0.018677
-0.020691
-0.017181
-0.013947
-0.020691
-0.018707
-0.010101
-0.007996
-0.015869
-0.019745
-0.018707
-0.017548
-0.010468
-0.009094
-0.008484
-0.013428
-0.015228
-0.012512
-0.009491
-0.009949
-0.009949
-0.005035
-0.005463
-0.007660
-0.010956
-0.009766
-0.006989
-0.004211
-0.005005
-0.006531
-0.007843
-0.007538
-0.004974
-0.004730
-0.005798
-0.008270
-0.010223
-0.008972
-0.006378
-0.003540
-0.001526
-0.002411
-0.004669
-0.006592
-0.005463
-0.003357
-0.002350
-0.002411
-0.002869
-0.003845
-0.003235
-0.001282
0.000610
0.000122
-0.001587
-0.003876
-0.004852
-0.002838
0.000824
0.003204
0.001770
-0.001251
-0.003906
-0.003387
-0.000885
0.001160
0.001923
0.001007
-0.000275
0.000397
0.002502
0.004578
0.004944
0.003815