0.000000
-0.000031
0.000000
0.000031
-0.000031
0.000031
-0.000031
-0.000031
0.000000
0.000000
0.000000
0.000000
0.000000
-0.000061
0.000061
0.000000
0.000000
-0.000031
-0.000122
-0.000061
0.000122
0.000214
-0.000183
-0.000031
0.004181
0.046082
0.077515
-0.015594
-0.147491
-0.110474
0.038025
0.128113
0.154572
0.103912
0.045013
0.050110
0.052673
0.034271
0.032135
0.031830
0.001373
-0.018890
-0.029663
-0.024567
-0.012665
-0.011536
-0.015961
-0.034698
-0.011810
0.010132
-0.005219
0.002350
-0.001617
-0.007568
0.007660
-0.001526
-0.019623
-0.027863
-0.023407
-0.009186
0.000153
-0.009949
-0.021790
-0.020020
-0.013458
-0.011810
-0.014771
-0.013306
-0.012482
-0.014008
-0.016174
-0.018158
-0.011627
-0.006226
-0.011322
-0.014435
-0.018982
-0.019958
-0.015137
-0.012817
-0.014618
-0.017883
-0.016602
-0.011261
-0.008453
-0.012360
-0.011871
-0.009583
-0.010773
-0.012573
-0.013855
-0.011658
-0.010925
-0.010406
-0.011963
-0.013092
-0.011475
-0.009613
-0.007050
-0.006531
-0.006836
-0.007294
-0.008209
-0.008331
-0.006195
-0.004211
-0.003235
-0.003937
-0.004608
-0.004578
-0.004059
-0.002991
-0.002747
-0.001709
-0.002106
-0.002106
-0.002258
-0.000793
0.000946
0.000610
-0.000519
-0.002441
-0.001892
-0.000458
0.000793
0.001495
0.000336
-0.000916
0.000000
-0.000061
-0.000092
-0.000519
0.000244
-0.000824
0.001038
-0.002136
0.003174
-0.005371
0.104340
0.259003
-0.068848
-0.469666
-0.086029
0.152649
0.187805
0.498810
0.187408
-0.036102
0.118103
0.117401
0.066986
-0.064392
-0.064270
-0.051636
-0.066528
-0.102264
-0.050873
-0.042053
-0.079529
-0.039795
-0.043945
-0.022247
-0.034271
0.006256
-0.005188
-0.024689
-0.039734
-0.020386
-0.027649
-0.020996
-0.007416
-0.018677
0.011444
0.005890
0.006561
-0.016052
-0.026489
-0.040161
-0.028137
-0.016602
-0.025482
-0.026825
-0.025513
-0.016327
-0.015381
-0.020325
-0.028870
-0.030975
-0.025818
-0.025909
-0.018921
-0.012878
-0.002350
-0.002472
-0.009827
-0.011841
-0.006836
0.001038
-0.003387
-0.005127
-0.010559
-0.008606
-0.006775
-0.005341
-0.010925
-0.010651
-0.006104
-0.003998
-0.005096
-0.005707
-0.003937
-0.003754
-0.003021
-0.005310
-0.007416
-0.007416
-0.003632
-0.001129
0.000305
-0.001740
-0.003296
-0.004669
-0.003326
-0.001862
-0.001404
-0.002686
-0.003326
-0.004944
-0.003326
-0.001892
-0.000793
0.002075
0.000641
-0.001892
-0.003815
-0.003265
-0.001617
0.000397
0.000122
-0.000641
-0.001038
-0.000275
0.000153
0.001190
0.000336
-0.000427
-0.000671
-0.000092
0.002563
0.004761
0.004700
0.003143
0.003632
0.004211
0.004883
0.005432