0.000000
0.000031
0.000000
0.000031
-0.000061
-0.000031
-0.000031
0.000000
0.000000
0.000000
0.000000
0.000000
0.000000
0.000031
-0.000031
0.000000
-0.000244
0.000061
-0.000275
0.000488
-0.000488
0.000519
0.003204
0.052551
0.089539
-0.029297
-0.161194
-0.111969
0.041321
0.152924
0.178375
0.101501
0.036682
0.051514
0.054169
0.035309
0.025085
0.024384
0.002594
-0.020844
-0.028076
-0.023773
-0.017426
-0.024139
-0.023560
-0.030090
-0.038727
-0.000397
0.012451
0.005249
0.002594
-0.016144
0.003082
-0.002869
-0.019928
-0.021240
-0.023071
-0.013153
-0.000122
0.002289
-0.014587
-0.021545
-0.014008
-0.005310
-0.010742
-0.016754
-0.015564
-0.014832
-0.017822
-0.021240
-0.013031
-0.006531
-0.008118
-0.012817
-0.015869
-0.014221
-0.010681
-0.011475
-0.017273
-0.020630
-0.020935
-0.017151
-0.011169
-0.010437
-0.011017
-0.009460
-0.010132
-0.009521
-0.010498
-0.011078
-0.010590
-0.013306
-0.012909
-0.010956
-0.009644
-0.009247
-0.008270
-0.006683
-0.006348
-0.008423
-0.009338
-0.007446
-0.005524
-0.004242
-0.004059
-0.004486
-0.005219
-0.005157
-0.004639
-0.003418
-0.002960
-0.002533
-0.002594
-0.002899
-0.002167
-0.000397
0.001740
0.001740
-0.000305
-0.002655
-0.002777
-0.001099
0.001068
0.001892
0.000397
-0.001251
-0.001617
-0.000458
0.000000
0.000244
0.000000
0.000061
-0.000336
0.000031
-0.000153
0.000092
-0.000397
0.000671
-0.002075
0.034149
0.202942
0.114227
-0.319000
-0.273071
0.001801
0.171112
0.469604
0.297729
-0.017731
0.041931
0.118713
0.106537
-0.021881
-0.065735
-0.027222
-0.053406
-0.092377
-0.064392
-0.033325
-0.059967
-0.033325
-0.046570
-0.029877
-0.034393
-0.004242
0.004059
-0.038788
-0.025513
-0.021179
-0.024902
-0.012726
-0.016632
-0.025330
0.008179
0.002563
0.006073
-0.011505
-0.030396
-0.033539
-0.028046
-0.015869
-0.022980
-0.028046
-0.022278
-0.010376
-0.017181
-0.017700
-0.013062
-0.025146
-0.031708
-0.025421
-0.018036
-0.016235
-0.009186
-0.004364
-0.006805
-0.007050
-0.011292
-0.004944
-0.001007
-0.001434
-0.007416
-0.009644
-0.008667
-0.007172
-0.009064
-0.011292
-0.007111
-0.004852
-0.005005
-0.006500
-0.004333
-0.003601
-0.003601
-0.005005
-0.007446
-0.009216
-0.006470
-0.003479
-0.001068
-0.001221
-0.002563
-0.004669
-0.004578
-0.002991
-0.001404
-0.001129
-0.002686
-0.004425
-0.004486
-0.002594
-0.001343
0.000488
-0.000458
-0.002441
-0.003876
-0.003815
-0.001831
0.001404
0.001434
0.000122
-0.001373
-0.001709
-0.000305
0.000885
0.001526
0.000275
-0.000610
-0.000153
0.001282
0.002563
0.004211
0.004761
0.004913
0.004517
0.004669