0.000092
0.000031
0.000000
0.000000
0.000000
0.000092
0.000061
0.000000
0.000000
0.000031
0.000092
0.000031
-0.000031
0.000061
-0.000244
0.000244
-0.000458
0.000549
-0.000549
0.000885
0.003845
0.067108
0.104614
-0.057800
-0.193390
-0.106018
0.065582
0.189972
0.208557
0.091248
0.020782
0.060516
0.061310
0.033722
0.019287
0.014648
-0.006470
-0.027039
-0.035339
-0.025543
-0.018555
-0.023315
-0.027069
-0.024353
-0.035828
-0.029083
0.001923
0.006470
0.003967
-0.013000
-0.002167
-0.004852
-0.020905
-0.016022
-0.021179
-0.019989
-0.010620
-0.001556
-0.008911
-0.014679
-0.012573
-0.006744
-0.003204
-0.009247
-0.013672
-0.016632
-0.020538
-0.021484
-0.012177
-0.005402
-0.009277
-0.013947
-0.016174
-0.013794
-0.009766
-0.009735
-0.016174
-0.022888
-0.020203
-0.011383
-0.009491
-0.012451
-0.014343
-0.011963
-0.009766
-0.011108
-0.011597
-0.011292
-0.008270
-0.006439
-0.008484
-0.011230
-0.011322
-0.009308
-0.007111
-0.007294
-0.008057
-0.008942
-0.009064
-0.008331
-0.006317
-0.003540
-0.002930
-0.003906
-0.005707
-0.005463
-0.004150
-0.002716
-0.002289
-0.003052
-0.003510
-0.003998
-0.002991
-0.000549
0.001373
0.000854
-0.001282
-0.002106
-0.001648
0.000549
0.001892
0.000549
-0.000854
-0.001740
-0.001343
-0.000031
0.000031
-0.000824
-0.000153
0.000061
0.000000
0.000275
-0.000153
0.000092
-0.000458
0.000244
-0.000427
0.000275
-0.000427
0.000488
0.000000
0.073975
0.210297
-0.023132
-0.338257
-0.206207
0.049194
0.333405
0.409851
0.136780
-0.025116
0.054871
0.138947
0.050598
-0.048248
-0.021637
-0.020966
-0.069366
-0.077972
-0.039246
-0.040009
-0.033325
-0.038818
-0.046417
-0.024841
-0.015686
-0.005646
-0.030212
-0.017609
-0.025452
-0.017120
-0.005676
-0.024231
-0.019653
-0.013184
0.000336
0.003937
-0.008606
-0.029083
-0.030426
-0.018433
-0.019043
-0.022461
-0.019897
-0.016602
-0.016663
-0.020660
-0.013916
-0.007538
-0.012115
-0.025452
-0.027130
-0.019470
-0.011688
-0.008606
-0.009277
-0.011108
-0.009766
-0.010040
-0.010437
-0.007874
-0.008575
-0.004181
-0.005554
-0.008942
-0.009338
-0.009369
-0.009369
-0.005676
-0.004456
-0.006439
-0.007355
-0.006500
-0.004761
-0.004517
-0.004608
-0.006592
-0.010345
-0.009521
-0.006226
-0.003601
-0.001465
-0.002197
-0.004211
-0.005890
-0.004639
-0.003357
-0.001984
-0.002197
-0.002869
-0.004028
-0.003479
-0.002319
-0.000610
0.000122
-0.001312
-0.003143
-0.004822
-0.003571
0.000183
0.002777
0.002106
-0.000214
-0.002655
-0.003387
-0.001556
0.001068
0.001556
0.000946
-0.000305
-0.000549
0.001892
0.004425
0.005219
0.004608
0.003540