-0.000122
0.000000
-0.000153
-0.000092
-0.000061
0.000000
-0.000244
0.000336
-0.000885
0.000854
-0.001556
0.001617
-0.002136
0.002380
-0.002319
0.033478
0.064148
0.050873
-0.039124
-0.237549
-0.085144
0.087006
0.187927
0.262421
0.087524
0.025513
0.039978
0.025085
0.014893
0.034973
-0.010071
-0.034851
-0.008453
-0.042908
-0.018005
-0.012268
-0.028320
-0.009735
-0.021179
-0.020630
-0.001190
0.000458
-0.003296
0.017395
0.005646
-0.000702
-0.001068
-0.019836
-0.034698
-0.024323
-0.003815
-0.006226
-0.007446
-0.014923
-0.008240
-0.012543
-0.014252
-0.003113
-0.002319
-0.012024
-0.023895
-0.009979
0.002930
-0.005096
-0.012390
-0.010071
-0.014374
-0.020905
-0.020905
-0.015259
-0.011749
-0.018463
-0.021942
-0.018158
-0.016174
-0.015625
-0.015259
-0.014679
-0.013855
-0.017334
-0.020813
-0.019958
-0.019257
-0.016266
-0.012970
-0.013245
-0.014282
-0.015533
-0.014648
-0.009491
-0.006226
-0.007507
-0.008911
-0.010284
-0.008728
-0.005707
-0.004181
-0.002625
-0.002502
-0.003235
-0.003479
-0.003113
-0.001923
-0.001404
-0.001404
-0.002136
-0.002319
-0.001740
-0.000671
0.000702
0.000366
-0.001099
-0.002930
-0.003113
-0.001495
-0.000061
0.001007
0.000061
-0.001831
-0.002747
-0.001129
0.001068
0.001678
0.000793
-0.000549
-0.000458
0.001068
0.002777
0.003876
-0.006531
0.009583
-0.013458
0.018219
-0.021149
0.158264
0.202026
0.111786
-0.454102
-0.745941
0.494995
0.537598
0.484711
0.333862
-0.213287
0.028412
0.060455
0.033203
-0.070862
-0.052399
-0.210449
-0.090912
-0.012848
-0.128235
0.029846
-0.034302
-0.033600
-0.040100
-0.023224
-0.002899
0.010345
-0.013031
-0.049438
-0.015167
-0.033508
-0.015991
-0.016022
0.001007
-0.031433
-0.023712
-0.010132
-0.010376
0.003815
-0.016174
-0.012268
-0.000793
0.008545
-0.002045
0.006744
-0.039917
-0.055603
-0.007599
0.003754
0.018250
-0.009552
-0.021881
0.001617
0.004425
-0.009338
-0.030273
-0.048370
-0.044037
-0.022919
-0.033203
-0.026123
-0.008392
-0.010071
-0.009552
-0.013214
-0.012421
-0.004486
-0.003113
-0.003113
-0.000061
-0.012085
-0.017639
-0.010284
-0.005890
-0.000885
-0.000305
-0.005890
-0.008545
-0.009521
-0.007111
-0.001434
-0.000061
-0.001221
-0.003998
-0.007660
-0.005066
0.000427
0.004883
0.001709
-0.001495
-0.004333
-0.003021
0.001160
0.001495
0.001617
-0.001099
-0.004456
-0.006287
-0.005310
-0.002563
0.002625
0.002502
-0.001740
-0.003296
-0.003204
-0.000092
0.003601
0.002106
-0.000671
-0.001434
-0.000244
0.003357
0.006073
0.005066
0.002441
0.001770
0.001740
0.002838
0.003693
0.004456
0.005615
0.003265
0.001953