-0.000153
-0.000061
-0.000122
0.000183
-0.000427
0.000580
-0.001282
0.001251
-0.002289
0.002625
-0.003326
0.004150
-0.004456
0.047852
0.087402
0.050873
-0.071411
-0.318512
-0.061432
0.151947
0.253021
0.329651
0.061432
-0.010315
0.033875
0.031097
0.009186
0.038208
-0.031616
-0.054443
-0.013550
-0.065521
-0.020355
-0.016998
-0.040558
-0.007965
-0.018585
-0.022003
0.000671
-0.003662
-0.012085
0.013733
-0.009308
-0.008087
-0.002991
-0.025299
-0.027496
-0.017059
-0.000458
-0.001404
0.000122
-0.010284
-0.007202
-0.007904
-0.014893
-0.006836
-0.004761
-0.018005
-0.023071
-0.009338
0.004395
0.004120
-0.004181
-0.010437
-0.015930
-0.015259
-0.017273
-0.018616
-0.018066
-0.021301
-0.022858
-0.019257
-0.017151
-0.016815
-0.017426
-0.015045
-0.014313
-0.020355
-0.022644
-0.019531
-0.014191
-0.009064
-0.010376
-0.012207
-0.013306
-0.016083
-0.012970
-0.008453
-0.008453
-0.010162
-0.010376
-0.010376
-0.009277
-0.006866
-0.003662
-0.002441
-0.003632
-0.005066
-0.003998
-0.000305
0.000977
0.000275
-0.000916
-0.001373
-0.002594
-0.001740
-0.000458
0.000366
-0.000214
-0.002167
-0.002655
-0.002808
-0.000732
0.000916
0.000916
-0.000488
-0.002991
-0.003082
-0.000610
0.001526
0.002533
0.001434
-0.000061
0.000671
0.001770
0.002350
0.002808
0.001892
-0.003662
0.004059
-0.005280
0.005951
-0.006256
0.006287
-0.006897
0.056549
0.212555
0.104553
-0.091217
-0.753998
-0.037506
0.614868
0.371948
0.534576
-0.085663
-0.125366
0.084473
0.043121
-0.050201
-0.022797
-0.114349
-0.173920
0.053741
-0.106842
-0.044617
0.011566
-0.071136
-0.028473
-0.033661
-0.007843
0.004425
0.007355
-0.031433
-0.016815
-0.028656
-0.021942
-0.014526
-0.007721
-0.012909
-0.038910
0.000916
-0.009552
-0.008759
-0.009827
-0.009399
-0.007812
0.006134
-0.004211
-0.002625
0.003143
-0.048218
-0.044678
0.001251
0.021545
0.005157
-0.003448
-0.003662
-0.002472
-0.006165
-0.013306
-0.023560
-0.046387
-0.061859
-0.038330
-0.009949
-0.012939
-0.021576
-0.015625
-0.006653
-0.008514
-0.014313
-0.008545
-0.000793
-0.003265
-0.010162
-0.015747
-0.013428
-0.009338
-0.004028
-0.003235
-0.001617
-0.005829
-0.009277
-0.009369
-0.006470
-0.002167
-0.001678
-0.002075
-0.007446
-0.006958
-0.002289
0.002136
0.002106
-0.001038
-0.003357
-0.004608
-0.001434
0.002014
0.000977
0.000397
-0.003204
-0.005219
-0.003967
-0.001953
0.001648
0.001190
-0.000031
-0.002258
-0.002411
-0.001343
0.000153
0.002686
0.001953
0.000854
0.000946
0.000366
0.001862
0.004425
0.003754
0.001373
0.000641
0.001617
0.005493
0.005646
0.003998
0.003357