0.000000
-0.000122
-0.000122
-0.000214
0.000610
-0.000641
0.000763
-0.001068
0.000793
-0.000610
-0.000061
0.000946
-0.002625
0.004150
0.006927
0.112061
0.096405
0.117065
-0.297363
-0.287384
0.344482
0.220978
0.174133
0.098175
0.065430
0.116211
0.060181
-0.045166
-0.101166
-0.046631
-0.111328
-0.026520
-0.040070
-0.056091
0.011230
-0.015625
-0.014587
-0.016968
-0.001892
-0.010101
-0.003296
-0.035980
-0.018341
-0.010101
-0.031738
-0.000031
-0.007812
-0.005432
-0.003296
-0.009705
-0.032104
-0.023132
-0.021027
-0.011017
0.003845
-0.001495
-0.004028
-0.007141
-0.007202
-0.002808
-0.007904
-0.014282
-0.016083
-0.014282
-0.013000
-0.011841
-0.012299
-0.011169
-0.004028
-0.006348
-0.000366
-0.006226
-0.014801
-0.016388
-0.020508
-0.029541
-0.037506
-0.028351
-0.012482
-0.008545
-0.014587
-0.015289
-0.009399
-0.005737
-0.009308
-0.012054
-0.010254
-0.008362
-0.010529
-0.011108
-0.010529
-0.007416
-0.003906
-0.002380
-0.005371
-0.007446
-0.007843
-0.007111
-0.005920
-0.004547
-0.003540
-0.005676
-0.007294
-0.005615
-0.001465
0.001129
0.002350
0.000427
-0.000214
-0.000336
0.000427
0.002319
0.002136
0.000519
-0.000702
-0.001312
-0.000671
0.001251
0.002045
0.000397
-0.000549
-0.001617
-0.000336
0.002625
0.003143
0.002319
0.002563
0.002350
0.000000
-0.000122
-0.000122
-0.000214
0.000610
-0.000641
0.000763
-0.001068
0.000793
-0.000610
-0.000061
0.000946
-0.002625
0.004150
0.006927
0.112061
0.096405
0.117065
-0.297363
-0.287384
0.344482
0.220978
0.174133
0.098175
0.065430
0.116211
0.060181
-0.045166
-0.101166
-0.046631
-0.111328
-0.026520
-0.040070
-0.056091
0.011230
-0.015625
-0.014587
-0.016968
-0.001892
-0.010101
-0.003296
-0.035980
-0.018341
-0.010101
-0.031738
-0.000031
-0.007812
-0.005432
-0.003296
-0.009705
-0.032104
-0.023132
-0.021027
-0.011017
0.003845
-0.001495
-0.004028
-0.007141
-0.007202
-0.002808
-0.007904
-0.014282
-0.016083
-0.014282
-0.013000
-0.011841
-0.012299
-0.011169
-0.004028
-0.006348
-0.000366
-0.006226
-0.014801
-0.016388
-0.020508
-0.029541
-0.037506
-0.028351
-0.012482
-0.008545
-0.014587
-0.015289
-0.009399
-0.005737
-0.009308
-0.012054
-0.010254
-0.008362
-0.010529
-0.011108
-0.010529
-0.007416
-0.003906
-0.002380
-0.005371
-0.007446
-0.007843
-0.007111
-0.005920
-0.004547
-0.003540
-0.005676
-0.007294
-0.005615
-0.001465
0.001129
0.002350
0.000427
-0.000214
-0.000336
0.000427
0.002319
0.002136
0.000519
-0.000702
-0.001312
-0.000671
0.001251
0.002045
0.000397
-0.000549
-0.001617
-0.000336
0.002625
0.003143
0.002319
0.002563
0.002350