-0.000153
0.000000
-0.000061
0.000000
-0.000122
-0.000061
-0.000244
0.000336
-0.000366
0.000519
-0.000885
0.000732
-0.001068
0.000854
-0.000793
0.000275
0.000214
0.012909
0.072754
0.070740
0.056580
-0.233521
-0.185944
0.215210
0.201508
0.153595
0.068756
0.057312
0.081696
0.062164
0.000793
-0.041992
-0.023712
-0.057892
-0.020569
-0.026978
-0.034760
-0.010956
-0.012787
-0.016602
-0.017059
-0.000366
-0.001770
0.006195
-0.016571
-0.013123
-0.009369
-0.021423
-0.014679
-0.013336
-0.009430
-0.009094
-0.006042
-0.021210
-0.019440
-0.018890
-0.018280
-0.004456
0.001465
-0.003296
-0.007263
-0.008820
-0.007751
-0.006470
-0.013977
-0.018982
-0.016418
-0.017792
-0.015259
-0.008362
-0.011719
-0.010773
-0.006378
-0.006592
-0.008636
-0.008179
-0.010468
-0.014404
-0.019043
-0.021362
-0.021851
-0.021149
-0.016907
-0.013397
-0.014923
-0.016754
-0.015350
-0.015015
-0.013367
-0.010315
-0.010529
-0.012085
-0.011139
-0.011108
-0.009613
-0.007507
-0.006042
-0.006042
-0.005096
-0.005096
-0.006226
-0.007690
-0.006470
-0.003754
-0.003937
-0.005432
-0.005859
-0.003845
-0.001099
0.000885
0.001617
0.001587
0.001221
0.000793
0.000824
0.001190
0.001343
0.000946
-0.000885
-0.001312
-0.000580
0.000092
0.000092
0.000336
0.000336
0.000580
0.002075
0.002777
0.000000
-0.000153
0.000763
-0.001160
0.001801
-0.003204
0.004242
-0.006104
0.007874
-0.009918
0.012329
-0.015350
0.081970
0.163025
0.176849
-0.034973
-0.610840
0.163452
0.460510
0.077209
0.202301
0.108307
0.129486
0.072388
0.019562
-0.170654
-0.101074
-0.079803
-0.126923
-0.028809
-0.102234
-0.005829
0.001831
0.003601
-0.005951
-0.005920
0.001953
-0.020294
-0.028168
-0.049225
-0.013885
-0.046570
-0.003448
0.000244
-0.002502
0.005981
-0.002472
-0.034363
-0.046326
-0.024017
-0.016296
0.007538
-0.000610
-0.007629
-0.008820
-0.006775
0.005096
-0.001923
-0.014465
-0.019318
-0.011719
-0.009033
-0.023163
-0.012848
-0.012329
-0.013519
0.000366
0.003052
-0.004059
-0.011108
-0.012726
-0.023285
-0.035919
-0.043365
-0.033325
-0.020416
-0.013702
-0.005615
-0.004120
-0.003448
-0.002899
-0.006134
-0.005615
-0.006134
-0.007599
-0.012360
-0.012756
-0.009705
-0.004639
-0.000671
-0.001221
-0.002594
-0.006622
-0.006592
-0.005737
-0.002258
-0.000763
-0.002502
-0.006470
-0.008423
-0.005798
-0.001953
0.001099
0.002747
0.000305
-0.001984
-0.000641
0.001343
0.002808
0.003082
-0.000793
-0.004486
-0.004364
-0.002045
0.001740
0.004364
0.002441
-0.000732
-0.002563
-0.003052
0.002563
0.006165
0.005219
0.002106
-0.000275
-0.000061
0.001862
0.003784