-0.000122
0.000000
-0.000031
0.000000
-0.000153
-0.000183
0.000000
0.000153
-0.000336
0.000275
-0.000885
0.000916
-0.001678
0.001984
-0.002838
0.003754
-0.004669
0.037140
0.090485
0.089325
-0.091553
-0.293823
0.056244
0.276459
0.130768
0.079407
0.071228
0.086884
0.088684
0.058960
-0.025421
-0.024597
-0.018433
-0.046295
-0.040375
-0.048492
-0.022644
-0.019531
-0.028503
-0.023193
0.001984
-0.000397
-0.001099
-0.002838
-0.021088
-0.013855
-0.021332
-0.013367
-0.017731
-0.030273
-0.018372
0.003632
-0.009705
-0.018707
-0.012634
-0.010162
-0.007324
-0.009338
-0.010040
-0.017883
-0.019409
-0.010803
-0.002106
-0.007690
-0.016113
-0.012787
-0.006287
-0.009094
-0.018250
-0.022125
-0.011169
-0.008423
-0.011658
-0.007965
-0.007751
-0.007812
-0.007202
-0.009247
-0.015717
-0.022644
-0.020721
-0.015289
-0.014435
-0.019470
-0.017578
-0.011536
-0.011566
-0.010254
-0.009094
-0.005310
-0.004883
-0.007141
-0.009430
-0.011078
-0.009796
-0.007843
-0.007263
-0.007812
-0.007782
-0.006866
-0.005035
-0.004791
-0.004211
-0.003815
-0.004669
-0.005920
-0.005096
-0.003265
-0.002045
-0.000671
-0.000031
-0.000610
-0.002106
-0.002655
-0.000946
0.000366
0.000671
-0.000031
-0.000061
0.000824
0.002167
0.003082
0.002502
0.001709
0.000793
0.001312
0.001678
0.001617
-0.000244
0.000000
0.000061
0.000427
-0.000488
0.000732
-0.001434
0.001923
-0.002808
0.003662
-0.004791
0.006287
-0.008423
0.055420
0.154663
0.139343
-0.134216
-0.397095
0.142456
0.367004
0.105988
0.109924
0.106018
0.121521
0.098267
0.026733
-0.100128
-0.063568
-0.025482
-0.084045
-0.068420
-0.072632
-0.022675
-0.025696
-0.030151
-0.021881
0.002502
-0.005951
-0.015045
-0.011993
-0.031464
-0.013245
-0.019562
-0.011627
-0.002655
-0.006042
-0.024994
-0.026794
-0.026825
-0.015137
-0.016235
-0.004150
0.002014
-0.011261
-0.010101
-0.018158
-0.019989
-0.018097
-0.014404
-0.013611
-0.005249
-0.004913
-0.012909
-0.012238
-0.006500
-0.013977
-0.021332
-0.011169
-0.001495
-0.004059
-0.009186
-0.011536
-0.018616
-0.026672
-0.027557
-0.022919
-0.015198
-0.011993
-0.011414
-0.007599
-0.003113
-0.002197
-0.005859
-0.004974
-0.005280
-0.007568
-0.010895
-0.009918
-0.009125
-0.008179
-0.005066
-0.003143
-0.002899
-0.004303
-0.005737
-0.006104
-0.004608
-0.002380
-0.002197
-0.004669
-0.007446
-0.007324
-0.003174
-0.001190
0.000519
-0.000336
-0.001556
-0.001526
-0.000336
0.000580
0.000092
-0.000549
-0.002106
-0.001953
0.000061
0.001678
0.002686
0.001923
0.000732
-0.000244
-0.000549
0.001007
0.002106
0.003204
0.002502
0.001343
0.000702
0.001678