-0.000092
0.000305
-0.000092
0.000061
0.000000
-0.000549
0.001007
-0.001953
0.003052
-0.004486
0.006409
-0.006104
0.076477
0.115326
0.116913
-0.172119
-0.329376
0.225708
0.272614
0.075409
0.101593
0.107147
0.114777
0.080383
0.012756
-0.082611
-0.037140
-0.044830
-0.064728
-0.057159
-0.055328
-0.013306
-0.024719
-0.024139
-0.013092
0.010223
-0.005005
0.001068
-0.015961
-0.026642
-0.019165
-0.028137
-0.014557
-0.014343
-0.002380
-0.013794
-0.021118
-0.026855
-0.016113
-0.008331
-0.016083
-0.004150
-0.006317
-0.017395
-0.007202
-0.005859
-0.011169
-0.014587
-0.017700
-0.015686
-0.009949
-0.008972
-0.000946
-0.004852
-0.023071
-0.016754
-0.013275
-0.011963
-0.006500
-0.005280
-0.003784
-0.005157
-0.010620
-0.017090
-0.023621
-0.024109
-0.017487
-0.017029
-0.023376
-0.017395
-0.008820
-0.007843
-0.007935
-0.006561
-0.005127
-0.006653
-0.008148
-0.009064
-0.008881
-0.007080
-0.005890
-0.006439
-0.007477
-0.007416
-0.005554
-0.005432
-0.004303
-0.004883
-0.004639
-0.006775
-0.007355
-0.003448
-0.002258
-0.000275
-0.000977
-0.002258
-0.001740
-0.000610
0.000793
0.000366
-0.000153
-0.001404
-0.001648
0.000397
0.001831
0.003174
0.002197
0.001251
0.000854
0.001831
0.002838
0.002777
0.003265
0.001526
-0.000061
-0.000549
0.000000
0.001129
-0.000092
0.000305
-0.000092
0.000061
0.000000
-0.000549
0.001007
-0.001953
0.003052
-0.004486
0.006409
-0.006104
0.076477
0.115326
0.116913
-0.172119
-0.329376
0.225708
0.272614
0.075409
0.101593
0.107147
0.114777
0.080383
0.012756
-0.082611
-0.037140
-0.044830
-0.064728
-0.057159
-0.055328
-0.013306
-0.024719
-0.024139
-0.013092
0.010223
-0.005005
0.001068
-0.015961
-0.026642
-0.019165
-0.028137
-0.014557
-0.014343
-0.002380
-0.013794
-0.021118
-0.026855
-0.016113
-0.008331
-0.016083
-0.004150
-0.006317
-0.017395
-0.007202
-0.005859
-0.011169
-0.014587
-0.017700
-0.015686
-0.009949
-0.008972
-0.000946
-0.004852
-0.023071
-0.016754
-0.013275
-0.011963
-0.006500
-0.005280
-0.003784
-0.005157
-0.010620
-0.017090
-0.023621
-0.024109
-0.017487
-0.017029
-0.023376
-0.017395
-0.008820
-0.007843
-0.007935
-0.006561
-0.005127
-0.006653
-0.008148
-0.009064
-0.008881
-0.007080
-0.005890
-0.006439
-0.007477
-0.007416
-0.005554
-0.005432
-0.004303
-0.004883
-0.004639
-0.006775
-0.007355
-0.003448
-0.002258
-0.000275
-0.000977
-0.002258
-0.001740
-0.000610
0.000793
0.000366
-0.000153
-0.001404
-0.001648
0.000397
0.001831
0.003174
0.002197
0.001251
0.000854
0.001831
0.002838
0.002777
0.003265
0.001526
-0.000061
-0.000549
0.000000
0.001129