0.000000
0.000000
0.000000
0.000000
0.000000
-0.000031
-0.000031
-0.000061
-0.000031
-0.000031
0.000000
-0.000061
0.000000
0.000061
-0.000183
0.000000
0.000092
-0.000336
0.000244
0.000000
0.000214
-0.000122
0.000885
0.000305
0.027252
0.043732
-0.016937
-0.014893
0.007111
-0.021729
0.020538
0.062164
0.046448
0.063263
0.134918
0.100372
0.011688
0.031403
0.024750
-0.039642
-0.027863
0.000275
-0.018555
-0.015839
0.000854
0.013672
0.005432
-0.007812
-0.000549
0.001068
-0.001007
0.002563
-0.004364
-0.016693
-0.022247
-0.024780
-0.025177
-0.027069
-0.025146
-0.020630
-0.020660
-0.019623
-0.018036
-0.019806
-0.019653
-0.021179
-0.021484
-0.019958
-0.019592
-0.017303
-0.015167
-0.014404
-0.012390
-0.010925
-0.011261
-0.012146
-0.011353
-0.011230
-0.010468
-0.009033
-0.008484
-0.007996
-0.008362
-0.007233
-0.007782
-0.008240
-0.007141
-0.007141
-0.007385
-0.007507
-0.008057
-0.007874
-0.008057
-0.008270
-0.008301
-0.007599
-0.006744
-0.005768
-0.005371
-0.006042
-0.006042
-0.006958
-0.006775
-0.005676
-0.005157
-0.004608
-0.003784
-0.002167
-0.002197
-0.002625
-0.003510
-0.004028
-0.003662
-0.004547
-0.003937
-0.002808
-0.001404
-0.000366
-0.000366
0.000092
-0.000793
-0.001465
-0.001434
-0.000793
-0.000122
0.000336
0.001007
0.000549
0.000153
-0.002197
0.004272
-0.006805
0.006927
0.050385
0.467651
-0.122650
-0.666595
0.051483
0.125824
0.278015
0.149139
0.231476
0.799591
0.194763
-0.436066
-0.044128
0.061493
-0.136566
0.083527
-0.127228
-0.148987
-0.105011
-0.148865
0.007721
-0.023132
-0.038361
0.013947
0.031677
-0.003021
0.038574
-0.040436
-0.052429
-0.098572
-0.122803
-0.060913
-0.074158
-0.039001
-0.038940
-0.035767
-0.028046
-0.022186
-0.034912
-0.017700
-0.013702
-0.019196
0.003632
-0.008942
-0.003601
-0.010498
-0.013885
-0.003754
-0.009766
-0.013702
-0.008423
-0.008148
-0.016785
-0.015289
-0.015869
-0.009979
-0.013397
-0.012970
-0.006073
-0.005157
-0.001648
-0.001862
0.001862
-0.001801
-0.003967
-0.005157
-0.004761
-0.003204
-0.001892
-0.000732
-0.004456
-0.004791
-0.003510
-0.001648
-0.002502
-0.003876
-0.005402
-0.005463
-0.003479
-0.003601
0.000580
-0.000366
-0.000702
0.001373
-0.001678
-0.002655
-0.002747
-0.001068
-0.003235
-0.005493
-0.004639
-0.003998
-0.002380
-0.000214
0.000031
-0.001923
-0.004242
-0.004578
-0.001007
0.000671
0.001587
0.001709
0.001221
0.002991
0.003113
0.002319
0.002350
0.001923
0.002289
0.003052
0.003906
0.005524
0.006470
0.006348
0.005707
0.006836
0.007996
0.007935
0.008575
0.007843
0.006287
0.005615
0.004944