0.000000
0.000031
-0.000061
0.000000
0.000000
0.000031
0.000000
0.000031
0.000000
0.000000
0.000031
0.000000
0.000000
0.000061
0.000000
0.000092
0.000031
0.000000
0.000092
0.000000
0.000092
-0.000031
0.000000
0.000519
-0.000092
0.000916
-0.001221
-0.000092
0.003571
0.026581
0.015778
-0.028473
-0.004639
0.017639
0.015991
0.030792
0.022491
0.027832
0.065186
0.052582
0.036316
0.041779
0.039520
0.011230
0.005615
0.066254
0.069977
0.041260
0.019836
-0.006927
-0.018097
-0.020477
-0.020996
-0.024597
-0.024048
-0.027771
-0.023560
-0.023315
-0.024628
-0.017639
-0.018616
-0.017029
-0.017548
-0.018707
-0.017090
-0.018463
-0.018921
-0.014801
-0.014069
-0.015533
-0.015015
-0.015839
-0.014771
-0.016083
-0.018005
-0.018463
-0.017914
-0.016449
-0.015747
-0.013824
-0.012634
-0.011230
-0.010895
-0.010834
-0.011414
-0.011200
-0.008545
-0.007538
-0.006653
-0.007324
-0.007294
-0.006073
-0.006805
-0.006470
-0.006134
-0.006470
-0.006866
-0.007172
-0.006775
-0.006561
-0.005585
-0.005737
-0.006287
-0.007019
-0.008057
-0.007843
-0.009033
-0.008148
-0.007172
-0.007263
-0.006348
-0.006165
-0.005005
-0.004822
-0.003113
-0.001770
-0.001678
-0.000427
-0.000275
0.000214
-0.000305
-0.000305
-0.000824
-0.001495
-0.001251
-0.001129
-0.000549
-0.000397
-0.006439
0.011353
-0.017517
0.021149
0.027954
0.590759
-0.336975
-0.882019
0.504395
0.207123
0.014893
0.239532
0.592773
0.364471
-0.546326
-0.106323
0.449005
0.237732
-0.038483
-0.142822
-0.244385
-0.053162
-0.056061
-0.096344
0.020325
-0.111908
-0.008484
-0.019379
-0.078430
-0.013062
-0.044006
-0.081940
-0.060516
-0.083740
-0.070129
-0.013031
-0.054230
-0.008606
-0.024506
-0.009979
0.000824
-0.045563
-0.033752
-0.016968
-0.029449
-0.023041
-0.011230
-0.031036
-0.017853
-0.018677
-0.011108
-0.000732
-0.014221
-0.012085
-0.008026
-0.013306
-0.011749
-0.014618
-0.007568
-0.007080
-0.016296
-0.013641
-0.007690
-0.008820
-0.000214
0.003723
0.001160
-0.004028
-0.004700
-0.001373
-0.004364
-0.002380
-0.003723
-0.006042
-0.010376
-0.005981
-0.002594
0.000580
0.000031
0.000000
-0.002228
-0.003967
-0.002258
0.000885
0.004547
-0.000397
-0.003754
-0.004883
-0.003662
0.001740
0.004333
-0.000061
-0.005585
-0.007874
-0.004089
-0.002350
-0.001892
-0.000732
-0.003235
-0.004761
-0.005066
-0.002991
0.001312
0.000732
0.001099
0.001312
0.000214
0.001801
0.002686
0.003967
0.002106
0.000183
0.000549
0.001343
0.003723
0.006378
0.004303
0.002777
0.003815
0.005432
0.006378
0.006256
0.007843
0.007141
0.006165
0.007660
0.008057
0.008606