-0.000031
-0.000061
-0.000031
-0.000061
0.000000
-0.000031
0.000000
0.000000
0.000000
0.000000
0.000000
-0.000031
0.000000
-0.000061
0.000031
0.000000
0.000000
0.000000
-0.000061
0.000122
0.000031
0.000000
-0.000031
0.000031
0.000427
-0.000061
0.000397
0.000092
-0.000061
0.004700
0.023804
0.022888
0.007965
0.002167
-0.013672
-0.004974
0.025940
0.052185
0.054138
0.053192
0.095367
0.107330
0.048462
0.021271
0.017609
0.000488
0.016022
0.022003
-0.003937
-0.019165
-0.020660
-0.017639
-0.020172
-0.020233
-0.017822
-0.014038
-0.015656
-0.019318
-0.019928
-0.022797
-0.023651
-0.024261
-0.023499
-0.022491
-0.017426
-0.014771
-0.015472
-0.015381
-0.014984
-0.016876
-0.017792
-0.018616
-0.018707
-0.017242
-0.016724
-0.014374
-0.013855
-0.013550
-0.012848
-0.012451
-0.011780
-0.012665
-0.011322
-0.010284
-0.009399
-0.008850
-0.009369
-0.008270
-0.009247
-0.008789
-0.008575
-0.007965
-0.007111
-0.007141
-0.006012
-0.006317
-0.006073
-0.006470
-0.006226
-0.005402
-0.005920
-0.005890
-0.006500
-0.006165
-0.006439
-0.007324
-0.006439
-0.006409
-0.005768
-0.005341
-0.004425
-0.004547
-0.005188
-0.004120
-0.004089
-0.003326
-0.003143
-0.003601
-0.003326
-0.002594
-0.001495
-0.000732
0.000061
0.000092
0.000458
0.001465
0.002777
0.002563
0.004150
-0.002686
0.001282
-0.005890
0.155945
0.577820
-0.645782
-0.646576
0.534821
0.119873
0.090302
0.216919
0.723328
0.380920
-0.476105
-0.162994
0.218842
0.206573
0.003418
-0.158173
-0.199707
-0.079285
-0.126770
-0.038239
-0.003937
-0.075928
0.000305
-0.037628
-0.030518
0.010559
-0.049500
-0.075836
-0.049561
-0.108582
-0.049591
-0.032013
-0.044250
-0.019287
-0.042206
-0.026794
-0.028046
-0.041595
-0.038635
-0.027130
-0.024567
-0.003845
-0.011444
-0.011200
-0.003052
-0.018280
-0.006989
0.000000
-0.010773
-0.015564
-0.016998
-0.018494
-0.015747
-0.016022
-0.008606
-0.009705
-0.017731
-0.009674
-0.004608
-0.001007
0.001251
0.000397
0.001984
-0.003143
-0.003998
-0.004822
-0.003998
-0.003601
-0.003784
-0.006012
-0.008392
-0.005157
-0.002380
-0.000305
-0.000214
-0.000305
-0.003326
-0.003571
-0.001892
0.001740
0.004456
-0.000366
-0.002167
-0.003235
-0.003693
0.000092
0.000610
-0.001740
-0.006470
-0.007782
-0.004120
-0.001740
0.000671
0.000854
-0.002350
-0.003906
-0.004822
-0.001007
0.002441
0.000214
0.000000
-0.000397
-0.000214
0.001892
0.002991
0.004852
0.004150
0.002502
0.002441
0.001923
0.005219
0.006500
0.004456
0.002869
0.002655
0.005585
0.006714
0.007721
0.008392
0.007263
0.006378
0.006744
0.006714
0.007904