0.000000
-0.000031
0.000000
0.000000
0.000000
0.000031
0.000000
0.000031
0.000031
0.000031
0.000031
0.000031
0.000000
0.000031
0.000061
0.000000
0.000092
0.000000
-0.000061
0.000244
0.000092
-0.000183
0.000214
0.000183
0.000458
-0.000397
0.000916
-0.000458
0.000122
0.000610
0.013000
0.028809
-0.001434
-0.001587
0.012329
0.008453
0.015686
0.011200
0.028198
0.067474
0.091003
0.063751
0.047424
0.052795
0.032745
0.043213
0.059265
0.027008
-0.011688
-0.021088
-0.021790
-0.025116
-0.025818
-0.024384
-0.019897
-0.020050
-0.022186
-0.018890
-0.015900
-0.018066
-0.020386
-0.022888
-0.020874
-0.020660
-0.020325
-0.018311
-0.015564
-0.013794
-0.015106
-0.015167
-0.015167
-0.016907
-0.017609
-0.017120
-0.016693
-0.016266
-0.017548
-0.016022
-0.015320
-0.013092
-0.011627
-0.010864
-0.010498
-0.011780
-0.010223
-0.010406
-0.009583
-0.009277
-0.008820
-0.007202
-0.008301
-0.007111
-0.006897
-0.006042
-0.005280
-0.005951
-0.005554
-0.006683
-0.006409
-0.006531
-0.005646
-0.006165
-0.006683
-0.006226
-0.007812
-0.006653
-0.006348
-0.006775
-0.006866
-0.007416
-0.006348
-0.005890
-0.004791
-0.004822
-0.004944
-0.003174
-0.002991
-0.001801
-0.001038
-0.000488
-0.000031
-0.000061
-0.000153
-0.000336
0.000061
0.000458
0.000885
0.000977
0.006134
-0.004669
0.003082
-0.008331
0.167725
0.583374
-0.744385
-0.576874
0.598053
0.076355
0.097473
0.243622
0.761719
0.185638
-0.569611
-0.005157
0.342957
0.186890
-0.039551
-0.144684
-0.247192
-0.040558
-0.087097
-0.070892
-0.001221
-0.079163
0.009125
-0.055878
-0.045624
-0.006165
-0.046021
-0.077820
-0.063538
-0.100952
-0.056030
-0.021423
-0.040558
-0.002045
-0.030640
-0.015686
-0.021637
-0.045319
-0.045563
-0.024017
-0.020691
-0.018311
-0.017426
-0.015869
-0.007843
-0.018921
-0.007355
0.000702
-0.011536
-0.012054
-0.013611
-0.015869
-0.015289
-0.016174
-0.004913
-0.010651
-0.017578
-0.012299
-0.007050
-0.003510
0.003479
0.002930
0.000977
-0.004822
-0.004608
-0.003296
-0.002777
-0.003815
-0.003937
-0.007324
-0.010712
-0.005310
-0.002563
0.001129
-0.000244
0.001495
-0.003601
-0.003479
-0.001221
0.002167
0.004913
-0.001587
-0.002899
-0.003998
-0.003387
0.001709
0.001984
-0.000610
-0.007385
-0.009155
-0.004120
-0.002686
0.001221
0.001526
-0.001984
-0.004761
-0.005890
-0.001038
0.001526
0.000122
0.000488
-0.000549
0.000031
0.001373
0.003845
0.005646
0.004517
0.002533
0.000854
0.001038
0.003571
0.005554
0.004089
0.003418
0.003662
0.004547
0.006195
0.007294
0.008362
0.007019
0.006378
0.008057
0.007629
0.009216