0.000031
0.000000
0.000000
0.000000
0.000031
0.000031
0.000000
-0.000092
0.000214
-0.000214
0.000458
-0.000641
0.000763
-0.000824
0.000793
-0.000824
0.000610
-0.000244
0.000458
0.001038
0.046082
0.166504
-0.111908
-0.225006
0.042999
0.031097
0.065979
0.087708
0.123077
0.259186
0.131195
-0.041656
-0.005615
-0.000671
0.001221
0.010406
-0.049225
-0.021576
-0.023987
-0.063232
-0.038239
-0.029785
-0.024048
-0.015228
-0.017120
-0.019165
0.006805
-0.012665
-0.015503
0.000885
-0.011688
-0.021545
-0.021179
-0.016846
-0.013031
-0.005737
-0.011719
-0.009247
-0.004089
0.000946
-0.003815
-0.001831
-0.001862
-0.005920
-0.006226
-0.008881
-0.011200
-0.011871
-0.009430
-0.010498
-0.012207
-0.010162
-0.007843
-0.008453
-0.009796
-0.009796
-0.010315
-0.012665
-0.011780
-0.010406
-0.008667
-0.007538
-0.006592
-0.009583
-0.010223
-0.011444
-0.012604
-0.010864
-0.008942
-0.007172
-0.006622
-0.008057
-0.007538
-0.006165
-0.007660
-0.007812
-0.008820
-0.007874
-0.006348
-0.005463
-0.005493
-0.004700
-0.003418
-0.003174
-0.003937
-0.004364
-0.003021
-0.001038
0.000214
0.000397
0.000397
0.000153
-0.001038
-0.003174
-0.005615
-0.006683
-0.006500
-0.005402
-0.003754
-0.002533
-0.000519
0.000549
0.000122
-0.001068
-0.001923
-0.002258
-0.003143
-0.004150
-0.000732
0.001190
-0.001556
0.001984
-0.002441
0.002319
-0.002655
0.002319
-0.002045
0.001434
-0.002167
0.080872
0.245758
-0.246979
-0.211639
0.104797
-0.102966
0.083191
0.172302
0.283661
0.280823
0.032166
0.129608
0.174774
-0.048279
-0.011658
-0.008728
-0.103973
0.006897
-0.073486
-0.099182
-0.046936
-0.123718
-0.082581
-0.036591
-0.046814
-0.037781
-0.010040
-0.033783
0.002899
-0.005798
-0.031586
-0.030365
-0.034180
-0.022644
-0.027954
-0.021149
-0.024994
-0.013763
-0.018372
-0.018036
-0.007904
-0.001617
-0.007202
-0.005402
-0.003937
-0.010712
-0.011841
-0.013336
-0.011841
-0.012939
-0.018127
-0.011658
-0.007935
-0.008820
-0.007751
-0.006683
-0.003387
-0.004211
-0.004089
-0.002625
0.000092
-0.001099
0.000397
-0.004669
-0.006836
-0.007721
-0.006927
-0.007233
-0.008026
-0.006531
-0.007782
-0.010498
-0.009979
-0.008270
-0.009918
-0.007538
-0.008667
-0.008636
-0.007324
-0.006744
-0.006470
-0.006439
-0.006348
-0.005219
-0.004211
-0.001862
-0.000366
-0.000153
0.000214
0.000519
0.000061
0.001221
0.004028
0.003967
0.003357
0.002594
0.002350
0.003510
0.004883
0.004425
0.002350
-0.000977
-0.002808
-0.001465
0.001404
0.000580
-0.001099
-0.001068
-0.000854
-0.000824
-0.001556
-0.001373
-0.002716
-0.001648
-0.001190
-0.011749
-0.009766