0.000000
0.000061
0.000122
0.000000
0.000000
0.000153
0.000000
0.000122
0.000122
-0.000153
0.000336
-0.000610
0.001007
-0.001495
0.001923
-0.001831
0.001801
0.007233
0.100739
0.039215
-0.160980
0.009613
-0.032288
-0.067139
0.157715
0.101105
0.083649
0.135986
0.215973
0.088074
-0.058990
0.029877
-0.020050
-0.075928
0.016052
0.006958
-0.058197
-0.024384
-0.024689
-0.008026
-0.004913
-0.026520
-0.010406
-0.017120
-0.027069
-0.010010
-0.017426
-0.025879
-0.009705
-0.022705
-0.031006
-0.019623
-0.023926
-0.019775
-0.025696
-0.035583
-0.022980
-0.017609
-0.015839
-0.009705
-0.005341
-0.007843
-0.006897
-0.007996
-0.008331
-0.011108
-0.010529
-0.008362
-0.009796
-0.007568
-0.007385
-0.010071
-0.011139
-0.009613
-0.008789
-0.008179
-0.006134
-0.005920
-0.006500
-0.004303
-0.006104
-0.007019
-0.007751
-0.009216
-0.010101
-0.008850
-0.008636
-0.008545
-0.007385
-0.006409
-0.005737
-0.006500
-0.005005
-0.004059
-0.004272
-0.004303
-0.003784
-0.004364
-0.004883
-0.004974
-0.004517
-0.004608
-0.001740
-0.000580
-0.001251
-0.000305
0.000366
-0.000488
-0.001434
-0.000977
-0.003052
-0.005310
-0.005280
-0.003326
-0.000977
0.000336
-0.001160
-0.001801
-0.000061
0.001404
0.002472
0.001373
-0.002228
-0.005585
-0.006317
-0.005127
-0.005554
-0.005157
-0.001343
0.001404
-0.001556
0.001251
-0.000488
-0.001221
0.002655
-0.003998
0.003815
0.079742
0.364624
-0.255432
-0.421448
0.122955
-0.212860
0.311066
0.459930
0.006958
0.206116
0.563324
0.171967
-0.465179
0.079559
-0.066193
-0.270050
0.201996
-0.012146
-0.262695
-0.056427
-0.021027
0.002472
0.082245
-0.084534
0.030579
0.037506
-0.057281
0.010956
-0.074860
-0.157501
-0.081055
-0.039185
-0.082916
-0.074371
-0.063629
-0.007812
0.026062
-0.022552
0.011963
0.003265
-0.015198
0.004852
-0.006409
-0.013245
-0.015839
-0.005768
-0.012299
-0.014862
-0.012451
-0.002411
-0.011139
-0.013397
-0.008545
-0.012634
-0.012543
-0.010956
-0.010437
-0.005585
-0.003540
-0.001129
0.001068
0.000763
0.000580
-0.002594
-0.002014
-0.009705
-0.011688
-0.008759
-0.007843
-0.007172
-0.005920
-0.009186
-0.009918
-0.007751
-0.003632
-0.003754
-0.004608
-0.007019
-0.003082
-0.000244
-0.006287
-0.006439
-0.004852
-0.006165
-0.003662
0.001251
-0.004181
-0.002045
0.002472
-0.001129
-0.002625
0.001251
0.002258
0.002380
0.005249
0.006287
0.002869
0.003906
0.003326
-0.000885
-0.000793
-0.001251
0.000488
0.002472
0.005219
0.003815
0.000854
0.000793
0.002350
0.003448
0.002014
-0.002625
-0.002228
-0.000092
-0.000122
0.000305
-0.012970
-0.017670
-0.008453