0.000000
0.000031
-0.000031
0.000031
0.000000
0.000122
-0.000061
-0.000061
0.000153
-0.000671
0.000916
-0.001831
0.002319
-0.003265
0.004730
0.006165
0.147491
0.086639
-0.215363
-0.144409
-0.011292
0.039124
0.110413
0.160431
0.291382
0.269470
0.046295
-0.002594
-0.005066
-0.015320
0.019592
-0.054840
-0.060699
-0.027527
-0.076752
-0.066772
-0.056488
-0.044403
-0.015350
-0.029053
-0.035767
-0.012054
-0.010040
-0.014557
-0.011536
-0.025238
-0.034027
-0.037567
-0.023621
-0.024567
-0.024536
-0.016510
-0.007416
-0.003479
-0.008911
-0.012848
-0.010071
-0.002563
0.000793
0.000641
-0.007019
-0.008514
-0.002747
-0.001007
0.001709
-0.001617
-0.007568
-0.010834
-0.012451
-0.010864
-0.012054
-0.011169
-0.011932
-0.010345
-0.010376
-0.005524
-0.001251
0.000122
-0.001770
-0.006470
-0.006897
-0.009613
-0.010864
-0.012146
-0.010162
-0.008667
-0.011017
-0.012390
-0.010986
-0.009705
-0.008026
-0.006989
-0.007385
-0.007050
-0.005646
-0.004974
-0.004669
-0.004456
-0.003357
-0.002686
-0.002563
-0.001465
-0.000336
0.000214
-0.000092
-0.000122
0.000000
0.000763
0.001831
0.003326
0.002289
-0.000427
-0.003479
-0.004272
-0.004486
-0.003632
-0.001617
-0.000580
0.000275
0.000336
-0.000305
-0.002441
-0.003693
-0.003143
-0.004211
-0.005676
-0.006256
-0.001617
0.000000
0.000031
-0.000031
0.000031
0.000000
0.000122
-0.000061
-0.000061
0.000153
-0.000671
0.000916
-0.001831
0.002319
-0.003265
0.004730
0.006165
0.147491
0.086639
-0.215363
-0.144409
-0.011292
0.039124
0.110413
0.160431
0.291382
0.269470
0.046295
-0.002594
-0.005066
-0.015320
0.019592
-0.054840
-0.060699
-0.027527
-0.076752
-0.066772
-0.056488
-0.044403
-0.015350
-0.029053
-0.035767
-0.012054
-0.010040
-0.014557
-0.011536
-0.025238
-0.034027
-0.037567
-0.023621
-0.024567
-0.024536
-0.016510
-0.007416
-0.003479
-0.008911
-0.012848
-0.010071
-0.002563
0.000793
0.000641
-0.007019
-0.008514
-0.002747
-0.001007
0.001709
-0.001617
-0.007568
-0.010834
-0.012451
-0.010864
-0.012054
-0.011169
-0.011932
-0.010345
-0.010376
-0.005524
-0.001251
0.000122
-0.001770
-0.006470
-0.006897
-0.009613
-0.010864
-0.012146
-0.010162
-0.008667
-0.011017
-0.012390
-0.010986
-0.009705
-0.008026
-0.006989
-0.007385
-0.007050
-0.005646
-0.004974
-0.004669
-0.004456
-0.003357
-0.002686
-0.002563
-0.001465
-0.000336
0.000214
-0.000092
-0.000122
0.000000
0.000763
0.001831
0.003326
0.002289
-0.000427
-0.003479
-0.004272
-0.004486
-0.003632
-0.001617
-0.000580
0.000275
0.000336
-0.000305
-0.002441
-0.003693
-0.003143
-0.004211
-0.005676
-0.006256
-0.001617