-0.000031
0.000000
-0.000031
0.000000
-0.000092
0.000061
-0.000031
0.000000
-0.000153
0.000214
-0.000214
0.000397
-0.000702
0.000916
-0.001190
0.001434
-0.001862
0.002106
-0.002380
0.003723
-0.002533
0.070984
0.135162
-0.166931
-0.153351
0.055450
0.023285
0.079041
0.067413
0.125977
0.235321
0.099854
-0.038300
0.001495
-0.003815
0.005951
0.006866
-0.042938
-0.013123
-0.034729
-0.058014
-0.033417
-0.022552
-0.016937
-0.012817
-0.018097
-0.012726
0.006592
-0.009094
-0.003632
-0.014557
-0.009888
-0.014465
-0.019318
-0.008301
-0.013855
-0.003601
-0.002991
0.002411
-0.002777
-0.009674
-0.007477
-0.007263
-0.009583
-0.009125
-0.007904
-0.009827
-0.010956
-0.013092
-0.012177
-0.009491
-0.011566
-0.011047
-0.008759
-0.008118
-0.009277
-0.010468
-0.011902
-0.012482
-0.010498
-0.010254
-0.010437
-0.009583
-0.008270
-0.009247
-0.008850
-0.011932
-0.012207
-0.010498
-0.008514
-0.007233
-0.007782
-0.007294
-0.006348
-0.005585
-0.006531
-0.006683
-0.008118
-0.008423
-0.006134
-0.005524
-0.005402
-0.004974
-0.003998
-0.003693
-0.004852
-0.004272
-0.002777
-0.000397
0.000244
0.000549
0.000458
-0.000916
-0.002533
-0.004761
-0.006409
-0.006500
-0.005585
-0.004578
-0.003601
-0.002411
-0.000610
-0.000031
-0.000580
-0.001556
-0.001434
-0.001678
-0.003235
0.000854
-0.001068
0.001007
-0.001038
0.000214
0.000061
-0.001495
0.002838
-0.005066
0.005646
0.040009
0.283295
-0.167603
-0.346497
0.162384
-0.072388
0.003815
0.209015
0.265411
0.315491
0.016479
0.048889
0.256317
0.041351
-0.068756
0.008636
-0.103302
-0.019592
-0.023529
-0.127991
-0.036530
-0.114929
-0.118744
-0.042084
-0.048096
-0.047455
-0.009399
-0.036041
-0.012634
0.013702
-0.034332
-0.030304
-0.034180
-0.018799
-0.022034
-0.026489
-0.024353
-0.015533
-0.017426
-0.027222
-0.011963
0.000366
-0.006958
-0.010620
-0.006409
-0.011383
-0.014435
-0.012939
-0.013794
-0.011688
-0.016418
-0.013367
-0.006897
-0.009766
-0.007690
-0.007629
-0.006378
-0.009064
-0.005737
0.001617
0.004852
-0.000397
-0.000702
-0.002716
-0.006378
-0.008453
-0.008331
-0.005096
-0.006134
-0.005463
-0.007416
-0.010803
-0.009369
-0.007050
-0.009735
-0.009247
-0.009155
-0.009308
-0.007324
-0.006348
-0.006561
-0.005219
-0.005707
-0.006104
-0.005432
-0.002991
-0.000427
-0.000122
0.000275
-0.000183
-0.000610
0.000183
0.003204
0.004517
0.003296
0.002655
0.001984
0.002747
0.005768
0.006134
0.005280
0.001678
-0.002563
-0.003418
-0.000366
0.001801
0.000916
0.000397
-0.000946
-0.001160
0.000183
0.000000
-0.000366
-0.002441
-0.000885
-0.007660
-0.013519
-0.005890