-0.000092
-0.000122
-0.000153
-0.000122
-0.000122
-0.000061
-0.000092
-0.000183
-0.000061
-0.000122
-0.000122
0.000000
-0.000244
0.000031
-0.000519
0.000397
-0.000824
0.000977
-0.001160
0.000885
0.004913
0.070068
0.047760
-0.105377
-0.038025
-0.030945
-0.059021
0.099213
0.108734
0.083862
0.097443
0.123322
0.098633
0.026001
0.035522
0.002014
-0.051697
-0.001160
0.028534
-0.018036
-0.020752
-0.038422
-0.043304
-0.027740
-0.036926
-0.014160
0.004303
-0.009308
-0.005402
-0.005585
-0.009033
-0.008911
-0.020691
-0.027466
-0.028198
-0.028046
-0.030579
-0.029785
-0.017914
-0.009491
-0.008789
-0.002899
-0.004242
-0.005463
-0.003510
-0.007294
-0.007874
-0.001007
-0.004608
-0.009308
-0.009827
-0.011414
-0.009338
-0.009979
-0.010162
-0.011414
-0.013275
-0.012177
-0.012634
-0.008484
-0.005646
-0.006714
-0.004883
-0.005615
-0.005920
-0.007446
-0.006104
-0.005737
-0.005005
-0.002411
-0.003387
-0.003662
-0.005005
-0.006409
-0.007812
-0.008301
-0.007385
-0.008728
-0.013855
-0.014923
-0.012177
-0.008789
-0.001404
0.001007
-0.001801
-0.002747
-0.006226
-0.009064
-0.009888
-0.009949
-0.010162
-0.008728
-0.002686
0.000336
0.001068
0.000214
-0.003418
-0.004883
-0.003967
-0.002686
-0.000946
0.001953
0.001099
-0.000671
0.000702
-0.000397
-0.001373
-0.001831
0.000488
-0.001038
0.001312
-0.002716
0.003693
-0.005463
0.006409
-0.008301
0.009644
-0.000031
0.263824
0.156799
-0.510071
-0.130859
-0.063019
-0.044830
0.493134
0.184082
0.125610
0.410339
0.536957
-0.096313
-0.260864
-0.085022
-0.410431
0.148254
0.238312
-0.111542
-0.025543
-0.066223
-0.089417
0.054810
-0.062683
-0.140656
-0.019348
-0.147125
-0.090973
0.036102
-0.064484
-0.034149
-0.019653
-0.053192
-0.026855
-0.008240
-0.039062
-0.020355
0.003204
-0.005035
-0.009277
-0.024414
-0.020569
-0.025513
-0.013489
-0.014130
0.000092
0.003479
-0.007202
-0.014709
-0.011688
-0.004852
-0.007294
-0.010162
-0.010223
-0.012024
-0.019989
-0.007324
-0.002686
-0.002167
0.006927
-0.004517
-0.008698
-0.000488
-0.007324
-0.008179
-0.009552
-0.012573
-0.009796
-0.004669
-0.007599
-0.004242
0.000519
-0.002319
-0.002869
-0.001617
-0.000763
-0.001648
-0.002838
-0.005707
-0.004211
-0.006653
-0.002289
0.002380
-0.015869
-0.021667
-0.011230
-0.009460
0.005676
0.009460
0.003876
0.012390
0.011078
0.002991
-0.002777
-0.014160
-0.027161
-0.023895
0.004028
0.014801
0.003265
0.000031
-0.005219
0.001801
0.005463
0.007568
0.018555
0.015717
0.009796
0.007233
0.005798
0.008423
0.000458
-0.005371
-0.002563
-0.004761
-0.000732
0.000183
0.002136
0.000916