0.000000
0.000000
0.000031
0.000000
0.000061
0.000000
0.000092
0.000000
0.000061
0.000061
0.000092
0.000061
0.000061
0.000031
0.000031
0.000122
-0.000031
0.000153
-0.000031
0.000092
0.000061
0.000183
-0.000031
0.000244
0.000275
0.000061
0.000214
0.008057
0.041351
-0.002533
-0.046021
-0.013489
-0.011292
0.015747
0.031372
0.026031
0.046173
0.074738
0.066681
0.028534
0.017181
0.023804
0.026703
0.020447
0.018616
-0.000275
0.002869
0.007141
-0.001740
0.009003
0.004364
-0.012665
-0.022583
-0.003571
0.012573
0.014679
0.010681
0.000885
-0.005463
-0.011536
-0.014709
-0.018585
-0.016022
-0.014252
-0.017090
-0.017426
-0.019958
-0.017029
-0.015930
-0.016968
-0.015625
-0.014984
-0.015106
-0.016205
-0.015442
-0.016632
-0.014893
-0.012726
-0.012939
-0.013763
-0.016449
-0.015259
-0.013702
-0.013214
-0.012390
-0.011047
-0.007446
-0.006989
-0.005981
-0.004364
-0.004242
-0.004059
-0.005615
-0.005829
-0.005676
-0.002411
-0.000549
-0.002655
-0.004944
-0.008789
-0.008759
-0.007660
-0.005859
-0.004883
-0.007385
-0.010010
-0.011536
-0.009827
-0.008942
-0.008698
-0.009155
-0.009827
-0.008118
-0.007233
-0.005676
-0.004883
-0.004578
-0.005035
-0.006836
-0.006073
-0.006378
-0.005524
-0.004150
-0.003387
-0.002075
-0.001892
-0.000732
-0.001740
0.000641
-0.002441
0.004089
-0.008057
0.011780
-0.017120
0.021698
0.002228
0.448059
-0.145172
-0.766846
0.250916
0.069427
-0.013977
0.250000
0.140076
0.588837
0.426910
-0.387390
-0.243866
0.243774
0.141541
0.208710
0.005280
-0.244415
-0.100525
-0.076599
-0.089935
-0.042572
-0.005798
-0.089600
-0.083801
-0.082764
-0.028961
0.018097
-0.011292
-0.057434
-0.043152
-0.006104
-0.081665
-0.058350
-0.044434
-0.033417
-0.001160
-0.000122
-0.021240
-0.024902
-0.037903
-0.029175
0.004944
0.002899
-0.001038
-0.016602
-0.023499
-0.010956
-0.012146
-0.003052
0.001038
-0.015503
-0.019714
-0.020386
-0.025635
-0.014801
0.001007
-0.005859
-0.006439
-0.008026
-0.010803
-0.000275
0.004913
-0.003021
-0.005524
-0.011841
-0.015747
-0.009491
-0.006714
-0.005981
-0.004822
-0.003387
-0.007263
-0.002563
0.002258
0.003815
0.001709
-0.002502
-0.005493
-0.003906
-0.001221
0.006927
0.013000
-0.012787
-0.017273
-0.014893
-0.013214
0.002899
-0.004364
0.006317
0.012238
0.010345
0.000214
-0.017792
-0.008606
-0.000305
0.003296
0.002472
-0.010925
-0.019501
-0.008606
-0.002716
-0.001862
0.002716
0.010498
0.015167
0.012756
0.016174
0.014313
0.006836
0.005646
0.000000
-0.002808
0.003845
0.004181
0.005646
0.002838
0.000000
0.003082
0.003845
0.001434