0.000000
0.000000
0.000061
0.000000
0.000061
0.000000
0.000031
0.000000
0.000031
0.000061
0.000000
0.000000
0.000244
-0.000061
0.000336
-0.000183
0.000397
-0.000275
0.000366
-0.000153
0.000000
0.000549
-0.000519
0.000732
0.020813
0.095398
-0.039093
-0.128296
-0.005920
-0.000641
0.050018
0.061707
0.035278
0.090668
0.153717
0.087952
-0.015808
-0.001007
-0.007935
0.002747
0.009735
-0.014252
-0.021973
-0.020569
-0.031555
-0.024506
0.006531
-0.008240
-0.004883
-0.001312
-0.006744
0.012177
0.012726
-0.001556
-0.004120
-0.001709
-0.010132
-0.008057
-0.000671
0.000916
-0.000519
-0.008392
-0.011688
-0.012512
-0.011810
-0.009460
-0.009827
-0.011749
-0.013458
-0.011871
-0.011353
-0.013977
-0.015900
-0.014008
-0.014191
-0.015076
-0.016541
-0.018097
-0.017242
-0.016144
-0.012421
-0.010437
-0.008331
-0.007385
-0.009857
-0.010315
-0.008423
-0.007324
-0.006042
-0.004150
-0.004944
-0.004578
-0.002899
-0.003296
-0.004303
-0.006775
-0.008636
-0.008026
-0.007538
-0.007843
-0.007263
-0.009125
-0.014099
-0.014648
-0.010834
-0.005737
-0.002258
-0.003876
-0.005493
-0.003143
-0.002930
-0.005981
-0.010254
-0.012146
-0.010773
-0.008881
-0.007385
-0.007477
-0.005737
-0.003082
-0.001984
-0.000916
-0.000092
0.001434
0.001740
-0.000153
-0.001312
-0.001068
0.000366
-0.000793
0.001648
-0.002930
0.004395
-0.006927
0.009735
-0.013306
0.017029
-0.006958
0.312225
0.013641
-0.598602
0.115936
0.081024
-0.153412
0.296570
0.196808
0.328125
0.340912
-0.265076
-0.019714
0.374329
0.107300
0.027466
-0.057404
-0.158600
-0.081390
-0.112579
-0.110382
-0.043854
-0.038452
-0.072601
-0.081116
-0.058838
-0.007141
0.002686
-0.004028
-0.022522
-0.015961
0.011719
-0.056152
-0.052124
-0.027008
-0.034821
-0.026001
-0.015656
-0.032776
-0.022217
-0.031555
-0.020996
0.008911
-0.004120
-0.009491
-0.015503
-0.017914
-0.009583
-0.006805
-0.007019
-0.002319
-0.015503
-0.019745
-0.016693
-0.016388
-0.010193
-0.004242
-0.011536
-0.009338
-0.003143
-0.002075
0.001709
0.003662
-0.002930
-0.007172
-0.009155
-0.013702
-0.008240
-0.005737
-0.006348
-0.006470
-0.006378
-0.008301
-0.004150
0.000824
0.002106
-0.001038
-0.003540
-0.006409
-0.004639
-0.000336
0.009827
-0.003204
-0.019348
-0.010864
-0.010620
-0.000610
0.000580
0.001343
0.006531
0.012878
-0.000305
-0.020935
-0.006439
0.005402
-0.002716
-0.004242
-0.005768
-0.014893
-0.005859
-0.001740
-0.002136
0.004059
0.007355
0.006866
0.005127
0.014893
0.013702
0.009796
0.007294
-0.001678
-0.003937
0.000153
0.003204
0.002411
0.001740
-0.004608
-0.000183
0.005615