-0.000031
0.000031
-0.000061
0.000031
0.000000
-0.000061
-0.000061
0.000183
-0.000183
0.000519
-0.000793
0.000946
-0.001373
0.001495
-0.001862
0.001709
-0.001892
0.002594
-0.000732
0.086792
0.174225
-0.184235
-0.243317
0.014130
0.025635
0.129272
0.127594
0.110565
0.253326
0.207550
0.014496
-0.022888
-0.028961
-0.038361
-0.004028
-0.023010
-0.025146
-0.047333
-0.073639
-0.064148
-0.027618
-0.010864
-0.032562
-0.027985
-0.024872
-0.007233
-0.003052
-0.003571
-0.020294
-0.013367
-0.012512
-0.029083
-0.021484
-0.024170
-0.016815
-0.008240
-0.007507
-0.003113
-0.000885
-0.007568
-0.002350
0.002960
0.003815
0.004272
0.002838
0.002258
0.000244
-0.006195
-0.009155
-0.012970
-0.012024
-0.009827
-0.014771
-0.016876
-0.014465
-0.010803
-0.009888
-0.007202
-0.006531
-0.008453
-0.008514
-0.008606
-0.010468
-0.010284
-0.010284
-0.009003
-0.007141
-0.005829
-0.005737
-0.005646
-0.005524
-0.005310
-0.004669
-0.005188
-0.005280
-0.005707
-0.001526
-0.003876
-0.017517
-0.019165
-0.012268
-0.004730
0.000732
-0.005096
-0.007111
-0.001648
0.000977
-0.003387
-0.010284
-0.009583
-0.009003
-0.009552
-0.005280
-0.008026
-0.007874
-0.002655
-0.001862
0.002075
0.002350
0.002716
0.004822
0.003845
0.004242
0.004517
0.003784
0.000824
-0.004395
-0.007141
-0.000061
0.000000
-0.000031
0.000153
-0.000122
0.000519
-0.000793
0.001221
-0.001953
0.002502
-0.003632
0.004517
-0.006104
0.007721
-0.005707
0.136871
0.139587
-0.236725
-0.141541
-0.043396
-0.039490
0.153778
0.159851
0.199982
0.278473
0.138092
0.103241
0.091095
-0.061432
-0.017670
-0.047821
-0.091278
-0.009125
-0.073608
-0.097260
-0.066040
-0.067200
-0.031677
-0.027863
-0.043945
-0.016479
-0.008362
-0.018280
0.005157
-0.011902
-0.011658
-0.029053
-0.037537
-0.027435
-0.027679
-0.021759
-0.019653
-0.013641
-0.004242
-0.002991
-0.005859
0.001434
-0.004028
-0.004028
-0.005310
-0.013306
-0.009949
-0.008972
-0.009521
-0.005280
-0.010376
-0.007507
-0.004456
-0.008240
-0.011261
-0.011475
-0.011719
-0.008850
-0.005249
-0.005402
-0.003479
-0.004028
-0.005493
-0.008728
-0.010864
-0.011688
-0.009949
-0.010529
-0.008179
-0.005127
-0.003113
-0.003357
-0.003845
-0.003143
-0.001160
-0.001068
-0.004913
-0.008148
-0.003632
0.001709
-0.012726
-0.017853
-0.011536
-0.007874
0.002411
0.003143
-0.004272
0.004333
0.007019
-0.004211
-0.007111
-0.005798
-0.007843
-0.013519
-0.010834
-0.013245
-0.011536
-0.000153
-0.001648
0.004059
0.007629
0.001068
0.002014
0.004150
0.007111
0.007904
0.005920
0.003845
0.002136
-0.002289
-0.005157
-0.006226
-0.006927