0.000061
0.000092
0.000092
0.000092
0.000122
0.000153
0.000122
0.000122
0.000153
0.000092
0.000153
0.000092
0.000092
0.000214
0.000000
0.000122
0.000000
0.000183
0.000061
0.000244
0.000061
0.000031
0.000153
-0.000092
0.000397
0.007812
0.036194
0.004822
-0.041260
-0.018097
-0.000427
0.021820
0.032135
0.025787
0.033203
0.063660
0.080048
0.046204
0.020294
0.012268
0.018463
0.030426
0.018890
0.001740
-0.002228
-0.009186
-0.007111
-0.000305
-0.004333
0.000305
0.008240
0.002258
-0.003540
-0.004181
-0.015442
-0.017120
-0.008331
-0.000275
0.002777
-0.005371
-0.010529
-0.010590
-0.012329
-0.014191
-0.013458
-0.014404
-0.016998
-0.017120
-0.015808
-0.016388
-0.015045
-0.014435
-0.015656
-0.012848
-0.012695
-0.013702
-0.012756
-0.010376
-0.006927
-0.006683
-0.009247
-0.011322
-0.011200
-0.011353
-0.010162
-0.010590
-0.010132
-0.009338
-0.010803
-0.010132
-0.010468
-0.011047
-0.012573
-0.012939
-0.011627
-0.010132
-0.008392
-0.007202
-0.006683
-0.006073
-0.005615
-0.006653
-0.007874
-0.008881
-0.009338
-0.007996
-0.005768
-0.004395
-0.004669
-0.004059
-0.002594
-0.002350
-0.003479
-0.005615
-0.006958
-0.007019
-0.005920
-0.004974
-0.002747
-0.001099
-0.001038
-0.001129
-0.001556
-0.001099
-0.001099
-0.001923
-0.003143
-0.004608
0.003387
-0.004517
0.004730
-0.005432
0.004395
-0.003876
0.002930
-0.006256
0.126373
0.386139
-0.550171
-0.319641
0.358704
-0.142334
0.194122
0.123169
0.118805
0.521698
0.420258
-0.234985
-0.315460
0.157013
0.168335
0.184479
-0.127106
-0.235626
-0.029602
-0.020081
-0.116486
-0.050049
-0.033051
-0.107422
-0.024628
-0.081848
-0.011322
0.012573
-0.044037
-0.038757
-0.015961
-0.039703
-0.046051
-0.026062
-0.040497
-0.002960
-0.011597
-0.020905
-0.010742
-0.024689
-0.027161
-0.015503
-0.006134
-0.005371
-0.005951
-0.017487
-0.015381
-0.003998
-0.020111
-0.028687
-0.023590
-0.024963
-0.028076
-0.021576
-0.020935
0.007233
0.022736
0.008240
-0.003754
-0.018677
-0.015076
-0.012054
-0.015106
-0.019257
-0.015930
-0.004120
0.003326
0.005737
0.002502
-0.000244
0.000092
-0.005096
-0.004303
-0.003876
-0.004578
-0.008331
-0.009369
-0.007416
-0.011261
-0.011749
-0.007172
0.000305
-0.000854
0.000580
0.007751
0.007446
0.003784
0.005676
0.009003
0.006561
0.000641
-0.005554
-0.007172
0.000702
0.000488
0.001892
0.002075
0.000671
0.002472
0.003113
0.005676
0.003204
0.004700
-0.000549
-0.003601
-0.004059
-0.003754
0.000061
0.002228
0.005249
0.003143
0.000000
-0.001099
0.001434
0.005035
0.005493
0.004242
0.002533
0.002808
0.001251