-0.000031
0.000000
0.000000
0.000031
0.000000
0.000000
0.000061
0.000031
0.000031
0.000061
-0.000031
0.000000
0.000000
0.000000
0.000031
0.000000
0.000061
0.000000
0.000031
0.000092
0.000031
-0.000061
-0.000031
0.000000
0.004669
0.017914
0.006287
-0.008636
-0.004669
-0.009918
0.005951
0.021118
0.020325
0.025024
0.036469
0.048767
0.049469
0.053619
0.041534
0.019806
0.020935
0.030151
0.020813
0.014496
0.012573
0.003357
-0.001862
-0.007263
-0.009247
-0.012421
-0.012268
-0.013245
-0.008331
-0.005829
-0.015167
-0.014069
-0.006927
-0.002106
-0.001953
-0.009033
-0.014526
-0.014709
-0.015228
-0.016388
-0.012970
-0.011230
-0.014587
-0.014893
-0.014191
-0.013367
-0.014740
-0.015961
-0.014435
-0.011597
-0.007568
-0.007690
-0.009674
-0.012024
-0.014099
-0.015045
-0.013519
-0.012024
-0.012268
-0.010162
-0.008667
-0.006805
-0.005768
-0.007965
-0.010132
-0.011566
-0.011871
-0.010498
-0.006927
-0.004211
-0.004120
-0.006775
-0.008789
-0.009399
-0.009796
-0.009644
-0.009918
-0.009888
-0.009491
-0.009216
-0.008331
-0.007660
-0.007660
-0.007355
-0.006500
-0.004517
-0.003693
-0.003143
-0.003082
-0.003632
-0.003967
-0.005096
-0.004517
-0.003052
-0.002136
-0.001617
-0.001099
-0.000793
-0.001312
-0.002045
-0.003662
-0.004578
-0.004822
-0.004364
0.000580
-0.001984
0.003632
-0.006592
0.009003
-0.012512
0.014679
0.013916
0.391632
-0.067810
-0.686615
0.149139
0.035065
0.133514
0.300354
-0.009033
0.257233
0.549469
0.361145
-0.298737
-0.203033
-0.129517
0.194031
0.225494
-0.194031
-0.213959
-0.104126
-0.021088
-0.107971
-0.015656
-0.062866
-0.032867
-0.055908
-0.076965
0.012878
-0.031799
-0.023102
-0.049652
-0.018066
-0.043396
-0.021667
-0.048950
-0.044250
-0.003113
-0.033051
-0.007599
-0.020264
-0.005035
-0.013855
-0.003235
0.003967
0.007935
-0.003754
-0.026154
-0.011414
-0.019440
-0.028168
-0.038910
-0.022034
-0.021698
-0.012421
-0.006104
-0.016022
0.014313
0.009888
0.001190
-0.010468
-0.026642
-0.021088
-0.019989
-0.013824
-0.013611
-0.010986
-0.006195
0.004059
0.013672
0.006165
0.001984
-0.000916
-0.008301
-0.013062
-0.009979
-0.000854
-0.000427
-0.006897
-0.011047
-0.009613
-0.007294
-0.002319
-0.000244
0.000336
0.003204
0.007233
0.007263
0.005035
0.006287
0.007721
0.005096
0.003021
-0.002625
-0.002777
-0.003174
-0.005341
0.002655
0.003906
0.004547
0.004822
0.003479
0.002869
0.001312
0.000214
0.001068
-0.001099
-0.000153
0.001160
0.001190
0.003662
0.003906
-0.000977
-0.002838
-0.000092
0.001373
0.006744
0.007355
0.004456
0.002777
-0.000183
-0.001373