0.000031
0.000031
0.000031
0.000061
0.000122
0.000122
0.000122
0.000092
0.000092
0.000061
0.000061
0.000031
0.000000
0.000122
0.000092
0.000061
0.000183
0.000061
0.000061
0.000092
0.000183
0.000031
0.000000
-0.000305
0.000031
0.001038
0.008331
0.009277
0.007019
0.012360
-0.006195
-0.018982
-0.008728
0.007874
0.032990
0.040985
0.046722
0.067108
0.075623
0.064606
0.038757
0.009125
0.007385
0.016602
0.011078
0.004913
0.006012
0.000244
-0.012360
-0.008972
-0.005859
-0.011566
-0.013947
-0.017242
-0.016083
-0.005859
0.001038
0.001556
-0.000854
-0.007599
-0.013824
-0.017548
-0.018738
-0.015320
-0.014099
-0.015503
-0.013123
-0.012177
-0.014130
-0.016144
-0.015381
-0.014618
-0.015900
-0.016083
-0.014923
-0.011078
-0.008881
-0.008636
-0.010254
-0.011658
-0.011505
-0.011566
-0.009460
-0.010132
-0.009857
-0.008881
-0.009583
-0.009247
-0.010406
-0.011719
-0.013062
-0.010956
-0.007324
-0.004303
-0.002960
-0.005707
-0.008545
-0.010223
-0.009979
-0.010468
-0.010223
-0.009308
-0.009308
-0.008514
-0.009369
-0.008423
-0.006897
-0.006561
-0.005798
-0.004700
-0.003418
-0.003021
-0.002716
-0.003601
-0.005005
-0.005402
-0.004639
-0.003723
-0.002747
-0.001801
-0.001587
-0.001068
-0.001251
-0.002197
-0.002899
-0.003693
-0.004364
-0.004913
0.000122
-0.001648
0.003662
-0.006866
0.010132
-0.014587
0.018188
0.012817
0.422607
-0.160370
-0.681702
0.255035
0.022156
0.105194
0.240814
0.013977
0.328339
0.587006
0.199280
-0.415009
-0.146240
0.052856
0.266876
0.117126
-0.236115
-0.189270
-0.031097
-0.050110
-0.117645
-0.004822
-0.094269
-0.029419
-0.058044
-0.064453
0.006897
-0.026581
-0.044312
-0.044983
-0.023468
-0.052094
-0.008057
-0.043518
-0.021851
-0.011261
-0.023987
-0.011932
-0.021393
-0.016144
-0.018616
-0.005096
-0.001007
0.008911
-0.010986
-0.019836
-0.013367
-0.017609
-0.025055
-0.033356
-0.018097
-0.027985
-0.021027
-0.016693
-0.013275
0.017700
0.010468
0.002502
-0.013000
-0.022949
-0.013519
-0.010529
-0.014038
-0.016113
-0.016266
-0.006653
0.008209
0.008850
0.002014
0.000458
-0.001038
-0.006500
-0.007690
-0.005646
-0.001617
-0.004242
-0.008362
-0.008698
-0.010529
-0.010376
-0.002197
-0.000488
-0.000275
0.002625
0.007416
0.008667
0.005157
0.009125
0.006836
0.003998
0.000885
-0.005859
-0.000519
-0.001434
-0.003387
0.001190
0.002655
0.003845
0.005615
0.005615
0.002594
0.002686
0.000488
0.000610
-0.000397
-0.003143
0.000580
0.001984
0.003387
0.005676
-0.001343
-0.005035
0.002899
0.004761
0.007050
0.007324
0.002289
0.000549
-0.000549
-0.001343