-0.000031
0.000000
0.000000
-0.000031
0.000000
0.000000
0.000000
0.000061
0.000000
0.000061
0.000000
0.000000
0.000000
0.000000
0.000000
0.000000
0.000000
0.000000
0.000000
0.000092
-0.000244
0.000671
-0.000214
-0.000092
0.000793
0.000000
-0.000092
0.000092
0.000366
0.009827
0.042511
0.012634
-0.002960
0.028168
-0.006897
0.004852
0.037506
0.036652
0.065247
0.110504
0.086304
0.034302
0.052399
0.042694
0.004425
0.011017
0.016296
-0.006500
-0.017059
-0.010834
-0.010529
-0.015015
-0.022644
-0.027679
-0.032562
-0.031677
-0.025909
-0.025024
-0.023041
-0.021484
-0.018402
-0.012970
-0.013458
-0.020111
-0.021515
-0.019073
-0.021301
-0.019562
-0.018829
-0.018707
-0.016449
-0.015594
-0.014526
-0.014496
-0.014221
-0.014923
-0.014587
-0.014618
-0.014771
-0.014252
-0.013672
-0.012665
-0.012604
-0.012299
-0.011414
-0.011017
-0.009735
-0.008423
-0.007233
-0.006714
-0.006500
-0.006042
-0.005951
-0.006348
-0.006683
-0.007050
-0.006683
-0.006561
-0.006714
-0.005890
-0.005890
-0.005646
-0.005432
-0.005707
-0.005463
-0.005859
-0.005585
-0.004395
-0.003326
-0.003143
-0.002930
-0.002289
-0.002350
-0.002289
-0.002960
-0.003326
-0.003845
-0.004486
-0.004333
-0.004211
-0.003204
-0.002960
-0.002014
-0.001862
-0.002136
-0.001190
-0.001068
-0.000580
0.011047
-0.013123
0.015350
-0.021423
0.271790
0.472809
-0.647949
-0.318176
0.401428
0.050385
0.031006
0.475403
0.649506
-0.187225
-0.160004
0.187317
0.063965
-0.042236
-0.150604
-0.185699
-0.056580
-0.027283
-0.118439
-0.001892
-0.125153
-0.088562
-0.004028
-0.068573
-0.005707
0.014435
-0.006714
-0.008972
0.009918
-0.034027
-0.016266
-0.074860
-0.089783
-0.044586
-0.080566
-0.070831
-0.032013
-0.015747
-0.013031
-0.002960
-0.026764
-0.025635
-0.021088
-0.026337
-0.014130
-0.003632
-0.009186
-0.010101
-0.001831
-0.003143
-0.000641
-0.010132
-0.015930
-0.016998
-0.018799
-0.015564
-0.008362
-0.007019
-0.007935
-0.010284
-0.007141
-0.004700
-0.002716
0.001434
0.000824
-0.002625
-0.005432
-0.004456
-0.008301
-0.003113
0.002777
-0.000885
-0.004303
-0.005219
-0.002167
-0.001801
-0.000305
0.002441
0.000183
0.000214
-0.002167
-0.002686
0.000824
0.004059
0.003387
-0.001221
-0.005524
-0.005493
-0.001953
0.000458
0.003693
0.004211
-0.001221
-0.006775
-0.005768
-0.000244
0.003387
0.001038
0.000000
-0.001587
-0.002136
-0.000061
0.002045
0.002686
-0.000275
-0.002716
-0.004242
-0.001190
0.003113
0.006073
0.006317
0.002838
0.001984
0.004700
0.005585
0.005096
0.004822
0.004059
0.002869
0.003662
0.006165
0.005768
0.004395
0.003723