0.000000
0.000061
-0.000092
0.000000
0.000183
-0.000183
0.000061
0.000031
-0.000244
0.000580
-0.001099
0.001617
-0.002319
0.002808
-0.003387
0.004486
0.008453
0.135986
0.037384
-0.137756
0.103546
-0.071930
-0.043213
0.207062
0.029419
0.105164
0.271454
0.113831
-0.113831
0.041107
0.068359
-0.147827
-0.095917
0.010315
-0.038239
-0.069672
-0.011047
-0.003662
-0.015503
-0.018250
-0.003693
0.005249
-0.007385
-0.002350
-0.008270
-0.018036
-0.007599
-0.003265
-0.004547
0.007019
-0.010834
-0.023743
-0.015198
-0.026642
-0.029755
-0.018372
-0.023163
-0.023010
-0.020966
-0.022766
-0.022217
-0.024353
-0.028656
-0.025116
-0.020325
-0.018463
-0.013519
-0.013000
-0.013947
-0.012360
-0.013062
-0.013275
-0.011841
-0.008728
-0.007324
-0.006775
-0.006531
-0.007172
-0.005188
-0.005249
-0.004761
-0.005493
-0.006470
-0.006531
-0.006653
-0.007690
-0.006439
-0.006104
-0.006470
-0.005066
-0.004944
-0.004639
-0.004425
-0.004852
-0.006042
-0.005280
-0.004608
-0.005096
-0.005035
-0.003052
-0.001312
-0.001373
-0.002869
-0.002991
-0.003937
-0.004211
-0.002960
-0.002014
-0.000275
0.000305
-0.000214
-0.001099
-0.000702
-0.000519
-0.000519
-0.000183
-0.000427
0.000580
-0.000122
-0.000946
-0.000763
-0.001373
-0.001343
-0.001251
0.000214
-0.000092
0.000488
0.001404
-0.000427
-0.000458
0.001373
-0.002747
0.004211
-0.007568
0.011230
-0.015076
0.018005
0.014496
0.371857
-0.045227
-0.367767
0.256683
-0.294495
0.175720
0.411835
-0.137939
0.472656
0.518768
-0.234528
-0.293396
0.294891
-0.137573
-0.381653
0.006958
-0.016663
-0.110779
-0.103180
0.027893
-0.000916
-0.042572
-0.043243
0.060028
0.021027
-0.035522
0.003326
-0.075836
-0.045624
0.013947
0.005249
0.013458
0.019196
-0.033478
-0.015930
-0.013184
-0.077576
-0.107849
-0.090485
-0.045990
-0.017303
-0.037628
-0.024414
-0.000305
0.008820
-0.006104
-0.014709
-0.002930
0.000824
-0.001526
-0.002350
0.001099
0.001068
0.004364
-0.002625
-0.007660
-0.006409
-0.008087
-0.009399
-0.014008
-0.014557
-0.012909
-0.013336
-0.008209
-0.009277
-0.007507
-0.005737
-0.006287
-0.009003
-0.002777
-0.001556
-0.002930
-0.001434
-0.007812
-0.006500
-0.006561
-0.006805
-0.005219
-0.001678
-0.003113
-0.005280
-0.003662
0.000305
0.003662
0.003387
-0.000732
-0.001495
-0.001343
-0.001526
-0.000519
-0.000793
0.000214
-0.000427
-0.004883
-0.004517
-0.000183
0.000946
0.001282
-0.000610
-0.001007
-0.001190
-0.001862
-0.001404
0.000488
-0.000366
-0.000946
0.001465
0.001923
0.002625
0.004822
0.005188
0.003937
0.003387
0.002930
0.002228
0.003906
0.003418
0.003174