0.000153
0.000000
-0.000275
0.000763
-0.001343
0.001953
-0.002930
0.003845
-0.005402
0.006653
-0.007904
0.009155
-0.002960
0.189087
0.124603
-0.289032
0.156158
-0.071106
-0.146606
0.383636
0.014160
0.097961
0.451355
0.143555
-0.268402
0.074890
0.140442
-0.305603
-0.156616
0.039978
-0.070770
-0.111298
-0.004791
0.010376
-0.007172
-0.016937
0.006622
0.023895
-0.022003
-0.013153
-0.028534
-0.029297
-0.000549
0.000610
-0.015503
0.007538
-0.014740
-0.021667
-0.004333
-0.045898
-0.056335
-0.039703
-0.043152
-0.033447
-0.028503
-0.033813
-0.022064
-0.005585
-0.008881
-0.011139
-0.005981
-0.007507
-0.004822
-0.006653
-0.006134
-0.005219
-0.006012
-0.008240
-0.010895
-0.011078
-0.011688
-0.011505
-0.013519
-0.012787
-0.010101
-0.010223
-0.006500
-0.005737
-0.005035
-0.005676
-0.007141
-0.008453
-0.006256
-0.004272
-0.006195
-0.004669
-0.005676
-0.003998
-0.002350
-0.003113
-0.003204
-0.002472
-0.002228
-0.005096
-0.006866
-0.004089
-0.002258
-0.000885
-0.001984
-0.002533
-0.002045
-0.003448
-0.001953
-0.001740
-0.000580
0.000427
-0.001526
-0.002533
-0.000061
0.001740
0.001282
0.000671
0.000458
0.000824
-0.000793
-0.002258
-0.000641
-0.000214
-0.001007
0.000000
0.001862
0.002014
0.002472
0.002869
0.002319
0.002716
0.002716
0.001373
0.000153
0.000000
-0.000275
0.000763
-0.001343
0.001953
-0.002930
0.003845
-0.005402
0.006653
-0.007904
0.009155
-0.002960
0.189087
0.124603
-0.289032
0.156158
-0.071106
-0.146606
0.383636
0.014160
0.097961
0.451355
0.143555
-0.268402
0.074890
0.140442
-0.305603
-0.156616
0.039978
-0.070770
-0.111298
-0.004791
0.010376
-0.007172
-0.016937
0.006622
0.023895
-0.022003
-0.013153
-0.028534
-0.029297
-0.000549
0.000610
-0.015503
0.007538
-0.014740
-0.021667
-0.004333
-0.045898
-0.056335
-0.039703
-0.043152
-0.033447
-0.028503
-0.033813
-0.022064
-0.005585
-0.008881
-0.011139
-0.005981
-0.007507
-0.004822
-0.006653
-0.006134
-0.005219
-0.006012
-0.008240
-0.010895
-0.011078
-0.011688
-0.011505
-0.013519
-0.012787
-0.010101
-0.010223
-0.006500
-0.005737
-0.005035
-0.005676
-0.007141
-0.008453
-0.006256
-0.004272
-0.006195
-0.004669
-0.005676
-0.003998
-0.002350
-0.003113
-0.003204
-0.002472
-0.002228
-0.005096
-0.006866
-0.004089
-0.002258
-0.000885
-0.001984
-0.002533
-0.002045
-0.003448
-0.001953
-0.001740
-0.000580
0.000427
-0.001526
-0.002533
-0.000061
0.001740
0.001282
0.000671
0.000458
0.000824
-0.000793
-0.002258
-0.000641
-0.000214
-0.001007
0.000000
0.001862
0.002014
0.002472
0.002869
0.002319
0.002716
0.002716
0.001373