-0.000061
0.000000
-0.000092
-0.000031
-0.000031
-0.000031
-0.000031
-0.000031
0.000000
-0.000031
0.000000
0.000000
-0.000031
0.000031
0.000000
0.000000
0.000000
-0.000092
0.000000
-0.000061
0.000092
0.000000
-0.000092
0.000214
0.000458
0.000031
0.000061
0.000488
-0.000824
-0.000031
0.005096
0.020538
0.010284
0.009369
0.036163
0.013214
0.017700
0.033386
0.013977
0.020935
0.027405
0.049927
0.121765
0.153381
0.081238
0.024109
0.025818
0.008850
-0.023438
-0.029633
-0.033478
-0.044678
-0.039398
-0.035400
-0.030426
-0.027588
-0.026917
-0.020142
-0.019226
-0.017395
-0.014832
-0.014343
-0.016815
-0.015991
-0.015015
-0.018738
-0.017792
-0.019501
-0.018066
-0.017944
-0.019287
-0.015778
-0.015900
-0.014954
-0.015442
-0.014313
-0.013428
-0.014740
-0.014557
-0.015869
-0.014862
-0.015411
-0.013824
-0.011719
-0.011261
-0.009369
-0.010223
-0.009399
-0.009247
-0.008911
-0.009308
-0.008606
-0.006256
-0.006165
-0.005768
-0.006012
-0.005066
-0.004272
-0.005157
-0.006592
-0.006683
-0.005707
-0.005585
-0.005341
-0.005310
-0.005585
-0.004669
-0.004852
-0.005493
-0.004791
-0.003967
-0.002930
-0.003265
-0.003967
-0.004456
-0.004333
-0.003601
-0.003815
-0.003601
-0.004089
-0.003998
-0.003479
-0.003540
-0.003174
-0.003632
-0.002563
-0.001190
-0.000153
0.018127
-0.023499
0.029755
-0.035828
0.405090
0.311920
-0.854523
-0.034668
0.437775
-0.030273
0.104431
0.662567
0.341125
-0.453094
0.080017
0.314789
0.045288
-0.110107
-0.107147
-0.161346
-0.040588
0.012817
-0.136414
-0.118439
-0.108093
-0.024567
-0.055939
-0.033173
0.027466
-0.008636
-0.003998
-0.028778
-0.040588
-0.075989
-0.031860
-0.052826
-0.047821
-0.041656
-0.061493
-0.036652
-0.033112
-0.018341
-0.022705
-0.008911
-0.029327
-0.029205
-0.024902
-0.023956
-0.007660
-0.001251
-0.013489
-0.012482
-0.004700
0.002045
0.000519
-0.010834
-0.019348
-0.018982
-0.018616
-0.017151
-0.006226
-0.009888
-0.008698
-0.013733
-0.006500
-0.001068
-0.001373
0.002289
0.002167
-0.003113
-0.005615
-0.006378
-0.007019
-0.001404
0.002991
-0.002228
-0.006165
-0.002411
0.000122
0.000244
0.000275
0.002014
-0.001953
-0.001648
-0.002625
-0.002380
0.001617
0.003296
0.001251
-0.001892
-0.006104
-0.003845
-0.000061
0.003967
0.005890
0.002563
-0.003662
-0.008362
-0.002838
0.002350
0.003845
-0.000458
-0.001709
-0.003845
-0.003571
0.000366
0.002197
0.002197
-0.001282
-0.003479
-0.003723
0.000092
0.004913
0.006104
0.004364
0.001617
0.001526
0.005341
0.006409
0.005859
0.003998
0.002808
0.002289
0.003662
0.005707
0.005157
0.003510
0.002777