0.000000
0.000031
0.000000
0.000000
0.000000
0.000000
0.000031
0.000000
0.000031
0.000061
0.000061
0.000031
0.000000
0.000031
0.000031
0.000000
0.000031
-0.000031
0.000031
0.000000
0.000092
0.000061
-0.000153
0.000580
0.000000
0.000244
0.000763
-0.000275
-0.000793
0.000214
0.001770
0.009613
0.045197
0.031036
-0.014465
0.021057
0.021576
0.003937
0.031189
0.035187
0.047974
0.094238
0.129272
0.092224
0.056519
0.050354
0.007355
-0.024536
-0.011200
-0.019501
-0.040802
-0.033661
-0.031769
-0.031921
-0.030670
-0.030487
-0.024689
-0.020599
-0.020020
-0.017670
-0.017059
-0.017365
-0.014221
-0.014893
-0.015991
-0.019318
-0.019714
-0.017578
-0.019958
-0.019470
-0.017273
-0.016479
-0.016357
-0.015381
-0.013580
-0.013702
-0.013824
-0.014679
-0.015228
-0.015411
-0.014709
-0.013733
-0.013580
-0.012451
-0.011871
-0.010315
-0.009277
-0.009247
-0.008911
-0.008484
-0.007721
-0.007355
-0.007263
-0.006622
-0.005829
-0.005859
-0.005310
-0.004791
-0.005890
-0.006317
-0.006256
-0.006592
-0.005798
-0.005341
-0.005341
-0.005371
-0.004822
-0.004425
-0.004395
-0.004150
-0.003723
-0.002777
-0.003174
-0.003815
-0.003571
-0.003998
-0.003571
-0.003479
-0.003815
-0.004395
-0.004242
-0.003265
-0.003418
-0.002869
-0.002655
-0.002533
-0.001923
-0.000885
0.017609
-0.022980
0.028961
-0.032745
0.412231
0.303040
-0.838440
-0.043884
0.421570
-0.020782
0.090118
0.664612
0.390442
-0.416382
0.046143
0.258453
0.053375
-0.090546
-0.137787
-0.161957
-0.030914
-0.013641
-0.114624
-0.085175
-0.137329
-0.017120
-0.051819
-0.050232
0.034546
-0.005280
-0.010254
-0.025940
-0.019958
-0.061035
-0.032837
-0.060486
-0.049286
-0.044464
-0.074890
-0.044952
-0.037476
-0.013855
-0.016449
-0.016113
-0.026062
-0.022522
-0.027161
-0.024353
-0.005005
-0.001495
-0.013184
-0.013000
-0.003265
0.002045
-0.002594
-0.010254
-0.018219
-0.020233
-0.017914
-0.014313
-0.007874
-0.009674
-0.009186
-0.012970
-0.005859
-0.002014
-0.002045
0.002563
0.002502
-0.004089
-0.005005
-0.006134
-0.006989
-0.000763
0.003021
-0.002441
-0.006042
-0.003693
-0.000702
0.000214
0.000366
0.001831
-0.000793
-0.000153
-0.002930
-0.002869
0.002075
0.003601
0.001404
-0.002014
-0.006012
-0.004333
-0.000977
0.003021
0.006348
0.003143
-0.004120
-0.007996
-0.003296
0.002197
0.003540
-0.000031
-0.001465
-0.003204
-0.002899
0.000458
0.002197
0.001495
-0.001160
-0.002747
-0.002838
-0.000153
0.004303
0.005981
0.004578
0.002167
0.002014
0.004791
0.005920
0.005615
0.004608
0.003632
0.002563
0.004120
0.006012
0.005432
0.003906
0.002960