-0.000061
-0.000061
-0.000031
-0.000031
0.000000
-0.000031
0.000000
-0.000061
-0.000061
-0.000092
-0.000061
-0.000031
-0.000061
-0.000031
-0.000061
-0.000061
-0.000061
-0.000122
0.000153
-0.000092
0.000092
-0.000427
0.001099
-0.000732
0.000519
0.005920
0.048920
0.017578
-0.022919
0.044495
-0.020142
-0.015869
0.060303
0.024902
0.055908
0.126678
0.092468
0.007507
0.042694
0.055054
-0.019989
-0.025604
-0.000885
-0.017303
-0.021667
-0.000458
0.006470
0.015717
0.017242
0.013336
0.005646
-0.009918
-0.012634
-0.020172
-0.029602
-0.025604
-0.025360
-0.029663
-0.023224
-0.020447
-0.021881
-0.024658
-0.030090
-0.025421
-0.019684
-0.022064
-0.022369
-0.016479
-0.014221
-0.014374
-0.013885
-0.015686
-0.016022
-0.016724
-0.016083
-0.014893
-0.013916
-0.013000
-0.012360
-0.012054
-0.012054
-0.011108
-0.010437
-0.009552
-0.009094
-0.008820
-0.008118
-0.006989
-0.005920
-0.006714
-0.006348
-0.006348
-0.006348
-0.005646
-0.006958
-0.006775
-0.006897
-0.006409
-0.005585
-0.006256
-0.005646
-0.005432
-0.005798
-0.005798
-0.005096
-0.004608
-0.004852
-0.003479
-0.002930
-0.003235
-0.002869
-0.003113
-0.002655
-0.003052
-0.003448
-0.003174
-0.003174
-0.002106
-0.002167
-0.002380
-0.002197
-0.002167
-0.001404
-0.001312
-0.000671
-0.000397
0.000061
0.000000
-0.008179
0.010406
-0.013611
0.016937
-0.012299
0.352234
0.291046
-0.579315
-0.150391
0.191376
0.120575
0.078552
0.340973
0.739777
-0.052979
-0.203369
0.140320
-0.029144
-0.101990
-0.085846
-0.227997
-0.086853
-0.025208
-0.164185
0.059204
-0.031158
-0.106262
-0.012787
-0.036041
-0.026886
0.033813
-0.002136
-0.031281
0.005646
-0.039093
0.000946
-0.044067
-0.102325
-0.071960
-0.044434
-0.062744
-0.052643
-0.013855
-0.018219
-0.013428
-0.027008
-0.029968
-0.022003
-0.021271
-0.019043
-0.006653
-0.004883
-0.006104
-0.000366
-0.001343
-0.000244
-0.004120
-0.009705
-0.019501
-0.020325
-0.013428
-0.008820
-0.004700
-0.003601
-0.006042
-0.008362
-0.001465
-0.002563
-0.002472
-0.002747
-0.006531
-0.005554
-0.008911
-0.007660
-0.003326
0.000702
-0.001251
-0.003510
-0.003510
-0.002563
-0.002625
-0.002899
0.000793
0.000122
-0.001129
-0.002319
-0.003632
0.001831
0.005981
0.004578
-0.000183
-0.005676
-0.006409
-0.004211
-0.001221
0.002136
0.003632
-0.000793
-0.006073
-0.005646
-0.000153
0.002686
0.001892
0.000427
-0.001160
-0.001678
-0.000305
0.002380
0.001556
-0.000427
-0.002106
-0.003632
-0.001160
0.002686
0.005280
0.006104
0.004700
0.003662
0.004944
0.005646
0.004822
0.004272
0.002502
0.001923
0.002106
0.004303
0.006866
0.006012