0.000031
-0.000092
0.000000
-0.000031
0.000000
0.000000
-0.000031
0.000000
0.000031
-0.000031
0.000122
-0.000244
0.000519
-0.000824
0.001160
-0.001526
0.001709
-0.001190
0.001770
0.003540
0.078949
0.054962
-0.084381
0.049103
-0.010406
-0.048126
0.119476
0.047394
0.058777
0.181274
0.134277
-0.041382
0.017883
0.076782
-0.064911
-0.073853
-0.003571
-0.020508
-0.053528
-0.027039
-0.006287
-0.008636
-0.014130
-0.001068
0.010986
0.001190
0.001678
0.000244
-0.007874
-0.005127
-0.005859
-0.008026
0.003571
-0.001923
-0.013580
-0.014069
-0.024811
-0.032501
-0.027557
-0.032684
-0.032440
-0.027527
-0.028137
-0.026489
-0.022430
-0.020844
-0.022125
-0.019196
-0.016296
-0.013214
-0.012848
-0.013947
-0.013184
-0.013885
-0.012421
-0.012085
-0.009430
-0.006866
-0.004913
-0.004120
-0.006744
-0.005493
-0.005676
-0.005615
-0.006378
-0.006592
-0.006866
-0.008636
-0.008423
-0.007782
-0.006500
-0.006134
-0.006165
-0.006348
-0.006500
-0.005280
-0.004547
-0.004730
-0.003326
-0.002502
-0.003387
-0.004852
-0.004333
-0.003662
-0.003571
-0.002960
-0.003235
-0.002838
-0.003052
-0.003052
-0.002258
-0.002319
-0.002106
-0.002594
-0.002136
-0.001404
-0.002106
-0.001404
-0.001282
-0.000580
0.000366
0.000580
0.000244
0.000092
0.000244
-0.000458
-0.000488
-0.000549
-0.001404
0.000427
0.000214
-0.002350
0.004578
-0.007416
0.008728
0.049927
0.421722
-0.085602
-0.359894
0.062561
-0.120636
0.308655
0.156952
0.101135
0.680359
0.235718
-0.314606
-0.014893
0.102936
-0.283661
-0.160614
-0.119537
-0.085297
-0.030365
-0.109467
0.045471
0.010223
-0.061615
0.023407
0.042175
-0.115356
-0.020752
-0.003265
-0.080872
0.009674
0.003967
0.005035
0.039368
-0.003540
-0.027008
-0.035126
-0.117523
-0.101624
-0.031494
-0.065521
-0.061859
-0.022766
-0.013367
-0.006439
-0.014038
-0.006744
0.005280
-0.002838
-0.017365
-0.003357
-0.000122
0.003113
0.002563
-0.001770
-0.003296
-0.007141
-0.007599
-0.007416
-0.003479
-0.006561
-0.010742
-0.013306
-0.010284
-0.007507
-0.005310
-0.006683
-0.007385
-0.006012
-0.007385
-0.008575
-0.003326
-0.002747
-0.000763
-0.004028
-0.007294
-0.004150
-0.004913
-0.004913
-0.004089
-0.003510
-0.005066
-0.002930
-0.000977
0.002167
0.005341
0.003601
-0.000458
-0.001953
-0.002716
-0.001251
-0.001068
0.000519
0.001495
-0.002167
-0.006714
-0.004486
0.000580
0.001770
0.002106
-0.000397
-0.001556
-0.001587
-0.002258
-0.000305
0.000854
-0.000671
-0.000458
0.000519
0.001953
0.003571
0.004791
0.003571
0.002563
0.002563
0.003174
0.004547
0.006012
0.005585
0.004852
0.004486
0.002838