0.000061
-0.000031
0.000122
0.000000
-0.000031
0.000153
-0.000031
0.000092
0.000122
-0.000153
0.000488
-0.000885
0.001465
-0.002045
0.002472
-0.002563
0.003784
0.007172
0.117920
0.039429
-0.117584
0.086548
-0.055115
-0.039368
0.175415
0.035309
0.091370
0.239594
0.119507
-0.092102
0.035248
0.070190
-0.118958
-0.086121
0.007324
-0.034912
-0.062347
-0.014954
-0.011597
-0.010834
-0.016479
-0.002380
0.007263
-0.006470
0.000519
-0.007599
-0.016541
-0.006653
-0.000275
-0.003418
0.003693
-0.011230
-0.018463
-0.012573
-0.022736
-0.024200
-0.022156
-0.026215
-0.027008
-0.022217
-0.021942
-0.024292
-0.025970
-0.030212
-0.027405
-0.022034
-0.016510
-0.014801
-0.014435
-0.012024
-0.011688
-0.011688
-0.012177
-0.013092
-0.010437
-0.006836
-0.005615
-0.006226
-0.005493
-0.003754
-0.005005
-0.005646
-0.006195
-0.006348
-0.006531
-0.006927
-0.007141
-0.006775
-0.006744
-0.006439
-0.005768
-0.006073
-0.005798
-0.004791
-0.005280
-0.005554
-0.004486
-0.003510
-0.003876
-0.004578
-0.003418
-0.002502
-0.002380
-0.002808
-0.002777
-0.003387
-0.003632
-0.003082
-0.001923
-0.000641
-0.000183
-0.001129
-0.002045
-0.001068
-0.000671
-0.000946
-0.001129
-0.000610
0.000275
-0.000183
-0.000732
-0.000122
-0.000183
-0.000977
-0.001007
-0.000610
-0.000458
0.000153
-0.002136
0.003204
-0.004883
0.006439
-0.009552
0.012024
-0.014374
0.016998
-0.010529
0.295593
0.191833
-0.457214
0.127930
-0.118195
-0.024658
0.489380
-0.098206
0.364716
0.627960
-0.119720
-0.349365
0.204315
-0.031860
-0.386810
-0.055084
-0.039429
-0.063568
-0.103027
-0.018555
0.026947
-0.035706
-0.057098
0.032349
0.047180
-0.037842
-0.035004
-0.061401
-0.020020
-0.012177
0.011566
0.024323
0.015167
-0.024292
-0.017883
-0.013580
-0.094025
-0.119202
-0.084229
-0.038666
-0.022766
-0.040802
-0.024078
0.000916
0.008057
-0.007233
-0.015503
-0.002258
-0.000427
-0.001770
-0.002228
0.001770
0.000488
0.003326
-0.000427
-0.008087
-0.006500
-0.006348
-0.006958
-0.011230
-0.014313
-0.010956
-0.014282
-0.010834
-0.008942
-0.007141
-0.004547
-0.007202
-0.009277
-0.004578
0.001373
-0.002045
-0.001343
-0.007812
-0.009399
-0.006165
-0.006592
-0.004944
-0.002014
-0.003052
-0.004486
-0.004303
-0.000519
0.003723
0.004547
0.001190
-0.001984
-0.001038
-0.001495
-0.000427
-0.000488
0.000122
-0.000305
-0.004974
-0.005676
-0.001007
0.000885
0.001801
0.000397
-0.001007
-0.001404
-0.001892
-0.002014
-0.000427
-0.000122
-0.000946
0.001221
0.002167
0.002686
0.003845
0.005005
0.003571
0.002441
0.002869
0.003143
0.004669
0.005219
0.004211
0.004547