0.000244
0.000244
0.000305
0.000275
0.000336
0.000305
0.000305
0.000305
0.000275
0.000275
0.000244
0.000305
0.000305
0.000275
0.000244
0.000366
0.000122
0.000427
0.000122
0.000641
0.000153
0.000305
0.000488
0.001099
-0.000549
0.001007
0.002136
0.034698
0.034515
-0.017487
0.029846
-0.002045
-0.025909
0.047577
0.034821
0.050507
0.099030
0.098724
0.034821
0.036377
0.063202
0.000427
-0.023254
-0.001221
-0.009583
-0.014099
0.012726
0.018036
0.010986
0.002777
-0.003052
-0.000275
-0.014648
-0.025452
-0.029816
-0.030884
-0.026093
-0.028015
-0.027832
-0.017731
-0.015137
-0.019989
-0.023071
-0.025513
-0.023010
-0.018158
-0.021118
-0.021362
-0.015289
-0.014191
-0.013885
-0.014404
-0.015350
-0.015350
-0.016205
-0.015320
-0.013702
-0.013092
-0.013184
-0.012634
-0.012054
-0.011932
-0.011261
-0.011139
-0.009674
-0.008484
-0.008698
-0.007660
-0.005951
-0.005737
-0.005554
-0.005798
-0.006073
-0.005646
-0.006195
-0.007141
-0.007477
-0.006989
-0.005981
-0.005432
-0.005249
-0.005371
-0.005371
-0.005829
-0.005371
-0.004944
-0.004791
-0.004028
-0.003632
-0.002502
-0.002625
-0.002411
-0.002197
-0.002319
-0.002594
-0.003479
-0.003326
-0.003510
-0.003235
-0.002655
-0.002563
-0.002258
-0.001770
-0.001099
-0.000824
-0.000397
-0.000153
-0.000397
-0.004303
0.007172
-0.010620
0.011505
0.043518
0.506866
-0.049896
-0.650208
0.133942
0.182068
0.070312
0.121613
0.627838
0.458771
-0.299042
0.008759
0.112823
-0.057343
-0.071167
-0.163971
-0.190704
-0.004791
-0.113525
-0.065399
0.039551
-0.132294
-0.043091
-0.033600
-0.047058
0.004425
0.034668
-0.020660
-0.001434
0.001373
-0.028076
-0.023102
-0.102753
-0.080536
-0.056458
-0.062805
-0.067444
-0.023468
-0.007629
-0.010223
-0.015289
-0.031982
-0.021790
-0.024109
-0.023926
-0.013275
-0.004608
-0.008118
-0.003082
-0.000916
-0.000458
-0.002411
-0.011597
-0.013885
-0.017792
-0.020569
-0.013031
-0.006012
-0.003143
-0.004028
-0.009460
-0.007568
-0.002747
-0.000549
0.000183
-0.004791
-0.004913
-0.005493
-0.006836
-0.007446
-0.001587
0.000885
-0.001648
-0.003662
-0.003845
-0.001007
-0.002747
-0.000549
0.000580
-0.000092
-0.001129
-0.003113
-0.001953
0.003906
0.005463
0.003357
-0.002747
-0.006622
-0.005127
-0.004242
0.000977
0.004425
0.003479
-0.003326
-0.007324
-0.004059
0.000763
0.003204
0.001465
-0.000061
-0.001923
-0.001190
0.001648
0.002441
0.001556
-0.001740
-0.003021
-0.002869
0.000122
0.004028
0.005493
0.005646
0.003662
0.004700
0.005798
0.004944
0.004639
0.004089
0.003204
0.001831
0.003204
0.005920
0.005341
0.005798