0.000000
0.000000
0.000000
0.000000
0.000000
0.000000
0.000000
0.000000
0.000000
0.000000
0.000000
0.000000
0.000031
0.000061
0.000000
0.000092
0.000000
0.000061
-0.000031
0.000061
0.000000
0.000000
0.000153
0.000275
0.000061
0.000519
0.000153
0.000153
-0.000031
0.015778
0.026642
-0.006531
-0.007019
0.016357
0.013733
0.018311
0.037201
0.053406
0.063416
0.053009
-0.011932
-0.010254
0.076080
0.087433
0.074158
0.075562
0.047119
0.011169
0.004669
-0.002289
-0.035370
-0.044495
-0.041168
-0.039795
-0.036469
-0.030029
-0.025757
-0.024628
-0.021851
-0.017548
-0.013947
-0.011658
-0.012299
-0.016052
-0.017761
-0.017303
-0.018860
-0.019470
-0.016205
-0.017670
-0.016510
-0.015106
-0.014740
-0.014557
-0.015961
-0.015991
-0.015625
-0.014465
-0.016113
-0.016602
-0.014587
-0.013885
-0.011993
-0.011536
-0.011505
-0.010468
-0.009491
-0.009613
-0.010773
-0.010071
-0.007904
-0.006317
-0.006744
-0.006378
-0.005737
-0.005402
-0.005585
-0.005798
-0.005280
-0.004974
-0.005096
-0.005096
-0.004883
-0.005035
-0.006042
-0.006683
-0.006226
-0.005676
-0.005219
-0.004974
-0.005127
-0.004944
-0.004211
-0.003998
-0.004242
-0.004608
-0.004578
-0.004578
-0.004150
-0.003784
-0.003723
-0.003479
-0.002594
-0.002075
-0.001892
-0.001312
-0.001068
0.000092
0.011963
-0.013672
0.015167
-0.023315
0.230652
0.502167
-0.694427
-0.320679
0.511566
0.011993
0.045746
0.551453
0.421387
-0.414001
-0.029755
0.429871
0.114349
-0.139221
-0.079285
-0.128967
-0.089600
0.059875
-0.150635
-0.171539
-0.066864
-0.070068
-0.020355
-0.020294
-0.001160
0.000061
-0.006836
-0.028290
-0.045135
-0.095795
-0.054901
-0.026825
-0.065094
-0.034454
-0.049194
-0.028351
-0.018585
-0.014526
-0.022278
-0.012085
-0.025970
-0.029816
-0.024170
-0.031433
-0.013611
-0.000702
-0.013000
-0.015320
-0.006134
-0.000702
0.003113
-0.008209
-0.016022
-0.021027
-0.017487
-0.018555
-0.007446
-0.009430
-0.007935
-0.012329
-0.007782
-0.002228
-0.001129
0.002289
0.001160
-0.002594
-0.005493
-0.005402
-0.007629
-0.003754
0.002350
0.000275
-0.005493
-0.001770
-0.000122
0.001801
-0.001587
0.001495
-0.001648
-0.002441
-0.003632
-0.004669
0.000366
0.002533
0.002716
-0.000427
-0.004364
-0.003662
-0.000153
0.003723
0.006226
0.002075
-0.003143
-0.007599
-0.002502
0.001923
0.004089
-0.000153
-0.002716
-0.003510
-0.003418
0.000793
0.002167
0.000916
-0.002838
-0.003723
-0.002960
-0.000854
0.004211
0.006714
0.004395
0.002472
0.001617
0.004120
0.005463
0.006165
0.004211
0.002380
0.001495
0.001801
0.004761
0.004761
0.003998
0.003204