0.000000
0.000031
0.000000
-0.000031
-0.000092
0.000122
-0.000214
0.000275
-0.000427
0.000671
-0.001099
0.001038
-0.001495
0.001648
-0.001953
0.002747
-0.000702
0.072357
0.149261
-0.070496
-0.109924
0.042358
0.018402
-0.026184
0.161163
0.329987
0.063873
-0.017273
0.118591
0.033203
-0.033905
-0.027130
-0.048370
-0.068604
-0.056580
-0.039825
-0.035950
-0.038971
-0.022705
-0.005920
-0.024445
-0.011627
-0.004822
-0.018433
-0.024902
-0.032837
-0.030853
-0.020905
-0.016296
-0.015839
-0.014160
-0.017365
-0.009735
-0.013855
-0.015076
-0.014221
-0.012421
-0.005402
-0.008209
-0.007843
-0.010864
-0.008545
-0.001831
-0.007233
-0.015594
-0.016724
-0.015656
-0.014069
-0.012299
-0.012238
-0.010803
-0.010834
-0.011993
-0.008301
-0.005554
-0.004242
-0.006500
-0.008087
-0.005920
-0.004913
-0.004333
-0.003723
-0.004974
-0.007202
-0.009674
-0.010529
-0.009125
-0.006012
-0.005371
-0.008789
-0.009430
-0.007141
-0.005249
-0.004608
-0.003876
-0.005219
-0.006104
-0.005707
-0.005585
-0.003357
-0.002136
-0.001434
-0.000610
-0.001160
-0.002686
-0.004303
-0.004272
-0.002960
-0.001770
-0.002594
-0.005280
-0.006012
-0.004608
-0.002686
-0.002136
-0.002075
-0.001953
-0.001953
-0.001862
-0.001160
-0.000763
-0.001221
-0.001038
-0.000732
-0.000580
0.000488
0.002502
0.003326
-0.000122
0.000122
-0.000366
0.000427
-0.000732
0.001099
-0.001801
0.001892
-0.002655
0.002991
-0.003754
0.004456
-0.004547
0.086731
0.167908
-0.087830
-0.079041
0.024536
-0.015686
0.006561
0.169922
0.336517
0.128113
0.031372
0.111572
0.044800
-0.022156
-0.056946
-0.067322
-0.058563
-0.082764
-0.081787
-0.031677
-0.045563
-0.042084
0.000397
-0.019531
-0.011108
-0.022644
-0.026031
-0.020691
-0.042053
-0.056976
-0.031494
-0.022430
-0.024109
-0.006622
-0.020508
-0.019257
-0.020325
-0.023773
-0.027191
-0.023804
-0.014618
-0.013214
-0.014038
-0.011749
-0.005920
-0.003052
-0.006073
-0.007996
-0.004242
-0.004639
-0.004761
-0.001312
-0.001251
-0.003204
-0.006897
-0.010773
-0.008209
-0.007751
-0.008728
-0.011017
-0.010101
-0.008453
-0.007782
-0.006195
-0.005615
-0.005798
-0.006561
-0.008057
-0.010529
-0.010345
-0.006348
-0.005035
-0.005646
-0.007690
-0.007446
-0.005707
-0.004913
-0.002075
-0.003235
-0.002991
-0.004639
-0.004150
-0.002258
-0.001068
0.000610
0.000885
0.000854
-0.001556
-0.002808
-0.003387
-0.003113
-0.002258
-0.003204
-0.004974
-0.006348
-0.005432
-0.003326
-0.002228
-0.002197
-0.002930
-0.002533
-0.002136
-0.001221
-0.000366
-0.000366
-0.000275
-0.000092
0.000427
0.001556
0.003082
0.003601
0.003052
0.002136
0.002167
0.002106