0.000000
0.000000
0.000000
0.000000
0.000031
0.000031
0.000000
0.000000
0.000000
0.000000
0.000000
0.000031
0.000000
0.000000
0.000092
0.000000
0.000092
0.000000
0.000275
-0.000214
0.000427
-0.000336
0.000732
-0.000427
0.001617
0.000122
0.030731
0.047394
-0.025055
-0.016418
0.028931
0.008911
0.001404
0.021027
0.082062
0.103088
0.039520
0.024445
0.037872
0.021118
0.019409
0.005890
-0.010529
-0.002899
-0.008942
-0.014038
0.006531
0.017761
0.020599
0.024567
0.018219
0.006744
-0.007721
-0.015472
-0.021942
-0.035522
-0.033691
-0.025116
-0.024536
-0.024963
-0.020142
-0.018158
-0.016998
-0.017548
-0.015778
-0.013672
-0.013824
-0.014160
-0.016235
-0.016022
-0.016113
-0.016998
-0.018738
-0.016266
-0.014618
-0.013702
-0.012817
-0.013733
-0.013458
-0.013580
-0.013641
-0.014984
-0.014832
-0.010986
-0.008148
-0.007874
-0.008057
-0.007599
-0.006897
-0.006927
-0.006805
-0.005859
-0.005096
-0.005463
-0.005737
-0.005341
-0.005524
-0.005707
-0.006836
-0.007751
-0.007111
-0.005829
-0.004883
-0.005371
-0.004822
-0.005493
-0.006714
-0.007080
-0.007355
-0.006592
-0.005981
-0.005463
-0.004822
-0.004608
-0.005371
-0.005066
-0.003906
-0.003204
-0.001984
-0.001404
-0.001190
-0.000336
-0.000031
-0.000183
0.000031
-0.000183
-0.000671
-0.000916
0.000427
-0.002625
0.005585
-0.009918
0.012268
0.035706
0.465851
-0.200623
-0.564728
0.327759
0.225037
-0.082397
0.277893
0.481781
-0.226318
-0.077209
0.437073
0.224243
-0.100006
-0.148590
-0.060760
-0.053223
-0.006195
-0.131592
-0.155975
-0.088684
-0.066345
-0.012939
-0.024170
0.004974
-0.002808
-0.025146
-0.018036
-0.035675
-0.090881
-0.093872
-0.031860
-0.048889
-0.040558
-0.048767
-0.029846
-0.005035
-0.008118
-0.020508
-0.010529
-0.007751
-0.026855
-0.020691
-0.022278
-0.013611
-0.002289
-0.011078
-0.020264
-0.011902
-0.011536
-0.007538
-0.009888
-0.013519
-0.016296
-0.010284
-0.013153
-0.008514
-0.006378
-0.009521
-0.009491
-0.009583
-0.003540
-0.004028
0.002502
0.002838
-0.001587
-0.006348
-0.003052
-0.003784
-0.003937
-0.000977
-0.001984
-0.007629
-0.005493
-0.001678
-0.001526
-0.002289
-0.001251
-0.002502
-0.003754
-0.003174
-0.003326
-0.000183
0.001312
0.001801
0.000946
-0.001190
-0.003967
-0.000702
0.001648
0.003754
0.002045
-0.001587
-0.005127
-0.002869
0.000641
0.001190
0.000275
-0.002594
-0.002289
-0.003510
-0.001465
0.001343
0.002228
-0.000885
-0.004486
-0.004944
-0.002625
0.002136
0.005157
0.003204
0.000946
0.000336
0.002930
0.004547
0.004211
0.003906
0.002594
0.002563
0.002930
0.005371
0.005676
0.004456