-0.000061
0.000244
-0.000671
0.000916
-0.001190
0.001343
-0.001617
0.001190
-0.000946
-0.000061
0.001007
-0.002106
0.002350
0.065918
0.254089
-0.136810
-0.065826
0.077301
-0.254517
0.255157
0.155487
0.032104
0.453644
0.173523
-0.208130
0.036530
0.151886
-0.207947
-0.214294
-0.018219
-0.025635
-0.102783
-0.056213
0.025299
-0.014313
-0.010468
-0.002197
-0.009857
-0.021667
-0.003662
-0.013489
-0.013367
-0.008179
-0.014069
-0.003357
0.002167
0.001007
-0.004547
-0.011475
-0.035492
-0.016113
0.000763
-0.012207
-0.027618
-0.034760
-0.039734
-0.030945
-0.026154
-0.027069
-0.027313
-0.020416
-0.013489
-0.010834
-0.013916
-0.011658
-0.007355
-0.014709
-0.017395
-0.017487
-0.012543
-0.006531
-0.003174
-0.006836
-0.007446
-0.004852
-0.007690
-0.008636
-0.004852
-0.008209
-0.010986
-0.009491
-0.011353
-0.010254
-0.006012
-0.006165
-0.006348
-0.006744
-0.006561
-0.004150
-0.003143
-0.002472
-0.003113
-0.003601
-0.004364
-0.002808
-0.001984
-0.000397
-0.001038
-0.001556
-0.002350
-0.004211
-0.004608
-0.004059
-0.003235
-0.001068
0.000763
-0.000732
-0.001404
0.001373
0.002350
0.001923
0.001953
-0.000244
-0.000610
0.000122
0.000122
0.000763
0.002075
-0.000153
-0.000763
0.002136
0.001984
0.002686
0.003571
0.001007
0.000275
0.001801
0.000946
-0.000061
0.000244
-0.000671
0.000916
-0.001190
0.001343
-0.001617
0.001190
-0.000946
-0.000061
0.001007
-0.002106
0.002350
0.065918
0.254089
-0.136810
-0.065826
0.077301
-0.254517
0.255157
0.155487
0.032104
0.453644
0.173523
-0.208130
0.036530
0.151886
-0.207947
-0.214294
-0.018219
-0.025635
-0.102783
-0.056213
0.025299
-0.014313
-0.010468
-0.002197
-0.009857
-0.021667
-0.003662
-0.013489
-0.013367
-0.008179
-0.014069
-0.003357
0.002167
0.001007
-0.004547
-0.011475
-0.035492
-0.016113
0.000763
-0.012207
-0.027618
-0.034760
-0.039734
-0.030945
-0.026154
-0.027069
-0.027313
-0.020416
-0.013489
-0.010834
-0.013916
-0.011658
-0.007355
-0.014709
-0.017395
-0.017487
-0.012543
-0.006531
-0.003174
-0.006836
-0.007446
-0.004852
-0.007690
-0.008636
-0.004852
-0.008209
-0.010986
-0.009491
-0.011353
-0.010254
-0.006012
-0.006165
-0.006348
-0.006744
-0.006561
-0.004150
-0.003143
-0.002472
-0.003113
-0.003601
-0.004364
-0.002808
-0.001984
-0.000397
-0.001038
-0.001556
-0.002350
-0.004211
-0.004608
-0.004059
-0.003235
-0.001068
0.000763
-0.000732
-0.001404
0.001373
0.002350
0.001923
0.001953
-0.000244
-0.000610
0.000122
0.000122
0.000763
0.002075
-0.000153
-0.000763
0.002136
0.001984
0.002686
0.003571
0.001007
0.000275
0.001801
0.000946