0.000000
0.000000
0.000000
-0.000031
-0.000061
-0.000031
-0.000061
-0.000031
0.000000
0.000000
-0.000092
0.000000
-0.000031
-0.000061
-0.000061
0.000000
0.000214
-0.000366
0.000458
-0.000763
0.000916
-0.000641
0.001068
0.008575
0.069183
0.021423
-0.036224
0.031586
-0.049011
0.005707
0.084839
0.031342
0.117188
0.129822
0.027588
0.010742
0.059143
0.015930
-0.042175
-0.025665
-0.004486
-0.012756
-0.024750
-0.008270
-0.011658
-0.015350
0.001129
0.009613
0.011261
0.021118
0.014343
-0.002747
-0.003845
-0.006226
-0.013885
-0.015991
-0.012604
-0.020081
-0.024170
-0.021729
-0.024170
-0.022766
-0.024078
-0.035065
-0.033966
-0.026947
-0.024353
-0.022186
-0.020691
-0.016235
-0.012848
-0.015778
-0.017548
-0.015869
-0.016541
-0.016998
-0.015533
-0.014709
-0.013458
-0.012390
-0.011993
-0.011017
-0.010681
-0.008759
-0.007629
-0.007294
-0.007294
-0.008057
-0.006805
-0.006653
-0.006256
-0.006500
-0.006653
-0.005829
-0.006073
-0.005280
-0.005829
-0.005981
-0.005859
-0.006287
-0.005859
-0.005707
-0.004944
-0.004608
-0.004272
-0.003906
-0.003418
-0.003357
-0.002563
-0.001923
-0.002380
-0.002899
-0.002625
-0.002380
-0.002472
-0.002014
-0.002533
-0.002625
-0.001984
-0.000763
-0.000427
-0.000549
-0.000793
-0.001526
-0.000793
-0.000671
-0.000183
0.000702
0.002960
-0.003418
0.002991
-0.002594
0.001892
-0.003906
0.100983
0.437653
-0.064514
-0.383087
-0.117706
0.129761
0.188080
0.096832
0.657959
0.296326
-0.199463
0.132416
0.006531
-0.148224
-0.072296
-0.210999
-0.211121
0.036957
-0.144165
-0.082611
0.026886
-0.081024
0.029144
-0.004944
-0.018494
0.042633
-0.002045
-0.154480
-0.024475
-0.018677
-0.035736
0.065491
-0.003998
0.017334
0.001862
-0.017822
-0.037598
-0.062378
-0.102844
-0.056915
-0.014191
-0.059967
-0.044922
-0.027740
-0.006012
-0.003632
-0.021454
-0.020935
-0.007050
-0.009155
-0.012573
-0.004730
-0.004700
-0.004517
-0.009003
-0.011902
0.000366
-0.001221
0.002502
-0.002716
-0.006744
-0.010071
-0.006989
-0.003021
-0.005249
-0.002930
-0.003387
-0.007355
-0.011169
-0.007477
-0.002411
-0.000366
-0.003754
-0.007599
-0.008240
-0.006653
-0.006317
0.000427
-0.001495
-0.002655
-0.004120
-0.006683
-0.004822
0.001068
0.005249
0.001465
-0.003723
-0.005157
-0.003265
0.000122
0.003937
0.004150
0.002167
-0.000580
0.000732
0.002625
0.005219
0.003967
0.000519
-0.002167
-0.002777
-0.001343
0.002411
0.003143
0.000916
-0.000824
-0.002747
-0.002472
0.003113
0.007751
0.005585
0.003998
0.001526
0.000000
0.000977
0.002319
0.001923
0.001984
0.000702
0.000061
0.002533
0.003479