-0.000092
-0.000031
-0.000061
0.000000
0.000000
0.000000
-0.000122
0.000031
-0.000122
0.000122
-0.000183
0.000153
-0.000275
-0.000092
0.000092
-0.000519
0.000854
-0.001099
0.002228
0.015839
0.118744
0.047943
-0.100891
-0.018860
0.021027
-0.023102
0.084564
0.253143
0.101196
-0.009094
0.097351
0.075165
0.002289
-0.021759
-0.037231
-0.052979
-0.050232
-0.034393
-0.013885
-0.027954
-0.031677
-0.011322
-0.021667
-0.008087
-0.007751
-0.022064
-0.015900
-0.018860
-0.016724
-0.010651
-0.011719
-0.016541
-0.011993
-0.017059
-0.015106
-0.009583
-0.007721
-0.004059
-0.003571
0.000244
-0.005585
-0.015381
-0.015198
-0.014893
-0.017456
-0.017822
-0.020905
-0.022400
-0.019806
-0.016785
-0.016479
-0.017029
-0.015259
-0.011932
-0.012726
-0.010437
-0.007690
-0.005524
-0.005737
-0.008423
-0.006775
-0.006256
-0.005981
-0.006378
-0.006012
-0.006195
-0.006653
-0.007782
-0.008759
-0.006927
-0.006653
-0.007263
-0.007202
-0.006897
-0.005920
-0.005493
-0.004852
-0.005249
-0.005463
-0.004944
-0.005035
-0.004456
-0.004089
-0.003052
-0.002808
-0.003448
-0.004730
-0.005859
-0.004883
-0.003479
-0.002350
-0.001953
-0.001801
-0.000641
0.000336
0.000458
0.000183
-0.000793
-0.001862
-0.002380
-0.002350
-0.001373
-0.000610
-0.000824
-0.001068
-0.001740
-0.002594
-0.001740
0.000092
-0.000061
0.000244
-0.000366
0.000763
-0.001617
0.002258
-0.003448
0.004639
-0.006378
0.008209
-0.003357
0.155273
0.130585
-0.152069
-0.017944
0.024933
-0.060730
0.052155
0.349487
0.204071
0.028320
0.159393
0.068634
0.002869
-0.036682
-0.055176
-0.061737
-0.057709
-0.105682
-0.083374
-0.006500
-0.039459
-0.040344
-0.025146
-0.014557
-0.012451
-0.020325
-0.019257
-0.034668
-0.033478
-0.022369
-0.011963
-0.027649
-0.030640
-0.030304
-0.029449
-0.030060
-0.032318
-0.023224
-0.017487
-0.014557
-0.018982
-0.019836
-0.027649
-0.022583
-0.008087
-0.005341
-0.011597
-0.010071
-0.008026
-0.004211
-0.001953
-0.002533
-0.001678
-0.004150
-0.006927
-0.007233
-0.004089
-0.004242
-0.005310
-0.007812
-0.008942
-0.009155
-0.007568
-0.006348
-0.004852
-0.006653
-0.005859
-0.006683
-0.008575
-0.007904
-0.005768
-0.006134
-0.007965
-0.006866
-0.008087
-0.007111
-0.005615
-0.004517
-0.005371
-0.006775
-0.005981
-0.004089
-0.003082
-0.002869
-0.001984
-0.001770
-0.002991
-0.002319
-0.001282
0.000458
0.002136
0.002655
0.002960
0.002472
0.002350
0.002045
0.002716
0.001129
-0.000763
-0.001587
-0.001678
-0.000397
-0.000763
-0.001556
-0.001953
-0.003021
-0.003662
-0.002502
-0.000671
0.000000
0.000824
0.001038
0.000305
0.000671
0.001312
0.002258