-0.000061
-0.000092
-0.000092
-0.000031
-0.000122
-0.000092
-0.000092
-0.000153
-0.000031
-0.000122
-0.000092
-0.000122
-0.000092
-0.000031
-0.000153
0.000000
-0.000214
0.000183
-0.000397
0.000275
-0.000519
0.000641
-0.000366
0.000885
0.000671
0.030731
0.065063
-0.011566
-0.031281
0.018799
0.000610
-0.014435
0.061066
0.138397
0.075378
0.027893
0.057373
0.040985
0.008911
0.003357
-0.011597
-0.020264
-0.005371
-0.004761
-0.011139
-0.010712
-0.011353
-0.006653
-0.005768
-0.002014
0.009308
0.009460
0.000702
-0.001221
-0.004913
-0.010590
-0.015015
-0.020111
-0.022949
-0.024109
-0.023987
-0.022064
-0.020996
-0.021423
-0.020050
-0.018921
-0.016510
-0.014862
-0.014679
-0.014282
-0.013092
-0.011932
-0.013702
-0.018982
-0.019470
-0.016754
-0.014313
-0.010681
-0.012360
-0.013245
-0.011139
-0.010223
-0.011749
-0.012573
-0.011932
-0.009308
-0.008881
-0.009308
-0.008179
-0.007782
-0.005707
-0.006531
-0.007416
-0.007202
-0.007477
-0.006104
-0.005768
-0.005615
-0.005646
-0.005554
-0.005127
-0.004395
-0.003357
-0.003693
-0.003571
-0.005035
-0.006561
-0.005402
-0.004303
-0.003082
-0.002899
-0.003510
-0.004120
-0.004333
-0.003632
-0.004395
-0.004181
-0.003235
-0.002258
-0.002441
-0.003387
-0.002716
-0.002838
-0.002289
-0.001495
-0.001129
0.000000
0.001038
-0.003387
0.003784
-0.004395
0.004547
-0.005127
0.005157
-0.008331
0.111908
0.354919
-0.253448
-0.323608
0.275360
0.162781
-0.111328
0.276947
0.285858
-0.134644
0.272552
0.299774
-0.019745
-0.131226
-0.053070
-0.020874
-0.125305
-0.102142
-0.074097
-0.059937
-0.073151
-0.025238
-0.028564
-0.037811
-0.009094
-0.057556
-0.016296
-0.020569
-0.019928
-0.010345
-0.013641
-0.026703
-0.042206
-0.031006
-0.065918
-0.051270
-0.041870
-0.025391
-0.026245
-0.028534
-0.030457
-0.022980
-0.012878
-0.021790
-0.007507
-0.004181
-0.013000
-0.010681
-0.003601
-0.000702
-0.003479
-0.005920
-0.009705
-0.012329
-0.009460
-0.012177
-0.007080
-0.010529
-0.010193
-0.011841
-0.010651
-0.008698
-0.005737
-0.000916
-0.000519
-0.001007
-0.002136
-0.000946
-0.001678
-0.002502
-0.002563
-0.006042
-0.009644
-0.006714
-0.005554
-0.003876
-0.003784
-0.002106
-0.005951
-0.006897
-0.005157
-0.002838
-0.000977
-0.001038
-0.001740
-0.003265
-0.002380
-0.001129
0.000610
0.000977
0.001099
-0.000916
-0.001556
0.000397
0.002747
0.003357
0.004517
0.002808
0.000977
0.000397
-0.000458
0.001556
0.003845
0.002502
0.000244
-0.001129
-0.002350
-0.000885
0.001892
0.001190
-0.000214
0.000458
0.001160
0.002808
0.002258
0.000427
-0.001953
-0.003021
-0.002167
-0.000031
0.001465