-0.000031
0.000000
-0.000031
-0.000031
-0.000061
0.000000
0.000000
-0.000061
0.000000
0.000000
-0.000153
0.000214
-0.000366
0.000366
-0.000397
0.000397
-0.000214
-0.000244
0.000641
-0.000183
0.000092
0.026062
0.098511
-0.021027
-0.028046
0.033600
-0.084625
0.057831
0.092102
0.044983
0.166260
0.127258
-0.006744
0.009338
0.069000
-0.020447
-0.073578
-0.026398
-0.006470
-0.030212
-0.026031
-0.006378
-0.011505
-0.009430
-0.009125
0.000244
-0.009247
-0.004089
0.011475
0.005402
0.006409
0.008484
0.002930
-0.002380
-0.003296
-0.007050
-0.013733
-0.022278
-0.024078
-0.018982
-0.022247
-0.034698
-0.038055
-0.030792
-0.026672
-0.025787
-0.023102
-0.021301
-0.016388
-0.018036
-0.021484
-0.021118
-0.018677
-0.016907
-0.015839
-0.014923
-0.013733
-0.011505
-0.010834
-0.009674
-0.010498
-0.011230
-0.008545
-0.006317
-0.005829
-0.005310
-0.004150
-0.004761
-0.005920
-0.006622
-0.007629
-0.007050
-0.007446
-0.006195
-0.006042
-0.006378
-0.005615
-0.005310
-0.004395
-0.004211
-0.004547
-0.005371
-0.005432
-0.004547
-0.004120
-0.003601
-0.002441
-0.001923
-0.001923
-0.002380
-0.002228
-0.002350
-0.002380
-0.001984
-0.001740
-0.001648
-0.001740
-0.001343
-0.001221
-0.000793
-0.001038
-0.001007
-0.000031
-0.000244
-0.000214
0.000305
-0.000427
-0.000854
-0.002686
0.002045
-0.002106
0.000916
0.000427
-0.002319
0.002380
0.068481
0.413452
-0.028656
-0.308136
-0.130127
0.009308
0.269073
0.037811
0.479584
0.536804
-0.122498
-0.052277
0.093414
-0.128845
-0.166626
-0.157898
-0.228760
0.010895
-0.067078
-0.114990
0.054626
-0.045502
-0.001617
0.002106
-0.041931
-0.031097
0.012604
-0.035522
-0.050995
-0.045074
-0.009796
0.044006
-0.006866
0.017700
0.013336
-0.018494
-0.034698
-0.026245
-0.038544
-0.090302
-0.075775
-0.041290
-0.035217
-0.041473
-0.033325
-0.010193
0.001587
-0.013611
-0.028107
-0.007935
-0.004822
-0.005768
-0.001312
-0.010284
-0.003662
-0.004150
-0.002838
0.004700
0.005219
0.000153
-0.005219
-0.012634
-0.012268
-0.003906
-0.003876
-0.005737
-0.005219
-0.009918
-0.012207
-0.009003
-0.005951
-0.003448
-0.002075
-0.004669
-0.006378
-0.004364
-0.006042
-0.003265
-0.001831
-0.004211
-0.006653
-0.007751
-0.005188
-0.000122
0.003265
0.000824
-0.003906
-0.005249
-0.002350
0.000580
0.003174
0.005066
0.004028
0.000671
-0.000061
0.001740
0.004303
0.004242
0.001190
-0.001312
-0.002197
-0.000824
0.001495
0.002350
0.001556
-0.000946
-0.002655
-0.002716
0.000763
0.006683
0.006775
0.003693
0.001099
0.000244
0.000000
0.001770
0.001892
0.000946
0.001312
0.001190
0.003540