0.000122
0.000000
0.000092
0.000122
0.000000
0.000092
0.000183
-0.000153
0.000488
-0.000519
0.000763
-0.000885
0.001099
-0.001221
0.001312
-0.000946
0.001617
-0.000580
0.060638
0.129333
-0.075439
-0.010925
0.018097
-0.112335
0.123016
0.098480
0.082062
0.236603
0.120331
-0.045593
0.012878
0.065247
-0.074341
-0.115234
-0.026581
-0.008911
-0.055420
-0.031921
0.006561
-0.017090
-0.018555
-0.001709
-0.006226
-0.015045
-0.009155
-0.009705
-0.000488
0.000488
-0.001526
-0.005188
0.002869
-0.001648
-0.008667
0.009583
0.001801
-0.020325
-0.014801
-0.008392
-0.022827
-0.032898
-0.038513
-0.029449
-0.023132
-0.026367
-0.023407
-0.017975
-0.021149
-0.026276
-0.027161
-0.023010
-0.018524
-0.019653
-0.018433
-0.013672
-0.011292
-0.009491
-0.007996
-0.008759
-0.008148
-0.008392
-0.008606
-0.007263
-0.004639
-0.003906
-0.003937
-0.005096
-0.006714
-0.007538
-0.006317
-0.004944
-0.005524
-0.006866
-0.006805
-0.005768
-0.004547
-0.003967
-0.003632
-0.003357
-0.004883
-0.005066
-0.003998
-0.002777
-0.002502
-0.002808
-0.003143
-0.004120
-0.003845
-0.002808
-0.002350
-0.001007
-0.000671
-0.000671
-0.001465
0.000000
0.000671
0.000275
0.000214
-0.001282
-0.000366
-0.000153
0.000244
0.000549
0.000885
0.000549
-0.000305
0.000885
0.000153
0.001038
-0.001709
0.001709
-0.001770
0.000885
-0.000458
-0.001617
0.004211
-0.007324
0.008850
0.060211
0.395844
-0.118622
-0.221436
0.026520
-0.221741
0.345459
0.118286
0.188721
0.659180
0.057037
-0.285797
0.076294
0.046234
-0.267120
-0.179230
-0.104156
-0.010406
-0.057068
-0.109161
0.031952
-0.030426
-0.023468
-0.005554
-0.028015
-0.032471
-0.017822
-0.019257
0.007751
0.033905
-0.014587
-0.037720
0.001953
-0.000580
-0.014191
0.006378
-0.040894
-0.039185
0.001038
-0.009155
-0.036743
-0.067169
-0.095581
-0.055084
-0.015717
-0.024597
-0.025452
-0.012146
-0.008148
-0.003204
-0.008636
-0.007507
0.008270
-0.000488
-0.009003
-0.008392
-0.003784
0.001892
0.007812
-0.004150
-0.008209
-0.008820
-0.011597
-0.008820
-0.005981
-0.007874
-0.009979
-0.010254
-0.013763
-0.009033
-0.003510
-0.003571
-0.005615
-0.007690
-0.007538
-0.004944
-0.005066
-0.001709
-0.000763
-0.003448
-0.007690
-0.008972
-0.006042
-0.001038
0.000397
-0.000977
-0.003357
-0.003113
-0.001343
0.000214
0.001007
0.002808
0.003235
0.000946
0.000366
0.002411
0.004303
0.002441
0.002045
-0.000275
-0.000824
0.000244
0.000092
0.001068
0.001251
-0.002350
-0.003815
-0.001099
0.000732
0.004456
0.006256
0.002014
0.000763
0.001404
0.000244
0.001526
0.002869
0.001617
0.001495