0.000031
-0.000031
-0.000031
-0.000061
-0.000061
-0.000061
0.000000
0.000000
-0.000031
-0.000092
0.000031
-0.000122
0.000092
-0.000275
0.000275
-0.000336
0.000153
-0.000244
0.000061
0.000000
0.000366
0.000824
0.022675
0.093292
0.015259
-0.066681
0.003510
0.011902
-0.021454
0.072296
0.191040
0.085663
0.014832
0.076630
0.059021
0.005676
-0.014862
-0.028107
-0.037170
-0.026978
-0.017914
-0.019226
-0.022034
-0.017731
-0.006134
-0.007751
-0.007690
-0.008240
-0.013947
-0.014709
-0.014923
-0.012909
-0.006927
0.001617
0.002197
0.001312
-0.001953
-0.006500
-0.010834
-0.016357
-0.021210
-0.021332
-0.019775
-0.019836
-0.018921
-0.018311
-0.016388
-0.018127
-0.018738
-0.017487
-0.019958
-0.017548
-0.014435
-0.012238
-0.011322
-0.012787
-0.014343
-0.015717
-0.013336
-0.009277
-0.007416
-0.007721
-0.006409
-0.006439
-0.006317
-0.007751
-0.008575
-0.007019
-0.007660
-0.008392
-0.009735
-0.008911
-0.006775
-0.004852
-0.005402
-0.006134
-0.005981
-0.005920
-0.004150
-0.002899
-0.003479
-0.005341
-0.005249
-0.004974
-0.005005
-0.004700
-0.004456
-0.003967
-0.003967
-0.005371
-0.005707
-0.004761
-0.003540
-0.001740
-0.001282
-0.002808
-0.003998
-0.003448
-0.002258
-0.001312
-0.001190
-0.001312
-0.000275
0.000214
0.000397
0.000366
-0.000275
-0.000793
-0.001007
0.001221
-0.001770
0.001495
-0.001587
0.000916
-0.000641
-0.000244
-0.000732
0.066284
0.279114
-0.123962
-0.227203
0.200897
0.032135
-0.134338
0.252380
0.354492
-0.038696
0.203827
0.236633
-0.047302
-0.054504
-0.037903
-0.045471
-0.106812
-0.063782
-0.087555
-0.095581
-0.018707
-0.028046
-0.049896
-0.022827
-0.003662
-0.033875
-0.017700
-0.022064
-0.027740
-0.022369
-0.034546
-0.027710
-0.025879
-0.025787
-0.046478
-0.039185
-0.033691
-0.030853
-0.030701
-0.022705
-0.025757
-0.026886
-0.012695
-0.018005
-0.013031
-0.006378
-0.009705
-0.005707
-0.002869
-0.010315
-0.007629
-0.003632
-0.006073
-0.008972
-0.009003
-0.010223
-0.005554
-0.006409
-0.003967
-0.004181
-0.006256
-0.007538
-0.007629
-0.003326
-0.003815
-0.004761
-0.005402
-0.003876
-0.004333
-0.004456
-0.004761
-0.005890
-0.008698
-0.008148
-0.008301
-0.007904
-0.006683
-0.003540
-0.003906
-0.005524
-0.005127
-0.005615
-0.004608
-0.003326
-0.001312
-0.000702
-0.001343
-0.001282
-0.000977
-0.000305
0.001343
0.000641
-0.000031
0.000183
0.002106
0.003052
0.004303
0.004944
0.003235
0.002106
-0.000366
-0.002380
-0.001892
-0.001801
-0.001221
-0.000793
-0.001099
-0.000671
0.001007
0.001068
-0.000153
0.000000
-0.001007
-0.000580
0.000122
0.000702
0.000519
-0.000275
-0.000122