-0.000031
-0.000061
-0.000031
0.000031
0.000000
-0.000031
0.000000
0.000092
-0.000214
0.000366
-0.000549
0.000641
-0.000763
0.000702
-0.000732
0.000610
-0.000458
0.001190
-0.000946
0.049622
0.119110
-0.060028
-0.014526
0.023834
-0.106049
0.104767
0.095459
0.067657
0.214203
0.122253
-0.034790
0.011200
0.068695
-0.058105
-0.099762
-0.024445
-0.008606
-0.048035
-0.030548
0.001678
-0.019287
-0.008392
-0.003479
-0.012909
-0.008179
-0.007721
-0.001831
0.001434
-0.005615
-0.002014
0.001556
0.007660
-0.000519
0.000824
0.007233
-0.012939
-0.021362
-0.009888
-0.015137
-0.031982
-0.036652
-0.037292
-0.028015
-0.024261
-0.024902
-0.020874
-0.017548
-0.021423
-0.025482
-0.027069
-0.023651
-0.018677
-0.017822
-0.015778
-0.013397
-0.010406
-0.009094
-0.008881
-0.009674
-0.010681
-0.008118
-0.007996
-0.006531
-0.003784
-0.004059
-0.004059
-0.005066
-0.005951
-0.007538
-0.006073
-0.005890
-0.006134
-0.007263
-0.007385
-0.005249
-0.005524
-0.003998
-0.003632
-0.004059
-0.004333
-0.005463
-0.004608
-0.002991
-0.002838
-0.002533
-0.003326
-0.003845
-0.003113
-0.002441
-0.002716
-0.001526
-0.000061
-0.000732
-0.000854
-0.000580
-0.000732
-0.000793
-0.000610
-0.001038
-0.001373
-0.000183
0.000275
0.001007
0.001007
-0.000427
-0.000488
0.000000
-0.000061
-0.000519
0.001617
-0.003113
0.004730
-0.007477
0.010986
-0.014557
0.018494
-0.000275
0.344879
0.130737
-0.329773
-0.016296
-0.176819
0.207001
0.211670
0.107208
0.648468
0.222076
-0.249817
0.006683
0.065186
-0.220978
-0.193512
-0.149567
-0.054840
-0.005463
-0.129303
0.024872
-0.011810
-0.051392
0.016113
-0.027863
-0.048645
-0.017303
-0.019440
-0.002777
0.034485
-0.040222
-0.023926
0.020203
-0.007019
0.001099
0.012268
-0.041321
-0.045105
-0.007690
-0.011658
-0.047119
-0.088440
-0.077576
-0.028687
-0.034119
-0.033295
-0.012390
-0.007294
-0.011688
-0.015198
-0.009521
-0.002777
0.003967
-0.004395
-0.002197
-0.007507
-0.003448
0.004974
0.005371
0.003387
-0.008270
-0.010193
-0.012115
-0.009064
-0.003662
-0.006073
-0.008209
-0.011169
-0.011047
-0.010773
-0.005859
-0.004120
-0.004669
-0.004883
-0.007446
-0.003571
-0.003632
-0.002563
-0.001251
-0.003906
-0.007507
-0.009216
-0.006989
-0.001434
0.000092
0.000397
-0.001434
-0.003235
-0.002441
-0.000610
0.002563
0.003326
0.003845
0.001862
0.000549
0.002167
0.003448
0.003662
0.002289
0.000549
-0.001068
-0.000214
0.000732
0.001221
0.002228
-0.001251
-0.003571
-0.002258
0.000366
0.004028
0.006805
0.004089
0.000977
0.001160
0.000092
0.001190
0.002777
0.001648
0.001343
0.002411