-0.000153
-0.000122
0.000183
-0.000641
0.000763
-0.001038
0.001068
-0.001465
0.001190
-0.001190
0.000214
0.000397
-0.001160
0.001343
0.066071
0.220886
-0.120605
-0.043976
0.057861
-0.221832
0.226654
0.128571
0.048035
0.409119
0.152374
-0.157166
0.042450
0.118835
-0.184662
-0.177277
-0.023743
-0.035400
-0.084839
-0.046539
0.015625
-0.015167
-0.007935
-0.007904
-0.013000
-0.012543
-0.004730
-0.019501
-0.015930
-0.006042
-0.008545
-0.000458
0.004608
-0.002106
-0.004395
-0.004883
-0.031067
-0.015991
-0.003265
-0.024261
-0.023621
-0.020081
-0.033783
-0.027008
-0.023071
-0.020569
-0.022278
-0.026917
-0.026520
-0.014893
-0.013824
-0.017242
-0.011841
-0.016022
-0.015228
-0.015839
-0.013733
-0.007050
-0.004913
-0.008118
-0.009186
-0.005707
-0.007080
-0.007935
-0.006012
-0.008331
-0.008087
-0.008606
-0.009247
-0.010223
-0.006989
-0.005493
-0.006622
-0.006042
-0.006195
-0.003967
-0.003235
-0.002594
-0.002686
-0.002899
-0.004242
-0.004486
-0.001953
-0.000580
-0.001740
-0.002014
-0.003113
-0.003601
-0.004150
-0.003082
-0.003143
-0.002991
-0.001160
-0.001068
-0.000977
0.000488
0.001892
0.002350
0.002258
0.000153
-0.000824
0.000244
0.000458
0.000549
0.001678
0.000000
0.000000
0.001923
0.001526
0.002258
0.003510
0.001160
0.000031
0.001465
0.000275
-0.000641
0.000641
-0.000671
0.000305
-0.000031
-0.001099
0.001892
-0.003906
0.006042
-0.008728
0.010254
0.026825
0.285706
-0.052490
-0.177460
0.142456
-0.282043
0.185272
0.257111
-0.027344
0.459778
0.277710
-0.222137
-0.041992
0.197845
-0.164886
-0.258728
-0.051758
-0.015381
-0.083557
-0.094421
0.019226
-0.002411
-0.017303
-0.004425
-0.002014
-0.026215
-0.014862
-0.002594
-0.010803
-0.000275
-0.019440
-0.006409
0.001770
0.001068
-0.013947
-0.014984
-0.023254
-0.025635
-0.002686
0.001312
-0.021271
-0.039795
-0.054626
-0.038574
-0.030792
-0.038574
-0.034882
-0.009186
-0.004456
-0.011414
-0.007660
-0.008881
-0.003052
-0.011047
-0.018005
-0.016052
-0.012207
-0.009247
-0.001831
-0.002533
-0.006378
-0.005066
-0.008423
-0.009644
-0.004791
-0.008301
-0.010742
-0.010040
-0.011719
-0.012146
-0.006500
-0.004852
-0.006744
-0.006622
-0.007812
-0.005035
-0.003265
-0.002899
-0.003082
-0.002594
-0.004211
-0.004517
-0.002502
0.000458
-0.000336
-0.000488
-0.002655
-0.005249
-0.005157
-0.003174
-0.001587
-0.000977
0.001160
0.000183
-0.000549
0.001099
0.002563
0.002563
0.001892
-0.000031
-0.001251
0.000183
0.000549
0.000336
0.001892
-0.000427
-0.001526
0.001129
0.001892
0.002686
0.005035
0.002167
-0.000580
0.001740
0.001007
0.000824