0.000031
0.000031
0.000031
0.000031
-0.000031
0.000031
0.000031
0.000000
0.000031
0.000061
0.000031
0.000000
0.000031
0.000000
0.000000
0.000061
0.000000
-0.000092
0.000153
-0.000061
0.000061
0.000122
-0.000153
0.000824
-0.000458
0.000275
0.000031
-0.000244
0.001312
0.000732
0.002625
0.024872
0.033691
0.010834
0.027618
-0.009552
-0.029602
0.038452
0.051605
0.075562
0.086182
0.067627
0.090363
0.099335
0.058655
0.016571
-0.003845
-0.009460
-0.017578
-0.041229
-0.033783
-0.020966
-0.029327
-0.023102
-0.015381
-0.016266
-0.016968
-0.022888
-0.029144
-0.026978
-0.020752
-0.018494
-0.020172
-0.018158
-0.014984
-0.012573
-0.015015
-0.020844
-0.021332
-0.019867
-0.019714
-0.020142
-0.017853
-0.015503
-0.014191
-0.014008
-0.014465
-0.013275
-0.013641
-0.014008
-0.014038
-0.014252
-0.013550
-0.013855
-0.013794
-0.012421
-0.011200
-0.011322
-0.010742
-0.008911
-0.008179
-0.007385
-0.007080
-0.007141
-0.006805
-0.007019
-0.007050
-0.007965
-0.007568
-0.006317
-0.005798
-0.005493
-0.006104
-0.005493
-0.004669
-0.004974
-0.005402
-0.005615
-0.004150
-0.003510
-0.003082
-0.002563
-0.002930
-0.002533
-0.002808
-0.002197
-0.001312
-0.001770
-0.002014
-0.002625
-0.002380
-0.002319
-0.001862
-0.001801
-0.001984
-0.001740
-0.001740
-0.001495
-0.005524
0.008881
-0.013763
0.017487
0.015869
0.503052
0.080933
-0.692780
-0.037506
0.342529
0.025452
0.272003
0.677551
-0.140442
-0.087738
0.276459
0.020752
-0.017609
-0.119293
-0.148773
-0.111359
-0.023895
-0.157593
-0.074219
-0.056732
-0.094757
0.035431
0.003021
-0.075226
-0.082336
-0.001251
-0.060791
-0.010223
0.016937
0.019775
0.047821
0.001984
0.026123
-0.081757
-0.149323
-0.084747
-0.023926
-0.065063
-0.052673
-0.021240
-0.017883
0.000946
-0.029816
-0.011230
0.009918
-0.013275
-0.027100
-0.019318
-0.017548
-0.001190
0.003479
-0.004395
-0.005219
-0.015198
-0.017120
-0.008575
-0.008057
-0.008789
-0.009949
-0.015503
-0.013428
-0.005310
0.001129
-0.000031
0.000641
-0.005157
-0.010101
-0.009064
-0.004761
0.002380
0.002716
-0.004517
-0.007324
-0.003967
-0.001526
0.002289
0.006226
0.001190
-0.003998
-0.006592
-0.006317
-0.001770
0.001770
0.004242
-0.000397
-0.004883
-0.005676
-0.002319
0.001587
0.005005
0.003113
-0.001923
-0.001953
-0.000153
0.004211
0.006958
0.005127
-0.000183
-0.002716
-0.003143
-0.000732
0.005463
0.004425
0.000305
-0.000549
-0.003143
-0.002289
0.003937
0.006439
0.003723
0.002411
-0.000519
-0.000275
0.003967
0.004913
0.003845
0.001770
-0.001099
-0.001221
0.003052
0.003906
0.003693
0.003754