0.000000
-0.000031
-0.000183
0.000000
-0.000122
0.000061
-0.000122
0.000000
-0.000092
-0.000549
0.000549
-0.001251
0.001617
-0.002533
0.003326
0.011200
0.140778
0.095337
-0.127411
-0.057434
0.030548
-0.028809
0.090576
0.330139
0.146240
-0.025635
0.110535
0.097351
-0.011719
-0.035400
-0.035156
-0.060120
-0.073669
-0.075195
-0.022583
-0.015442
-0.050446
-0.020691
-0.019836
-0.014709
-0.006439
-0.026489
-0.022980
-0.026154
-0.025940
-0.015411
-0.016113
-0.023285
-0.010742
-0.018372
-0.029083
-0.023926
-0.026184
-0.015289
-0.010162
-0.015961
-0.015167
-0.011963
-0.010559
-0.008850
-0.006927
-0.009003
-0.012268
-0.011902
-0.007935
-0.008514
-0.010345
-0.006317
-0.009216
-0.012024
-0.014954
-0.011810
-0.006836
-0.008087
-0.007568
-0.007629
-0.008026
-0.009613
-0.006531
-0.005554
-0.005646
-0.005615
-0.006836
-0.007294
-0.008728
-0.007629
-0.005676
-0.006805
-0.006989
-0.007141
-0.007477
-0.006622
-0.005432
-0.005219
-0.005493
-0.005280
-0.005432
-0.004333
-0.003906
-0.003235
-0.003235
-0.003418
-0.003326
-0.003204
-0.002502
-0.000702
0.000183
-0.000366
-0.000519
-0.000122
0.001465
0.002625
0.002777
0.001862
0.000092
-0.002106
-0.003571
-0.003906
-0.003418
-0.002808
-0.002869
-0.002991
-0.002563
-0.001251
0.000488
0.000641
0.000244
0.000641
0.000000
-0.000031
-0.000183
0.000000
-0.000122
0.000061
-0.000122
0.000000
-0.000092
-0.000549
0.000549
-0.001251
0.001617
-0.002533
0.003326
0.011200
0.140778
0.095337
-0.127411
-0.057434
0.030548
-0.028809
0.090576
0.330139
0.146240
-0.025635
0.110535
0.097351
-0.011719
-0.035400
-0.035156
-0.060120
-0.073669
-0.075195
-0.022583
-0.015442
-0.050446
-0.020691
-0.019836
-0.014709
-0.006439
-0.026489
-0.022980
-0.026154
-0.025940
-0.015411
-0.016113
-0.023285
-0.010742
-0.018372
-0.029083
-0.023926
-0.026184
-0.015289
-0.010162
-0.015961
-0.015167
-0.011963
-0.010559
-0.008850
-0.006927
-0.009003
-0.012268
-0.011902
-0.007935
-0.008514
-0.010345
-0.006317
-0.009216
-0.012024
-0.014954
-0.011810
-0.006836
-0.008087
-0.007568
-0.007629
-0.008026
-0.009613
-0.006531
-0.005554
-0.005646
-0.005615
-0.006836
-0.007294
-0.008728
-0.007629
-0.005676
-0.006805
-0.006989
-0.007141
-0.007477
-0.006622
-0.005432
-0.005219
-0.005493
-0.005280
-0.005432
-0.004333
-0.003906
-0.003235
-0.003235
-0.003418
-0.003326
-0.003204
-0.002502
-0.000702
0.000183
-0.000366
-0.000519
-0.000122
0.001465
0.002625
0.002777
0.001862
0.000092
-0.002106
-0.003571
-0.003906
-0.003418
-0.002808
-0.002869
-0.002991
-0.002563
-0.001251
0.000488
0.000641
0.000244
0.000641