0.000000
0.000031
0.000031
0.000000
0.000031
0.000000
0.000031
0.000061
0.000092
0.000061
0.000061
0.000031
0.000000
0.000031
0.000000
0.000061
0.000061
0.000092
0.000031
0.000031
0.000031
0.000153
0.000031
0.000214
0.000000
0.000061
0.000488
0.000366
-0.000031
0.001129
0.000580
0.023865
0.052917
0.020233
-0.001770
-0.022705
-0.052948
0.021362
0.111053
0.112274
0.063690
0.049927
0.080750
0.067261
0.030060
0.013367
0.001465
-0.008636
-0.010284
-0.008484
-0.013489
-0.017517
-0.012024
-0.015137
-0.025604
-0.023651
-0.021149
-0.022980
-0.022736
-0.019928
-0.016571
-0.012939
-0.013214
-0.014587
-0.016022
-0.019684
-0.019012
-0.019196
-0.022583
-0.019440
-0.015198
-0.014313
-0.014679
-0.014435
-0.015045
-0.016205
-0.015289
-0.014465
-0.015350
-0.016449
-0.015228
-0.013977
-0.012451
-0.011871
-0.012207
-0.011902
-0.013153
-0.012787
-0.010956
-0.010376
-0.009491
-0.009247
-0.009247
-0.008698
-0.009033
-0.009674
-0.010284
-0.009796
-0.008301
-0.007782
-0.006866
-0.006012
-0.005524
-0.005035
-0.005127
-0.005005
-0.005127
-0.003906
-0.003693
-0.003571
-0.003693
-0.004211
-0.003662
-0.003174
-0.002167
-0.001587
-0.001099
-0.001312
-0.001953
-0.001617
-0.001526
-0.001312
-0.001129
-0.000946
-0.000824
-0.000793
-0.000336
0.000092
-0.002747
0.003937
-0.005859
0.008026
-0.011475
0.015015
-0.013153
0.311737
0.319550
-0.449646
-0.298553
0.319489
0.170013
0.076019
0.372162
-0.006409
0.075928
0.296478
0.046021
-0.052094
-0.109558
-0.042511
-0.115723
-0.111420
-0.117371
-0.066162
-0.061829
-0.075806
-0.046539
-0.026642
0.004730
-0.039795
0.000702
-0.017975
-0.057800
-0.031250
-0.015411
-0.002869
0.009979
0.019470
-0.013824
-0.009308
-0.012909
-0.032532
-0.052490
-0.085388
-0.074249
-0.056702
-0.036163
-0.036591
-0.016296
-0.004028
-0.010956
-0.024109
-0.018463
0.004486
0.013763
0.006744
-0.009216
-0.010010
-0.010742
-0.008392
-0.004181
-0.001892
-0.009613
-0.014740
-0.018860
-0.015259
-0.011475
-0.006470
-0.005005
-0.005341
-0.006714
-0.006378
-0.003662
0.000885
0.004456
0.001923
-0.002411
-0.004120
-0.003601
-0.002045
0.003235
0.001221
-0.002899
-0.007202
-0.007690
-0.005859
-0.000397
0.000763
0.000916
-0.001068
-0.005463
-0.005463
-0.000854
0.002197
0.001862
0.000824
-0.003540
-0.002380
0.001373
0.003967
0.004547
0.002472
-0.003754
-0.004120
0.000824
0.002991
0.002563
0.002991
-0.000671
-0.002075
0.002411
0.006287
0.006683
0.006165
0.004211
-0.001129
0.000000
0.002930
0.005005
0.004486
0.003784
0.000946
0.000000
0.003296
0.004639
0.003937