-0.000061
0.000031
-0.000031
0.000000
0.000031
-0.000092
-0.000061
0.000000
-0.000061
0.000183
-0.000244
0.000336
-0.000793
0.000854
-0.001251
0.001587
-0.002167
0.003082
0.000885
0.086578
0.135437
-0.057373
-0.090942
0.009796
-0.019257
0.077606
0.244598
0.113007
0.012787
0.106689
0.090149
-0.000305
-0.035706
-0.028442
-0.025879
-0.046234
-0.059082
-0.037506
-0.033905
-0.032745
-0.022614
-0.007782
-0.003967
-0.019501
-0.014984
-0.016052
-0.025696
-0.022614
-0.019928
-0.014343
-0.005035
-0.003296
-0.011475
-0.018188
-0.020081
-0.016876
-0.014740
-0.012909
-0.010712
-0.011108
-0.012787
-0.014191
-0.006317
-0.005920
-0.012054
-0.012299
-0.015594
-0.017609
-0.015625
-0.014648
-0.012909
-0.012115
-0.017456
-0.020050
-0.017365
-0.008514
-0.004913
-0.008636
-0.009369
-0.010132
-0.010071
-0.008087
-0.006256
-0.005127
-0.006226
-0.007538
-0.008240
-0.008636
-0.007477
-0.005493
-0.006256
-0.006836
-0.006287
-0.007507
-0.006073
-0.003784
-0.002869
-0.003754
-0.005859
-0.006500
-0.006256
-0.004700
-0.002655
-0.002075
-0.002563
-0.004242
-0.004944
-0.004883
-0.002808
-0.000610
-0.000671
-0.001862
-0.002411
-0.001282
0.000000
0.001160
0.000671
-0.000946
-0.001404
-0.000977
-0.000031
0.001434
0.002106
0.001160
0.000366
0.001007
0.002472
0.002472
0.000000
0.000000
-0.000183
0.000061
-0.000183
0.000275
-0.000366
0.000488
-0.001007
0.000946
-0.001495
0.001648
-0.002167
0.002563
-0.002563
0.066406
0.183289
0.009460
-0.137390
-0.028442
-0.001129
0.017212
0.283569
0.219543
0.000397
0.112244
0.122742
0.012207
-0.059204
-0.044861
-0.038788
-0.059692
-0.070496
-0.043762
-0.035004
-0.043945
-0.035675
-0.035492
0.001190
-0.007263
-0.022705
-0.021393
-0.035248
-0.020233
-0.012787
-0.018738
-0.015625
-0.004822
-0.007324
-0.017334
-0.032074
-0.028137
-0.028137
-0.025726
-0.014069
-0.019745
-0.020538
-0.018677
-0.016968
-0.010101
-0.006409
-0.015228
-0.016693
-0.011719
-0.009491
-0.006073
-0.005615
-0.003479
-0.005890
-0.011688
-0.013336
-0.009949
-0.004944
-0.005188
-0.007935
-0.009216
-0.010193
-0.008636
-0.005585
-0.004547
-0.006805
-0.007721
-0.008881
-0.010559
-0.007324
-0.004852
-0.004364
-0.005432
-0.006836
-0.008240
-0.007172
-0.003693
-0.002747
-0.003143
-0.005219
-0.006897
-0.007080
-0.005798
-0.003479
-0.002136
-0.002594
-0.005066
-0.005737
-0.005310
-0.004150
-0.001434
-0.000031
0.000519
0.000671
0.000519
0.000671
0.002380
0.002228
-0.000305
-0.001007
-0.000519
0.000702
0.002563
0.003723
0.001678
-0.000031
0.000336
0.001373
0.003052
0.003540
0.002075
-0.000458
-0.001831