-0.000031
0.000000
0.000000
0.000061
0.000000
0.000092
0.000000
0.000000
0.000000
0.000000
-0.000061
0.000031
-0.000031
0.000000
-0.000061
0.000000
0.000000
0.000031
-0.000031
0.000092
-0.000122
0.000061
-0.000122
0.000519
-0.000092
0.000122
0.000427
0.016541
0.062927
0.027771
-0.027313
-0.008331
-0.011261
-0.012390
0.073242
0.125183
0.062103
0.040527
0.067505
0.051849
0.018036
0.011230
-0.000854
-0.022491
-0.018860
-0.009918
-0.009155
-0.010529
-0.005432
0.001740
0.001312
-0.000336
-0.001892
-0.002563
-0.007690
-0.013428
-0.012848
-0.013428
-0.018677
-0.017059
-0.016266
-0.022400
-0.021057
-0.019226
-0.019348
-0.018127
-0.018036
-0.018524
-0.019012
-0.020355
-0.020203
-0.017151
-0.012390
-0.010437
-0.011536
-0.012878
-0.012604
-0.012939
-0.014221
-0.013184
-0.017609
-0.018585
-0.015106
-0.014801
-0.010132
-0.009094
-0.009369
-0.009247
-0.009460
-0.009705
-0.011383
-0.010803
-0.009857
-0.007660
-0.008179
-0.008453
-0.008209
-0.006927
-0.005585
-0.006409
-0.006622
-0.007446
-0.006195
-0.004639
-0.004425
-0.004425
-0.004517
-0.004303
-0.004059
-0.003845
-0.003204
-0.002747
-0.002472
-0.002014
-0.001953
-0.001709
-0.001862
-0.002014
-0.002228
-0.001617
-0.001099
-0.000885
-0.000397
-0.001007
-0.001312
-0.001678
-0.002106
-0.002838
0.001190
-0.001678
0.001251
-0.001251
0.000488
0.000000
-0.001373
0.000519
0.055115
0.354004
-0.015076
-0.384399
0.080261
0.239990
-0.075470
0.158997
0.337463
-0.009277
0.180725
0.229858
0.011902
-0.108490
-0.054718
-0.036774
-0.143311
-0.113770
-0.068146
-0.066589
-0.067627
-0.028809
-0.010895
-0.025940
-0.036591
-0.021210
-0.021240
-0.040649
-0.018890
-0.023224
-0.019623
0.003296
0.006653
-0.001984
-0.027252
-0.033386
-0.028412
-0.034180
-0.045227
-0.047485
-0.058868
-0.040680
-0.027435
-0.032257
-0.019867
-0.016510
-0.020569
-0.018616
-0.006226
0.002563
0.010071
0.004150
-0.003632
-0.007233
-0.006287
-0.006104
-0.007874
-0.008362
-0.009979
-0.012024
-0.012054
-0.011627
-0.008789
-0.005463
-0.005463
-0.005951
-0.006195
-0.004608
-0.004181
-0.000092
0.001678
-0.000153
-0.004059
-0.004028
-0.003876
-0.002075
-0.000427
-0.002045
-0.004944
-0.006622
-0.007233
-0.005890
-0.003662
-0.002502
-0.000946
-0.002777
-0.004150
-0.002747
-0.000305
-0.001038
-0.000946
-0.001984
-0.002777
0.000000
0.002991
0.003265
0.002930
0.000458
-0.002991
-0.000580
0.002747
0.002228
0.001740
0.001617
-0.000061
0.000854
0.004395
0.005768
0.005280
0.005341
0.002197
0.000183
0.001068
0.002899
0.003265
0.002930
0.002625
0.000427
0.000641
0.002045