0.000000
0.000031
0.000000
0.000000
0.000031
0.000000
0.000000
0.000000
0.000000
0.000000
0.000031
0.000031
0.000000
-0.000031
0.000031
-0.000061
0.000122
0.000061
0.000061
-0.000031
0.000031
0.000153
0.000031
0.000061
-0.000092
0.000885
0.010742
0.058472
0.024292
-0.004059
-0.015320
-0.044250
0.028168
0.043427
0.085968
0.123840
0.057343
0.032074
0.059448
0.039124
0.002563
-0.019287
-0.030609
-0.006256
-0.011169
-0.015778
0.014893
0.016754
0.008453
0.003601
-0.004395
-0.000946
-0.005646
-0.018372
-0.019409
-0.014709
-0.009979
-0.008118
-0.012299
-0.016907
-0.019104
-0.012878
-0.017944
-0.024658
-0.021271
-0.019928
-0.019196
-0.020111
-0.024963
-0.027283
-0.024414
-0.018738
-0.016571
-0.018097
-0.017792
-0.014893
-0.015839
-0.016052
-0.013885
-0.016846
-0.017120
-0.017487
-0.015503
-0.014099
-0.013092
-0.011322
-0.011078
-0.009247
-0.008942
-0.007233
-0.006989
-0.007751
-0.007111
-0.008636
-0.008087
-0.007324
-0.007080
-0.006500
-0.006226
-0.004639
-0.005157
-0.005066
-0.005005
-0.004547
-0.003632
-0.004730
-0.004425
-0.005096
-0.004547
-0.003571
-0.002991
-0.001984
-0.002869
-0.002899
-0.003265
-0.003204
-0.002777
-0.001984
-0.000763
-0.000946
-0.000824
-0.000946
0.000275
0.000580
0.000000
-0.000641
-0.001343
-0.001343
-0.003052
0.003357
-0.004547
0.005280
-0.006439
0.007446
-0.010681
0.140472
0.433136
0.008911
-0.438599
-0.197418
0.259369
0.072693
0.349304
0.522766
-0.071716
0.140411
0.105438
-0.116760
-0.051147
-0.124908
-0.255859
-0.081482
-0.028717
-0.182281
0.014923
-0.057770
-0.059326
-0.005280
-0.044403
0.003448
-0.013123
0.005737
-0.038147
0.026550
0.002228
-0.058044
-0.032043
0.005249
-0.016571
-0.015533
-0.001953
-0.026367
0.011841
-0.005402
-0.010742
-0.063385
-0.122467
-0.066711
-0.013000
-0.015839
-0.018890
-0.018188
-0.019684
-0.007446
-0.012909
-0.002930
0.010681
-0.014954
-0.025055
-0.023285
-0.019562
-0.002960
0.001862
-0.002899
-0.004181
-0.010040
-0.008789
0.000763
0.002289
0.000946
-0.003937
-0.010803
-0.013031
-0.008759
-0.001373
0.004333
0.001587
-0.003693
-0.005676
-0.005432
-0.000610
0.003876
0.001373
-0.005096
-0.009369
-0.009827
-0.005798
-0.000946
0.000458
-0.000031
-0.002625
-0.006287
-0.006012
-0.002045
0.001984
0.005127
0.003174
-0.001282
-0.000671
0.003021
0.005402
0.005646
0.000671
-0.006012
-0.005371
-0.000946
0.002441
0.006531
0.006134
-0.000122
-0.001984
0.000122
0.004242
0.006897
0.005859
0.002167
-0.001099
0.000122
0.003357
0.005249
0.005280
0.003510
0.000793
-0.000122
0.003204
0.006073