0.000000
0.000031
0.000061
0.000000
0.000061
0.000000
0.000000
0.000092
0.000031
0.000031
0.000031
0.000031
0.000000
0.000031
0.000000
0.000061
-0.000031
0.000000
0.000031
-0.000122
0.000183
0.000000
0.000122
0.000153
0.000000
-0.000031
-0.000824
0.002075
-0.000458
0.000702
0.001709
0.034363
0.036957
0.018677
-0.019043
-0.054565
0.032532
0.062897
0.073212
0.081787
0.057587
0.056946
0.067688
0.082123
0.052307
0.010712
-0.003998
0.007172
-0.010681
-0.030304
-0.018921
-0.024628
-0.032043
-0.024658
-0.018555
-0.019501
-0.017090
-0.012390
-0.010162
-0.014038
-0.019684
-0.016205
-0.018219
-0.015686
-0.018158
-0.022278
-0.021942
-0.019348
-0.016327
-0.015625
-0.017242
-0.020416
-0.019867
-0.019348
-0.019928
-0.018707
-0.016327
-0.015594
-0.014923
-0.013977
-0.012146
-0.012451
-0.012756
-0.014862
-0.014740
-0.014191
-0.012878
-0.010803
-0.010284
-0.010193
-0.010376
-0.009827
-0.009583
-0.008881
-0.008911
-0.008789
-0.008667
-0.008179
-0.007782
-0.007202
-0.007416
-0.007233
-0.005707
-0.004303
-0.004120
-0.004578
-0.003937
-0.003174
-0.003632
-0.003998
-0.004028
-0.004425
-0.004272
-0.003448
-0.003296
-0.002930
-0.002686
-0.003021
-0.002563
-0.002045
-0.001312
-0.001099
-0.000244
0.000214
0.000305
0.000549
0.000610
0.000397
0.002594
-0.003052
0.003052
-0.002960
0.002380
-0.004608
0.087280
0.477448
0.055115
-0.573639
-0.147400
0.375336
0.048340
0.341949
0.424194
-0.149933
0.219727
0.122650
-0.058136
-0.048126
-0.124939
-0.133087
-0.089264
-0.078918
-0.157990
-0.031128
-0.072845
-0.066681
-0.047272
-0.021881
-0.005219
-0.024597
0.006073
0.015961
-0.014679
-0.094452
0.021423
0.006653
0.008606
0.019135
-0.054230
-0.012756
-0.013062
-0.006622
-0.038177
-0.093872
-0.105652
-0.033295
-0.035126
-0.043732
-0.002502
-0.005127
0.003174
-0.019379
-0.022858
-0.005951
0.007172
0.000549
-0.014374
-0.021027
-0.016113
-0.004395
-0.000946
-0.000366
-0.009979
-0.017029
-0.019684
-0.020081
-0.003937
0.003082
0.000946
-0.002380
-0.004974
-0.006500
-0.004181
0.000885
0.000885
-0.001526
-0.004639
-0.004669
-0.004425
0.001373
0.005646
0.001221
-0.002808
-0.006836
-0.009949
-0.005676
-0.000305
0.002167
0.002106
-0.001892
-0.006622
-0.004700
0.001068
0.002136
0.004242
0.000854
-0.004211
-0.001221
0.003418
0.004852
0.005920
0.000641
-0.006378
-0.003693
0.000824
0.003387
0.005188
0.003906
-0.002502
-0.002747
0.002045
0.005676
0.006714
0.005463
0.001740
-0.001831
0.000916
0.004578
0.006012
0.006409
0.004517
0.001251
0.000763
0.003571
0.004211
0.003479