0.000000
0.000000
0.000000
0.000000
0.000000
0.000000
0.000031
0.000000
0.000031
0.000031
0.000000
0.000000
0.000000
-0.000031
0.000031
0.000000
0.000000
0.000000
0.000000
-0.000031
0.000153
-0.000061
0.000122
-0.000092
0.000336
-0.000244
0.000519
0.000183
0.000153
0.001282
0.022003
0.051453
0.017303
-0.008026
-0.005920
-0.035461
-0.009155
0.090363
0.124207
0.061249
0.046600
0.073242
0.052155
0.034576
0.018311
-0.004303
0.000153
-0.000458
-0.014069
-0.008118
0.000977
-0.006561
-0.013336
-0.013000
-0.012787
-0.025208
-0.025818
-0.020874
-0.027496
-0.022888
-0.014374
-0.012207
-0.012665
-0.014465
-0.015930
-0.019562
-0.021454
-0.020721
-0.020447
-0.019775
-0.017487
-0.015198
-0.014252
-0.012299
-0.013580
-0.014099
-0.013977
-0.015839
-0.015350
-0.015991
-0.015686
-0.014618
-0.013367
-0.011536
-0.012726
-0.014069
-0.012268
-0.010895
-0.010406
-0.009216
-0.010132
-0.009674
-0.008972
-0.009003
-0.009705
-0.010956
-0.009949
-0.008911
-0.007812
-0.006714
-0.006561
-0.005981
-0.005554
-0.005493
-0.005890
-0.005402
-0.004364
-0.003876
-0.003967
-0.004517
-0.004028
-0.003540
-0.003357
-0.002319
-0.002228
-0.001740
-0.001099
-0.001160
-0.001587
-0.002136
-0.001190
-0.001068
-0.001678
-0.001434
-0.001099
-0.000427
-0.000275
-0.000610
-0.003387
0.004181
-0.005188
0.006287
-0.007812
0.009705
-0.014679
0.169647
0.418579
-0.247650
-0.428864
0.203369
0.254944
0.007599
0.298523
0.152405
-0.018677
0.287689
0.132843
-0.025940
-0.117554
-0.043732
-0.078339
-0.135620
-0.111389
-0.080231
-0.056458
-0.075928
-0.045380
-0.028503
0.004486
-0.038361
-0.018524
-0.011597
-0.047150
-0.031097
-0.026917
-0.003387
0.004211
0.016296
-0.001892
-0.018799
-0.015076
-0.033142
-0.037781
-0.065613
-0.078888
-0.065460
-0.033203
-0.033051
-0.026855
-0.011444
-0.012817
-0.017242
-0.021698
-0.002319
0.011475
0.012207
-0.002686
-0.009003
-0.009888
-0.008362
-0.006622
-0.003021
-0.007385
-0.012939
-0.017334
-0.015137
-0.011719
-0.008057
-0.005920
-0.006165
-0.006653
-0.007080
-0.003082
-0.000854
0.004181
0.003143
-0.001343
-0.003754
-0.003387
-0.003693
0.001007
0.001678
-0.001587
-0.005920
-0.007996
-0.006805
-0.002411
-0.000092
0.000061
-0.000092
-0.003784
-0.005249
-0.002472
0.001282
0.001373
0.001648
-0.002838
-0.003754
0.000488
0.003632
0.004303
0.003784
-0.001587
-0.004272
-0.001129
0.002502
0.002655
0.002686
0.001312
-0.002258
0.001038
0.005188
0.007446
0.006409
0.004944
0.000397
-0.000519
0.002808
0.003967
0.003693
0.003052
0.001770
0.000488
0.003113
0.005280
0.003723