-0.000061
0.000031
-0.000092
-0.000031
-0.000061
-0.000061
0.000122
-0.000214
0.000183
-0.000275
0.000000
0.000092
-0.000610
0.001282
-0.001770
0.001709
0.012604
0.093781
0.055786
-0.000793
-0.073303
-0.087097
0.077087
0.061127
0.156372
0.186035
0.046844
0.038239
0.081543
0.011536
-0.047455
-0.045105
-0.070587
-0.026611
-0.033203
-0.045837
-0.007751
-0.017242
-0.012726
-0.002533
-0.007080
-0.003265
0.003754
-0.015137
-0.026245
-0.009277
-0.009521
0.003082
0.005768
0.006836
0.010101
0.005737
-0.006592
-0.012848
-0.009369
-0.019745
-0.026672
-0.012146
-0.004822
-0.017700
-0.018677
-0.010895
-0.010895
-0.013489
-0.024567
-0.028748
-0.020752
-0.019928
-0.020844
-0.019958
-0.019287
-0.019775
-0.020813
-0.022766
-0.019592
-0.016876
-0.018829
-0.019623
-0.017914
-0.015228
-0.012421
-0.011322
-0.010193
-0.008759
-0.010773
-0.009705
-0.006531
-0.004974
-0.004700
-0.004028
-0.003510
-0.003815
-0.004547
-0.003235
-0.001923
-0.003418
-0.003906
-0.005066
-0.005188
-0.004639
-0.003174
-0.002228
-0.003052
-0.003937
-0.004333
-0.002594
-0.001648
-0.000885
-0.000610
-0.001221
-0.001343
-0.000977
0.000061
-0.000122
-0.000580
-0.000885
-0.001312
-0.001312
-0.001007
0.000641
0.001129
0.000549
-0.000061
-0.000458
-0.000244
0.000580
0.001709
0.001770
-0.000732
-0.000366
0.000916
-0.002655
0.005035
-0.008270
0.011932
0.005676
0.277588
0.197266
-0.053680
-0.355011
-0.182770
0.275726
0.091217
0.496674
0.372681
-0.039429
0.029022
0.066956
-0.144073
-0.138428
-0.139343
-0.256470
0.039520
-0.044250
-0.116913
0.060028
-0.034180
-0.033783
-0.016846
-0.035767
-0.028473
-0.027588
-0.031616
-0.009857
-0.002625
-0.020416
0.019196
-0.026306
0.023224
0.009552
-0.023743
-0.001770
0.004913
-0.025757
-0.057617
-0.004791
-0.021576
-0.036926
-0.019867
-0.002167
0.018524
0.000153
-0.014465
-0.024170
-0.050751
-0.063660
-0.031219
-0.011627
-0.019165
-0.017487
-0.028687
-0.008636
-0.002899
-0.004761
-0.003387
-0.005066
-0.009369
-0.012817
-0.003540
-0.001251
0.002594
-0.006500
-0.012329
-0.016388
-0.011871
-0.003937
-0.001312
-0.001556
-0.005219
-0.007996
-0.006653
-0.003448
0.002960
0.003052
-0.001373
-0.006226
-0.008820
-0.005341
-0.000793
0.002563
0.000488
-0.004211
-0.011475
-0.010101
-0.005127
0.000031
0.002594
-0.000214
-0.004822
-0.004395
0.000671
0.003815
0.004211
0.000336
-0.002563
-0.002747
0.000061
0.003784
0.007233
0.004608
-0.000092
-0.001465
-0.000427
0.003418
0.007904
0.008057
0.004944
0.002625
0.001007
0.002594
0.005066
0.005066
0.003357
0.001678
0.000458
0.001740