0.000000
0.000031
0.000000
0.000031
0.000061
0.000031
0.000000
0.000000
0.000000
0.000000
0.000031
0.000031
0.000000
0.000000
0.000000
0.000092
0.000000
0.000061
-0.000153
0.000031
-0.000061
0.000397
-0.000092
0.000122
-0.000427
0.008514
0.051147
0.069427
-0.031952
-0.154968
-0.089752
0.057465
0.126587
0.145111
0.093994
0.046082
0.053650
0.051208
0.033844
0.033539
0.023468
-0.007538
-0.017029
-0.022308
-0.015106
-0.008789
-0.005951
-0.024170
-0.035828
0.004456
0.000519
-0.009033
0.007629
-0.001984
-0.003510
0.004364
-0.004333
-0.022858
-0.030975
-0.021942
-0.006744
-0.006104
-0.014282
-0.019928
-0.020477
-0.013000
-0.012146
-0.012817
-0.012238
-0.012299
-0.013733
-0.014832
-0.015533
-0.011414
-0.008850
-0.015320
-0.020416
-0.021118
-0.016388
-0.012329
-0.012695
-0.014923
-0.015076
-0.013214
-0.010345
-0.009857
-0.012268
-0.013458
-0.011139
-0.011902
-0.013947
-0.013031
-0.010651
-0.010468
-0.010406
-0.010559
-0.013489
-0.012970
-0.009583
-0.006134
-0.005676
-0.007050
-0.008514
-0.007935
-0.007050
-0.005493
-0.003479
-0.003693
-0.003571
-0.004120
-0.003906
-0.003571
-0.003296
-0.002350
-0.001617
-0.001831
-0.002991
-0.002228
-0.000519
0.000793
0.000793
-0.000488
-0.001740
-0.002289
-0.000488
0.001221
0.001465
0.000153
-0.000366
0.000519
-0.001099
0.000916
-0.001465
0.001617
-0.002136
0.002319
-0.003845
0.027985
0.226044
0.170776
-0.384155
-0.381073
0.197479
0.143005
0.325317
0.432465
-0.004059
0.056061
0.133667
0.103760
-0.007843
-0.088257
-0.054810
-0.066010
-0.081177
-0.096863
-0.023865
-0.082672
-0.062958
-0.045807
-0.027344
-0.028168
-0.015747
0.008392
-0.018982
-0.021545
-0.044159
-0.016998
-0.030884
-0.009644
-0.013794
0.001343
0.006134
0.006439
-0.000519
-0.027863
-0.026703
-0.035889
-0.025543
-0.016693
-0.023865
-0.031555
-0.021484
-0.017059
-0.019379
-0.025116
-0.036499
-0.027588
-0.023224
-0.025085
-0.013153
-0.007141
0.000031
-0.005981
-0.010712
-0.011200
-0.001038
-0.001892
-0.006012
-0.008148
-0.012177
-0.008118
-0.005432
-0.006683
-0.010315
-0.007233
-0.004944
-0.003693
-0.006470
-0.003296
-0.003510
-0.003723
-0.004059
-0.005890
-0.006989
-0.004517
-0.001495
-0.000092
-0.000092
-0.002167
-0.004333
-0.004272
-0.002350
-0.001251
-0.002014
-0.003418
-0.004456
-0.004089
-0.000824
-0.001129
0.001404
0.001556
-0.000366
-0.002441
-0.002930
-0.002472
-0.000427
0.000214
-0.000397
-0.001068
-0.001038
0.000397
0.001129
0.000702
-0.000854
-0.000549
-0.000214
0.001526
0.003662
0.005280
0.004578
0.003082
0.003174
0.004211
0.005035
0.005920