0.000000
0.000000
0.000000
0.000000
0.000000
-0.000031
0.000031
0.000000
-0.000061
0.000000
-0.000092
0.000000
0.000000
-0.000031
-0.000031
-0.000092
-0.000031
0.000000
0.000092
0.000000
-0.000122
0.000000
-0.000061
0.000732
-0.000366
-0.000366
0.001740
0.025940
0.037964
0.037842
-0.061188
-0.133453
-0.019226
0.065002
0.115417
0.114899
0.060577
0.039246
0.045929
0.046997
0.041412
0.045959
0.027435
0.016663
-0.000244
-0.010498
-0.003876
-0.011444
-0.012299
-0.016052
-0.009674
-0.015350
-0.020142
-0.001923
-0.002167
-0.009521
-0.008423
-0.007904
-0.015442
-0.020020
-0.016632
-0.020172
-0.019379
-0.015320
-0.011261
-0.010986
-0.012177
-0.010742
-0.007477
-0.008820
-0.017456
-0.014526
-0.015106
-0.021362
-0.020905
-0.014618
-0.012543
-0.017670
-0.022339
-0.020172
-0.014465
-0.013031
-0.012573
-0.012054
-0.012390
-0.014618
-0.015106
-0.013519
-0.011749
-0.012421
-0.014160
-0.015228
-0.015259
-0.014130
-0.014221
-0.013031
-0.011261
-0.009064
-0.007568
-0.007263
-0.006531
-0.006287
-0.005676
-0.006226
-0.007019
-0.007446
-0.006897
-0.004791
-0.003510
-0.003204
-0.003601
-0.003906
-0.003326
-0.002441
-0.001617
-0.000977
-0.001343
-0.002136
-0.002472
-0.001343
-0.000488
-0.000397
-0.001160
-0.002502
-0.003082
-0.002655
-0.000885
0.000336
0.000000
-0.001190
0.001709
-0.003662
0.005768
-0.009186
0.013397
-0.020477
0.149323
0.309998
0.020142
-0.738037
-0.339325
0.649109
0.279297
0.376160
0.252106
-0.037201
0.079620
0.069092
0.141693
-0.079010
-0.093536
-0.141846
-0.089294
-0.112762
-0.107605
-0.021301
-0.094757
-0.052734
-0.059967
0.013062
-0.031006
0.018921
-0.011658
-0.035187
0.007324
-0.005951
-0.025269
-0.043549
-0.009186
-0.032898
-0.008392
-0.008545
-0.006500
-0.019928
-0.023895
0.000732
0.005035
-0.005707
-0.027405
-0.013092
-0.016876
-0.031158
-0.022980
-0.034668
-0.039490
-0.043518
-0.030426
-0.024689
-0.013367
-0.009674
-0.005341
-0.001648
-0.011932
-0.009247
-0.007751
-0.005035
-0.012054
-0.014587
-0.021606
-0.015045
-0.006897
-0.001343
-0.006042
-0.006134
-0.001160
-0.003296
-0.005341
-0.005066
-0.000427
-0.000824
-0.002991
-0.005829
-0.006714
-0.002380
0.001312
0.001648
0.000000
-0.002716
-0.004974
-0.005981
-0.000885
-0.001892
-0.002472
-0.003967
-0.002167
-0.003510
-0.000702
0.003021
0.003143
0.003662
-0.000580
-0.003845
-0.004211
-0.002350
-0.000122
0.002869
0.000122
-0.002319
-0.003845
-0.001984
0.000427
0.001801
0.001221
-0.000732
-0.000244
0.001892
0.004333
0.006500
0.005554
0.003418
0.002594
0.003113
0.003876
0.004028
0.004883
0.005127