-0.000031
0.000092
0.000031
0.000061
-0.000092
-0.000061
0.000214
-0.000092
0.000061
0.000153
-0.000793
0.001038
-0.002106
0.003326
-0.004486
0.005981
0.000702
0.109009
0.082764
-0.015808
-0.202881
-0.271881
0.135834
0.175110
0.323853
0.315796
-0.028839
-0.029114
0.059601
0.010101
0.004028
0.004883
-0.108490
-0.032837
-0.025482
-0.076050
-0.007996
-0.032837
-0.028900
-0.007141
-0.031677
-0.001678
0.008575
-0.009796
0.000946
-0.000488
-0.012177
-0.017120
-0.052155
-0.010773
-0.005402
-0.016846
0.011597
0.007507
0.000671
-0.011139
-0.013275
-0.009644
-0.002319
-0.016846
-0.011932
0.012909
0.004364
-0.014923
-0.012604
-0.003632
-0.006256
-0.021210
-0.029144
-0.024200
-0.019958
-0.020905
-0.017975
-0.022461
-0.029358
-0.020844
-0.013275
-0.009491
-0.015778
-0.017700
-0.017426
-0.018616
-0.017731
-0.014465
-0.009460
-0.008636
-0.011505
-0.012115
-0.009888
-0.008759
-0.005890
-0.005615
-0.009186
-0.010895
-0.009064
-0.006348
-0.002136
-0.000671
-0.000854
-0.002045
-0.003815
-0.004456
-0.003052
-0.001221
-0.000824
-0.001129
-0.001801
-0.002045
-0.001373
0.000122
0.000122
-0.000092
-0.002533
-0.003876
-0.004028
-0.000854
0.001862
0.002167
0.000366
-0.002625
-0.003052
-0.000885
0.002075
0.002563
0.002228
0.000732
0.000214
0.000824
-0.000244
0.000061
-0.000427
0.000946
-0.001312
0.001923
-0.002899
0.002838
-0.003479
0.003510
-0.003204
0.002441
-0.002045
0.056061
0.224884
0.025818
-0.141785
-0.523956
-0.039673
0.450775
0.295837
0.565552
0.063538
-0.222321
0.016327
0.091064
-0.044342
-0.000305
-0.112457
-0.148163
0.054199
-0.115997
-0.076141
0.016846
-0.061249
-0.015381
-0.029327
-0.015778
0.022003
-0.004791
-0.020233
-0.007538
-0.028656
-0.014496
-0.015991
-0.050415
-0.005371
-0.007843
0.000000
0.012634
-0.006531
-0.021973
-0.010132
-0.008636
-0.000580
-0.010620
-0.022339
-0.022797
-0.012360
0.032166
0.011780
-0.003693
0.000641
-0.013397
-0.019318
-0.028625
-0.039001
-0.043030
-0.039520
-0.024963
-0.023315
-0.025238
-0.013000
0.002106
-0.002289
-0.010315
-0.014709
-0.018433
-0.012146
-0.011932
-0.012360
-0.009613
-0.007507
-0.009460
-0.007355
-0.006317
-0.002747
-0.002808
-0.006927
-0.009277
-0.008911
-0.007904
-0.002991
0.002228
-0.000153
-0.001923
-0.007202
-0.006470
-0.002472
-0.000214
-0.001709
-0.004181
-0.004181
-0.004333
-0.001160
0.001648
0.001984
0.001923
-0.002350
-0.005676
-0.004486
-0.000946
0.002655
0.003418
0.000671
-0.003510
-0.003784
-0.001678
0.001862
0.002563
0.001434
0.000153
0.000916
0.002441
0.003815
0.005585
0.004669
0.002625