0.000092
0.000061
0.000000
0.000031
0.000000
0.000092
0.000092
0.000092
0.000031
0.000031
0.000092
0.000000
0.000122
0.000061
0.000000
0.000183
-0.000305
0.000671
-0.000885
0.001282
0.005035
0.057495
0.056213
0.014282
-0.117706
-0.163330
0.007141
0.097504
0.223083
0.196564
0.057983
0.023590
0.032318
0.022247
0.016724
0.006470
-0.040009
-0.009521
-0.022919
-0.044403
-0.005463
-0.021637
-0.022064
-0.009460
-0.021637
-0.004913
0.007294
0.000000
0.011292
0.016327
-0.008179
-0.016266
-0.012115
-0.013885
-0.013031
-0.005585
-0.007660
-0.007935
-0.004730
-0.011230
-0.016144
-0.011566
-0.014984
-0.018311
0.000610
0.003265
-0.015167
-0.013306
-0.006287
-0.009521
-0.016907
-0.023621
-0.022491
-0.021637
-0.019226
-0.017548
-0.014496
-0.016418
-0.016937
-0.018768
-0.020569
-0.016296
-0.015381
-0.015869
-0.019012
-0.018860
-0.019012
-0.016144
-0.012451
-0.012512
-0.011932
-0.011383
-0.011108
-0.008881
-0.007568
-0.006165
-0.005554
-0.005280
-0.005005
-0.006165
-0.004974
-0.002106
-0.000732
-0.001434
-0.003113
-0.004059
-0.003387
-0.002106
-0.002380
-0.001648
-0.001923
-0.003601
-0.003052
-0.002014
0.000610
0.000641
-0.001129
-0.002747
-0.003052
-0.001434
0.000092
0.001282
0.000580
-0.001007
-0.002319
-0.001129
0.000305
0.001038
0.001099
-0.001495
0.002136
-0.003326
0.003204
-0.004120
0.004028
-0.003723
0.002899
-0.002655
0.041321
0.255188
0.147583
-0.157959
-0.747192
-0.073242
0.552979
0.402374
0.669495
0.037598
-0.162964
0.021698
0.017944
-0.017761
-0.032471
-0.156250
-0.201324
0.019714
-0.113708
-0.040527
0.017639
-0.071594
-0.010681
-0.041718
-0.019379
0.005737
0.004089
-0.038116
-0.020264
-0.026611
-0.021515
-0.012695
-0.033417
-0.026642
-0.026611
0.027008
0.009094
-0.017059
-0.016693
-0.007233
0.008911
-0.007019
-0.026825
-0.012268
-0.022491
-0.026520
0.014832
0.009491
-0.014191
-0.016479
-0.010376
-0.019867
-0.047821
-0.047058
-0.015076
-0.020508
-0.038483
-0.024384
-0.015045
-0.010834
-0.000610
-0.000549
-0.001678
-0.011230
-0.017303
-0.008148
-0.004669
-0.007874
-0.006775
-0.009521
-0.010773
-0.006012
-0.003967
-0.000366
-0.003052
-0.005432
-0.008728
-0.009918
-0.007446
0.000275
0.003906
0.001831
0.000275
-0.004517
-0.004333
-0.001892
0.001556
0.001312
-0.002075
-0.004150
-0.005615
-0.002594
-0.001404
-0.000183
-0.000031
-0.003632
-0.006470
-0.005707
-0.001404
0.003052
0.004761
0.000000
-0.004456
-0.005188
-0.001434
0.003906
0.004883
0.002686
0.000336
0.001251
0.003143
0.004456
0.006073
0.005157
0.003174
0.002167
0.002197
0.004730