-0.000092
0.000031
-0.000061
0.000000
0.000000
-0.000092
-0.000031
-0.000061
-0.000031
0.000031
-0.000061
-0.000061
-0.000031
0.000000
0.000061
-0.000061
-0.000031
-0.000214
-0.000031
-0.000183
0.000397
-0.000397
0.000275
0.002106
0.042572
0.084290
-0.006836
-0.145599
-0.122345
0.025330
0.131836
0.165619
0.111053
0.043854
0.048462
0.053497
0.036865
0.027496
0.029541
0.007080
-0.016388
-0.026428
-0.028259
-0.018860
-0.020203
-0.017365
-0.030518
-0.027771
0.010010
0.005280
0.000519
0.000366
-0.013062
0.004944
-0.000458
-0.016663
-0.022766
-0.025970
-0.012054
0.002502
-0.002777
-0.019379
-0.022308
-0.012909
-0.008728
-0.015076
-0.015564
-0.014160
-0.013062
-0.016815
-0.020264
-0.012817
-0.006927
-0.009247
-0.012756
-0.014496
-0.016357
-0.015656
-0.014496
-0.015991
-0.018768
-0.018890
-0.013275
-0.012024
-0.011261
-0.009216
-0.009705
-0.009308
-0.012115
-0.011963
-0.011627
-0.011444
-0.011810
-0.013611
-0.012115
-0.010193
-0.008514
-0.008209
-0.007751
-0.006592
-0.007141
-0.008148
-0.008240
-0.006439
-0.004822
-0.004089
-0.003906
-0.004852
-0.004913
-0.004608
-0.003906
-0.002716
-0.001923
-0.001953
-0.002869
-0.002197
-0.000488
0.001099
0.001587
-0.000641
-0.003082
-0.003052
-0.000549
0.001465
0.001709
0.000244
-0.001587
-0.001404
0.000061
0.000122
0.000153
-0.000305
-0.000031
-0.000244
0.000183
-0.000122
-0.000031
-0.000031
0.007690
0.155151
0.213928
-0.215393
-0.380493
-0.011475
0.097565
0.353577
0.451263
0.044464
0.006470
0.116974
0.115295
0.028778
-0.075806
-0.044250
-0.046021
-0.080719
-0.091339
-0.030487
-0.060272
-0.052887
-0.038910
-0.037994
-0.027832
-0.025604
0.014099
-0.019867
-0.036682
-0.025635
-0.019135
-0.030212
-0.004608
-0.025665
-0.006348
0.013458
0.002472
0.001221
-0.022034
-0.033356
-0.039490
-0.015778
-0.019745
-0.029938
-0.024750
-0.017883
-0.013397
-0.017029
-0.018738
-0.025055
-0.030060
-0.027008
-0.021973
-0.017670
-0.012024
-0.001221
-0.007019
-0.008179
-0.010010
-0.006073
0.000092
-0.001190
-0.005920
-0.010193
-0.007538
-0.006958
-0.007050
-0.012512
-0.009277
-0.004974
-0.003754
-0.006226
-0.005463
-0.003693
-0.002808
-0.003906
-0.006195
-0.008636
-0.007263
-0.003448
-0.000671
-0.000366
-0.002380
-0.003937
-0.004425
-0.002808
-0.001678
-0.001068
-0.002716
-0.003662
-0.004730
-0.003021
-0.002167
0.000397
0.001282
-0.000946
-0.003204
-0.004028
-0.002899
-0.000366
0.001617
0.000397
-0.000977
-0.001373
-0.000183
0.000610
0.001434
0.000732
-0.000519
-0.000732
0.000854
0.003082
0.004181
0.003967
0.004303
0.004425
0.004761
0.005249