-0.000061
0.000000
0.000061
0.000061
-0.000061
-0.000061
0.000000
0.000000
0.000153
-0.000153
0.000092
-0.000519
0.000366
-0.000793
0.000854
-0.001190
0.001556
0.003510
0.086945
0.140869
-0.093201
-0.260498
-0.112793
0.111176
0.256989
0.257568
0.082581
-0.008820
0.077240
0.079041
0.026093
0.007141
0.006653
-0.021057
-0.046509
-0.040466
-0.030914
-0.024933
-0.028442
-0.034821
-0.022339
-0.024200
-0.034912
-0.015533
-0.002869
-0.000305
-0.010406
-0.004303
-0.017151
-0.026337
-0.018402
-0.009186
-0.003845
-0.016541
-0.016479
-0.021179
-0.019043
-0.014679
-0.009644
-0.006287
-0.007477
-0.011932
-0.017853
-0.013763
-0.010590
-0.007629
-0.008911
-0.010071
-0.011871
-0.013611
-0.012024
-0.015656
-0.018463
-0.018463
-0.015472
-0.017365
-0.015350
-0.011475
-0.007172
-0.003754
-0.008942
-0.014435
-0.015045
-0.008179
-0.007263
-0.008698
-0.007233
-0.006409
-0.007324
-0.008606
-0.008209
-0.006927
-0.007355
-0.008911
-0.009979
-0.009705
-0.007324
-0.004883
-0.003693
-0.004517
-0.006012
-0.005707
-0.004608
-0.003387
-0.002533
-0.001831
-0.002075
-0.003235
-0.002380
-0.001251
0.000244
-0.000061
-0.001282
-0.002991
-0.004272
-0.002563
0.000336
0.001709
0.001160
-0.000366
-0.001495
-0.001404
-0.000031
0.000641
-0.000305
-0.000519
-0.000153
0.000519
0.000183
0.000183
0.000031
0.000000
0.000122
0.000183
0.000275
-0.000061
0.000183
-0.000458
0.000610
-0.000763
0.001007
-0.001160
0.001556
0.003845
0.099579
0.168304
-0.110382
-0.307861
-0.128662
0.137054
0.316071
0.291931
0.078003
-0.025299
0.088104
0.099243
0.014740
-0.008453
0.000061
-0.024902
-0.061005
-0.052338
-0.031494
-0.027527
-0.030365
-0.042603
-0.028870
-0.013885
-0.030914
-0.020355
-0.011230
-0.012573
-0.010712
-0.005157
-0.011597
-0.027405
-0.021759
-0.011169
-0.002960
-0.005676
-0.022827
-0.022644
-0.020020
-0.017517
-0.015411
-0.009155
-0.011627
-0.022827
-0.018433
-0.009094
-0.009277
-0.012970
-0.009766
-0.008087
-0.008301
-0.014526
-0.016022
-0.012451
-0.012238
-0.018250
-0.018524
-0.016663
-0.013824
-0.008606
-0.007019
-0.007568
-0.009491
-0.009247
-0.009521
-0.008759
-0.005890
-0.004578
-0.005524
-0.007904
-0.010071
-0.007629
-0.006836
-0.006195
-0.006866
-0.008453
-0.009674
-0.009888
-0.006256
-0.003082
-0.002899
-0.004761
-0.006165
-0.006348
-0.005707
-0.004089
-0.002869
-0.002136
-0.002472
-0.003174
-0.002106
-0.000671
0.001099
0.000488
-0.001495
-0.003784
-0.004974
-0.003326
0.000000
0.001587
0.000946
-0.001251
-0.003143
-0.002838
-0.000336
0.002411
0.000916
-0.000580
-0.000092
0.000916
0.002167
0.003296