0.000031
0.000000
0.000000
0.000000
-0.000092
0.000000
0.000000
0.000031
0.000000
0.000000
-0.000092
0.000031
-0.000092
0.000092
0.000000
-0.000031
-0.000031
-0.000275
0.000427
-0.000580
0.000458
0.006470
0.051697
0.050598
0.016388
-0.111603
-0.149963
0.001923
0.092255
0.207916
0.175385
0.058533
0.029022
0.031403
0.021362
0.018982
0.009247
-0.029114
-0.005798
-0.023804
-0.034485
-0.001068
-0.026459
-0.025848
-0.008240
-0.012512
0.001770
0.011627
0.007263
0.016327
0.011200
-0.017181
-0.014008
-0.012512
-0.015961
-0.013641
-0.018341
-0.009583
-0.001770
-0.006775
-0.012848
-0.014618
-0.013245
-0.020630
-0.011932
0.007202
-0.003937
-0.018036
-0.012390
-0.007904
-0.011566
-0.018829
-0.023560
-0.023468
-0.022278
-0.017426
-0.014252
-0.014862
-0.017761
-0.017914
-0.019104
-0.018311
-0.017181
-0.015381
-0.013885
-0.017822
-0.018127
-0.017883
-0.017090
-0.013763
-0.013000
-0.012390
-0.010651
-0.010406
-0.008881
-0.007019
-0.004456
-0.004608
-0.005707
-0.006134
-0.005920
-0.004608
-0.002930
-0.001282
-0.002411
-0.003723
-0.004730
-0.003479
-0.002045
-0.002136
-0.001892
-0.002472
-0.002869
-0.002930
-0.001160
0.000366
-0.000122
-0.001129
-0.002899
-0.002411
-0.001862
-0.000275
0.001099
0.000488
-0.000946
-0.002197
-0.001404
-0.000610
-0.000458
0.000458
-0.000580
-0.000793
0.001312
-0.003479
0.005920
-0.009583
0.013855
-0.012482
0.200745
0.229950
0.009125
-0.636414
-0.463684
0.534393
0.393250
0.609985
0.305908
-0.175659
0.011780
0.022217
0.012329
-0.047699
-0.087616
-0.233551
-0.056152
-0.060120
-0.121704
0.035522
-0.047821
-0.035919
-0.024323
-0.013519
-0.004578
0.000793
-0.026611
-0.029388
-0.024750
-0.034882
-0.003510
-0.033020
-0.027435
-0.037567
0.013458
0.022949
-0.017578
-0.012207
-0.006866
0.001495
-0.014679
-0.006470
-0.003052
-0.035431
-0.026825
0.003357
0.006531
-0.008850
-0.021332
-0.025238
-0.027863
-0.037476
-0.034302
-0.018158
-0.022705
-0.028931
-0.025177
-0.009460
-0.009918
-0.013275
-0.006226
-0.000366
-0.005127
-0.014801
-0.014008
-0.005737
-0.001160
-0.004547
-0.008514
-0.010681
-0.009125
-0.005066
-0.002258
-0.001068
-0.002777
-0.008270
-0.009247
-0.007721
-0.002075
0.003204
0.002930
0.000092
-0.003510
-0.005432
-0.002045
0.000946
0.001678
-0.000916
-0.002258
-0.004639
-0.004120
-0.001343
-0.000427
0.000793
-0.002167
-0.006531
-0.006378
-0.003082
0.000885
0.003754
0.000519
-0.003845
-0.004761
-0.001312
0.002319
0.004761
0.003693
0.001343
0.001282
0.001923
0.003143
0.004974
0.005432
0.003967
0.003235
0.002625
0.003784
0.006042