-0.000092
-0.000061
0.000000
0.000061
-0.000061
0.000000
-0.000305
0.000061
-0.000397
0.000336
-0.000671
0.000916
-0.000336
0.044617
0.131287
0.038208
-0.229828
-0.248138
0.048462
0.245300
0.246460
0.149750
0.027130
0.033203
0.082947
0.041168
0.007263
0.025574
-0.001984
-0.031830
-0.035278
-0.031097
-0.021210
-0.031647
-0.038483
-0.034821
-0.018707
-0.018402
-0.009369
-0.010895
-0.028259
-0.024384
0.006836
0.010223
-0.018372
-0.016602
-0.009430
-0.012573
-0.007507
-0.012085
-0.028748
-0.029694
-0.017883
-0.006897
-0.004059
-0.009033
-0.009277
-0.008789
-0.009369
-0.012115
-0.018127
-0.012726
-0.006531
-0.009369
-0.014465
-0.010956
-0.010345
-0.011139
-0.011871
-0.017151
-0.019958
-0.023621
-0.020691
-0.009796
-0.003906
-0.012054
-0.016754
-0.014923
-0.011688
-0.008789
-0.007294
-0.006866
-0.009338
-0.010498
-0.009430
-0.010040
-0.009827
-0.006989
-0.006927
-0.009430
-0.010437
-0.009705
-0.007324
-0.005585
-0.004150
-0.004303
-0.006775
-0.006622
-0.006470
-0.005066
-0.003510
-0.002502
-0.002350
-0.003204
-0.002960
-0.001465
0.000214
0.000397
-0.000824
-0.002716
-0.003296
-0.001404
0.001312
0.002869
0.001007
-0.001404
-0.001556
-0.001160
0.000610
0.001831
0.001556
0.000458
0.000183
0.000366
0.000916
0.002777
0.002625
0.000641
0.000122
-0.000092
0.000000
-0.000397
0.000214
-0.000488
0.000580
-0.001038
0.001373
0.000000
0.074432
0.182800
-0.006134
-0.346497
-0.266083
0.145966
0.365265
0.299072
0.113190
-0.005798
0.047974
0.115662
0.038849
-0.029205
0.010406
-0.021118
-0.058563
-0.050659
-0.033051
-0.032257
-0.036682
-0.039429
-0.042847
-0.024994
-0.026306
0.001160
-0.000946
-0.020111
-0.030945
-0.031738
-0.024445
0.000000
-0.004883
-0.009674
0.001404
-0.008575
-0.008240
-0.017853
-0.034332
-0.033600
-0.014618
-0.013062
-0.004181
-0.004456
-0.020752
-0.025269
-0.019226
-0.007324
-0.002594
-0.012482
-0.014282
-0.007782
-0.003845
-0.006256
-0.010895
-0.017395
-0.026825
-0.025970
-0.017151
-0.012482
-0.013245
-0.010864
-0.010162
-0.009796
-0.013092
-0.013153
-0.008362
-0.001862
0.000061
-0.004883
-0.010254
-0.009491
-0.007324
-0.006470
-0.005981
-0.007324
-0.009644
-0.010895
-0.009460
-0.006683
-0.003143
-0.002625
-0.003998
-0.006592
-0.006989
-0.005188
-0.002747
-0.002899
-0.004089
-0.005402
-0.004578
-0.002197
0.000671
0.001526
0.000458
-0.001526
-0.002777
-0.002380
-0.001099
0.001312
0.000916
-0.000519
-0.002106
-0.003204
-0.001770
0.000916
0.001648
0.001160
-0.000153
-0.000488
0.000519
0.002441
0.003235
0.002502
0.001709
0.000244
0.001007
0.003662