0.000000
-0.000122
-0.000061
0.000000
0.000092
-0.000275
0.000458
-0.001007
0.001038
-0.001801
0.002045
-0.002472
0.002960
-0.003021
0.040192
0.074463
0.051208
-0.054321
-0.272308
-0.075134
0.114746
0.217072
0.293945
0.078217
0.009277
0.038818
0.026794
0.011871
0.036957
-0.020081
-0.044678
-0.011841
-0.051819
-0.020813
-0.015076
-0.034302
-0.008606
-0.016327
-0.021515
-0.004486
-0.004242
-0.007874
0.015594
-0.000702
-0.003143
0.000427
-0.019440
-0.030853
-0.021851
-0.002289
-0.004883
-0.001099
-0.009521
-0.012238
-0.012512
-0.013306
-0.004974
-0.005981
-0.013275
-0.020660
-0.012360
0.004333
0.002594
-0.008789
-0.012756
-0.015533
-0.016754
-0.019958
-0.019653
-0.013184
-0.016449
-0.023590
-0.019928
-0.015533
-0.014862
-0.016846
-0.016907
-0.014374
-0.017090
-0.020630
-0.020355
-0.018768
-0.011414
-0.010468
-0.014282
-0.014343
-0.016174
-0.013580
-0.008881
-0.007965
-0.009277
-0.009399
-0.009491
-0.008575
-0.006287
-0.005035
-0.002899
-0.002747
-0.003571
-0.002991
-0.001648
-0.000031
-0.000519
-0.000916
-0.001740
-0.003174
-0.001953
-0.000397
0.000671
0.000000
-0.001465
-0.002563
-0.002625
-0.000824
-0.000244
0.000549
-0.000183
-0.001953
-0.002319
-0.000732
0.001556
0.001892
0.001129
-0.000549
-0.000031
0.001984
0.002472
0.002655
0.001343
-0.001251
-0.000244
0.002319
-0.005402
0.008820
0.006439
0.213104
0.146149
0.027863
-0.686401
-0.394989
0.661499
0.407349
0.562744
0.087616
-0.197113
0.070190
0.055054
-0.010010
-0.065002
-0.071564
-0.221924
0.004578
-0.056305
-0.085510
0.027222
-0.051208
-0.035767
-0.047516
-0.008179
-0.000610
0.013336
-0.033966
-0.026123
-0.018768
-0.032806
-0.011627
-0.013428
-0.002563
-0.038971
-0.012787
-0.009369
-0.003723
-0.005585
-0.015076
-0.010742
0.003510
0.005066
-0.007446
0.011230
-0.044586
-0.061005
0.000824
0.021637
0.004120
-0.006897
-0.009308
0.001038
0.001740
-0.013031
-0.028931
-0.048340
-0.049713
-0.036438
-0.022736
-0.015656
-0.017822
-0.013184
-0.004303
-0.009277
-0.015839
-0.006958
-0.000916
-0.002808
-0.004974
-0.014984
-0.015564
-0.011200
-0.003326
-0.000671
-0.002716
-0.006317
-0.008972
-0.009033
-0.006561
-0.001465
-0.000641
-0.002289
-0.006256
-0.006927
-0.003601
0.002472
0.003265
0.000336
-0.002533
-0.005737
-0.001984
0.001648
0.001648
0.000397
-0.002350
-0.005341
-0.005432
-0.003082
-0.000824
0.002350
0.000885
-0.001709
-0.002777
-0.002350
0.000488
0.002625
0.001953
-0.000122
0.000336
-0.000214
0.002655
0.006042
0.003876
0.001923
0.000671
0.001678
0.004395
0.004944
0.004486
0.004517
0.002167