0.000000
0.000031
0.000000
0.000000
0.000031
0.000031
0.000031
0.000000
0.000000
0.000153
-0.000153
0.000305
-0.000305
0.000580
-0.000885
0.000854
-0.000397
0.001190
-0.001892
0.015106
0.040497
0.049713
0.002472
-0.162018
-0.112213
0.051392
0.116608
0.153046
0.095734
0.047302
0.038269
0.038330
0.026154
0.037567
0.029816
0.004730
0.011932
-0.008545
-0.000824
0.006348
-0.009430
-0.017548
-0.015717
-0.006683
-0.011932
-0.010406
-0.007202
0.001556
-0.006653
-0.009277
-0.002075
-0.016174
-0.021729
-0.021423
-0.021912
-0.015533
-0.007660
-0.008118
-0.015564
-0.014282
-0.009583
-0.006165
-0.009644
-0.013245
-0.014740
-0.014435
-0.015472
-0.012299
-0.003754
-0.008453
-0.019226
-0.023010
-0.019073
-0.016968
-0.015564
-0.013641
-0.011230
-0.014526
-0.017853
-0.015167
-0.011719
-0.011200
-0.015869
-0.018280
-0.020386
-0.017822
-0.015106
-0.013611
-0.014038
-0.016083
-0.012970
-0.010956
-0.009338
-0.007751
-0.006561
-0.006073
-0.006622
-0.006836
-0.008911
-0.008453
-0.006531
-0.004852
-0.004425
-0.005768
-0.005188
-0.004181
-0.002319
-0.001923
-0.001465
-0.001373
-0.001892
-0.000916
0.000244
0.001160
0.001007
-0.000397
-0.002136
-0.002991
-0.001770
0.000000
0.000793
0.000214
-0.001587
-0.002472
-0.001678
-0.000549
0.000732
0.001282
0.007141
-0.010590
0.014923
-0.021637
0.127655
0.257446
0.130859
-0.564789
-0.622589
0.528198
0.475281
0.373383
0.283447
-0.066986
0.033447
0.086761
0.150299
-0.085693
-0.093201
-0.142609
-0.113922
-0.081970
-0.112000
-0.016998
-0.073364
-0.044434
-0.070953
0.005341
-0.006470
0.017090
0.007568
-0.030548
-0.021301
-0.022888
-0.016876
-0.025055
-0.022400
-0.047089
-0.017609
-0.016754
0.008698
-0.021790
-0.018005
0.005432
0.001190
0.012604
-0.008667
-0.031616
-0.038422
-0.020691
-0.007172
-0.007080
-0.009644
-0.021942
-0.015961
-0.020477
-0.033844
-0.030090
-0.023590
-0.019867
-0.018372
-0.015839
-0.017395
-0.005493
-0.006104
-0.007141
-0.016541
-0.021393
-0.017212
-0.002258
0.001923
-0.004120
-0.003876
-0.008484
-0.009705
-0.007263
-0.000885
0.000610
-0.002167
-0.007233
-0.008606
-0.007568
-0.004089
0.000397
0.002655
-0.001953
-0.003632
-0.004730
-0.001190
-0.000214
-0.000519
-0.003113
-0.005188
-0.005371
-0.003204
0.002411
0.005127
0.005310
0.000549
-0.004364
-0.006012
-0.002228
0.001495
0.003937
0.000916
-0.002747
-0.005737
-0.002716
-0.001251
-0.000458
0.001343
-0.000031
-0.000519
-0.000061
0.002808
0.005646
0.005280
0.002106
0.001587
0.001434
0.001617
0.003540
0.005157
0.005615
0.003815
0.001770
0.001984
0.002716