0.000000
0.000000
-0.000122
-0.000061
-0.000031
0.000000
-0.000031
-0.000031
-0.000214
0.000031
-0.000427
0.000305
-0.000610
0.000854
-0.000885
0.029205
0.097961
0.060730
-0.149353
-0.233734
-0.014496
0.176270
0.204559
0.160431
0.058838
0.029846
0.065369
0.043060
0.018860
0.034119
0.013580
-0.016144
-0.026093
-0.028076
-0.023010
-0.028870
-0.032349
-0.028839
-0.016602
-0.022095
-0.007172
-0.017517
-0.029694
0.016815
0.014160
-0.004822
-0.015198
-0.028992
-0.011902
-0.008972
-0.011017
-0.012390
-0.026062
-0.026245
-0.005737
0.000732
-0.013550
-0.011658
-0.005219
-0.003784
-0.012299
-0.017487
-0.017975
-0.016266
-0.011993
-0.012726
-0.013550
-0.012268
-0.010834
-0.011108
-0.010468
-0.010803
-0.013367
-0.020081
-0.021606
-0.015625
-0.012054
-0.011017
-0.012512
-0.017639
-0.015900
-0.010101
-0.007263
-0.007538
-0.009918
-0.012024
-0.013367
-0.012360
-0.009155
-0.007782
-0.008057
-0.008881
-0.009583
-0.009216
-0.009003
-0.006317
-0.004547
-0.004974
-0.006134
-0.006500
-0.006226
-0.005280
-0.003326
-0.002289
-0.002380
-0.003723
-0.003845
-0.002441
-0.001099
0.000031
-0.000763
-0.001953
-0.001678
-0.000519
0.001495
0.002960
0.002197
-0.000244
-0.001434
-0.001190
-0.000183
0.000702
0.001038
0.000305
-0.000031
0.000275
0.001282
0.002777
0.000092
-0.000488
0.000366
-0.000580
0.000702
-0.000977
0.001343
-0.001160
0.070068
0.209381
0.027466
-0.367706
-0.323853
0.114685
0.418457
0.375000
0.118744
-0.012054
0.050140
0.120880
0.070831
-0.054291
-0.019867
-0.015320
-0.072815
-0.065643
-0.042053
-0.034943
-0.047943
-0.041412
-0.044067
-0.025146
-0.027527
-0.007141
0.000183
-0.006317
-0.032166
-0.033997
-0.025726
-0.038849
-0.004608
0.015808
-0.001007
-0.003204
-0.008820
-0.022278
-0.013031
-0.031250
-0.033295
-0.012329
-0.014496
-0.012482
-0.013123
-0.026093
-0.019043
-0.008575
-0.004761
-0.008759
-0.019714
-0.020630
-0.007538
-0.005920
-0.016357
-0.020782
-0.018707
-0.016479
-0.017609
-0.012787
-0.006287
-0.006104
-0.012360
-0.016327
-0.013611
-0.008362
-0.005310
-0.001740
-0.003174
-0.004425
-0.007080
-0.007446
-0.005676
-0.005249
-0.004944
-0.005707
-0.008026
-0.011505
-0.009918
-0.005341
-0.001282
-0.001465
-0.003967
-0.006958
-0.005951
-0.002716
-0.001251
-0.002319
-0.004089
-0.005493
-0.004089
-0.002014
0.000427
0.002045
0.000732
-0.001709
-0.004486
-0.004211
-0.000519
0.003021
0.001984
-0.000366
-0.002869
-0.003784
-0.001190
0.001984
0.002106
0.000336
-0.001190
-0.000824
0.000458
0.002167
0.003143
0.002716
0.001923
0.002045
0.002106
0.002411
0.004669
0.005524