-0.000031
0.000122
0.000092
-0.001068
0.001801
-0.003448
0.005310
-0.007874
0.011017
-0.007019
0.128906
0.106659
0.038635
-0.290405
-0.419281
0.286133
0.283661
0.411865
0.266357
-0.150208
0.006866
0.081329
0.019257
-0.022614
0.004578
-0.150116
-0.022217
-0.016541
-0.116180
0.002319
-0.034485
-0.037109
-0.021759
-0.020691
0.005615
0.003998
-0.010529
-0.014252
-0.014252
-0.026550
-0.007294
-0.015564
-0.009949
-0.032684
-0.017517
0.010651
-0.015015
-0.008484
-0.000977
-0.003662
-0.010468
0.003082
-0.004242
-0.007202
-0.025238
-0.032837
-0.000031
0.005585
-0.003235
-0.001099
0.003754
-0.008789
-0.012909
-0.013184
-0.016724
-0.024384
-0.041229
-0.035461
-0.024017
-0.021790
-0.015747
-0.011566
-0.015167
-0.020264
-0.016602
-0.015594
-0.009552
-0.006958
-0.009094
-0.011902
-0.012787
-0.011444
-0.008972
-0.004761
-0.003479
-0.005127
-0.011658
-0.011383
-0.009460
-0.006439
-0.005280
-0.004761
-0.005737
-0.006348
-0.004120
-0.001587
0.000732
-0.000610
-0.000488
-0.001740
-0.001953
-0.000214
0.000305
0.000916
0.000275
-0.002594
-0.003632
-0.002625
-0.000244
0.001465
0.000793
-0.000702
-0.002289
-0.002808
-0.000488
0.001373
0.001434
0.001526
0.000275
0.000885
0.002899
0.003601
0.003387
0.001312
-0.000793
0.000305
0.002258
0.003845
-0.000031
0.000122
0.000092
-0.001068
0.001801
-0.003448
0.005310
-0.007874
0.011017
-0.007019
0.128906
0.106659
0.038635
-0.290405
-0.419281
0.286133
0.283661
0.411865
0.266357
-0.150208
0.006866
0.081329
0.019257
-0.022614
0.004578
-0.150116
-0.022217
-0.016541
-0.116180
0.002319
-0.034485
-0.037109
-0.021759
-0.020691
0.005615
0.003998
-0.010529
-0.014252
-0.014252
-0.026550
-0.007294
-0.015564
-0.009949
-0.032684
-0.017517
0.010651
-0.015015
-0.008484
-0.000977
-0.003662
-0.010468
0.003082
-0.004242
-0.007202
-0.025238
-0.032837
-0.000031
0.005585
-0.003235
-0.001099
0.003754
-0.008789
-0.012909
-0.013184
-0.016724
-0.024384
-0.041229
-0.035461
-0.024017
-0.021790
-0.015747
-0.011566
-0.015167
-0.020264
-0.016602
-0.015594
-0.009552
-0.006958
-0.009094
-0.011902
-0.012787
-0.011444
-0.008972
-0.004761
-0.003479
-0.005127
-0.011658
-0.011383
-0.009460
-0.006439
-0.005280
-0.004761
-0.005737
-0.006348
-0.004120
-0.001587
0.000732
-0.000610
-0.000488
-0.001740
-0.001953
-0.000214
0.000305
0.000916
0.000275
-0.002594
-0.003632
-0.002625
-0.000244
0.001465
0.000793
-0.000702
-0.002289
-0.002808
-0.000488
0.001373
0.001434
0.001526
0.000275
0.000885
0.002899
0.003601
0.003387
0.001312
-0.000793
0.000305
0.002258
0.003845