-0.000031
0.000000
0.000000
0.000000
-0.000031
-0.000061
0.000000
0.000061
0.000000
0.000031
-0.000183
0.000031
-0.000427
0.000488
-0.000549
0.000916
-0.001129
0.023804
0.074005
0.062714
-0.100037
-0.211517
-0.041809
0.127899
0.164978
0.154510
0.078979
0.035034
0.055237
0.044556
0.025024
0.042358
0.022491
-0.009369
-0.016663
-0.028595
-0.025269
-0.022949
-0.029022
-0.017517
-0.006500
-0.011200
-0.005615
-0.033844
-0.009766
0.027130
-0.005615
-0.000244
-0.015167
-0.031189
-0.009735
-0.005371
-0.009125
-0.016449
-0.026489
-0.016663
0.001312
-0.009308
-0.018341
-0.013702
-0.003357
-0.004761
-0.018677
-0.019104
-0.016144
-0.014038
-0.013031
-0.012451
-0.012787
-0.011169
-0.009796
-0.010040
-0.012085
-0.015472
-0.015991
-0.019073
-0.019043
-0.014984
-0.009796
-0.008514
-0.014343
-0.018494
-0.017365
-0.014801
-0.010284
-0.007538
-0.009125
-0.010437
-0.010986
-0.012970
-0.013489
-0.010315
-0.006958
-0.007202
-0.009521
-0.010071
-0.009094
-0.006836
-0.005463
-0.004395
-0.004700
-0.005859
-0.005493
-0.005402
-0.004242
-0.002899
-0.002625
-0.003052
-0.003815
-0.002380
-0.000183
0.001160
0.000458
-0.000946
-0.001770
-0.000763
0.001740
0.002594
0.002014
-0.000122
-0.002258
-0.002014
-0.000458
0.001160
0.001801
0.001556
0.000549
-0.000488
0.000122
-0.000488
0.000427
-0.000916
0.001160
-0.002747
0.032745
0.193542
0.161896
-0.290436
-0.427704
-0.020691
0.336029
0.477295
0.256775
-0.020416
0.033813
0.110901
0.108307
-0.012970
-0.079163
-0.016785
-0.057648
-0.086975
-0.063049
-0.040802
-0.056610
-0.051605
-0.052490
-0.022156
-0.024597
-0.012634
0.000275
-0.019928
-0.012085
-0.027008
-0.034027
-0.027924
-0.029938
-0.019867
0.031616
0.002289
-0.011230
-0.012421
-0.030975
-0.007782
-0.014313
-0.032532
-0.017639
-0.020325
-0.031281
-0.013672
-0.015259
-0.014862
-0.006714
-0.007141
-0.010101
-0.021179
-0.028992
-0.020966
-0.015839
-0.019745
-0.020233
-0.017944
-0.014069
-0.002838
-0.002930
-0.003906
-0.010010
-0.017273
-0.016998
-0.009094
-0.002258
-0.003845
-0.004486
-0.005646
-0.004822
-0.008087
-0.007721
-0.004852
-0.001892
-0.003204
-0.006897
-0.009705
-0.009796
-0.006317
-0.001587
-0.001068
-0.002869
-0.005341
-0.005249
-0.002716
-0.001251
-0.001221
-0.003021
-0.005280
-0.005615
-0.002533
0.000214
0.002747
0.001831
-0.001709
-0.005676
-0.005249
-0.001343
0.002838
0.003326
0.000977
-0.002197
-0.003662
-0.001862
-0.001099
0.000244
0.000702
0.000092
-0.000153
0.000549
0.002106
0.002777
0.002411
0.002045
0.000702
0.001343
0.003113
0.004761
0.004700
0.004425
0.004608