0.000000
0.000031
0.000153
-0.000031
0.000000
-0.000275
0.000092
-0.000366
0.000427
-0.000732
0.001068
-0.000061
0.055206
0.149506
0.021271
-0.273743
-0.252045
0.086395
0.285553
0.264771
0.138153
0.011597
0.037628
0.094391
0.039124
-0.001770
0.020264
-0.009583
-0.040131
-0.039948
-0.033020
-0.023651
-0.031647
-0.040375
-0.037201
-0.022888
-0.018646
-0.003845
-0.010986
-0.020996
-0.032227
-0.015350
0.012451
-0.012238
-0.019440
-0.003082
-0.010132
-0.007172
-0.008728
-0.030426
-0.033203
-0.019592
-0.010742
-0.005188
-0.007324
-0.012299
-0.011414
-0.010620
-0.012787
-0.019318
-0.010712
-0.000549
-0.006927
-0.014862
-0.012115
-0.010284
-0.006378
-0.012360
-0.022339
-0.025024
-0.026428
-0.015198
-0.005829
-0.009888
-0.013184
-0.012329
-0.011993
-0.010834
-0.010132
-0.007477
-0.005981
-0.005585
-0.008026
-0.011017
-0.011383
-0.007446
-0.005554
-0.007538
-0.009644
-0.010986
-0.009430
-0.007385
-0.004700
-0.002991
-0.004547
-0.006714
-0.007446
-0.006378
-0.003998
-0.003235
-0.003021
-0.003143
-0.003693
-0.003204
-0.000488
0.001068
0.001160
-0.000671
-0.002960
-0.003265
-0.001556
0.001740
0.001953
-0.000183
-0.001709
-0.002228
-0.001495
0.000946
0.002075
0.001495
0.001007
0.000641
0.000244
0.001099
0.002686
0.002777
0.000458
-0.000305
0.000092
0.000031
-0.000122
0.000000
-0.000427
0.000122
-0.000519
0.000458
-0.000946
0.001160
0.000031
0.066010
0.166565
0.003815
-0.314056
-0.255585
0.121796
0.325409
0.280701
0.124817
0.000641
0.043396
0.105133
0.036835
-0.013306
0.016174
-0.017426
-0.049377
-0.044037
-0.033386
-0.028564
-0.032593
-0.040588
-0.040253
-0.024719
-0.022156
0.000702
-0.007416
-0.020599
-0.030487
-0.030487
-0.002106
-0.000488
-0.019043
-0.003723
-0.004211
-0.009308
-0.005249
-0.025513
-0.037781
-0.025024
-0.012268
-0.008789
-0.002747
-0.012054
-0.017914
-0.016296
-0.013947
-0.015625
-0.006744
-0.004333
-0.009491
-0.009491
-0.009399
-0.008148
-0.008331
-0.014038
-0.024689
-0.030334
-0.021027
-0.010162
-0.011536
-0.012787
-0.010986
-0.009186
-0.011505
-0.012787
-0.010101
-0.004364
-0.002350
-0.004547
-0.009460
-0.011108
-0.009003
-0.006775
-0.005798
-0.007385
-0.009979
-0.010834
-0.009857
-0.006805
-0.003540
-0.002960
-0.004395
-0.006805
-0.006989
-0.006012
-0.003906
-0.003204
-0.003113
-0.004333
-0.004303
-0.002533
-0.000214
0.001160
0.001190
-0.000610
-0.002716
-0.002777
-0.001465
0.001190
0.001312
-0.000275
-0.001953
-0.002991
-0.002106
0.000793
0.002289
0.001556
0.000610
0.000244
0.000397
0.001709
0.003143
0.002686
0.000458
-0.000336
0.001831