-0.000122
0.000580
-0.000610
0.001190
-0.001923
0.002380
-0.003448
0.004150
-0.004974
0.006287
-0.006622
0.058594
0.125244
0.051819
-0.092865
-0.448700
-0.047974
0.256134
0.326141
0.443939
0.009979
-0.066528
0.021973
0.027618
0.010590
0.046387
-0.060303
-0.076019
0.001984
-0.105072
-0.026001
-0.009338
-0.056488
-0.009155
-0.019714
-0.021179
0.003418
-0.002808
-0.018188
0.019897
-0.018005
-0.016052
-0.009613
-0.035889
-0.030670
-0.026031
0.005524
0.000641
0.003876
-0.005219
-0.006287
-0.011414
-0.005951
0.002594
-0.007019
-0.015533
-0.034546
-0.015259
0.009949
0.008636
-0.003052
-0.003540
-0.006744
-0.019501
-0.011810
-0.012146
-0.021912
-0.030151
-0.033203
-0.022552
-0.021820
-0.021484
-0.012543
-0.006989
-0.018738
-0.026611
-0.020935
-0.013062
-0.009827
-0.007568
-0.008698
-0.013092
-0.012054
-0.012054
-0.009888
-0.006683
-0.004913
-0.007874
-0.011810
-0.014435
-0.011078
-0.005371
-0.003204
-0.002563
-0.005219
-0.005493
-0.003998
-0.001007
0.001099
0.000031
-0.000031
-0.002472
-0.003143
-0.000885
0.001373
0.002228
0.000061
-0.002472
-0.005249
-0.003845
0.000244
0.002747
0.002899
-0.000488
-0.003937
-0.004242
-0.001587
0.001587
0.003967
0.002563
0.000336
0.000061
0.001801
0.004181
0.003662
0.001312
-0.001068
-0.000671
-0.000427
0.000977
-0.002502
0.003510
-0.005585
0.007599
-0.010529
0.013672
-0.013733
0.124573
0.141418
0.052643
-0.266907
-0.553314
0.285614
0.368744
0.406982
0.353943
-0.167328
-0.029297
0.076691
0.034698
-0.049408
0.014343
-0.152008
-0.064392
0.020294
-0.126282
-0.011078
-0.029236
-0.042908
-0.020477
-0.032867
0.006317
0.013275
-0.012390
-0.020508
-0.011444
-0.032379
-0.011475
-0.015472
-0.006348
-0.025146
-0.027924
0.007141
-0.011322
-0.012085
-0.003296
-0.001984
-0.011230
0.003479
-0.003876
-0.001953
-0.021271
-0.041656
-0.005463
0.002747
0.002716
0.006989
-0.001862
-0.005066
-0.005707
-0.015320
-0.016907
-0.023010
-0.043274
-0.047333
-0.030243
-0.014679
-0.012726
-0.020294
-0.015778
-0.012146
-0.015015
-0.014984
-0.007141
-0.006317
-0.006470
-0.010986
-0.015839
-0.013031
-0.009552
-0.002045
-0.002289
-0.005280
-0.009033
-0.009338
-0.009949
-0.006561
-0.004364
-0.003418
-0.004730
-0.007416
-0.005707
-0.002380
0.001007
0.000244
-0.001129
-0.002289
-0.002502
-0.000732
0.000702
0.001038
0.000763
-0.002930
-0.004181
-0.002930
-0.000610
0.002228
0.001312
-0.000946
-0.003479
-0.002869
0.000732
0.001404
0.001526
0.001434
0.000183
0.001038
0.002441
0.003448
0.003174
0.001160
0.000214
0.001404
0.002411
0.003937
0.004303