0.000000
-0.000061
0.000031
-0.000031
0.000031
0.000031
-0.000031
-0.000031
0.000122
-0.000092
0.000153
-0.000183
0.000092
-0.000305
0.000122
0.000305
-0.000061
0.000000
0.002350
0.035706
0.064270
0.035767
-0.129669
-0.175385
0.015015
0.118103
0.140839
0.127899
0.069702
0.045197
0.056641
0.039337
0.028534
0.039215
0.006287
-0.008118
-0.013947
-0.017212
-0.008179
-0.014893
-0.018494
-0.013062
-0.007965
-0.005554
-0.021362
-0.035065
0.010254
0.009796
-0.005951
0.004608
-0.017151
-0.024719
-0.007172
-0.005157
-0.015503
-0.021179
-0.025024
-0.009369
-0.008209
-0.016357
-0.017365
-0.012207
-0.002502
-0.009583
-0.017334
-0.016083
-0.013306
-0.010040
-0.007812
-0.013763
-0.016571
-0.018036
-0.017944
-0.011505
-0.011780
-0.012817
-0.013336
-0.016174
-0.015961
-0.012817
-0.011627
-0.012787
-0.014343
-0.018585
-0.019806
-0.014618
-0.011230
-0.008850
-0.008667
-0.009979
-0.009979
-0.011566
-0.010712
-0.011200
-0.010925
-0.008118
-0.007629
-0.008820
-0.008759
-0.006531
-0.004700
-0.004028
-0.005066
-0.005829
-0.005249
-0.004364
-0.003235
-0.002014
-0.001801
-0.001740
-0.002228
-0.001343
0.000092
0.000641
0.000641
-0.000427
-0.001038
-0.001068
0.000336
0.001617
0.001190
0.000122
-0.001373
-0.001495
0.000244
0.001709
0.001617
0.000366
-0.001007
0.001587
-0.002808
0.004395
-0.007599
0.079224
0.244873
0.084900
-0.465240
-0.363739
0.196533
0.352814
0.466217
0.218781
-0.045624
0.064117
0.123779
0.089783
-0.053619
-0.079102
-0.043060
-0.065948
-0.097107
-0.070709
-0.049835
-0.070740
-0.055481
-0.054230
-0.005402
-0.027771
0.003510
-0.001678
-0.035614
-0.020935
-0.009216
-0.025208
-0.030731
-0.017670
-0.030640
0.013336
0.006409
-0.012299
-0.015808
-0.026886
-0.013245
0.005096
-0.017670
-0.034790
-0.022125
-0.030975
-0.024811
-0.005768
-0.009766
-0.010864
-0.014862
-0.012024
-0.018768
-0.033234
-0.029663
-0.020355
-0.019714
-0.021088
-0.015137
-0.008606
-0.001434
-0.002014
-0.002899
-0.011414
-0.017853
-0.017212
-0.006439
0.000031
-0.002014
-0.006317
-0.007751
-0.007111
-0.005981
-0.004608
-0.003693
-0.002167
-0.004944
-0.007690
-0.008331
-0.006317
-0.003021
0.000153
-0.000977
-0.003113
-0.005371
-0.003296
-0.001587
-0.000702
-0.002655
-0.003754
-0.005127
-0.004333
-0.000702
0.001190
0.002991
0.001007
-0.002930
-0.005157
-0.003357
0.001190
0.003418
0.002350
0.000763
-0.002960
-0.003510
-0.002411
-0.000916
0.000305
0.000427
-0.000061
-0.000275
0.001404
0.003632
0.003387
0.001923
0.001373
0.001038
0.001495
0.003387
0.005676
0.006012
0.004456
0.002563
0.002991