-0.000153
0.000244
-0.000244
0.000275
-0.000427
0.000244
-0.000427
0.000122
0.000000
-0.000214
0.000610
0.003906
0.058624
0.090118
0.033081
-0.206055
-0.172760
0.170074
0.200928
0.111328
0.068604
0.055450
0.078186
0.087463
0.033234
-0.008911
0.010681
-0.020935
-0.031067
-0.035400
-0.033508
-0.020050
-0.027252
-0.027740
-0.020569
-0.008209
-0.009247
0.001434
-0.009430
-0.017456
-0.007965
-0.021637
-0.028931
0.000488
-0.009460
-0.012726
-0.003632
-0.016022
-0.004944
-0.012451
-0.016632
-0.013245
-0.015350
-0.017365
-0.007111
-0.008392
-0.020203
-0.015533
-0.007629
-0.004974
-0.012573
-0.016815
-0.015320
-0.015991
-0.011047
-0.008850
-0.011841
-0.009796
-0.009521
-0.010681
-0.009125
-0.008575
-0.014221
-0.022491
-0.022339
-0.015137
-0.013947
-0.017731
-0.019409
-0.016083
-0.012726
-0.010681
-0.010132
-0.006561
-0.005371
-0.007141
-0.008606
-0.012177
-0.011475
-0.008331
-0.006989
-0.007965
-0.007721
-0.006348
-0.006104
-0.006470
-0.006012
-0.004517
-0.003326
-0.004578
-0.004456
-0.003967
-0.003510
-0.001770
-0.000824
-0.001007
-0.002045
-0.002258
-0.001587
-0.000214
0.001221
0.001770
0.001434
0.001434
0.001617
0.001617
0.001343
0.001129
0.000763
0.001038
0.001221
0.000427
0.000336
0.001221
0.001495
0.001282
0.001038
0.000671
-0.001617
0.002411
-0.003845
0.005280
-0.005188
0.101135
0.201508
0.075287
-0.319763
-0.301727
0.314514
0.329681
0.125610
0.095978
0.072876
0.149231
0.109802
-0.010895
-0.113495
-0.033203
-0.037201
-0.092285
-0.072937
-0.060913
-0.027435
-0.047394
-0.042908
-0.027557
-0.003876
-0.023285
-0.008545
-0.029877
-0.037994
-0.007629
-0.008942
0.005585
0.000946
-0.018402
-0.029663
-0.007782
-0.008759
-0.022095
-0.014923
-0.014252
-0.005859
-0.009033
-0.025757
-0.026917
-0.023224
-0.015411
-0.009216
0.002991
-0.017731
-0.028198
-0.015442
-0.004059
-0.003937
-0.011932
-0.012421
-0.006256
-0.004303
-0.014038
-0.018372
-0.027222
-0.026367
-0.020630
-0.018677
-0.012726
-0.007385
-0.009125
-0.008911
-0.009094
-0.008392
-0.009583
-0.006897
-0.001678
-0.000458
-0.005249
-0.007629
-0.006378
-0.006592
-0.005157
-0.004822
-0.004669
-0.006989
-0.007294
-0.006958
-0.005371
-0.001709
-0.000702
-0.004852
-0.005280
-0.006195
-0.004456
-0.000641
-0.001129
-0.001648
-0.001953
-0.002655
-0.000488
0.000671
0.000397
0.000885
-0.000610
-0.001221
-0.001312
-0.000153
0.000732
0.001129
-0.000061
-0.001434
-0.001526
-0.000031
0.001373
0.002136
0.002533
0.001587
0.000153
0.000671
0.001892
0.002716
0.002991
0.003021
0.002747
0.002441
0.002808
0.002075
0.002075