0.000336
-0.000885
0.000977
-0.001617
0.001953
-0.002869
0.003693
-0.005005
0.043243
0.131866
0.107300
-0.163696
-0.317993
0.113617
0.313477
0.142609
0.082611
0.064362
0.095001
0.115265
0.047760
-0.053986
-0.017609
-0.007477
-0.055389
-0.051849
-0.053650
-0.023346
-0.035400
-0.042542
-0.026978
-0.012817
-0.019257
-0.008484
-0.018829
-0.026306
-0.009125
-0.005890
-0.008270
-0.027863
-0.014252
0.002502
-0.005676
-0.018219
-0.005219
-0.016693
-0.015625
-0.006958
-0.018341
-0.026581
-0.027832
-0.019592
-0.006622
-0.005768
-0.009125
-0.003784
-0.004883
-0.014191
-0.020721
-0.011993
-0.005707
-0.009583
-0.011566
-0.008423
-0.009583
-0.009064
-0.011841
-0.020355
-0.026489
-0.025391
-0.019318
-0.010742
-0.011322
-0.011078
-0.009766
-0.006958
-0.008484
-0.011078
-0.008240
-0.005798
-0.006561
-0.010803
-0.009247
-0.008636
-0.007050
-0.006439
-0.004608
-0.005432
-0.006409
-0.007111
-0.008514
-0.007172
-0.004761
-0.003448
-0.003113
-0.005981
-0.007996
-0.005066
-0.002350
-0.001068
0.000122
-0.000275
-0.001770
-0.002106
-0.001801
-0.000092
0.001190
0.001190
-0.000031
-0.000427
-0.000183
0.000671
0.001160
0.000519
0.000061
0.000214
0.000458
0.000824
0.001770
0.002197
0.002106
0.002014
0.002197
0.002289
0.002319
0.001862
0.001709
0.001678
0.000336
-0.000885
0.000977
-0.001617
0.001953
-0.002869
0.003693
-0.005005
0.043243
0.131866
0.107300
-0.163696
-0.317993
0.113617
0.313477
0.142609
0.082611
0.064362
0.095001
0.115265
0.047760
-0.053986
-0.017609
-0.007477
-0.055389
-0.051849
-0.053650
-0.023346
-0.035400
-0.042542
-0.026978
-0.012817
-0.019257
-0.008484
-0.018829
-0.026306
-0.009125
-0.005890
-0.008270
-0.027863
-0.014252
0.002502
-0.005676
-0.018219
-0.005219
-0.016693
-0.015625
-0.006958
-0.018341
-0.026581
-0.027832
-0.019592
-0.006622
-0.005768
-0.009125
-0.003784
-0.004883
-0.014191
-0.020721
-0.011993
-0.005707
-0.009583
-0.011566
-0.008423
-0.009583
-0.009064
-0.011841
-0.020355
-0.026489
-0.025391
-0.019318
-0.010742
-0.011322
-0.011078
-0.009766
-0.006958
-0.008484
-0.011078
-0.008240
-0.005798
-0.006561
-0.010803
-0.009247
-0.008636
-0.007050
-0.006439
-0.004608
-0.005432
-0.006409
-0.007111
-0.008514
-0.007172
-0.004761
-0.003448
-0.003113
-0.005981
-0.007996
-0.005066
-0.002350
-0.001068
0.000122
-0.000275
-0.001770
-0.002106
-0.001801
-0.000092
0.001190
0.001190
-0.000031
-0.000427
-0.000183
0.000671
0.001160
0.000519
0.000061
0.000214
0.000458
0.000824
0.001770
0.002197
0.002106
0.002014
0.002197
0.002289
0.002319
0.001862
0.001709
0.001678