-0.000061
-0.000122
0.000000
-0.000031
0.000031
-0.000153
-0.000061
-0.000122
0.000275
-0.000305
0.000488
-0.000946
0.001007
-0.001465
0.001770
-0.002197
0.002533
-0.002502
0.024109
0.067657
0.071075
0.012329
-0.263428
-0.095428
0.224152
0.178375
0.131012
0.056122
0.064270
0.073730
0.058472
-0.005676
-0.027039
-0.023254
-0.045135
-0.014374
-0.030579
-0.021484
-0.010651
-0.011871
-0.016663
-0.012421
-0.001190
-0.001587
0.005219
-0.015045
-0.009674
-0.013275
-0.021698
-0.019379
-0.011902
-0.010315
-0.010834
-0.006836
-0.020264
-0.028137
-0.016510
0.002014
-0.007477
-0.006683
-0.000946
-0.010162
-0.010040
-0.007019
-0.011993
-0.017395
-0.019897
-0.016205
-0.009613
-0.013763
-0.017639
-0.011444
-0.005524
-0.006470
-0.010376
-0.008484
-0.004395
-0.009552
-0.015411
-0.016449
-0.019165
-0.023743
-0.023407
-0.017273
-0.013733
-0.016235
-0.015808
-0.014862
-0.015930
-0.014618
-0.009949
-0.009918
-0.011841
-0.011292
-0.010406
-0.008179
-0.007355
-0.005981
-0.006104
-0.005707
-0.005005
-0.006287
-0.008209
-0.006592
-0.003723
-0.003571
-0.005585
-0.005798
-0.003448
-0.000885
0.001068
0.001526
0.001465
0.000732
0.000336
0.000183
0.000610
0.001526
0.000977
-0.000458
-0.001251
-0.000763
-0.000092
0.000702
0.001434
0.000854
0.000885
0.001678
-0.000427
0.001007
-0.001068
0.001343
-0.001770
0.001282
-0.001190
0.000122
0.001343
-0.003571
0.006134
0.004700
0.166382
0.165039
0.165253
-0.449829
-0.332001
0.544098
0.183929
0.130737
0.178345
0.118896
0.103180
0.054718
-0.075836
-0.191345
-0.047180
-0.130524
-0.069885
-0.078156
-0.060242
0.001465
-0.007507
0.010254
-0.024261
0.022522
-0.016541
-0.016754
-0.045044
-0.021301
-0.037445
-0.036041
0.007141
-0.009827
0.006287
0.001099
-0.018616
-0.048309
-0.032166
-0.020416
0.001465
0.007294
-0.009796
-0.012054
-0.007507
-0.001038
0.002167
-0.008942
-0.019043
-0.014923
-0.013458
-0.014526
-0.012329
-0.019257
-0.016510
-0.001587
-0.002563
-0.001831
-0.005829
-0.011932
-0.019836
-0.032837
-0.039520
-0.032257
-0.025757
-0.018585
-0.006195
0.001312
-0.004059
-0.007080
-0.005371
-0.003723
-0.003845
-0.008118
-0.008789
-0.011780
-0.010284
-0.007263
-0.001984
0.000000
-0.002747
-0.005768
-0.006592
-0.005859
-0.002228
-0.000031
-0.000916
-0.004791
-0.007324
-0.007355
-0.003479
0.000488
0.002014
0.001343
-0.001495
-0.001007
0.000488
0.002380
0.003082
0.000732
-0.004364
-0.005310
-0.002441
0.000610
0.003906
0.003754
-0.000671
-0.002991
-0.002258
0.001740
0.005127
0.005676
0.002380
-0.000244
-0.000031
0.001190
0.004120
0.002899