0.000061
0.000061
0.000000
0.000122
0.000092
0.000122
0.000031
0.000000
0.000122
0.000244
-0.000061
0.000336
-0.000488
0.000854
-0.001312
0.001953
-0.002167
0.003540
-0.003601
0.035309
0.066650
0.071594
-0.066559
-0.262939
0.021423
0.225616
0.138824
0.089020
0.059845
0.076508
0.075256
0.059204
-0.007690
-0.012787
-0.021240
-0.034576
-0.022125
-0.033295
-0.011902
-0.007538
-0.009369
-0.016449
-0.006744
-0.003052
-0.002991
-0.005920
-0.018860
-0.011108
-0.012909
-0.020172
-0.017975
-0.012115
-0.029877
-0.014740
-0.000427
-0.013458
-0.009460
-0.009674
-0.005188
-0.002045
-0.010101
-0.014221
-0.016052
-0.020020
-0.014130
-0.007782
-0.013763
-0.014954
-0.008972
-0.005585
-0.010529
-0.021240
-0.021118
-0.012146
-0.006226
-0.005920
-0.005096
-0.006287
-0.006226
-0.007416
-0.011963
-0.017456
-0.026367
-0.030396
-0.023071
-0.014099
-0.014954
-0.016449
-0.015350
-0.010010
-0.007233
-0.009766
-0.008850
-0.007111
-0.007721
-0.009796
-0.009857
-0.010071
-0.009277
-0.006897
-0.006348
-0.007416
-0.007477
-0.004608
-0.003448
-0.003479
-0.004303
-0.004761
-0.003876
-0.003876
-0.002472
-0.001404
0.000031
0.000122
-0.000275
-0.000793
-0.000610
0.000610
0.001373
0.001801
0.001007
0.000214
0.000793
0.001801
0.001587
0.001404
0.001160
0.001282
-0.000244
0.000946
-0.001068
0.001495
-0.002319
0.002686
-0.003601
0.004089
-0.004547
0.004944
-0.006134
0.038818
0.179932
0.190796
-0.002319
-0.513489
-0.017609
0.476776
0.120026
0.157593
0.137512
0.115601
0.101807
0.044495
-0.114319
-0.133057
-0.038971
-0.113922
-0.080048
-0.088593
-0.033905
-0.016022
-0.020325
-0.018555
-0.007294
0.004639
-0.017731
-0.005463
-0.031036
-0.011688
-0.037567
-0.017822
-0.004028
-0.004517
-0.001923
-0.022614
-0.036163
-0.045532
-0.016754
-0.001892
0.007324
-0.001678
-0.017365
-0.008972
-0.011414
-0.005554
-0.008820
-0.021851
-0.014954
-0.014343
-0.011902
-0.011688
-0.013245
-0.017883
-0.009491
-0.005890
-0.007996
-0.007202
-0.006989
-0.013428
-0.027374
-0.031372
-0.030060
-0.024567
-0.013123
-0.006409
-0.006805
-0.005890
-0.004791
-0.003387
-0.006775
-0.005371
-0.004700
-0.004578
-0.009064
-0.011536
-0.009613
-0.004639
0.000702
-0.001343
-0.004639
-0.006042
-0.006561
-0.006104
-0.002289
0.000427
-0.000763
-0.004211
-0.006622
-0.006378
-0.001770
0.000336
0.001038
-0.000549
-0.002563
-0.001312
0.001251
0.002075
0.001251
-0.001221
-0.004181
-0.003418
-0.000305
0.002380
0.004272
0.001312
-0.003021
-0.002014
0.000153
0.003113
0.005035
0.003632
0.000946
0.000549
0.000488
0.001465
0.001709
0.000641