0.000061
0.000061
0.000031
0.000061
0.000061
0.000031
0.000031
0.000031
0.000000
0.000092
0.000000
0.000061
0.000061
0.000122
0.000000
0.000183
-0.000092
0.000458
-0.000336
0.000671
-0.000488
0.000946
-0.000549
0.001434
-0.000549
0.034332
0.061707
-0.055847
-0.051147
0.037537
0.017242
0.018066
0.022369
0.068359
0.131409
0.072205
0.003235
0.019775
0.020782
0.014771
0.001709
-0.016510
-0.010559
-0.007568
-0.010376
-0.010986
-0.004486
-0.001221
0.000122
0.007416
0.019745
0.028137
0.019165
0.003845
-0.015869
-0.019714
-0.018982
-0.020691
-0.024200
-0.025757
-0.020294
-0.018982
-0.019562
-0.018280
-0.012970
-0.017273
-0.017029
-0.013062
-0.014557
-0.014862
-0.017609
-0.016479
-0.013794
-0.015930
-0.014771
-0.016418
-0.015533
-0.013275
-0.011841
-0.010437
-0.011108
-0.009705
-0.009308
-0.007507
-0.007599
-0.006714
-0.005859
-0.006927
-0.007202
-0.007477
-0.006500
-0.006592
-0.008118
-0.008423
-0.008789
-0.008057
-0.008118
-0.009033
-0.008881
-0.008057
-0.007660
-0.008240
-0.007874
-0.007751
-0.006989
-0.006439
-0.005585
-0.004242
-0.003510
-0.003143
-0.002838
-0.002655
-0.002350
-0.002686
-0.002686
-0.003052
-0.003143
-0.002686
-0.003021
-0.002838
-0.002380
-0.001923
-0.001434
-0.001068
-0.000824
-0.000427
0.000000
0.000092
0.001892
-0.001007
-0.000427
0.003082
-0.006439
0.007172
0.056091
0.447784
-0.333740
-0.583832
0.395111
0.190430
-0.084503
0.228210
0.553680
0.009155
-0.305756
0.236755
0.442108
0.128632
-0.142120
-0.243866
-0.116455
0.061371
-0.133667
-0.080597
0.011169
-0.118591
-0.024658
0.000824
-0.045837
-0.057892
-0.095917
-0.063568
-0.018066
-0.079010
-0.070404
-0.019257
-0.028076
-0.011932
-0.031189
-0.016388
-0.001251
-0.019714
-0.018097
-0.003754
-0.010925
-0.010590
-0.020660
-0.027893
-0.019012
-0.022217
-0.012146
-0.011200
-0.021606
-0.019287
-0.011230
-0.013153
-0.009552
-0.009766
-0.002197
-0.005005
-0.012634
-0.007050
-0.004761
-0.007263
-0.001984
-0.002289
-0.003937
-0.005707
-0.004608
0.000397
-0.000519
-0.000488
-0.000366
-0.003571
-0.008698
-0.004883
-0.003204
-0.002289
-0.004333
-0.004730
-0.006195
-0.005829
-0.002106
0.002594
0.004120
-0.001038
-0.003601
-0.004211
-0.001678
0.002380
0.001862
-0.003937
-0.008942
-0.008392
-0.003235
-0.001007
-0.001312
-0.002167
-0.004425
-0.004639
-0.002838
-0.001007
0.000183
-0.001801
-0.001190
-0.000336
-0.001221
0.001099
0.003082
0.003876
0.001495
0.000244
0.001678
0.003601
0.006439
0.007324
0.003723
0.002411
0.005219
0.007233
0.006958
0.006348
0.007111
0.006653
0.007202
0.007935