-0.000031
-0.000031
0.000000
0.000000
0.000031
0.000000
0.000031
0.000000
0.000000
0.000031
0.000000
0.000000
0.000061
-0.000031
0.000122
0.000000
0.000061
0.000092
0.000031
0.000092
0.000031
0.000122
0.000000
0.000641
-0.000153
0.000244
0.006592
0.047668
0.006958
-0.054810
0.003723
0.021362
0.014526
0.021667
0.026154
0.072754
0.092987
0.039276
0.016327
0.030487
0.018921
0.018829
0.004974
-0.006866
0.000946
-0.006989
-0.003693
0.014313
0.032349
0.040466
0.029999
0.007812
-0.007812
-0.014740
-0.017975
-0.024780
-0.030121
-0.028503
-0.027740
-0.020660
-0.021240
-0.019592
-0.015442
-0.016388
-0.015350
-0.013977
-0.014923
-0.016266
-0.015381
-0.016754
-0.015472
-0.016449
-0.017487
-0.015564
-0.015625
-0.015503
-0.015442
-0.015717
-0.015259
-0.015533
-0.013031
-0.010254
-0.009979
-0.009735
-0.008698
-0.007507
-0.006226
-0.006653
-0.006866
-0.005829
-0.006592
-0.007965
-0.008575
-0.007874
-0.007843
-0.007599
-0.006775
-0.005981
-0.006256
-0.007507
-0.008179
-0.008270
-0.008331
-0.008087
-0.008667
-0.008209
-0.007660
-0.006897
-0.005737
-0.005402
-0.003998
-0.003723
-0.002777
-0.002075
-0.002045
-0.001678
-0.001953
-0.001617
-0.001892
-0.001465
-0.001709
-0.001770
-0.001587
-0.002136
-0.001587
-0.001373
-0.000885
-0.000641
0.000092
-0.002563
0.005981
-0.010742
0.012451
0.047363
0.520386
-0.369232
-0.707855
0.466949
0.187592
-0.037872
0.262177
0.568787
0.106964
-0.440033
0.114838
0.486542
0.201721
-0.090240
-0.274719
-0.153748
0.040985
-0.126221
-0.056122
0.005493
-0.129059
-0.018280
0.006195
-0.069916
-0.049072
-0.078522
-0.063385
-0.031952
-0.099854
-0.055389
-0.014130
-0.036255
-0.016815
-0.036011
-0.010651
-0.000122
-0.027344
-0.017883
-0.006165
-0.020691
-0.011261
-0.023193
-0.034058
-0.016785
-0.025452
-0.014374
-0.008484
-0.016144
-0.016602
-0.011353
-0.011810
-0.005371
-0.010956
-0.006866
-0.007874
-0.015259
-0.009521
-0.005341
-0.006958
-0.003448
-0.001038
-0.002045
-0.003021
-0.005280
-0.001801
-0.002075
-0.001709
-0.002472
-0.004272
-0.007050
-0.003723
-0.002960
-0.000946
-0.002350
-0.002869
-0.005676
-0.006805
-0.002655
0.001678
0.004120
-0.002197
-0.003998
-0.003082
-0.000488
0.004486
0.003235
-0.002869
-0.008148
-0.009186
-0.004059
-0.002777
-0.002930
-0.002991
-0.003204
-0.002747
-0.002533
-0.000488
0.000458
-0.001007
-0.001617
-0.000977
-0.001831
0.000763
0.004059
0.004578
0.001251
-0.001526
0.000153
0.002197
0.005188
0.007874
0.004547
0.002747
0.004211
0.006653
0.007385
0.005829
0.006409
0.006287
0.007172
0.007843
0.007202