0.000061
0.000000
0.000031
0.000031
0.000000
0.000031
0.000000
0.000031
0.000000
0.000000
0.000061
0.000000
0.000031
0.000000
0.000031
0.000061
0.000031
0.000000
0.000244
-0.000153
0.000488
-0.000519
0.001068
-0.000854
0.001587
0.001129
0.044067
0.035156
-0.062927
-0.018524
0.030853
0.013550
0.020660
0.022400
0.071991
0.114563
0.052887
0.005157
0.023987
0.022400
0.020721
-0.001648
-0.011108
0.002502
-0.011078
-0.010590
-0.004517
0.001129
0.011627
0.026184
0.034515
0.023315
0.007599
-0.008179
-0.018402
-0.023468
-0.023224
-0.027435
-0.026306
-0.022308
-0.021637
-0.020660
-0.017029
-0.015411
-0.015747
-0.014679
-0.014221
-0.015503
-0.017242
-0.014343
-0.016388
-0.016205
-0.016541
-0.015320
-0.014557
-0.016876
-0.015717
-0.015747
-0.014343
-0.011810
-0.010315
-0.010223
-0.011169
-0.009613
-0.006958
-0.006226
-0.006897
-0.006714
-0.005920
-0.007172
-0.007233
-0.007355
-0.008392
-0.008148
-0.007996
-0.007812
-0.006989
-0.007385
-0.007263
-0.008606
-0.008759
-0.008026
-0.007751
-0.008148
-0.008789
-0.007446
-0.006683
-0.005341
-0.004547
-0.004211
-0.003662
-0.002991
-0.002319
-0.002014
-0.002197
-0.002533
-0.002289
-0.002502
-0.002777
-0.001923
-0.002106
-0.002472
-0.001678
-0.001282
-0.001160
-0.000946
-0.000610
-0.000214
0.008881
-0.011902
0.015656
-0.020233
0.025513
-0.031555
0.327576
0.212585
-0.806519
-0.009766
0.447357
-0.039337
0.065063
0.470398
0.398682
-0.316406
-0.130737
0.428467
0.341614
0.001770
-0.219391
-0.250824
0.020203
-0.026367
-0.154419
0.021851
-0.076202
-0.092926
0.024078
-0.039246
-0.057159
-0.072296
-0.086823
-0.027222
-0.057526
-0.093872
-0.025726
-0.026184
-0.020966
-0.023590
-0.032928
0.002869
-0.012634
-0.026917
-0.005310
-0.008911
-0.016602
-0.011902
-0.031403
-0.023773
-0.022125
-0.018616
-0.009949
-0.014526
-0.020386
-0.012878
-0.013336
-0.010345
-0.007782
-0.008209
-0.002625
-0.012634
-0.011261
-0.006012
-0.006439
-0.005066
-0.001007
-0.003357
-0.002808
-0.005951
-0.002930
-0.001007
-0.001190
-0.000946
-0.001648
-0.006134
-0.006348
-0.003357
-0.002075
-0.002228
-0.004730
-0.004761
-0.006989
-0.004395
-0.000610
0.003967
0.001251
-0.003113
-0.002533
-0.001221
0.001038
0.001801
-0.001221
-0.005676
-0.008759
-0.006561
-0.003571
-0.002655
-0.000824
-0.001709
-0.003326
-0.004364
-0.003052
0.000183
0.000336
-0.002075
-0.001465
-0.001678
0.000000
0.003052
0.004089
0.002747
-0.000580
-0.000488
0.002228
0.004456
0.007324
0.006683
0.002716
0.003387
0.005737
0.007233
0.006287
0.006256
0.006531
0.006805
0.007812
0.007690