0.000000
0.000031
-0.000031
0.000031
0.000000
0.000031
0.000031
0.000031
0.000031
0.000031
0.000031
0.000061
0.000000
0.000092
0.000031
0.000061
0.000061
0.000031
0.000031
0.000153
0.000061
-0.000061
0.000061
0.000610
0.000000
0.000305
-0.000092
-0.000305
0.000305
0.007446
0.027008
0.003143
-0.019226
0.005646
0.026337
0.023834
0.011536
0.015747
0.036194
0.069092
0.064636
0.055573
0.040833
0.009003
0.049713
0.072540
0.052185
0.038940
0.005280
-0.022156
-0.022064
-0.019928
-0.027374
-0.024200
-0.022797
-0.023712
-0.022278
-0.022400
-0.018829
-0.016724
-0.018707
-0.020599
-0.019562
-0.018250
-0.020111
-0.018494
-0.017181
-0.014984
-0.013733
-0.015045
-0.015198
-0.016052
-0.015900
-0.016205
-0.016907
-0.018341
-0.018494
-0.016907
-0.015381
-0.012421
-0.012146
-0.011475
-0.010162
-0.011139
-0.010620
-0.011749
-0.009888
-0.008179
-0.007019
-0.007019
-0.008057
-0.006866
-0.006531
-0.005768
-0.005402
-0.005829
-0.006592
-0.006927
-0.006836
-0.006317
-0.005463
-0.006165
-0.006531
-0.006165
-0.007172
-0.007568
-0.007690
-0.007629
-0.007446
-0.007141
-0.006287
-0.006134
-0.005798
-0.004639
-0.003632
-0.002991
-0.002136
-0.001160
-0.000336
0.000214
0.000305
-0.000122
-0.000519
-0.000793
-0.000732
-0.000366
0.000122
0.000549
0.001343
0.001678
-0.005188
0.003448
0.108337
0.607910
-0.613159
-0.701660
0.594147
0.105499
0.076691
0.241486
0.697876
0.243744
-0.588409
-0.013306
0.402527
0.194000
-0.044708
-0.138794
-0.253784
-0.039703
-0.071594
-0.084167
0.008667
-0.097107
0.010590
-0.048492
-0.059784
-0.007324
-0.046387
-0.084015
-0.057861
-0.091858
-0.069519
-0.012360
-0.048248
-0.006256
-0.022949
-0.007294
-0.017944
-0.043060
-0.036377
-0.029480
-0.024536
-0.013977
-0.019653
-0.027435
-0.008057
-0.018707
-0.010101
-0.000183
-0.012085
-0.010040
-0.011841
-0.014374
-0.013367
-0.016144
-0.006195
-0.008179
-0.017029
-0.013580
-0.007538
-0.007385
0.003052
0.003601
0.000977
-0.004517
-0.003937
-0.002838
-0.003998
-0.002014
-0.004333
-0.006775
-0.011139
-0.005768
-0.002502
0.001007
-0.000092
0.000641
-0.002472
-0.003662
-0.001740
0.001892
0.005066
-0.000946
-0.003876
-0.004669
-0.003510
0.002014
0.003174
-0.000366
-0.006683
-0.008728
-0.004517
-0.002747
0.000763
0.000916
-0.002716
-0.005371
-0.005951
-0.001862
0.001556
0.000061
0.000580
0.000671
0.000244
0.002289
0.003510
0.004456
0.002930
0.001221
0.001099
0.000824
0.003784
0.005798
0.003876
0.003265
0.003845
0.005219
0.005493
0.007019
0.008026
0.006927
0.006256
0.007843
0.008362
0.008881