0.000092
0.000153
-0.000458
0.000946
-0.001617
0.001953
-0.002838
0.003510
-0.004608
0.004883
-0.005341
0.005707
-0.002167
0.162811
0.160309
-0.378113
0.062531
0.051910
-0.228363
0.397125
0.159546
-0.000214
0.331268
0.378540
-0.170532
-0.198975
0.221741
-0.148407
-0.241943
0.076599
-0.011932
-0.152588
-0.031982
-0.008270
0.020538
-0.022858
-0.056519
0.063141
0.009033
-0.035339
0.027893
-0.011627
-0.046051
-0.007843
-0.033112
-0.041534
-0.046143
-0.053589
-0.045837
-0.041656
-0.042755
-0.048645
-0.027100
-0.005676
-0.015411
-0.007294
0.001740
-0.002563
-0.003998
-0.005798
-0.006134
-0.000793
-0.001007
-0.009125
-0.005188
-0.009796
-0.012726
-0.013611
-0.014740
-0.013916
-0.014832
-0.013275
-0.008209
-0.010681
-0.006287
-0.002289
-0.001648
-0.002380
-0.006195
-0.004272
-0.004852
-0.006775
-0.007751
-0.006561
-0.008026
-0.006195
-0.005859
-0.007172
-0.007141
-0.007690
-0.004944
-0.003174
-0.003906
-0.001862
-0.003082
-0.001801
-0.000854
0.000336
-0.000214
-0.002777
-0.002197
-0.005524
-0.005127
-0.004181
-0.002411
-0.001007
-0.001221
0.000061
0.000427
-0.000580
-0.000183
-0.000580
-0.000427
-0.000031
0.000122
0.001282
0.001831
0.000580
-0.000031
0.000275
0.000824
0.002441
0.003326
0.004669
0.003937
0.004089
0.004333
0.003601
0.000092
0.000153
-0.000458
0.000946
-0.001617
0.001953
-0.002838
0.003510
-0.004608
0.004883
-0.005341
0.005707
-0.002167
0.162811
0.160309
-0.378113
0.062531
0.051910
-0.228363
0.397125
0.159546
-0.000214
0.331268
0.378540
-0.170532
-0.198975
0.221741
-0.148407
-0.241943
0.076599
-0.011932
-0.152588
-0.031982
-0.008270
0.020538
-0.022858
-0.056519
0.063141
0.009033
-0.035339
0.027893
-0.011627
-0.046051
-0.007843
-0.033112
-0.041534
-0.046143
-0.053589
-0.045837
-0.041656
-0.042755
-0.048645
-0.027100
-0.005676
-0.015411
-0.007294
0.001740
-0.002563
-0.003998
-0.005798
-0.006134
-0.000793
-0.001007
-0.009125
-0.005188
-0.009796
-0.012726
-0.013611
-0.014740
-0.013916
-0.014832
-0.013275
-0.008209
-0.010681
-0.006287
-0.002289
-0.001648
-0.002380
-0.006195
-0.004272
-0.004852
-0.006775
-0.007751
-0.006561
-0.008026
-0.006195
-0.005859
-0.007172
-0.007141
-0.007690
-0.004944
-0.003174
-0.003906
-0.001862
-0.003082
-0.001801
-0.000854
0.000336
-0.000214
-0.002777
-0.002197
-0.005524
-0.005127
-0.004181
-0.002411
-0.001007
-0.001221
0.000061
0.000427
-0.000580
-0.000183
-0.000580
-0.000427
-0.000031
0.000122
0.001282
0.001831
0.000580
-0.000031
0.000275
0.000824
0.002441
0.003326
0.004669
0.003937
0.004089
0.004333
0.003601