0.000000
0.000000
0.000000
0.000000
-0.000031
0.000000
0.000000
-0.000061
-0.000031
0.000000
-0.000061
0.000061
0.000000
-0.000122
0.000092
-0.000214
0.000153
-0.000458
0.000854
-0.001038
0.001282
0.004242
0.052460
0.034485
-0.058655
0.014954
-0.001190
-0.035950
0.070984
0.062927
0.042389
0.104309
0.162598
0.054565
-0.010803
0.057465
0.007080
-0.047882
-0.019836
-0.025330
-0.037811
-0.025513
-0.012177
0.006866
-0.007751
-0.004333
0.022217
0.010193
-0.005524
0.000366
-0.011139
-0.016113
-0.009125
-0.017334
-0.021027
-0.026184
-0.027100
-0.024445
-0.021851
-0.019104
-0.017792
-0.018311
-0.020660
-0.021362
-0.022003
-0.023804
-0.022583
-0.020386
-0.016602
-0.015167
-0.012482
-0.010071
-0.009521
-0.009216
-0.010559
-0.010223
-0.010406
-0.008484
-0.007202
-0.008331
-0.007538
-0.006500
-0.007721
-0.007599
-0.007568
-0.006470
-0.007324
-0.006989
-0.007080
-0.008301
-0.008881
-0.009430
-0.007874
-0.007599
-0.005615
-0.005371
-0.005768
-0.005188
-0.006897
-0.006500
-0.006165
-0.005707
-0.005280
-0.005035
-0.003632
-0.003479
-0.002319
-0.002655
-0.003265
-0.003540
-0.003357
-0.003113
-0.003906
-0.002838
-0.001862
-0.000885
-0.001251
-0.001068
-0.001099
-0.000977
-0.000702
-0.000977
-0.000519
0.000000
0.001099
0.001282
0.000671
0.000336
0.001282
-0.000916
-0.000763
0.002838
-0.005066
0.005310
0.058838
0.439880
-0.149597
-0.543182
0.011139
0.011902
0.360901
0.208099
0.113678
0.701874
0.385284
-0.399200
-0.149048
0.119537
-0.250336
0.040894
-0.051849
-0.163483
-0.058685
-0.149323
-0.008850
0.008453
-0.027283
-0.008667
0.044067
-0.040710
0.015625
0.012238
-0.045197
-0.049011
-0.117218
-0.088013
-0.059570
-0.032013
-0.051788
-0.065948
-0.028931
-0.014923
-0.037201
-0.030640
-0.009674
-0.015991
0.005127
-0.007965
-0.004913
-0.002289
-0.012573
-0.002838
-0.005005
-0.004333
-0.007080
-0.011841
-0.017395
-0.014893
-0.015045
-0.009674
-0.010925
-0.015289
-0.008942
-0.004303
-0.001953
-0.000488
0.000702
-0.002502
-0.001862
-0.006378
-0.004669
-0.004425
-0.004517
-0.001648
-0.003998
-0.004333
-0.004395
-0.002106
-0.004395
-0.004364
-0.005493
-0.005890
-0.003693
-0.005371
-0.000061
0.000000
-0.000153
0.002075
0.000000
-0.001038
-0.001984
-0.001007
-0.004669
-0.007050
-0.006775
-0.005341
-0.002228
0.000153
0.001526
0.000519
-0.003448
-0.004150
-0.001892
-0.001068
0.000458
-0.000061
0.001038
0.003052
0.003571
0.003571
0.003510
0.002930
0.002411
0.003571
0.003357
0.004333
0.006317
0.006989
0.007660
0.007782
0.007751
0.007294
0.007935
0.007416
0.006165
0.006012