-0.000031
-0.000031
0.000000
-0.000061
-0.000092
0.000092
-0.000183
0.000092
-0.000061
-0.000183
0.000366
-0.000732
0.000824
-0.001434
0.001740
-0.002106
0.002045
0.012970
0.116425
0.008820
-0.148895
0.065674
-0.031769
-0.037628
0.170471
0.083466
0.057739
0.187958
0.210236
-0.052979
-0.038605
0.094604
-0.061005
-0.090332
0.010620
-0.029633
-0.073700
-0.035431
-0.012970
0.007202
-0.023743
-0.012634
0.025391
-0.006775
-0.011230
0.006073
-0.016083
-0.018219
-0.012451
-0.023834
-0.023804
-0.022888
-0.024170
-0.026703
-0.024567
-0.016144
-0.017609
-0.015961
-0.019440
-0.027893
-0.020020
-0.020538
-0.019928
-0.018127
-0.015778
-0.014496
-0.008850
-0.008026
-0.011810
-0.011383
-0.013611
-0.011414
-0.011047
-0.010986
-0.008514
-0.008423
-0.005859
-0.003510
-0.004669
-0.003113
-0.002777
-0.003632
-0.007202
-0.008575
-0.008362
-0.007812
-0.008423
-0.007721
-0.007477
-0.009247
-0.008240
-0.007599
-0.006561
-0.005646
-0.006073
-0.005310
-0.004517
-0.003876
-0.002533
-0.002533
-0.001282
-0.001190
-0.001221
-0.003754
-0.005005
-0.003967
-0.003815
-0.002747
-0.002747
-0.001495
-0.000458
-0.000610
-0.000977
-0.002014
-0.002472
-0.002808
-0.002411
-0.001617
-0.001404
-0.000671
0.000000
0.000549
0.000916
0.002197
0.002655
0.003265
0.002960
0.001770
-0.002441
0.003052
-0.004333
0.005341
-0.006714
0.006897
-0.007172
0.008057
-0.008057
0.206818
0.304138
-0.518921
-0.114471
0.085114
-0.173523
0.573853
0.154541
0.001404
0.605042
0.382751
-0.446594
-0.164154
0.257629
-0.330933
-0.140381
0.096619
-0.102417
-0.123291
-0.046204
0.019073
0.031830
-0.130066
-0.056152
0.106537
-0.050018
0.002838
0.051819
-0.019165
-0.033203
-0.015411
-0.044769
-0.078064
-0.106750
-0.081573
-0.031677
-0.053406
-0.063690
-0.042084
-0.005371
-0.001770
-0.018890
0.001556
0.010864
0.006439
-0.000183
-0.007233
-0.001801
-0.003326
-0.004089
-0.009186
-0.006226
-0.011627
-0.011871
-0.014343
-0.012970
-0.011444
-0.011810
-0.007965
-0.003723
-0.006439
-0.004272
-0.001160
-0.003540
-0.002686
-0.009338
-0.006134
-0.005585
-0.004608
-0.004791
-0.006653
-0.009979
-0.006775
-0.004913
-0.005096
-0.004822
-0.008484
-0.004456
-0.001770
-0.001526
0.002441
0.000092
0.000427
0.000763
0.000336
-0.002197
-0.004852
-0.003113
-0.007324
-0.005249
-0.004028
-0.002777
-0.002167
-0.001617
-0.000610
-0.002106
-0.004211
-0.002899
-0.000061
0.000458
0.001709
0.002686
0.003693
0.003845
0.002380
0.001007
0.002197
0.001678
0.001312
0.002350
0.004852
0.006104
0.007935
0.009399
0.008301
0.006714
0.004974
0.004333
0.004639