0.000183
0.000183
0.000244
0.000214
0.000275
0.000183
0.000244
0.000244
0.000183
0.000244
0.000214
0.000244
0.000244
0.000275
0.000153
0.000305
0.000153
0.000275
0.000153
0.000214
0.000366
-0.000031
0.000488
0.000305
0.000488
0.000000
-0.000183
0.007080
0.038666
0.003815
-0.047516
-0.006470
0.010559
0.012909
0.021698
0.024139
0.048248
0.073730
0.062042
0.032043
0.018768
0.022247
0.033966
0.020081
0.020599
0.024353
0.004730
-0.014374
-0.007843
0.006805
0.011414
0.029541
0.015350
-0.009369
-0.010712
-0.010803
-0.015717
-0.014526
-0.012695
-0.018585
-0.020081
-0.025940
-0.020569
-0.015961
-0.018707
-0.017334
-0.016815
-0.015869
-0.014954
-0.013824
-0.015564
-0.014954
-0.016327
-0.015900
-0.014435
-0.016724
-0.017700
-0.017090
-0.013306
-0.011841
-0.012512
-0.012817
-0.012146
-0.009949
-0.009521
-0.008575
-0.007446
-0.006348
-0.007324
-0.008514
-0.008331
-0.008057
-0.007324
-0.009033
-0.010193
-0.010406
-0.009674
-0.008453
-0.007080
-0.005646
-0.005524
-0.005005
-0.004883
-0.004303
-0.003448
-0.003326
-0.002441
-0.002716
-0.004089
-0.004517
-0.004364
-0.003265
-0.002533
-0.003143
-0.003510
-0.004425
-0.005188
-0.004883
-0.004425
-0.004272
-0.003937
-0.002563
-0.002075
-0.002197
-0.002502
-0.003052
-0.003082
-0.003448
-0.000336
-0.002594
0.006561
-0.010956
0.012756
0.052948
0.544891
-0.430237
-0.744659
0.436646
0.050446
0.094208
0.200531
0.381958
0.698212
-0.192017
-0.472351
0.163544
0.270111
0.171387
0.084381
-0.234619
-0.135681
-0.024872
-0.108063
-0.011139
-0.049072
-0.089539
-0.098816
-0.093506
-0.067596
0.022797
-0.040100
-0.063202
-0.011688
-0.025879
-0.058990
-0.068146
-0.022949
-0.027344
-0.014160
-0.020142
-0.020477
-0.028503
-0.047455
-0.037445
-0.002625
-0.000305
-0.010101
-0.016998
-0.024536
-0.015259
-0.010315
-0.004425
0.002899
-0.010773
-0.014923
-0.012451
-0.015564
-0.010834
-0.008118
-0.007690
-0.014648
-0.015961
-0.008484
0.002960
0.002991
0.004089
-0.003326
-0.005798
-0.006866
-0.008331
-0.003876
-0.003235
-0.003937
-0.005035
-0.010437
-0.007233
0.000610
-0.001740
-0.001373
-0.005371
-0.009216
-0.008545
-0.007324
-0.007294
-0.002808
-0.000763
-0.004089
-0.005829
-0.002167
0.001984
0.003906
0.002594
-0.001373
-0.002899
-0.002228
0.000092
0.003174
0.003204
0.002106
-0.000122
-0.000916
0.001495
0.005066
0.010101
0.010925
0.009613
0.003021
-0.002594
-0.003937
-0.001007
0.001190
0.000549
0.001221
0.002991
0.005127
0.006195
0.007690
0.003540
0.000000
-0.003601
-0.012909
-0.010620
-0.002075
0.001587
0.003845
0.002441