-0.000031
-0.000031
-0.000031
-0.000031
0.000000
0.000000
0.000000
-0.000031
0.000000
0.000031
0.000000
0.000000
0.000000
0.000031
-0.000031
0.000000
0.000061
-0.000153
0.000214
-0.000153
0.000153
-0.000214
0.000244
0.000153
0.000153
-0.000183
-0.000549
0.000244
0.015015
0.033356
-0.011932
-0.032806
-0.002960
0.007568
0.021942
0.018860
0.017975
0.056763
0.083832
0.042633
0.028503
0.040680
0.027435
0.043701
0.039276
0.014740
-0.000671
-0.017853
-0.017792
0.004333
0.029755
0.022614
-0.001770
-0.009277
-0.007904
-0.014587
-0.015442
-0.009979
-0.012939
-0.019409
-0.025146
-0.023102
-0.020294
-0.018005
-0.018738
-0.019562
-0.015411
-0.014618
-0.015778
-0.016174
-0.015106
-0.015289
-0.015778
-0.015564
-0.016968
-0.016937
-0.017975
-0.016907
-0.014557
-0.012634
-0.011505
-0.012024
-0.011108
-0.010071
-0.008789
-0.008148
-0.008514
-0.009216
-0.009064
-0.008087
-0.007904
-0.007355
-0.006866
-0.007050
-0.008911
-0.010284
-0.009949
-0.008514
-0.007355
-0.007538
-0.007202
-0.006531
-0.005554
-0.004333
-0.003418
-0.003296
-0.003265
-0.002930
-0.003754
-0.003815
-0.003357
-0.002960
-0.002655
-0.002960
-0.003632
-0.004028
-0.004517
-0.005859
-0.005219
-0.004181
-0.003448
-0.002106
-0.002411
-0.003143
-0.003204
-0.003021
-0.002930
-0.003052
-0.008636
0.008698
-0.008270
0.008484
-0.014771
0.181793
0.499664
-0.764709
-0.453430
0.473785
-0.037079
0.203583
0.146820
0.550293
0.595673
-0.361938
-0.359497
0.185516
0.223267
0.184662
0.046204
-0.272980
-0.086151
-0.053406
-0.108734
0.005371
-0.036987
-0.092987
-0.103577
-0.090271
-0.052155
0.033722
-0.074219
-0.050049
-0.007355
-0.040558
-0.072113
-0.055084
-0.021210
-0.024658
-0.009827
-0.029510
-0.017975
-0.034027
-0.056854
-0.030640
0.006195
-0.001526
-0.011505
-0.016571
-0.023560
-0.014679
-0.008575
0.000824
0.003967
-0.015320
-0.013824
-0.014252
-0.014984
-0.010437
-0.006866
-0.009125
-0.016235
-0.015259
-0.007721
0.002655
0.003876
0.004395
-0.003540
-0.005005
-0.008972
-0.007904
-0.003448
-0.002991
-0.003357
-0.006226
-0.012878
-0.005615
0.000000
-0.002167
-0.000916
-0.006042
-0.008698
-0.007111
-0.007172
-0.007141
-0.001495
-0.000397
-0.005219
-0.005859
-0.001373
0.001984
0.004089
0.001953
-0.000671
-0.002258
-0.001709
0.000763
0.003815
0.003784
0.002075
-0.000732
-0.001709
0.001160
0.005981
0.010925
0.011627
0.008301
0.001038
-0.003235
-0.002380
0.001251
0.001556
0.000458
0.000793
0.003448
0.004059
0.006439
0.007324
0.002289
-0.000061
-0.005371
-0.013611
-0.009552
-0.001373
0.003204
0.005035
0.002197