0.000000
0.000000
0.000000
0.000061
0.000061
0.000000
0.000031
0.000061
0.000031
0.000061
0.000061
0.000061
0.000061
0.000000
0.000122
0.000000
0.000061
-0.000031
0.000000
0.000305
-0.000122
0.000214
0.000000
0.000336
-0.000122
0.000122
0.000366
-0.000488
0.002197
0.012939
0.029327
0.003418
-0.019531
-0.014191
-0.011139
0.023590
0.029572
0.022095
0.056824
0.076569
0.067230
0.067444
0.062073
0.036682
0.028839
0.016846
-0.018860
-0.034058
-0.007446
0.006592
0.007599
0.012726
0.002625
-0.006683
-0.013062
-0.010468
-0.006531
-0.011047
-0.017365
-0.021118
-0.022675
-0.022339
-0.020203
-0.022400
-0.020447
-0.018311
-0.017578
-0.013031
-0.014862
-0.015900
-0.015778
-0.016449
-0.015137
-0.015533
-0.016998
-0.017273
-0.015503
-0.014496
-0.014313
-0.013458
-0.012543
-0.011078
-0.010101
-0.008942
-0.008026
-0.009308
-0.009674
-0.010254
-0.010132
-0.009094
-0.007996
-0.005859
-0.006165
-0.006805
-0.007416
-0.007751
-0.006592
-0.007721
-0.008270
-0.008484
-0.008942
-0.007935
-0.006805
-0.005066
-0.004456
-0.004120
-0.003845
-0.003235
-0.001923
-0.001984
-0.002106
-0.002930
-0.003021
-0.002228
-0.002136
-0.002838
-0.004150
-0.005341
-0.005676
-0.003601
-0.001648
-0.001434
-0.002319
-0.003967
-0.004364
-0.003479
-0.002869
-0.003418
-0.014008
0.017334
-0.021454
0.026764
-0.034088
0.367920
0.279633
-0.985229
-0.087769
0.363831
-0.006470
0.247528
0.138367
0.712646
0.444244
-0.406372
-0.299530
0.148193
0.161530
0.211823
-0.006042
-0.284882
-0.044006
-0.106567
-0.081299
0.023956
-0.021545
-0.102173
-0.084900
-0.095520
-0.038208
0.026886
-0.094177
-0.038879
-0.025269
-0.049347
-0.071014
-0.035980
-0.026978
-0.025726
-0.017639
-0.031555
-0.023041
-0.048859
-0.045166
-0.015778
0.003387
-0.000641
-0.007935
-0.020355
-0.021606
-0.008789
-0.005768
0.003510
-0.002563
-0.017365
-0.013367
-0.015320
-0.014496
-0.010590
-0.006775
-0.011200
-0.012878
-0.015259
-0.005737
0.002655
0.007355
0.003632
-0.005035
-0.005432
-0.011169
-0.007416
-0.004669
-0.002350
-0.001984
-0.008362
-0.014038
-0.005341
-0.000732
-0.001251
-0.001434
-0.006439
-0.007843
-0.005768
-0.006989
-0.005859
-0.001648
-0.001709
-0.004669
-0.004303
-0.001312
0.002258
0.002930
0.000641
-0.001678
-0.001617
-0.000214
0.002319
0.006348
0.004700
0.002594
-0.001770
-0.001343
0.001190
0.006775
0.011017
0.009918
0.005524
-0.001740
-0.002350
-0.000122
0.003479
0.003296
0.001007
0.001434
0.002472
0.003204
0.005585
0.005096
0.000916
-0.001038
-0.005951
-0.014008
-0.008972
-0.001343
0.005585
0.006775
0.002625