0.000031
0.000000
0.000000
0.000000
0.000000
0.000061
-0.000031
-0.000061
0.000122
-0.000031
0.000061
0.000000
0.000000
0.000031
-0.000092
0.000275
-0.000488
0.000946
-0.001129
0.000610
0.010162
0.071899
0.015686
-0.088593
0.001556
-0.034027
-0.023651
0.088959
0.076569
0.086487
0.103394
0.139099
0.071289
0.001801
0.033112
0.002289
-0.034760
0.003815
-0.004486
-0.043854
-0.025238
-0.018646
-0.012878
-0.021149
-0.021088
0.007874
0.006256
-0.011322
-0.009064
-0.011047
-0.013214
-0.013916
-0.025665
-0.027008
-0.022888
-0.020538
-0.014191
-0.016083
-0.017487
-0.015381
-0.019775
-0.020325
-0.014771
-0.014526
-0.012878
-0.010742
-0.011505
-0.010406
-0.013428
-0.009583
-0.007996
-0.007721
-0.006958
-0.008209
-0.008728
-0.009827
-0.010559
-0.011139
-0.008606
-0.007996
-0.008820
-0.007996
-0.007080
-0.007111
-0.006958
-0.007385
-0.009338
-0.010681
-0.010376
-0.009735
-0.008820
-0.007416
-0.005341
-0.005402
-0.005493
-0.006042
-0.006256
-0.006409
-0.006195
-0.004578
-0.004425
-0.004364
-0.003815
-0.002045
-0.001678
-0.001434
-0.001556
-0.001587
-0.000946
-0.000977
-0.002594
-0.005463
-0.005829
-0.004730
-0.003021
-0.000580
-0.001343
-0.002014
-0.000946
0.000061
0.000610
-0.000275
-0.001862
-0.003448
-0.003479
-0.003510
-0.003754
-0.005310
-0.001282
0.000641
0.000000
-0.002197
0.003845
-0.006073
0.006165
0.051971
0.395050
-0.132202
-0.535004
-0.006378
-0.115662
0.312073
0.403320
0.032135
0.372589
0.649567
0.040710
-0.436615
0.087402
-0.222137
-0.139099
0.236847
-0.149628
-0.155121
-0.056458
-0.068207
0.054871
0.034760
-0.069672
0.078735
-0.046844
-0.108063
-0.030975
-0.106232
-0.055084
-0.068909
-0.113647
-0.064636
-0.032654
-0.044281
-0.012726
0.010590
-0.018494
0.017395
-0.010010
-0.011749
-0.005737
-0.012299
-0.002930
-0.013672
-0.015869
-0.022034
-0.016266
-0.021118
-0.006866
-0.011871
-0.008209
-0.006989
-0.012512
-0.012115
-0.008514
-0.009064
-0.007568
-0.001068
-0.003632
-0.003326
0.003021
0.003571
0.002838
0.000336
-0.007446
-0.010864
-0.009857
-0.008606
-0.007324
-0.002899
-0.008331
-0.009399
-0.009430
-0.005676
-0.003418
-0.002228
-0.005341
-0.005066
-0.002136
-0.006592
-0.007233
-0.005859
-0.006653
-0.003296
-0.000275
-0.001984
0.001007
0.000916
-0.001953
-0.002838
0.000977
-0.000397
0.001129
0.004456
0.006042
0.006226
0.005463
0.004700
0.003082
0.002838
0.000000
-0.000061
0.001984
0.002808
0.002869
0.003235
0.003967
0.003693
0.003113
0.003540
0.000275
-0.002319
-0.001465
-0.000183
0.004486
0.001373
-0.016571
-0.017792
-0.007599
0.000336