0.000061
0.000000
0.000061
0.000000
0.000061
0.000000
0.000031
0.000000
0.000000
0.000000
-0.000061
0.000122
0.000000
0.000092
0.000031
0.000000
0.000153
-0.000275
0.000458
-0.000275
0.000458
-0.000854
0.000977
0.005737
0.053192
0.023010
-0.069366
-0.004059
-0.013519
-0.019348
0.070129
0.056915
0.056183
0.068909
0.102966
0.092590
0.031067
0.024078
-0.000122
-0.027588
0.003113
0.011505
-0.017822
-0.014496
-0.008301
-0.008331
-0.007935
-0.005829
-0.002197
-0.005920
-0.017334
-0.011505
-0.006470
-0.009094
-0.007965
-0.011353
-0.011047
-0.015167
-0.020782
-0.018707
-0.016510
-0.020538
-0.019165
-0.021362
-0.021881
-0.017273
-0.017883
-0.016418
-0.014282
-0.011902
-0.009125
-0.009918
-0.008179
-0.008606
-0.009552
-0.009644
-0.009460
-0.010529
-0.013092
-0.012115
-0.011475
-0.009827
-0.008545
-0.008331
-0.008484
-0.009094
-0.008911
-0.008209
-0.009003
-0.009155
-0.008850
-0.007812
-0.007996
-0.008636
-0.008026
-0.006836
-0.006012
-0.006592
-0.006622
-0.006226
-0.005280
-0.004364
-0.003967
-0.003967
-0.003754
-0.002838
-0.001709
-0.001312
-0.000519
-0.001068
-0.002106
-0.002930
-0.004852
-0.005096
-0.004150
-0.002747
-0.002075
-0.002899
-0.001892
-0.001160
-0.001556
-0.001526
-0.001221
-0.001129
-0.003235
-0.004608
-0.004608
-0.003754
0.004944
-0.006866
0.007446
-0.008759
0.010712
-0.014771
0.219055
0.365997
-0.540924
-0.392487
0.077332
0.054108
0.427765
0.087402
0.235474
0.776367
0.302551
-0.402863
-0.107727
-0.107452
-0.148651
0.233612
-0.091339
-0.148590
-0.079620
-0.096069
0.021210
0.052917
-0.090546
-0.018677
-0.011200
-0.106934
0.016357
-0.093475
-0.075104
-0.034760
-0.098114
-0.090912
-0.056915
-0.032074
-0.039398
-0.001129
-0.014893
0.014526
-0.003998
-0.032043
-0.007721
-0.012665
-0.002075
-0.008667
-0.001648
-0.020203
-0.021820
-0.023956
-0.015808
-0.011627
-0.021637
-0.007477
-0.008820
-0.011780
-0.009155
-0.002655
-0.008026
-0.004639
-0.005127
-0.005676
0.002533
0.006104
0.005981
0.001007
-0.007446
-0.012299
-0.011627
-0.008911
-0.007111
-0.002960
-0.003082
-0.008484
-0.007172
-0.003418
-0.003479
-0.002838
-0.005524
-0.007935
-0.003540
-0.005646
-0.007477
-0.006500
-0.005188
-0.004669
-0.001862
-0.003021
-0.001373
0.003143
0.000610
-0.000671
0.000977
0.000122
-0.000824
0.002869
0.004547
0.005707
0.005463
0.004761
0.004242
0.006256
0.006165
0.003418
0.001465
0.000214
-0.000885
-0.001373
0.002472
0.005646
0.005432
0.003723
0.002441
0.002350
0.001434
0.000427
0.000214
0.004150
0.000458
-0.015656
-0.015778
-0.006622
0.002960
0.012848