0.000061
0.000031
0.000031
0.000061
0.000061
0.000092
0.000000
0.000153
0.000000
0.000092
0.000122
-0.000031
0.000244
-0.000397
0.000671
-0.000885
0.001251
-0.001099
0.001221
0.006866
0.083557
0.043427
-0.125031
-0.031281
-0.041382
-0.065430
0.115631
0.123138
0.100922
0.106506
0.146881
0.100006
0.004700
0.030243
-0.004852
-0.059387
0.001953
0.032867
-0.019470
-0.013916
-0.030670
-0.047150
-0.039307
-0.048920
-0.020844
-0.004700
-0.016632
0.002808
-0.001617
-0.012604
-0.010498
-0.023224
-0.029602
-0.030487
-0.030548
-0.028564
-0.026611
-0.019379
-0.012970
-0.014160
-0.006866
-0.002899
-0.003479
-0.001190
-0.004822
-0.006104
0.000122
-0.004486
-0.007294
-0.008820
-0.009033
-0.009613
-0.010651
-0.010376
-0.011627
-0.011963
-0.012360
-0.009766
-0.007507
-0.003693
-0.004303
-0.004456
-0.004120
-0.006500
-0.005615
-0.006104
-0.006927
-0.004852
-0.003967
-0.001831
-0.002289
-0.003754
-0.005646
-0.007263
-0.008026
-0.008514
-0.006042
-0.012482
-0.018005
-0.014557
-0.011017
-0.002319
0.003296
0.000824
0.000214
-0.003204
-0.007721
-0.009979
-0.010834
-0.012329
-0.012695
-0.005859
0.001312
0.002838
0.002136
-0.001160
-0.003937
-0.003326
-0.002289
0.000092
0.002899
0.003204
0.000244
0.000488
0.000946
-0.000824
-0.001709
-0.003723
0.000854
-0.000702
0.000397
-0.000549
-0.000397
0.001190
-0.002991
0.004150
-0.005981
0.006073
0.040192
0.327820
-0.082550
-0.481781
0.032745
-0.170990
0.127014
0.487396
0.103699
0.173370
0.415283
0.427490
-0.188263
-0.158569
-0.167877
-0.340302
0.204163
0.152954
-0.103821
-0.024872
-0.066986
-0.057465
0.067566
-0.092377
-0.086395
-0.055511
-0.200806
-0.026917
0.046326
-0.084259
-0.036560
-0.027893
-0.043121
-0.011932
-0.024261
-0.038788
0.001953
0.000763
-0.014191
-0.011597
-0.019562
-0.021637
-0.020996
-0.012512
-0.007233
0.002655
-0.000427
-0.006561
-0.015472
-0.008179
-0.007263
-0.008606
-0.013458
-0.009949
-0.014282
-0.016510
-0.001617
-0.004547
-0.000854
0.005737
-0.005768
-0.004822
-0.001770
-0.010895
-0.010223
-0.009918
-0.010773
-0.008667
-0.004272
-0.007324
-0.001770
-0.000610
-0.003235
-0.002441
-0.000458
-0.001495
-0.003113
-0.002258
-0.004852
-0.005981
-0.005890
0.001862
-0.005493
-0.022858
-0.018036
-0.011017
-0.002808
0.010193
0.005280
0.007416
0.012604
0.005249
0.000336
-0.007721
-0.021149
-0.029083
-0.012268
0.013458
0.009247
0.003296
-0.000854
-0.002380
0.006195
0.003906
0.010498
0.016815
0.012268
0.007874
0.005005
0.005829
0.004486
-0.003143
-0.004395
-0.003754
-0.001801
-0.000824
-0.001373
0.001740