0.000122
0.000122
0.000183
0.000122
0.000153
0.000153
0.000153
0.000153
0.000153
0.000214
0.000122
0.000244
0.000183
0.000153
0.000214
0.000122
0.000244
0.000122
0.000336
0.000000
0.000488
0.000000
0.000122
0.000519
0.000275
0.000336
0.009827
0.023102
0.006958
-0.014282
-0.017944
-0.017822
0.003143
0.028198
0.034180
0.041779
0.041656
0.043976
0.066345
0.065765
0.029541
0.020691
0.038177
0.025726
0.006226
-0.004150
-0.008484
-0.004059
-0.004333
-0.007690
-0.007874
-0.008911
-0.015747
-0.011688
-0.000702
0.004181
0.002258
-0.004395
-0.008636
-0.009979
-0.013000
-0.019836
-0.019073
-0.015289
-0.015717
-0.016907
-0.018433
-0.017029
-0.016266
-0.016632
-0.016449
-0.014526
-0.012238
-0.013458
-0.012085
-0.011200
-0.011780
-0.011810
-0.011749
-0.011139
-0.012238
-0.011749
-0.012329
-0.012695
-0.010925
-0.009583
-0.008575
-0.008606
-0.007446
-0.006592
-0.005920
-0.004822
-0.004425
-0.003571
-0.004395
-0.005859
-0.007599
-0.008270
-0.007599
-0.006958
-0.004852
-0.004517
-0.005402
-0.004730
-0.005219
-0.005371
-0.005646
-0.006317
-0.006287
-0.007080
-0.008728
-0.009583
-0.008331
-0.006805
-0.007629
-0.008789
-0.008667
-0.006042
-0.002899
-0.002777
-0.004028
-0.005585
-0.005585
-0.004333
-0.002686
-0.001099
-0.001526
-0.001587
-0.004089
0.004700
-0.005737
0.005463
-0.005829
0.006165
-0.009979
0.186371
0.405273
-0.589203
-0.416656
0.203735
-0.059906
0.361511
0.124908
0.141052
0.736755
0.433167
-0.344421
-0.222137
-0.093567
-0.026245
0.321808
-0.002136
-0.174286
-0.111664
-0.081848
-0.086670
-0.009857
-0.024536
-0.093933
-0.042603
-0.120209
-0.044250
0.002747
-0.017639
-0.050903
-0.021851
-0.044586
-0.071594
-0.038879
-0.065491
-0.032593
-0.013184
0.001343
-0.016846
-0.023224
-0.027557
-0.018127
-0.003632
0.006226
0.011963
-0.012360
-0.013763
-0.021484
-0.014496
-0.000122
-0.009308
-0.013672
-0.016083
-0.021759
-0.025238
-0.003296
0.000824
-0.000549
0.000488
-0.011353
-0.011353
-0.003326
-0.001129
-0.005798
-0.002930
-0.010529
-0.010376
-0.007751
-0.011871
-0.007935
-0.005737
-0.007324
-0.007874
-0.002472
0.001007
0.004303
0.005280
0.000275
-0.001831
-0.002594
-0.003967
0.006805
0.004700
-0.020050
-0.014954
-0.014099
-0.008209
0.012848
0.001617
0.009094
0.011627
0.005463
0.005585
-0.012115
-0.021149
-0.010010
0.003601
0.009705
-0.003845
-0.021973
-0.014557
-0.000946
0.002045
0.004822
0.020111
0.018860
0.015808
0.014374
0.010284
0.011139
-0.001251
-0.006592
-0.000946
-0.001007
0.003601
0.007263
0.005859
0.003784
0.005219
0.004303
0.003479