-0.000031
0.000122
0.000000
0.000000
0.000000
0.000183
-0.000092
0.000519
-0.000641
0.000946
-0.001434
0.001770
-0.002441
0.002777
-0.003510
0.004852
-0.002777
0.107910
0.159180
-0.186096
-0.210815
-0.040863
0.010010
0.144775
0.143677
0.162048
0.275330
0.192444
0.051971
0.003204
-0.050201
-0.027954
-0.024200
-0.049438
-0.019958
-0.055176
-0.084930
-0.065247
-0.047333
-0.024536
-0.032410
-0.035004
-0.020630
-0.014221
-0.004822
0.005493
-0.018494
-0.018127
-0.023743
-0.031921
-0.025299
-0.027100
-0.022125
-0.011780
-0.005859
-0.000702
-0.001068
-0.009491
-0.001221
0.002869
0.001495
-0.003265
-0.009491
-0.008789
-0.005310
-0.003571
-0.000824
-0.004669
-0.007935
-0.009125
-0.010803
-0.012665
-0.012115
-0.011566
-0.010925
-0.008575
-0.007629
-0.007172
-0.008026
-0.007324
-0.009399
-0.008972
-0.010376
-0.010834
-0.009277
-0.006256
-0.003265
-0.002563
-0.003601
-0.003998
-0.002930
-0.003235
-0.005707
-0.008057
-0.006500
0.000183
-0.006042
-0.019379
-0.015747
-0.010162
-0.001953
0.003143
-0.004120
-0.003479
0.003357
-0.001312
-0.007050
-0.008606
-0.008820
-0.012146
-0.009613
-0.006134
-0.010132
-0.003998
-0.000488
0.000458
0.003174
0.000641
0.001343
0.003693
0.005463
0.007050
0.006683
0.004974
0.001221
-0.003510
-0.006653
-0.006531
-0.000031
0.000122
0.000000
0.000000
0.000000
0.000183
-0.000092
0.000519
-0.000641
0.000946
-0.001434
0.001770
-0.002441
0.002777
-0.003510
0.004852
-0.002777
0.107910
0.159180
-0.186096
-0.210815
-0.040863
0.010010
0.144775
0.143677
0.162048
0.275330
0.192444
0.051971
0.003204
-0.050201
-0.027954
-0.024200
-0.049438
-0.019958
-0.055176
-0.084930
-0.065247
-0.047333
-0.024536
-0.032410
-0.035004
-0.020630
-0.014221
-0.004822
0.005493
-0.018494
-0.018127
-0.023743
-0.031921
-0.025299
-0.027100
-0.022125
-0.011780
-0.005859
-0.000702
-0.001068
-0.009491
-0.001221
0.002869
0.001495
-0.003265
-0.009491
-0.008789
-0.005310
-0.003571
-0.000824
-0.004669
-0.007935
-0.009125
-0.010803
-0.012665
-0.012115
-0.011566
-0.010925
-0.008575
-0.007629
-0.007172
-0.008026
-0.007324
-0.009399
-0.008972
-0.010376
-0.010834
-0.009277
-0.006256
-0.003265
-0.002563
-0.003601
-0.003998
-0.002930
-0.003235
-0.005707
-0.008057
-0.006500
0.000183
-0.006042
-0.019379
-0.015747
-0.010162
-0.001953
0.003143
-0.004120
-0.003479
0.003357
-0.001312
-0.007050
-0.008606
-0.008820
-0.012146
-0.009613
-0.006134
-0.010132
-0.003998
-0.000488
0.000458
0.003174
0.000641
0.001343
0.003693
0.005463
0.007050
0.006683
0.004974
0.001221
-0.003510
-0.006653
-0.006531