0.000000
0.000000
0.000000
-0.000031
0.000000
-0.000061
0.000000
-0.000031
-0.000092
0.000031
-0.000031
0.000000
0.000092
-0.000244
0.000244
-0.000488
0.000519
-0.000580
0.000793
-0.000793
0.000824
0.003021
0.059204
0.050171
-0.089111
-0.040985
-0.022247
-0.049133
0.082306
0.091187
0.074219
0.086639
0.103455
0.099945
0.042816
0.036865
0.008606
-0.042999
-0.010925
0.026154
-0.013763
-0.026764
-0.036682
-0.031860
-0.018097
-0.024292
-0.003876
0.001709
-0.015778
-0.009094
-0.001373
-0.005432
-0.008118
-0.018127
-0.025116
-0.027008
-0.027710
-0.029572
-0.023499
-0.011536
-0.005829
-0.007782
-0.005188
-0.005890
-0.008667
-0.007050
-0.007202
-0.007507
-0.004211
-0.007874
-0.010406
-0.009430
-0.009796
-0.009430
-0.010101
-0.010376
-0.012604
-0.013580
-0.014313
-0.012665
-0.008545
-0.006653
-0.006897
-0.005798
-0.006592
-0.006836
-0.005402
-0.005615
-0.005280
-0.002960
-0.002960
-0.004822
-0.005432
-0.006134
-0.006165
-0.007233
-0.008545
-0.007355
-0.009552
-0.013336
-0.010864
-0.009644
-0.006073
-0.001251
-0.001862
-0.003723
-0.005096
-0.007355
-0.009552
-0.008667
-0.007538
-0.007690
-0.005676
-0.002655
-0.001251
0.000275
-0.001190
-0.004395
-0.005890
-0.005096
-0.002838
-0.000488
0.001495
0.000427
-0.000214
0.000275
-0.000793
-0.000702
-0.001801
0.001953
-0.003052
0.003326
-0.004028
0.003571
-0.003937
0.004181
-0.006592
0.144043
0.333405
-0.354614
-0.374268
0.016541
-0.133789
0.375122
0.309814
0.071594
0.377838
0.613190
0.061493
-0.328522
-0.042969
-0.402161
0.019104
0.314575
-0.099579
-0.045471
-0.031952
-0.113373
-0.000366
-0.029327
-0.140625
-0.019104
-0.109985
-0.118225
0.023315
-0.054565
-0.039703
-0.011993
-0.049866
-0.048340
-0.018066
-0.022339
-0.030151
-0.004852
-0.009277
0.003143
-0.022247
-0.024109
-0.029755
-0.013855
-0.011139
-0.008636
-0.000092
-0.006592
-0.007416
-0.015228
-0.008118
-0.008270
-0.005768
-0.007080
-0.011627
-0.023895
-0.011566
-0.002930
-0.005524
0.006134
0.000824
-0.009216
-0.001465
-0.005829
-0.008270
-0.006104
-0.011719
-0.013336
-0.007355
-0.006409
-0.005920
-0.002045
-0.003326
-0.001984
-0.000244
-0.000214
-0.002625
-0.001038
-0.005981
-0.004456
-0.005371
-0.006226
0.003540
-0.005371
-0.022278
-0.013916
-0.010986
-0.003754
0.012634
0.005005
0.007629
0.014221
0.005493
0.000244
-0.007782
-0.022217
-0.026611
-0.008881
0.013184
0.006775
-0.000732
-0.005219
-0.003815
0.004547
0.004272
0.016479
0.020630
0.012024
0.009644
0.006744
0.007965
0.006531
-0.004517
-0.003998
-0.003601
-0.003510
0.001190
0.002838
0.002289
0.000153