0.000000
0.000000
0.000000
0.000000
0.000000
0.000031
0.000000
0.000092
0.000092
0.000061
0.000061
0.000092
0.000031
0.000000
0.000061
0.000000
0.000092
0.000092
-0.000031
0.000122
0.000122
0.000031
0.000275
0.000214
0.000000
-0.000244
0.000702
-0.000183
0.004883
0.012177
0.018372
0.008423
-0.016815
-0.023560
-0.020020
0.005920
0.024811
0.040894
0.060486
0.067444
0.079102
0.056122
0.035339
0.028564
0.014099
0.018250
0.020447
0.003693
-0.005737
-0.003174
-0.014832
-0.025635
-0.015533
0.003845
0.010468
0.007233
0.007172
0.000854
-0.008972
-0.014008
-0.015137
-0.014496
-0.016418
-0.019379
-0.018616
-0.018066
-0.019806
-0.018341
-0.016541
-0.018097
-0.016754
-0.017059
-0.016693
-0.015747
-0.016174
-0.014008
-0.013214
-0.011688
-0.012268
-0.012817
-0.013580
-0.014496
-0.011963
-0.010468
-0.008728
-0.009460
-0.010651
-0.010742
-0.009644
-0.006989
-0.006653
-0.005707
-0.004700
-0.003967
-0.003326
-0.003510
-0.004578
-0.006042
-0.006470
-0.007294
-0.007477
-0.005920
-0.003601
-0.003082
-0.004211
-0.005585
-0.007416
-0.008270
-0.009247
-0.009888
-0.010864
-0.011414
-0.010376
-0.008575
-0.006042
-0.004120
-0.003998
-0.005432
-0.007019
-0.007477
-0.006805
-0.004486
-0.003510
-0.003326
-0.002930
-0.003662
-0.003082
-0.001953
-0.006592
0.008514
-0.011749
0.013824
-0.017120
0.021027
-0.026520
0.300385
0.291199
-0.826813
-0.156769
0.267975
-0.060272
0.264709
0.110504
0.389282
0.691681
0.086578
-0.499390
-0.068695
0.097870
0.170013
0.236603
-0.164093
-0.176666
-0.069092
-0.091248
-0.098175
0.020355
-0.053619
-0.083191
-0.062164
-0.093048
-0.004272
-0.000519
-0.043884
-0.072662
-0.010712
-0.059082
-0.063110
-0.042938
-0.046112
-0.013489
-0.007507
-0.019928
-0.029785
-0.029633
-0.033936
-0.007050
0.005127
0.007721
0.001831
-0.016144
-0.009155
-0.011261
-0.010101
-0.003876
-0.011078
-0.018677
-0.021057
-0.026886
-0.025848
-0.000793
0.001221
-0.002777
-0.005554
-0.015289
-0.009338
0.005005
0.002533
-0.003235
-0.007111
-0.015961
-0.013519
-0.007965
-0.006897
-0.006531
-0.005707
-0.008453
-0.008026
-0.001587
0.002655
0.006073
0.005157
0.000122
-0.001434
-0.001343
-0.000183
0.010529
0.000885
-0.022644
-0.013580
-0.017822
-0.002869
0.006378
-0.003235
0.012939
0.008453
0.010071
-0.000458
-0.018005
-0.012329
0.000397
0.007385
0.003693
-0.015137
-0.022064
-0.006561
-0.004059
-0.001343
0.007416
0.016876
0.018250
0.013580
0.014191
0.012604
0.007629
-0.000397
-0.003998
-0.002106
0.003235
0.008118
0.008087
0.003754
0.002258
0.005676
0.002747
0.003021