-0.000061
0.000031
-0.000031
0.000000
0.000031
0.000000
0.000000
0.000000
0.000031
0.000031
0.000061
0.000000
0.000000
0.000000
0.000000
0.000000
0.000000
0.000000
0.000092
0.000000
0.000153
-0.000031
0.000305
-0.000092
0.000519
-0.000031
-0.000061
-0.000610
0.014313
0.034088
-0.009766
-0.030243
-0.016602
-0.010895
0.018616
0.027344
0.025360
0.045502
0.073730
0.057220
0.044342
0.036407
0.023163
0.027802
0.011536
0.014709
0.014740
0.004913
0.005096
0.004150
-0.009979
-0.027039
-0.011108
0.000702
0.008911
0.017944
0.008392
-0.001465
-0.005157
-0.011414
-0.018829
-0.016785
-0.015686
-0.016876
-0.017487
-0.020264
-0.016602
-0.016083
-0.018738
-0.016907
-0.015625
-0.015930
-0.016937
-0.017975
-0.016541
-0.013611
-0.013519
-0.014160
-0.013733
-0.013245
-0.013824
-0.013672
-0.013763
-0.012543
-0.011108
-0.011169
-0.009644
-0.008545
-0.006775
-0.005737
-0.005402
-0.004730
-0.004852
-0.004883
-0.004761
-0.003113
-0.001984
-0.002838
-0.005280
-0.008484
-0.008575
-0.006927
-0.005096
-0.003906
-0.004700
-0.008026
-0.010773
-0.010620
-0.009949
-0.009552
-0.010162
-0.011047
-0.009949
-0.007690
-0.005310
-0.003387
-0.002930
-0.004974
-0.007477
-0.007568
-0.006317
-0.005341
-0.004791
-0.003540
-0.002777
-0.001984
-0.001221
-0.001740
-0.004425
0.004517
-0.004730
0.003174
-0.001770
0.000031
-0.002167
0.111664
0.474609
-0.544373
-0.524200
0.365540
-0.069489
0.143890
0.180298
0.250214
0.672180
0.229858
-0.472046
-0.129028
0.215057
0.128479
0.245422
-0.097504
-0.228455
-0.067108
-0.086121
-0.094330
-0.009491
-0.019287
-0.106842
-0.069275
-0.088135
-0.009827
0.013794
-0.025208
-0.072937
-0.025116
-0.029388
-0.083893
-0.050110
-0.046570
-0.019592
0.002625
-0.003113
-0.026855
-0.033234
-0.041229
-0.015167
0.006012
0.003387
0.001740
-0.019867
-0.019073
-0.008362
-0.010162
-0.001160
-0.005524
-0.017914
-0.020477
-0.023621
-0.026886
-0.007080
0.001648
-0.006195
-0.005463
-0.012543
-0.010071
0.003082
0.004730
-0.003357
-0.005829
-0.013916
-0.014404
-0.009552
-0.008270
-0.005768
-0.004272
-0.006287
-0.007355
-0.000916
0.003693
0.004944
0.002716
-0.001648
-0.004242
-0.002472
-0.001678
0.009888
0.008545
-0.018677
-0.014984
-0.016357
-0.009674
0.003815
-0.005341
0.010223
0.011230
0.010834
-0.000458
-0.017670
-0.009277
0.000000
0.005310
0.001984
-0.013550
-0.021027
-0.007080
-0.003357
-0.001648
0.004639
0.012085
0.016388
0.013580
0.016083
0.013489
0.006531
0.004303
-0.002014
-0.002502
0.004150
0.005920
0.006958
0.002686
0.000641
0.003723
0.003632
0.001465