-0.000153
-0.000122
-0.000183
-0.000122
-0.000153
-0.000153
-0.000122
-0.000092
-0.000153
-0.000031
-0.000061
0.000000
0.000000
0.000000
-0.000061
-0.000092
0.000305
-0.000488
0.000580
-0.000610
0.000275
0.005280
0.052460
0.025848
-0.062744
-0.015717
-0.016510
-0.021515
0.054810
0.072235
0.080292
0.073395
0.078125
0.083374
0.059418
0.012848
-0.036774
-0.040344
-0.002930
0.009003
-0.016571
-0.011871
-0.003906
-0.002747
-0.011261
-0.015839
-0.011780
-0.006744
-0.011139
-0.009369
0.002197
-0.008484
-0.015228
-0.016968
-0.015839
-0.012634
-0.015228
-0.017090
-0.010315
-0.002899
-0.000214
-0.003876
-0.007111
-0.008759
-0.007477
-0.009186
-0.011230
-0.013824
-0.015137
-0.013275
-0.012726
-0.007477
-0.005646
-0.007599
-0.008057
-0.008514
-0.009735
-0.012878
-0.015991
-0.015991
-0.013702
-0.010010
-0.007019
-0.005066
-0.006287
-0.008362
-0.010315
-0.008942
-0.007141
-0.009613
-0.010468
-0.010651
-0.009613
-0.008606
-0.008545
-0.009155
-0.008911
-0.006989
-0.007294
-0.007629
-0.007721
-0.008728
-0.007568
-0.006958
-0.006866
-0.006866
-0.005432
-0.004669
-0.004517
-0.004059
-0.004486
-0.003967
-0.004150
-0.004120
-0.003815
-0.002960
-0.002411
-0.002075
-0.000854
-0.002106
-0.002594
-0.002502
-0.003204
-0.003326
-0.002441
0.000854
0.002411
0.003571
-0.000702
0.001007
-0.002319
0.003326
-0.005127
0.006012
-0.008270
0.009277
0.001465
0.277802
0.131317
-0.535706
-0.101349
0.045959
0.059784
0.382263
0.101318
0.125702
0.301758
0.532928
0.030548
-0.167480
-0.169891
-0.284760
0.271515
0.061615
-0.217773
-0.138062
-0.104889
-0.093231
-0.041656
-0.071747
-0.040405
0.009308
-0.072876
0.007996
0.013733
-0.030609
-0.006989
-0.062927
-0.056183
-0.034271
-0.036774
-0.047058
-0.009827
-0.013916
0.000214
0.010284
-0.017273
0.005402
-0.018768
-0.014282
-0.010773
-0.004120
-0.013245
-0.007355
-0.013275
-0.030853
-0.031433
-0.030670
-0.020569
0.001526
0.009766
-0.001129
0.011597
0.006531
-0.003876
-0.011047
-0.027527
-0.032654
-0.025635
-0.014771
-0.007172
-0.004944
-0.002777
-0.002899
0.005402
0.004913
0.006744
0.005280
-0.001648
-0.014343
-0.021027
-0.013702
-0.007019
-0.005249
-0.008453
-0.000580
0.000275
-0.000122
0.002228
-0.000183
0.000458
0.006714
0.004364
0.005035
0.005981
0.002869
0.004761
0.004700
0.000580
-0.004364
-0.006714
-0.005066
0.000000
0.002899
0.006104
0.006165
0.001953
-0.001801
-0.002563
-0.002014
0.001526
0.001862
0.001312
0.002594
0.003296
0.000061
-0.001129
-0.001312
-0.005341
-0.001007
0.002045
0.004791
0.008545
0.005737
0.002960
0.002533