0.000000
-0.000061
0.000031
-0.000092
0.000092
0.000000
-0.000092
0.000122
0.000244
-0.000092
0.000580
-0.000671
0.001160
-0.001312
0.002167
-0.002472
0.003357
-0.003265
0.004913
-0.003326
0.095825
0.117798
-0.219971
-0.098755
0.052368
0.009979
0.134705
0.059662
0.070679
0.143982
0.207947
0.083954
-0.068695
-0.034912
-0.015686
-0.007507
-0.030518
-0.044373
-0.051727
-0.037109
-0.048676
-0.030609
-0.014893
-0.023773
-0.010559
-0.007874
-0.001282
0.002136
0.003448
-0.007111
-0.002869
-0.009186
-0.010712
-0.007629
-0.006592
0.002014
-0.000977
-0.000977
0.001434
-0.003418
-0.007294
-0.000702
0.004456
0.003510
-0.002411
-0.014893
-0.015015
-0.011017
-0.006775
-0.010590
-0.020081
-0.013092
-0.005371
0.000122
-0.004028
-0.011993
-0.014618
-0.015778
-0.017914
-0.019684
-0.023071
-0.022064
-0.011383
-0.005676
-0.001190
-0.000153
-0.005951
-0.008636
-0.011047
-0.014008
-0.015686
-0.016144
-0.014984
-0.012360
-0.008972
-0.006927
-0.004364
-0.003723
-0.003174
-0.003082
-0.003693
-0.003723
-0.003571
-0.002716
-0.003906
-0.006042
-0.006500
-0.004852
-0.002716
-0.001831
-0.000763
-0.000671
-0.001343
-0.002045
-0.004669
-0.006989
-0.006317
-0.003418
-0.000641
0.002472
0.003082
0.000427
-0.001404
-0.002930
-0.003540
-0.003387
-0.003662
-0.003357
0.000305
-0.000214
0.000397
-0.000122
-0.000092
0.000488
-0.001404
0.002319
-0.004120
0.005859
-0.008301
0.010590
0.003418
0.239227
0.015106
-0.380463
0.019501
-0.005615
-0.007599
0.203186
0.135773
0.250427
0.317383
0.036560
-0.026367
0.153229
0.019897
-0.055084
-0.120056
-0.156250
-0.024261
-0.045593
-0.098175
-0.048859
-0.026794
-0.050659
-0.011871
-0.020050
-0.004272
0.014648
-0.022034
-0.006805
-0.007019
-0.023987
-0.037109
-0.028931
-0.029358
-0.022888
-0.012695
-0.023407
-0.014954
-0.013885
-0.013184
-0.006958
-0.003662
-0.010803
-0.012482
-0.010834
-0.018158
-0.018555
-0.022919
-0.016113
-0.016998
-0.011200
-0.017303
-0.015503
0.004913
0.005737
0.010071
-0.000275
-0.008911
-0.011902
-0.015778
-0.017303
-0.014587
-0.013092
-0.004700
0.002533
-0.002502
0.005463
0.003082
-0.001709
-0.005310
-0.013489
-0.012329
-0.013000
-0.010773
-0.007843
-0.007050
-0.004608
-0.005615
-0.007599
-0.005157
-0.001984
0.004211
0.003113
-0.002380
-0.001129
-0.001038
-0.001373
-0.000641
-0.003265
-0.005768
-0.005737
-0.003662
0.001282
0.002502
0.000092
-0.002136
-0.001953
0.000244
0.001404
0.002411
0.002472
-0.000305
-0.001617
-0.003235
-0.001740
-0.000275
-0.001556
-0.000610
-0.000793
-0.000061
0.001068
0.000671
-0.000580
0.000458
0.003296