-0.000092
0.000031
0.000000
0.000000
-0.000122
0.000366
-0.000336
0.000702
-0.000732
0.000946
-0.000946
0.000916
-0.000641
0.000031
0.000549
-0.000580
0.001434
0.049957
0.212769
-0.130096
-0.284302
0.048584
0.007294
0.133881
0.153870
0.055817
0.171906
0.218140
0.140991
-0.004089
-0.044312
-0.062286
-0.029083
-0.030792
-0.047211
-0.059509
-0.078430
-0.057434
-0.049835
-0.023315
-0.022736
-0.010742
-0.013184
-0.002350
-0.003815
-0.005676
-0.005707
-0.017181
-0.016632
-0.023193
-0.007538
-0.010284
-0.006378
-0.003876
-0.006073
-0.001312
-0.002411
-0.000031
-0.003418
-0.001495
-0.002594
-0.004181
-0.015106
-0.023804
-0.009705
-0.008057
-0.006256
-0.011139
-0.018494
-0.009247
0.001801
0.005676
0.001373
-0.003876
-0.014404
-0.015656
-0.017975
-0.021362
-0.020599
-0.018127
-0.007416
-0.001709
0.002747
0.004639
-0.000092
-0.007599
-0.013519
-0.015625
-0.019531
-0.018829
-0.016907
-0.012848
-0.008118
-0.006104
-0.006836
-0.006195
-0.002960
-0.003143
-0.000214
0.000946
-0.000458
-0.001984
-0.004639
-0.005981
-0.005768
-0.005676
-0.004700
-0.000580
0.003082
0.002197
-0.000427
-0.003479
-0.005615
-0.006165
-0.005341
-0.002991
0.000305
0.003448
0.002228
0.000763
-0.000824
-0.002655
-0.002808
-0.003662
-0.002960
-0.000916
-0.000153
-0.000092
0.000000
-0.000061
-0.000275
0.000366
-0.000397
0.000671
-0.000732
0.000702
-0.000885
0.000580
-0.000580
-0.000183
0.000580
-0.001282
0.001648
0.043427
0.224701
-0.093994
-0.302124
0.015289
-0.011597
0.099365
0.196716
0.104004
0.206604
0.225250
0.090424
0.044983
0.019989
-0.065613
-0.065704
-0.079681
-0.058136
-0.035950
-0.085388
-0.069214
-0.047150
-0.035400
-0.025482
-0.011169
-0.018890
-0.001190
-0.004303
-0.011322
0.003021
-0.013336
-0.018738
-0.027283
-0.016327
-0.018280
-0.014801
-0.009888
-0.012177
-0.003265
-0.004517
-0.005127
-0.003937
-0.004669
-0.007782
-0.008209
-0.012634
-0.024017
-0.020691
-0.017548
-0.017487
-0.007141
-0.012024
-0.010071
0.001923
0.005615
0.004913
0.002502
-0.006989
-0.013306
-0.012909
-0.018463
-0.017090
-0.016327
-0.013641
-0.004028
0.000854
0.005829
0.004913
-0.000122
-0.006927
-0.010956
-0.016266
-0.020844
-0.017761
-0.016510
-0.010223
-0.006592
-0.007507
-0.007935
-0.003265
-0.000732
0.000488
0.002808
-0.000366
-0.001770
-0.002747
-0.005768
-0.006409
-0.006683
-0.004700
-0.000092
0.001831
0.002167
0.000977
-0.001740
-0.004730
-0.005737
-0.004608
-0.002533
-0.000824
0.002197
0.003296
0.001526
0.001648
-0.001984
-0.002960
-0.002014
-0.003998
-0.001709
-0.000702
-0.000732
0.001251
0.000977