-0.000061
0.000000
-0.000031
0.000061
0.000031
-0.000031
0.000000
0.000336
-0.000244
0.000763
-0.000854
0.001312
-0.001465
0.001892
-0.001831
0.001923
-0.001404
0.002380
-0.001831
0.070038
0.172516
-0.193024
-0.185730
0.072968
0.003662
0.134186
0.087738
0.059021
0.151062
0.218567
0.121094
-0.062134
-0.048187
-0.023865
-0.009064
-0.031036
-0.046356
-0.059479
-0.040741
-0.049805
-0.046783
-0.018219
-0.022949
-0.008759
-0.013855
-0.001526
0.000946
-0.000092
-0.010223
-0.007416
-0.012604
-0.013580
-0.002808
-0.012115
-0.003143
-0.002258
-0.000458
0.004456
0.002960
-0.002228
-0.007263
-0.004517
0.000427
0.001221
-0.010559
-0.011169
-0.008698
-0.008179
-0.005249
-0.017853
-0.017151
-0.008911
-0.002625
-0.000702
-0.007111
-0.014008
-0.017242
-0.016510
-0.017822
-0.021057
-0.023468
-0.013916
-0.005463
-0.001404
0.002075
-0.003082
-0.008484
-0.010742
-0.013306
-0.016052
-0.017700
-0.017487
-0.014771
-0.009918
-0.006287
-0.004578
-0.005310
-0.003815
-0.002991
-0.002899
-0.002716
-0.003815
-0.002838
-0.002441
-0.004669
-0.006439
-0.005524
-0.004517
-0.003021
0.000031
0.001099
0.000092
-0.001251
-0.004303
-0.007477
-0.006866
-0.003967
-0.001587
0.001434
0.002625
0.001160
-0.000244
-0.001556
-0.003204
-0.004028
-0.003662
-0.002625
-0.001617
-0.000336
0.000366
-0.000458
0.000610
-0.000732
0.000610
-0.000763
0.000153
0.000092
-0.001404
0.002319
-0.004120
0.004852
0.027802
0.244751
-0.071533
-0.327118
0.031189
-0.029541
0.045807
0.196106
0.141327
0.254181
0.264038
0.031189
0.040558
0.103333
-0.037659
-0.063568
-0.128754
-0.105865
-0.013702
-0.068665
-0.088989
-0.042511
-0.034546
-0.039154
-0.015320
-0.025299
0.006012
0.007324
-0.017639
-0.000641
-0.010040
-0.024109
-0.034668
-0.022888
-0.025818
-0.024353
-0.017670
-0.018768
-0.005585
-0.005676
-0.009796
-0.008789
-0.004517
-0.012268
-0.015228
-0.016876
-0.019775
-0.020294
-0.017334
-0.015259
-0.013702
-0.009827
-0.019531
-0.006378
0.005249
0.007050
0.007874
-0.004211
-0.011536
-0.013977
-0.017120
-0.017303
-0.012512
-0.012909
-0.003387
-0.000824
0.000305
0.006897
0.001221
-0.001526
-0.008514
-0.012268
-0.015503
-0.016205
-0.013000
-0.011078
-0.006042
-0.004761
-0.006866
-0.007233
-0.004211
-0.001068
0.003265
-0.000305
-0.002655
0.000214
-0.001740
-0.002472
-0.003815
-0.006653
-0.005768
-0.003723
-0.000641
0.002350
0.000946
-0.001740
-0.003387
-0.003204
-0.000824
0.000275
0.001526
0.002045
-0.000336
-0.001434
-0.001831
-0.001343
-0.001587
-0.002106
-0.002350
-0.001312
-0.000397
0.000427
0.000824
-0.000427
0.000641