-0.000183
-0.000183
0.000275
-0.000458
0.000580
-0.000824
0.000824
-0.001434
0.001190
-0.001373
0.000854
-0.001007
0.000977
-0.001862
0.076355
0.197388
-0.181213
-0.179718
0.102478
-0.115448
0.128510
0.270172
0.125427
0.099396
0.148132
0.263062
0.029755
-0.083191
-0.022034
-0.132935
-0.074738
0.090271
-0.076508
-0.110016
-0.034576
-0.082001
-0.037201
-0.034302
-0.045746
-0.024384
-0.039978
-0.041962
0.010681
-0.039886
-0.033936
-0.017517
-0.020142
-0.004761
-0.015991
-0.002167
0.001343
-0.010406
-0.007202
-0.007904
-0.015717
-0.007874
-0.012543
-0.016205
-0.007477
-0.007721
-0.002625
-0.005676
-0.021454
-0.014252
-0.021454
-0.011810
0.006134
0.004272
0.010284
0.009491
0.000977
0.001129
-0.007904
-0.012604
-0.017426
-0.029724
-0.021698
-0.012421
-0.007050
0.000854
-0.000732
0.001038
0.002319
-0.004700
-0.002930
-0.008667
-0.013153
-0.017883
-0.016815
-0.008179
-0.003693
-0.001831
0.001984
0.001251
-0.000122
-0.000214
-0.004150
-0.004852
-0.005035
-0.002838
-0.005646
-0.008240
-0.005981
-0.003357
-0.001373
0.000549
-0.001923
-0.003021
-0.003540
-0.004547
-0.005005
-0.002441
0.000641
0.000671
0.001099
0.001495
0.002136
0.003052
0.001770
0.001190
0.000641
-0.000702
-0.000763
-0.000793
0.000580
-0.001892
-0.001221
0.000092
-0.000183
-0.000183
0.000275
-0.000458
0.000580
-0.000824
0.000824
-0.001434
0.001190
-0.001373
0.000854
-0.001007
0.000977
-0.001862
0.076355
0.197388
-0.181213
-0.179718
0.102478
-0.115448
0.128510
0.270172
0.125427
0.099396
0.148132
0.263062
0.029755
-0.083191
-0.022034
-0.132935
-0.074738
0.090271
-0.076508
-0.110016
-0.034576
-0.082001
-0.037201
-0.034302
-0.045746
-0.024384
-0.039978
-0.041962
0.010681
-0.039886
-0.033936
-0.017517
-0.020142
-0.004761
-0.015991
-0.002167
0.001343
-0.010406
-0.007202
-0.007904
-0.015717
-0.007874
-0.012543
-0.016205
-0.007477
-0.007721
-0.002625
-0.005676
-0.021454
-0.014252
-0.021454
-0.011810
0.006134
0.004272
0.010284
0.009491
0.000977
0.001129
-0.007904
-0.012604
-0.017426
-0.029724
-0.021698
-0.012421
-0.007050
0.000854
-0.000732
0.001038
0.002319
-0.004700
-0.002930
-0.008667
-0.013153
-0.017883
-0.016815
-0.008179
-0.003693
-0.001831
0.001984
0.001251
-0.000122
-0.000214
-0.004150
-0.004852
-0.005035
-0.002838
-0.005646
-0.008240
-0.005981
-0.003357
-0.001373
0.000549
-0.001923
-0.003021
-0.003540
-0.004547
-0.005005
-0.002441
0.000641
0.000671
0.001099
0.001495
0.002136
0.003052
0.001770
0.001190
0.000641
-0.000702
-0.000763
-0.000793
0.000580
-0.001892
-0.001221
0.000092