0.000031
0.000031
0.000000
0.000061
0.000061
0.000092
-0.000031
0.000000
0.000092
0.000275
-0.000092
0.000427
-0.000580
0.000916
-0.001343
0.001984
-0.002167
0.003387
-0.003479
0.031586
0.063782
0.071411
-0.040894
-0.262421
-0.016052
0.219391
0.152130
0.099762
0.058716
0.070984
0.070496
0.063324
-0.007843
-0.016327
-0.018188
-0.036407
-0.014435
-0.028870
-0.015198
-0.004181
-0.007233
-0.022491
-0.007385
0.000824
-0.006378
-0.003143
-0.011230
-0.011627
-0.020355
-0.015594
-0.019562
-0.014099
-0.011841
-0.024139
-0.013580
-0.005310
-0.011597
-0.006958
-0.007507
-0.007446
-0.004578
-0.013092
-0.011902
-0.012451
-0.016876
-0.017883
-0.012329
-0.008148
-0.010162
-0.013611
-0.012238
-0.014038
-0.019867
-0.014221
-0.002838
-0.004272
-0.007874
-0.006317
-0.007141
-0.008789
-0.012207
-0.019043
-0.026642
-0.028564
-0.021362
-0.013824
-0.014343
-0.015961
-0.015289
-0.012939
-0.009766
-0.008636
-0.010803
-0.009155
-0.008087
-0.008911
-0.008545
-0.009064
-0.008240
-0.007111
-0.005676
-0.005920
-0.007141
-0.006989
-0.004639
-0.002869
-0.003571
-0.004913
-0.004791
-0.003571
-0.001495
-0.000763
0.000519
0.001190
0.000214
-0.000519
-0.000214
0.001038
0.001465
0.001495
0.000305
-0.000061
0.000488
0.001404
0.001373
0.001129
0.001373
0.001465
-0.000092
0.000885
-0.001099
0.001678
-0.002747
0.003540
-0.004974
0.006378
-0.007812
0.009583
-0.012360
0.068146
0.189758
0.194885
-0.062012
-0.570129
0.127777
0.466400
0.080292
0.185577
0.131866
0.120941
0.085449
0.034271
-0.154297
-0.120117
-0.053436
-0.128510
-0.066895
-0.089294
-0.024017
-0.019318
-0.005096
-0.022888
-0.000824
0.008575
-0.020477
-0.007019
-0.032959
-0.018188
-0.043823
-0.009705
-0.008331
-0.008728
0.004181
-0.015778
-0.041138
-0.044159
-0.017822
-0.001556
0.008575
-0.003326
-0.017242
-0.009155
-0.008148
-0.002167
-0.004852
-0.022949
-0.015320
-0.016479
-0.013519
-0.006927
-0.015930
-0.021423
-0.006775
-0.003418
-0.008514
-0.007019
-0.006775
-0.015686
-0.028748
-0.032745
-0.031525
-0.025177
-0.013184
-0.007050
-0.006195
-0.003632
-0.004883
-0.005524
-0.006104
-0.003693
-0.005035
-0.005402
-0.010162
-0.011017
-0.008698
-0.003754
0.000000
-0.001648
-0.003876
-0.006805
-0.007141
-0.004364
-0.000702
0.000519
-0.001373
-0.005157
-0.007507
-0.005707
-0.000793
0.000702
0.001648
-0.000824
-0.002167
-0.000397
0.001831
0.001984
0.001099
-0.001770
-0.004944
-0.003418
-0.000366
0.003143
0.004852
-0.000031
-0.003601
-0.001617
0.000519
0.004059
0.005341
0.002960
0.000732
0.000183
0.000458
0.002472
0.002197
0.000305