-0.000031
0.000000
-0.000122
-0.000092
-0.000244
0.000458
-0.000488
0.000702
-0.001068
0.000854
-0.000916
0.000366
0.000183
-0.001343
0.002258
0.010193
0.096710
0.085510
0.091980
-0.272034
-0.243073
0.288452
0.215790
0.174194
0.082428
0.059723
0.105713
0.059204
-0.026428
-0.075958
-0.040955
-0.089417
-0.024323
-0.034454
-0.049255
0.000702
-0.018219
-0.018280
-0.015167
-0.003723
-0.005585
0.003357
-0.028992
-0.016418
-0.009216
-0.030029
-0.004822
-0.008423
-0.006470
-0.004333
-0.008667
-0.026459
-0.021362
-0.020050
-0.010956
0.000763
-0.004486
-0.004578
-0.007660
-0.007935
-0.002991
-0.007599
-0.012238
-0.015717
-0.016235
-0.015991
-0.011475
-0.007324
-0.014679
-0.007416
-0.004242
-0.005127
-0.007172
-0.012695
-0.014893
-0.017456
-0.025360
-0.031830
-0.025238
-0.014069
-0.010315
-0.014374
-0.017029
-0.014099
-0.010803
-0.009857
-0.011536
-0.010620
-0.009918
-0.010223
-0.010559
-0.010803
-0.007751
-0.007660
-0.005096
-0.004791
-0.006500
-0.007111
-0.008362
-0.006500
-0.004211
-0.003326
-0.004852
-0.006897
-0.005371
-0.002411
0.000702
0.001709
0.000244
0.000305
0.000031
0.000732
0.002014
0.002930
0.001556
-0.000214
-0.000885
-0.001129
0.000580
0.000824
0.000214
-0.000214
-0.001282
-0.000366
0.002167
0.003845
0.002960
0.001678
0.000000
-0.000031
-0.000244
0.000732
-0.000488
0.000885
-0.000702
0.000153
0.000366
-0.001373
0.003204
-0.005280
0.007812
-0.001007
0.124908
0.110931
0.149109
-0.292694
-0.375580
0.387665
0.245117
0.161713
0.128143
0.072083
0.122589
0.061340
-0.044617
-0.138092
-0.045593
-0.126526
-0.045868
-0.036652
-0.070160
0.020203
-0.010590
-0.006653
-0.018646
-0.001709
-0.009216
-0.012085
-0.042908
-0.021820
-0.012909
-0.034485
0.004944
-0.005981
-0.000854
-0.003967
-0.010529
-0.036896
-0.027710
-0.022583
-0.010223
0.007416
-0.004822
-0.000061
-0.007324
-0.007843
0.003418
-0.009003
-0.017273
-0.016846
-0.011658
-0.011627
-0.015717
-0.013214
-0.007568
-0.006042
-0.004791
0.003143
-0.007141
-0.012238
-0.016724
-0.023285
-0.034821
-0.043701
-0.029022
-0.008698
-0.011505
-0.019073
-0.007629
-0.002747
-0.003448
-0.008667
-0.012238
-0.008270
-0.007660
-0.012115
-0.012268
-0.010529
-0.005676
-0.000488
-0.001770
-0.004639
-0.006226
-0.007568
-0.007111
-0.005402
-0.002777
-0.003113
-0.006805
-0.008392
-0.005615
-0.001099
0.001862
0.002716
-0.000031
-0.000793
-0.000305
0.001495
0.003143
0.001678
-0.000702
-0.001984
-0.002136
-0.000641
0.002045
0.003235
0.000946
-0.000916
-0.001526
-0.000549
0.002258
0.003174
0.004120
0.003143
0.001617
0.000916