0.000031
0.000000
-0.000122
0.000153
-0.000122
0.000000
0.000061
-0.000336
0.000641
-0.001343
0.001892
-0.002808
0.003418
-0.004303
0.005493
0.007965
0.152740
0.042786
-0.161987
0.117584
-0.081299
-0.053986
0.238098
0.028656
0.111450
0.307312
0.113434
-0.138489
0.048523
0.069061
-0.177185
-0.108093
0.012817
-0.044189
-0.075165
-0.010590
0.003265
-0.012512
-0.023224
0.001221
0.001434
-0.014618
-0.000305
-0.011688
-0.019714
-0.005585
-0.002197
-0.005157
0.006470
-0.016479
-0.026245
-0.014557
-0.028503
-0.033386
-0.024261
-0.026703
-0.020966
-0.015076
-0.021240
-0.027161
-0.024536
-0.022888
-0.019806
-0.017059
-0.017975
-0.011810
-0.010345
-0.012421
-0.012939
-0.015289
-0.013062
-0.011597
-0.011505
-0.008179
-0.006592
-0.006836
-0.006989
-0.006287
-0.006409
-0.005432
-0.005768
-0.006378
-0.005859
-0.006897
-0.007874
-0.006378
-0.006866
-0.005463
-0.003937
-0.004181
-0.004028
-0.003571
-0.004333
-0.005646
-0.004517
-0.005737
-0.006073
-0.005646
-0.003082
-0.001556
-0.001495
-0.002045
-0.003693
-0.003448
-0.003937
-0.002716
-0.002075
-0.000824
0.000671
-0.000854
-0.000916
-0.000244
0.000702
0.000824
0.000000
0.000000
-0.000153
0.000183
-0.000671
-0.000885
-0.001648
-0.002533
-0.000641
0.000061
0.000183
0.000702
0.001587
0.001587
0.001465
-0.001404
0.001434
-0.001434
0.000763
0.000183
-0.002502
0.005341
-0.008270
0.009613
0.062988
0.369843
-0.229309
-0.183929
0.230316
-0.367065
0.347046
0.275299
-0.114624
0.529968
0.411652
-0.319733
-0.178345
0.321289
-0.244141
-0.324921
0.050110
-0.042511
-0.136780
-0.057190
0.021088
-0.014191
-0.030182
-0.027344
0.068207
-0.008789
-0.018402
0.004608
-0.069397
-0.046783
0.014709
0.002106
0.005157
0.017822
-0.039246
-0.005920
-0.015350
-0.079926
-0.083923
-0.073456
-0.064606
-0.028534
-0.019806
-0.024567
-0.004425
0.007263
-0.008179
-0.006714
-0.006744
-0.003662
0.003174
-0.000977
-0.001404
0.001465
0.001190
-0.004822
-0.005859
-0.008392
-0.009125
-0.012634
-0.015564
-0.013214
-0.012939
-0.012024
-0.008362
-0.008698
-0.006012
-0.005676
-0.008057
-0.007477
-0.002472
-0.004669
-0.003296
-0.002258
-0.005920
-0.003876
-0.005402
-0.007538
-0.005463
-0.001404
-0.003601
-0.004700
-0.003448
0.000580
0.002563
0.002167
-0.001862
-0.001831
-0.001709
-0.001648
-0.000458
-0.001495
0.000854
-0.000824
-0.004181
-0.003021
-0.000122
0.000763
0.000244
-0.000580
-0.000793
0.000122
-0.001709
-0.001007
0.001221
-0.001312
-0.000702
0.000763
0.002197
0.003082
0.005341
0.005463
0.003784
0.004089
0.002411
0.001373
0.002716
0.002472