0.000000
0.000000
0.000000
0.000000
0.000000
0.000000
0.000000
0.000000
0.000000
0.000031
0.000000
0.000000
0.000000
0.000000
0.000061
0.000000
0.000000
0.000000
0.000000
0.000031
0.000031
0.000000
0.000366
-0.000122
0.000000
0.001068
-0.000183
-0.000275
-0.000061
0.000000
0.005798
0.036743
0.034454
0.001923
0.011688
-0.000519
0.005585
0.037659
0.036804
0.055634
0.101990
0.101562
0.050598
0.060486
0.071228
0.016632
-0.009613
-0.003571
-0.014160
-0.024414
-0.022736
-0.024384
-0.025452
-0.030701
-0.033325
-0.028320
-0.026703
-0.022339
-0.019928
-0.021027
-0.018677
-0.015381
-0.013458
-0.014862
-0.019287
-0.020660
-0.018738
-0.019318
-0.020355
-0.018372
-0.017731
-0.016235
-0.015381
-0.014984
-0.013214
-0.014282
-0.014130
-0.014984
-0.015167
-0.014648
-0.014893
-0.012726
-0.012878
-0.012207
-0.012604
-0.010834
-0.009277
-0.009369
-0.007690
-0.008026
-0.006744
-0.006744
-0.006653
-0.006592
-0.007019
-0.006012
-0.005890
-0.005707
-0.006500
-0.006470
-0.006104
-0.006073
-0.005615
-0.005829
-0.005737
-0.005554
-0.005066
-0.004517
-0.004089
-0.003235
-0.003113
-0.002777
-0.003143
-0.003235
-0.003235
-0.003479
-0.003448
-0.004272
-0.004425
-0.004395
-0.003754
-0.003174
-0.003204
-0.002350
-0.002014
-0.002045
-0.001831
-0.001190
0.015503
-0.019806
0.024506
-0.029572
0.366577
0.368683
-0.781525
-0.143250
0.419128
0.003693
0.059845
0.607330
0.505707
-0.340485
-0.037445
0.216919
0.063690
-0.066254
-0.160034
-0.165588
-0.036133
-0.028473
-0.107086
-0.041779
-0.150116
-0.041107
-0.023956
-0.072968
0.029846
0.002899
-0.022797
-0.004761
-0.006653
-0.048492
-0.024719
-0.072693
-0.063324
-0.041901
-0.086945
-0.059570
-0.028107
-0.014801
-0.016663
-0.012482
-0.022858
-0.023041
-0.027069
-0.023590
-0.007996
-0.002106
-0.012512
-0.010498
-0.003540
-0.001312
-0.001221
-0.010223
-0.018127
-0.019348
-0.016815
-0.015228
-0.007782
-0.008514
-0.009460
-0.011810
-0.006134
-0.003601
-0.002228
0.002197
0.001465
-0.003448
-0.004425
-0.005859
-0.007965
-0.000916
0.002991
-0.001587
-0.005829
-0.004883
-0.001373
-0.000824
0.000244
0.001923
0.000214
0.000244
-0.002716
-0.002747
0.001129
0.004486
0.001953
-0.001862
-0.006531
-0.004578
-0.000671
0.001526
0.005341
0.003113
-0.002869
-0.007721
-0.004242
0.001404
0.003082
0.000641
-0.000977
-0.002533
-0.002563
0.000366
0.002441
0.001617
-0.000763
-0.003357
-0.003448
0.000031
0.003723
0.006317
0.005096
0.002045
0.001770
0.005188
0.005554
0.004791
0.005005
0.003784
0.003235
0.003998
0.006287
0.005341
0.003845
0.003540