0.000000
0.000000
0.000031
0.000000
0.000000
0.000000
-0.000031
0.000000
0.000000
0.000000
-0.000031
-0.000031
0.000031
-0.000092
0.000183
-0.000183
0.000214
-0.000061
0.000061
0.000000
0.000183
0.000122
0.000397
0.000702
0.017029
0.071411
0.002075
-0.053406
0.024475
0.022156
-0.005707
0.014252
0.095062
0.136749
0.047913
0.017548
0.046112
0.019104
0.009216
-0.008331
-0.031281
-0.008392
-0.006866
-0.015381
-0.005096
-0.007263
-0.005096
-0.006378
-0.005371
0.009094
0.013550
0.006561
0.007080
-0.003632
-0.013458
-0.010590
-0.013153
-0.020325
-0.025574
-0.024384
-0.025330
-0.026550
-0.022522
-0.017303
-0.015503
-0.015106
-0.012756
-0.011719
-0.016937
-0.016937
-0.017456
-0.017975
-0.016083
-0.015869
-0.013947
-0.013031
-0.011993
-0.012329
-0.013519
-0.013733
-0.010437
-0.009216
-0.009949
-0.009674
-0.009613
-0.007599
-0.008270
-0.008423
-0.005920
-0.005005
-0.004639
-0.005615
-0.006104
-0.005219
-0.004852
-0.004974
-0.006714
-0.008118
-0.007935
-0.006775
-0.005219
-0.005798
-0.006195
-0.005768
-0.006409
-0.007385
-0.008057
-0.006348
-0.005249
-0.004730
-0.004822
-0.005798
-0.005798
-0.005280
-0.003784
-0.002838
-0.001801
-0.001068
-0.000763
-0.000336
-0.000916
-0.001038
-0.001099
-0.001251
-0.001160
-0.001251
-0.000732
-0.000580
-0.000397
0.001709
-0.004028
0.006561
-0.010712
0.013611
0.014038
0.376892
-0.064850
-0.507111
0.216858
0.270325
-0.111938
0.131561
0.480347
-0.086731
-0.071381
0.422974
0.216980
-0.119202
-0.138458
-0.020416
-0.046661
-0.058563
-0.121063
-0.124969
-0.075165
-0.065094
-0.022369
-0.032837
0.003387
0.008087
-0.033112
-0.021851
-0.036346
-0.071869
-0.079773
-0.046478
-0.061737
-0.038544
-0.030182
-0.029633
-0.015686
-0.013641
-0.014191
-0.011292
-0.008820
-0.020325
-0.015564
-0.016785
-0.013031
-0.002777
-0.010010
-0.020203
-0.013733
-0.009766
-0.009094
-0.011749
-0.013458
-0.016754
-0.009369
-0.011810
-0.009674
-0.004913
-0.005554
-0.007477
-0.007843
-0.003662
-0.005829
-0.000854
0.003540
0.002747
-0.003693
-0.003174
-0.005920
-0.006958
-0.004089
-0.003876
-0.008301
-0.008484
-0.004425
-0.003937
-0.004150
-0.001007
-0.001373
-0.002563
-0.002167
-0.003113
-0.000702
0.001648
0.001709
-0.000275
-0.001404
-0.004028
-0.000214
0.002899
0.002777
-0.000214
-0.003601
-0.004425
-0.003265
0.000854
0.001221
-0.001007
-0.003235
-0.003082
-0.001312
-0.000610
0.000610
0.000519
-0.002441
-0.004028
-0.004364
-0.002014
-0.000671
0.001678
0.002411
0.001099
0.001709
0.003662
0.005066
0.003967
0.003632
0.003510
0.003571
0.003967
0.005524
0.005432