-0.000031
0.000000
-0.000031
0.000000
-0.000061
0.000000
-0.000061
-0.000061
-0.000031
-0.000031
-0.000031
-0.000061
-0.000031
0.000000
-0.000092
0.000061
-0.000183
0.000336
-0.000397
0.000366
-0.000336
0.000458
-0.000275
0.001007
0.000092
0.023773
0.061279
-0.014832
-0.035004
0.029602
0.014221
-0.002533
0.017639
0.087921
0.119843
0.043121
0.019836
0.042023
0.020142
0.011505
-0.006805
-0.017029
0.005676
-0.007324
-0.017670
-0.003418
-0.010254
0.000183
0.015442
0.011749
0.017639
0.019196
0.000946
-0.013550
-0.018097
-0.020050
-0.025696
-0.026947
-0.023804
-0.023407
-0.024231
-0.023010
-0.020508
-0.017487
-0.014984
-0.014221
-0.013184
-0.013031
-0.013489
-0.016327
-0.019287
-0.018982
-0.017944
-0.015900
-0.013275
-0.013031
-0.012115
-0.012573
-0.013336
-0.013580
-0.015503
-0.014069
-0.010406
-0.008911
-0.008331
-0.009125
-0.007721
-0.006927
-0.007965
-0.006714
-0.005402
-0.004852
-0.005402
-0.005127
-0.005737
-0.005005
-0.005676
-0.007751
-0.008057
-0.007904
-0.005585
-0.005646
-0.005493
-0.005188
-0.005798
-0.006439
-0.007751
-0.007019
-0.006714
-0.005646
-0.005157
-0.005554
-0.005280
-0.005524
-0.004700
-0.004425
-0.003204
-0.001831
-0.001007
-0.000732
-0.001038
-0.000183
-0.000488
-0.000580
-0.000549
-0.000916
-0.000702
-0.001007
0.007507
-0.009796
0.012177
-0.015930
0.019653
-0.026031
0.246460
0.290039
-0.556427
-0.113281
0.396667
0.016693
-0.024170
0.465546
0.176910
-0.278381
0.274292
0.379395
0.027588
-0.173431
-0.080536
-0.039856
-0.033386
-0.076935
-0.154907
-0.099701
-0.084778
-0.030182
-0.022552
-0.018738
0.019104
-0.025543
-0.020172
-0.026062
-0.057190
-0.097839
-0.058289
-0.046478
-0.049500
-0.033539
-0.041504
-0.016998
-0.008636
-0.011780
-0.020081
-0.003815
-0.017395
-0.021576
-0.018005
-0.019043
-0.005493
-0.003296
-0.018372
-0.017487
-0.011749
-0.010040
-0.009308
-0.012756
-0.016266
-0.012543
-0.009094
-0.012726
-0.005951
-0.007935
-0.007141
-0.009644
-0.005524
-0.005280
-0.002808
0.003326
0.003204
-0.003357
-0.004303
-0.003204
-0.005676
-0.003784
-0.002197
-0.005676
-0.008911
-0.004211
-0.002594
-0.003082
-0.002777
-0.001465
-0.003113
-0.002228
-0.003143
-0.002167
0.000610
0.002350
0.000610
-0.000366
-0.002991
-0.003113
0.000854
0.002838
0.003265
0.000061
-0.003540
-0.006561
-0.002380
0.001801
0.002533
-0.000885
-0.003601
-0.004425
-0.002716
0.001495
0.003082
-0.000519
-0.004761
-0.004669
-0.002716
-0.000427
0.002228
0.002777
0.000885
0.001068
0.002106
0.004303
0.004578
0.003876
0.002869
0.002930
0.003387
0.004578
0.005890
0.005096