0.000031
0.000000
-0.000061
-0.000061
0.000000
-0.000031
0.000000
-0.000031
-0.000031
-0.000092
0.000000
-0.000031
0.000000
-0.000122
0.000244
-0.000519
0.000702
-0.001099
0.001434
-0.001740
0.002991
0.003876
0.078461
0.068451
-0.084869
-0.021881
0.047729
-0.008820
-0.001282
0.126740
0.193115
0.058990
0.010895
0.061340
0.022705
-0.001770
-0.007355
-0.049225
-0.039764
-0.016541
-0.033386
-0.023590
-0.016754
-0.012238
-0.003143
-0.010437
-0.000336
-0.001587
-0.013336
-0.016785
-0.021118
-0.019592
-0.005463
-0.000214
0.004333
0.010223
-0.000305
-0.011871
-0.011566
-0.012543
-0.017822
-0.021606
-0.025238
-0.023193
-0.021057
-0.021088
-0.017395
-0.016205
-0.016296
-0.015198
-0.015076
-0.016571
-0.016235
-0.011475
-0.010132
-0.011353
-0.010468
-0.008240
-0.006378
-0.006439
-0.007477
-0.008209
-0.007721
-0.007050
-0.007660
-0.007782
-0.006775
-0.006012
-0.006165
-0.007660
-0.007874
-0.006989
-0.006042
-0.006531
-0.006989
-0.006287
-0.004486
-0.004303
-0.005768
-0.006592
-0.006500
-0.006744
-0.007355
-0.006622
-0.006256
-0.005157
-0.005066
-0.005737
-0.006134
-0.006165
-0.005280
-0.002808
-0.000458
0.000061
-0.000488
-0.001984
-0.002716
-0.002655
-0.002625
-0.002594
-0.002380
-0.002045
-0.002167
-0.001984
-0.001068
-0.000519
-0.000427
-0.000854
-0.000061
0.000275
-0.001495
0.002258
-0.003906
0.005310
-0.007965
0.009827
0.004456
0.257568
0.051086
-0.373657
0.135651
0.206299
-0.165100
0.063202
0.424591
0.099091
-0.021759
0.345184
0.139893
-0.130280
-0.036316
-0.002502
-0.100159
-0.078522
-0.084381
-0.123016
-0.039886
-0.052399
-0.043579
-0.018005
-0.010010
0.010986
-0.035187
-0.031158
-0.038513
-0.050659
-0.065430
-0.046295
-0.050873
-0.034363
-0.016296
-0.038116
-0.019104
-0.015594
-0.014191
-0.021027
-0.014648
-0.015564
-0.010590
-0.010925
-0.014435
-0.003815
-0.007416
-0.015015
-0.010925
-0.009552
-0.011719
-0.010345
-0.007294
-0.010315
-0.007721
-0.009491
-0.011322
-0.005829
-0.004608
-0.002594
-0.003387
-0.000458
-0.003876
-0.002258
-0.000977
-0.003967
-0.009277
-0.007111
-0.005951
-0.008209
-0.007050
-0.007507
-0.010010
-0.009674
-0.005096
-0.004181
-0.004761
-0.002838
-0.000977
-0.002014
-0.001007
-0.002686
-0.001709
0.000000
0.000488
-0.000702
0.000336
0.000458
0.000549
-0.000031
-0.001831
-0.002563
-0.003510
-0.004425
-0.003937
-0.001251
-0.000183
-0.000519
-0.001953
-0.002289
-0.002808
-0.002930
-0.003052
-0.002045
-0.002472
-0.002533
-0.001984
-0.001556
-0.000702
0.000977
0.002533
0.002625
0.003510
0.004547
0.004883
0.004333
0.003510
0.002563
0.003174
0.003448