0.000031
0.000031
0.000000
0.000000
-0.000031
0.000000
0.000000
0.000000
0.000000
0.000000
-0.000122
0.000061
-0.000092
0.000031
-0.000092
0.000092
0.000000
-0.000122
0.000092
-0.000244
0.000671
-0.000549
0.001801
0.011078
0.076508
0.023560
-0.068542
0.013336
0.030884
-0.008728
0.011017
0.103821
0.153961
0.052917
0.014099
0.051086
0.021790
0.004150
-0.008850
-0.038422
-0.019684
-0.009827
-0.025696
-0.011993
-0.004913
-0.002991
-0.002258
-0.008514
-0.007385
-0.002960
-0.000244
-0.000397
-0.001923
0.001099
0.002686
-0.004730
-0.008118
-0.010651
-0.021912
-0.027954
-0.025360
-0.024780
-0.022491
-0.020508
-0.016205
-0.014954
-0.017059
-0.015472
-0.014893
-0.015045
-0.015625
-0.017059
-0.015869
-0.015076
-0.014862
-0.013947
-0.013733
-0.011688
-0.009460
-0.009033
-0.008698
-0.008301
-0.009491
-0.009491
-0.010162
-0.009247
-0.007446
-0.005737
-0.005096
-0.005707
-0.005829
-0.006531
-0.006531
-0.005463
-0.004425
-0.005646
-0.007050
-0.007629
-0.006561
-0.005463
-0.006500
-0.006714
-0.006439
-0.007080
-0.007416
-0.007477
-0.006653
-0.005432
-0.004486
-0.004761
-0.005707
-0.006134
-0.005341
-0.003754
-0.002808
-0.001221
-0.000519
-0.000885
-0.001312
-0.001373
-0.001343
-0.001862
-0.001923
-0.001953
-0.001556
-0.001007
-0.000824
-0.000397
-0.003906
0.004333
-0.004944
0.005249
-0.006104
0.006439
-0.010071
0.119080
0.333862
-0.318359
-0.273407
0.345734
0.091034
-0.143799
0.307770
0.355469
-0.173218
0.156189
0.407074
0.033722
-0.164856
-0.051453
-0.015167
-0.075897
-0.080719
-0.124817
-0.099823
-0.053619
-0.054504
-0.027954
-0.022552
0.008759
-0.004059
-0.034332
-0.028625
-0.044861
-0.074158
-0.060333
-0.049957
-0.063873
-0.026642
-0.026611
-0.026764
-0.016113
-0.015503
-0.013306
-0.009369
-0.014313
-0.018219
-0.011719
-0.014832
-0.009308
-0.004669
-0.016052
-0.016388
-0.009613
-0.009583
-0.010620
-0.011322
-0.013397
-0.015015
-0.009521
-0.011963
-0.007385
-0.004333
-0.004120
-0.007874
-0.004944
-0.002777
-0.003418
0.000519
0.001465
-0.001190
-0.003479
-0.003174
-0.008362
-0.007477
-0.004578
-0.006683
-0.010590
-0.007782
-0.004578
-0.004425
-0.002777
0.000000
-0.002106
-0.002380
-0.002197
-0.002167
0.000092
0.001434
0.000824
-0.000885
-0.001190
-0.001648
0.000275
0.000153
0.000458
0.000000
-0.002075
-0.004120
-0.003204
-0.001251
-0.000153
-0.000854
-0.001556
-0.001984
-0.002045
-0.000732
0.000275
-0.000580
-0.003967
-0.004547
-0.003601
-0.001465
0.000641
0.002350
0.001770
0.001282
0.003235
0.004608
0.004822
0.004364
0.003906
0.003784
0.003448
0.003906
0.005127