0.000000
0.000000
-0.000031
0.000031
0.000000
0.000000
0.000061
-0.000031
0.000031
0.000000
0.000000
0.000031
0.000000
0.000000
0.000061
0.000031
0.000031
0.000031
0.000031
0.000000
0.000031
-0.000061
0.000519
-0.000244
0.000488
0.000305
0.000275
0.000000
0.010559
0.033142
0.001709
-0.015198
0.014313
0.013580
0.009583
0.015137
0.033691
0.085510
0.085022
0.023041
0.014404
0.012360
0.014099
0.049438
0.052185
0.048859
0.057098
0.040405
0.009094
-0.005188
-0.010834
-0.029022
-0.044495
-0.040405
-0.031860
-0.033447
-0.030579
-0.027924
-0.021179
-0.018127
-0.016113
-0.011719
-0.011993
-0.013214
-0.017639
-0.018005
-0.018524
-0.018860
-0.017578
-0.016205
-0.015167
-0.014954
-0.014343
-0.014954
-0.015503
-0.014740
-0.016785
-0.017609
-0.016144
-0.014465
-0.013885
-0.012421
-0.011749
-0.012512
-0.011261
-0.011047
-0.009949
-0.009888
-0.009277
-0.008087
-0.007385
-0.006561
-0.006317
-0.005676
-0.006165
-0.006500
-0.005829
-0.005737
-0.004425
-0.004211
-0.005432
-0.005310
-0.005035
-0.005493
-0.006348
-0.006134
-0.006073
-0.005615
-0.005341
-0.006104
-0.005951
-0.005249
-0.004333
-0.003967
-0.004700
-0.004730
-0.004242
-0.004242
-0.004547
-0.004272
-0.003601
-0.002289
-0.001129
-0.001099
-0.000702
-0.000885
-0.000610
-0.000122
0.001556
0.000458
-0.004150
0.003113
0.090881
0.562958
-0.414795
-0.582489
0.472992
0.125641
-0.034271
0.441467
0.513184
-0.305267
-0.160797
0.435059
0.213196
-0.124451
-0.103180
-0.095703
-0.114990
0.058990
-0.115204
-0.204498
-0.064606
-0.080017
-0.023285
-0.006622
-0.012054
0.000854
-0.010468
-0.021973
-0.040497
-0.097046
-0.074921
-0.014679
-0.070770
-0.037842
-0.042419
-0.037415
-0.009857
-0.011383
-0.020660
-0.011871
-0.018036
-0.033936
-0.024719
-0.027191
-0.018066
-0.005249
-0.010864
-0.015320
-0.009583
-0.005096
0.003326
-0.006012
-0.014008
-0.022186
-0.015381
-0.017578
-0.009521
-0.008148
-0.009247
-0.010223
-0.009064
-0.003906
-0.001770
0.002136
0.001465
-0.002106
-0.006317
-0.004578
-0.007141
-0.004242
0.000671
0.002045
-0.005554
-0.002960
-0.000610
0.001007
-0.000854
0.000549
-0.000946
-0.003571
-0.003418
-0.005188
-0.001953
0.002380
0.003448
0.000549
-0.002899
-0.004761
-0.000305
0.002808
0.006012
0.002258
-0.002441
-0.006653
-0.004364
0.001831
0.003723
0.001129
-0.002716
-0.002869
-0.003571
-0.002014
0.001709
0.001831
-0.001221
-0.003967
-0.004700
-0.001801
0.002869
0.007690
0.005157
0.002045
0.000671
0.002899
0.006012
0.005859
0.003723
0.001556
0.001801
0.002014
0.003967
0.004944
0.004089
0.003143