0.000031
0.000000
0.000031
0.000000
0.000061
0.000031
0.000092
-0.000061
0.000122
-0.000031
0.000153
-0.000122
0.000275
-0.000275
0.000153
0.000031
-0.000214
0.000610
-0.000549
0.001740
0.018250
0.110260
0.036896
-0.089447
-0.011200
0.018707
-0.022644
0.080658
0.231598
0.094849
-0.000336
0.090424
0.070618
0.004150
-0.020264
-0.035156
-0.047119
-0.042755
-0.027466
-0.014343
-0.029266
-0.026733
-0.011292
-0.015350
-0.006104
-0.012207
-0.018951
-0.012604
-0.012390
-0.014679
-0.016113
-0.014404
-0.013184
-0.008453
-0.009491
-0.003113
-0.003601
-0.006744
-0.005859
-0.005829
-0.007324
-0.013794
-0.014648
-0.022003
-0.020935
-0.015411
-0.019714
-0.020416
-0.019958
-0.019287
-0.017609
-0.014282
-0.013916
-0.016266
-0.014191
-0.011597
-0.009827
-0.009003
-0.006531
-0.005371
-0.006439
-0.007263
-0.007202
-0.005707
-0.006256
-0.006622
-0.006042
-0.007233
-0.008270
-0.008911
-0.007935
-0.005920
-0.006989
-0.006866
-0.006348
-0.005707
-0.004730
-0.004181
-0.004456
-0.004944
-0.004883
-0.004639
-0.004425
-0.004730
-0.003937
-0.003021
-0.003235
-0.004578
-0.006134
-0.005493
-0.003021
-0.001282
-0.001068
-0.002838
-0.002808
-0.000641
-0.000122
-0.001038
-0.001434
-0.000885
-0.000763
-0.000580
-0.000854
-0.000793
-0.000336
-0.000763
-0.002014
-0.002655
-0.000336
0.000549
-0.000824
0.001282
-0.002289
0.002899
-0.004150
0.005035
-0.006561
0.007965
-0.006927
0.140839
0.174591
-0.182434
-0.029022
0.080872
-0.082123
0.011902
0.346436
0.228729
0.017273
0.203400
0.079681
-0.016113
-0.029236
-0.048309
-0.072357
-0.062653
-0.082031
-0.113190
-0.018951
-0.026062
-0.047272
-0.029358
-0.014587
-0.011414
-0.023285
-0.018402
-0.029907
-0.029175
-0.037201
-0.009216
-0.025024
-0.037781
-0.026917
-0.035797
-0.027283
-0.033844
-0.029724
-0.019409
-0.015137
-0.026581
-0.019562
-0.021912
-0.024261
-0.007721
-0.006287
-0.008942
-0.008911
-0.007172
-0.005798
-0.006256
-0.003510
-0.003784
-0.005493
-0.006989
-0.006348
-0.004395
-0.002808
-0.002838
-0.007690
-0.007019
-0.009399
-0.006866
-0.006317
-0.005859
-0.005280
-0.006805
-0.006531
-0.007812
-0.006500
-0.004852
-0.005859
-0.007843
-0.007599
-0.007843
-0.008301
-0.006805
-0.005432
-0.005310
-0.004364
-0.005524
-0.005798
-0.004120
-0.001678
-0.001343
-0.002014
-0.002289
-0.002258
-0.001770
-0.000488
0.001068
0.002045
0.002625
0.003052
0.003723
0.003601
0.003540
0.001099
-0.001099
-0.001953
-0.002319
-0.001007
0.000000
-0.000397
-0.001312
-0.002045
-0.003265
-0.002625
-0.000519
-0.000519
0.000061
0.000610
0.000275
0.000214
0.000641
0.001282
0.001312