0.000031
0.000092
0.000061
0.000122
0.000031
0.000031
0.000061
0.000031
0.000031
0.000092
0.000031
0.000000
0.000092
0.000031
-0.000031
0.000092
0.000000
0.000366
-0.000336
0.000732
-0.000885
0.000946
-0.000122
0.001129
0.003204
0.052826
0.037567
-0.032227
0.024109
-0.028107
-0.014679
0.072968
0.031799
0.093384
0.126221
0.046051
0.015137
0.056946
0.033203
-0.031616
-0.025177
0.001282
-0.004211
-0.028442
-0.018829
-0.004913
0.003448
0.015717
0.016357
0.009338
0.007538
0.005768
-0.005554
-0.011810
-0.017700
-0.021759
-0.018890
-0.015137
-0.022369
-0.023804
-0.021423
-0.025757
-0.022247
-0.024597
-0.034515
-0.029480
-0.022797
-0.022705
-0.020966
-0.017273
-0.016266
-0.013428
-0.013397
-0.016235
-0.015594
-0.016602
-0.016418
-0.014801
-0.014008
-0.014343
-0.013062
-0.011566
-0.010376
-0.009399
-0.009247
-0.009430
-0.008667
-0.008698
-0.008636
-0.006927
-0.005920
-0.006042
-0.005615
-0.005951
-0.006042
-0.005676
-0.006012
-0.005859
-0.006653
-0.005981
-0.006073
-0.006256
-0.005646
-0.004852
-0.003723
-0.004395
-0.004150
-0.003479
-0.003235
-0.003113
-0.002655
-0.001892
-0.002350
-0.002289
-0.002625
-0.002991
-0.002716
-0.002258
-0.002228
-0.001923
-0.000549
-0.000549
-0.000458
-0.000977
-0.001282
-0.000488
-0.000366
-0.000305
0.004791
-0.006927
0.009033
-0.011963
0.014923
-0.011078
0.300629
0.333191
-0.370605
-0.289001
0.043427
0.207336
0.068848
0.416199
0.614441
-0.143890
0.008698
0.135803
-0.125458
-0.061096
-0.128265
-0.270447
-0.044006
-0.031830
-0.185913
0.028625
-0.072601
-0.046295
0.039886
-0.028961
0.042450
0.028107
-0.121735
-0.071594
-0.001648
-0.056702
0.054230
0.002228
0.004303
0.023682
-0.022980
-0.034576
-0.080994
-0.096649
-0.048370
-0.013947
-0.060974
-0.039734
-0.027252
-0.016785
-0.000671
-0.018066
-0.020264
-0.013214
-0.014069
-0.010559
-0.003296
-0.004730
-0.005981
-0.007202
-0.013519
-0.004883
-0.004333
-0.001251
-0.001526
-0.004547
-0.010162
-0.011139
-0.003113
-0.002289
-0.000519
-0.003174
-0.005188
-0.009613
-0.007690
-0.004517
-0.000519
-0.002075
-0.007080
-0.008087
-0.007477
-0.006714
-0.000641
0.000824
-0.001801
-0.003693
-0.006500
-0.005219
-0.000214
0.004059
0.003632
-0.000763
-0.005310
-0.003967
-0.001617
0.002106
0.004120
0.002441
-0.000305
-0.000061
0.001404
0.004517
0.005432
0.002472
-0.001190
-0.002533
-0.002838
0.000183
0.003906
0.002167
0.000641
-0.002289
-0.003632
0.000061
0.006622
0.007446
0.004700
0.002838
0.000244
0.000732
0.002930
0.002258
0.001984
0.001190
-0.000549
0.000671
0.003113
0.002808