-0.000122
0.000000
0.000000
0.000000
0.000000
-0.000122
0.000000
-0.000092
0.000092
-0.000153
0.000122
-0.000153
-0.000214
0.000275
-0.000763
0.001160
-0.001678
0.002960
0.013519
0.126221
0.061035
-0.112518
-0.026764
0.023926
-0.024567
0.088135
0.274384
0.110352
-0.018402
0.103790
0.080353
-0.000305
-0.023499
-0.038483
-0.055115
-0.059570
-0.041840
-0.013855
-0.028198
-0.035706
-0.009399
-0.023010
-0.015015
-0.005188
-0.022400
-0.019379
-0.018524
-0.020874
-0.015656
-0.009491
-0.013916
-0.010468
-0.019409
-0.022858
-0.016510
-0.014496
-0.008301
-0.003387
-0.001801
-0.006592
-0.003632
-0.009003
-0.013123
-0.009979
-0.015961
-0.021118
-0.021667
-0.019989
-0.020508
-0.018250
-0.011169
-0.011658
-0.015747
-0.015076
-0.008911
-0.005585
-0.006287
-0.008057
-0.007599
-0.005951
-0.007416
-0.006348
-0.005157
-0.005829
-0.005829
-0.006531
-0.007874
-0.007965
-0.007324
-0.006165
-0.007050
-0.006958
-0.006653
-0.006317
-0.005859
-0.006073
-0.005524
-0.006073
-0.005188
-0.004700
-0.004272
-0.003387
-0.003143
-0.002228
-0.002838
-0.004028
-0.005798
-0.005859
-0.002808
-0.001617
-0.001556
-0.001617
-0.000793
0.001038
0.002655
0.002441
-0.000183
-0.002106
-0.003357
-0.003357
-0.002472
-0.001404
-0.001007
-0.001282
-0.001678
-0.002106
-0.001373
-0.000397
0.000000
-0.000092
0.000031
0.000000
-0.000122
0.000183
-0.000977
0.001251
-0.002380
0.003265
-0.004883
0.006226
0.002594
0.156067
0.108124
-0.126648
-0.037964
0.008087
-0.037994
0.069855
0.349823
0.189117
0.017975
0.127869
0.078400
0.007324
-0.046112
-0.052460
-0.050262
-0.070740
-0.106537
-0.055511
-0.009216
-0.044128
-0.035645
-0.021698
-0.016174
-0.010834
-0.020813
-0.022644
-0.033447
-0.031921
-0.018372
-0.013214
-0.028503
-0.024231
-0.024597
-0.034760
-0.031311
-0.026672
-0.019440
-0.016541
-0.014099
-0.015320
-0.018951
-0.025635
-0.023071
-0.009827
-0.007172
-0.013916
-0.008759
-0.005890
-0.004242
-0.000275
0.001556
-0.001709
-0.005829
-0.009857
-0.008667
-0.004883
-0.006073
-0.006897
-0.009155
-0.009094
-0.008972
-0.007568
-0.006165
-0.005188
-0.006378
-0.006287
-0.007080
-0.008514
-0.008270
-0.007172
-0.007507
-0.007477
-0.006836
-0.006958
-0.006653
-0.004913
-0.003967
-0.005890
-0.007080
-0.007202
-0.005280
-0.002502
-0.001373
-0.002075
-0.003082
-0.003448
-0.002350
-0.001160
0.001038
0.002228
0.002045
0.001770
0.001587
0.001587
0.001678
0.002197
0.001160
0.000000
-0.000793
-0.001648
-0.001892
-0.002167
-0.002258
-0.002808
-0.003479
-0.003601
-0.002533
-0.000366
0.000641
0.001160
0.000702
0.000244
0.000977
0.001953