0.000000
0.000000
-0.000031
0.000000
-0.000031
0.000000
0.000000
0.000000
0.000000
-0.000031
0.000000
-0.000031
0.000000
-0.000061
0.000000
-0.000061
0.000000
0.000000
-0.000031
0.000153
-0.000153
0.000244
-0.000031
-0.000214
0.000763
-0.000183
-0.000092
0.000183
0.013062
0.044159
0.011871
-0.006836
0.013641
-0.023865
0.007721
0.047577
0.054962
0.100403
0.090363
0.048309
0.037598
0.036530
0.018311
0.006622
0.025452
0.032593
0.002106
-0.021088
-0.007751
-0.000214
-0.015869
-0.017731
-0.012482
-0.013214
-0.016479
-0.022705
-0.022247
-0.025635
-0.026398
-0.024475
-0.020386
-0.018707
-0.022369
-0.018524
-0.016388
-0.020630
-0.023132
-0.021790
-0.020081
-0.020447
-0.020569
-0.018555
-0.015228
-0.013336
-0.013641
-0.013306
-0.015015
-0.015076
-0.014465
-0.014862
-0.013855
-0.013428
-0.012878
-0.012756
-0.012939
-0.012573
-0.011017
-0.009125
-0.009979
-0.008698
-0.008118
-0.007874
-0.005981
-0.005890
-0.005524
-0.006012
-0.006775
-0.006744
-0.006409
-0.006531
-0.006592
-0.005920
-0.005829
-0.005890
-0.005798
-0.005798
-0.004486
-0.003967
-0.003510
-0.003113
-0.003357
-0.003235
-0.003052
-0.002258
-0.002289
-0.002411
-0.002472
-0.002655
-0.002319
-0.001923
-0.001892
-0.001465
-0.001007
-0.000763
-0.000854
-0.001251
-0.001373
-0.001617
-0.008545
0.010956
-0.014099
0.017365
-0.016113
0.322418
0.384644
-0.520691
-0.318878
0.227661
0.148590
0.089905
0.591187
0.355988
-0.244232
0.168030
0.087158
-0.062225
-0.038055
-0.165527
-0.178955
-0.026703
-0.109375
-0.142914
0.004181
-0.107880
-0.018616
0.014282
-0.000153
-0.044983
-0.073090
-0.011078
-0.041473
-0.010284
0.020386
0.046356
-0.012878
0.009949
0.004517
-0.082489
-0.130829
-0.096222
-0.016663
-0.039551
-0.045563
-0.030060
-0.006317
-0.008423
-0.022308
-0.013214
0.000458
-0.015442
-0.032990
-0.021576
-0.009460
0.005280
0.004333
-0.007996
-0.010223
-0.015137
-0.012421
-0.004700
-0.006958
-0.007843
-0.012268
-0.012024
-0.009705
-0.002045
0.001648
0.003448
-0.000519
-0.007690
-0.009644
-0.009644
-0.002991
0.003265
-0.000916
-0.006256
-0.007812
-0.005035
-0.001617
0.003998
0.003479
-0.003845
-0.005524
-0.006531
-0.002838
0.000641
0.005005
0.003113
-0.002594
-0.005554
-0.004517
-0.000244
0.003235
0.005310
0.000671
-0.001984
-0.001221
0.001007
0.006226
0.006195
0.001862
-0.001282
-0.002960
-0.002167
0.002197
0.004517
0.001312
0.000000
-0.002563
-0.003204
0.002228
0.006927
0.005615
0.004028
0.001770
-0.000275
0.002197
0.004272
0.003998
0.002319
0.000061
-0.002228
0.000885
0.003510
0.003296
0.004211