-0.000031
0.000000
-0.000031
0.000031
0.000000
0.000000
0.000000
-0.000031
-0.000031
0.000000
-0.000031
0.000000
0.000000
-0.000061
0.000000
0.000031
-0.000031
0.000031
-0.000031
0.000214
-0.000214
0.000153
-0.000092
0.000763
-0.000549
0.001007
0.002289
0.035614
0.042206
-0.019928
-0.006927
0.019836
-0.003143
-0.006378
0.049255
0.111237
0.070557
0.029510
0.049591
0.038452
0.027222
0.024689
-0.004913
-0.011719
-0.005310
-0.008209
0.002838
0.007141
0.011169
0.015961
0.004669
0.002747
-0.000122
-0.012817
-0.019714
-0.026001
-0.030823
-0.027374
-0.023376
-0.021881
-0.019196
-0.019226
-0.020203
-0.018951
-0.018158
-0.017242
-0.016602
-0.017365
-0.016144
-0.014191
-0.013702
-0.013977
-0.013947
-0.013702
-0.014648
-0.015106
-0.017822
-0.019073
-0.014587
-0.012573
-0.012085
-0.011810
-0.012207
-0.011932
-0.010773
-0.010590
-0.012787
-0.012939
-0.010803
-0.007965
-0.006989
-0.005798
-0.005432
-0.005981
-0.006836
-0.007782
-0.007263
-0.007538
-0.007294
-0.006866
-0.006012
-0.004944
-0.005066
-0.004425
-0.003937
-0.002838
-0.002533
-0.003967
-0.004944
-0.005066
-0.004242
-0.003723
-0.003479
-0.003510
-0.003998
-0.002930
-0.002899
-0.003967
-0.004181
-0.003967
-0.003632
-0.003143
-0.003052
-0.003632
-0.002899
-0.001831
-0.001648
-0.001038
0.005707
-0.006927
0.007874
-0.009460
0.010803
-0.016266
0.165253
0.395691
-0.385284
-0.335480
0.324463
0.165436
-0.018494
0.359894
0.158691
-0.184082
0.330566
0.286591
-0.008698
-0.146057
-0.062988
-0.032013
-0.119324
-0.111450
-0.093384
-0.045258
-0.061432
-0.037354
-0.026093
-0.041321
-0.042755
-0.042725
-0.014191
-0.030212
-0.006653
-0.006256
0.003113
-0.013184
-0.042450
-0.064941
-0.086365
-0.040131
-0.028534
-0.030212
-0.031433
-0.021393
-0.031555
-0.026337
-0.022736
-0.021942
-0.003418
-0.007568
-0.014526
-0.011536
-0.003784
0.002289
0.002808
-0.004608
-0.011261
-0.014282
-0.014038
-0.011932
-0.008972
-0.013336
-0.010223
-0.013641
-0.011047
-0.007996
-0.003021
-0.001770
-0.003662
-0.003510
-0.005035
-0.000488
-0.000977
0.001068
-0.000305
-0.004883
-0.007233
-0.005096
-0.003662
-0.002258
-0.000519
-0.001404
-0.005890
-0.006714
-0.005859
-0.003021
-0.000549
0.001129
0.000732
-0.002380
-0.004303
-0.003296
0.000031
0.001587
0.002106
-0.001190
-0.001953
0.000580
0.003540
0.004547
0.004761
0.001678
-0.000275
0.000580
0.000824
0.003265
0.003723
0.000519
-0.002258
-0.001312
0.000031
0.002686
0.004852
0.001770
-0.000946
-0.000854
0.000458
0.002533
0.002747
0.001770
-0.000092
-0.001312
-0.001953
0.000275
0.002136
0.001129