0.000000
0.000000
0.000000
-0.000031
-0.000031
-0.000031
-0.000031
0.000000
-0.000031
-0.000031
-0.000061
0.000000
-0.000092
0.000061
-0.000122
0.000214
-0.000366
0.000336
-0.000488
0.000275
-0.000031
0.000671
0.000397
0.025299
0.084534
0.005096
-0.054779
0.009796
0.007874
-0.020203
0.068512
0.173370
0.080963
0.020233
0.071106
0.053131
0.005249
-0.011688
-0.022614
-0.030670
-0.019531
-0.015900
-0.018524
-0.018280
-0.011383
0.002319
-0.008057
-0.014160
-0.012756
-0.011566
-0.008392
-0.006744
-0.001556
0.003235
0.002716
-0.002869
-0.001617
-0.008484
-0.016571
-0.020355
-0.023376
-0.023529
-0.022034
-0.020691
-0.020020
-0.017700
-0.017700
-0.015930
-0.013428
-0.017639
-0.017426
-0.015961
-0.019318
-0.015991
-0.011810
-0.011475
-0.012878
-0.013580
-0.013794
-0.013641
-0.012268
-0.008057
-0.006836
-0.008209
-0.007751
-0.008148
-0.007416
-0.008118
-0.008453
-0.007233
-0.008698
-0.009094
-0.008514
-0.006256
-0.004822
-0.005035
-0.006012
-0.005859
-0.005035
-0.004974
-0.003235
-0.003448
-0.004456
-0.005615
-0.005798
-0.005188
-0.004944
-0.004364
-0.004364
-0.004242
-0.004608
-0.005310
-0.004639
-0.003571
-0.002747
-0.002319
-0.002533
-0.003601
-0.003998
-0.002838
-0.001953
-0.001770
-0.001373
-0.000519
0.000305
0.000854
0.000458
0.000031
0.000336
-0.000397
-0.000488
0.001068
-0.002625
0.003937
-0.006409
0.007507
0.019440
0.287750
0.012329
-0.351624
0.133423
0.184753
-0.144287
0.111389
0.423248
-0.007538
0.101318
0.339142
0.013153
-0.089417
-0.053223
-0.022980
-0.100952
-0.095795
-0.063629
-0.095795
-0.058563
-0.015564
-0.039948
-0.042542
0.002899
-0.036896
-0.027588
-0.013458
-0.029694
-0.015167
-0.030823
-0.030365
-0.030212
-0.021667
-0.047119
-0.047943
-0.038605
-0.032104
-0.028595
-0.029236
-0.026672
-0.027313
-0.010345
-0.018921
-0.016266
-0.002716
-0.009583
-0.010376
-0.002533
-0.005981
-0.007233
-0.005859
-0.007141
-0.009003
-0.008392
-0.011047
-0.008057
-0.007111
-0.007568
-0.006134
-0.007416
-0.007111
-0.007355
-0.004089
-0.002350
-0.001770
-0.003021
-0.002808
-0.003845
-0.004303
-0.004089
-0.004974
-0.008972
-0.008789
-0.007904
-0.007324
-0.005127
-0.003082
-0.004333
-0.006744
-0.005096
-0.004578
-0.003479
-0.002686
-0.002136
-0.002075
-0.001862
-0.000549
0.000122
-0.000519
0.000092
0.000549
0.000580
0.000916
0.001953
0.001465
0.002380
0.003723
0.002655
0.002899
0.002258
0.001068
0.000549
-0.001068
-0.002533
-0.002228
-0.002106
-0.001160
0.001160
0.002472
0.001129
0.000580
0.000122
-0.000488
-0.000366
-0.000580
-0.000458
-0.000824
-0.000397
0.000366