0.000000
0.000000
0.000031
0.000000
0.000000
0.000000
0.000061
0.000000
0.000061
0.000000
0.000000
0.000000
0.000000
0.000000
0.000153
-0.000031
-0.000031
0.000122
-0.000122
0.000153
0.000122
0.000031
0.000031
0.000183
0.000427
-0.001251
0.001373
0.000061
0.001312
0.002197
0.037048
0.035034
0.013245
-0.012054
-0.058411
0.012238
0.057098
0.099060
0.106750
0.040710
0.036926
0.060425
0.051086
0.025574
0.034210
0.016937
0.002258
0.004730
-0.010315
-0.011536
-0.015869
-0.024231
-0.024841
-0.021851
-0.020569
-0.017059
-0.016174
-0.015503
-0.010071
-0.015808
-0.015503
-0.016052
-0.016571
-0.014648
-0.018402
-0.026733
-0.023529
-0.018402
-0.017548
-0.016388
-0.018463
-0.020111
-0.021515
-0.018738
-0.018921
-0.018097
-0.016235
-0.015625
-0.014862
-0.014038
-0.012115
-0.012390
-0.014069
-0.015228
-0.015381
-0.013519
-0.012939
-0.010559
-0.009430
-0.009888
-0.009155
-0.010010
-0.009003
-0.008911
-0.008545
-0.008606
-0.008331
-0.008026
-0.008026
-0.006744
-0.006470
-0.005615
-0.004944
-0.004913
-0.004303
-0.004761
-0.003693
-0.003479
-0.003510
-0.003448
-0.004303
-0.004456
-0.004547
-0.003265
-0.002686
-0.002472
-0.003021
-0.002930
-0.002533
-0.002441
-0.001312
-0.000488
0.000366
0.000122
0.000366
0.000610
0.000610
0.000214
0.001190
-0.001129
0.000092
0.000946
-0.002930
0.002747
0.050720
0.445770
0.163605
-0.514648
-0.266357
0.323792
0.106171
0.254089
0.524231
-0.099121
0.140900
0.163574
-0.078033
-0.030945
-0.120056
-0.152924
-0.108734
-0.055847
-0.173676
-0.036499
-0.051239
-0.077209
-0.029175
-0.040070
-0.010651
-0.019196
0.002472
-0.002625
0.044922
-0.086212
-0.034302
0.036377
-0.020569
0.015533
-0.037384
-0.022186
-0.020355
-0.003357
-0.004852
-0.063538
-0.119049
-0.069946
-0.016296
-0.046021
-0.011871
-0.009827
-0.001556
-0.006805
-0.028137
-0.016571
0.009338
0.007660
-0.013702
-0.022461
-0.022064
-0.007050
-0.001251
-0.002594
-0.004791
-0.015015
-0.019470
-0.019287
-0.004486
0.004456
0.001801
-0.001190
-0.006012
-0.007568
-0.006561
0.000214
0.000854
-0.000854
-0.004303
-0.005219
-0.004669
-0.000397
0.005615
0.002045
-0.003418
-0.006500
-0.010437
-0.007263
-0.001221
0.002106
0.001923
-0.001923
-0.005981
-0.006104
0.000183
0.001801
0.004852
0.002075
-0.003815
-0.001862
0.002441
0.004883
0.004761
0.002350
-0.005646
-0.004852
0.000214
0.002167
0.005463
0.004456
-0.001373
-0.003632
0.000366
0.005127
0.006989
0.006256
0.001770
-0.001282
0.000000
0.003693
0.005676
0.005676
0.005310
0.001984
0.000458
0.002563
0.004120
0.003876