0.000000
0.000000
0.000000
0.000000
0.000031
0.000031
0.000031
0.000000
0.000000
0.000031
0.000092
0.000031
0.000031
0.000061
-0.000031
0.000000
0.000031
0.000061
-0.000061
0.000092
-0.000061
0.000061
0.000153
0.000153
0.000366
-0.000763
0.000641
0.000641
0.000183
-0.000092
0.000275
-0.000641
0.011902
0.041656
0.072113
0.022766
-0.093933
-0.054901
0.055847
0.099945
0.098450
0.098083
0.107880
0.067505
0.058075
0.050903
0.016327
-0.018585
-0.029968
-0.017273
-0.032013
-0.033020
-0.021210
-0.026825
-0.028381
-0.021515
-0.017395
-0.012085
-0.010406
-0.014801
-0.017303
-0.019623
-0.020538
-0.018188
-0.017487
-0.017120
-0.016815
-0.017212
-0.018738
-0.017883
-0.016510
-0.017273
-0.016876
-0.018311
-0.019928
-0.018219
-0.017120
-0.017273
-0.014740
-0.012665
-0.012329
-0.013336
-0.013916
-0.013184
-0.013123
-0.013184
-0.012024
-0.011597
-0.011444
-0.011292
-0.011475
-0.010406
-0.009155
-0.008362
-0.008850
-0.009979
-0.009460
-0.007721
-0.007538
-0.008453
-0.009277
-0.008423
-0.006195
-0.004517
-0.003998
-0.003632
-0.003510
-0.004181
-0.004578
-0.004181
-0.003845
-0.003265
-0.003357
-0.004059
-0.003662
-0.003815
-0.002899
-0.001434
-0.001038
-0.001923
-0.002228
-0.001556
-0.001312
-0.000153
0.000214
0.000977
0.000732
-0.000275
0.002960
-0.003387
0.003540
-0.003693
0.003510
-0.006470
0.094208
0.484985
-0.005188
-0.599213
-0.048523
0.397186
0.021301
0.352844
0.321777
-0.159027
0.269226
0.132965
-0.030304
-0.075775
-0.101990
-0.107971
-0.097321
-0.089691
-0.132111
-0.039307
-0.087372
-0.058624
-0.062927
-0.016418
0.003754
-0.025726
0.026581
-0.009338
-0.086914
-0.039795
0.027435
-0.017456
0.039673
0.009033
-0.036896
-0.000702
-0.014557
-0.022400
-0.080566
-0.108551
-0.068237
-0.034241
-0.049438
-0.029663
-0.001099
0.004730
-0.006470
-0.031219
-0.006805
0.004120
0.001495
-0.002075
-0.012939
-0.017426
-0.009796
-0.007660
0.002502
-0.000153
-0.015747
-0.017517
-0.020752
-0.016876
-0.007538
-0.000854
-0.001068
-0.002960
-0.006714
-0.004883
-0.002625
0.001434
0.002289
-0.001770
-0.004303
-0.004211
-0.003754
0.002563
0.004150
0.000275
-0.003204
-0.006989
-0.008057
-0.004730
0.000793
0.001831
0.002136
-0.003113
-0.006500
-0.004028
0.000793
0.002563
0.003754
-0.000549
-0.004913
-0.000916
0.004028
0.004791
0.005676
-0.000183
-0.006714
-0.003143
0.001343
0.003845
0.004608
0.003479
-0.002930
-0.002258
0.003021
0.006348
0.006744
0.005463
0.000793
-0.002136
0.001740
0.005371
0.005768
0.005463
0.003693
0.000488
0.001160
0.004181
0.004547
0.002747