0.000000
0.000031
-0.000031
0.000000
0.000000
-0.000031
0.000000
0.000000
0.000000
0.000000
0.000031
0.000000
0.000000
-0.000031
-0.000061
0.000061
-0.000031
0.000031
0.000000
-0.000061
-0.000031
0.000000
0.000153
-0.000031
0.000122
-0.000061
0.000366
0.000000
0.001404
-0.001160
0.000244
0.001740
0.031189
0.059723
0.024200
-0.008789
-0.063324
-0.041138
0.070526
0.118164
0.106354
0.071899
0.067017
0.080658
0.066925
0.019165
-0.004883
0.000000
-0.010223
-0.023499
-0.027008
-0.015411
-0.015961
-0.025269
-0.027466
-0.021423
-0.022308
-0.019684
-0.014893
-0.019775
-0.016876
-0.015564
-0.014709
-0.016937
-0.017944
-0.016907
-0.016632
-0.019318
-0.022247
-0.018280
-0.015503
-0.014923
-0.014801
-0.015717
-0.017334
-0.018005
-0.016083
-0.014435
-0.015991
-0.015564
-0.014160
-0.013245
-0.012939
-0.013092
-0.011871
-0.011780
-0.012268
-0.012634
-0.012756
-0.010986
-0.010040
-0.009399
-0.009094
-0.008850
-0.009308
-0.009338
-0.009125
-0.009430
-0.009033
-0.009186
-0.007751
-0.006165
-0.005768
-0.005371
-0.004517
-0.004120
-0.004791
-0.004639
-0.003876
-0.003387
-0.003357
-0.004028
-0.004089
-0.003754
-0.002808
-0.001770
-0.001587
-0.001587
-0.001709
-0.001343
-0.001740
-0.002075
-0.001068
-0.000122
0.000000
-0.000732
-0.000336
0.000214
-0.000305
0.001190
-0.002716
0.004639
-0.007568
0.009552
0.017365
0.414795
0.176453
-0.550873
-0.171814
0.374603
0.095551
0.181488
0.371948
-0.109161
0.181183
0.244476
-0.003052
-0.065430
-0.099335
-0.063538
-0.124329
-0.094299
-0.124695
-0.049927
-0.075500
-0.069641
-0.050873
-0.024597
0.004486
-0.035980
0.017609
-0.021912
-0.073273
-0.027069
-0.002563
-0.009674
0.024200
0.016235
-0.022919
-0.001007
-0.011810
-0.031036
-0.073120
-0.095306
-0.065338
-0.051941
-0.042938
-0.033020
-0.006836
0.000610
-0.010895
-0.028961
-0.011810
0.007172
0.011322
0.001007
-0.011292
-0.011627
-0.011658
-0.007904
-0.000580
-0.001648
-0.012085
-0.015778
-0.020477
-0.015045
-0.010437
-0.004730
-0.003693
-0.004395
-0.006683
-0.005829
-0.003265
0.002075
0.003387
0.000824
-0.002808
-0.004486
-0.003510
0.000000
0.004150
0.000641
-0.003662
-0.007233
-0.007599
-0.004791
0.000702
0.001404
0.001617
-0.002197
-0.006378
-0.005219
0.000916
0.002441
0.002625
-0.000092
-0.004089
-0.001251
0.002350
0.004791
0.004517
0.001251
-0.005249
-0.003357
0.001648
0.003265
0.003571
0.002716
-0.001740
-0.002075
0.003296
0.007050
0.006439
0.005737
0.002563
-0.001251
0.000641
0.003906
0.005341
0.004547
0.004211
0.001068
0.000580
0.003265
0.004211
0.003235