-0.000061
-0.000061
-0.000031
-0.000092
-0.000092
-0.000122
-0.000122
-0.000183
-0.000092
-0.000092
-0.000092
-0.000183
-0.000092
-0.000183
0.000000
-0.000183
0.000000
-0.000214
-0.000153
-0.000061
-0.000275
0.000488
-0.000336
0.000824
0.011444
0.073639
0.050812
-0.039856
-0.023132
-0.006653
-0.012360
0.077332
0.150269
0.072449
0.037201
0.076996
0.054535
0.010712
-0.004852
-0.004913
-0.022461
-0.043549
-0.029480
-0.013245
-0.012482
-0.012177
-0.006653
-0.004944
-0.010284
-0.010651
-0.008118
-0.013794
-0.015228
-0.006622
-0.001190
0.001953
0.003418
0.003326
-0.004852
-0.015228
-0.021729
-0.024261
-0.022736
-0.020630
-0.022034
-0.023102
-0.020691
-0.018768
-0.014923
-0.011383
-0.011047
-0.013885
-0.017914
-0.017609
-0.013824
-0.014832
-0.015381
-0.015076
-0.016357
-0.011963
-0.011597
-0.012573
-0.009613
-0.009827
-0.012115
-0.014618
-0.013336
-0.008087
-0.006500
-0.006683
-0.006317
-0.007416
-0.007294
-0.008759
-0.008606
-0.006897
-0.007660
-0.007080
-0.006897
-0.006744
-0.005646
-0.004364
-0.004150
-0.004272
-0.004303
-0.005554
-0.005035
-0.004333
-0.003021
-0.001404
-0.001862
-0.002563
-0.002899
-0.003174
-0.002991
-0.002228
-0.002197
-0.001953
-0.001343
-0.001251
-0.000458
-0.000427
-0.001526
-0.002441
-0.002777
-0.002319
-0.001770
-0.000519
0.000610
-0.000946
0.001251
-0.001953
0.001923
-0.002380
0.002350
-0.002716
0.002594
-0.004120
0.082733
0.280090
-0.079071
-0.208618
0.124023
0.030334
-0.102509
0.302063
0.296051
-0.020020
0.211060
0.162720
-0.017853
-0.070862
-0.055481
-0.063660
-0.114655
-0.083740
-0.070374
-0.061188
-0.030334
-0.012024
-0.057587
-0.022308
-0.009583
-0.034302
-0.016510
-0.035675
-0.021301
-0.011444
-0.015350
-0.013397
0.005341
-0.022156
-0.028961
-0.017365
-0.042450
-0.041382
-0.033081
-0.028351
-0.039886
-0.036011
-0.031708
-0.022827
-0.013031
-0.017029
-0.024872
-0.017761
-0.004761
-0.005219
-0.000366
0.004181
-0.000244
-0.004974
-0.006378
-0.006989
-0.005157
-0.007233
-0.008057
-0.007294
-0.008484
-0.010468
-0.007874
-0.004089
-0.003448
-0.005554
-0.006470
-0.006744
-0.007935
-0.003723
-0.002075
-0.004578
-0.004028
-0.003113
-0.003754
-0.003296
-0.002136
-0.003174
-0.005096
-0.005829
-0.006714
-0.006561
-0.005646
-0.004395
-0.003174
-0.003357
-0.004456
-0.003601
-0.002594
-0.002441
-0.000671
-0.000610
-0.001709
-0.000458
0.001221
0.002106
0.004181
0.002869
0.000183
0.000916
0.001434
0.000702
0.001862
0.003143
0.000580
0.001007
0.003540
0.004578
0.004517
0.004547
0.002838
0.000183
0.000122
-0.000641
-0.000397
0.001404
0.001953
0.001526