-0.000031
-0.000031
0.000000
0.000000
0.000000
0.000000
0.000000
-0.000092
0.000000
-0.000031
0.000000
0.000061
-0.000122
0.000061
-0.000427
0.000549
-0.000946
0.001221
-0.001617
0.002716
0.004303
0.088196
0.098877
-0.059998
-0.056427
0.003723
-0.017700
0.087036
0.204590
0.091400
0.025452
0.097229
0.076477
-0.000336
-0.025238
-0.017334
-0.022308
-0.045685
-0.052094
-0.033966
-0.027283
-0.023376
-0.016449
-0.007080
-0.006927
-0.009521
-0.016571
-0.020813
-0.018005
-0.024567
-0.016296
-0.006622
-0.007294
-0.005096
-0.006683
-0.011261
-0.010803
-0.010101
-0.010132
-0.005768
-0.008392
-0.013916
-0.017670
-0.018829
-0.015808
-0.012054
-0.011658
-0.017151
-0.018402
-0.015045
-0.016602
-0.016174
-0.012177
-0.014008
-0.016510
-0.016998
-0.016479
-0.013794
-0.010895
-0.006958
-0.008484
-0.011749
-0.009979
-0.006439
-0.004761
-0.005676
-0.006744
-0.007568
-0.009247
-0.009949
-0.006256
-0.004761
-0.006592
-0.006378
-0.006561
-0.006958
-0.006439
-0.005249
-0.003815
-0.003967
-0.005219
-0.006104
-0.005524
-0.003937
-0.002319
-0.001953
-0.002838
-0.003632
-0.004944
-0.005432
-0.002838
-0.000519
-0.000702
-0.002106
-0.001923
-0.000488
0.000427
0.000488
-0.001648
-0.002777
-0.001923
-0.000854
-0.000549
0.000000
0.000977
0.001099
0.001404
0.001617
-0.000214
0.000183
-0.000244
0.000397
-0.000458
0.000671
-0.001068
0.000946
-0.001129
0.000916
-0.000885
0.000549
-0.000916
0.041351
0.197693
0.047729
-0.123596
-0.039459
-0.011597
-0.021576
0.241028
0.298126
0.023529
0.108704
0.142822
0.032837
-0.053284
-0.065033
-0.046143
-0.063416
-0.076569
-0.069305
-0.024048
-0.038879
-0.045074
-0.037994
-0.020203
-0.000397
-0.021912
-0.021606
-0.026672
-0.029572
-0.021454
-0.008484
-0.012909
-0.015961
-0.006287
-0.012970
-0.025146
-0.041809
-0.032623
-0.023682
-0.027985
-0.030334
-0.018097
-0.014557
-0.022156
-0.014923
-0.008209
-0.013580
-0.021667
-0.021667
-0.016052
-0.005188
0.004822
0.003204
-0.003998
-0.006470
-0.006073
-0.004974
-0.005341
-0.007080
-0.008148
-0.007874
-0.011536
-0.010223
-0.006317
-0.004089
-0.004333
-0.007019
-0.006927
-0.008942
-0.008209
-0.006409
-0.005463
-0.004944
-0.005615
-0.006165
-0.006104
-0.003296
-0.002533
-0.004120
-0.004944
-0.007568
-0.006866
-0.005463
-0.004730
-0.003632
-0.003387
-0.004608
-0.006165
-0.004822
-0.003418
-0.001007
-0.000458
-0.000366
0.001282
0.001923
0.001343
0.001740
0.002594
0.001373
0.000854
0.000366
0.000671
0.002960
0.004089
0.001740
-0.000488
-0.000031
0.001251
0.002045
0.003082
0.003082
0.001556
0.000031
-0.001129
-0.001373