0.000000
-0.000092
-0.000061
-0.000061
-0.000092
-0.000031
-0.000031
-0.000061
-0.000122
0.000000
-0.000153
0.000122
-0.000427
0.000458
-0.000671
0.000671
-0.000946
0.000977
-0.000854
0.000763
0.000000
0.042236
0.102844
-0.005432
-0.022461
-0.034271
-0.042603
0.068481
0.072174
0.136658
0.156433
0.054291
0.025665
0.046906
0.007294
-0.042480
-0.069092
-0.045502
-0.007843
-0.039612
-0.030457
-0.001282
-0.010834
0.004517
-0.004364
-0.016937
-0.004028
-0.005859
-0.018158
-0.011536
-0.005371
0.010071
0.024567
0.014465
0.001953
0.000031
-0.009430
-0.026855
-0.018463
-0.007507
-0.017609
-0.023224
-0.016113
-0.015259
-0.022247
-0.034119
-0.028992
-0.020447
-0.022278
-0.025177
-0.021057
-0.014374
-0.014801
-0.017639
-0.023987
-0.024597
-0.021851
-0.019318
-0.017853
-0.016113
-0.014099
-0.012207
-0.010864
-0.010376
-0.009155
-0.006744
-0.005554
-0.005402
-0.005615
-0.006409
-0.006409
-0.005524
-0.003571
-0.002655
-0.003357
-0.004852
-0.005249
-0.005737
-0.005798
-0.004852
-0.005219
-0.005707
-0.005341
-0.004944
-0.004120
-0.003052
-0.002563
-0.003113
-0.003052
-0.002808
-0.001648
-0.000885
-0.000549
-0.000244
-0.001648
-0.001251
-0.000580
-0.000153
-0.000763
-0.001617
-0.001862
-0.001770
-0.001068
-0.001251
-0.000092
0.000366
0.000031
0.000854
-0.000916
0.001007
-0.000885
-0.000031
0.000519
-0.002197
0.004486
-0.007507
0.010162
0.020630
0.339203
0.161591
-0.173187
-0.261383
-0.096588
0.223206
0.055267
0.464386
0.477081
-0.041779
-0.007080
0.071320
-0.160522
-0.149872
-0.147522
-0.253815
0.015167
-0.036560
-0.119293
0.059784
-0.026764
-0.024200
-0.032959
-0.039062
-0.014130
-0.016876
-0.037018
-0.031982
-0.027374
-0.009308
0.063934
0.023376
0.042114
-0.044952
-0.058289
-0.022644
-0.034424
0.005859
-0.017761
-0.025604
-0.017944
-0.009064
-0.037048
-0.056366
-0.052032
-0.024078
-0.013336
-0.045807
-0.029541
-0.005524
0.000214
-0.006470
-0.024445
-0.020691
-0.011108
-0.004028
0.001892
0.011383
0.003967
-0.000031
-0.009369
-0.013550
-0.002716
-0.006042
-0.005768
-0.009064
-0.009460
-0.010834
-0.006165
-0.003815
0.000000
0.000244
-0.004486
-0.006012
-0.007080
-0.004395
-0.000488
-0.000580
-0.004028
-0.006958
-0.008606
-0.006744
-0.002441
-0.000183
-0.001556
-0.004639
-0.008392
-0.006714
-0.003296
0.001526
0.002869
0.002380
-0.000092
0.001312
0.004333
0.005035
0.004150
-0.000977
-0.004333
-0.003052
0.001404
0.003387
0.006439
0.003906
0.000275
-0.000397
0.001068
0.005096
0.006836
0.004028
0.000183
-0.001373
-0.001190
0.000977
0.004150
0.004059
0.002319
0.001434