0.000031
0.000000
0.000000
-0.000031
0.000031
0.000000
0.000061
0.000031
-0.000092
0.000061
-0.000031
0.000061
0.000061
-0.000031
0.000092
-0.000336
0.000427
-0.000610
0.000916
-0.000977
0.002197
0.006378
0.085938
0.083344
-0.055389
-0.044464
0.000214
-0.015808
0.085846
0.187836
0.085724
0.029388
0.092438
0.070099
0.000916
-0.018494
-0.013275
-0.021606
-0.045593
-0.049438
-0.029480
-0.021545
-0.021301
-0.014648
-0.005554
-0.005188
-0.010162
-0.016693
-0.016418
-0.020508
-0.023499
-0.012756
-0.006775
-0.004730
-0.000793
-0.003021
-0.006287
-0.007599
-0.011200
-0.008392
-0.005341
-0.012573
-0.021210
-0.023254
-0.021545
-0.018433
-0.013397
-0.010834
-0.010925
-0.016907
-0.019653
-0.015137
-0.015228
-0.013855
-0.015106
-0.018341
-0.017181
-0.012970
-0.010345
-0.010712
-0.011414
-0.009216
-0.009094
-0.011475
-0.007721
-0.004822
-0.005005
-0.007141
-0.009155
-0.008331
-0.007904
-0.007050
-0.005157
-0.005859
-0.006836
-0.006897
-0.007874
-0.006531
-0.004608
-0.003754
-0.003784
-0.004822
-0.005798
-0.005371
-0.003693
-0.002655
-0.001770
-0.002594
-0.003632
-0.004639
-0.004578
-0.002563
-0.000824
-0.000671
-0.001617
-0.001770
-0.001007
-0.000061
0.000122
-0.001465
-0.002747
-0.002319
-0.001526
-0.000824
0.000092
0.000610
0.001221
0.001312
0.000092
-0.000244
0.000244
-0.000366
0.000366
-0.000671
0.000122
-0.000031
-0.000732
0.001282
-0.002594
0.002991
0.021851
0.201569
0.078766
-0.134399
-0.026428
-0.005493
-0.053162
0.197449
0.340698
0.042328
0.100464
0.165100
0.040100
-0.042389
-0.072296
-0.049103
-0.071899
-0.075226
-0.078430
-0.038025
-0.024567
-0.045471
-0.045502
-0.022003
-0.007019
-0.019135
-0.021393
-0.027069
-0.026733
-0.022919
-0.013489
-0.006256
-0.017700
-0.011475
-0.009827
-0.025818
-0.035278
-0.038055
-0.033295
-0.025635
-0.028778
-0.026276
-0.018433
-0.018494
-0.018768
-0.012115
-0.012390
-0.019592
-0.023560
-0.018005
-0.003418
0.004669
0.003387
-0.004517
-0.004761
-0.003540
-0.004669
-0.006592
-0.004974
-0.005310
-0.008911
-0.011230
-0.011169
-0.005676
-0.004822
-0.005554
-0.006592
-0.005920
-0.007385
-0.008270
-0.005646
-0.005249
-0.005219
-0.005554
-0.006134
-0.005219
-0.003601
-0.002380
-0.003540
-0.004303
-0.006592
-0.007477
-0.006348
-0.005463
-0.003723
-0.004120
-0.005096
-0.005829
-0.004578
-0.002686
-0.000519
-0.000153
-0.001404
-0.000061
0.001648
0.002106
0.002808
0.002747
0.001007
0.000549
0.001404
0.000977
0.001587
0.004181
0.002930
0.000793
0.000397
0.001038
0.002045
0.002502
0.002350
0.000702
0.000641
-0.000092
-0.000549
0.000458