-0.000061
-0.000061
-0.000061
0.000031
-0.000031
-0.000061
0.000000
-0.000061
0.000000
-0.000061
0.000031
0.000153
-0.000366
0.000427
-0.000854
0.001526
-0.002045
0.002167
0.002686
0.057953
0.065002
0.013977
-0.050537
-0.080780
0.038635
0.047241
0.114838
0.160156
0.065247
0.041779
0.069214
0.033844
-0.017670
-0.018890
-0.056549
-0.030884
-0.017731
-0.037842
-0.011139
-0.006866
-0.012238
-0.006439
-0.005890
0.003357
0.005981
-0.012939
-0.007629
0.004791
-0.007263
0.002289
-0.000031
-0.003296
0.002136
-0.003937
-0.012970
-0.014832
-0.017609
-0.027069
-0.018188
-0.009125
-0.014526
-0.018738
-0.017151
-0.013519
-0.009644
-0.018280
-0.026581
-0.022949
-0.020233
-0.021057
-0.018036
-0.019104
-0.019104
-0.018707
-0.022461
-0.021332
-0.019714
-0.016785
-0.016541
-0.017059
-0.016602
-0.014893
-0.013733
-0.011780
-0.009521
-0.009430
-0.007812
-0.007751
-0.007294
-0.004517
-0.004211
-0.004425
-0.004822
-0.005371
-0.004974
-0.004456
-0.003998
-0.003723
-0.003967
-0.004791
-0.005096
-0.004211
-0.002930
-0.002563
-0.002747
-0.003815
-0.003967
-0.003357
-0.002563
-0.001465
-0.000946
-0.000732
-0.001343
-0.001190
-0.000732
-0.000092
-0.000305
-0.001251
-0.001251
-0.001526
-0.000916
0.000122
0.000732
0.000519
0.000061
0.000092
-0.000031
0.000427
0.003937
-0.005463
0.006378
-0.007538
0.008636
-0.011566
0.088623
0.326355
0.159302
-0.206970
-0.456116
0.135773
0.179871
0.206299
0.582642
0.121552
0.021027
0.111145
-0.040833
-0.175842
-0.090912
-0.236176
-0.173065
0.036377
-0.152496
-0.020386
0.034882
-0.055786
0.008453
-0.022095
-0.038116
-0.038422
-0.018890
-0.051483
-0.005768
-0.016663
0.005920
-0.003326
-0.008453
0.038788
-0.017761
0.006866
-0.016113
-0.067352
-0.020325
0.021484
-0.031128
-0.028931
-0.026276
-0.032227
0.010742
0.004578
-0.021912
-0.053467
-0.061401
-0.023438
-0.010681
-0.022522
-0.024261
-0.015289
-0.010193
-0.019226
-0.020447
-0.008118
0.003754
-0.006042
-0.005859
-0.010315
-0.003510
0.005646
0.000488
-0.002075
-0.008453
-0.017426
-0.015533
-0.010529
-0.003845
0.000366
-0.002472
-0.005219
-0.004242
-0.002289
0.001221
0.004639
-0.001251
-0.003693
-0.008850
-0.006500
-0.002777
0.001312
0.002289
-0.002380
-0.007965
-0.010040
-0.005432
-0.002136
0.001190
0.000031
-0.003510
-0.005280
-0.004242
0.000092
0.004181
0.004272
-0.000061
-0.003021
-0.002045
0.001343
0.006958
0.007721
0.003204
-0.001221
-0.002045
-0.000641
0.004913
0.009155
0.007141
0.004059
0.001099
0.001984
0.004791
0.005737
0.003967
0.002289
0.000244
0.000610
0.002747
0.002289