0.000000
-0.000031
-0.000122
-0.000183
0.000000
-0.000153
0.000153
-0.000366
0.000275
-0.000702
0.000549
-0.000916
0.000854
-0.001221
0.001617
-0.000427
0.057037
0.143829
-0.011322
-0.130310
-0.028656
0.015350
0.094025
0.209747
0.107208
0.022797
0.107086
0.098358
0.009369
-0.030212
-0.015198
-0.022430
-0.052002
-0.053223
-0.029205
-0.016510
-0.028931
-0.040131
-0.031097
-0.007996
-0.009766
-0.019470
-0.008331
-0.012970
-0.022491
-0.009216
-0.011505
-0.016174
-0.014923
-0.010559
-0.008820
-0.011322
-0.014648
-0.014404
-0.006531
-0.010010
-0.014465
-0.017456
-0.019012
-0.017761
-0.011444
-0.009003
-0.011230
-0.011597
-0.011566
-0.012909
-0.016541
-0.014648
-0.014923
-0.018158
-0.016205
-0.015228
-0.012543
-0.010986
-0.011108
-0.012299
-0.014221
-0.011658
-0.008362
-0.006561
-0.007477
-0.007324
-0.008148
-0.009125
-0.009979
-0.008850
-0.006592
-0.006805
-0.007294
-0.008057
-0.008423
-0.006744
-0.004974
-0.004578
-0.004822
-0.006195
-0.006592
-0.005554
-0.004456
-0.003204
-0.001801
-0.001343
-0.002716
-0.004669
-0.003876
-0.002991
-0.001343
-0.001495
-0.003448
-0.002869
-0.001160
0.000092
-0.000366
-0.001617
-0.001953
-0.000793
-0.000061
-0.000031
0.000488
0.001099
0.001190
0.000610
-0.000702
0.000244
0.002777
0.004639
0.004272
0.003357
0.000061
-0.000061
0.000244
-0.000305
0.000244
-0.000793
0.000854
-0.001282
0.001434
-0.002045
0.002533
0.000397
0.097839
0.187531
-0.044708
-0.174133
-0.033600
0.025818
0.149292
0.284637
0.100220
0.018341
0.154480
0.109711
-0.029663
-0.066284
-0.030151
-0.039307
-0.074219
-0.065125
-0.042755
-0.034760
-0.015717
-0.030060
-0.044037
-0.013916
-0.024567
-0.027832
-0.007477
-0.022919
-0.029327
-0.004791
-0.005341
-0.007629
-0.005157
-0.022614
-0.021240
-0.018402
-0.022308
-0.021881
-0.019104
-0.019135
-0.018646
-0.023315
-0.027527
-0.021454
-0.009766
-0.007507
-0.018097
-0.016876
-0.012146
-0.009094
-0.005310
-0.007019
-0.009125
-0.010956
-0.013458
-0.017334
-0.012421
-0.005585
-0.006317
-0.009552
-0.010681
-0.006439
-0.004333
-0.004120
-0.006348
-0.008240
-0.008911
-0.011230
-0.010071
-0.007812
-0.005554
-0.005493
-0.007019
-0.006805
-0.007080
-0.006165
-0.004303
-0.003693
-0.004242
-0.005859
-0.006683
-0.005829
-0.004150
-0.002716
-0.001770
-0.003479
-0.006042
-0.006165
-0.004547
-0.002289
-0.000214
-0.000610
-0.002441
-0.002197
-0.001495
-0.000793
0.000061
-0.000885
-0.002655
-0.002380
-0.000244
0.002106
0.003510
0.002563
0.000824
0.000946
0.002258
0.003571
0.003967
0.003845
0.003296
0.003174
0.002930
0.002869
0.004059
0.004364