-0.000031
-0.000031
0.000000
-0.000061
-0.000061
-0.000092
-0.000092
-0.000031
-0.000061
0.000000
-0.000092
-0.000092
-0.000031
0.000061
-0.000031
0.000031
-0.000183
0.000275
-0.000549
0.000458
-0.000214
0.000061
0.000336
0.012939
0.046509
0.041046
-0.000183
-0.072479
-0.032654
0.037872
0.069092
0.118988
0.073792
0.048523
0.067169
0.066528
0.016907
0.001465
-0.008514
-0.023712
0.004120
-0.007446
-0.003235
0.012634
0.000885
0.002136
0.003265
-0.007507
-0.011078
-0.014862
-0.025177
-0.014954
-0.015350
-0.023590
-0.010712
-0.007416
-0.007690
-0.007874
-0.010101
-0.019592
-0.019409
-0.017426
-0.019684
-0.018188
-0.017700
-0.016907
-0.017456
-0.016907
-0.017883
-0.019409
-0.021667
-0.022736
-0.020355
-0.019165
-0.018921
-0.015869
-0.014862
-0.015930
-0.016266
-0.013611
-0.014526
-0.015106
-0.013428
-0.013367
-0.013367
-0.013245
-0.011627
-0.011353
-0.010162
-0.008545
-0.008575
-0.008453
-0.008270
-0.007812
-0.007019
-0.007019
-0.006866
-0.006775
-0.005768
-0.004913
-0.003815
-0.003479
-0.003693
-0.003204
-0.003540
-0.003876
-0.004089
-0.003418
-0.003265
-0.002808
-0.003265
-0.003479
-0.002594
-0.002594
-0.002106
-0.002014
-0.001678
-0.001160
-0.001434
-0.001129
-0.000946
-0.000519
-0.000305
-0.000671
-0.000671
0.000061
0.000946
0.000885
0.003021
-0.002869
0.002319
-0.003113
0.043335
0.342163
0.272125
-0.290405
-0.530334
0.249451
0.245148
0.144989
0.516754
0.028992
0.139618
0.134827
-0.044159
-0.059235
-0.125977
-0.184326
-0.158997
-0.039246
-0.163422
-0.026733
-0.036346
-0.063721
-0.021698
-0.036377
0.002350
-0.036743
-0.006531
-0.028442
0.008148
-0.018066
-0.007904
0.013123
0.009521
0.014191
-0.061523
-0.058716
-0.023926
-0.017120
0.001465
0.022552
-0.016876
-0.038300
-0.017609
-0.034332
-0.052094
-0.059723
-0.036316
-0.015533
-0.026886
-0.026215
-0.009949
0.009003
-0.006073
-0.016602
-0.015717
-0.018463
-0.011108
-0.005554
-0.008331
-0.011810
-0.013885
-0.015961
-0.004333
0.008667
0.004578
-0.001740
-0.009796
-0.013489
-0.010864
-0.007538
-0.002289
-0.000671
-0.000397
-0.002075
-0.002533
-0.001678
0.004150
0.006042
0.001648
-0.005188
-0.010712
-0.010284
-0.003723
0.001160
0.002808
-0.000885
-0.007477
-0.008301
-0.002838
0.001495
0.002045
0.001007
-0.003693
-0.004852
-0.001007
0.003204
0.005371
0.004120
-0.002594
-0.004486
-0.003357
0.000519
0.005341
0.006500
0.001801
-0.001892
-0.001007
0.001526
0.006683
0.008026
0.005981
0.002258
0.000916
0.003235
0.006470
0.006561
0.004486
0.002136
0.000519
0.001801
0.003479
0.002930
0.003510
0.002838