0.000000
0.000000
0.000000
0.000000
0.000092
0.000000
0.000061
0.000000
0.000000
0.000000
0.000000
0.000031
0.000031
0.000000
0.000000
-0.000092
0.000153
-0.000122
0.000183
-0.000122
0.000000
0.000336
0.000366
0.000092
-0.000458
0.000000
0.002045
0.026367
0.062775
0.056396
-0.087555
-0.111694
0.061951
0.098877
0.079559
0.086975
0.074188
0.070709
0.076782
0.056976
0.017731
0.013214
-0.000916
-0.014526
-0.027405
-0.032318
-0.015045
-0.015900
-0.016724
-0.013092
-0.007935
-0.009857
-0.006714
-0.008881
-0.018036
-0.024902
-0.028229
-0.021698
-0.015747
-0.009491
-0.010559
-0.011322
-0.013367
-0.018341
-0.018646
-0.018219
-0.018311
-0.019623
-0.021362
-0.019226
-0.017181
-0.016113
-0.015472
-0.014587
-0.014557
-0.014771
-0.014313
-0.014893
-0.014313
-0.014038
-0.014374
-0.013855
-0.012329
-0.011292
-0.011597
-0.010498
-0.010864
-0.012268
-0.011841
-0.012817
-0.012421
-0.011047
-0.009338
-0.009583
-0.009888
-0.009338
-0.010010
-0.008209
-0.005310
-0.004181
-0.004944
-0.005157
-0.004608
-0.004456
-0.003998
-0.004425
-0.004211
-0.003540
-0.003632
-0.003845
-0.003937
-0.002686
-0.002533
-0.002686
-0.002747
-0.002808
-0.001434
-0.001099
-0.000671
-0.000458
-0.000214
0.000244
-0.000153
-0.000153
0.000122
0.001160
0.001282
0.000336
0.002869
-0.003662
0.003815
-0.007233
0.071716
0.386047
0.102539
-0.505188
-0.149750
0.427185
0.027405
0.154633
0.326324
0.043793
0.213989
0.106079
0.034576
-0.114746
-0.091553
-0.074097
-0.134308
-0.103119
-0.093536
-0.040314
-0.100128
-0.036530
-0.056580
-0.018860
-0.030273
-0.027985
0.010590
-0.039673
-0.025146
0.009125
-0.001923
-0.010193
0.026794
-0.026245
-0.023438
-0.015228
-0.021912
-0.005859
-0.024719
-0.029327
-0.039520
-0.046814
-0.059937
-0.063995
-0.042786
-0.019684
-0.016327
-0.027100
-0.010834
-0.004181
0.003326
-0.001526
-0.012695
-0.011810
-0.015076
-0.007660
0.002960
-0.000092
-0.006226
-0.009155
-0.014893
-0.013092
-0.009583
-0.004547
-0.009308
-0.012115
-0.013123
-0.007874
-0.004120
0.000000
0.002380
0.000183
-0.000580
-0.002350
-0.001984
0.000061
0.003387
0.000885
-0.003937
-0.007385
-0.007996
-0.006287
-0.001892
0.000183
0.000488
-0.004395
-0.006805
-0.004700
0.000244
0.001221
0.000336
-0.001129
-0.003113
-0.000641
0.002258
0.003662
0.002716
-0.001526
-0.005615
-0.003754
-0.000580
0.003632
0.004425
0.003113
-0.001404
-0.001160
0.000885
0.002869
0.005890
0.005646
0.003143
0.000977
0.003632
0.006104
0.007233
0.006073
0.003662
0.002014
0.002777
0.004089
0.003540
0.002045
0.002258
0.001984