-0.000061
-0.000183
0.000061
-0.000122
0.000183
-0.000336
0.000305
-0.000763
0.000732
-0.001099
0.001282
-0.001770
0.002319
-0.000244
0.079498
0.169556
-0.036316
-0.159821
-0.024200
0.027649
0.123383
0.249451
0.097748
0.016724
0.136017
0.100250
-0.013245
-0.046448
-0.022552
-0.029663
-0.062073
-0.061432
-0.035980
-0.021545
-0.022186
-0.040131
-0.034119
-0.015503
-0.018219
-0.012421
-0.017731
-0.018799
-0.017365
-0.013000
-0.008972
-0.007812
-0.015564
-0.015228
-0.017303
-0.021729
-0.013519
-0.018127
-0.011597
-0.008881
-0.019531
-0.026520
-0.021820
-0.016052
-0.009949
-0.006958
-0.007782
-0.009003
-0.013367
-0.011322
-0.008362
-0.011292
-0.015656
-0.018433
-0.017212
-0.014740
-0.011932
-0.011993
-0.011871
-0.007599
-0.005920
-0.009308
-0.009399
-0.005157
-0.004883
-0.008392
-0.011169
-0.009857
-0.008820
-0.007904
-0.006470
-0.006317
-0.007141
-0.007324
-0.008270
-0.007141
-0.004883
-0.003937
-0.004578
-0.005829
-0.006561
-0.006622
-0.004547
-0.002991
-0.001038
-0.002319
-0.004608
-0.004730
-0.002960
-0.001312
-0.000854
-0.001831
-0.003754
-0.002655
-0.001373
-0.000885
-0.000732
-0.002167
-0.002502
-0.001373
0.000183
0.001617
0.002747
0.002625
0.001099
0.000916
0.000702
0.000549
0.002136
0.004303
0.004333
0.004211
0.004333
0.003418
-0.000061
-0.000183
0.000061
-0.000122
0.000183
-0.000336
0.000305
-0.000763
0.000732
-0.001099
0.001282
-0.001770
0.002319
-0.000244
0.079498
0.169556
-0.036316
-0.159821
-0.024200
0.027649
0.123383
0.249451
0.097748
0.016724
0.136017
0.100250
-0.013245
-0.046448
-0.022552
-0.029663
-0.062073
-0.061432
-0.035980
-0.021545
-0.022186
-0.040131
-0.034119
-0.015503
-0.018219
-0.012421
-0.017731
-0.018799
-0.017365
-0.013000
-0.008972
-0.007812
-0.015564
-0.015228
-0.017303
-0.021729
-0.013519
-0.018127
-0.011597
-0.008881
-0.019531
-0.026520
-0.021820
-0.016052
-0.009949
-0.006958
-0.007782
-0.009003
-0.013367
-0.011322
-0.008362
-0.011292
-0.015656
-0.018433
-0.017212
-0.014740
-0.011932
-0.011993
-0.011871
-0.007599
-0.005920
-0.009308
-0.009399
-0.005157
-0.004883
-0.008392
-0.011169
-0.009857
-0.008820
-0.007904
-0.006470
-0.006317
-0.007141
-0.007324
-0.008270
-0.007141
-0.004883
-0.003937
-0.004578
-0.005829
-0.006561
-0.006622
-0.004547
-0.002991
-0.001038
-0.002319
-0.004608
-0.004730
-0.002960
-0.001312
-0.000854
-0.001831
-0.003754
-0.002655
-0.001373
-0.000885
-0.000732
-0.002167
-0.002502
-0.001373
0.000183
0.001617
0.002747
0.002625
0.001099
0.000916
0.000702
0.000549
0.002136
0.004303
0.004333
0.004211
0.004333
0.003418