0.000244
0.000000
0.000763
-0.000305
0.000946
-0.000458
0.000549
0.000214
-0.000488
0.002289
-0.002991
0.004913
0.025238
0.187347
0.038177
-0.031067
-0.121307
-0.130096
0.186981
0.061493
0.265472
0.281342
-0.018738
0.011017
0.113281
-0.026764
-0.104889
-0.093201
-0.130188
-0.003113
-0.054810
-0.077881
0.013123
-0.023773
-0.011200
-0.006348
-0.019318
-0.002686
-0.008087
-0.022003
-0.009216
-0.032104
-0.024109
0.022430
-0.011353
0.005402
0.012207
-0.003815
-0.010712
-0.016632
-0.021362
-0.010315
-0.007202
-0.021881
0.000763
0.006989
-0.013336
-0.000458
0.003479
-0.013611
-0.021820
-0.035675
-0.034210
-0.023499
-0.022339
-0.028473
-0.027069
-0.027252
-0.015381
-0.011444
-0.018707
-0.014862
-0.013641
-0.013794
-0.015900
-0.011230
-0.006561
-0.004852
-0.008362
-0.011230
-0.012146
-0.010498
-0.007904
-0.006104
-0.005524
-0.005493
-0.005005
-0.003296
-0.003693
-0.002563
-0.002686
-0.005310
-0.006195
-0.006287
-0.003998
-0.002716
-0.000977
0.000000
-0.001465
-0.004211
-0.003937
-0.002686
-0.000244
0.000519
0.000031
-0.001251
-0.001373
-0.000366
0.000397
0.001648
0.000244
-0.001099
-0.001801
-0.001007
0.000092
0.001251
0.000946
-0.000671
-0.001068
-0.000214
0.001923
0.004761
0.005035
0.003601
0.002625
0.002258
0.002533
0.003723
-0.000092
0.000488
-0.001068
0.001709
-0.003174
0.004181
-0.006165
0.008118
-0.010681
0.013275
-0.009247
0.179260
0.169403
-0.074615
-0.069061
-0.281647
0.160034
0.180695
0.158478
0.440125
0.065216
-0.103271
0.105560
0.061066
-0.180817
-0.103088
-0.131531
-0.053314
-0.025269
-0.111023
0.012512
-0.016235
-0.037750
0.012238
-0.030762
-0.013306
-0.001862
-0.025635
-0.016296
-0.000519
-0.048950
0.006134
0.007751
-0.017365
0.017242
0.003510
-0.009277
-0.009888
-0.015320
-0.029419
-0.006409
-0.017517
-0.044067
-0.015594
0.017120
0.008514
0.009521
0.007172
-0.016602
-0.027954
-0.041840
-0.046082
-0.028320
-0.032776
-0.031982
-0.020630
-0.017761
-0.010376
-0.005402
-0.009613
-0.015533
-0.012238
-0.018188
-0.008514
-0.003632
-0.005890
-0.006348
-0.008881
-0.011353
-0.009979
-0.007080
-0.005737
-0.003082
-0.006378
-0.008362
-0.006348
-0.005463
-0.002747
-0.000397
-0.003235
-0.005646
-0.008850
-0.006836
-0.003845
-0.000214
0.000214
-0.001678
-0.005402
-0.006470
-0.002869
-0.000854
0.001160
0.000488
-0.001556
-0.002197
-0.000397
0.002472
0.003052
0.000946
-0.001740
-0.003845
-0.001862
-0.000854
0.001831
0.002930
0.000763
-0.000153
-0.000122
0.001892
0.004059
0.006195
0.004761
0.003448
0.002716
0.001984
0.003754
0.003906
0.002625