0.000000
-0.000031
0.000000
-0.000061
0.000031
0.000031
0.000031
-0.000031
0.000000
0.000031
0.000000
0.000061
0.000000
-0.000153
0.000275
-0.000671
0.001221
-0.001831
0.002258
0.002991
0.063599
0.062805
0.013306
-0.124603
-0.183014
0.015411
0.102478
0.240417
0.222687
0.054810
0.017700
0.032043
0.023590
0.014099
0.005066
-0.052612
-0.015411
-0.020264
-0.053101
-0.008911
-0.021484
-0.028595
-0.008240
-0.015167
-0.007294
0.001862
-0.006104
0.004242
0.012085
-0.007751
-0.017212
-0.013947
-0.006989
-0.011963
-0.007416
0.000641
0.000610
-0.009369
-0.013489
-0.014221
-0.011749
-0.010468
-0.020294
-0.002533
0.004883
-0.013184
-0.015076
-0.004333
-0.007843
-0.015717
-0.021484
-0.024353
-0.020508
-0.019043
-0.018280
-0.016602
-0.018585
-0.017609
-0.017822
-0.019196
-0.016632
-0.014740
-0.016724
-0.020630
-0.019897
-0.019165
-0.015411
-0.013977
-0.011353
-0.010040
-0.011810
-0.011780
-0.009888
-0.007568
-0.007233
-0.006592
-0.006042
-0.005707
-0.006073
-0.004150
-0.001434
-0.001099
-0.001465
-0.002991
-0.003265
-0.002441
-0.002472
-0.001984
-0.001923
-0.001984
-0.003387
-0.003448
-0.001923
-0.000031
0.000458
-0.001068
-0.002563
-0.003174
-0.001404
0.000061
0.001282
0.000671
-0.001343
-0.002228
-0.001068
0.000641
0.001709
0.002045
-0.000092
0.000580
-0.001038
0.001678
-0.003448
0.004486
-0.006897
0.009430
-0.012543
0.016388
-0.019562
0.143250
0.233093
0.050110
-0.390686
-0.651367
0.325623
0.445770
0.532135
0.507141
-0.166748
-0.094269
0.027496
0.021027
-0.053406
-0.031708
-0.212585
-0.100983
0.025360
-0.131195
0.004730
-0.022491
-0.056335
-0.025360
-0.039917
0.004974
0.004486
-0.013336
-0.028992
-0.010468
-0.039093
-0.007751
-0.022522
-0.030975
-0.028259
-0.009277
0.031952
-0.004974
-0.019745
-0.016968
-0.001678
0.007294
-0.001099
-0.044098
-0.016174
-0.013153
-0.022400
0.027252
0.005157
-0.015137
-0.009064
-0.004883
-0.022278
-0.053406
-0.050903
-0.021149
-0.016998
-0.037323
-0.032776
-0.017883
0.002106
0.009308
-0.004974
-0.010132
-0.013123
-0.013245
-0.007660
-0.008087
-0.012207
-0.007507
-0.007843
-0.008301
-0.005768
-0.004059
-0.000305
-0.004669
-0.006897
-0.010254
-0.009460
-0.005493
0.001953
0.003723
0.001434
-0.001526
-0.005768
-0.003418
-0.000977
0.000885
-0.000885
-0.003204
-0.005707
-0.005249
-0.001648
0.000000
0.000153
-0.001343
-0.005371
-0.005890
-0.003723
0.000580
0.004822
0.003174
-0.001129
-0.004303
-0.004761
-0.000854
0.003326
0.004028
0.002106
0.000671
0.002075
0.003632
0.005890
0.005859
0.004150
0.002106
0.001404
0.003204