0.000153
-0.000031
0.000122
-0.000092
0.000000
0.000031
0.000244
-0.000397
0.000854
-0.001709
0.002136
-0.003601
0.004913
-0.006287
0.008392
-0.006226
0.106598
0.113739
-0.016052
-0.184570
-0.350769
0.120300
0.231781
0.316284
0.381775
-0.014130
-0.081970
0.059692
0.034973
-0.018585
0.018951
-0.111786
-0.053284
-0.019714
-0.092010
-0.006653
-0.030884
-0.041290
0.000153
-0.034424
-0.006165
0.014069
-0.012787
-0.001556
-0.000214
-0.020782
-0.003906
-0.052917
-0.026398
0.005737
-0.025085
0.009430
0.008667
-0.006500
-0.009308
-0.010498
-0.010620
-0.000305
-0.011444
-0.018616
0.010162
0.011139
-0.013306
-0.007843
0.003296
-0.009247
-0.020813
-0.026855
-0.029388
-0.023285
-0.021545
-0.020233
-0.024414
-0.033112
-0.019928
-0.008240
-0.012238
-0.015442
-0.013214
-0.016022
-0.020050
-0.017883
-0.012390
-0.010071
-0.008179
-0.009705
-0.012695
-0.010681
-0.007843
-0.003326
-0.005615
-0.009247
-0.009521
-0.009247
-0.008514
-0.003876
-0.000214
0.000000
-0.001892
-0.004700
-0.005096
-0.003571
-0.001251
-0.000732
-0.001038
-0.002777
-0.002106
-0.000854
0.000641
0.001617
0.000336
-0.002075
-0.004395
-0.003998
-0.001434
0.001282
0.002197
0.000641
-0.002106
-0.002869
-0.000916
0.001526
0.002472
0.002625
0.000366
-0.000305
0.000519
0.002228
0.000183
-0.000366
0.000031
-0.000214
0.000641
-0.001068
0.001709
-0.003174
0.003937
-0.005615
0.006897
-0.008606
0.010345
-0.010803
0.106842
0.179047
-0.021637
-0.189667
-0.472198
0.147064
0.349548
0.330170
0.485687
-0.072815
-0.138458
0.063080
0.063904
-0.037720
-0.007874
-0.142365
-0.074036
0.018188
-0.141815
-0.019287
0.001038
-0.066376
-0.004242
-0.027618
-0.004517
0.015442
-0.010620
-0.012573
-0.009583
-0.033081
-0.003082
-0.030518
-0.044983
0.009857
-0.014038
0.001617
0.011292
-0.012756
-0.019073
-0.009399
-0.007111
-0.002228
-0.013428
-0.015991
-0.012299
-0.001160
0.018188
0.006409
-0.002655
-0.002441
-0.015747
-0.026123
-0.031219
-0.034576
-0.031616
-0.033295
-0.031158
-0.026093
-0.016022
-0.010193
-0.003998
-0.009918
-0.011688
-0.014221
-0.017944
-0.014130
-0.011902
-0.011505
-0.009247
-0.007965
-0.009705
-0.006561
-0.007111
-0.003723
-0.003723
-0.006927
-0.009460
-0.009003
-0.007690
-0.001831
-0.000092
-0.001404
-0.002930
-0.006439
-0.005096
-0.002686
-0.000366
-0.002441
-0.002808
-0.003418
-0.003296
-0.000183
0.001648
0.002197
0.000824
-0.002869
-0.004669
-0.003479
-0.000366
0.001953
0.001801
-0.000427
-0.002472
-0.003021
-0.000671
0.002441
0.002686
0.001312
-0.000610
0.000275
0.002289
0.004303
0.005005
0.003784