0.000031
0.000031
0.000031
0.000031
0.000031
0.000061
0.000000
0.000000
0.000000
0.000031
0.000061
0.000031
0.000000
-0.000031
0.000092
-0.000092
0.000366
-0.000092
0.000000
0.000000
-0.000092
0.000305
-0.000427
0.000732
0.004791
0.033447
0.041016
0.032562
-0.082184
-0.135834
-0.019409
0.069183
0.165009
0.136810
0.060913
0.043610
0.028595
0.026306
0.031219
0.021515
-0.009033
-0.001617
-0.007965
-0.013580
0.007324
-0.000977
-0.003571
-0.001038
-0.003967
-0.000824
0.004761
-0.000824
-0.002350
-0.011749
-0.022614
-0.009613
-0.017395
-0.020477
-0.017365
-0.019897
-0.008881
-0.004578
-0.007538
-0.012268
-0.017670
-0.015594
-0.007996
-0.004456
-0.011200
-0.013275
-0.013458
-0.018097
-0.017700
-0.013977
-0.014313
-0.021484
-0.024017
-0.020752
-0.015991
-0.015259
-0.016296
-0.014191
-0.015778
-0.016144
-0.013428
-0.013702
-0.012817
-0.012634
-0.015594
-0.017395
-0.016449
-0.016205
-0.015808
-0.012787
-0.010712
-0.008240
-0.008240
-0.008240
-0.006073
-0.004639
-0.004333
-0.005310
-0.006470
-0.006836
-0.006439
-0.004730
-0.003906
-0.004578
-0.004456
-0.003479
-0.002441
-0.001892
-0.001007
-0.001190
-0.001923
-0.002136
-0.002563
-0.001709
-0.000702
0.000000
-0.000305
-0.002197
-0.003113
-0.002502
-0.000641
0.000061
-0.000214
-0.001343
0.001953
-0.003143
0.003113
-0.004089
0.003998
-0.003937
0.003052
-0.003021
0.025787
0.254974
0.237091
-0.217529
-0.844086
0.056732
0.632294
0.321350
0.521179
0.023956
-0.026215
0.064301
0.070587
0.054993
-0.097351
-0.164276
-0.183990
-0.029083
-0.136261
-0.045410
-0.042267
-0.076843
-0.037476
-0.032196
0.023285
0.004150
0.022369
-0.043945
-0.019958
-0.028870
-0.020721
-0.029266
-0.035522
-0.032227
-0.022034
0.014984
-0.012665
0.001892
-0.011841
-0.024963
0.000336
0.019226
-0.007935
-0.031036
-0.014160
-0.021576
-0.012543
-0.014771
-0.023560
-0.043671
-0.053986
-0.028229
-0.016418
-0.008911
-0.021881
-0.011902
-0.009094
-0.016602
-0.017120
-0.005157
-0.001007
-0.013885
-0.018799
-0.016296
-0.006226
-0.005371
-0.005920
-0.005554
-0.000458
-0.003387
-0.006653
-0.007904
-0.004028
-0.000671
-0.002869
-0.005707
-0.007751
-0.006378
-0.001129
0.002197
0.003204
-0.000397
-0.003754
-0.006531
-0.003876
-0.000122
0.000488
0.000031
-0.003296
-0.003937
-0.004089
0.001190
0.002655
0.003052
0.000336
-0.004364
-0.006165
-0.003815
-0.001404
0.001038
0.000732
-0.002472
-0.003387
-0.003021
0.000214
0.003021
0.003723
0.001373
-0.000397
0.000641
0.003326
0.005524
0.006592
0.004333
0.002441
0.002075
0.003448
0.005219
0.005798
0.004883