0.000000
0.000000
0.000000
0.000031
0.000000
0.000031
0.000000
0.000031
-0.000031
0.000000
0.000000
0.000061
-0.000031
0.000000
-0.000031
0.000031
-0.000061
0.000427
-0.000366
0.000275
-0.000305
0.000244
-0.000153
0.000397
-0.000214
0.009186
0.034241
0.040924
0.021271
-0.106964
-0.115814
0.003693
0.086060
0.161682
0.109650
0.053894
0.044617
0.031036
0.022278
0.023834
0.024292
0.007782
0.008972
-0.002228
-0.003632
0.007355
-0.006165
-0.010254
-0.004913
-0.004028
-0.003235
0.001404
-0.008698
-0.017639
-0.010559
-0.006500
-0.014954
-0.019867
-0.015961
-0.019348
-0.021606
-0.006592
-0.001923
-0.013367
-0.015808
-0.016266
-0.012054
-0.004913
-0.008453
-0.015106
-0.011871
-0.017303
-0.020355
-0.014526
-0.012848
-0.017181
-0.024109
-0.021759
-0.017517
-0.015900
-0.015747
-0.014313
-0.014038
-0.014435
-0.013306
-0.014465
-0.013397
-0.012695
-0.013855
-0.014771
-0.015991
-0.015930
-0.017120
-0.014496
-0.011200
-0.010071
-0.008759
-0.008606
-0.006775
-0.005890
-0.004852
-0.004578
-0.005585
-0.006866
-0.007874
-0.006378
-0.005219
-0.004242
-0.003845
-0.003448
-0.002777
-0.003082
-0.001648
-0.001160
-0.001373
-0.001709
-0.002716
-0.002319
-0.001129
-0.000153
-0.000214
-0.001129
-0.002472
-0.003235
-0.002228
-0.001160
-0.000183
-0.000061
0.001831
-0.003418
0.004242
-0.006287
0.008057
-0.010376
0.012970
-0.018250
0.082794
0.287628
0.178192
-0.475342
-0.742249
0.429504
0.504395
0.345367
0.417633
-0.066437
0.046265
0.045044
0.126221
0.001617
-0.113098
-0.170715
-0.140381
-0.056793
-0.140961
-0.008606
-0.072235
-0.062866
-0.064026
-0.004913
0.008301
0.006104
0.021362
-0.045959
-0.010010
-0.021637
-0.014069
-0.048981
-0.030334
-0.025848
-0.011963
-0.002014
-0.007202
0.000671
-0.027771
-0.013977
0.012909
0.010773
-0.018829
-0.026154
-0.012451
-0.021759
-0.018158
-0.022583
-0.032013
-0.049744
-0.045715
-0.024292
-0.013763
-0.009247
-0.015747
-0.004883
-0.010193
-0.016876
-0.014130
-0.002319
-0.005249
-0.014435
-0.021667
-0.015747
-0.006042
-0.004059
-0.005310
-0.004700
-0.000824
-0.004181
-0.005798
-0.007050
-0.001587
-0.000488
-0.002960
-0.006683
-0.007660
-0.004974
0.000061
0.003845
0.003174
-0.002472
-0.005280
-0.006622
-0.002350
-0.000458
0.000641
-0.002319
-0.003815
-0.002838
-0.002808
0.001953
0.003082
0.004150
-0.000458
-0.004578
-0.005493
-0.002838
-0.001038
0.001556
0.000854
-0.002289
-0.004059
-0.003113
0.001160
0.003754
0.002502
0.000061
-0.000763
0.001099
0.004089
0.006561
0.006866
0.003906
0.002441
0.002045
0.003510
0.004883
0.005310
0.005127