0.000031
0.000000
0.000061
0.000000
-0.000031
0.000000
-0.000061
0.000000
0.000031
0.000000
0.000000
-0.000122
0.000031
-0.000122
0.000092
0.000122
-0.000183
0.000061
-0.000366
0.000519
-0.000793
0.000641
0.003967
0.040680
0.047913
0.028259
-0.085419
-0.150116
-0.020416
0.073334
0.182434
0.170166
0.067841
0.035370
0.029663
0.022369
0.021118
0.018738
-0.016205
-0.003754
-0.014160
-0.034454
-0.013458
-0.019592
-0.014648
-0.000519
-0.003845
0.005768
0.016785
0.005524
0.007568
0.004120
-0.017792
-0.009521
-0.014099
-0.028015
-0.018311
-0.012024
-0.013062
-0.004181
-0.004028
-0.011719
-0.016510
-0.018921
-0.013947
-0.005096
0.001038
-0.008759
-0.016724
-0.013855
-0.010864
-0.012726
-0.018860
-0.024017
-0.023529
-0.019318
-0.015472
-0.015900
-0.018646
-0.016388
-0.015808
-0.018738
-0.018158
-0.015869
-0.013977
-0.012848
-0.015533
-0.017914
-0.017426
-0.018280
-0.015961
-0.012085
-0.011749
-0.010773
-0.010284
-0.008026
-0.005463
-0.004547
-0.005127
-0.006012
-0.005829
-0.005981
-0.005249
-0.003937
-0.002625
-0.003265
-0.004028
-0.004272
-0.004028
-0.002747
-0.001831
-0.001373
-0.001831
-0.002625
-0.002350
-0.001556
-0.000549
-0.000153
-0.000916
-0.002289
-0.003021
-0.002258
-0.000244
0.000763
0.000458
-0.000977
-0.002106
-0.002228
-0.001526
0.002197
-0.003662
0.004333
-0.006073
0.007355
-0.008698
0.010162
-0.013214
0.070007
0.266754
0.170990
-0.297760
-0.796417
0.168762
0.546631
0.415649
0.565704
-0.042328
-0.046387
0.032867
0.040192
-0.005920
-0.082825
-0.179291
-0.153137
-0.018372
-0.155518
-0.023621
-0.015533
-0.052460
-0.019165
-0.025208
0.009186
0.003021
-0.005920
-0.051575
-0.014343
-0.035278
-0.017670
-0.024170
-0.026672
-0.036621
-0.019501
0.030487
-0.006805
-0.009247
-0.008606
-0.006042
-0.014648
0.003113
0.003204
-0.030273
-0.027924
-0.014740
0.002747
-0.004669
-0.016418
-0.032806
-0.042267
-0.029785
-0.024658
-0.020294
-0.024872
-0.019775
-0.021729
-0.015717
-0.007935
-0.011444
-0.010132
-0.007629
-0.006348
-0.008759
-0.013000
-0.010498
-0.001373
-0.002472
-0.004547
-0.007629
-0.009369
-0.007935
-0.004333
-0.001251
-0.002197
-0.004639
-0.007843
-0.007996
-0.004150
0.000793
0.003998
0.001038
-0.002014
-0.005676
-0.003967
0.000244
0.001953
0.000244
-0.002258
-0.002991
-0.004425
-0.001312
0.000458
0.001099
-0.000458
-0.005157
-0.006744
-0.003876
-0.001434
0.002167
0.001282
-0.002686
-0.003815
-0.002380
0.000916
0.003265
0.004272
0.002350
0.001404
0.001740
0.002625
0.004242
0.004822
0.004425
0.003479
0.003113
0.003784
0.005249
0.006195