-0.000031
0.000061
-0.000153
-0.000061
0.000122
0.000153
-0.000275
0.000641
-0.001678
0.002411
-0.004181
0.006042
-0.008362
0.011353
-0.006775
0.143921
0.111847
-0.035431
-0.245880
-0.355469
0.247131
0.255798
0.373260
0.341949
-0.103058
-0.067535
0.083618
0.044830
-0.043640
-0.015442
-0.141541
-0.029297
-0.032471
-0.113739
0.014740
-0.038269
-0.043854
0.001160
-0.032013
0.004700
0.009857
-0.013275
-0.007355
-0.017029
-0.023254
-0.000031
-0.051056
-0.018036
0.009430
-0.024048
0.010040
0.004181
-0.015320
-0.012390
-0.007782
-0.006500
-0.001495
-0.014282
-0.018127
0.001862
0.008057
-0.002747
0.002502
0.002014
-0.010803
-0.020020
-0.027771
-0.030273
-0.027466
-0.027039
-0.027039
-0.032135
-0.028259
-0.009949
-0.009003
-0.012604
-0.012573
-0.010803
-0.017334
-0.018433
-0.014740
-0.011902
-0.009460
-0.008453
-0.009308
-0.010712
-0.007507
-0.005402
-0.004852
-0.005585
-0.007324
-0.009979
-0.009064
-0.006958
-0.002197
-0.001343
-0.001160
-0.002991
-0.005676
-0.004547
-0.002472
-0.000427
-0.001801
-0.002075
-0.003235
-0.002441
0.000305
0.001678
0.001984
-0.000153
-0.003357
-0.003906
-0.002747
-0.000397
0.001587
0.001068
-0.001282
-0.001923
-0.001740
0.000122
0.002197
0.002625
0.001404
-0.000244
-0.000092
0.001617
0.004303
0.004303
-0.000031
0.000061
-0.000153
-0.000061
0.000122
0.000153
-0.000275
0.000641
-0.001678
0.002411
-0.004181
0.006042
-0.008362
0.011353
-0.006775
0.143921
0.111847
-0.035431
-0.245880
-0.355469
0.247131
0.255798
0.373260
0.341949
-0.103058
-0.067535
0.083618
0.044830
-0.043640
-0.015442
-0.141541
-0.029297
-0.032471
-0.113739
0.014740
-0.038269
-0.043854
0.001160
-0.032013
0.004700
0.009857
-0.013275
-0.007355
-0.017029
-0.023254
-0.000031
-0.051056
-0.018036
0.009430
-0.024048
0.010040
0.004181
-0.015320
-0.012390
-0.007782
-0.006500
-0.001495
-0.014282
-0.018127
0.001862
0.008057
-0.002747
0.002502
0.002014
-0.010803
-0.020020
-0.027771
-0.030273
-0.027466
-0.027039
-0.027039
-0.032135
-0.028259
-0.009949
-0.009003
-0.012604
-0.012573
-0.010803
-0.017334
-0.018433
-0.014740
-0.011902
-0.009460
-0.008453
-0.009308
-0.010712
-0.007507
-0.005402
-0.004852
-0.005585
-0.007324
-0.009979
-0.009064
-0.006958
-0.002197
-0.001343
-0.001160
-0.002991
-0.005676
-0.004547
-0.002472
-0.000427
-0.001801
-0.002075
-0.003235
-0.002441
0.000305
0.001678
0.001984
-0.000153
-0.003357
-0.003906
-0.002747
-0.000397
0.001587
0.001068
-0.001282
-0.001923
-0.001740
0.000122
0.002197
0.002625
0.001404
-0.000244
-0.000092
0.001617
0.004303
0.004303