-0.000031
-0.000092
0.000000
0.000000
-0.000031
0.000031
-0.000092
0.000000
0.000000
-0.000061
0.000031
-0.000153
0.000336
-0.000916
0.000977
-0.001312
0.001953
-0.000671
0.030579
0.045868
0.048309
-0.052734
-0.190308
-0.053345
0.072357
0.156067
0.175262
0.074554
0.044434
0.036407
0.024689
0.025970
0.033051
0.005981
-0.003815
-0.008362
-0.022430
0.000366
-0.005981
-0.014862
-0.006409
-0.005188
-0.006775
-0.003021
-0.002319
-0.004181
0.008636
0.001190
-0.003418
-0.010132
-0.033691
-0.034119
-0.018494
-0.011536
-0.011627
-0.010010
-0.011475
-0.012451
-0.001129
-0.002380
-0.010498
-0.013000
-0.017639
-0.019836
-0.012299
-0.005737
-0.010803
-0.010315
-0.009674
-0.015594
-0.019745
-0.018463
-0.018036
-0.017822
-0.015320
-0.015747
-0.016602
-0.015625
-0.012512
-0.011719
-0.013794
-0.016693
-0.018158
-0.019165
-0.019806
-0.018738
-0.016602
-0.014404
-0.013123
-0.012329
-0.012115
-0.011414
-0.009399
-0.006897
-0.005707
-0.005829
-0.006805
-0.007355
-0.005737
-0.003937
-0.004303
-0.005432
-0.006622
-0.006012
-0.003967
-0.002380
-0.000763
-0.000610
-0.001495
-0.002197
-0.001434
0.000122
0.001465
0.001251
-0.001038
-0.002899
-0.003082
-0.001068
0.000519
0.000519
-0.000763
-0.002563
-0.002441
-0.001251
0.000397
0.001526
0.001404
0.000336
0.005341
-0.005646
0.005096
-0.005707
0.034882
0.234497
0.209778
-0.129333
-0.871857
-0.035400
0.733643
0.353027
0.440338
0.010101
-0.036591
0.069153
0.109283
0.015076
-0.127258
-0.123047
-0.180237
-0.025024
-0.125366
-0.054504
-0.035950
-0.052490
-0.040009
-0.029724
0.027985
-0.000519
0.023529
-0.043610
-0.036804
-0.029572
-0.025330
-0.027771
-0.004364
-0.025909
-0.032684
-0.019104
-0.009064
0.007782
-0.024445
-0.009674
0.001404
0.009949
0.015228
-0.017303
-0.041534
-0.031189
-0.020111
-0.004578
0.005188
-0.012939
-0.023865
-0.011932
-0.012482
-0.021423
-0.035889
-0.029602
-0.022614
-0.022858
-0.022125
-0.015717
-0.007782
-0.006927
-0.012054
-0.022614
-0.018677
-0.006531
0.002441
-0.001678
-0.002045
-0.006622
-0.009369
-0.011230
-0.008087
-0.000732
0.000244
-0.003998
-0.007721
-0.009064
-0.006683
-0.001556
0.001465
-0.000641
-0.003235
-0.005493
-0.004364
0.000092
0.001282
-0.000061
-0.003601
-0.004242
-0.003662
0.002106
0.003845
0.004089
0.001892
-0.003326
-0.007080
-0.005219
-0.002075
0.002258
0.002930
-0.001343
-0.004547
-0.005310
-0.000610
0.000549
0.000671
0.000000
-0.000488
0.000549
0.002014
0.004242
0.005798
0.003693
0.001343
0.001801
0.002838
0.003571
0.004150
0.004150
0.004150
0.002411
0.002228
0.002838