0.000031
0.000031
0.000092
-0.000061
0.000031
0.000031
0.000092
0.000061
0.000031
-0.000183
0.000153
-0.000458
0.000519
-0.000458
0.000854
-0.000885
0.025940
0.085297
0.062744
-0.122223
-0.222046
-0.029205
0.150909
0.183319
0.158325
0.069580
0.031677
0.059357
0.043549
0.023285
0.038239
0.019135
-0.012238
-0.021912
-0.026917
-0.023651
-0.026672
-0.031891
-0.025909
-0.014130
-0.015259
-0.001556
-0.027527
-0.019470
0.028931
-0.000214
-0.004639
-0.012024
-0.032684
-0.011597
-0.005402
-0.009979
-0.015106
-0.023865
-0.022064
-0.001526
-0.002838
-0.016174
-0.012238
-0.004425
-0.003998
-0.016205
-0.019348
-0.017151
-0.013824
-0.013428
-0.013489
-0.014618
-0.012146
-0.008209
-0.008575
-0.009247
-0.013947
-0.014618
-0.019562
-0.022095
-0.015961
-0.009186
-0.010376
-0.015411
-0.015869
-0.015442
-0.012451
-0.009857
-0.008209
-0.008362
-0.010803
-0.012329
-0.014191
-0.011810
-0.007446
-0.006439
-0.008484
-0.010529
-0.009674
-0.007660
-0.006470
-0.005463
-0.004791
-0.005737
-0.006012
-0.005371
-0.004517
-0.003967
-0.003021
-0.002747
-0.003204
-0.003540
-0.002899
-0.000763
0.000702
0.000549
-0.001312
-0.001923
0.000000
0.001801
0.002502
0.002289
0.000366
-0.001404
-0.001678
-0.000641
0.000549
0.001495
0.001129
0.000458
0.000488
0.000763
-0.000397
0.000092
-0.000366
0.000397
-0.000671
0.000977
-0.001953
0.054901
0.212036
0.080627
-0.349884
-0.365784
0.056030
0.400543
0.434662
0.159302
-0.019775
0.049622
0.114532
0.092651
-0.045593
-0.049316
-0.009888
-0.071228
-0.076630
-0.050018
-0.037537
-0.052185
-0.046661
-0.046082
-0.023010
-0.027557
-0.008636
-0.004272
-0.008606
-0.018127
-0.038910
-0.026947
-0.032684
-0.029846
0.012512
0.019653
-0.010406
-0.003754
-0.023529
-0.018066
-0.012634
-0.035187
-0.023315
-0.009918
-0.023712
-0.019928
-0.014496
-0.019562
-0.013092
-0.005188
-0.005280
-0.015198
-0.026459
-0.018799
-0.010040
-0.016876
-0.020447
-0.017822
-0.016937
-0.015381
-0.007019
-0.004303
-0.004791
-0.013092
-0.017578
-0.015015
-0.006592
-0.003998
-0.003571
-0.003937
-0.004822
-0.005646
-0.008514
-0.006378
-0.004120
-0.002777
-0.004822
-0.007996
-0.010834
-0.009918
-0.005432
-0.001617
-0.001373
-0.002869
-0.006378
-0.005402
-0.002747
-0.001190
-0.001831
-0.003784
-0.005402
-0.004669
-0.001709
0.000427
0.002289
0.000946
-0.002167
-0.005035
-0.004669
-0.000916
0.003052
0.002594
0.000519
-0.002625
-0.003662
-0.001953
0.000153
0.001740
0.001038
-0.000458
-0.000519
0.000427
0.001740
0.002991
0.002808
0.001831
0.001160
0.002197
0.003021
0.004120
0.005524
0.005188