0.000000
-0.000031
0.000000
0.000000
0.000000
-0.000031
-0.000031
0.000000
0.000000
0.000000
-0.000061
-0.000122
0.000000
-0.000366
0.000580
-0.000549
0.000763
-0.000732
0.027313
0.068390
0.053864
-0.102875
-0.199127
-0.025543
0.121063
0.150360
0.142609
0.077393
0.039764
0.055176
0.043243
0.027618
0.043793
0.018585
-0.009827
-0.018036
-0.027710
-0.019775
-0.015594
-0.018921
-0.013947
-0.007812
-0.007446
-0.014252
-0.036530
0.004547
0.016663
-0.009583
0.005829
-0.017517
-0.028564
-0.007202
-0.003082
-0.012970
-0.020203
-0.024750
-0.010773
-0.003082
-0.016693
-0.016510
-0.012817
-0.004822
-0.006561
-0.018524
-0.018097
-0.015930
-0.012238
-0.009613
-0.011627
-0.011353
-0.014496
-0.015472
-0.011627
-0.013550
-0.015411
-0.014099
-0.016174
-0.017944
-0.014282
-0.009491
-0.008911
-0.014587
-0.021637
-0.017670
-0.014191
-0.012299
-0.007843
-0.008362
-0.009521
-0.011719
-0.011475
-0.012024
-0.011932
-0.009277
-0.007050
-0.007751
-0.010529
-0.009460
-0.007233
-0.004059
-0.003906
-0.005341
-0.005707
-0.006287
-0.004639
-0.003845
-0.002991
-0.002197
-0.002502
-0.002563
-0.001862
-0.000244
0.000854
0.000519
-0.000763
-0.001373
-0.000488
0.001282
0.001984
0.001038
-0.000427
-0.001801
-0.001831
0.000031
0.001953
0.002045
0.000916
-0.000702
-0.000793
0.000824
-0.001068
0.000977
-0.001251
0.009338
0.146088
0.236572
-0.144348
-0.498993
-0.133972
0.258514
0.443176
0.396820
0.038605
-0.010345
0.104706
0.118561
0.035980
-0.086273
-0.045197
-0.040314
-0.084534
-0.084137
-0.046326
-0.058655
-0.058258
-0.058167
-0.031830
-0.013885
-0.023743
0.010132
-0.021545
-0.022980
-0.015900
-0.023041
-0.036346
-0.019379
-0.032684
0.001312
0.025635
-0.012482
-0.007782
-0.026459
-0.023987
-0.000305
-0.013885
-0.031799
-0.021973
-0.027588
-0.026825
-0.013489
-0.011047
-0.008484
-0.011230
-0.010956
-0.012177
-0.027527
-0.033051
-0.019958
-0.017181
-0.022888
-0.019348
-0.014282
-0.003418
-0.001556
-0.002441
-0.006409
-0.015228
-0.017517
-0.013458
-0.002869
-0.002075
-0.004028
-0.006317
-0.005920
-0.007080
-0.006836
-0.005280
-0.003021
-0.002380
-0.005890
-0.008484
-0.008453
-0.006409
-0.002289
-0.000610
-0.002319
-0.004242
-0.005188
-0.002838
-0.001312
-0.001099
-0.002808
-0.003845
-0.005432
-0.003784
-0.000702
0.002197
0.002960
-0.000092
-0.004761
-0.005951
-0.002106
0.002319
0.003326
0.002197
-0.000702
-0.004150
-0.002808
-0.001434
-0.000122
0.000519
-0.000031
-0.000336
0.000336
0.002258
0.003357
0.002655
0.001862
0.001007
0.001007
0.002075
0.004639
0.006104
0.004425
0.003204
0.003784