0.000000
-0.000031
-0.000031
-0.000031
-0.000031
0.000000
-0.000031
0.000000
-0.000061
0.000092
-0.000122
0.000214
-0.000305
0.000031
-0.000305
0.000336
0.000458
-0.000214
-0.000519
0.003296
0.034424
0.051575
0.036530
-0.112305
-0.163635
0.008942
0.096069
0.130890
0.122467
0.072845
0.050354
0.043549
0.034119
0.027740
0.040039
0.022247
0.006165
-0.001740
-0.011383
-0.007202
-0.009979
-0.016876
-0.014038
-0.011261
-0.012695
-0.012512
-0.033356
-0.009705
0.016754
0.000000
-0.001038
-0.004700
-0.021027
-0.025146
-0.008026
-0.009979
-0.020233
-0.025543
-0.019653
-0.010376
-0.014587
-0.010590
-0.008514
-0.005035
-0.008972
-0.015442
-0.013763
-0.009705
-0.012299
-0.016266
-0.014801
-0.018921
-0.019684
-0.017456
-0.011688
-0.008820
-0.011414
-0.014496
-0.015564
-0.014526
-0.015045
-0.014496
-0.014648
-0.015015
-0.015930
-0.015533
-0.016693
-0.016022
-0.011932
-0.010620
-0.008972
-0.009430
-0.010742
-0.010284
-0.008942
-0.008331
-0.009735
-0.009491
-0.008484
-0.007568
-0.007019
-0.005493
-0.004425
-0.003845
-0.004639
-0.005280
-0.003876
-0.002502
-0.001648
-0.001892
-0.001587
-0.001465
-0.000366
0.000519
0.000580
0.000122
-0.001221
-0.001923
-0.001831
-0.000214
0.001434
0.001801
0.000549
-0.001373
-0.002289
-0.001465
0.000610
0.001465
0.004730
-0.006439
0.008423
-0.012726
0.058868
0.236389
0.186676
-0.399292
-0.578522
0.237488
0.397247
0.379944
0.352509
-0.014832
0.015533
0.107574
0.124969
-0.030304
-0.089539
-0.069733
-0.083679
-0.087372
-0.109161
-0.048676
-0.073517
-0.053070
-0.063904
-0.007202
-0.016235
-0.009216
0.011108
-0.037140
-0.021912
-0.010193
-0.001801
-0.026367
-0.021484
-0.039093
-0.016235
0.002045
-0.008484
-0.020538
-0.011230
-0.014252
-0.000702
0.007660
-0.026001
-0.031281
-0.029327
-0.025848
-0.009644
-0.010529
-0.011963
-0.013123
-0.017792
-0.021851
-0.031952
-0.030243
-0.026978
-0.017914
-0.019287
-0.011078
-0.013275
-0.006226
-0.002319
-0.003632
-0.009644
-0.019348
-0.019379
-0.009399
0.002411
-0.000305
-0.005280
-0.009491
-0.007477
-0.006897
-0.003296
-0.001099
-0.002014
-0.004883
-0.006531
-0.009796
-0.005615
-0.001831
0.000946
0.000000
-0.001923
-0.003540
-0.003235
-0.001465
-0.001343
-0.002869
-0.005005
-0.005554
-0.004395
0.000214
0.002838
0.003693
0.000854
-0.001801
-0.004517
-0.002625
0.000702
0.003571
0.002563
-0.000244
-0.003601
-0.003387
-0.002380
-0.000702
0.000732
-0.000336
-0.000702
-0.000488
0.001923
0.004028
0.004211
0.002228
0.001678
0.001160
0.001160
0.002655
0.004669
0.005829
0.004974
0.003326
0.003174
0.003265