0.000000
0.000000
-0.000031
0.000000
0.000000
0.000000
0.000000
0.000000
0.000000
0.000122
-0.000122
0.000244
-0.000336
0.000275
-0.000671
0.001068
-0.000519
0.000977
-0.002075
0.013580
0.045593
0.059784
-0.009644
-0.173737
-0.109039
0.065582
0.117798
0.137329
0.103973
0.061432
0.050110
0.050598
0.027313
0.029907
0.030365
0.002777
0.004089
-0.010162
-0.011322
-0.007385
-0.019470
-0.017029
-0.007172
-0.008881
-0.011139
-0.029541
-0.024597
0.013794
0.004364
0.000000
-0.000885
-0.016815
-0.023376
-0.009247
-0.006165
-0.018707
-0.024689
-0.022766
-0.007416
-0.013519
-0.017670
-0.013031
-0.007294
-0.003967
-0.012024
-0.015228
-0.013947
-0.011108
-0.009369
-0.012543
-0.019043
-0.018921
-0.018250
-0.015381
-0.009583
-0.011200
-0.012238
-0.013702
-0.015625
-0.015289
-0.013977
-0.013184
-0.013275
-0.016266
-0.017517
-0.016846
-0.014923
-0.012360
-0.010651
-0.008057
-0.009155
-0.010223
-0.011047
-0.010437
-0.009979
-0.010345
-0.009155
-0.007660
-0.007477
-0.008087
-0.006500
-0.004913
-0.003815
-0.004639
-0.005402
-0.004761
-0.003571
-0.002075
-0.001617
-0.001953
-0.001831
-0.001068
-0.000641
0.000519
0.000824
0.000092
-0.000916
-0.001892
-0.001129
0.000427
0.002167
0.001556
-0.000092
-0.001587
-0.001709
-0.000031
0.001587
0.001587
0.002197
-0.002411
0.002228
-0.002350
0.012146
0.173096
0.250031
-0.169617
-0.605835
-0.047943
0.360748
0.372009
0.424988
0.064148
-0.021545
0.099609
0.128204
0.027252
-0.091675
-0.061615
-0.065033
-0.077301
-0.107422
-0.054474
-0.067902
-0.062561
-0.060059
-0.030762
-0.004913
-0.024719
0.018860
-0.027557
-0.032074
-0.014832
-0.003052
-0.028809
-0.020203
-0.028229
-0.023865
0.010956
-0.003784
-0.016968
-0.017853
-0.018188
-0.006897
0.007996
-0.024261
-0.032715
-0.024109
-0.033325
-0.014282
-0.005432
-0.012970
-0.011688
-0.016388
-0.015778
-0.027954
-0.031006
-0.028656
-0.020111
-0.020203
-0.015320
-0.012421
-0.007019
-0.001587
-0.003052
-0.005402
-0.016357
-0.019165
-0.014069
-0.000244
0.000549
-0.003265
-0.008942
-0.008789
-0.006287
-0.004395
-0.003021
-0.002441
-0.003479
-0.005920
-0.008942
-0.007263
-0.004181
-0.000244
0.000793
-0.001923
-0.003601
-0.004303
-0.002167
-0.001190
-0.001648
-0.003967
-0.004944
-0.005341
-0.001953
0.001160
0.003387
0.001801
-0.000854
-0.004272
-0.004089
-0.000793
0.002930
0.003326
0.001068
-0.001495
-0.003815
-0.002655
-0.001892
0.000031
0.000092
-0.000183
-0.000275
0.000641
0.002869
0.004120
0.002594
0.001648
0.001160
0.001129
0.002106
0.004364
0.005829
0.005249
0.004089
0.003052
0.002380