-0.000122
-0.000061
-0.000122
0.000244
-0.000305
0.000366
-0.000641
0.000610
-0.001068
0.000977
-0.000854
0.001495
-0.001862
0.013092
0.056183
0.068024
0.009735
-0.207550
-0.111237
0.162018
0.156555
0.109833
0.061096
0.058411
0.074951
0.072052
0.027100
0.002777
0.004974
-0.020966
-0.015503
-0.024719
-0.015228
-0.010742
-0.015991
-0.016022
-0.019501
-0.011658
-0.008209
-0.004944
-0.009583
-0.011780
-0.010803
-0.015686
-0.029205
-0.010864
-0.009338
-0.014435
0.000153
-0.009521
-0.009369
-0.006683
-0.012238
-0.012848
-0.015808
-0.023010
-0.015045
-0.008881
-0.015625
-0.016266
-0.011108
-0.005402
-0.008392
-0.012756
-0.015137
-0.020203
-0.019379
-0.010498
-0.005188
-0.006226
-0.006378
-0.009735
-0.011597
-0.009460
-0.013397
-0.022125
-0.028229
-0.024994
-0.018066
-0.012695
-0.014282
-0.017487
-0.015991
-0.011383
-0.009827
-0.008972
-0.006592
-0.006927
-0.007812
-0.009399
-0.010559
-0.011353
-0.010193
-0.007385
-0.006134
-0.005829
-0.006409
-0.005493
-0.003906
-0.003632
-0.003723
-0.004364
-0.004333
-0.004272
-0.002930
-0.001617
-0.000763
0.000122
-0.000031
-0.000610
-0.000610
0.000763
0.002502
0.002655
0.001343
0.000000
-0.000366
0.000549
0.001129
0.001434
0.001068
0.000702
0.000732
0.001068
0.001404
0.000793
0.000977
0.000488
-0.003845
0.004181
-0.005646
0.037842
0.197876
0.206146
-0.086761
-0.514557
0.025055
0.468323
0.172455
0.177948
0.083282
0.100800
0.149506
0.060913
-0.097412
-0.119537
-0.035370
-0.105408
-0.087280
-0.093475
-0.042816
-0.033478
-0.040955
-0.039124
-0.016357
-0.008057
-0.022217
-0.008820
-0.033691
-0.017487
-0.017456
0.002411
0.000031
0.000854
-0.009888
-0.026581
-0.042755
-0.025574
-0.000336
-0.017395
-0.003784
-0.003815
-0.020905
-0.018402
-0.013397
-0.013641
-0.011169
-0.016663
-0.020813
-0.010132
-0.026215
-0.021484
0.004669
-0.000824
-0.012695
-0.015350
-0.009460
-0.009918
-0.020996
-0.034698
-0.027802
-0.021667
-0.015472
-0.007538
-0.008209
-0.010071
-0.011353
-0.008301
-0.006897
-0.010925
-0.009125
0.000397
0.000488
-0.004242
-0.007782
-0.007080
-0.005035
-0.004272
-0.002045
-0.001984
-0.006317
-0.006561
-0.006012
-0.005341
-0.003174
-0.002838
-0.003204
-0.001068
-0.005432
-0.005463
-0.000916
-0.000092
0.001801
-0.001129
-0.002594
-0.000977
0.000488
0.000427
0.001038
-0.000763
-0.002014
-0.002228
-0.001282
0.000916
0.002014
0.001007
-0.001770
-0.002380
-0.001312
0.001190
0.003571
0.003784
0.001068
-0.000732
-0.000336
0.001465
0.003052
0.002869
0.003082
0.003326
0.003174
0.003815
0.002533
0.001709
0.001770
0.002899