0.000000
-0.000031
0.000153
0.000122
0.000000
0.000153
-0.000305
0.000549
-0.000946
0.001373
-0.001373
0.002594
-0.002502
0.035553
0.068237
0.066162
-0.093170
-0.231506
0.041290
0.197418
0.131714
0.084839
0.051483
0.069061
0.081085
0.059998
0.004883
0.009674
-0.006134
-0.026703
-0.022095
-0.031250
-0.015320
-0.013184
-0.017975
-0.019989
-0.009857
-0.013855
-0.006805
-0.002289
-0.015167
-0.009460
-0.010803
-0.028015
-0.017059
-0.004822
-0.017334
-0.003296
-0.008698
-0.010437
-0.004028
-0.011505
-0.011108
-0.014160
-0.019257
-0.016541
-0.010712
-0.016327
-0.016602
-0.012573
-0.006653
-0.005951
-0.013336
-0.013031
-0.014923
-0.020020
-0.015350
-0.006744
-0.007935
-0.009796
-0.006714
-0.007355
-0.008850
-0.011536
-0.016846
-0.025299
-0.025330
-0.019562
-0.015533
-0.015778
-0.017761
-0.014923
-0.012115
-0.010193
-0.008759
-0.006653
-0.006317
-0.007294
-0.008636
-0.010315
-0.011963
-0.010864
-0.007843
-0.006378
-0.006439
-0.006683
-0.005585
-0.004517
-0.004120
-0.003357
-0.003967
-0.004456
-0.004211
-0.003265
-0.002380
-0.001587
-0.000671
-0.000641
-0.001404
-0.001526
0.000610
0.002472
0.003113
0.002045
0.000641
0.000183
0.000732
0.001190
0.001343
0.001373
0.000916
0.000488
0.001190
0.001251
0.001007
0.001373
0.000763
0.000122
0.001587
-0.003174
0.004456
-0.000732
0.137604
0.220734
0.056793
-0.398926
-0.260986
0.403107
0.286652
0.145081
0.117950
0.070038
0.157501
0.097107
-0.034668
-0.134094
-0.039032
-0.065491
-0.100861
-0.083130
-0.065948
-0.028503
-0.044495
-0.039917
-0.028198
-0.003510
-0.023010
-0.011108
-0.029724
-0.026245
-0.016541
-0.004791
0.007294
0.001495
-0.011353
-0.023224
-0.031769
-0.028442
-0.005005
-0.016357
-0.009918
-0.003052
-0.015381
-0.020905
-0.018036
-0.018890
-0.014709
-0.010376
-0.014862
-0.012146
-0.022675
-0.027893
-0.001373
0.003357
-0.010986
-0.016632
-0.009430
-0.005859
-0.015625
-0.029388
-0.030823
-0.022400
-0.019409
-0.011841
-0.008270
-0.007507
-0.010498
-0.010223
-0.007294
-0.009583
-0.011047
-0.004028
0.000671
-0.001740
-0.006409
-0.007538
-0.005371
-0.005035
-0.003723
-0.002411
-0.005096
-0.007080
-0.006348
-0.006592
-0.004578
-0.001801
-0.002930
-0.002655
-0.003448
-0.006714
-0.002075
-0.000366
0.000153
-0.000427
-0.003235
-0.002167
0.000244
0.000854
0.000641
0.000122
-0.001587
-0.001740
-0.001556
0.000397
0.001556
0.000916
-0.000671
-0.002228
-0.001617
0.000122
0.002319
0.003693
0.002350
0.000000
-0.001038
0.000549
0.002747
0.003052
0.003082
0.003418
0.003113
0.003143
0.002686
0.001770
0.001831
0.002441