0.000000
-0.000061
0.000336
-0.000244
0.000397
-0.000641
0.000732
-0.000977
0.001068
-0.001221
0.001831
-0.002014
0.014923
0.065247
0.080750
-0.009705
-0.233887
-0.088898
0.195831
0.165527
0.101349
0.058197
0.059814
0.080475
0.078339
0.021301
-0.001770
0.007599
-0.024628
-0.026276
-0.036011
-0.025024
-0.018585
-0.022675
-0.019501
-0.015594
-0.009216
-0.007172
-0.002136
-0.015045
-0.010437
-0.008636
-0.027649
-0.020111
-0.000092
-0.017639
-0.008911
-0.004364
-0.014832
-0.004944
-0.010284
-0.014313
-0.011902
-0.016541
-0.016968
-0.006714
-0.015167
-0.020630
-0.014099
-0.006409
-0.005920
-0.013031
-0.014191
-0.014923
-0.016357
-0.013275
-0.010376
-0.010681
-0.008057
-0.009552
-0.010773
-0.005646
-0.007751
-0.016144
-0.024200
-0.023438
-0.017365
-0.015533
-0.018188
-0.019501
-0.014954
-0.012634
-0.010620
-0.008972
-0.006683
-0.005829
-0.007202
-0.008820
-0.010773
-0.011841
-0.010101
-0.007629
-0.007507
-0.007172
-0.006531
-0.005859
-0.005615
-0.004822
-0.004028
-0.003845
-0.004211
-0.004272
-0.003876
-0.002594
-0.001709
-0.001221
-0.001190
-0.002014
-0.002075
-0.000580
0.001251
0.002563
0.002411
0.001190
0.000854
0.001526
0.001343
0.000885
0.001251
0.001221
0.000916
0.000885
0.000732
0.000793
0.001526
0.001587
0.000610
0.000092
0.002930
-0.003693
0.004303
-0.006134
0.047119
0.193604
0.170593
-0.157166
-0.442780
0.095795
0.423431
0.171783
0.130676
0.067688
0.123627
0.143890
0.038666
-0.098206
-0.088318
-0.017853
-0.092407
-0.084290
-0.076080
-0.038727
-0.037292
-0.045929
-0.036713
-0.010132
-0.014038
-0.018585
-0.014954
-0.040588
-0.016815
-0.011353
0.002014
0.007660
-0.006104
-0.025543
-0.023895
-0.018677
-0.013916
-0.016205
-0.013855
-0.007233
-0.008331
-0.017944
-0.023376
-0.023560
-0.018860
-0.011078
-0.006561
-0.009155
-0.022308
-0.026001
-0.012543
0.002869
-0.006073
-0.015594
-0.011963
-0.003510
-0.009460
-0.020508
-0.028778
-0.027100
-0.020874
-0.017670
-0.012970
-0.007324
-0.007904
-0.010651
-0.008820
-0.008514
-0.009918
-0.009003
-0.002228
0.000244
-0.003052
-0.008057
-0.006378
-0.005157
-0.005310
-0.004211
-0.003876
-0.006317
-0.007385
-0.007111
-0.006226
-0.002747
-0.000824
-0.003754
-0.003967
-0.005402
-0.005432
-0.000397
-0.001160
-0.000916
-0.001984
-0.003174
-0.000977
0.000732
0.000610
0.000641
-0.000488
-0.001404
-0.001434
-0.000702
0.000671
0.001129
0.000366
-0.001282
-0.002045
-0.001038
0.001282
0.002686
0.002838
0.001495
-0.000366
-0.000183
0.001556
0.002777
0.003082
0.003204
0.003143
0.002686
0.002808
0.002197
0.001709
0.002258