-0.000336
0.000671
-0.000702
0.000824
-0.001251
0.001068
-0.001190
0.000702
0.000031
-0.001038
0.002136
0.009857
0.107880
0.110840
0.125854
-0.289490
-0.247375
0.334167
0.183197
0.101135
0.117157
0.115479
0.100098
0.063202
-0.039246
-0.105438
-0.039520
-0.088715
-0.048431
-0.061340
-0.044739
0.000549
-0.007812
0.001862
-0.015564
0.001343
-0.012421
-0.011169
-0.038849
-0.017548
-0.020264
-0.024414
0.000885
-0.006317
-0.003235
-0.005646
-0.010406
-0.035339
-0.025452
-0.020325
-0.014557
-0.007294
-0.009552
0.000427
-0.002228
-0.001740
0.001678
-0.010773
-0.022003
-0.026550
-0.014618
-0.002075
-0.002014
-0.013855
-0.019897
-0.012115
-0.007690
-0.007538
-0.006592
-0.005127
-0.008301
-0.008118
-0.013062
-0.024658
-0.031525
-0.027496
-0.016907
-0.013245
-0.021545
-0.021210
-0.010010
-0.003723
-0.006927
-0.008606
-0.007599
-0.008514
-0.008728
-0.009247
-0.008057
-0.007019
-0.004425
-0.005066
-0.005890
-0.009247
-0.008759
-0.004028
-0.002289
-0.004547
-0.008179
-0.009186
-0.005524
-0.001587
-0.000671
0.000000
-0.001099
-0.001770
-0.000580
0.001160
0.003021
0.002899
-0.000549
-0.001251
-0.000427
0.000793
0.003204
0.003113
0.000366
-0.000946
-0.001343
0.000305
0.003601
0.003876
0.002441
-0.000732
-0.002686
-0.000732
0.003510
0.005829
-0.000336
0.000671
-0.000702
0.000824
-0.001251
0.001068
-0.001190
0.000702
0.000031
-0.001038
0.002136
0.009857
0.107880
0.110840
0.125854
-0.289490
-0.247375
0.334167
0.183197
0.101135
0.117157
0.115479
0.100098
0.063202
-0.039246
-0.105438
-0.039520
-0.088715
-0.048431
-0.061340
-0.044739
0.000549
-0.007812
0.001862
-0.015564
0.001343
-0.012421
-0.011169
-0.038849
-0.017548
-0.020264
-0.024414
0.000885
-0.006317
-0.003235
-0.005646
-0.010406
-0.035339
-0.025452
-0.020325
-0.014557
-0.007294
-0.009552
0.000427
-0.002228
-0.001740
0.001678
-0.010773
-0.022003
-0.026550
-0.014618
-0.002075
-0.002014
-0.013855
-0.019897
-0.012115
-0.007690
-0.007538
-0.006592
-0.005127
-0.008301
-0.008118
-0.013062
-0.024658
-0.031525
-0.027496
-0.016907
-0.013245
-0.021545
-0.021210
-0.010010
-0.003723
-0.006927
-0.008606
-0.007599
-0.008514
-0.008728
-0.009247
-0.008057
-0.007019
-0.004425
-0.005066
-0.005890
-0.009247
-0.008759
-0.004028
-0.002289
-0.004547
-0.008179
-0.009186
-0.005524
-0.001587
-0.000671
0.000000
-0.001099
-0.001770
-0.000580
0.001160
0.003021
0.002899
-0.000549
-0.001251
-0.000427
0.000793
0.003204
0.003113
0.000366
-0.000946
-0.001343
0.000305
0.003601
0.003876
0.002441
-0.000732
-0.002686
-0.000732
0.003510
0.005829