0.000061
-0.000122
0.000732
-0.000488
0.000946
-0.001038
0.001343
-0.001343
0.001495
-0.000763
0.000519
0.000366
0.014709
0.096649
0.095795
0.084839
-0.304596
-0.200287
0.326691
0.194366
0.107239
0.086578
0.099823
0.095520
0.068909
-0.022156
-0.082642
-0.034546
-0.076538
-0.038452
-0.053223
-0.040253
0.001740
-0.008392
-0.009613
-0.011200
0.002411
-0.008850
-0.003845
-0.036804
-0.014709
-0.015167
-0.026031
-0.004425
-0.006744
-0.006653
-0.006927
-0.012482
-0.031799
-0.023102
-0.018860
-0.008881
-0.004089
-0.008087
-0.004639
-0.004669
-0.003387
0.002014
-0.010193
-0.020905
-0.022766
-0.017548
-0.007538
-0.008514
-0.013306
-0.015106
-0.012115
-0.005524
-0.006836
-0.006775
-0.003723
-0.008209
-0.009033
-0.010345
-0.017914
-0.027710
-0.029663
-0.021698
-0.012177
-0.017883
-0.022919
-0.016632
-0.007843
-0.004486
-0.007843
-0.010132
-0.009979
-0.008575
-0.008667
-0.007202
-0.007843
-0.007751
-0.006531
-0.006348
-0.007019
-0.009033
-0.006653
-0.002258
-0.003387
-0.006165
-0.008667
-0.006287
-0.002930
-0.001007
-0.000488
-0.001221
-0.000763
0.000153
0.000885
0.001953
0.002869
0.001221
0.000153
-0.000793
-0.000275
0.001617
0.001862
0.000732
0.000183
-0.000122
0.000977
0.002899
0.003204
0.002930
0.002808
0.001465
0.000458
0.001709
0.000580
-0.000214
0.000305
-0.000244
-0.000153
0.000732
-0.001862
0.003510
-0.005280
0.007874
-0.004517
0.108612
0.131287
0.178558
-0.194275
-0.387634
0.284271
0.235352
0.082428
0.155762
0.126740
0.106110
0.062561
-0.026642
-0.137665
-0.040375
-0.086884
-0.078369
-0.050903
-0.064728
-0.005585
-0.001923
0.006439
-0.019989
0.004852
-0.013092
-0.020172
-0.027100
-0.027466
-0.025909
-0.025238
0.001465
-0.007629
0.000732
0.000153
-0.010101
-0.033295
-0.032318
-0.027252
-0.015350
-0.006317
-0.004944
0.001923
-0.005493
-0.006317
0.000824
-0.010284
-0.022278
-0.021271
-0.013000
0.002899
0.003296
-0.018402
-0.022644
-0.009827
-0.014557
-0.009949
-0.001160
-0.006897
-0.009155
-0.008026
-0.015015
-0.024261
-0.032715
-0.028564
-0.014893
-0.013306
-0.022980
-0.019531
-0.005676
-0.003082
-0.004181
-0.006317
-0.007507
-0.009613
-0.010132
-0.006775
-0.005127
-0.002777
-0.004700
-0.009155
-0.008270
-0.007690
-0.004913
-0.000427
-0.002594
-0.004456
-0.007172
-0.009918
-0.005249
-0.002563
-0.001587
-0.000519
-0.001099
-0.001251
0.000336
0.002106
0.003998
0.002838
-0.001129
-0.001892
-0.000244
0.001282
0.003143
0.002319
-0.000061
-0.000885
-0.001129
-0.001282
-0.001129
0.001648
0.002228
0.004181
0.005432
0.005310
0.002686
-0.000549
0.000610