-0.000061
-0.000153
0.000488
-0.000214
0.000305
-0.000275
0.000000
0.000397
-0.000946
0.001831
-0.002930
0.004669
-0.001740
0.077545
0.099304
0.088531
-0.214722
-0.285461
0.253204
0.254272
0.085052
0.083801
0.093018
0.106628
0.080719
0.018158
-0.066803
-0.025330
-0.047058
-0.050446
-0.050232
-0.051086
-0.008972
-0.024597
-0.022156
-0.008362
0.011353
-0.001678
0.002502
-0.019684
-0.027557
-0.016113
-0.025574
-0.019379
-0.013458
-0.003052
-0.014862
-0.019958
-0.025665
-0.012970
-0.009338
-0.015320
0.000061
-0.004608
-0.018219
-0.009674
-0.005890
-0.008911
-0.013214
-0.016968
-0.014404
-0.010284
-0.013275
-0.008026
-0.006317
-0.021149
-0.019897
-0.008331
-0.006134
-0.007050
-0.005890
-0.005249
-0.004822
-0.007294
-0.011688
-0.021667
-0.028595
-0.021667
-0.014496
-0.020447
-0.023163
-0.015778
-0.006622
-0.007507
-0.009460
-0.006378
-0.006104
-0.005402
-0.008026
-0.009277
-0.009155
-0.006989
-0.006256
-0.009003
-0.010773
-0.008514
-0.003662
-0.002472
-0.003662
-0.004822
-0.006226
-0.005646
-0.004913
-0.002838
-0.001221
-0.001160
-0.001373
-0.001862
-0.000488
0.000000
0.000366
0.000183
-0.000427
-0.000580
-0.000092
0.001099
0.002289
0.002380
0.002350
0.001495
0.001709
0.002350
0.002838
0.003296
0.002594
0.000946
0.000031
0.001526
0.000183
0.000183
-0.000336
0.000549
-0.001221
0.001740
-0.002899
0.004150
-0.005768
0.007843
-0.009186
0.073914
0.133972
0.151978
-0.113556
-0.384613
0.172882
0.296265
0.073853
0.125549
0.122589
0.117706
0.078949
0.007751
-0.102234
-0.049896
-0.045563
-0.079712
-0.062988
-0.060455
-0.018066
-0.022736
-0.015839
-0.020752
0.006561
-0.006042
-0.008453
-0.010803
-0.024719
-0.019897
-0.032135
-0.009247
-0.013000
-0.004730
-0.005707
-0.020081
-0.031616
-0.024811
-0.011475
-0.015076
-0.006195
-0.000671
-0.014923
-0.007874
-0.006744
-0.013275
-0.015625
-0.021912
-0.017761
-0.006348
0.000885
0.000122
-0.007660
-0.021027
-0.015625
-0.017975
-0.015656
-0.005676
-0.004028
-0.003448
-0.007568
-0.012054
-0.019836
-0.026489
-0.022583
-0.015106
-0.018402
-0.023529
-0.012634
-0.006287
-0.008423
-0.006073
-0.003113
-0.003296
-0.009491
-0.011139
-0.009491
-0.005035
-0.002014
-0.005432
-0.010040
-0.009155
-0.005341
-0.003052
-0.003387
-0.003906
-0.004150
-0.005707
-0.008331
-0.006592
-0.002869
-0.001862
-0.000824
-0.002014
-0.002899
-0.000732
0.001770
0.001648
0.000275
-0.000885
-0.002075
-0.001617
0.000885
0.002777
0.003418
0.001282
-0.000610
0.000275
0.001648
0.002045
0.001984
0.000519
-0.002075
0.000946
0.004059
0.004211
0.003326
0.001862