0.000092
-0.000031
0.000000
0.000000
-0.000031
0.000061
-0.000031
-0.000031
0.000092
-0.000061
0.000092
0.000000
-0.000031
0.000153
-0.000336
0.000519
-0.000854
0.001160
-0.001068
0.001007
0.007446
0.066833
0.027008
-0.079895
0.030090
-0.007233
-0.040619
0.098602
0.066040
0.040131
0.127350
0.174316
0.028046
-0.014923
0.069672
-0.013977
-0.060852
-0.005737
-0.025116
-0.048187
-0.028473
-0.017334
0.005096
-0.010162
-0.008789
0.016296
0.004425
0.000519
0.009949
-0.005219
-0.018890
-0.016815
-0.022125
-0.020569
-0.018372
-0.021790
-0.024628
-0.023804
-0.019562
-0.019409
-0.018524
-0.019836
-0.022430
-0.021027
-0.024841
-0.023010
-0.019623
-0.018036
-0.016022
-0.013062
-0.010284
-0.009216
-0.008667
-0.010254
-0.010071
-0.009399
-0.008728
-0.008240
-0.007721
-0.006256
-0.005402
-0.006470
-0.006439
-0.006653
-0.007385
-0.007965
-0.007538
-0.007904
-0.008606
-0.009094
-0.008301
-0.008026
-0.007141
-0.005707
-0.005554
-0.005371
-0.006348
-0.006256
-0.006012
-0.005280
-0.004883
-0.004639
-0.004150
-0.003571
-0.003662
-0.003815
-0.003479
-0.003387
-0.003174
-0.003204
-0.002899
-0.003265
-0.002655
-0.001282
-0.001038
-0.001129
-0.001068
-0.001740
-0.001648
-0.001434
-0.001617
-0.000702
0.000153
0.000946
0.001434
0.001678
0.001495
0.000549
-0.004517
0.005676
-0.007843
0.009247
-0.011169
0.013672
-0.016479
0.233246
0.327087
-0.490906
-0.252411
0.021027
0.068237
0.464569
0.060944
0.273041
0.711395
0.111328
-0.457550
0.036346
-0.004211
-0.244720
0.073761
-0.125153
-0.113739
-0.061951
-0.087097
-0.009705
0.020966
-0.057037
-0.010345
0.035950
-0.034271
0.017487
-0.006500
-0.007935
-0.062256
-0.103607
-0.088501
-0.046356
-0.036621
-0.070587
-0.061829
-0.029510
-0.020172
-0.041412
-0.020477
-0.009460
-0.009155
0.003510
-0.007263
0.001587
-0.008057
-0.007233
-0.000092
-0.000916
-0.006195
-0.011353
-0.010681
-0.017670
-0.014404
-0.015137
-0.009857
-0.013763
-0.012115
-0.004578
-0.003113
-0.002655
-0.000214
-0.001648
-0.002319
-0.005066
-0.006165
-0.003479
-0.004364
-0.004456
-0.003723
-0.004486
-0.007080
-0.003326
-0.004028
-0.004456
-0.005249
-0.007111
-0.003601
-0.003906
-0.003143
0.000336
-0.000946
0.001404
0.001160
0.000854
-0.001953
-0.001587
-0.003052
-0.007385
-0.006134
-0.007233
-0.004120
-0.001923
0.001648
0.002502
-0.000793
-0.004089
-0.004211
-0.001099
-0.001434
-0.000854
0.000061
0.001831
0.005157
0.004303
0.003479
0.002838
0.002380
0.002991
0.002686
0.003357
0.005341
0.007355
0.008087
0.008057
0.007874
0.007324
0.006683
0.007080
0.006348
0.006470