0.000061
0.000000
0.000000
-0.000061
0.000000
-0.000031
0.000031
0.000000
-0.000092
0.000000
0.000122
-0.000214
0.000183
-0.000427
0.000641
-0.000885
0.001007
-0.001434
0.001862
-0.002197
0.003693
-0.000488
0.077271
0.087372
-0.139954
-0.068054
0.075897
0.014648
0.018982
0.071411
0.186951
0.162994
0.002380
0.008392
0.030731
0.002014
0.008606
-0.037354
-0.043396
-0.015076
-0.037933
-0.028351
-0.015472
-0.017914
-0.002350
-0.012878
-0.013458
0.000793
-0.009155
-0.010651
-0.009338
-0.021790
-0.012329
-0.005676
0.002289
0.008087
0.005157
-0.001068
-0.009399
-0.016296
-0.017120
-0.018372
-0.023193
-0.018463
-0.017151
-0.016144
-0.018799
-0.019562
-0.013519
-0.010620
-0.013550
-0.013062
-0.011810
-0.010223
-0.009399
-0.010132
-0.008270
-0.006775
-0.008606
-0.009796
-0.009430
-0.009338
-0.007050
-0.006226
-0.006348
-0.006805
-0.006348
-0.006500
-0.007965
-0.007538
-0.007629
-0.010162
-0.010834
-0.010956
-0.010101
-0.009399
-0.007843
-0.007751
-0.008240
-0.008087
-0.007172
-0.005432
-0.004913
-0.003204
-0.002441
-0.001740
-0.002380
-0.003296
-0.003906
-0.005157
-0.006042
-0.005615
-0.004211
-0.003143
-0.002197
-0.001892
-0.002838
-0.003174
-0.003021
-0.002411
-0.002228
-0.002045
-0.001404
-0.000671
0.000671
0.000580
0.000305
0.000916
-0.001678
0.002319
-0.003510
0.003845
-0.004852
0.005493
-0.006836
0.007904
-0.010895
0.145447
0.246338
-0.394318
-0.171112
0.315521
-0.063202
-0.052368
0.321686
0.359100
-0.033905
0.037537
0.383911
0.121887
-0.134064
-0.058411
-0.095032
-0.051605
-0.022247
-0.147095
-0.051941
-0.023651
-0.092560
0.006012
-0.021545
-0.051544
-0.040894
-0.073059
-0.038269
-0.041718
-0.071289
-0.038208
-0.022339
-0.033905
-0.014862
-0.017334
-0.006195
-0.012268
-0.028015
-0.009979
-0.012665
-0.016266
-0.007843
-0.015015
-0.012756
-0.007782
-0.013031
-0.011414
-0.014435
-0.019135
-0.015625
-0.011566
-0.008392
-0.007721
-0.007385
-0.004028
-0.009918
-0.011688
-0.005829
-0.003662
-0.004242
-0.000732
-0.001129
-0.002472
-0.003448
-0.004669
-0.003937
-0.006775
-0.007355
-0.006012
-0.007050
-0.006927
-0.004578
-0.003265
-0.003540
-0.004211
-0.003937
-0.005554
-0.003387
-0.002533
-0.002808
-0.003174
-0.004456
-0.001984
-0.001556
-0.001831
-0.002411
-0.003540
-0.005524
-0.007660
-0.006378
-0.005493
-0.006134
-0.004456
-0.002869
-0.002411
-0.002991
-0.001587
-0.000641
-0.000885
-0.001038
0.000580
0.001404
0.000244
0.002106
0.002472
0.001984
0.001678
0.001556
0.002197
0.002075
0.003601
0.004639
0.004822
0.006958
0.007660
0.006561
0.005035
0.005249
0.005981