0.000000
0.000031
-0.000214
0.000214
-0.000275
0.000305
-0.000519
0.000610
-0.000854
0.000580
-0.000854
0.000427
-0.000397
0.000336
-0.000183
0.036255
0.167358
-0.007141
-0.197815
-0.042267
0.047821
0.022156
0.069916
0.293823
0.325012
0.036987
-0.014801
0.070404
0.010406
-0.006287
-0.039642
-0.090118
-0.064026
-0.051117
-0.050812
-0.036102
-0.045685
-0.024841
-0.008514
-0.031067
-0.021851
-0.023560
-0.019714
-0.011993
-0.039551
-0.038605
-0.029358
-0.021423
-0.017731
-0.017639
-0.015747
-0.019348
-0.017792
-0.013336
-0.015259
-0.018097
-0.008301
-0.005890
-0.005066
-0.005005
-0.005035
-0.002411
0.000305
0.000244
-0.002594
-0.006226
-0.009125
-0.009918
-0.012543
-0.011047
-0.010559
-0.012054
-0.011383
-0.009247
-0.007996
-0.006287
-0.003723
-0.004089
-0.006042
-0.007629
-0.007538
-0.006622
-0.006866
-0.007568
-0.008820
-0.008423
-0.006927
-0.006226
-0.006042
-0.006378
-0.005035
-0.005524
-0.006927
-0.006378
-0.005707
-0.003845
-0.003906
-0.004852
-0.005554
-0.006439
-0.005646
-0.005371
-0.003906
-0.004364
-0.005402
-0.004730
-0.003845
-0.001953
-0.000854
-0.000336
-0.001312
-0.002350
-0.002258
-0.001190
-0.000092
0.000153
0.000702
0.000214
0.000183
0.000275
0.000183
0.000732
0.000641
0.000153
-0.000153
0.001343
0.003693
0.005096
0.000000
0.000031
-0.000214
0.000214
-0.000275
0.000305
-0.000519
0.000610
-0.000854
0.000580
-0.000854
0.000427
-0.000397
0.000336
-0.000183
0.036255
0.167358
-0.007141
-0.197815
-0.042267
0.047821
0.022156
0.069916
0.293823
0.325012
0.036987
-0.014801
0.070404
0.010406
-0.006287
-0.039642
-0.090118
-0.064026
-0.051117
-0.050812
-0.036102
-0.045685
-0.024841
-0.008514
-0.031067
-0.021851
-0.023560
-0.019714
-0.011993
-0.039551
-0.038605
-0.029358
-0.021423
-0.017731
-0.017639
-0.015747
-0.019348
-0.017792
-0.013336
-0.015259
-0.018097
-0.008301
-0.005890
-0.005066
-0.005005
-0.005035
-0.002411
0.000305
0.000244
-0.002594
-0.006226
-0.009125
-0.009918
-0.012543
-0.011047
-0.010559
-0.012054
-0.011383
-0.009247
-0.007996
-0.006287
-0.003723
-0.004089
-0.006042
-0.007629
-0.007538
-0.006622
-0.006866
-0.007568
-0.008820
-0.008423
-0.006927
-0.006226
-0.006042
-0.006378
-0.005035
-0.005524
-0.006927
-0.006378
-0.005707
-0.003845
-0.003906
-0.004852
-0.005554
-0.006439
-0.005646
-0.005371
-0.003906
-0.004364
-0.005402
-0.004730
-0.003845
-0.001953
-0.000854
-0.000336
-0.001312
-0.002350
-0.002258
-0.001190
-0.000092
0.000153
0.000702
0.000214
0.000183
0.000275
0.000183
0.000732
0.000641
0.000153
-0.000153
0.001343
0.003693
0.005096