0.000000
-0.000031
0.000000
0.000000
0.000000
0.000000
0.000000
0.000000
0.000000
0.000000
-0.000031
0.000000
0.000000
-0.000031
0.000000
0.000000
0.000031
-0.000031
0.000061
-0.000031
0.000061
0.000122
0.000000
0.000122
0.000031
0.000580
-0.000427
0.000183
0.005157
0.029846
0.022552
-0.020172
0.005249
0.020081
-0.013458
0.015228
0.052521
0.048981
0.063324
0.097778
0.074341
0.038452
0.052856
0.028809
-0.010406
-0.003296
0.006439
0.002625
0.002289
-0.004425
-0.013123
-0.019440
-0.018494
-0.012695
-0.015228
-0.017029
-0.014893
-0.019318
-0.024536
-0.024719
-0.023865
-0.025085
-0.023682
-0.019867
-0.016418
-0.015778
-0.015839
-0.014679
-0.017334
-0.017609
-0.018585
-0.017761
-0.017975
-0.017975
-0.015472
-0.014435
-0.013245
-0.012299
-0.011108
-0.011505
-0.011597
-0.011963
-0.011719
-0.009766
-0.009308
-0.008392
-0.008423
-0.008728
-0.008698
-0.008728
-0.007782
-0.007874
-0.007446
-0.007202
-0.007202
-0.007111
-0.006195
-0.006317
-0.006531
-0.005920
-0.005890
-0.005646
-0.005035
-0.005524
-0.006866
-0.006897
-0.006775
-0.006165
-0.005615
-0.004761
-0.004120
-0.004181
-0.003387
-0.003601
-0.003754
-0.003052
-0.003082
-0.003784
-0.004272
-0.003326
-0.001740
-0.000366
-0.000183
-0.000427
0.000214
0.001953
0.002747
0.002075
-0.000824
0.003296
-0.006073
0.004059
0.097229
0.578827
-0.432800
-0.783661
0.433075
0.181702
0.089691
0.185272
0.605255
0.586761
-0.356201
-0.284668
0.143585
0.186127
0.049500
-0.142181
-0.186920
-0.086395
-0.158020
-0.033691
0.005920
-0.087158
-0.006439
-0.016541
-0.021698
0.004639
-0.032684
-0.071564
-0.037689
-0.109955
-0.059174
-0.042725
-0.058685
-0.017120
-0.055817
-0.029266
-0.013916
-0.045685
-0.045258
-0.017090
-0.021301
-0.006226
-0.008606
-0.010132
0.000336
-0.020416
-0.009918
0.001312
-0.010345
-0.014923
-0.017365
-0.021362
-0.016083
-0.015076
-0.011597
-0.007751
-0.017365
-0.008759
-0.003448
-0.003296
-0.000885
-0.000671
0.002899
-0.002167
-0.003967
-0.004944
-0.004272
-0.003845
-0.002686
-0.004944
-0.007599
-0.005890
-0.002747
0.000031
-0.000854
-0.001038
-0.003784
-0.004608
-0.002441
0.001221
0.004700
0.000122
-0.002289
-0.002838
-0.004333
-0.001312
-0.000183
-0.001038
-0.005280
-0.007263
-0.004211
-0.002502
-0.000275
0.001373
-0.001678
-0.003845
-0.005371
-0.002747
0.001251
0.000702
0.001160
0.000549
0.000763
0.001648
0.002655
0.003448
0.003082
0.001556
0.002045
0.002655
0.005005
0.007507
0.004944
0.003387
0.003113
0.005554
0.007294
0.006897
0.008057
0.007019
0.006378
0.006470
0.006073
0.007324