0.000000
0.000000
0.000000
0.000000
0.000000
0.000000
0.000000
0.000031
0.000000
0.000031
0.000031
0.000031
0.000000
0.000031
0.000000
0.000000
0.000061
0.000031
-0.000061
0.000214
0.000061
0.000000
-0.000061
0.000366
0.000153
0.000092
0.000214
0.000793
-0.001068
0.000977
0.007629
0.031097
0.031250
-0.015930
-0.011230
0.009460
0.009979
0.025574
0.044525
0.063202
0.077881
0.095123
0.083954
0.028473
0.007233
0.039001
0.039185
0.012848
-0.003174
-0.020721
-0.026550
-0.022217
-0.020569
-0.023438
-0.020355
-0.016083
-0.018005
-0.017731
-0.018127
-0.019257
-0.022552
-0.023560
-0.022919
-0.021332
-0.020233
-0.016388
-0.013855
-0.015289
-0.015015
-0.015198
-0.016541
-0.018158
-0.018616
-0.017212
-0.016235
-0.015839
-0.015350
-0.013916
-0.014496
-0.014008
-0.011017
-0.011719
-0.010773
-0.010895
-0.010071
-0.009308
-0.009277
-0.008514
-0.009583
-0.008575
-0.008026
-0.007416
-0.006805
-0.006683
-0.005646
-0.005463
-0.005676
-0.006561
-0.006012
-0.005524
-0.006134
-0.005768
-0.006714
-0.007050
-0.006683
-0.006592
-0.006439
-0.006134
-0.006134
-0.006256
-0.005859
-0.005157
-0.004852
-0.005035
-0.004303
-0.003601
-0.003235
-0.002655
-0.002136
-0.001526
-0.000671
-0.000549
-0.000153
0.000336
0.000671
0.001099
0.001587
0.002197
0.006927
-0.005829
0.005249
-0.010956
0.184052
0.569733
-0.749359
-0.561584
0.576904
0.086426
0.095581
0.239044
0.771210
0.232910
-0.532013
-0.064148
0.283691
0.199554
-0.026337
-0.153076
-0.226868
-0.055847
-0.104584
-0.055603
-0.003326
-0.073944
0.006134
-0.050842
-0.038818
0.002106
-0.044525
-0.079620
-0.063873
-0.098053
-0.054352
-0.027344
-0.031860
-0.014191
-0.038574
-0.015411
-0.030182
-0.050018
-0.035797
-0.024078
-0.028046
-0.011322
-0.010132
-0.013702
-0.007385
-0.016724
-0.006287
0.000732
-0.012543
-0.013458
-0.015411
-0.017395
-0.015350
-0.016418
-0.005890
-0.011230
-0.017456
-0.011566
-0.005371
-0.000946
0.002777
0.001984
0.000763
-0.004181
-0.004456
-0.003571
-0.003357
-0.003967
-0.003876
-0.006989
-0.009369
-0.005096
-0.002380
0.000519
-0.000244
0.000854
-0.003235
-0.003387
-0.001251
0.001831
0.004456
-0.000824
-0.002075
-0.003662
-0.003601
0.001434
0.001221
-0.001190
-0.007690
-0.008362
-0.003754
-0.002380
0.001709
0.000641
-0.002319
-0.004059
-0.004517
-0.000366
0.001343
0.000458
-0.000153
-0.000610
-0.000336
0.001282
0.003693
0.005371
0.005463
0.002991
0.001892
0.001068
0.004059
0.006439
0.003784
0.003448
0.002716
0.005035
0.006653
0.007294
0.008850
0.007019
0.006683
0.007233
0.007233
0.008636