0.000031
0.000000
0.000061
0.000061
0.000031
0.000031
0.000000
0.000031
0.000000
0.000031
0.000031
0.000031
0.000000
0.000092
0.000092
-0.000092
0.000061
0.000061
-0.000061
0.000275
0.000031
0.000244
0.000366
0.000092
-0.000122
0.018005
0.043671
0.001312
-0.025574
0.007416
-0.012146
0.002258
0.058014
0.047882
0.056702
0.125763
0.102966
0.010803
0.023712
0.037720
-0.023071
-0.026093
0.004974
0.000824
-0.002228
-0.002014
0.002106
-0.004028
-0.009247
0.005280
0.008240
-0.001953
-0.007294
-0.013580
-0.021973
-0.021271
-0.022736
-0.025513
-0.025696
-0.024231
-0.022675
-0.020752
-0.017517
-0.019623
-0.019012
-0.018860
-0.019897
-0.019135
-0.018677
-0.017578
-0.017792
-0.014618
-0.013550
-0.013245
-0.012695
-0.013824
-0.011871
-0.011200
-0.010284
-0.009644
-0.009216
-0.008331
-0.008606
-0.007996
-0.007935
-0.008240
-0.008820
-0.007996
-0.007233
-0.007294
-0.007324
-0.007629
-0.007050
-0.008026
-0.008850
-0.008514
-0.007660
-0.006256
-0.005524
-0.005493
-0.005951
-0.005981
-0.006042
-0.006256
-0.006134
-0.004944
-0.003998
-0.003815
-0.002747
-0.003052
-0.003418
-0.004059
-0.003693
-0.003479
-0.003784
-0.003174
-0.002228
-0.000702
-0.000671
-0.001251
-0.001831
-0.001343
-0.000916
-0.000580
-0.000031
0.000244
0.001038
0.000885
-0.006226
0.006805
-0.007629
0.009155
-0.014679
0.214966
0.439941
-0.564514
-0.457916
0.259399
0.129852
0.260132
0.084320
0.577545
0.658020
-0.259918
-0.310883
0.105438
-0.024170
0.002319
-0.006012
-0.215637
-0.063110
-0.177490
-0.062805
0.025177
-0.082367
0.001526
0.018738
-0.001129
0.030579
0.003845
-0.064178
-0.045471
-0.136108
-0.093292
-0.055908
-0.070526
-0.026093
-0.039368
-0.031799
-0.021790
-0.031708
-0.033325
-0.007904
-0.019989
-0.005402
0.000275
-0.011963
-0.007599
-0.013824
-0.007690
-0.003387
-0.013824
-0.014771
-0.011200
-0.012787
-0.014069
-0.017975
-0.013641
-0.010651
-0.013184
-0.006287
-0.006226
-0.004211
-0.001038
-0.001129
0.000702
-0.003784
-0.003876
-0.004547
-0.002472
-0.003448
-0.000732
-0.002197
-0.006073
-0.004822
-0.002930
-0.001038
-0.002594
-0.003357
-0.004883
-0.004608
-0.003693
-0.000732
0.002167
-0.000885
-0.000916
-0.000458
-0.003906
-0.001740
-0.001312
-0.001862
-0.005005
-0.005768
-0.002899
-0.003021
-0.000153
0.000366
-0.001709
-0.004181
-0.005798
-0.002167
0.000000
0.001251
0.002319
0.001953
0.002655
0.002258
0.002472
0.002502
0.002411
0.000793
0.002014
0.003082
0.004669
0.006744
0.006622
0.006683
0.005768
0.006592
0.007141
0.007660
0.008759
0.007599
0.005859
0.005219
0.004974