-0.000031
0.000031
-0.000061
-0.000153
0.000122
-0.000244
0.000244
-0.000458
0.000397
-0.000641
0.000244
-0.000610
0.000122
-0.000092
0.000061
0.000366
0.035278
0.164154
-0.005249
-0.210510
-0.034515
0.061737
0.020203
0.069031
0.286987
0.311401
0.015411
-0.017761
0.076630
0.004852
-0.008057
-0.034332
-0.092773
-0.058685
-0.041168
-0.053436
-0.033813
-0.039459
-0.018250
-0.008148
-0.036163
-0.015411
-0.005981
-0.026215
-0.028687
-0.029968
-0.036865
-0.026764
-0.015808
-0.016266
-0.014587
-0.014191
-0.010040
-0.017273
-0.021637
-0.013123
-0.014496
-0.012939
-0.008484
-0.003967
0.002533
0.000275
-0.002472
-0.000183
-0.003784
-0.008606
-0.011414
-0.011963
-0.012695
-0.013916
-0.012024
-0.008698
-0.009674
-0.010559
-0.006226
-0.005707
-0.004547
-0.004333
-0.005646
-0.007233
-0.008759
-0.007172
-0.006073
-0.006683
-0.008301
-0.009094
-0.009216
-0.008911
-0.007141
-0.007538
-0.006836
-0.005798
-0.005981
-0.005249
-0.006042
-0.005463
-0.004150
-0.003998
-0.004700
-0.006042
-0.005768
-0.005371
-0.004883
-0.004211
-0.004456
-0.004913
-0.004791
-0.003235
-0.002258
-0.000977
-0.000793
-0.001709
-0.002808
-0.002930
-0.001282
-0.000854
0.000122
0.000854
0.000244
-0.000061
-0.000458
0.000092
0.000702
0.000092
-0.000397
-0.000336
0.001678
0.004272
0.000031
-0.000183
0.000275
-0.000336
0.000488
-0.000732
0.000854
-0.000946
0.000671
-0.000916
0.000488
-0.000427
0.000122
0.000031
0.034912
0.175629
-0.017120
-0.185791
-0.037415
0.026642
0.029205
0.066650
0.292572
0.332550
0.066956
0.002045
0.056091
0.011139
-0.001556
-0.041656
-0.090271
-0.067261
-0.062012
-0.050110
-0.033569
-0.052887
-0.029938
-0.009125
-0.027100
-0.037079
-0.025360
-0.015381
-0.017426
-0.032104
-0.040253
-0.033905
-0.023590
-0.017578
-0.025299
-0.024078
-0.015137
-0.013397
-0.018860
-0.019531
-0.014526
-0.004486
-0.003693
-0.006714
-0.004028
-0.005280
-0.009644
-0.005737
-0.001953
-0.000031
-0.000824
-0.004883
-0.006104
-0.009033
-0.009094
-0.009186
-0.011261
-0.014160
-0.012970
-0.009644
-0.007172
-0.004425
-0.004120
-0.005707
-0.006256
-0.007385
-0.006439
-0.007263
-0.007294
-0.007446
-0.006317
-0.005402
-0.006561
-0.005951
-0.005402
-0.004028
-0.006226
-0.006561
-0.005615
-0.005859
-0.004303
-0.004364
-0.004120
-0.004944
-0.006531
-0.005554
-0.005829
-0.004242
-0.004700
-0.005798
-0.004974
-0.004639
-0.002228
-0.000732
0.000183
-0.000793
-0.001678
-0.001495
-0.001038
0.000397
0.000061
0.000580
0.000244
0.000214
0.000916
0.000610
0.001251
0.000397
0.000885
0.000610
0.001099
0.003448
0.004303
0.005798