-0.000061
-0.000092
-0.000031
0.000000
0.000000
-0.000031
-0.000122
0.000183
-0.000214
0.000305
-0.000488
0.000488
-0.000610
0.000397
-0.000610
0.000336
0.000031
0.000214
0.000854
0.043823
0.155365
-0.065155
-0.198517
0.045105
0.064026
0.000549
0.073792
0.247345
0.233704
-0.003021
-0.001862
0.062286
-0.004791
-0.000092
-0.037720
-0.079163
-0.026062
-0.035706
-0.049225
-0.018616
-0.027283
-0.010681
-0.011078
-0.029114
-0.009705
-0.012848
-0.018555
-0.013214
-0.026428
-0.023071
-0.015442
-0.015686
-0.004913
-0.008911
-0.010132
-0.006989
-0.013184
-0.007996
-0.002594
-0.005188
-0.008636
-0.013550
-0.005524
-0.008881
-0.020966
-0.017944
-0.011505
-0.011047
-0.012878
-0.011230
-0.009094
-0.008209
-0.011719
-0.009430
-0.007111
-0.009308
-0.007416
-0.007080
-0.005402
-0.003235
-0.004700
-0.005707
-0.008240
-0.008209
-0.009003
-0.009430
-0.008514
-0.008667
-0.008667
-0.009247
-0.008453
-0.009491
-0.008667
-0.007416
-0.008575
-0.008545
-0.007477
-0.004913
-0.003296
-0.002289
-0.001251
-0.003357
-0.005096
-0.006927
-0.005920
-0.004242
-0.004730
-0.004730
-0.005524
-0.004181
-0.002777
-0.001923
-0.001190
-0.001556
-0.001923
-0.002808
-0.002380
-0.002075
-0.002319
-0.001465
-0.000977
-0.000549
0.000122
0.000732
0.000305
-0.000031
0.000153
0.000854
-0.000305
0.000244
-0.000336
0.000061
0.000061
-0.001099
0.001617
-0.003174
0.004395
-0.006500
0.007996
0.010529
0.215363
-0.003601
-0.279022
0.079926
0.005798
-0.045258
0.127411
0.265808
0.272430
0.098053
0.168518
0.096771
-0.065948
0.000336
-0.030640
-0.085938
-0.056091
-0.094421
-0.082428
-0.009888
-0.066040
-0.044983
-0.008118
-0.049896
-0.017822
-0.041931
-0.047455
-0.024963
-0.033752
-0.035583
-0.039124
-0.043732
-0.015411
-0.014343
-0.025452
-0.013306
-0.026001
-0.017181
-0.015137
-0.021576
-0.006165
-0.005280
-0.008209
-0.003601
-0.005463
-0.008301
-0.009613
-0.012146
-0.011261
-0.006073
-0.009308
-0.006958
-0.007385
-0.002563
-0.002563
-0.007538
-0.006561
-0.009033
-0.009094
-0.007141
-0.005646
-0.005310
-0.005280
-0.006866
-0.007446
-0.010193
-0.008728
-0.005432
-0.003326
-0.004211
-0.005005
-0.005890
-0.005341
-0.004150
-0.004333
-0.004883
-0.005554
-0.004639
-0.004059
-0.002838
-0.003601
-0.004761
-0.004608
-0.004944
-0.004517
-0.004913
-0.006073
-0.005768
-0.006470
-0.005829
-0.006561
-0.004974
-0.002136
-0.001160
-0.000702
-0.001556
-0.000946
-0.000092
0.000031
0.000458
0.001282
0.000702
0.000977
0.001434
0.001251
0.001648
0.001251
0.001648
0.001343
0.002075
0.004150
0.004578
0.005432
0.005493
0.005096
0.004974