0.000000
0.000000
0.000000
0.000000
0.000000
0.000000
0.000031
0.000031
0.000000
0.000031
0.000000
0.000061
0.000000
0.000000
0.000000
0.000122
-0.000061
0.000031
0.000092
-0.000031
0.000092
0.000153
0.000366
-0.000153
0.000183
0.000183
-0.000244
0.006836
0.035980
0.021942
-0.027771
0.000183
0.004120
-0.002563
0.048248
0.044617
0.036896
0.074036
0.106415
0.060547
0.018280
0.041168
0.023712
0.001770
0.009949
0.000122
-0.020142
-0.007050
0.013245
0.005219
-0.011444
-0.014771
-0.009705
-0.013916
-0.016754
-0.014984
-0.018402
-0.021759
-0.025116
-0.026245
-0.025452
-0.023438
-0.021606
-0.018799
-0.017151
-0.016632
-0.015778
-0.016632
-0.017700
-0.018799
-0.017670
-0.017517
-0.017212
-0.016052
-0.015411
-0.015167
-0.012726
-0.011047
-0.010284
-0.010529
-0.011475
-0.010956
-0.010254
-0.009674
-0.009216
-0.008667
-0.008209
-0.008362
-0.009003
-0.007996
-0.007446
-0.006866
-0.007446
-0.008148
-0.008087
-0.007629
-0.006805
-0.006531
-0.006561
-0.006378
-0.005554
-0.004730
-0.005249
-0.005768
-0.006226
-0.006317
-0.006012
-0.005920
-0.005005
-0.004730
-0.004120
-0.003143
-0.003113
-0.003174
-0.002747
-0.002563
-0.003418
-0.003784
-0.003723
-0.003021
-0.001587
-0.000885
-0.000488
-0.000366
0.000427
0.001373
0.001556
0.001953
-0.005890
0.009094
-0.012787
0.014221
0.032654
0.529053
-0.127472
-0.885468
0.225037
0.262207
0.096008
0.172028
0.418884
0.762360
-0.114594
-0.404297
0.052246
0.141754
0.067993
-0.064819
-0.207397
-0.078247
-0.160431
-0.091309
0.047882
-0.103577
-0.016693
0.007660
-0.022461
0.006744
-0.004150
-0.069275
-0.025940
-0.098755
-0.099579
-0.036926
-0.076874
-0.027740
-0.045898
-0.033142
-0.013214
-0.041809
-0.046814
-0.012115
-0.018097
-0.010223
-0.002563
-0.012878
0.000488
-0.016876
-0.015350
0.002014
-0.008362
-0.014099
-0.015778
-0.021820
-0.016144
-0.014801
-0.014618
-0.006287
-0.014801
-0.010834
-0.002625
-0.004425
-0.001892
-0.002563
0.003082
-0.001404
-0.003601
-0.004974
-0.003143
-0.003235
-0.002441
-0.003021
-0.007202
-0.005829
-0.003510
0.000092
-0.001434
-0.001282
-0.003693
-0.004974
-0.002899
-0.000458
0.003754
0.001648
-0.001465
-0.001495
-0.005341
-0.002869
0.000000
-0.000275
-0.003632
-0.006989
-0.004608
-0.002686
-0.000427
0.001587
-0.000885
-0.003479
-0.005188
-0.004456
0.000031
0.001129
0.001648
0.001984
0.002258
0.002319
0.002228
0.002167
0.002655
0.001465
0.002106
0.002563
0.003845
0.007416
0.006439
0.005188
0.004547
0.005920
0.007050
0.006592
0.007416
0.007965
0.006561
0.006500
0.005920
0.006409