0.000031
0.000031
0.000031
-0.000031
0.000031
-0.000031
0.000031
0.000031
-0.000061
0.000061
0.000122
-0.000031
0.000183
-0.000397
0.000793
-0.001099
0.001587
-0.002075
0.002655
-0.002960
0.004974
-0.001709
0.096588
0.079315
-0.190399
-0.080078
0.048309
0.029633
0.079407
0.049927
0.130798
0.209747
0.072418
-0.032410
0.006012
-0.005554
0.012726
0.002045
-0.035675
-0.014130
-0.042084
-0.047699
-0.024872
-0.013428
-0.016724
-0.012177
-0.015350
-0.004517
0.010437
-0.012238
-0.001984
-0.010712
-0.016632
-0.009949
-0.009003
-0.007660
0.000366
0.002655
-0.001556
-0.001007
-0.008240
-0.016815
-0.021393
-0.008118
-0.005066
-0.012421
-0.013641
-0.012970
-0.009918
-0.010498
-0.012573
-0.010498
-0.009674
-0.010651
-0.010864
-0.010773
-0.011047
-0.008789
-0.011047
-0.012756
-0.011719
-0.010315
-0.009949
-0.010986
-0.010223
-0.009827
-0.008148
-0.010040
-0.011292
-0.010986
-0.008545
-0.006592
-0.007385
-0.008148
-0.006531
-0.005524
-0.005035
-0.005554
-0.006744
-0.006836
-0.006775
-0.005554
-0.005798
-0.005096
-0.004913
-0.004944
-0.004639
-0.004150
-0.002350
-0.000153
0.000732
0.000580
-0.000092
-0.001862
-0.004578
-0.006439
-0.006226
-0.005066
-0.004639
-0.003876
-0.003204
-0.002655
-0.001343
-0.001190
-0.000702
-0.000702
-0.001465
-0.002167
-0.000061
-0.000305
0.000916
-0.002228
0.003174
-0.005188
0.007294
-0.010193
0.012512
0.003784
0.278534
-0.015106
-0.482147
0.123962
0.051514
-0.101318
0.209961
0.272339
0.345612
0.058807
-0.078827
0.260071
0.187653
-0.079193
-0.002930
-0.091248
-0.059662
0.015442
-0.127197
-0.048676
-0.090332
-0.142944
-0.066071
-0.046570
-0.052185
-0.012115
-0.031311
-0.035156
0.018829
-0.021362
-0.033447
-0.036224
-0.018188
-0.017059
-0.025238
-0.023682
-0.019775
-0.017670
-0.028442
-0.018463
-0.002502
-0.005768
-0.014740
-0.009430
-0.012085
-0.017303
-0.015503
-0.013550
-0.007874
-0.011780
-0.017181
-0.009552
-0.008453
-0.005066
-0.006256
-0.010101
-0.012817
-0.010223
-0.001831
0.004669
0.004150
0.003845
-0.000275
-0.005859
-0.007416
-0.007996
-0.006073
-0.007477
-0.004822
-0.004852
-0.009125
-0.010101
-0.006348
-0.008575
-0.009460
-0.008728
-0.010864
-0.009125
-0.006744
-0.005371
-0.003815
-0.005005
-0.006561
-0.006500
-0.003845
-0.000977
-0.000427
0.000153
-0.000336
-0.000580
-0.000427
0.002106
0.003845
0.003235
0.002350
0.001556
0.001526
0.004517
0.007050
0.007935
0.005219
0.000000
-0.003876
-0.003387
0.000854
0.002441
0.002411
0.000183
-0.001923
0.000061
0.001709
0.002075
-0.000458
-0.001740
-0.003601
-0.013519
-0.009216
-0.006012