0.000092
0.000061
0.000092
0.000092
0.000000
0.000092
0.000061
0.000061
0.000031
0.000092
0.000000
0.000092
0.000092
0.000092
0.000153
0.000153
0.000000
0.000214
-0.000092
0.000549
-0.000641
0.001373
-0.001343
0.002228
0.001862
0.059753
0.036133
-0.098297
-0.042786
0.021698
0.029480
0.041687
0.022095
0.065002
0.132599
0.092133
0.002289
0.003265
0.004517
0.014771
0.015015
-0.016052
-0.015106
-0.014618
-0.013977
-0.009308
0.002167
-0.004333
-0.003082
0.006012
0.000641
0.005066
0.011139
0.014740
0.008362
0.004089
-0.005707
-0.015472
-0.017487
-0.016968
-0.016327
-0.017059
-0.015686
-0.017151
-0.019623
-0.021759
-0.017365
-0.015076
-0.013733
-0.011597
-0.013550
-0.011230
-0.010345
-0.012878
-0.014465
-0.013367
-0.011993
-0.013519
-0.013916
-0.015076
-0.013428
-0.012085
-0.012085
-0.010406
-0.009338
-0.007080
-0.008087
-0.008850
-0.008881
-0.009888
-0.010651
-0.011200
-0.009918
-0.008423
-0.006714
-0.006592
-0.006989
-0.006592
-0.006409
-0.005005
-0.003967
-0.002960
-0.002716
-0.003296
-0.004364
-0.005859
-0.005920
-0.006470
-0.006714
-0.005310
-0.003510
-0.001740
-0.000854
-0.001160
-0.002960
-0.005280
-0.006409
-0.004974
-0.003082
-0.003021
-0.003754
-0.003723
-0.002075
-0.001953
-0.002747
-0.003296
-0.003479
-0.002777
-0.006012
0.007050
-0.009216
0.010956
-0.012970
0.015686
-0.022156
0.211395
0.312775
-0.656982
-0.217255
0.366425
-0.083740
0.079620
0.293854
0.473175
0.286285
-0.333130
-0.139313
0.425659
0.205261
0.017914
-0.104767
-0.170197
0.001495
-0.082153
-0.032776
-0.055176
-0.165894
-0.104248
-0.053375
-0.067169
-0.030731
-0.010162
-0.059357
-0.003174
-0.015350
-0.025543
-0.056946
-0.037903
-0.007202
-0.020844
-0.022858
-0.018768
-0.018372
-0.034149
-0.032654
-0.019745
0.003448
-0.013062
-0.022308
-0.019501
-0.018311
-0.015961
-0.012024
-0.003754
-0.007812
-0.018188
-0.014008
-0.009491
-0.009155
-0.007721
-0.005798
-0.008789
-0.014740
-0.012756
0.000397
0.004852
0.002350
-0.001282
-0.007324
-0.005096
-0.006683
-0.003021
-0.001099
-0.002502
-0.004028
-0.006500
-0.009949
-0.003754
-0.002045
-0.006134
-0.007416
-0.010071
-0.010254
-0.007996
-0.006592
-0.005066
-0.001923
-0.003998
-0.006592
-0.005859
-0.000610
0.001282
0.001923
0.001373
-0.003357
-0.004089
-0.001343
0.003113
0.005737
0.003693
0.000092
-0.001953
0.001587
0.005310
0.008575
0.009583
0.006531
0.002655
-0.001862
-0.003479
-0.002197
0.002502
0.004272
0.002258
0.000244
0.001404
0.004730
0.006836
0.006042
0.000305
-0.002319
-0.012177
-0.011810
-0.001892
-0.002869
-0.000549