0.000000
0.000000
0.000061
0.000000
0.000092
0.000000
0.000061
0.000031
0.000031
0.000061
0.000061
0.000061
0.000061
0.000031
0.000061
0.000092
0.000092
0.000000
0.000122
0.000122
0.000092
-0.000061
0.000275
0.000092
0.000000
0.000488
0.001617
0.011536
0.024902
0.005768
-0.030884
-0.002472
0.029724
-0.002655
0.006653
0.029327
0.032776
0.057678
0.079956
0.084564
0.063293
0.047424
0.025543
0.004517
0.012665
0.004150
-0.020630
-0.022247
-0.016998
-0.012085
-0.004578
0.001617
0.007599
0.003632
-0.004028
-0.003998
-0.010559
-0.018921
-0.017639
-0.016541
-0.020233
-0.024963
-0.025909
-0.021210
-0.017578
-0.019684
-0.018097
-0.016968
-0.016815
-0.015594
-0.015625
-0.013977
-0.013092
-0.012329
-0.011688
-0.013245
-0.014343
-0.014221
-0.013611
-0.011658
-0.009888
-0.010498
-0.010895
-0.011261
-0.011932
-0.010620
-0.010040
-0.008392
-0.007599
-0.007599
-0.007751
-0.008270
-0.006683
-0.006104
-0.006866
-0.008057
-0.008514
-0.008301
-0.008179
-0.006531
-0.005707
-0.005981
-0.006317
-0.006012
-0.004456
-0.003235
-0.002899
-0.003387
-0.003479
-0.003174
-0.002594
-0.002350
-0.002289
-0.002960
-0.003296
-0.002686
-0.001526
-0.002014
-0.003723
-0.002991
-0.002045
-0.001709
-0.002899
-0.003418
-0.003082
-0.003754
-0.004395
-0.005585
-0.009399
0.010864
-0.012604
0.015625
-0.021698
0.284668
0.380829
-0.815247
-0.326172
0.342529
0.001801
0.325775
0.085907
0.485565
0.784882
-0.181580
-0.431793
0.020966
0.019501
0.163727
0.108246
-0.223175
-0.116730
-0.106964
-0.061249
0.027435
-0.016876
-0.077271
-0.038177
-0.106079
-0.080658
0.024353
-0.075195
-0.041687
-0.032318
-0.052460
-0.068329
-0.049255
-0.051758
-0.041992
-0.017761
-0.028900
-0.007904
-0.023315
-0.031372
-0.023895
-0.002106
-0.002411
-0.005554
-0.010681
-0.018127
-0.008118
-0.013519
-0.007690
-0.008789
-0.014618
-0.011353
-0.015594
-0.020569
-0.014282
-0.005035
-0.003784
-0.002228
-0.009735
-0.007812
0.000336
0.008240
0.004395
-0.003510
-0.005798
-0.011292
-0.009674
-0.007721
-0.005127
-0.003571
-0.006165
-0.012085
-0.005157
-0.000122
-0.001617
-0.000519
-0.005219
-0.006927
-0.005096
-0.007751
-0.007812
-0.003815
-0.002167
-0.003937
-0.004700
-0.002319
0.001251
0.004578
0.002197
-0.001221
-0.001068
-0.000977
0.001404
0.004272
0.005249
0.005524
0.002625
0.002472
0.002350
0.005219
0.008636
0.009003
0.005219
-0.000702
-0.004028
-0.003143
0.003510
0.006104
0.004730
0.002136
0.001862
0.003204
0.004761
0.004181
0.000000
0.000000
-0.002472
-0.013092
-0.012451
-0.004913
0.004883
0.010468
0.005280