-0.000061
0.000000
0.000000
0.000061
0.000000
-0.000153
0.000214
-0.000122
0.000183
-0.000183
0.000031
0.000092
-0.000336
0.000488
-0.001282
0.002045
-0.002350
0.003540
0.020721
0.166077
0.016052
-0.280670
-0.061768
0.066528
0.039551
0.106720
0.136963
0.278229
0.210724
-0.029633
-0.019196
-0.005005
-0.004028
0.018646
-0.052124
-0.043915
-0.022064
-0.068298
-0.048309
-0.028870
-0.034454
-0.021759
-0.024109
-0.031891
0.000671
-0.002350
-0.017242
-0.008453
-0.019257
-0.023010
-0.026703
-0.018005
-0.019714
-0.018677
-0.010803
-0.005829
-0.008606
-0.013763
-0.013123
-0.001465
0.008606
0.005554
0.002594
-0.003235
-0.009460
-0.010712
-0.006683
-0.005096
-0.008087
-0.010498
-0.009155
-0.008545
-0.011627
-0.011810
-0.010040
-0.010681
-0.009674
-0.008972
-0.007812
-0.008698
-0.004822
-0.006439
-0.009369
-0.010345
-0.011780
-0.008972
-0.008789
-0.007446
-0.008240
-0.010284
-0.011169
-0.009247
-0.008362
-0.008453
-0.007446
-0.007324
-0.006317
-0.005066
-0.005585
-0.004181
-0.002777
-0.002930
-0.003296
-0.002930
-0.002228
-0.001831
-0.000824
-0.000702
-0.000244
0.000519
0.001465
0.001312
-0.001709
-0.005035
-0.006683
-0.006622
-0.004761
-0.003113
-0.001373
-0.000153
0.000885
0.000732
-0.000580
-0.002106
-0.003998
-0.004700
-0.004303
-0.004120
-0.000061
0.000183
-0.000305
0.000610
-0.001007
0.001526
-0.002502
0.003143
-0.004486
0.005554
-0.007324
0.009247
-0.008331
0.138031
0.140778
-0.241730
-0.108032
-0.017120
-0.025543
0.092743
0.167664
0.306854
0.243317
0.107178
0.097168
0.023956
-0.050995
0.038177
-0.039154
-0.080383
-0.022858
-0.086243
-0.073730
-0.076904
-0.080750
-0.043671
-0.032684
-0.042786
-0.013275
-0.014923
-0.031952
0.004059
-0.019501
-0.029358
-0.037567
-0.033264
-0.030396
-0.024078
-0.024170
-0.015808
-0.007782
-0.014465
-0.010132
-0.006805
-0.002014
-0.003571
-0.001007
-0.007812
-0.008636
-0.011871
-0.009216
-0.004761
-0.008789
-0.012177
-0.009949
-0.009491
-0.008728
-0.007111
-0.007355
-0.008728
-0.007996
-0.007599
-0.001648
0.000916
-0.000885
-0.001404
-0.005493
-0.005920
-0.008606
-0.009033
-0.010406
-0.010132
-0.009003
-0.009918
-0.011200
-0.008972
-0.008820
-0.007782
-0.007355
-0.007721
-0.008453
-0.008789
-0.007355
-0.007568
-0.005615
-0.004974
-0.003845
-0.002289
-0.001038
-0.000183
0.000641
0.001678
0.001007
0.000366
0.001099
0.001923
0.002869
0.002716
0.003448
0.003113
0.001862
0.000580
-0.000671
-0.001770
-0.001556
-0.000214
-0.000916
-0.001526
-0.001770
-0.001190
-0.001221
-0.002289
-0.003876
-0.003021
-0.003845
-0.003296
0.000366
-0.007629