-0.000031
0.000061
0.000000
0.000000
0.000031
-0.000031
-0.000031
0.000000
0.000000
0.000000
-0.000061
0.000122
-0.000122
0.000275
-0.000336
0.000519
-0.000488
0.000427
-0.000275
0.000122
0.000427
-0.000122
0.000458
0.024170
0.104340
-0.047913
-0.138641
0.008789
0.026855
0.052094
0.046265
0.041534
0.139252
0.155029
0.027924
-0.013336
0.008270
-0.001617
0.016571
-0.011353
-0.022491
-0.016937
-0.033081
-0.028992
-0.012146
-0.007324
-0.007385
-0.004395
-0.007355
0.004822
-0.002045
0.000549
-0.001831
-0.006592
0.003265
0.002045
0.002228
0.000092
-0.001678
-0.014893
-0.018005
-0.016907
-0.016479
-0.018066
-0.018524
-0.014282
-0.016266
-0.013092
-0.010376
-0.012054
-0.012024
-0.011383
-0.010132
-0.010925
-0.012604
-0.011963
-0.011475
-0.012817
-0.013824
-0.012604
-0.011749
-0.009735
-0.011078
-0.011902
-0.009949
-0.008759
-0.010040
-0.011230
-0.011017
-0.009735
-0.008148
-0.008087
-0.008453
-0.008270
-0.007263
-0.006897
-0.006073
-0.006226
-0.005341
-0.004028
-0.003967
-0.003784
-0.004791
-0.006378
-0.006775
-0.006378
-0.006561
-0.006317
-0.004486
-0.003174
-0.001038
0.000336
0.000580
-0.000519
-0.004059
-0.007080
-0.006714
-0.004181
-0.003174
-0.003021
-0.003632
-0.004700
-0.004150
-0.002319
-0.001251
-0.001282
-0.001648
-0.002106
0.002899
-0.003601
0.003510
-0.004150
0.003845
-0.003479
0.002991
-0.005829
0.105652
0.344482
-0.407562
-0.367249
0.318481
-0.057831
-0.006897
0.285095
0.381592
0.300690
-0.161407
-0.093323
0.352142
0.181885
-0.023926
-0.063995
-0.142639
-0.005219
-0.045502
-0.085205
-0.038116
-0.146820
-0.134918
-0.057617
-0.044312
-0.032440
-0.021210
-0.056091
-0.008484
0.006195
-0.023621
-0.048279
-0.038544
-0.005463
-0.015472
-0.024902
-0.021362
-0.017975
-0.027618
-0.030853
-0.017395
0.002930
-0.013855
-0.022003
-0.019592
-0.016357
-0.012299
-0.012695
-0.011261
-0.008881
-0.014191
-0.013367
-0.007904
-0.009613
-0.006134
-0.005798
-0.008698
-0.013916
-0.013641
-0.002838
0.003967
0.002472
0.002533
-0.001984
-0.002014
-0.005157
-0.005066
-0.003937
-0.004608
-0.004608
-0.007446
-0.011444
-0.007721
-0.003296
-0.006287
-0.007782
-0.009583
-0.010773
-0.008606
-0.006378
-0.006073
-0.003174
-0.005280
-0.006683
-0.005432
-0.001068
0.001312
-0.000153
0.000031
-0.002472
-0.002228
0.000092
0.002289
0.004547
0.003021
0.001770
0.000061
0.001007
0.004242
0.007385
0.009949
0.005890
0.001648
-0.003052
-0.003967
0.000366
0.004089
0.004089
0.000610
-0.001648
0.000519
0.003418
0.005402
0.003540
-0.000580
-0.004272
-0.013947
-0.008881
-0.003937
-0.005280