-0.000061
-0.000153
-0.000092
-0.000122
-0.000122
-0.000061
-0.000092
-0.000092
-0.000122
-0.000122
-0.000061
-0.000122
-0.000092
-0.000092
-0.000092
-0.000031
-0.000183
0.000000
-0.000305
0.000122
-0.000183
-0.000061
-0.000153
0.000275
-0.000610
0.000732
0.001099
0.034088
0.028168
-0.050629
-0.033020
0.013245
0.019043
0.022552
0.018158
0.036926
0.084198
0.082336
0.023315
0.014954
0.023315
0.016785
0.016266
0.014130
0.005615
0.007721
0.012939
-0.002472
-0.009186
0.004395
0.014709
0.014160
0.021240
0.011078
-0.011932
-0.013123
-0.014191
-0.017120
-0.015961
-0.016937
-0.020111
-0.020386
-0.022430
-0.019379
-0.015411
-0.019653
-0.018097
-0.014954
-0.013062
-0.014069
-0.017029
-0.016113
-0.014282
-0.014648
-0.016022
-0.016174
-0.015442
-0.014679
-0.014618
-0.014618
-0.013153
-0.012482
-0.012024
-0.012268
-0.010651
-0.007385
-0.006256
-0.006226
-0.007141
-0.007996
-0.008972
-0.009583
-0.009857
-0.010559
-0.010284
-0.010376
-0.009430
-0.007812
-0.006897
-0.004669
-0.003967
-0.004028
-0.005280
-0.005157
-0.003510
-0.003357
-0.002380
-0.003571
-0.005066
-0.005219
-0.004791
-0.003448
-0.003357
-0.003998
-0.004089
-0.003906
-0.004822
-0.005219
-0.004364
-0.004761
-0.003876
-0.002594
-0.002319
-0.001862
-0.002228
-0.003174
-0.004242
-0.004242
0.007965
-0.012146
0.016907
-0.022888
0.029785
-0.026703
0.437378
0.023407
-0.909393
0.176849
0.253571
-0.046814
0.229645
0.255493
0.675903
0.118408
-0.555023
0.031342
0.349213
0.165985
0.116089
-0.168610
-0.189026
-0.013336
-0.094177
-0.027985
-0.051910
-0.105621
-0.084351
-0.091736
-0.086670
0.003204
-0.010681
-0.063873
-0.018311
-0.024261
-0.037689
-0.068726
-0.036133
-0.023071
-0.019226
-0.019989
-0.017639
-0.022278
-0.043427
-0.040222
-0.007660
-0.000366
-0.013763
-0.013153
-0.024323
-0.018311
-0.011902
-0.007935
-0.000671
-0.007324
-0.015381
-0.011780
-0.014404
-0.012360
-0.008057
-0.007843
-0.012115
-0.015717
-0.010925
0.003387
0.002960
0.002838
-0.002502
-0.006989
-0.005219
-0.008911
-0.004242
-0.004242
-0.003143
-0.003448
-0.008972
-0.008881
-0.000092
-0.000397
-0.002686
-0.005493
-0.008972
-0.009766
-0.007996
-0.008179
-0.004761
-0.000763
-0.003418
-0.004547
-0.003540
0.000275
0.002563
0.003265
0.000000
-0.004639
-0.003632
-0.000854
0.003143
0.004150
0.001648
0.000763
-0.001373
0.001190
0.004608
0.008911
0.010620
0.008423
0.004974
-0.000977
-0.004303
-0.003632
0.000122
0.001770
0.001282
0.002625
0.004456
0.005554
0.007843
0.005005
0.000031
-0.001740
-0.010895
-0.012878
-0.003418
0.000061
0.003113
0.001923