0.000000
0.000000
0.000000
0.000031
0.000000
0.000000
0.000061
-0.000031
0.000092
0.000000
0.000061
0.000000
0.000031
0.000000
0.000000
0.000061
0.000000
0.000000
-0.000061
0.000244
0.000031
-0.000092
0.000000
0.000061
0.000305
-0.000061
0.000519
0.003632
0.011658
0.014252
0.005157
-0.002777
0.003418
-0.003632
-0.013702
0.016785
0.039581
0.042694
0.055237
0.080475
0.099243
0.070923
0.033936
0.016296
0.005188
0.004883
-0.002197
-0.027191
-0.029022
-0.005859
0.004791
0.004333
0.004425
0.000336
-0.005615
-0.006775
-0.007996
-0.014465
-0.018860
-0.018890
-0.020599
-0.024231
-0.025116
-0.021729
-0.019684
-0.017181
-0.018372
-0.016266
-0.014801
-0.015839
-0.015808
-0.016510
-0.013916
-0.013184
-0.013489
-0.014648
-0.015472
-0.014587
-0.013123
-0.011566
-0.011047
-0.010620
-0.010101
-0.011139
-0.011047
-0.011017
-0.009766
-0.008575
-0.008331
-0.007385
-0.007782
-0.007874
-0.007202
-0.006653
-0.006287
-0.007599
-0.007538
-0.007385
-0.007843
-0.007263
-0.007233
-0.006897
-0.006897
-0.006256
-0.005371
-0.003937
-0.002899
-0.002899
-0.002808
-0.002869
-0.002502
-0.002350
-0.002502
-0.002502
-0.002563
-0.002228
-0.002319
-0.003265
-0.004425
-0.003357
-0.001526
-0.001556
-0.002472
-0.003662
-0.003937
-0.003815
-0.004150
-0.004730
-0.011841
0.014282
-0.017822
0.022369
-0.027008
0.356415
0.288452
-0.929718
-0.158508
0.343292
0.004456
0.295074
0.101776
0.626678
0.629547
-0.324341
-0.369629
0.070679
0.076172
0.210968
0.036163
-0.253296
-0.081116
-0.115265
-0.059723
0.029510
-0.024109
-0.082336
-0.055664
-0.108917
-0.056763
0.020111
-0.081085
-0.046173
-0.031036
-0.045044
-0.065826
-0.044220
-0.042358
-0.033081
-0.026855
-0.030426
-0.012604
-0.034241
-0.037964
-0.017303
0.000610
-0.002686
-0.005280
-0.017303
-0.017242
-0.006683
-0.010284
-0.003693
-0.008820
-0.014679
-0.011658
-0.014282
-0.019226
-0.013947
-0.006378
-0.007080
-0.004913
-0.012390
-0.005676
0.001526
0.007446
0.003540
-0.005035
-0.005341
-0.011108
-0.008423
-0.007141
-0.004364
-0.002655
-0.008240
-0.011932
-0.004944
-0.000977
-0.001343
-0.000671
-0.006165
-0.007172
-0.005096
-0.008179
-0.006714
-0.003204
-0.001282
-0.004272
-0.004242
-0.001770
0.001282
0.003815
0.001068
-0.000946
-0.002014
-0.000488
0.001709
0.005280
0.006470
0.004486
0.000671
0.000000
0.002441
0.006409
0.009186
0.008514
0.004425
-0.000519
-0.003632
-0.001434
0.003143
0.005615
0.003632
0.001526
0.002441
0.003082
0.005402
0.003601
-0.000061
-0.000946
-0.004364
-0.013306
-0.010620
-0.002991
0.005157
0.009247
0.004608