-0.000031
-0.000061
-0.000092
-0.000061
-0.000031
-0.000122
-0.000122
0.000000
-0.000183
0.000000
-0.000061
-0.000153
0.000000
-0.000336
0.000366
-0.000854
0.001068
-0.001343
0.000671
0.010376
0.081573
0.015320
-0.105591
0.007233
-0.039948
-0.028534
0.105652
0.079010
0.089233
0.118713
0.163513
0.066040
-0.013428
0.032135
-0.007141
-0.042206
0.003662
0.002106
-0.038605
-0.029694
-0.027435
-0.011169
-0.017853
-0.027802
-0.002594
-0.001465
-0.011444
-0.004181
-0.010559
-0.015839
-0.012115
-0.024353
-0.024689
-0.020569
-0.028900
-0.021912
-0.022491
-0.023468
-0.012146
-0.014313
-0.017151
-0.014862
-0.013336
-0.011902
-0.009338
-0.009827
-0.008514
-0.012573
-0.012085
-0.008118
-0.008179
-0.007568
-0.008606
-0.008331
-0.008484
-0.009705
-0.009552
-0.008972
-0.007355
-0.007843
-0.007812
-0.007050
-0.007660
-0.006622
-0.008392
-0.008820
-0.009552
-0.008148
-0.008209
-0.009979
-0.008911
-0.006317
-0.004517
-0.005005
-0.005310
-0.005829
-0.006317
-0.005615
-0.004578
-0.004547
-0.005096
-0.004028
-0.002350
-0.001862
-0.000366
-0.001373
-0.002167
-0.001740
-0.000549
-0.000977
-0.003723
-0.004883
-0.005219
-0.004364
-0.001953
-0.000763
-0.001434
-0.001343
-0.000580
0.000427
0.001587
0.000458
-0.001953
-0.003387
-0.004181
-0.004059
-0.003906
-0.005859
0.002533
-0.003693
0.004547
-0.005981
0.006165
-0.007050
0.008118
-0.009064
0.195435
0.312653
-0.462433
-0.273956
0.002991
-0.082092
0.504059
0.233521
0.073792
0.469330
0.544006
-0.235138
-0.295685
0.105408
-0.304077
0.049805
0.125549
-0.204071
-0.119110
-0.053680
-0.031494
0.086090
-0.019531
-0.046722
0.092590
-0.082062
-0.065399
-0.054993
-0.105225
-0.052155
-0.089996
-0.096039
-0.052917
-0.041199
-0.045166
0.008087
-0.004181
-0.008270
0.025024
-0.020447
-0.005585
-0.007416
-0.007599
-0.010681
-0.015961
-0.013245
-0.020386
-0.016968
-0.011627
-0.001282
-0.015533
-0.010040
-0.007660
-0.012085
-0.011841
-0.011139
-0.009308
-0.002563
-0.002258
-0.004059
-0.001068
0.005463
0.002228
0.002136
-0.003204
-0.010590
-0.011139
-0.010345
-0.007416
-0.004150
-0.005005
-0.011719
-0.010162
-0.007874
-0.003357
-0.003296
-0.003632
-0.005524
-0.002228
-0.003998
-0.007690
-0.006256
-0.005920
-0.006409
-0.001038
0.000854
-0.002197
0.000641
-0.000641
-0.003296
-0.000916
0.001282
-0.000122
0.002472
0.005768
0.006470
0.005493
0.005676
0.002930
0.001312
-0.000061
-0.000183
0.001465
0.002808
0.004517
0.003876
0.003052
0.001862
0.002930
0.003601
0.002136
-0.002075
-0.002289
-0.000671
0.001373
0.004456
-0.010223
-0.020142
-0.010651
-0.003784