0.000031
0.000000
-0.000214
0.000153
0.000000
-0.000092
0.000366
-0.000580
0.000793
-0.001526
0.001770
-0.002502
0.002472
-0.003021
0.003265
0.004120
0.137939
0.092560
-0.267975
-0.033447
-0.038879
-0.167206
0.245209
0.193695
0.112152
0.176758
0.274078
0.139404
-0.107819
0.012207
-0.056427
-0.160553
0.036743
0.085449
-0.055481
-0.008911
-0.020813
-0.038391
0.002777
-0.066895
-0.041840
-0.009857
-0.079163
-0.027069
-0.014801
-0.054230
-0.031586
-0.038025
-0.036835
-0.031830
-0.025604
-0.013000
-0.019348
-0.010620
0.000153
-0.015656
0.000519
0.000397
-0.011810
-0.003296
-0.009338
-0.016205
-0.001434
-0.009827
-0.010559
-0.008911
-0.012115
-0.008667
-0.008636
-0.006012
-0.008698
-0.008911
-0.008514
-0.005310
-0.004730
-0.003937
-0.006714
-0.005127
-0.004181
-0.007568
-0.005646
-0.001343
-0.004425
-0.002075
-0.000854
-0.002289
-0.001465
-0.002258
-0.005127
-0.007904
-0.007721
-0.010529
-0.009003
-0.002228
-0.003906
-0.018646
-0.018890
-0.015289
-0.010101
0.007019
0.011353
0.006622
0.004272
-0.003815
-0.008636
-0.010895
-0.014862
-0.020111
-0.016571
-0.000549
0.002899
0.001129
0.000977
0.000336
0.002899
0.003937
0.003784
0.003845
0.006195
0.006866
0.002106
0.001129
-0.000427
-0.003540
-0.002045
-0.001862
-0.002350
-0.004974
-0.000244
0.000244
-0.000183
0.000061
0.000153
-0.000610
0.000793
-0.001953
0.002625
-0.003998
0.004486
-0.005798
0.006317
0.010895
0.219086
0.038025
-0.397217
0.062561
-0.076630
-0.099976
0.409546
0.154968
0.106171
0.184448
0.379578
0.085693
-0.224457
0.054504
-0.150330
-0.191223
0.130951
0.010864
-0.112305
0.019714
-0.030182
0.005096
-0.011353
-0.070892
-0.014282
-0.065094
-0.089935
-0.019531
-0.063110
-0.065552
-0.014343
-0.051056
-0.045898
-0.015900
-0.015442
-0.007629
-0.003571
-0.008484
0.002075
-0.008087
-0.014587
-0.009979
-0.002960
-0.004517
-0.004120
-0.005005
-0.006165
-0.013977
-0.012695
-0.012634
-0.014893
-0.013733
-0.009735
-0.005554
-0.009369
-0.004486
-0.003845
-0.004272
-0.001282
-0.003113
-0.005127
-0.001953
-0.011261
-0.009827
-0.006500
-0.007599
-0.005951
-0.002228
-0.003479
-0.004883
-0.003723
-0.001892
-0.001373
-0.002686
-0.001373
-0.004120
-0.005554
-0.008362
-0.006714
-0.001556
-0.001221
-0.014008
-0.017059
-0.016724
-0.012207
0.006531
0.010559
0.004486
0.006042
-0.001221
-0.007843
-0.006195
-0.012756
-0.019592
-0.016449
0.000122
0.009247
0.006683
0.005768
0.002563
0.000458
0.000946
0.002289
0.005615
0.007904
0.007477
0.003479
0.001648
-0.000031
-0.000732
0.000031
-0.001007
-0.001801
-0.004791