0.000031
0.000000
0.000031
0.000061
0.000031
0.000000
0.000122
0.000000
0.000092
0.000122
-0.000122
0.000305
-0.000610
0.000793
-0.001129
0.001404
-0.001465
0.001678
0.007996
0.099701
0.041626
-0.152832
-0.023224
-0.053741
-0.073914
0.140717
0.129150
0.121979
0.121155
0.168304
0.106476
-0.020599
0.023407
-0.016296
-0.071808
0.009338
0.037933
-0.027832
-0.009918
-0.019501
-0.040863
-0.044373
-0.062805
-0.024017
-0.011261
-0.029755
-0.003479
-0.004181
-0.011414
-0.010712
-0.023407
-0.034210
-0.034698
-0.029053
-0.024536
-0.026093
-0.019897
-0.009766
-0.014740
-0.007874
-0.006989
-0.007477
-0.001282
-0.003815
-0.004547
0.001373
-0.005035
-0.006836
-0.008881
-0.010223
-0.007721
-0.008698
-0.009125
-0.011475
-0.012970
-0.011749
-0.009338
-0.006500
-0.003052
-0.002930
-0.002869
-0.004608
-0.005981
-0.006348
-0.004791
-0.005157
-0.003967
-0.002838
-0.003387
-0.002747
-0.002808
-0.005585
-0.007629
-0.008850
-0.009125
-0.005829
-0.008820
-0.017914
-0.017822
-0.013184
-0.006073
0.004974
0.004242
0.002686
0.000153
-0.006378
-0.009094
-0.010986
-0.013000
-0.015656
-0.012329
-0.001221
0.003784
0.003754
0.001495
-0.002808
-0.001801
-0.003021
-0.001343
0.003876
0.005371
0.003357
0.001038
0.000946
0.000000
-0.001495
-0.002930
-0.005951
-0.000671
0.001282
-0.001434
0.001556
-0.002075
0.001892
-0.001709
0.000763
-0.000366
-0.000122
-0.000763
0.101379
0.311157
-0.282440
-0.341705
0.083618
-0.223969
0.282043
0.406464
0.078522
0.195129
0.403900
0.330688
-0.245392
-0.070953
-0.175354
-0.305939
0.198486
0.106750
-0.111938
-0.013397
-0.054016
-0.022858
0.039734
-0.090637
-0.036713
-0.097595
-0.210236
0.015808
0.037384
-0.099518
-0.036255
-0.034424
-0.031555
-0.013824
-0.036560
-0.019409
0.011230
-0.014008
-0.011505
-0.006897
-0.021790
-0.018890
-0.015320
-0.007629
-0.004944
-0.001007
0.000610
-0.007568
-0.011627
-0.008331
-0.010956
-0.010803
-0.013153
-0.011444
-0.016327
-0.012024
-0.002594
-0.002655
0.002319
0.005066
-0.005615
-0.003754
-0.004456
-0.012024
-0.009796
-0.009796
-0.011261
-0.008392
-0.004059
-0.005859
-0.002014
-0.001495
-0.002014
-0.001526
0.000824
-0.002472
-0.002808
-0.002533
-0.005951
-0.007080
-0.003174
0.000702
-0.014221
-0.021637
-0.014496
-0.009552
0.003967
0.009308
0.004974
0.010803
0.006195
-0.000183
-0.002167
-0.012634
-0.024323
-0.024261
-0.000336
0.013702
0.005890
0.004639
-0.000824
0.001251
0.005035
0.003998
0.012634
0.014130
0.009705
0.005707
0.003906
0.004211
0.000244
-0.004089
-0.003510
-0.002625
-0.000214
-0.003082
-0.001343