0.000031
0.000000
0.000061
0.000031
0.000031
0.000031
0.000092
0.000061
0.000122
0.000092
0.000122
0.000092
0.000092
0.000122
0.000000
0.000061
0.000122
0.000061
0.000061
0.000244
0.000000
0.000305
0.000122
0.000336
0.000183
0.000183
-0.000549
0.000610
0.001099
0.023956
0.027832
-0.022003
-0.024719
-0.013031
-0.004944
0.014923
0.024109
0.035065
0.057678
0.087616
0.060150
0.042633
0.036285
0.015045
0.025177
0.019348
0.009338
0.015961
0.007019
-0.015015
-0.015259
-0.018311
-0.017853
0.003540
0.013397
0.010712
0.006500
0.001007
-0.007141
-0.013275
-0.017456
-0.016968
-0.014465
-0.017273
-0.020782
-0.018219
-0.017151
-0.018066
-0.015991
-0.016998
-0.018127
-0.017365
-0.016785
-0.016083
-0.015594
-0.015381
-0.014252
-0.011322
-0.012390
-0.014343
-0.014008
-0.012909
-0.011139
-0.011688
-0.011017
-0.010010
-0.009766
-0.009155
-0.008850
-0.007812
-0.005737
-0.004272
-0.004791
-0.004547
-0.004059
-0.003387
-0.002380
-0.004059
-0.006104
-0.007690
-0.008301
-0.006775
-0.003754
-0.002441
-0.004578
-0.006470
-0.008545
-0.009430
-0.009644
-0.010590
-0.010681
-0.011169
-0.010315
-0.008820
-0.005676
-0.002563
-0.002777
-0.004852
-0.007355
-0.007935
-0.006714
-0.004822
-0.003723
-0.003662
-0.002991
-0.002777
-0.001862
-0.001556
-0.006622
0.007874
-0.010315
0.011169
-0.012939
0.014984
-0.021790
0.227692
0.384949
-0.755768
-0.287720
0.328094
-0.086273
0.224396
0.135162
0.348328
0.678986
0.123505
-0.498199
-0.074585
0.158478
0.149750
0.247070
-0.156952
-0.194855
-0.060883
-0.094788
-0.094818
0.014648
-0.044434
-0.099487
-0.061340
-0.090942
-0.002563
0.007294
-0.039276
-0.075409
-0.013123
-0.051025
-0.075043
-0.043945
-0.045441
-0.015228
0.003265
-0.011871
-0.035400
-0.032379
-0.035522
-0.011505
0.006134
0.008240
-0.000183
-0.019592
-0.012573
-0.008911
-0.008575
-0.002533
-0.009705
-0.018860
-0.022186
-0.025787
-0.026062
-0.002350
0.001038
-0.004425
-0.005737
-0.014984
-0.009583
0.004425
0.004395
-0.003265
-0.006409
-0.015930
-0.014465
-0.008789
-0.006927
-0.005371
-0.006287
-0.007904
-0.007385
-0.000885
0.003448
0.005127
0.004333
-0.000702
-0.001556
-0.001892
-0.001495
0.010162
0.003632
-0.020416
-0.013824
-0.017578
-0.006622
0.004761
-0.003876
0.011932
0.009613
0.010590
-0.000519
-0.017548
-0.010345
0.000244
0.006256
0.002502
-0.015137
-0.021362
-0.006439
-0.004272
-0.001160
0.006012
0.014069
0.017578
0.013641
0.015533
0.012787
0.006622
0.002502
-0.003296
-0.002563
0.003876
0.007477
0.007965
0.003204
0.001068
0.004761
0.002899
0.002258