-0.000031
-0.000153
-0.000031
-0.000122
-0.000061
-0.000092
-0.000183
-0.000153
0.000122
-0.000336
0.000397
-0.000916
0.000916
-0.001495
0.001556
-0.002258
0.002136
-0.002380
0.003052
-0.001221
0.086243
0.166626
-0.203766
-0.217010
0.037628
0.021362
0.132874
0.104248
0.086548
0.242706
0.206421
0.004761
-0.029510
-0.025177
-0.040070
0.008698
-0.015472
-0.027191
-0.045868
-0.067352
-0.055969
-0.027100
-0.008972
-0.029266
-0.022919
-0.021362
-0.010284
0.001617
-0.002441
-0.020966
-0.011230
-0.015167
-0.027954
-0.012939
-0.018219
-0.017670
-0.007538
-0.003510
-0.003235
-0.006744
-0.007416
0.001099
0.006165
0.011292
0.009766
-0.000305
-0.005676
-0.006561
-0.010101
-0.009491
-0.011688
-0.012634
-0.012451
-0.015228
-0.016693
-0.015533
-0.011292
-0.009583
-0.007050
-0.007141
-0.008850
-0.008514
-0.009064
-0.011292
-0.009247
-0.009186
-0.009277
-0.007538
-0.006744
-0.006714
-0.006012
-0.005157
-0.005951
-0.005829
-0.006195
-0.005829
-0.004822
-0.001953
-0.008759
-0.018402
-0.016266
-0.011322
-0.003326
-0.001343
-0.006592
-0.005219
-0.001129
0.000397
-0.005280
-0.011658
-0.009583
-0.009674
-0.008636
-0.004883
-0.008331
-0.006744
-0.002838
-0.001495
0.002411
0.002930
0.004242
0.003723
0.001801
0.003540
0.003448
0.002136
-0.000610
-0.005432
-0.000092
-0.000031
0.000183
-0.000305
0.000702
-0.001068
0.001556
-0.002472
0.003143
-0.004517
0.005615
-0.007355
0.009064
-0.008240
0.145599
0.148315
-0.275574
-0.117706
-0.027161
-0.064270
0.160950
0.161926
0.212769
0.279541
0.099152
0.112885
0.155945
-0.056000
-0.008514
-0.044128
-0.120392
-0.011169
-0.085785
-0.110718
-0.057983
-0.068604
-0.042664
-0.028473
-0.046936
-0.016510
0.000824
-0.020966
-0.002075
-0.012878
-0.005005
-0.025269
-0.037750
-0.030212
-0.033112
-0.020111
-0.015961
-0.017761
-0.010010
-0.010315
-0.010925
0.004303
-0.004791
-0.009003
-0.007782
-0.012604
-0.006348
-0.004669
-0.009949
-0.006256
-0.012817
-0.012543
-0.009521
-0.011902
-0.009064
-0.006439
-0.011627
-0.009857
-0.003632
-0.003754
-0.001465
-0.003113
-0.004700
-0.006989
-0.009705
-0.012115
-0.010498
-0.010559
-0.008484
-0.005188
-0.004242
-0.004822
-0.004486
-0.003693
-0.002258
-0.001801
-0.003967
-0.005920
-0.004303
0.003418
-0.006378
-0.017731
-0.012665
-0.009705
-0.000610
0.005188
-0.002960
0.001495
0.010742
-0.000122
-0.008362
-0.005035
-0.003784
-0.011230
-0.012512
-0.012573
-0.016388
-0.003510
-0.001678
-0.000183
0.009918
0.004364
0.002075
0.004120
0.008026
0.009277
0.006256
0.003021
0.001648
-0.000854
-0.002838
-0.003387
-0.006134
-0.005127