0.000031
0.000000
0.000000
0.000000
0.000000
0.000000
0.000000
0.000000
0.000000
0.000000
-0.000031
0.000000
0.000061
0.000061
0.000061
0.000000
0.000153
-0.000244
0.000458
-0.000549
0.000824
-0.000610
0.000610
0.002014
0.042603
0.044037
-0.059875
-0.040466
-0.010284
-0.026978
0.044495
0.065308
0.064056
0.062714
0.079590
0.101959
0.059570
0.027466
-0.001282
-0.031525
-0.000824
0.030975
-0.005981
-0.027435
-0.015106
-0.006836
-0.010956
-0.016907
-0.010712
-0.001862
-0.007629
-0.007141
0.001953
-0.002167
-0.015076
-0.025787
-0.018982
-0.010284
-0.011810
-0.018188
-0.016174
-0.013306
-0.012787
-0.011566
-0.009705
-0.009949
-0.010559
-0.011169
-0.012207
-0.012604
-0.010376
-0.010345
-0.009277
-0.009857
-0.012054
-0.011047
-0.011444
-0.011810
-0.013306
-0.013306
-0.013184
-0.010986
-0.008911
-0.008728
-0.008667
-0.007263
-0.006622
-0.006531
-0.005188
-0.005798
-0.006409
-0.003906
-0.003662
-0.004028
-0.005157
-0.007172
-0.007965
-0.009979
-0.008789
-0.007904
-0.007446
-0.007019
-0.006348
-0.004395
-0.004089
-0.005127
-0.006042
-0.006226
-0.007629
-0.009247
-0.007690
-0.005341
-0.005524
-0.007294
-0.006714
-0.004333
-0.002075
-0.002319
-0.005157
-0.005737
-0.005402
-0.004517
-0.002472
-0.000122
0.000336
-0.000458
-0.000183
-0.000519
0.002289
-0.003296
0.003937
-0.005096
0.005035
-0.005768
0.006561
-0.009491
0.175354
0.345032
-0.443573
-0.383270
0.038361
-0.051331
0.388672
0.194519
0.123474
0.514740
0.591675
-0.113831
-0.278992
-0.104523
-0.323608
0.242676
0.164337
-0.150360
-0.027679
-0.087830
-0.114532
0.005768
-0.043884
-0.110626
-0.029175
-0.138367
-0.057434
0.031677
-0.058197
-0.028320
-0.026917
-0.058777
-0.059906
-0.022156
-0.044037
-0.024811
-0.002777
-0.010315
-0.005981
-0.018036
-0.019165
-0.029602
-0.009644
-0.010468
0.002350
-0.009186
-0.014069
-0.007477
-0.014130
-0.008514
-0.008728
-0.010681
-0.009186
-0.010376
-0.023804
-0.008820
-0.005371
-0.004547
0.007721
-0.003662
-0.008179
-0.001587
-0.004730
-0.006348
-0.005981
-0.012726
-0.013641
-0.006592
-0.009369
-0.005676
-0.002777
-0.004028
-0.005127
-0.002655
0.000336
0.001068
0.002899
-0.004120
-0.004944
-0.004272
-0.003845
0.004364
-0.002625
-0.023102
-0.014038
-0.011810
-0.003754
0.015442
0.005157
0.007172
0.013306
0.006378
0.001190
-0.009338
-0.022980
-0.020996
-0.003815
0.011200
0.002411
-0.009399
-0.008575
-0.002625
0.005096
0.004028
0.017426
0.022217
0.013306
0.012756
0.008545
0.007874
0.004700
-0.003784
-0.003601
-0.002380
-0.001465
0.002655
0.006165
0.002411
0.001495
0.002899