0.000000
0.000000
0.000000
0.000061
0.000000
0.000031
0.000031
0.000031
0.000000
0.000031
0.000061
0.000031
0.000061
0.000031
0.000061
0.000061
0.000092
0.000000
0.000031
0.000153
0.000061
-0.000153
0.000336
0.000092
-0.000092
0.006683
0.029846
0.019745
-0.029175
-0.025848
-0.011902
-0.012360
0.022125
0.054932
0.063141
0.046661
0.046814
0.068817
0.060852
0.027374
0.010559
0.010101
0.019043
0.029877
-0.001373
-0.019928
-0.006195
-0.005676
-0.008301
-0.009186
-0.005341
-0.004333
-0.009430
-0.013031
-0.007538
-0.000977
-0.003998
-0.005920
-0.006592
-0.009857
-0.016663
-0.021515
-0.017944
-0.014740
-0.013550
-0.014465
-0.015015
-0.015076
-0.016327
-0.016144
-0.014984
-0.013580
-0.011658
-0.011780
-0.010529
-0.010681
-0.012451
-0.011963
-0.011536
-0.011322
-0.011902
-0.011658
-0.013214
-0.012024
-0.009888
-0.009094
-0.008057
-0.008301
-0.006836
-0.006500
-0.005707
-0.004578
-0.004425
-0.003143
-0.004242
-0.006104
-0.008331
-0.008789
-0.008270
-0.007874
-0.005005
-0.004150
-0.004608
-0.005615
-0.006256
-0.005157
-0.005219
-0.006012
-0.006866
-0.007843
-0.008606
-0.007690
-0.005554
-0.006775
-0.009155
-0.009338
-0.007385
-0.003510
-0.002197
-0.003632
-0.004578
-0.005402
-0.005188
-0.003876
-0.001587
-0.000488
-0.001007
-0.000763
-0.001953
0.001526
-0.000946
-0.000854
0.002350
-0.004395
0.003174
0.082520
0.441833
-0.299347
-0.605621
0.125214
-0.055511
0.288788
0.259949
0.024902
0.562286
0.661865
-0.128754
-0.323059
-0.081116
-0.208405
0.268219
0.151642
-0.169708
-0.096619
-0.094849
-0.092010
-0.017975
-0.011322
-0.107849
-0.031494
-0.124695
-0.070557
0.015625
-0.027252
-0.028595
-0.032135
-0.039124
-0.076965
-0.035339
-0.063782
-0.041992
-0.005798
-0.000366
-0.009766
-0.022888
-0.021637
-0.025116
-0.004486
-0.003937
0.009766
-0.006836
-0.017731
-0.016815
-0.015594
-0.001923
-0.009033
-0.012817
-0.014496
-0.015442
-0.023956
-0.010040
0.000366
-0.002380
0.003937
-0.006989
-0.011932
-0.005890
-0.001587
-0.005066
-0.004486
-0.008179
-0.012054
-0.007965
-0.010986
-0.008301
-0.005157
-0.006226
-0.007233
-0.004089
-0.000275
0.002350
0.004761
0.001038
-0.002136
-0.003235
-0.004517
0.002930
0.006958
-0.017395
-0.018250
-0.012024
-0.012085
0.012451
0.006287
0.005341
0.013336
0.005920
0.005493
-0.006378
-0.020996
-0.016602
-0.002014
0.007477
0.002655
-0.015625
-0.016022
-0.003784
0.003357
0.002991
0.016479
0.021606
0.015381
0.015320
0.009949
0.010468
0.003113
-0.005859
-0.003052
-0.001007
0.000946
0.004944
0.006073
0.004028
0.003143
0.005096
0.003479