-0.000061
-0.000031
-0.000031
-0.000031
0.000000
-0.000031
0.000000
0.000000
-0.000061
0.000031
0.000000
0.000000
0.000000
-0.000031
0.000031
0.000000
0.000000
0.000031
-0.000153
0.000000
-0.000031
0.000183
-0.000458
0.000793
-0.000732
0.001251
0.003204
0.044678
0.017731
-0.061981
-0.027466
-0.010651
0.014496
0.042175
0.028320
0.041351
0.077423
0.089355
0.030884
0.009705
0.012604
0.001312
0.019287
0.023071
0.002655
0.002899
-0.007202
-0.013092
0.013489
0.007599
0.000793
0.005127
-0.012421
-0.012939
0.006348
0.012787
0.009369
0.003113
-0.003754
-0.009064
-0.014099
-0.016052
-0.014709
-0.015472
-0.016876
-0.015991
-0.016815
-0.018250
-0.017731
-0.015381
-0.014709
-0.013855
-0.012390
-0.015259
-0.017059
-0.015533
-0.014526
-0.014374
-0.015198
-0.014740
-0.014374
-0.016541
-0.016663
-0.013885
-0.010742
-0.008392
-0.007294
-0.006165
-0.004150
-0.003693
-0.004669
-0.004913
-0.006256
-0.005646
-0.003998
-0.002747
-0.001373
-0.002533
-0.005280
-0.008728
-0.009491
-0.009003
-0.007751
-0.006744
-0.009430
-0.011169
-0.010864
-0.008728
-0.006927
-0.007507
-0.008209
-0.008270
-0.006836
-0.007172
-0.008179
-0.006866
-0.005615
-0.005219
-0.006165
-0.006470
-0.005096
-0.004181
-0.003571
-0.003204
-0.002136
-0.001373
-0.001190
-0.001801
0.004303
-0.006165
0.007446
-0.010376
0.012024
-0.014801
0.018097
-0.024689
0.249237
0.283936
-0.726196
-0.146881
0.295013
-0.146606
0.222778
0.154572
0.355164
0.618103
-0.148529
-0.393341
0.194366
0.211212
0.147980
0.098328
-0.193665
-0.158844
-0.076935
-0.088623
-0.061890
-0.019043
-0.058960
-0.095856
-0.074768
-0.048157
0.008545
-0.001038
-0.030823
-0.058167
0.005341
-0.052155
-0.082581
-0.035461
-0.039734
-0.017609
-0.000916
-0.016479
-0.023590
-0.026917
-0.035706
-0.005615
0.002319
0.000153
-0.012512
-0.027496
-0.015076
-0.009918
-0.008514
0.003082
-0.009247
-0.019318
-0.018585
-0.023071
-0.019714
-0.003479
-0.003296
-0.007996
-0.005646
-0.009125
-0.004333
0.003632
-0.000427
-0.007874
-0.009521
-0.015167
-0.009674
-0.004639
-0.005005
-0.005920
-0.003571
-0.005524
-0.006287
-0.001129
0.002258
0.002258
-0.001740
-0.005585
-0.006012
-0.002106
0.003693
0.014648
-0.005310
-0.018219
-0.013550
-0.015350
-0.000092
-0.002625
0.002594
0.011322
0.010376
0.001678
-0.017487
-0.010223
0.000366
0.000916
0.002106
-0.006927
-0.018219
-0.009796
-0.002167
-0.002472
0.001129
0.008331
0.013397
0.011627
0.015106
0.014832
0.008270
0.006287
0.001709
-0.003204
0.002594
0.002991
0.004181
0.003387
-0.001617
0.002106
0.004028
0.002472