0.000031
0.000031
0.000031
0.000000
0.000122
0.000031
0.000153
0.000031
0.000061
0.000061
0.000000
-0.000031
0.000061
0.000061
0.000031
0.000061
0.000092
0.000061
0.000000
0.000244
0.000061
0.000092
-0.000183
0.000092
0.000031
0.007355
0.013916
-0.000092
-0.005249
0.005707
0.005585
-0.003693
-0.000549
0.014771
0.027130
0.045166
0.057892
0.055084
0.059082
0.054535
0.027679
0.016541
0.019287
0.011810
0.011078
0.012817
0.002899
-0.008850
-0.009216
-0.009186
-0.012756
-0.012543
-0.012878
-0.011597
-0.013519
-0.011658
-0.001343
0.001495
-0.002625
-0.007050
-0.015411
-0.018585
-0.015015
-0.015900
-0.015778
-0.011749
-0.012238
-0.014862
-0.014984
-0.015076
-0.014557
-0.014618
-0.015625
-0.013824
-0.011383
-0.010071
-0.009583
-0.009552
-0.010925
-0.013641
-0.013702
-0.012146
-0.010559
-0.009949
-0.008850
-0.008209
-0.008087
-0.007690
-0.009552
-0.012421
-0.013580
-0.011261
-0.006958
-0.003693
-0.002533
-0.005188
-0.008423
-0.010010
-0.010376
-0.010132
-0.010193
-0.010040
-0.009583
-0.008850
-0.008942
-0.008301
-0.007294
-0.006958
-0.006073
-0.004974
-0.003387
-0.003296
-0.002869
-0.003113
-0.004456
-0.005035
-0.004730
-0.003357
-0.002289
-0.001617
-0.001648
-0.001251
-0.001007
-0.001953
-0.002960
-0.004578
-0.004974
-0.004730
0.000031
-0.001373
0.003082
-0.006195
0.009125
-0.013092
0.015686
0.020721
0.419128
-0.156982
-0.674866
0.225098
0.011536
0.145874
0.258545
-0.001404
0.307220
0.579346
0.261658
-0.368927
-0.181427
-0.041199
0.260223
0.158142
-0.219971
-0.208466
-0.063446
-0.031830
-0.117523
-0.004150
-0.081390
-0.026215
-0.064056
-0.066986
0.013000
-0.034027
-0.036194
-0.048096
-0.017181
-0.050171
-0.009277
-0.048706
-0.036530
-0.006409
-0.025879
-0.013275
-0.021088
-0.007141
-0.018799
-0.002014
0.001709
0.010254
-0.007965
-0.022888
-0.013458
-0.020233
-0.026306
-0.035980
-0.019745
-0.025696
-0.015442
-0.012421
-0.014435
0.017090
0.009003
0.002380
-0.014069
-0.024750
-0.016083
-0.015778
-0.013824
-0.015289
-0.012634
-0.006317
0.006409
0.011566
0.004120
0.000763
-0.001770
-0.007568
-0.010590
-0.007446
-0.000916
-0.002197
-0.007721
-0.009491
-0.010834
-0.009857
-0.001587
0.000427
0.000488
0.002014
0.006744
0.008423
0.004944
0.007690
0.006836
0.004333
0.002167
-0.004761
-0.000946
-0.002441
-0.005219
0.001984
0.003296
0.004120
0.005585
0.004517
0.002625
0.001617
0.000305
0.000488
-0.000641
-0.001465
0.000183
0.002197
0.003967
0.005035
-0.001892
-0.004456
0.001251
0.003296
0.007538
0.006866
0.002960
0.001740
-0.000458
-0.001129