0.000000
-0.000061
0.000031
0.000000
-0.000061
0.000000
0.000122
-0.000092
0.000366
-0.000336
0.000458
-0.000610
0.000702
-0.000732
0.000885
-0.000641
0.000946
-0.000427
0.051880
0.113129
-0.091461
-0.113312
0.012146
-0.054047
0.071228
0.129486
0.109528
0.113617
0.105804
0.152557
0.075012
0.012726
-0.008453
-0.077148
-0.071991
0.032349
-0.010651
-0.079865
-0.044647
-0.027863
-0.019135
-0.027222
-0.029388
-0.012848
-0.002838
-0.017609
-0.014923
-0.018341
-0.019287
-0.020020
-0.027496
-0.026978
-0.015350
-0.006958
-0.009705
-0.013885
-0.007660
-0.004608
-0.006226
-0.009949
-0.010345
-0.004791
-0.004639
-0.004761
-0.006104
-0.012573
-0.005676
0.003235
-0.000275
0.006073
0.001892
-0.000977
-0.003906
-0.010040
-0.013153
-0.020508
-0.023926
-0.017059
-0.010925
-0.005493
0.000488
-0.001984
-0.002014
-0.005127
-0.009705
-0.010132
-0.012390
-0.014435
-0.017609
-0.018738
-0.010864
-0.003235
-0.000031
-0.001556
-0.003418
-0.002869
-0.003326
-0.004974
-0.006531
-0.007812
-0.007324
-0.007721
-0.010071
-0.009033
-0.006378
-0.006256
-0.007446
-0.004791
-0.003693
-0.001770
0.000824
-0.000336
-0.001526
-0.001801
-0.001770
-0.000519
0.000000
-0.001160
-0.001465
-0.001923
-0.002594
-0.002441
0.000427
0.001801
0.002411
0.003937
0.002045
0.000458
-0.000671
0.001099
-0.001373
0.001526
-0.002075
0.001984
-0.002075
0.001587
-0.001709
0.001404
-0.003143
0.104889
0.276886
-0.272827
-0.278320
0.115662
-0.146210
0.222900
0.334564
0.158051
0.152191
0.180573
0.349976
-0.049561
-0.114014
-0.092560
-0.205658
0.122040
0.086121
-0.193512
-0.090515
-0.060211
-0.151886
-0.112335
-0.038483
0.035736
-0.002716
-0.076172
-0.031982
0.027374
-0.026733
-0.020996
-0.037628
-0.035034
-0.025299
-0.029877
-0.006927
-0.007080
-0.015656
-0.003784
-0.006866
-0.012939
0.000549
-0.011292
-0.008942
-0.003387
-0.009369
-0.005341
-0.006439
-0.028442
-0.026642
-0.026886
-0.024628
0.006226
0.010284
0.005585
0.007599
-0.003418
-0.001862
-0.008270
-0.014587
-0.030365
-0.036926
-0.020874
-0.006958
0.006378
0.007050
0.003906
-0.000214
-0.000702
0.001892
0.003937
-0.006195
-0.013519
-0.020935
-0.018982
-0.008484
-0.003967
-0.004974
-0.001984
0.000885
0.002106
0.006927
0.001556
-0.002380
-0.000549
0.001404
0.001587
0.000214
-0.001740
-0.000610
0.002350
0.002502
-0.003052
-0.003174
-0.005859
-0.007172
-0.002655
0.001038
0.004639
0.001434
-0.001343
-0.002350
-0.001068
0.003326
0.003662
0.003052
0.003204
-0.000977
0.000671
-0.000732
-0.003906
-0.002899
-0.000885
0.000793
0.003204
0.005859
0.006195