0.000061
0.000000
0.000031
0.000000
0.000000
0.000061
0.000000
0.000000
0.000092
0.000031
0.000122
0.000214
0.000031
0.000275
-0.000183
0.000580
-0.000519
0.000977
-0.000702
0.001160
0.003235
0.060120
0.043579
-0.086395
-0.026947
-0.002167
-0.036194
0.061981
0.089600
0.089142
0.083618
0.087067
0.093475
0.061951
0.021027
-0.034332
-0.056244
-0.014587
0.010620
-0.027649
-0.026245
-0.011230
-0.009735
-0.013947
-0.015015
-0.010101
-0.006409
-0.015900
-0.017731
0.001373
-0.006927
-0.014801
-0.021210
-0.021484
-0.011963
-0.009521
-0.014130
-0.016296
-0.010193
-0.001709
-0.000977
-0.003387
-0.002533
-0.001465
-0.005981
-0.007782
-0.011932
-0.016418
-0.011902
-0.010040
-0.007141
-0.005432
-0.006775
-0.006744
-0.008087
-0.009033
-0.010834
-0.016052
-0.017822
-0.015808
-0.010834
-0.006042
-0.002411
-0.002563
-0.004639
-0.009460
-0.011383
-0.008850
-0.010742
-0.013397
-0.013885
-0.012146
-0.007782
-0.004578
-0.006409
-0.008453
-0.007202
-0.006348
-0.006531
-0.005432
-0.007721
-0.009186
-0.007629
-0.007202
-0.006805
-0.006165
-0.005615
-0.005310
-0.004974
-0.003845
-0.003235
-0.002747
-0.002625
-0.003143
-0.002472
-0.002350
-0.002350
-0.001648
-0.001495
-0.002808
-0.002930
-0.003448
-0.003296
-0.001587
0.001099
0.002747
0.003143
0.003998
-0.001556
0.001862
-0.002380
0.002533
-0.002502
0.001923
-0.002045
0.001892
-0.004578
0.111237
0.326782
-0.285553
-0.387909
0.102875
-0.074615
0.284363
0.308777
0.057404
0.175659
0.417938
0.360260
-0.154419
-0.081512
-0.295166
-0.077148
0.280487
-0.097656
-0.188202
-0.118378
-0.122528
-0.064392
-0.051392
-0.087708
0.015472
-0.011688
-0.056366
0.032654
-0.013641
-0.030762
-0.026031
-0.065277
-0.037445
-0.032043
-0.041290
-0.030609
0.002594
-0.012146
0.008667
-0.008789
-0.005951
-0.002075
-0.024261
-0.010071
-0.007019
-0.005463
-0.012787
-0.005615
-0.024078
-0.031219
-0.030090
-0.031219
-0.005768
0.014618
0.003540
0.007874
0.009033
-0.002716
-0.008942
-0.018616
-0.031128
-0.029480
-0.021362
-0.010651
-0.001373
-0.000641
-0.001129
-0.000305
0.001984
0.004547
0.008484
0.000000
-0.007721
-0.020782
-0.019897
-0.010986
-0.006378
-0.005066
-0.002167
0.001526
0.000000
0.003113
0.001953
-0.001007
0.003906
0.005524
0.002167
0.005005
0.002838
0.002625
0.006592
0.003632
-0.003296
-0.005646
-0.007080
-0.004242
0.001678
0.004364
0.006958
0.004028
-0.000946
-0.003082
-0.003021
0.000244
0.002380
0.001343
0.002258
0.002899
0.001617
-0.000336
-0.000610
-0.004333
-0.004181
0.001404
0.003571
0.007080
0.006561
0.003235
0.003387