0.000061
0.000031
-0.000122
0.000305
-0.000183
0.000427
-0.000153
0.000214
-0.000122
-0.000183
0.000488
-0.000977
0.001465
-0.001831
0.001801
0.026550
0.170471
-0.026733
-0.231995
0.017883
-0.088867
0.003876
0.262207
0.142090
0.124542
0.123169
0.195892
0.137787
-0.025848
-0.006958
-0.076965
-0.126282
0.039246
0.023499
-0.080780
-0.058411
-0.079865
-0.044556
-0.024323
-0.039215
-0.031250
-0.032745
-0.044434
-0.004181
-0.012573
-0.033386
-0.016693
-0.019348
-0.018280
-0.011536
-0.011200
-0.007568
-0.005005
-0.011383
-0.010193
-0.010040
-0.012115
-0.014954
-0.009888
-0.007568
-0.010193
-0.013763
-0.010712
-0.022461
-0.007782
0.007690
0.001221
0.008820
0.005859
0.000061
-0.001190
-0.004944
-0.004120
-0.013763
-0.022278
-0.017578
-0.016388
-0.009064
-0.002899
-0.004517
-0.000793
0.001923
-0.002869
-0.001465
-0.009277
-0.014801
-0.019135
-0.020020
-0.012054
-0.005890
-0.001343
-0.000732
-0.001160
0.001251
0.000549
-0.003845
-0.003235
-0.004822
-0.004028
-0.006317
-0.010010
-0.009827
-0.007141
-0.006714
-0.006287
-0.003510
-0.001892
-0.000366
0.001984
-0.000610
-0.003082
-0.003571
-0.004028
-0.001221
0.001465
0.001038
-0.000397
0.000397
0.000000
0.000977
0.002441
0.002777
0.000275
0.001465
0.000458
-0.002991
-0.000641
-0.000702
-0.000397
0.000244
-0.000519
0.000397
-0.000641
0.000275
-0.000671
-0.000244
0.000397
-0.001678
0.001862
-0.003052
0.002533
0.036804
0.228180
-0.082550
-0.291962
0.100342
-0.092407
0.039917
0.319397
0.160645
0.115143
0.114197
0.298950
0.098511
-0.127777
-0.022797
-0.121094
-0.111420
0.108734
-0.033630
-0.148560
-0.031891
-0.083435
-0.064728
-0.041687
-0.052704
-0.029205
-0.025269
-0.051056
0.008331
-0.019989
-0.040741
-0.015076
-0.031525
-0.006073
-0.017090
-0.015015
0.001007
-0.006927
-0.008972
-0.001801
-0.014923
-0.007812
-0.006653
-0.015289
-0.009399
-0.007202
-0.007690
-0.005249
-0.024231
-0.019562
-0.019165
-0.019836
0.005005
0.006622
0.008026
0.010193
-0.000732
0.000671
-0.004303
-0.015045
-0.018860
-0.031433
-0.024231
-0.010620
-0.005127
0.000244
0.001434
0.000183
0.006012
0.000336
-0.002197
-0.007690
-0.014465
-0.017303
-0.019440
-0.009583
-0.004578
-0.003784
-0.000122
0.000916
-0.000519
0.001221
-0.002533
-0.002991
-0.003052
-0.001495
-0.002930
-0.006836
-0.006226
-0.003479
-0.001862
0.000702
-0.001160
-0.003479
-0.003754
-0.004700
-0.004425
-0.003448
-0.000153
-0.000427
-0.000092
0.001160
0.001465
0.003052
0.003662
0.002258
0.002106
-0.001038
-0.000946
-0.002075
-0.001831
-0.001068
-0.001801
0.000549
0.000824