0.000000
0.000000
-0.000061
-0.000092
0.000153
-0.000244
0.000397
-0.000397
0.000427
-0.000641
0.000366
-0.000305
-0.000031
0.000244
-0.000275
-0.000092
0.043671
0.154968
-0.078674
-0.179413
0.024200
-0.096008
0.064117
0.217377
0.111115
0.129425
0.118317
0.187775
0.102203
-0.017609
-0.001312
-0.081268
-0.100922
0.029175
0.009003
-0.076813
-0.066193
-0.056000
-0.028046
-0.028442
-0.038574
-0.026917
-0.021973
-0.029236
-0.013397
-0.024445
-0.020966
-0.011047
-0.022949
-0.020630
-0.013794
-0.013733
-0.006378
-0.006927
-0.012695
-0.009644
-0.008728
-0.012238
-0.012634
-0.008514
-0.009857
-0.013519
-0.010742
-0.009888
-0.016174
0.004303
0.006256
0.004303
0.009003
-0.000641
-0.001373
-0.003784
-0.006927
-0.006470
-0.016998
-0.019958
-0.015564
-0.014221
-0.005615
-0.004242
-0.004700
-0.001373
-0.004913
-0.005981
-0.005402
-0.011475
-0.014618
-0.019531
-0.016937
-0.008911
-0.004272
-0.001099
-0.000122
-0.000092
0.000732
-0.002747
-0.004059
-0.005035
-0.007080
-0.005219
-0.009125
-0.010864
-0.009033
-0.006500
-0.006561
-0.005463
-0.003540
-0.003387
-0.000092
0.001892
-0.001587
-0.003021
-0.002991
-0.002228
0.000305
0.001617
0.000061
-0.000549
-0.000732
-0.001617
0.000427
0.002777
0.002136
0.000824
0.001556
-0.000885
-0.001404
0.000549
0.000244
-0.000275
0.000122
0.000000
-0.000488
0.000580
-0.001740
0.002289
-0.003540
0.004150
-0.005829
0.006500
0.008118
0.215332
0.053864
-0.368439
0.032318
-0.018646
-0.064789
0.338837
0.209137
0.135162
0.097748
0.292877
0.192810
-0.161224
-0.031342
-0.099945
-0.153564
0.118164
0.015594
-0.179962
-0.041656
-0.070099
-0.098907
-0.068237
-0.047760
-0.009216
-0.019714
-0.067871
-0.000885
0.006531
-0.040802
-0.009064
-0.043976
-0.019257
-0.008301
-0.021332
-0.009186
-0.006561
-0.010864
0.001007
-0.008209
-0.010010
-0.001648
-0.011414
-0.010559
-0.008972
-0.009003
-0.003845
-0.020844
-0.026855
-0.017944
-0.024445
-0.001038
0.012054
0.004791
0.008820
-0.001740
-0.001129
0.001221
-0.014374
-0.018951
-0.032440
-0.029480
-0.011963
-0.003174
0.002167
0.003754
0.001190
0.003815
0.003876
0.001251
-0.004303
-0.013184
-0.017639
-0.022339
-0.013000
-0.003082
-0.003662
-0.002960
0.000946
-0.000702
0.002594
0.000244
-0.003265
-0.001862
-0.000092
0.000183
-0.004089
-0.005920
-0.003143
-0.000824
0.001068
-0.000366
-0.003571
-0.003784
-0.005676
-0.003967
-0.003326
-0.000244
0.000336
-0.001099
0.000061
0.000977
0.002716
0.003998
0.002991
0.003326
0.000244
-0.001312
-0.001099
-0.003326
-0.002014
-0.001617
0.000183
0.001678
0.003296