0.000031
0.000061
0.000031
0.000061
0.000000
0.000061
0.000092
0.000000
0.000183
0.000244
0.000153
0.000458
-0.000275
0.000916
-0.000977
0.001801
-0.002014
0.003082
-0.003174
0.004791
-0.001434
0.096344
0.076477
-0.190918
-0.059235
0.024658
0.023926
0.116333
0.046875
0.070374
0.125916
0.191559
0.066620
-0.058502
-0.022736
-0.012451
-0.011536
-0.021271
-0.041046
-0.047638
-0.026550
-0.046753
-0.024200
-0.010284
-0.016724
-0.006561
-0.006927
0.002106
0.007812
0.002106
-0.005066
-0.001312
-0.008789
-0.001038
-0.002228
-0.005829
0.001251
-0.002563
-0.009003
-0.008789
-0.004578
0.000366
0.005280
0.003479
-0.000458
-0.009003
-0.017853
-0.015533
-0.012054
-0.010376
-0.016052
-0.018921
-0.011078
-0.004089
0.001587
-0.002197
-0.011169
-0.016327
-0.017792
-0.017731
-0.020294
-0.026154
-0.020569
-0.010620
-0.006195
-0.003540
-0.003967
-0.005524
-0.007202
-0.009979
-0.013763
-0.015167
-0.015930
-0.014435
-0.010864
-0.009430
-0.006500
-0.004364
-0.003204
-0.001923
-0.003571
-0.004272
-0.004364
-0.004059
-0.003937
-0.005737
-0.007263
-0.005096
-0.002472
-0.002228
-0.003448
-0.003754
-0.002411
-0.001373
-0.002136
-0.004974
-0.006378
-0.004700
-0.002350
0.000183
0.002563
0.001343
-0.001068
-0.002319
-0.003174
-0.003174
-0.003204
-0.003937
-0.000061
0.000061
0.000244
-0.000702
0.001312
-0.002563
0.003571
-0.005737
0.007690
-0.010437
0.013245
-0.006348
0.239319
0.060760
-0.434326
0.021790
0.029846
-0.045685
0.207642
0.127167
0.259796
0.361206
0.032745
-0.094666
0.170258
0.083069
-0.039246
-0.098877
-0.184479
-0.054993
-0.028656
-0.097565
-0.066132
-0.014282
-0.049072
-0.018494
-0.021606
-0.014740
0.025146
-0.021667
-0.020630
-0.006439
-0.021881
-0.047424
-0.032471
-0.026428
-0.025848
-0.016083
-0.027802
-0.017181
-0.011047
-0.017914
-0.013062
-0.004944
-0.008240
-0.012451
-0.008881
-0.015961
-0.012573
-0.022308
-0.019806
-0.018738
-0.018158
-0.014923
-0.022034
-0.000763
0.006775
0.011505
0.002838
-0.008942
-0.010162
-0.014618
-0.018097
-0.015320
-0.013855
-0.007202
0.005646
-0.001862
0.003326
0.005676
-0.002716
-0.004639
-0.014252
-0.014008
-0.011017
-0.008911
-0.004425
-0.005585
-0.006165
-0.005280
-0.008057
-0.006561
-0.001007
0.003601
0.005432
0.000702
-0.001678
-0.002289
-0.001221
0.000793
0.000061
-0.003632
-0.006714
-0.005981
-0.001312
0.001770
0.001709
-0.000183
-0.000946
0.001007
0.000946
0.003204
0.003510
-0.000366
-0.002625
-0.005096
-0.003296
0.000519
0.000214
-0.000397
0.000702
0.000000
0.000671
0.001556
-0.001617
0.000183
0.002960
0.002686