0.000000
0.000000
-0.000031
0.000000
0.000000
-0.000061
0.000061
0.000000
0.000000
0.000153
0.000061
0.000305
-0.000031
0.000122
0.000183
-0.000275
0.000916
-0.001099
0.001892
-0.002380
0.003387
0.007416
0.104675
0.010559
-0.159485
-0.019592
0.002411
0.051178
0.089111
0.041229
0.070892
0.125732
0.171234
0.031097
-0.046448
-0.015747
-0.011841
-0.009308
-0.019257
-0.040771
-0.034210
-0.027008
-0.037720
-0.013611
-0.012787
-0.009613
0.002411
0.003693
0.001617
0.008179
-0.000397
-0.004852
0.000397
-0.005096
-0.000122
-0.000549
-0.001709
-0.008209
-0.015594
-0.008789
0.000885
0.000641
-0.000275
-0.002930
-0.004089
-0.006073
-0.012726
-0.015930
-0.016174
-0.012939
-0.011383
-0.018768
-0.017029
-0.007904
-0.002319
0.000000
-0.005615
-0.011902
-0.014984
-0.017944
-0.019226
-0.020660
-0.024109
-0.018524
-0.010712
-0.007172
-0.003693
-0.004669
-0.006317
-0.006958
-0.010773
-0.014191
-0.016724
-0.016907
-0.012939
-0.009735
-0.007294
-0.004547
-0.003357
-0.002777
-0.003143
-0.004547
-0.005157
-0.005737
-0.005707
-0.005188
-0.005035
-0.004761
-0.003601
-0.003510
-0.004700
-0.005768
-0.004456
-0.002289
-0.001251
-0.002655
-0.005157
-0.005219
-0.003021
-0.001190
-0.000214
0.000641
-0.000824
-0.001709
-0.002045
-0.003052
-0.003082
-0.003387
-0.000732
0.001190
-0.001892
0.002533
-0.003784
0.004456
-0.006165
0.006989
-0.008423
0.010040
-0.013062
0.165070
0.223328
-0.438812
-0.130737
0.157440
-0.117310
0.165710
0.161346
0.198822
0.408325
0.151245
-0.175568
0.078186
0.180420
0.009949
-0.054626
-0.197449
-0.108276
-0.009125
-0.086273
-0.091980
-0.010071
-0.041260
-0.046356
-0.012329
-0.030212
0.024811
-0.008331
-0.029846
-0.013153
-0.016449
-0.042297
-0.040985
-0.028748
-0.036682
-0.015778
-0.022003
-0.022522
-0.011963
-0.018097
-0.014618
-0.006287
-0.005463
-0.014252
-0.010986
-0.016144
-0.010742
-0.014038
-0.025330
-0.015778
-0.023804
-0.014648
-0.022705
-0.013519
0.006287
0.009918
0.010376
-0.006409
-0.011566
-0.012817
-0.017426
-0.016724
-0.013306
-0.012817
0.002899
0.002808
-0.001068
0.008453
0.000244
-0.002960
-0.009827
-0.016022
-0.010437
-0.011261
-0.006195
-0.003052
-0.006897
-0.005920
-0.007080
-0.008179
-0.001984
0.003235
0.005005
0.002747
0.001892
-0.000702
-0.002563
0.000488
0.002594
0.000183
-0.005493
-0.007599
-0.003784
0.000793
0.001434
0.001343
-0.000061
0.001434
0.001404
0.002197
0.004913
0.001099
-0.001526
-0.005402
-0.006287
-0.000793
0.001617
0.001251
0.001007
0.001343
0.000336
0.001892
0.000336
-0.001770
0.002625
0.002930
0.001892