0.000031
0.000000
0.000061
0.000031
0.000031
0.000061
0.000061
0.000061
0.000092
0.000092
0.000061
0.000244
0.000061
0.000244
-0.000153
0.000427
-0.000336
0.000641
-0.000488
0.000366
-0.000427
0.000671
-0.000275
0.029846
0.071014
-0.047119
-0.080261
-0.009003
0.003815
0.057220
0.050507
0.042664
0.065460
0.118500
0.105743
0.002930
-0.020050
-0.008942
-0.003448
-0.000916
-0.016602
-0.026154
-0.012634
-0.014801
-0.007721
0.002441
-0.001953
0.006470
0.003693
0.000366
0.005554
0.005951
-0.004547
-0.002625
-0.001801
-0.008881
-0.011444
-0.010223
-0.003174
0.001007
0.001495
-0.002808
-0.012024
-0.017090
-0.013641
-0.010834
-0.011353
-0.013458
-0.016571
-0.015717
-0.012115
-0.008759
-0.011688
-0.016266
-0.012543
-0.008911
-0.007385
-0.008209
-0.011200
-0.013092
-0.011841
-0.010803
-0.012299
-0.017456
-0.017670
-0.012421
-0.010712
-0.008972
-0.008057
-0.008118
-0.008331
-0.010803
-0.013916
-0.015289
-0.015198
-0.011627
-0.007629
-0.004547
-0.003357
-0.004822
-0.005249
-0.004517
-0.005035
-0.007111
-0.008087
-0.007446
-0.004761
-0.001801
-0.001984
-0.004608
-0.006531
-0.006470
-0.005280
-0.003662
-0.002930
-0.004425
-0.004364
-0.003723
-0.002899
-0.002472
-0.002289
-0.001251
-0.000366
-0.000397
-0.001160
-0.001556
-0.002411
-0.002563
-0.000092
-0.000427
0.001190
-0.002655
0.003998
-0.006927
0.009644
-0.013245
0.016571
-0.000854
0.330811
-0.051758
-0.587860
0.211670
0.041107
-0.088348
0.253082
0.095032
0.356506
0.452545
-0.058228
-0.271088
0.146454
0.197845
0.065033
-0.090576
-0.237091
-0.047333
0.008606
-0.102081
-0.097809
-0.004822
-0.067719
-0.038818
-0.036591
-0.035889
0.027435
-0.028381
-0.028320
-0.009491
-0.020721
-0.056458
-0.035858
-0.040314
-0.032104
-0.007904
-0.025970
-0.014252
-0.013458
-0.020782
-0.013885
-0.007111
-0.007233
-0.012329
-0.016846
-0.019348
-0.002930
-0.014252
-0.027313
-0.017883
-0.027100
-0.019745
-0.024750
-0.016846
0.008698
0.017456
0.011688
-0.007355
-0.015533
-0.013336
-0.017365
-0.016113
-0.017395
-0.015625
0.003540
0.003601
0.003052
0.006561
-0.000153
-0.001312
-0.006927
-0.010223
-0.007233
-0.010376
-0.008942
-0.005402
-0.008514
-0.008209
-0.007874
-0.007111
-0.001038
0.000549
0.001862
0.005585
0.006470
0.002228
0.002228
0.005280
0.004120
0.000671
-0.006378
-0.008087
-0.001434
0.001190
0.001068
0.002441
0.000519
0.001953
0.001160
0.003296
0.005066
0.002228
-0.000092
-0.006561
-0.006317
-0.003265
0.000641
0.003448
0.002808
0.003693
0.001587
-0.000488
0.000549
0.001190
0.003204
0.003326
0.001953
0.004852